EVENT_ID,MENU_HINT,EVENT_NAME,EVENT_DT,SELECTION_ID,SELECTION_NAME,WIN_LOSE,BSP,PPWAP,MORNINGWAP,PPMAX,PPMIN,IPMAX,IPMIN,MORNINGTRADEDVOL,PPTRADEDVOL,IPTRADEDVOL
101635133,GB / York 17th Aug,TO BE PLACED,17-08-2010 13:45,851001,Strike Up The Band,0,6.755911172116759,5.31427915529181919445360414588544694766,4.7341129624851790083432268607273291724,7,4.5,5.1,5.1,677.74,3697.1,255.82
101635133,GB / York 17th Aug,TO BE PLACED,17-08-2010 13:45,1227334,Hotham,0,4.157569106339055,3.88306967425740691382637211315869518083,3.39251094477586461355273292650070977406,4.5,3.35,1,1001,853.96,4910.86,32
101635133,GB / York 17th Aug,TO BE PLACED,17-08-2010 13:45,1550158,Oldjoesaid,0,4.135379591725067,4.75257391649104166545496810580854977796,5.60393460431474983283421981839658189393,6.33,4,1,1001,1327.46,6427.96,54
101635133,GB / York 17th Aug,TO BE PLACED,17-08-2010 13:45,2074157,Rasaman,0,6.936813074895472,5.74764110257147861065349648569751151299,4.70276340019275391813449994435085752795,7,5.4,1,1001,557.5,2654.9,60
101635133,GB / York 17th Aug,TO BE PLACED,17-08-2010 13:45,2124685,Judge n Jury,1,8.622124283560549,6.39630705702909285840001442825419219432,5.61350463926379707185742509486633956145,7.4,5.5,1,1001,853.18,3393.12,431.32
101635133,GB / York 17th Aug,TO BE PLACED,17-08-2010 13:45,2144271,Haajes,1,4.443308149587903,4.31460695779165630026707427889482977497,4.14066002832575038650409851487464690405,4.9,3.75,1,1001,708.94,6880.78,573.08
101635133,GB / York 17th Aug,TO BE PLACED,17-08-2010 13:45,2307239,Barney Mcgrew,0,8.204601985,8.37993503186675284724481587839695090475,7.08883349903700806583427321728713582368,9.6,7,1,1001,315.66,2377.64,8
101635133,GB / York 17th Aug,TO BE PLACED,17-08-2010 13:45,2359842,Hamish Mcgonagall,1,2.8769179654731856,2.78337199247706109945579815381741839688,2.79840033500755230317985188785252509896,2.9,2.7,1,1001,2017.2,11458.16,1854.54
101635133,GB / York 17th Aug,TO BE PLACED,17-08-2010 13:45,2415613,Captain Dunne,0,4.1,4.42742781872536663973445140361410585114,4.63223482223923320935512173181697008618,4.7,4.1,1,1001,436.98,4179.76,942.36
101635133,GB / York 17th Aug,TO BE PLACED,17-08-2010 13:45,2460876,Quest For Success,1,1.8402061166193708,1.98264766704141866113122620374653965843,2.17609380614460017734245503873767730613,2.24,1.85,2,1.01,3173.74,37240.28,4514.2
101635133,GB / York 17th Aug,TO BE PLACED,17-08-2010 13:45,2467461,Sir Gerry,0,2.6925223918528896,2.99459598128247419274114134111353140083,3.53140843966287723970108787291734445394,3.6,2.68,1,1001,908.48,13737.56,39.44
101635133,GB / York 17th Aug,TO BE PLACED,17-08-2010 13:45,2932133,Cheveton,0,3.25,3.13354050682783442993021774364087034733,2.94831928441887328294735363011468006042,3.45,2.8,1,1001,1906.92,10211.96,114.16
101635133,GB / York 17th Aug,TO BE PLACED,17-08-2010 13:45,3067408,Saucy Brown,0,5.205348653,5.71867120262326065118142624488080089016,6.00771573658537251087786294811390874998,6.55,4.8,1,1001,739.78,2769.92,12
101635133,GB / York 17th Aug,TO BE PLACED,17-08-2010 13:45,3220599,Damien,0,2.2634099215106036,2.40068596976775649201242994528596162454,2.81837145103845746361014165345784211326,3.15,2.18,1,1001,6153.64,30570.08,120.78
101635133,GB / York 17th Aug,TO BE PLACED,17-08-2010 13:45,4164880,Walvis Bay,0,2.815206245,2.82327037286431742890614008444421944338,2.33742457669568837990785832982844201888,3.1,2.18,2.82,2.8,3865.56,32054.92,396.16
101635135,GB / York 17th Aug,TO BE PLACED,17-08-2010 14:15,4737102,Satin Love,0,1.95,1.88874219107423478734014221118854875751,1.89797659310144248584684025315422569528,1.98,1.75,5,5,990.96,20560.9,303.56
101635135,GB / York 17th Aug,TO BE PLACED,17-08-2010 14:15,4770925,Waiters Dream,1,1.43,1.53513755712144870285462578488501846185,1.75511888324819963009402273761576627397,1.85,1.41,1.33,1.01,2167.4,44925.06,3881.72
101635135,GB / York 17th Aug,TO BE PLACED,17-08-2010 14:15,4844455,Katell,0,9,8.26442391589554918009445587283382002335,7.10590699118326181051062336595389067087,8.8,7.8,8.8,8.8,182.62,4181.5,132.64
101635135,GB / York 17th Aug,TO BE PLACED,17-08-2010 14:15,4850426,Silvertrees,1,2.87832303782673,2.5293981918411680024861507244806826466,2.21400023259865747854395802442903118511,2.86,2.04,2.84,2,316,11359.62,2616.84
101635135,GB / York 17th Aug,TO BE PLACED,17-08-2010 14:15,4858831,Timothy T,1,3.1,3.0908678810284816821838157873595287098,3.53459974127943705384876822261975076897,3.5,2.96,3.1,1.01,516.06,13194.02,2349.18
101635135,GB / York 17th Aug,TO BE PLACED,17-08-2010 14:15,4862764,Rigolleto,0,3,3.00416699224351315277520911589665899184,3.04293807086856975092297961132641089677,3.3,2.84,1,1001,797.88,7521.88,52
101635135,GB / York 17th Aug,TO BE PLACED,17-08-2010 14:15,4864876,Lake Ontario,0,1.49,1.52965856759036755187971900844740715412,1.37238176237836178149092422091304255222,1.63,1.35,6.8,1.47,2364.52,57791.5,3328.82
101635137,GB / York 17th Aug,TO BE PLACED,17-08-2010 14:50,27684,Midas Touch,1,1.5850488561894647,1.60986085706497210483075664707020576699,1.59807783278403540035110953800763474064,1.71,1.53,1.34,1.01,3871.74,41684.36,8188.28
101635137,GB / York 17th Aug,TO BE PLACED,17-08-2010 14:50,231784,Joshua Tree,1,3.4938477521851468,3.82744187684509391513200844565384224961,3.96484089017315272048221810769448042385,4.3,3.4,3.5,1.03,2371.86,14185.1,2964.26
101635137,GB / York 17th Aug,TO BE PLACED,17-08-2010 14:50,655525,Monterosso,0,2.976177321762262,2.85836344274963657283822599803073566832,2.74897140737549657784194083528746102286,3.05,2.64,1,1001,1244.32,28904.54,141.54
101635137,GB / York 17th Aug,TO BE PLACED,17-08-2010 14:50,3801606,Harris Tweed,0,3.65,3.42676500283312040564206329566515875724,3.36649537042780231377825585929650767327,3.9,3.05,5,4,1512.16,15641.64,631.48
101635137,GB / York 17th Aug,TO BE PLACED,17-08-2010 14:50,4009779,Simenon,0,19.239559278345844,20.1263734111448800301795860461862920543,16.6307159930550176844312722886218942144,24,17.5,25,25,159.04,1405.66,100.8
101635137,GB / York 17th Aug,TO BE PLACED,17-08-2010 14:50,4073048,Ted Spread,0,5.540656339580994,5.17505953748555436351874096961858208053,4.16557745463940755916306320431872540998,6,3.9,1,1001,1065.56,7406.38,345.62
101635137,GB / York 17th Aug,TO BE PLACED,17-08-2010 14:50,4157188,Dancing David,0,5.682362396,5.28566528391327317240332586096356345894,5.80149046492170095580713255746162310438,5.9,4.3,34,5.9,298.76,9637.08,463.92
101635137,GB / York 17th Aug,TO BE PLACED,17-08-2010 14:50,4218512,Total Command,0,4.5,3.95003920088074000150821613619686673612,3.25438063048558718716762396047657681423,4.7,3.2,1,1001,2139.48,14641.88,496.94
101635137,GB / York 17th Aug,TO BE PLACED,17-08-2010 14:50,4639956,Rewilding,1,1.3,1.33713929544763566956283033896192055177,1.50176188429941323330786773306488618079,1.51,1.27,1.35,1.01,3622.52,132769.3,6959.08
101635137,GB / York 17th Aug,TO BE PLACED,17-08-2010 14:50,4650690,Momkinzain,0,14.060492763,12.7945743015742515464801943087792418906,12.8814069892011149389831158081360378867,15,10,14,14,485.3,4212.78,118
101635139,GB / York 17th Aug,TO BE PLACED,17-08-2010 15:25,242938,Dick Turpin,0,2.076863321841148,2.20533352355249023887505257789040847096,2.18599825515851815058904473151287567621,2.4,1.91,2.6,2.14,24386.96,99918.32,3138.98
101635139,GB / York 17th Aug,TO BE PLACED,17-08-2010 15:25,2554394,Stimulation,0,21.873169011287402,19.8146805971393714411153872883679396549,18.509715059633775995063122244848643479,25,13.5,19,17,237.64,2854.92,121.54
101635139,GB / York 17th Aug,TO BE PLACED,17-08-2010 15:25,2569392,Twice Over,1,1.991317389,2.00265997821640079393842097665723565548,1.94637819748581923419250054934261681027,2.1,1.9,1.22,1.01,9539.58,91894.54,5951.16
101635139,GB / York 17th Aug,TO BE PLACED,17-08-2010 15:25,2932132,Bushman,0,13.280986292,10.3319617385786921577208195643295896006,10.1524859879783618127812887558623544276,14.5,8.2,9.8,9.8,926.78,7600.62,60.16
101635139,GB / York 17th Aug,TO BE PLACED,17-08-2010 15:25,3145970,Rip Van Winkle,1,1.34,1.36839831751869565013284323587295036693,1.38013649622027925081622118680898489312,1.46,1.33,1.36,1.04,12317.5,115274.16,6247.68
101635139,GB / York 17th Aug,TO BE PLACED,17-08-2010 15:25,3873368,Jakkalberry,0,4.631205461,5.38873087293344024667015297904677712267,5.63958668231883538339853811220177550325,6.4,4.5,8,4.8,7826.8,27380.04,568.56
101635139,GB / York 17th Aug,TO BE PLACED,17-08-2010 15:25,3875114,Cutlass Bay,0,7.2,7.02932127702563239354846453521594291367,6.427437991053836159945503614184737917,7.8,6,1,1001,1824.6,9058.1,49.54
101635139,GB / York 17th Aug,TO BE PLACED,17-08-2010 15:25,3877556,Cavalryman,0,4.318544530819055,4.52194426473405502027692093579310348123,5.51534873176931855620761859870185708528,7.2,3.65,10,4.1,11457.16,37641.26,939.58
101635139,GB / York 17th Aug,TO BE PLACED,17-08-2010 15:25,3966589,Byword,1,1.62,1.64653146900537328474540895493715125954,1.58741168719402119026390304122819149265,1.84,1.52,1.6,1.01,7651.68,56768.54,5869.84
101635141,GB / York 17th Aug,TO BE PLACED,17-08-2010 16:05,38474,Puddle Duck,1,2.751565775472555,2.90070025995775952823377926922977915263,3.36242472702060076920151800392971044466,3.15,2.72,1.81,1.01,577.28,27160.56,3792.98
101635141,GB / York 17th Aug,TO BE PLACED,17-08-2010 16:05,4605024,Sir Lunchalott,0,10.363554407667834,8.34885170392762331082095747714729274915,8.40445823307354246854378341209953949841,10,6.6,1,1001,297.74,3908.22,4
101635141,GB / York 17th Aug,TO BE PLACED,17-08-2010 16:05,4613306,Barista,0,4.985249240565464,5.17433121850755519943142351327122823863,6.19425044756677516056674914434796499508,7.2,4.2,1,1001,2140.48,14060.76,94.3
101635141,GB / York 17th Aug,TO BE PLACED,17-08-2010 16:05,4643064,Bilko Pak,0,18.02315100874286,14.5475226334348595948910692459031837024,9.99522242746434282074904068375364922759,18,9.4,1,1001,119.44,2699.62,6
101635141,GB / York 17th Aug,TO BE PLACED,17-08-2010 16:05,4645032,Meandmyshadow,0,13,12.6409204693325048569882545241586104044,13.1991728361853609553984762811965519903,15,10.5,1,1001,216.14,2400.68,17.3
101635141,GB / York 17th Aug,TO BE PLACED,17-08-2010 16:05,4650677,First Class Favour,0,6.313089363,4.7343044286977636073582430159377239803,5.38441924400070715869828603915371091313,6.8,4.1,2.7,2.7,550.48,13734.88,238.62
101635141,GB / York 17th Aug,TO BE PLACED,17-08-2010 16:05,4666711,Magic Stella,0,4.955229995504343,6.88096693866329673458210314505241051034,8.23362874624808452044716298078978302032,8.6,5.2,1,1001,690.22,7630.34,25
101635141,GB / York 17th Aug,TO BE PLACED,17-08-2010 16:05,4689313,Azzurra Du Caprio,1,10.267612767862156,10.3859867785427651197278568463528017458,9.47711729193533798244346703087131633583,13,8.8,1,1001,168.1,3989.78,1239.86
101635141,GB / York 17th Aug,TO BE PLACED,17-08-2010 16:05,4699213,Da Ponte,0,5.1,5.46815678407424129803715884409132854003,6.73501108704945253280038904306677585197,6,4.5,1,1001,484.46,7223.34,86.5
101635141,GB / York 17th Aug,TO BE PLACED,17-08-2010 16:05,4704706,Lady Del Sol,0,9.053563367,7.39790433074384611187787596643951268604,6.15100049768496110209659612435656550164,10,6,1,1001,499.36,3634.32,7.3
101635141,GB / York 17th Aug,TO BE PLACED,17-08-2010 16:05,4711183,Madany,1,2.96,2.77706589193310084278077119996749536145,2.53352401329774536925710142181258845188,3.05,2.54,1.12,1.04,581.72,44569.54,5837.18
101635141,GB / York 17th Aug,TO BE PLACED,17-08-2010 16:05,4751777,Honeymead,0,2.96,2.96844021333394293243652029696496785529,2.54181031187417946190416892275387694101,3.5,2.4,9.2,5.1,933.18,32217.72,367.88
101635141,GB / York 17th Aug,TO BE PLACED,17-08-2010 16:05,4775217,Thirteen Shivers,0,11.5,9.32679806818977218970476969551939942993,5.89840093426753184752523003816627548951,12,7.6,2.48,2.48,387.92,2918.54,270.8
101635141,GB / York 17th Aug,TO BE PLACED,17-08-2010 16:05,4779864,Jaahiz,0,2.7,2.82272209059704537991052834439370918933,2.90667305985737878376465480695601120512,3.6,2.5,9,6.8,1220.88,26811.18,411.98
101635141,GB / York 17th Aug,TO BE PLACED,17-08-2010 16:05,4829133,Regal Approval,0,2.9896829506156806,3.05263954603200028001385070238161630842,2.99147042831305782675774113316222530758,3.3,2.76,7.8,7.8,657.54,29454.2,216.18
101635143,GB / York 17th Aug,TO BE PLACED,17-08-2010 16:40,1207252,Charlie Cool,0,13.5,12.7456162952942919254111435097963362374,10.9654800925885917810128786203455482859,15,11.41,1,1001,112.94,1514.44,18
101635143,GB / York 17th Aug,TO BE PLACED,17-08-2010 16:40,2858089,Royal Destination,1,2.98,3.03966686672901002084072483947127661929,2.99104405106436531269022991315380826891,3.25,2.88,2.7,1.55,779.96,19535.92,3338.28
101635143,GB / York 17th Aug,TO BE PLACED,17-08-2010 16:40,2952368,Sweet Lightning,1,4.148985595470293,3.91467056274071783784028221169045451035,3.91115991962089894102705914815265026649,4.3,3.58,3.9,1.12,846,11739.7,2876.08
101635143,GB / York 17th Aug,TO BE PLACED,17-08-2010 16:40,2993912,Sirvino,0,4.167174935607562,3.76340038506106184258841665501655424884,3.55552522942251645962253336588481964199,4.3,3.44,7.2,4,811.86,14224.04,616.22
101635143,GB / York 17th Aug,TO BE PLACED,17-08-2010 16:40,3207336,Splinter Cell,0,8.015030459272968,6.97674529113892508880615143199457661476,5.49255955606452698417759066904972021867,9,5.96,1,1001,498.16,3304.28,32
101635143,GB / York 17th Aug,TO BE PLACED,17-08-2010 16:40,3212878,Almiqdaad,0,2.94,3.30041690105266710585010587342271430081,3.51885710087762960002670634510100567132,3.63,2.92,4,2.64,674.68,13755.98,1035.94
101635143,GB / York 17th Aug,TO BE PLACED,17-08-2010 16:40,3347480,Red Jade,0,3.3,2.88454716115468959717529075771903182998,2.87769280169393190073304076023636138879,3.35,2.66,3.25,3.25,393.76,24873.84,1064.76
101635143,GB / York 17th Aug,TO BE PLACED,17-08-2010 16:40,3382197,Roman Republic,0,2.56,2.48224019211210041993320069964393633774,2.59380165352607790360394588376385916423,2.68,2.22,21,2.36,1253.14,53699.94,2003.9
101635143,GB / York 17th Aug,TO BE PLACED,17-08-2010 16:40,3830814,Be Invincible,1,3.7975848513676644,3.6973024784422915400705503665690497969,3.86370829509303664366107569894736906476,4.27,3.5,1,1001,545.52,5944.88,1276.7
101635143,GB / York 17th Aug,TO BE PLACED,17-08-2010 16:40,3937039,Party Doctor,0,7.225317751209513,8.0542559405153751001730114563047598964,7.66380855112659079617639577899459600297,12,6.6,5.7,5.7,276.32,3436.14,62.8
101635143,GB / York 17th Aug,TO BE PLACED,17-08-2010 16:40,3980858,Jutland,1,4.2,4.71985955453830234386957903596343002465,5.15149677974858625447735715612958211737,5.6,4,3.8,1.22,332.84,7479.82,1864.78
101635143,GB / York 17th Aug,TO BE PLACED,17-08-2010 16:40,4073202,Right Step,0,8.2,7.89760052907327157425627928553606000706,7.51131794098500304161503801811005391606,8.4,7,8,8,138.6,4698.28,55.54
101635143,GB / York 17th Aug,TO BE PLACED,17-08-2010 16:40,4088110,Tipperary Boutique,0,5.8,5.13855154394378842835407758017388692442,4.30714815155328876785169738791192476091,7,3.73,1,1001,607.28,8672.9,39.12
101635143,GB / York 17th Aug,TO BE PLACED,17-08-2010 16:40,4106163,Arlequin,0,3.9,4.60171167820596216321993433933192292887,4.65958717525632818430010158630405039886,5.4,3.9,1,1001,319.68,11339.6,267.84
101635143,GB / York 17th Aug,TO BE PLACED,17-08-2010 16:40,4115094,Markazzi,0,6.624809164169164,6.21322450577057969363549586584780323547,5.24295039446428958273973031859357424176,7.2,5.4,1,1001,251.18,5122.5,22.24
101635143,GB / York 17th Aug,TO BE PLACED,17-08-2010 16:40,4127632,Hansond,0,4.3,4.70118543010759091308153542301525807157,4.78571622948160799237460574763453238906,5.4,4.3,3.8,3.8,940.28,8826.32,149.58
101635143,GB / York 17th Aug,TO BE PLACED,17-08-2010 16:40,4151366,Caldercruix,0,4.3,4.23771933625007202362685538753439811066,4.41687140221584568057798323461987248482,4.7,3.9,3.55,3.55,747.36,9728.96,551.76
101635143,GB / York 17th Aug,TO BE PLACED,17-08-2010 16:40,4417089,Reve De Nuit,0,5.5,6.04336013639971010809860547563529335052,6.02382782251606748621602883542646973558,6.4,5.4,1,1001,244.96,4995.6,10
101637074,GB / Kemp 17th Aug,TO BE PLACED,17-08-2010 18:50,4648990,Prophet In A Dream,0,3.7,4.01024689606011039891442188309559608953,3.54968227970815602831560320655771442388,6.2,3.45,1,1001,4,1816.52,98.84
101637074,GB / Kemp 17th Aug,TO BE PLACED,17-08-2010 18:50,4675124,George Woolf,0,2.4363759545190264,2.57599045816042120927218658813598949969,1,2.98,2.38,4.5,2.54,0,7505.32,244.94
101637074,GB / Kemp 17th Aug,TO BE PLACED,17-08-2010 18:50,4704519,Byrony,1,1.88,1.74892103650282984127117180645621707575,1.28252414277864692199094686493942145572,1.95,1.5,1.92,1.5,7.28,19661.24,3816.4
101637074,GB / Kemp 17th Aug,TO BE PLACED,17-08-2010 18:50,4726892,Miss Clairton,1,1.2400519653986832,1.25605603368587645455898899867465888325,1.18823676806588119482418490929883136487,1.3,1.19,1.28,1.01,18.16,36475.02,2902.28
101637076,GB / Kemp 17th Aug,TO BE PLACED,17-08-2010 19:20,4850800,Luckyreno,0,7.585762932462385,7.92677893724024061058019688470666441767,1,9.4,7,1,1001,0,849.54,29.16
101637076,GB / Kemp 17th Aug,TO BE PLACED,17-08-2010 19:20,4752565,Ice Magic,0,5.658627616,5.91200157832358351509701381097243814332,1,6.4,5.2,1,1001,0,1129.34,31.62
101637076,GB / Kemp 17th Aug,TO BE PLACED,17-08-2010 19:20,4838428,All The Evil,0,2.82,3.06106181033965183744448323360422873615,2.86499858260107722318131038220410952488,3.7,2.72,1,1001,80,6679.26,1120.68
101637076,GB / Kemp 17th Aug,TO BE PLACED,17-08-2010 19:20,4860958,Bawaab,1,1.21,1.18943785958197974616705582750878104484,1.21109460517059931603689129234083971235,1.23,1.17,1.21,1.02,232.94,32554.6,9496.04
101637076,GB / Kemp 17th Aug,TO BE PLACED,17-08-2010 19:20,4892212,Mark Harbour,1,2.02317375587736,1.93170613472442068252960931243345835559,1.4199908062988133369519533078513708145,2.1,1.67,1.04,1.04,3.28,16683.46,1241.48
101637078,GB / Kemp 17th Aug,TO BE PLACED,17-08-2010 19:50,496751,Perception,1,2.95057727,3.20316327160875446018010127831014297253,1,3.5,3.1,2.82,2.82,0,3613.1,1187.32
101637078,GB / Kemp 17th Aug,TO BE PLACED,17-08-2010 19:50,936498,The Composer,0,4.5,4.29464177740136280215662090110179486164,1,5,3.65,3.75,3.75,0,3189.52,152.22
101637078,GB / Kemp 17th Aug,TO BE PLACED,17-08-2010 19:50,1156909,Gandalf,0,2.545141829,2.58056300399836016421688381561805762444,2.24505816463236313741611593061518626819,2.84,2.42,2.26,2.26,42.68,12745.52,572.34
101637078,GB / Kemp 17th Aug,TO BE PLACED,17-08-2010 19:50,2506433,Graylyn Ruby,0,2.6987279353401483,2.49975404213060328925865083691675364893,1,2.6,2.3,1,1001,0,7852.3,336.62
101637078,GB / Kemp 17th Aug,TO BE PLACED,17-08-2010 19:50,3133083,Honorable Endeavor,0,5.897138464441522,5.56016112465678117182814625167890429883,1,5.4,5.4,1,1001,0,1507.3,47.68
101637078,GB / Kemp 17th Aug,TO BE PLACED,17-08-2010 19:50,3255790,Free Falling,0,9.45188675140962,8.22126555700945631770615478139522124747,1,9.4,7.8,1,1001,0,907.56,44
101637078,GB / Kemp 17th Aug,TO BE PLACED,17-08-2010 19:50,3313242,Uncle Keef,1,2.12,2.18048891626510674340063327921336524994,2.70072370415234879018628891471193212415,2.44,2.02,1,1001,35.68,16164.2,1718.14
101637078,GB / Kemp 17th Aug,TO BE PLACED,17-08-2010 19:50,3536492,Saute,1,1.8873950481424613,1.88407345223077943164070539422177142448,2.1498621120434081697008083583645918867,2.14,1.77,1.75,1.02,4,20685.08,5184
101637078,GB / Kemp 17th Aug,TO BE PLACED,17-08-2010 19:50,3662460,Suhailah,0,40.324157845899464,33.0922036074801060918976699265900827591,1,40,26,80,34,0,238.48,88
101637078,GB / Kemp 17th Aug,TO BE PLACED,17-08-2010 19:50,3815631,Anis Etoile,0,8.410116032861406,7.7022245412700762972692424695415622352,1,8,4.4,1,1001,0,834.58,62.9
101637078,GB / Kemp 17th Aug,TO BE PLACED,17-08-2010 19:50,4166346,Chincoteague,0,3.9549581883515206,4.05666743907679705642852680779561808551,1,4.4,3.55,3.7,3.7,0,4100.3,303.62
101637080,GB / Kemp 17th Aug,TO BE PLACED,17-08-2010 20:20,1282834,Spaceman,0,14.5,13.8843508177881861640590514262783734124,1,15,13,1,1001,0,370.52,0
101637080,GB / Kemp 17th Aug,TO BE PLACED,17-08-2010 20:20,2194999,Adorabella,0,5.431911426874577,4.92731896094796467560278887015444843726,4.88646832528314894233611996062232092808,6,4.5,1,1001,4,1184.44,80
101637080,GB / Kemp 17th Aug,TO BE PLACED,17-08-2010 20:20,2519614,Eseej,1,3.0245507805853795,3.13530412000511634173115894076314313859,3.88842379599241017363848416906293139305,3.35,2.98,1.1,1.01,53.06,7941.94,2121.5
101637080,GB / Kemp 17th Aug,TO BE PLACED,17-08-2010 20:20,2664044,Dazzling Begum,0,4.867639136,4.17858215513282750212694316033830924893,1,4.6,3.8,4.3,3.8,0,3718.08,172.32
101637080,GB / Kemp 17th Aug,TO BE PLACED,17-08-2010 20:20,2765869,Eagle Nebula,0,2.599091185,2.73399197011420842438896646744295351505,3.0397883324107386105751475101562419063,2.94,2.54,1,1001,10,5262.68,176.1
101637080,GB / Kemp 17th Aug,TO BE PLACED,17-08-2010 20:20,2971581,Monaadi,0,17,15.2471507469453323352926218013474567391,1,18.5,11.5,1,1001,0,786.02,0
101637080,GB / Kemp 17th Aug,TO BE PLACED,17-08-2010 20:20,3216199,Champagne Fizz,0,2.168148527,2.18966796653855102352439802214607821849,2.17294992206143404198650214004140909522,2.62,2.04,2.76,1.33,30.26,17892.38,1858.88
101637080,GB / Kemp 17th Aug,TO BE PLACED,17-08-2010 20:20,3308954,Allanit,0,6.837331754,4.99749448063109070821506818286518020494,3.68927870350541205782762393961289674185,4.9,4.2,5.5,5.2,67.82,2489.02,365.38
101637080,GB / Kemp 17th Aug,TO BE PLACED,17-08-2010 20:20,3760014,Love In The Park,0,5.1,4.82211904601534784376924630971710148186,4.47182022404413662921237983872082792858,4.9,4.8,4.6,4.6,5.54,1003.78,385.88
101637080,GB / Kemp 17th Aug,TO BE PLACED,17-08-2010 20:20,3817216,Rowan Light,1,9.796448523579167,7.21069662680589124349650833361456674476,1,8.2,7,1.03,1.01,0,1170.38,1666.36
101637080,GB / Kemp 17th Aug,TO BE PLACED,17-08-2010 20:20,3942879,Storm Hawk,0,8,7.93175993712470534316859548402604016477,4.98314537955135972042272430963980081783,8,8,1,1001,20,745.3,0
101637080,GB / Kemp 17th Aug,TO BE PLACED,17-08-2010 20:20,3995792,Stadium Of Light,1,2.5049088711671637,2.61075702231553488788245209141939208609,2.80175425788880008655812648864535896004,2.7,2.5,2.9,2.4,45.28,7338.46,2564.38
101637080,GB / Kemp 17th Aug,TO BE PLACED,17-08-2010 20:20,4434437,Beat Route,0,3.2,3.44594420395380894892403455451453009448,3.09161408816743490441981614515943549108,4,2.86,1,1001,18,4693.12,497.14
101637082,GB / Kemp 17th Aug,TO BE PLACED,17-08-2010 20:50,3978900,Panto Princess,0,7,5.82410226565653791789169560492648704899,3.54999741175262707108352285022430702233,7,4,1,1001,40,2168.58,18
101637082,GB / Kemp 17th Aug,TO BE PLACED,17-08-2010 20:50,3086445,Hels Angel,0,3.5,3.36127336648640669694188622489400985409,2.98397226250817621811274936027749491777,3.55,3.1,1,1001,20,13554.36,46
101637082,GB / Kemp 17th Aug,TO BE PLACED,17-08-2010 20:50,3379036,Marjury Daw,1,2.96,2.63651678955732722619617085241659754634,2.2311585983971151604997244832647160772,3.1,2.5,1.21,1.21,50.44,14112.46,3381.98
101637082,GB / Kemp 17th Aug,TO BE PLACED,17-08-2010 20:50,4000764,Love Action,0,3.306314899732242,3.48978025483701495659947970174724591236,1,3.75,3.25,1,1001,0,5820.42,100.56
101637082,GB / Kemp 17th Aug,TO BE PLACED,17-08-2010 20:50,4188747,Woodford Belle,0,2.733046243,2.7713435454923445506874058977134424953,2.79025487374156581117128266207645352873,2.88,2.58,1,1001,64,4647.48,47.76
101637082,GB / Kemp 17th Aug,TO BE PLACED,17-08-2010 20:50,4283719,On Her Way,1,2.32,2.56885201490694113225826600227028753239,2.71149554888141866766183447630048965455,2.64,2.34,1.7,1.03,247.92,17222.22,2869.48
101637082,GB / Kemp 17th Aug,TO BE PLACED,17-08-2010 20:50,4367506,Lucky Breeze,0,8.755378625448209,7.54116396700106950142318919028900573899,1,8.4,7.6,14,14,0,933.62,120.16
101637084,GB / Kemp 17th Aug,TO BE PLACED,17-08-2010 21:20,3793445,Crown,0,2.4356626546195255,2.46272788614272348740133125722264685848,1,2.74,2.36,1,1001,0,7125.62,80
101637084,GB / Kemp 17th Aug,TO BE PLACED,17-08-2010 21:20,3910843,Hairspray,1,4.1,3.50004738477605574834985146857533530812,3.22498459198170052672385243732187154604,3.85,3.3,1.04,1.04,8,3684.2,1833.94
101637084,GB / Kemp 17th Aug,TO BE PLACED,17-08-2010 21:20,3942884,Private Olley,0,6.2,7.13469580716828546341387366440126174121,1,7.6,6,6.8,6.8,0,1920.22,46
101637084,GB / Kemp 17th Aug,TO BE PLACED,17-08-2010 21:20,3957359,Avow,0,19,14.3707598017716106519065572204413361419,1,19.5,13.5,1,1001,0,870.4,0
101637084,GB / Kemp 17th Aug,TO BE PLACED,17-08-2010 21:20,4073203,Starwatch,1,2.7782161138241284,2.71330554893434522604828226085110704867,1,2.9,2.58,1,1001,0,7590.22,1921.42
101637084,GB / Kemp 17th Aug,TO BE PLACED,17-08-2010 21:20,4393829,Minortransgression,0,11.5,8.97274153416264640744021467100647760329,4.10994814958085099939365536077506033884,12,7,1,1001,40,624.48,0
101637084,GB / Kemp 17th Aug,TO BE PLACED,17-08-2010 21:20,4758155,Bougainvilia,0,1.485879743,1.52851600349465253789160754294621440041,1.93697042293531370026278571814100289443,1.6,1.46,1,1001,98.94,23348.34,181.28
101637087,GB / Brig 17th Aug,TO BE PLACED,17-08-2010 14:00,1136966,Calabaza,0,32.61549910074423,28.1169919114546403985403127530880236117,7.43406557774915904199912530467961996403,40,23.64,1,1001,4,441.42,4
101637087,GB / Brig 17th Aug,TO BE PLACED,17-08-2010 14:00,1398731,Boldinor,0,2,2.02730610639771121205208504253825555796,2.12283208441693354799622635299344817607,2.12,1.96,1,1001,259.14,9002.48,227.86
101637087,GB / Brig 17th Aug,TO BE PLACED,17-08-2010 14:00,1456581,Avoncreek,1,5.173821727783651,5.64707194809032335998726069414542792312,5.26365002882366569077785447477566128119,6.49,4.5,4.6,4.6,16,1442.54,926.4
101637087,GB / Brig 17th Aug,TO BE PLACED,17-08-2010 14:00,1539548,Bateleur,0,1.6161159324896293,1.55397543047915452909337484674249588471,1.49849828833635128682400585571160492276,1.71,1.44,1,1001,1200.28,24253.3,427.88
101637087,GB / Brig 17th Aug,TO BE PLACED,17-08-2010 14:00,2492970,Shakespeares Son,1,1.931524379,1.94476581106065935634406132565416361344,1.89831671187909582817030748926432064803,2.22,1.85,1.04,1.01,297.68,9138.76,2403.1
101637087,GB / Brig 17th Aug,TO BE PLACED,17-08-2010 14:00,3013615,Rio Royale,1,1.6,1.5379591476301238525023276312956530597,1.62269695542707753299564320967754825788,1.73,1.42,1.49,1.04,4938.12,35846.68,5453.24
101637087,GB / Brig 17th Aug,TO BE PLACED,17-08-2010 14:00,3662463,If Only,0,4.5,5.62648819812448061963732957655697354624,5.80490162956778129695027017585201371679,7.86,4.36,1,1001,70.22,2738.66,59.36
101637087,GB / Brig 17th Aug,TO BE PLACED,17-08-2010 14:00,4079920,Ellen Vannin,0,3.45,3.0999201757405498560995883260127395198,2.36880128658174236040424998327835201898,3.4,2.89,5.1,3.2,282.2,3820.44,235.16
101637089,GB / Brig 17th Aug,TO BE PLACED,17-08-2010 14:35,4807278,Mubtadi,1,1.41,1.3625389604836801915427931132345782882,1.35706400449707735334070099503759232856,1.49,1.3,1.1,1.01,1812.22,55191.54,4801.22
101637089,GB / Brig 17th Aug,TO BE PLACED,17-08-2010 14:35,4833123,Educated Son,0,3.124969892127484,3.03962362234897040786238408407523127908,3.71184897216440757496402053563289908468,3.55,2.88,3.55,3.2,313.08,13007.94,560.98
101637089,GB / Brig 17th Aug,TO BE PLACED,17-08-2010 14:35,4862765,Thomas Tompion,1,1.330246209,1.31730861847854985266302116362819331187,1.45964993191559083856998213749261440133,1.45,1.3,1.38,1.04,898.34,47803.42,2559.44
101637089,GB / Brig 17th Aug,TO BE PLACED,17-08-2010 14:35,4887199,Papas Fritas,0,3.945360316,3.74211806690896093304914616932552380701,3.55196569797225707300226019892733776448,5,3.75,5.1,3,31,8758,1780.18
101637089,GB / Brig 17th Aug,TO BE PLACED,17-08-2010 14:35,4892217,Kalgoolie,0,8.8,7.47025487313348898924940324082197938916,1,9.8,7.8,1,1001,0,1496.38,4
101637089,GB / Brig 17th Aug,TO BE PLACED,17-08-2010 14:35,4895654,Munros Dragon,0,18.271447282154117,14.2426015040985397764598571008363827881,10.9999855313909725072997013461427386155,24,13.5,1,1001,31.24,1436.8,20.4
101637089,GB / Brig 17th Aug,TO BE PLACED,17-08-2010 14:35,4898944,Ihavenotime,0,16,11.1683880522708258114894224567612163521,6.85764577439673798496785361465544106226,16,8,1,1001,12,1531.7,20
101637089,GB / Brig 17th Aug,TO BE PLACED,17-08-2010 14:35,4921651,Makeynn,1,1.38,1.34337172429916196814304018734997123018,1.23349872379125904829941672571701656374,1.4,1.24,1.31,1.01,558.36,55329.94,10729.3
101637091,GB / Brig 17th Aug,TO BE PLACED,17-08-2010 15:10,932012,Power Of Dreams,0,6.577883574642474,5.68805139481992339957745738876022240345,5.65999097656292720087732921026252921892,6.2,4.7,9.6,9.6,22,2414.36,50
101637091,GB / Brig 17th Aug,TO BE PLACED,17-08-2010 15:10,3826849,Kings Approach,0,4.7,3.90466846414926316905239820352981598468,3.80841940970808549130166817981506493917,4.6,3.3,17.5,4.4,103.78,5852.16,477.38
101637091,GB / Brig 17th Aug,TO BE PLACED,17-08-2010 15:10,3920239,Mottys Gift,0,2.4100466157632896,2.60105157084343621344531934098134891422,3.03348785836380928154244154160534446779,2.86,2.38,3.5,2.44,516.06,14866.32,790.96
101637091,GB / Brig 17th Aug,TO BE PLACED,17-08-2010 15:10,3974862,Take My Hand,0,4.74876989,4.27400930711565035693837893100365095949,3.36124814362954033916866627278727964,4.5,3.9,1,1001,46.84,3177.38,223.38
101637091,GB / Brig 17th Aug,TO BE PLACED,17-08-2010 15:10,4007710,Little Meadow,0,4.6,4.70067073711983852157965949494772376049,4.8110508204440451472620850532841393544,5.5,4.1,20,4.2,51.38,3246.92,264
101637091,GB / Brig 17th Aug,TO BE PLACED,17-08-2010 15:10,4031421,Tiger Hawk,0,13.859322249,13.2370901103949827065303147855467671336,6.9999829237225974259840398901840124129,17,7.2,1,1001,15.46,1151.12,4
101637091,GB / Brig 17th Aug,TO BE PLACED,17-08-2010 15:10,4088107,Resuscitator,0,1.89,1.91117278100211696906638705456918570938,2.06860963556435744413412627815795725238,2,1.82,22,1.87,169.46,40738.22,1597.6
101637091,GB / Brig 17th Aug,TO BE PLACED,17-08-2010 15:10,4221075,Ermyntrude,1,9.29234254058392,9.03633314105066354485765630025968476189,8.26720904981222108510275449075136713756,10.5,7,1,1001,46,1810.82,928.44
101637091,GB / Brig 17th Aug,TO BE PLACED,17-08-2010 15:10,4232970,Farmers Dream,1,3.65,3.67002351158545158727014485553736122481,4.21625757089589258034256484672772691775,4.2,3.45,1,1001,77.12,10460.18,1198.2
101637091,GB / Brig 17th Aug,TO BE PLACED,17-08-2010 15:10,4243206,Lady Of Garmoran,0,1.8372550077845333,1.85131320202684693841542706944173569269,2.0558826175554612140507643634685741364,2.02,1.76,1.55,1.44,430.86,30642.64,2552.64
101637091,GB / Brig 17th Aug,TO BE PLACED,17-08-2010 15:10,4276468,Eye Of Eternity,1,4.5,4.58759669047200132717217482304901830823,3.28076437305256343978656928460641321237,4.8,4.4,3.2,1.1,19.66,2719.02,1227.62
101637091,GB / Brig 17th Aug,TO BE PLACED,17-08-2010 15:10,4714067,Proud Tuscan,0,22.56372941325244,20.5045036972723921427317172677195758399,9.39995548023595474943982796891176476765,25,15,1,1001,4,375.1,0
101637093,GB / Brig 17th Aug,TO BE PLACED,17-08-2010 15:45,3036431,Ubiquitous,1,3.7300565385322018,3.37546366443906701750515950148341558749,2.34303522724554306921367899409809479544,3.75,3.2,1.1,1.1,62.16,4923.74,796.62
101637093,GB / Brig 17th Aug,TO BE PLACED,17-08-2010 15:45,3340411,The Hague,1,2.32,2.19646890119353578759570714716861632714,2.3240448814567072113113761108412284719,2.32,1.9,1.1,1.03,246.88,21872.32,5702.48
101637093,GB / Brig 17th Aug,TO BE PLACED,17-08-2010 15:45,3784914,Illuminative,0,13,8.99001868078828234382188757933107869778,1,12.5,7.2,1,1001,0,2324.98,14
101637093,GB / Brig 17th Aug,TO BE PLACED,17-08-2010 15:45,3939549,Yourgolftravel Com,0,2.03979217,2.07035351925968264756088551174256200885,1.7237971213735881224336235690352711315,2.44,1.84,2.3,2.3,63.76,25992.1,1068.64
101637093,GB / Brig 17th Aug,TO BE PLACED,17-08-2010 15:45,4283724,Shianda,0,1.8,1.95321675820999339961559490571430098072,2.49260367601495080092370330055646201149,2.04,1.83,1.79,1.79,15.28,19007.52,1865.6
101637093,GB / Brig 17th Aug,TO BE PLACED,17-08-2010 15:45,4410503,Celestial Girl,0,1.224210701,1.23114817784382568952856739727391750362,1.31187313584261267571884480423229020504,1.3,1.19,1.22,1.17,569.38,63094.34,3078.84
101637093,GB / Brig 17th Aug,TO BE PLACED,17-08-2010 15:45,4741855,Librettista,1,2.603861305184691,2.82266838278768291854195037704603297199,2.54201130941951822718509065458502767521,3.3,2.56,1.03,1.03,41,6924.98,1624.56
101637095,GB / Brig 17th Aug,TO BE PLACED,17-08-2010 16:20,3882718,Vadition,0,16.5,13.0781706212779662457389914846335871888,1,18,13.5,40,11,0,1736.38,44
101637095,GB / Brig 17th Aug,TO BE PLACED,17-08-2010 16:20,3893832,Baoli,1,1.28,1.31015137683950044707671397644639764443,1.43273663301998980761572326636262833569,1.49,1.3,1.27,1.04,354.72,28560.02,3986.86
101637095,GB / Brig 17th Aug,TO BE PLACED,17-08-2010 16:20,4118881,Rockweiller,1,1.19,1.21244873881463073258323172793523174641,1.33284938561892496813132616899706802711,1.26,1.18,1.46,1.01,108.56,67821.58,8819.78
101637095,GB / Brig 17th Aug,TO BE PLACED,17-08-2010 16:20,4150086,Astrovenus,0,7.021044237445202,5.35113516982185527127583443342704931748,5.03994748068275112423538493999578005486,7.6,4.51,1,1001,4,4509.94,16.6
101637095,GB / Brig 17th Aug,TO BE PLACED,17-08-2010 16:20,4820156,River Tease,0,5.6,4.72032479689950559313442046647715544854,3.07996588855942762538694365412407236521,5.5,5,5,5,4,3884.52,659.7
101637097,GB / Brig 17th Aug,TO BE PLACED,17-08-2010 16:55,259991,Amber Sunset,0,1.72,1.73149486459507772666124627821726335968,1.63602398378077175598852030208489268541,1.81,1.65,1.74,1.74,6,12347.42,758.98
101637097,GB / Brig 17th Aug,TO BE PLACED,17-08-2010 16:55,448572,Phluke,1,2.1,2.08548895911549379432045871688076655693,1.95051195808882765970764486914708099148,2.3,1.84,1,1001,108.44,14172.64,1951.46
101637097,GB / Brig 17th Aug,TO BE PLACED,17-08-2010 16:55,504537,Dvinsky,0,3.290432285863071,2.69849707329171131804277205450502283323,1.63026661118518757551214607785446988209,3.4,1.86,3.4,3.4,23,19974.92,315.9
101637097,GB / Brig 17th Aug,TO BE PLACED,17-08-2010 16:55,2571596,Lady Florence,1,1.44,1.51792891632059342370002026230861395418,1.75464730242489474633465326278601281748,1.69,1.47,1.42,1.06,51.28,21563.14,2601.3
101637097,GB / Brig 17th Aug,TO BE PLACED,17-08-2010 16:55,3212537,Eager To Bow,1,1.1942840252418452,1.21874407823599744515145139237229092709,1.36277422102206139653978560872731874769,1.34,1.18,1.18,1.07,174,96767.84,3745.44
101637097,GB / Brig 17th Aug,TO BE PLACED,17-08-2010 16:55,4417088,Mororless,0,8,8.5356367292635125977856922719942183278,1,11.5,8,1,1001,0,1858.38,.2
101637099,GB / Brig 17th Aug,TO BE PLACED,17-08-2010 17:25,1206799,Loyal Royal,0,1.8630983163765358,1.74959534679220704092971067041494065621,1.60778402198989552146872298803949913708,1.85,1.61,1.88,1.86,24.94,24041.04,814.52
101637099,GB / Brig 17th Aug,TO BE PLACED,17-08-2010 17:25,1257821,Super Frank,0,1.894661861601143,2.02197958654052188534241942217724864509,1.93999552327132042033649814742757287618,2.38,1.85,1,1001,16,9813.62,191.22
101637099,GB / Brig 17th Aug,TO BE PLACED,17-08-2010 17:25,3000875,Avonlini,1,2.896881174173104,2.75714395753329910782341403535244181569,2.9999699004529981823773552208039269009,2.88,2.64,2.88,2.88,4,5122,1065.4
101637099,GB / Brig 17th Aug,TO BE PLACED,17-08-2010 17:25,3136575,Bermondsey Bob,1,1.46,1.51149136525242401383678333635683395923,1.78448374560507650535562703611691412565,1.6,1.45,1.46,1.03,42,15066.52,3960.06
101637099,GB / Brig 17th Aug,TO BE PLACED,17-08-2010 17:25,3432721,Mandhooma,0,4.046185999265365,3.7788005515654734716269647692138377773,2.72446999903700279269190119348653888904,4.2,3,1,1001,24,4389.3,86.88
101637099,GB / Brig 17th Aug,TO BE PLACED,17-08-2010 17:25,3655739,Pipers Piping,1,2,1.98469222719082282155939832621889126228,1.88086972067327141677308338459809379795,2.06,1.89,1,1001,125,29576.32,1528.82
101637099,GB / Brig 17th Aug,TO BE PLACED,17-08-2010 17:25,4243229,Spirit Of Normandy,0,16.05803204153664,12.4711743408104835802156279981898345113,1,16,7.8,1,1001,0,1133.24,8.24
101637099,GB / Brig 17th Aug,TO BE PLACED,17-08-2010 17:25,4724643,Lilli Palmer,0,16.89204822855172,16.3719158278974245121659695727338166565,1,18.5,15.5,1,1001,0,751.2,0
101637101,GB / Brig 17th Aug,TO BE PLACED,17-08-2010 17:55,1457916,Elhamri,1,4.467213466753076,3.78231296424066281066576731765295516398,2.64719004349480165873302600818604518503,4.6,2.64,1.55,1.12,393.86,5482.14,2335.74
101637101,GB / Brig 17th Aug,TO BE PLACED,17-08-2010 17:55,2402728,Lithaam,0,2.9902187552686335,2.87772885121148734180955241952933582178,3.08996541107244675100627084621749510046,2.98,2.76,1,1001,4,5460.9,146.3
101637101,GB / Brig 17th Aug,TO BE PLACED,17-08-2010 17:55,2404042,Magical Speedfit,1,1.7419008198980013,1.64797534816102491555997436571474072573,1.59552113816209209300065751030630076274,1.78,1.56,1.78,1.02,152.52,33919.9,4620.2
101637101,GB / Brig 17th Aug,TO BE PLACED,17-08-2010 17:55,2424786,Green Lagonda,0,3.086014976769075,3.2817258465675479347463594899123106662,2.96012589907180461390084392328779060034,3.65,2.94,1,1001,26,3969.88,12
101637101,GB / Brig 17th Aug,TO BE PLACED,17-08-2010 17:55,2444742,Maryolini,1,2.02,2.01578723615488616133283087349568511843,1.78571104746232581598574411589746519402,2.14,1.91,1.95,1.95,28,15895.06,748.48
101637101,GB / Brig 17th Aug,TO BE PLACED,17-08-2010 17:55,2470084,Best One,0,2.6384008748299497,2.98256366503966325888111147543388746495,2.52737975323791445892171231977793166161,3.45,2.68,1.31,1.01,33.64,5836.68,3196.34
101637101,GB / Brig 17th Aug,TO BE PLACED,17-08-2010 17:55,3073718,Pockets Pick,0,2.8612730065651704,2.35480797967792426442390181084489289932,2.53413981110471238876891522980981174911,2.74,2.12,1,1001,24.46,12261.26,245.6
101637101,GB / Brig 17th Aug,TO BE PLACED,17-08-2010 17:55,3292012,Spring Horizon,0,13.035036454,13.2096484084429052949021290584291605755,9.6099242326667525325777133161228181192,15.5,12.5,1,1001,4,1032.2,18.24
101637101,GB / Brig 17th Aug,TO BE PLACED,17-08-2010 17:55,4002911,Slasl,0,4.3,4.43500065548418030754333349724179206054,4.71232553039549766404772582436373072039,5,4,1,1001,22,3363.3,77.68
101637344,GB / Worc 17th Aug,TO BE PLACED,17-08-2010 17:10,982804,Monsieur,0,3.859048267108947,4.24448558515960798455208942583191529579,3.59999212202387026767308895054047986235,4.6,3.95,11.5,5.5,20,3154.74,640.4
101637344,GB / Worc 17th Aug,TO BE PLACED,17-08-2010 17:10,2133882,Wisteria Lane,0,2.48,2.60950119582598796719247570455016479438,3.14673849790046204296114947422231745625,3,2.4,10,2.38,86.84,11580.54,2599.98
101637344,GB / Worc 17th Aug,TO BE PLACED,17-08-2010 17:10,2164983,Papradon,0,1.6,1.53955452596778159016927823277980300862,1.40795028901026213986685935394641764928,1.62,1.44,1.66,1.41,518.94,27672.66,8352.96
101637344,GB / Worc 17th Aug,TO BE PLACED,17-08-2010 17:10,2557937,Robbmaa,0,2.798759308,2.46457996471162646076887259526383111926,3.52033311316828966852494270298838855058,2.58,2.3,5.1,1.21,135.6,8126.24,1476.72
101637344,GB / Worc 17th Aug,TO BE PLACED,17-08-2010 17:10,2732613,Ilewin Tom,0,8.6,6.77567663117943750531651491192771569651,4.43359512429492350120862828374783707807,8.4,5,12,12,20,2078.1,99.64
101637344,GB / Worc 17th Aug,TO BE PLACED,17-08-2010 17:10,3059596,Frostys Gift,1,2.91288320132524,3.10511141570457706115155540241853910755,1,3.35,2.74,2.78,1.01,0,4543.44,2572.24
101637344,GB / Worc 17th Aug,TO BE PLACED,17-08-2010 17:10,3086329,London Times,1,4.7,4.66348377635126793964058852179611892054,4.13112396864528053616365484208720851349,5.2,4,1,1001,10,2253.88,735.84
101637344,GB / Worc 17th Aug,TO BE PLACED,17-08-2010 17:10,3106865,Pegasus Lad,0,15.5,13.4716488218133736051950861777245414063,5.65765052014486349780654093732475060753,16,12.5,1,1001,6,799.42,3.6
101637344,GB / Worc 17th Aug,TO BE PLACED,17-08-2010 17:10,3202511,Glan Lady,0,6.8,6.81648100765750201932295549458672503194,6.79995616622989577405958775242435955784,7.4,6.6,1,1001,4.34,1141.9,32
101637344,GB / Worc 17th Aug,TO BE PLACED,17-08-2010 17:10,3399502,Tram Express,0,9.6,9.04629342380642546248541877670990800404,1,10.5,7.6,18,10.5,0,1110.38,206.88
101637344,GB / Worc 17th Aug,TO BE PLACED,17-08-2010 17:10,3430386,Am I Blue,0,12.996673704835409,12.637207937288910741147823913686443446,1,15,11,1,1001,0,852.22,23.14
101637344,GB / Worc 17th Aug,TO BE PLACED,17-08-2010 17:10,3658549,Louis Ludwig,1,4.03934346234222,3.81475268379620634315959528681448946282,3.21329631486163575537646729818194852706,4.3,3.6,5.8,1.01,40,4467.82,3523.36
101637346,GB / Worc 17th Aug,TO BE PLACED,17-08-2010 17:40,125300,Western Pride,1,15.5,17.0961961935436230516261734035691602638,6.3999487004873453702189829196622632085,19,14.5,29,29,4,760.4,1196.44
101637346,GB / Worc 17th Aug,TO BE PLACED,17-08-2010 17:40,171053,Auditor,0,25.98801209755242,22.7031587768873389293835032547646979774,9.98996134316622438523514348888299780311,24,23,24,24,4,525.3,20
101637346,GB / Worc 17th Aug,TO BE PLACED,17-08-2010 17:40,326190,Eljays Boy,0,2.799161564,2.70831590552493290039260907997361373764,1,2.98,2.4,4.6,2.56,0,8709.72,585.58
101637346,GB / Worc 17th Aug,TO BE PLACED,17-08-2010 17:40,480005,Red Birr,1,4.527294597100118,4.37139760601907112953449758055370392091,3.21728731711654609335634600170087027102,4.7,4.1,3.5,1.03,10,3045.54,1762.8
101637346,GB / Worc 17th Aug,TO BE PLACED,17-08-2010 17:40,1301447,Lansdowne Princess,0,3.2945707074462556,3.38268966463877152036447444022350916262,1,3.65,3.25,3.65,3.65,0,2329.6,140.9
101637346,GB / Worc 17th Aug,TO BE PLACED,17-08-2010 17:40,1398743,Lukie Victor,0,7.2,6.40707600478758792966985249370212384072,1,7,6.8,5.6,5.6,0,1339.38,547.94
101637346,GB / Worc 17th Aug,TO BE PLACED,17-08-2010 17:40,1458775,My Condor,0,2.209785970230806,2.25227173193140649281011770807071964988,2.17236896533858371320251724066072416011,2.4,2.06,2.98,1.81,37.66,19670.1,5994.04
101637346,GB / Worc 17th Aug,TO BE PLACED,17-08-2010 17:40,2349469,New Rackheath,0,4.754776068832141,4.19870966463155658723438891707756767816,1,4.4,3.7,1,1001,0,3353.6,110.72
101637346,GB / Worc 17th Aug,TO BE PLACED,17-08-2010 17:40,2391240,Moon Bear,0,2.26,2.21879398543654911143545317850696405805,2.46265068615299894433020809004154629215,2.5,2.02,2.04,2.04,173.64,8938.16,653.28
101637346,GB / Worc 17th Aug,TO BE PLACED,17-08-2010 17:40,2858086,Sam Cruise,1,3.229016691264368,3.3061152726455089402008780421189762995,3.48411669554540203866296000673938168597,3.5,3,4.9,1.01,33,2998.66,4957.68
101637346,GB / Worc 17th Aug,TO BE PLACED,17-08-2010 17:40,3129050,Le Brocquy,0,2.225949921850988,2.454416535166223951368468314145763443,1,2.7,2.24,4,4,0,6686.62,188.32
101637348,GB / Worc 17th Aug,TO BE PLACED,17-08-2010 18:10,850311,Baddam,1,1.3847501663256114,1.32817301960063099236711159606547252282,1.3256958067201212145407595187347788629,1.41,1.34,1.35,1.03,93.04,44853.1,12040.74
101637348,GB / Worc 17th Aug,TO BE PLACED,17-08-2010 18:10,1325267,Presentandcorrect,1,3.4591487197650714,3.19727215980899099812532636145500854514,1,3.65,3,1.03,1.03,0,5207.24,2909.14
101637348,GB / Worc 17th Aug,TO BE PLACED,17-08-2010 18:10,4048593,City Heights,0,3.65,3.35248694350158956721641163077551349507,1,4.1,3.4,1,1001,0,7700.92,124.2
101637348,GB / Worc 17th Aug,TO BE PLACED,17-08-2010 18:10,4465738,I Need A Hero,0,1.6630207432560566,1.63223644818788980315769674047135285725,1.84968799024278100181485697685817088067,1.76,1.61,12,1.5,45.72,12776.3,1376.54
101637348,GB / Worc 17th Aug,TO BE PLACED,17-08-2010 18:10,4801784,Minella,0,46,33.7908522761570257455502800246015276039,16.9999328002822388145969786926894907041,55,28,1,1001,4,426.78,4
101637348,GB / Worc 17th Aug,TO BE PLACED,17-08-2010 18:10,4840908,Canons Corner,0,20.30750415570525,15.5619135879644693663090860951301009276,1,23,14.5,38,38,0,880.9,52.62
101637350,GB / Worc 17th Aug,TO BE PLACED,17-08-2010 18:40,1350148,Victor Daly,0,1.7859868467080013,1.7004202266721867089177659565250080886,1.73635986084580439060294272673001931154,1.75,1.62,2.1,1.71,22,15609.6,4198.72
101637350,GB / Worc 17th Aug,TO BE PLACED,17-08-2010 18:40,2447653,The Hairy Mutt,0,2.62,2.60748275671546341476327697779224042054,3.32775456926486785152551396340890335391,2.9,2.3,2.54,2.5,54,15095.32,512.2
101637350,GB / Worc 17th Aug,TO BE PLACED,17-08-2010 18:40,2858073,Montevetro,0,18,16.617496900776674612375874677463255989,1,19.5,14.5,1,1001,0,1254.24,46
101637350,GB / Worc 17th Aug,TO BE PLACED,17-08-2010 18:40,2949431,Mr Johnson,0,24,15.2827095638771760840478439530229842001,1,24,13,1,1001,0,724.26,22
101637350,GB / Worc 17th Aug,TO BE PLACED,17-08-2010 18:40,3614181,Chasers War,0,64.63192289386008,55.9595548128567543058589766770117352833,16.3499378327517773553017110280703363151,65,44,40,40,4,420.36,10
101637350,GB / Worc 17th Aug,TO BE PLACED,17-08-2010 18:40,3797960,Our Guardian Angel,1,1.644935874871926,1.67118789489479765062625545942674614871,1.53729438397996205325216376514294147619,1.85,1.48,4,1.01,50.08,30967.68,6941.82
101637350,GB / Worc 17th Aug,TO BE PLACED,17-08-2010 18:40,4090908,Oursininlaw,1,1.945831428189381,2.00682453927069571706346095460969138123,2.41978802532952666289424001767603957494,2.2,1.89,1,1001,32.8,12970.98,3268.64
101637350,GB / Worc 17th Aug,TO BE PLACED,17-08-2010 18:40,4410510,Mzuri Bay,0,3.0617400334967533,3.43668229806411317806348202059181931002,2.63399776142306685039841495417151278503,4.8,3.05,1,1001,60,5684.54,552.54
101637350,GB / Worc 17th Aug,TO BE PLACED,17-08-2010 18:40,4720708,Weldone Honey,0,7.060854714348677,6.6465004426396962580884131731969508823,3.54996213306232402448823634969020710042,8,5.9,15,15,4,2198.42,196
101637350,GB / Worc 17th Aug,TO BE PLACED,17-08-2010 18:40,4862327,Sir Ronan,1,2.980512957,2.61379562066055369499890577497110941506,1.83082103541898241952670932742827869151,2.9,2.38,1,1001,44,5921.46,1728.94
101637352,GB / Worc 17th Aug,TO BE PLACED,17-08-2010 19:10,459755,Thenameescapesme,0,2.274159316,2.07555554026494083923999840304141055802,1.92927446025181706665543527631079977732,2.38,2,1000,1000,82.54,10737.16,1030.4
101637352,GB / Worc 17th Aug,TO BE PLACED,17-08-2010 19:10,965925,Tritonville Lodge,1,2.4855666755318624,2.3091883824967412554814788903777712268,1,2.54,2.28,2.3,2.3,0,9418.38,2317.78
101637352,GB / Worc 17th Aug,TO BE PLACED,17-08-2010 19:10,1055107,Autumn Red,0,2.853495029442638,2.66429806831129149408740811712888001021,2.97295299341246842188201985773720351322,3.15,2.68,1,1001,15.4,6632.82,475.32
101637352,GB / Worc 17th Aug,TO BE PLACED,17-08-2010 19:10,1259143,On You Go,1,2.4,2.14186651012018746382719005330419072846,2.61726199434313293637599516411364332938,2.4,2.36,3.35,1.01,4,7527.94,2981.46
101637352,GB / Worc 17th Aug,TO BE PLACED,17-08-2010 19:10,2175602,Native City,0,5.2,4.1246211122349385132592675237540178305,2.91457549343368404884417479456262959834,5,4.9,1,1001,4,2523.62,118.4
101637352,GB / Worc 17th Aug,TO BE PLACED,17-08-2010 19:10,2720754,Mad Jack Duncan,1,1.6077196005108956,1.51093875022995912468181201714385930538,1.40700681622541780722357097406460034575,1.63,1.46,1.25,1.25,136.86,18792.72,3686.68
101637352,GB / Worc 17th Aug,TO BE PLACED,17-08-2010 19:10,3649772,Merry Terry,0,1.874420285561382,1.77840312502225428247288890637658904176,1,1.98,1.78,2.3,2.24,0,12286.68,1615.96
101637354,GB / Worc 17th Aug,TO BE PLACED,17-08-2010 19:40,616635,Glengarra,0,2.68,2.56653739690878100622277653436544592886,2.67863619321731078761877183560165217641,2.8,2.3,1,1001,8,6505.44,276.74
101637354,GB / Worc 17th Aug,TO BE PLACED,17-08-2010 19:40,922054,Good Old Days,0,2.813666347506296,2.70305256138707262002077320454710601127,1,2.84,2.46,1,1001,0,3603.08,151.34
101637354,GB / Worc 17th Aug,TO BE PLACED,17-08-2010 19:40,955221,Neutrino,1,5.4,4.53850023816624790405789832778923408215,3.54102215189836791019287323986371801847,5.3,3.8,5,5,17.28,1632.96,1460.58
101637354,GB / Worc 17th Aug,TO BE PLACED,17-08-2010 19:40,1207795,Dasher Reilly,0,41.09840181049309,38.6929705940351513359088707875209460428,7.49997952506449604683745246202474462205,50,30,34,34,8,424.98,14
101637354,GB / Worc 17th Aug,TO BE PLACED,17-08-2010 19:40,1350125,Captain Marlon,0,1.659056121,1.71280620709247188036972746836060506132,1.67655452232488188119960327016031588012,2,1.64,1000,1.65,19.12,19307.14,2433.62
101637354,GB / Worc 17th Aug,TO BE PLACED,17-08-2010 19:40,2083146,Good Company,1,3.256876145299757,2.90403476519306115892055202530811300673,2.24397589487954689749523826571372314471,3.15,2.84,4.4,1.1,20,4863.38,2255.38
101637354,GB / Worc 17th Aug,TO BE PLACED,17-08-2010 19:40,2517008,Otoole,0,4.1,4.16593074405585735925312317724059263622,1,4,4,7,7,0,1523.84,102
101637354,GB / Worc 17th Aug,TO BE PLACED,17-08-2010 19:40,2597536,Im The Decider,0,2.123877351893648,2.15130088916239958358225839568155449167,2.55544691243787881081056054103732604091,2.42,1.8,2.6,2.1,40,7329.92,1154.7
101637354,GB / Worc 17th Aug,TO BE PLACED,17-08-2010 19:40,2597539,Michigan Assassin,1,2.4156928888071336,2.63680396420413340726768029899897288132,3.19089824943904320139035401973555620723,2.88,2.42,3,2.42,21.44,5151.72,2255.14
101637356,GB / Worc 17th Aug,TO BE PLACED,17-08-2010 20:10,240912,Swiss Guard,0,4.2,4.16847607213793659865782295486726990077,3.16520866315658457343314554293232583329,4.7,3.85,3.9,3.9,28.08,3132.8,342.54
101637356,GB / Worc 17th Aug,TO BE PLACED,17-08-2010 20:10,1355887,That Man Fox,0,5.669972583,6.09697775566375586997610021362001697711,8.4199609316342783337997934623119739492,8.6,5.7,1,1001,9.8,2477.72,40
101637356,GB / Worc 17th Aug,TO BE PLACED,17-08-2010 20:10,2006926,Mutadarrej,1,1.572000742,1.61084904563711353324407039464419706176,1.66485153132702856934533574691067308601,1.67,1.5,2,1.03,344.08,20017.36,2838.74
101637356,GB / Worc 17th Aug,TO BE PLACED,17-08-2010 20:10,2046695,Coeur De Lionne,0,1.2077885476060284,1.16939839307538018417363508781006477317,1.14084176198522562006788579295745676348,1.22,1.14,1.25,1.18,559.04,49672.38,6931.1
101637356,GB / Worc 17th Aug,TO BE PLACED,17-08-2010 20:10,2506238,Coach And Four,0,59.13044492886692,49.2946365673335406900783568224587343242,1,75,34,1,1001,0,447.66,184
101637356,GB / Worc 17th Aug,TO BE PLACED,17-08-2010 20:10,2560758,Points Of View,1,1.849481935,1.93319644275809118527926459606790260507,1.71627521009408643548024638776866412918,2,1.85,1.6,1.01,13.5,16381.82,5816.96
101637356,GB / Worc 17th Aug,TO BE PLACED,17-08-2010 20:10,3482195,Global,1,3.19595929536852,2.64185442602692633127356868809900887656,2.61026619315580221004573258105930816754,3.35,2.42,4,1.14,34,12657.22,2104.38
101637356,GB / Worc 17th Aug,TO BE PLACED,17-08-2010 20:10,4565115,Whatdoyoucallit,0,5.3,5.65573419036382531004966839336669185382,1,6.2,5.3,1,1001,0,2090.38,50.3
101637356,GB / Worc 17th Aug,TO BE PLACED,17-08-2010 20:10,4565116,Okey Dokey,0,23,20.687284657999488732433015372693196144,1,28,11.5,15,15,0,1005.36,73.3
