EVENT_ID,MENU_HINT,EVENT_NAME,EVENT_DT,SELECTION_ID,SELECTION_NAME,WIN_LOSE,BSP,PPWAP,MORNINGWAP,PPMAX,PPMIN,IPMAX,IPMIN,MORNINGTRADEDVOL,PPTRADEDVOL,IPTRADEDVOL
177712560,AUS / Warr (AUS) 9th Jan,R5 450m Gr4/5,09-01-2021 08:25,26908303,7. Tiggerlong Al,0,26.773389208558942,1,12.5822146228414775457140434672017635588,1,1001,1,1001,707.66,707.66,0
177712560,AUS / Warr (AUS) 9th Jan,R5 450m Gr4/5,09-01-2021 08:25,36739333,1. Brain Wave,0,23.12112884823233,1,15.0652601330913490623109497882637628554,1,1001,1,1001,661.2,661.2,0
177714012,AUS / Ipsw (AUS) 9th Jan,R5 520m Heat,09-01-2021 08:37,26419766,5. Daniels Loss,0,9.275083980670892,1,7.32634674855647585476092645055253995372,1,1001,1,1001,1849.64,1849.64,0
177714651,AUS / Gard (AUS) 9th Jan,R1 515m Rest,09-01-2021 07:09,38123758,7. Kotoni Banner,0,5.297813774198329,1,3.9247756682724095588929819590063285161,1,1001,1,1001,2329.14,2329.14,0
177709718,AUS / Dubb (AUS) 9th Jan,R10 400m Gr5,09-01-2021 11:39,29237000,3. Swift Romi,0,4,1,1,1,1001,1,1001,0,9069.2,0
177709718,AUS / Dubb (AUS) 9th Jan,R10 400m Gr5,09-01-2021 11:39,36638688,1. Big Chief,1,4.093248145757535,1,1,1,1001,1,1001,0,7080.58,0
177709879,AUS / Cran (AUS) 9th Jan,R10 311m Gr4/5,09-01-2021 00:59,36386559,2. Aston Sylvie,0,14.5,1,7.61489797921415095368441715650457484978,1,1001,1,1001,1833.94,1833.94,0
177760469,SIS / Hove 9th Jan,A5 500m,09-01-2021 21:12,36753923,5. Clairkeith Nkita,1,8.2,1,1,1,1001,1,1001,0,2753.98,0
177759714,TRP / PBarr 9th Jan,A9 480m,09-01-2021 13:51,36183510,5. Tirley Amys Girl,0,42,1,1,1,1001,1,1001,0,764.46,0
177760703,SIS / Crayfd 9th Jan,S5 540m,09-01-2021 10:53,28615042,4. Woodcocks Alivia,0,7.475307381693419,1,5.95881248884513302358786580766994259921,1,1001,1,1001,3473.82,3473.82,0
177760725,SIS / Crayfd 9th Jan,A9 380m,09-01-2021 13:39,37569653,4. Yacht Bay,0,21.424491969300426,1,9.99974710710629031324219789423917187927,1,1001,1,1001,4,1279.46,0
177709962,AUS / Gosf (AUS) 9th Jan,R8 388m Gr5,09-01-2021 01:22,36255253,2. Chunky Robbo,0,7.8,1,4.33618639197135151863477607321278571113,1,1001,1,1001,3166.66,3166.66,0
177709962,AUS / Gosf (AUS) 9th Jan,R8 388m Gr5,09-01-2021 01:22,35648762,4. Blazin Ringo,0,13.949990969817154,1,6.45354211277658815132048536759457530335,1,1001,1,1001,896.64,896.64,0
177709962,AUS / Gosf (AUS) 9th Jan,R8 388m Gr5,09-01-2021 01:22,2162388,5. Shafted,0,7.276360597804816,1,5.14317712470214455917394757744241461477,1,1001,1,1001,2266.2,2266.2,0
177710070,AUS / Mead (AUS) 9th Jan,R1 525m Gr6/7,09-01-2021 07:32,36408393,7. Affair Bit,0,10.153206943,1,7.58543517893799974160577654641765119651,1,1001,1,1001,1393.22,1393.22,0
177710080,AUS / Mead (AUS) 9th Jan,R6 525m Gr4/5,09-01-2021 09:11,25898104,5. Sharky Shark,0,28,1,16.8310690924498821535446624824554434469,1,1001,1,1001,755.22,755.22,0
177710086,AUS / Mead (AUS) 9th Jan,R9 525m Gr5,09-01-2021 10:08,28540377,7. La La Oregon,0,40,1,20.1352484365335715758367122534533709023,1,1001,1,1001,291.02,291.02,0
177710086,AUS / Mead (AUS) 9th Jan,R9 525m Gr5,09-01-2021 10:08,36286550,6. Marshalls King,0,14,1,8.95580037483781056273727713969916862896,1,1001,1,1001,832.36,832.36,0
177710084,AUS / Mead (AUS) 9th Jan,R8 525m FFA,09-01-2021 09:47,26719145,3. Chun Li,0,19.09879259926857,1,10.5927633268680642275774725226063005376,1,1001,1,1001,2258.22,2258.22,0
177710084,AUS / Mead (AUS) 9th Jan,R8 525m FFA,09-01-2021 09:47,28453035,2. Gypsy Bun,0,8,1,5.3807547197033638481903896235058180218,1,1001,1,1001,2772.42,2772.42,0
177712778,AUS / Warr (AUS) 9th Jan,R7 650m Final,09-01-2021 09:11,36357478,2. Zipping Ticket,0,11.858511942508049,1,5.2030575350159721978446308842629971566,1,1001,1,1001,1139.48,1139.48,0
177714669,AUS / Gard (AUS) 9th Jan,R6 400m Gr5,09-01-2021 08:54,36087644,4. Highly Dangerous,0,9.2,1,5.24814402375649591685226429101707498144,1,1001,1,1001,2155.2,2155.2,0
177709954,AUS / Gosf (AUS) 9th Jan,R4 388m N/G,09-01-2021 00:12,24900087,8. Ibrox Poser,0,3.3,1,3.02429788287730593041971028847344311007,1,1001,1,1001,4038.5,4038.5,0
177709958,AUS / Gosf (AUS) 9th Jan,R6 388m Gr3,09-01-2021 00:47,20058446,8. Divers Mccurry,0,34.516786123604405,1,19.9735664166465037503024437454633438181,1,1001,1,1001,661.28,661.28,0
177760498,SIS / Monm 9th Jan,A2 480m,09-01-2021 19:44,27199081,4. Blackstone Abby,0,6.4,1,1,1,1001,1,1001,0,3711.68,0
177760498,SIS / Monm 9th Jan,A2 480m,09-01-2021 19:44,37094925,6. Skyfall Ruben,1,10.08674700454729,1,1,1,1001,1,1001,0,4888.06,0
177760701,SIS / Crayfd 9th Jan,A10 380m,09-01-2021 10:37,38005262,5. Freffans Ciara,0,8.048551806,1,6.85170374349575512439697486780846447155,1,1001,1,1001,1898.76,1898.76,0
177760035,SIS / Romfd 9th Jan,A1 400m,09-01-2021 12:01,24989159,1. Slaneyside Daffy,0,11.934092395429134,1,1,1,1001,1,1001,0,3056.1,0
177760299,SIS / Donc 9th Jan,D2 275m,09-01-2021 15:58,38144711,4. Ardralla Gary,0,11.3870517116852,1,1,1,1001,1,1001,0,2714.88,0
177714693,AUS / WPrk (AUS) 9th Jan,R6 520m Gr5,09-01-2021 09:18,26528793,2. Brisk,0,50,1,24.3071631878557874762808349146110056926,1,1001,1,1001,674.56,674.56,0
177760455,SIS / Hove 9th Jan,A2 500m,09-01-2021 18:58,36424816,2. Ashgrove Lass,0,3.8,1,1,1,1001,1,1001,0,9441.98,0
177760455,SIS / Hove 9th Jan,A2 500m,09-01-2021 18:58,36436475,3. Crokers Moon,0,3.06082071538307,1,1,1,1001,1,1001,0,12289.18,0
177760713,SIS / Crayfd 9th Jan,A10 380m,09-01-2021 12:09,36837644,1. Voice Of Hope,0,5.922704931538136,1,3.77493874322724325860506629316157845816,1,1001,1,1001,8,7185.7,0
177760719,SIS / Crayfd 9th Jan,S8 540m,09-01-2021 12:54,28592283,3. Leamaneigh Megan,0,13.542619082204585,1,4.94996010540293543035215344325022317275,1,1001,1,1001,8,1721.06,0
177759999,RPGTV / Crayfd 9th Jan,S1 540m,09-01-2021 20:53,22074070,2. Silly O Clock,0,5.48,1,1,1,1001,1,1001,0,4517.96,0
177714033,AUS / Cann (AUS) 9th Jan,R3 520m Gr4/5,09-01-2021 11:42,27693660,4. Thrift Monelli,0,6.071233004419084,1,1,1,1001,1,1001,0,4419.98,0
177714035,AUS / Cann (AUS) 9th Jan,R7 520m Gr5,09-01-2021 13:02,28217564,3. West On Axel,0,22,1,1,1,1001,1,1001,0,816.34,0
177760217,SIS / Harl 9th Jan,A6 415m,09-01-2021 09:34,16687781,4. Daves Shot,0,7.8,1,6.56881551786942971627473995224025579795,1,1001,1,1001,1976.56,1976.56,0
177760217,SIS / Harl 9th Jan,A6 415m,09-01-2021 09:34,28030436,6. Fancy Kerry,0,13.76978165174939,1,10.700703853066896249641276602171975773,1,1001,1,1001,1324.14,1324.14,0
177760223,SIS / Harl 9th Jan,D2 238m,09-01-2021 10:23,26980351,1. Loughgur Sam,0,6.286629666114605,1,4.46954644476282063862775498989264616411,1,1001,1,1001,2038.12,2038.12,0
177760223,SIS / Harl 9th Jan,D2 238m,09-01-2021 10:23,35715028,2. Smithy Stardawg,0,4.693960649,1,3.72503458040625170179164624516691172466,1,1001,1,1001,3672.6,3672.6,0
177760349,SIS / Henl 9th Jan,A8 460m,09-01-2021 17:28,32422919,3. Canvas Ruby,1,8.411793080355707,1,1,1,1001,1,1001,0,3924.36,0
177760409,RPGTV / Sheff 9th Jan,D4 280m,09-01-2021 18:36,26127428,2. Peachstreet Lady,0,5.936861771,1,1,1,1001,1,1001,0,4249.26,0
177760411,RPGTV / Sheff 9th Jan,S1 660m,09-01-2021 18:51,23439623,5. Coney Kuoni,0,7.840971583,1,1,1,1001,1,1001,0,1980.6,0
177760411,RPGTV / Sheff 9th Jan,S1 660m,09-01-2021 18:51,22390495,4. Fourpenny Rebel,0,18.047263605533516,1,1,1,1001,1,1001,0,1956.92,0
177760425,RPGTV / Sheff 9th Jan,A5 500m,09-01-2021 20:46,38145622,1. Slaneyside Xpres,0,4.4419663115942996,1,1,1,1001,1,1001,0,9005.62,0
177709649,AUS / AnPk (AUS) 9th Jan,R7 515m Rest,09-01-2021 00:34,35489914,8. Zinfandel Tori,0,2.697811236,1,2.33406643998931472424403322988843121024,1,1001,1,1001,6064.42,6064.42,0
177712556,AUS / Warr (AUS) 9th Jan,R3 450m Gr6/7,09-01-2021 07:41,28473395,1. Not Arandt,0,693.838782535,1,261.248946083869536276902595961837142223,1,1001,1,1001,90.14,90.14,0
177714029,AUS / Cann (AUS) 9th Jan,R1 380m Nvce,09-01-2021 11:03,37121720,1. Eyes Nose Lips,0,2.3,1,2.73065274602700858010915774422264915171,1,1001,1,1001,99.98,8285.2,0
177714039,AUS / Cann (AUS) 9th Jan,R9 380m Gr5,09-01-2021 13:37,28541022,2. Herekino Fun,0,4.1,1,1,1,1001,1,1001,0,1997.32,0
177714671,AUS / Gard (AUS) 9th Jan,R7 515m Final,09-01-2021 09:14,27601762,3. Aston Mekong,0,20.142659476326372,1,11.8705996420047732696897374701670644391,1,1001,1,1001,536.32,536.32,0
177760293,SIS / Donc 9th Jan,D3 275m,09-01-2021 15:02,38144709,2. Fleetwood Cian,0,6.1317567576742285,1,1,1,1001,1,1001,0,5516.02,0
177760301,SIS / Donc 9th Jan,D2 275m,09-01-2021 16:18,26934589,3. Drumleen Jenny,0,6.6,1,1,1,1001,1,1001,0,3661.72,0
177760333,SIS / Henl 9th Jan,A5 460m,09-01-2021 14:52,24470316,2. Sligo Lilly,0,10.5,1,1,1,1001,1,1001,0,3657.5,0
177712552,AUS / Warr (AUS) 9th Jan,R1 390m Mdn,09-01-2021 07:06,36874075,7. Sugar Boloney,0,17.131334459176287,1,12.2358435493286631640396964389959136019,1,1001,1,1001,513.9,513.9,0
177760423,RPGTV / Sheff 9th Jan,D3 280m,09-01-2021 20:27,22161155,3. Westway Dino,1,3.4949500565847114,1,1,1,1001,1,1001,0,11318.98,0
177760423,RPGTV / Sheff 9th Jan,D3 280m,09-01-2021 20:27,22666188,5. Coney Kracnikov,0,14.499500151,1,1,1,1001,1,1001,0,2141.82,0
177760467,SIS / Hove 9th Jan,A2 500m,09-01-2021 20:54,19483882,1. Gemini Spirit,0,7.6,1,1,1,1001,1,1001,0,8078.8,0
177760504,SIS / Monm 9th Jan,A7 480m,09-01-2021 20:23,37214013,6. Moorstown Maria,0,8.4,1,1,1,1001,1,1001,0,2223.4,0
177760413,RPGTV / Sheff 9th Jan,A6 500m,09-01-2021 19:09,26936990,2. Coney Kroll,0,9.767233417,1,1,1,1001,1,1001,0,1874.72,0
177714695,AUS / WPrk (AUS) 9th Jan,R7 520m Gr5,09-01-2021 09:40,38123816,8. New Shepard,0,14.5,1,9.55411191597664482397245286930084184584,1,1001,1,1001,1736.66,1736.66,0
177709881,AUS / Cran (AUS) 9th Jan,R11 311m Gr5,09-01-2021 01:17,28072165,3. Baggys Gold,0,17.741588064325047,1,9.98206616457114403087265031744055769949,1,1001,1,1001,1285.28,1285.28,0
177709714,AUS / Dubb (AUS) 9th Jan,R8 400m Gr5,09-01-2021 10:55,27757689,1. Andys Trinity,0,2.280417533,1,2.06837683185223842339459945895009764346,1,1001,1,1001,10845.58,10845.58,0
177709716,AUS / Dubb (AUS) 9th Jan,R9 318m Gr5,09-01-2021 11:21,38123716,1. Remas Bronze,0,18.5,1,1,1,1001,1,1001,0,679.52,0
177734717,NZL / Mkau (NZL) 10th Jan,R1 318m C0,09-01-2021 23:10,38123948,2. My Mate Speight,1,3.45,1,1,1,1001,1,1001,0,1115.06,0
177734717,NZL / Mkau (NZL) 10th Jan,R1 318m C0,09-01-2021 23:10,38123949,3. Big Time Alice,0,204.1985268605873,1,1,1,1001,1,1001,0,103.54,0
177734719,NZL / Mkau (NZL) 10th Jan,R2 318m C1,09-01-2021 23:35,27329025,4. Noise Maker,0,7.091145872566264,1,1,1,1001,1,1001,0,967.26,0
177712558,AUS / Warr (AUS) 9th Jan,R4 450m Rest,09-01-2021 08:05,38123803,5. Mystery Road,0,4.5,1,4.02585909181722179410337643063047635357,1,1001,1,1001,2802.96,2802.96,0
177714014,AUS / Ipsw (AUS) 9th Jan,R6 288m Final,09-01-2021 08:57,38123647,7. Farmor Budweiser,0,80,1,39.1054329200685414776736216107247253301,1,1001,1,1001,198.42,198.42,0
177714018,AUS / Ipsw (AUS) 9th Jan,R8 520m Final,09-01-2021 09:44,28480524,8. Coast Guard,0,7.221509678502334,1,7.1385582293678550921334238137495432479,1,1001,1,1001,3831.4,3831.4,0
177714031,AUS / Cann (AUS) 9th Jan,R2 520m Nvce,09-01-2021 11:25,38123944,10. Sweet But Psycho,1,3.4589869985211052,1,3.62800025731883818242627120817618165441,1,1001,1,1001,205.74,6270.88,0
177714653,AUS / Gard (AUS) 9th Jan,R2 515m Rest,09-01-2021 07:24,35476586,6. Oxley Courage,0,60,1,12.3846501536792623395407702043030193455,1,1001,1,1001,221.24,221.24,0
177714665,AUS / Gard (AUS) 9th Jan,R4 400m Mdn,09-01-2021 08:12,3495329,3. Stay Strong,0,2.9663749521060803,1,2.5811854375133063657653821588247817756,1,1001,1,1001,7984.9,7984.9,0
177714665,AUS / Gard (AUS) 9th Jan,R4 400m Mdn,09-01-2021 08:12,38123767,2. Midnight Sea,0,3.6344573337848765,1,2.98447454658830085043715919493717909596,1,1001,1,1001,6029.84,6029.84,0
177714675,AUS / Gard (AUS) 9th Jan,R9 515m Gr4/5,09-01-2021 09:57,27713394,1. Mad Stan,0,10.122328505310612,1,6.95920851758264897873236470835965466414,1,1001,1,1001,1519.68,1519.68,0
177714677,AUS / Gard (AUS) 9th Jan,R10 400m FFA,09-01-2021 10:21,38123780,3. Soft Rain,0,16.423997299,1,14.9619370866166650843381119655685306497,1,1001,1,1001,1263.96,1263.96,0
177709883,AUS / Cran (AUS) 9th Jan,R12 311m Gr5,09-01-2021 01:35,35489586,1. Little Nellie,0,7.65063979686267,1,5.55756469886702444841979725700655933214,1,1001,1,1001,2515.5,2515.5,0
177760699,SIS / Crayfd 9th Jan,A8 380m,09-01-2021 10:17,26402717,4. Spirit Rose Bud,0,7.900764563118573,1,5.31102652784710832204235898167296584183,1,1001,1,1001,2243.68,2243.68,0
177760029,SIS / Romfd 9th Jan,A6 400m,09-01-2021 11:16,23499203,3. Barnfield Pepper,0,60,1,1,1,1001,1,1001,0,883.54,0
177760047,SIS / Romfd 9th Jan,A4 400m,09-01-2021 13:33,22475180,4. Glynalan Lad,0,4.4,1,1,1,1001,1,1001,0,8017.42,0
177760211,SIS / Harl 9th Jan,D4 238m,09-01-2021 08:43,19868934,1. Sneezys Mistral,1,11,1,5.3770651360119790366857998502620414275,1,1001,1,1001,480.84,480.84,0
177760285,SIS / Donc 9th Jan,A5 483m,09-01-2021 13:49,21693616,5. Minglers Priory,0,8.09,1,1,1,1001,1,1001,0,2183.08,0
177760287,SIS / Donc 9th Jan,A2 483m,09-01-2021 14:07,27898785,2. Bringitonbuddy,1,13.526714033278694,1,1,1,1001,1,1001,0,1885.56,0
177760335,SIS / Henl 9th Jan,A3 460m,09-01-2021 15:11,22935202,5. Confey Joy,0,5.270905873578459,1,1,1,1001,1,1001,0,3297.4,0
177760347,SIS / Henl 9th Jan,S3 550m,09-01-2021 17:08,22786082,5. Billions,0,4.5,1,1,1,1001,1,1001,0,7272.74,0
177760351,SIS / Henl 9th Jan,A6 460m,09-01-2021 17:44,27875579,3. Waikiki Lady,0,11.751946061575289,1,1,1,1001,1,1001,0,2622.44,0
177760351,SIS / Henl 9th Jan,A6 460m,09-01-2021 17:44,28743439,5. Slaneyside Artie,0,4.2,1,1,1,1001,1,1001,0,7345.74,0
177709875,AUS / Cran (AUS) 9th Jan,R8 520m Gr4/5,09-01-2021 00:24,25832446,4. Aston Ultra,0,55,1,23.9532008830022075055187637969094922737,1,1001,1,1001,181.2,181.2,0
177760500,SIS / Monm 9th Jan,A8 480m,09-01-2021 20:03,38145061,4. Pure Palance,0,8.4,1,1,1,1001,1,1001,0,2439.9,0
177760021,SIS / Romfd 9th Jan,S1 575m,09-01-2021 10:12,25300667,6. Droopys Toast,0,4,1,3.54419864843986930722529626175176383747,1,1001,1,1001,3495.22,3495.22,0
177760023,SIS / Romfd 9th Jan,A10 400m,09-01-2021 10:31,38037064,1. Walthamstowtrev,0,4.58079232060871,1,4.07419668169354463912255425942278198634,1,1001,1,1001,6455.1,6455.1,0
177760027,SIS / Romfd 9th Jan,A9 400m,09-01-2021 11:01,32606507,2. Bonville Lipsy,0,7.247937124,1,5.75262678331181834195702476357699123226,1,1001,1,1001,1728.24,4810.52,0
177760485,SIS / Monm 9th Jan,A1 480m,09-01-2021 18:17,31443454,2. Magical Otis,0,3.0159465228956837,1,1,1,1001,1,1001,0,24356.12,0
177760329,SIS / Henl 9th Jan,A7 460m,09-01-2021 14:12,35986484,4. Ashville Ranger,0,21,1,1,1,1001,1,1001,0,753.18,0
177760341,SIS / Henl 9th Jan,A6 460m,09-01-2021 16:08,24125038,3. Savana Boston,1,2.66,1,1,1,1001,1,1001,0,12946.76,0
177760341,SIS / Henl 9th Jan,A6 460m,09-01-2021 16:08,27208448,4. Colston Enzo,0,8.547005788737438,1,1,1,1001,1,1001,0,4871.62,0
177759692,TRP / PBarr 9th Jan,A2 480m,09-01-2021 11:06,26804963,3. Whizzing Jenny,0,4.2,1,6.28373208236194732849024463970138053384,1,1001,1,1001,28.08,6173.68,0
177759708,TRP / PBarr 9th Jan,D2 275m,09-01-2021 13:06,36041881,3. Marinas Bingo,0,6.866920583580503,1,1,1,1001,1,1001,0,1907.74,0
177759708,TRP / PBarr 9th Jan,D2 275m,09-01-2021 13:06,36067037,1. Terrys Choice,0,5.099039279744376,1,1,1,1001,1,1001,0,4162.84,0
177759993,RPGTV / Crayfd 9th Jan,A7 380m,09-01-2021 20:04,24567652,5. Blue Tick Act,0,58.102191673676444,1,1,1,1001,1,1001,0,715.92,0
177759995,RPGTV / Crayfd 9th Jan,E1 714m,09-01-2021 20:19,35640681,6. Rising Coco,1,3.55,1,1,1,1001,1,1001,0,6599.34,0
177760289,SIS / Donc 9th Jan,A2 483m,09-01-2021 14:23,20557326,5. Catunda Tom,0,16.5,1,1,1,1001,1,1001,0,1704.18,0
177760303,SIS / Donc 9th Jan,B1 450m,09-01-2021 16:38,37095154,6. Keady Cain,0,12,1,1,1,1001,1,1001,0,3088.46,0
177709653,AUS / AnPk (AUS) 9th Jan,R9 388m Rest,09-01-2021 01:09,28596304,4. Starlight Meg,1,15.999533417,1,9.14941494149414941494149414941494149415,1,1001,1,1001,777.7,777.7,0
177759710,TRP / PBarr 9th Jan,A7 480m,09-01-2021 13:21,21003069,6. Etch A Sketch,0,10.255212291129833,1,1,1,1001,1,1001,0,3327.8,0
177712560,AUS / Warr (AUS) 9th Jan,R5 450m Gr4/5,09-01-2021 08:25,28338319,4. Hello Keen,1,2.948721079554745,1,2.19425029515938606847697756788665879575,1,1001,1,1001,4218.06,4218.06,0
177714037,AUS / Cann (AUS) 9th Jan,R8 520m Gr5,09-01-2021 13:17,27542292,2. Westdale Hailee,0,7.6,1,1,1,1001,1,1001,0,2129.22,0
177714037,AUS / Cann (AUS) 9th Jan,R8 520m Gr5,09-01-2021 13:17,28013191,8. Fabriola Yes,0,32,1,1,1,1001,1,1001,0,624.68,0
177709718,AUS / Dubb (AUS) 9th Jan,R10 400m Gr5,09-01-2021 11:39,24138858,6. Arrogant Bobby,0,30,1,1,1,1001,1,1001,0,728.84,0
177709718,AUS / Dubb (AUS) 9th Jan,R10 400m Gr5,09-01-2021 11:39,26953095,8. Arrogant Dusty,0,24,1,1,1,1001,1,1001,0,815.78,0
177709879,AUS / Cran (AUS) 9th Jan,R10 311m Gr4/5,09-01-2021 00:59,28382525,6. Always Primed,0,44,1,18.132360993578575339738165165015680223,1,1001,1,1001,401.78,401.78,0
177709879,AUS / Cran (AUS) 9th Jan,R10 311m Gr4/5,09-01-2021 00:59,38123936,5. Whistling Bullet,0,4.313639294277015,1,3.08552019919129641970816349059033725965,1,1001,1,1001,4891.78,4891.78,0
177714010,AUS / Ipsw (AUS) 9th Jan,R4 520m Heat,09-01-2021 08:16,36305898,3. Dream A Lot,0,19.906199801528707,1,13.7033100742469767326363884681284298875,1,1001,1,1001,805.42,805.42,0
177714010,AUS / Ipsw (AUS) 9th Jan,R4 520m Heat,09-01-2021 08:16,25988809,7. Lil Bit Foxy,0,115.54264101462903,1,105.483448356532927827816118844309275939,1,1001,1,1001,170.98,170.98,0
177760489,SIS / Monm 9th Jan,D2 264m,09-01-2021 18:48,22798124,1. Blackfive Boy,0,6.379662365,1,1,1,1001,1,1001,0,6584.32,0
177759714,TRP / PBarr 9th Jan,A9 480m,09-01-2021 13:51,36678562,6. Morell Majestic,0,4.150036602691981,1,1,1,1001,1,1001,0,7888,0
177759714,TRP / PBarr 9th Jan,A9 480m,09-01-2021 13:51,37628733,1. Moyar Rose,0,2.1279818231193355,1,1,1,1001,1,1001,0,11765.3,0
177760711,SIS / Crayfd 9th Jan,S4 540m,09-01-2021 11:54,7364539,2. Rise Above,0,7,1,1,1,1001,1,1001,0,3449.24,0
177760715,SIS / Crayfd 9th Jan,A10 380m,09-01-2021 12:24,20857696,5. Glen Midas,0,18.424988689376043,1,1,1,1001,1,1001,0,2010.88,0
177710072,AUS / Mead (AUS) 9th Jan,R2 525m Gr6,09-01-2021 07:52,37518924,7. Aston Adonis,0,46.649765014,1,22.643771898030687447142684547541379727,1,1001,1,1001,331.08,331.08,0
177710072,AUS / Mead (AUS) 9th Jan,R2 525m Gr6,09-01-2021 07:52,37989601,2. Night To Burn,0,17.5,1,10.4481147442602150168892851631487800278,1,1001,1,1001,1166.42,1166.42,0
177710080,AUS / Mead (AUS) 9th Jan,R6 525m Gr4/5,09-01-2021 09:11,28255426,8. Fabriola Zad,2,8.630313658791133,1,6.22166780520161968972447454136842001049,1,1001,1,1001,2020.14,2020.14,0
177710088,AUS / Mead (AUS) 9th Jan,R10 525m Gr5,09-01-2021 10:28,28389117,7. Mystic Rose,0,41.894465057,1,29.3096155492764791506122099494819761966,1,1001,1,1001,467.16,467.16,0
177710090,AUS / Mead (AUS) 9th Jan,R11 525m Gr5,09-01-2021 10:48,27399021,6. East Street,0,32.57876840779558,1,16.486808510638297872340425531914893617,1,1001,1,1001,564,564,0
177714004,AUS / Ipsw (AUS) 9th Jan,R1 431m Mdn,09-01-2021 07:18,38123640,7. Sweet Boy,0,24.859540576618162,1,11.8840878378378378378378378378378378378,1,1001,1,1001,296,296,0
177714004,AUS / Ipsw (AUS) 9th Jan,R1 431m Mdn,09-01-2021 07:18,38123637,4. Jackies Revenge,0,17.894405928,1,7.20402703463813010419600112644325542101,1,1001,1,1001,284.08,284.08,0
177710092,AUS / Mead (AUS) 9th Jan,R12 525m Gr5,09-01-2021 11:13,36331440,2. Merlot,0,3.973417776864408,1,5.99998486042978560963694115167033482019,1,1001,1,1001,22.92,7470.2,0
177709954,AUS / Gosf (AUS) 9th Jan,R4 388m N/G,09-01-2021 00:12,27237298,6. Halcyon Princess,0,10,1,6.50858193666712192457026905742102901294,1,1001,1,1001,2050.12,2050.12,0
177709960,AUS / Gosf (AUS) 9th Jan,R7 388m Gr5,09-01-2021 01:04,36317932,6. Bago Honey,0,23,1,11.7857651426537150994253165844479479225,1,1001,1,1001,393.26,393.26,0
177714699,AUS / WPrk (AUS) 9th Jan,R9 520m FFA,09-01-2021 10:18,27185291,5. Winlock On Top,1,9.4,1,8.46306213376789986477583995007107936618,1,1001,1,1001,2307.28,2307.28,0
177760463,SIS / Hove 9th Jan,A11 500m,09-01-2021 20:17,38144801,4. Brahman,0,4.447797170837292,1,1,1,1001,1,1001,0,4233.88,0
177760717,SIS / Crayfd 9th Jan,A7 380m,09-01-2021 12:39,22493704,4. Oldavys Lady,0,7.152106638444832,1,9.19978434567170883405766428342934580821,1,1001,1,1001,4,2749.32,0
177760207,SIS / Harl 9th Jan,D4 238m,09-01-2021 08:12,36129884,4. Ketch Up Lizzy,0,13,1,5.85215611232254906323706110097458947087,1,1001,1,1001,449.42,449.42,0
177760207,SIS / Harl 9th Jan,D4 238m,09-01-2021 08:12,38144714,2. Moaning Dicaprio,0,7.616790883385529,1,4.90206860997143041264794964878740360449,1,1001,1,1001,931.06,931.06,0
177760221,SIS / Harl 9th Jan,A6 415m,09-01-2021 10:07,36799214,2. Ferryforth Aoife,1,13.376064539,1,12.5276078884843666717859304563070835554,1,1001,1,1001,2213.86,2213.86,0
177760299,SIS / Donc 9th Jan,D2 275m,09-01-2021 15:58,20646185,5. Ballymac Rockway,1,3.0557428477265045,1,1,1,1001,1,1001,0,7745.26,0
177760427,RPGTV / Sheff 9th Jan,A7 500m,09-01-2021 21:01,38165863,4. Good Miss (res),0,14.594812168486012,1,1,1,1001,1,1001,0,1101.02,0
177760431,RPGTV / Sheff 9th Jan,A8 500m,09-01-2021 21:31,28214306,3. Lyre Rambler,0,10.538741290886957,1,1,1,1001,1,1001,0,2137.86,0
177760461,SIS / Hove 9th Jan,A1 500m,09-01-2021 19:56,38144799,5. Sullys Bullet,0,6.373342295,1,1,1,1001,1,1001,0,8016.24,0
177760713,SIS / Crayfd 9th Jan,A10 380m,09-01-2021 12:09,24183149,5. Slowlane Lucy,0,15.768127393890758,1,1,1,1001,1,1001,0,1964.24,0
177712788,AUS / Warr (AUS) 9th Jan,R6 450m Final,09-01-2021 08:50,30956563,6. Colden Brookie,0,85,1,60.0045902373488580385132109270040304523,1,1001,1,1001,178.64,178.64,0
177759985,RPGTV / Crayfd 9th Jan,A6 380m,09-01-2021 19:01,35640661,4. Ace Of Adog,0,9.605787754564002,1,1,1,1001,1,1001,0,2509.14,0
177759985,RPGTV / Crayfd 9th Jan,A6 380m,09-01-2021 19:01,38146325,5. Skiproe Barney,0,6.2,1,1,1,1001,1,1001,0,5640.06,0
177760031,SIS / Romfd 9th Jan,A5 400m,09-01-2021 11:31,27015585,6. January Jess,0,18.404504229188902,1,1,1,1001,1,1001,0,1214.63,0
177714020,AUS / Ipsw (AUS) 9th Jan,R9 431m Gr5,09-01-2021 10:03,28036115,8. Planetary Pup,0,9.680097663695921,1,6.03169082312819717873197953805611533096,1,1001,1,1001,1032.16,1032.16,0
177714020,AUS / Ipsw (AUS) 9th Jan,R9 431m Gr5,09-01-2021 10:03,27830048,3. Golden Crest,0,20.43972932632925,1,15.6506497710770938352680016648938630162,1,1001,1,1001,432.46,432.46,0
177714022,AUS / Ipsw (AUS) 9th Jan,R10 431m Gr5,09-01-2021 10:24,36422189,4. Supreme Falcon,0,2.9216425154262105,1,2.75637809576224545954870665932856356632,1,1001,1,1001,7268,7268,0
177760217,SIS / Harl 9th Jan,A6 415m,09-01-2021 09:34,28640479,2. Headleys Kane,0,6.2,1,4.4213712126324313381469734799919022876,1,1001,1,1001,2963.8,2963.8,0
177760223,SIS / Harl 9th Jan,D2 238m,09-01-2021 10:23,36425873,3. Tip Top Shadow,0,5.147802693272244,1,3.57102546227135411479600305414467350529,1,1001,1,1001,1807.38,1807.38,0
177760331,SIS / Henl 9th Jan,A4 460m,09-01-2021 14:32,27111911,2. Savanarubichanel,0,3.35,1,1,1,1001,1,1001,0,6496.3,0
177760331,SIS / Henl 9th Jan,A4 460m,09-01-2021 14:32,36390626,3. Vinegarhill John,0,4.453450742311196,1,1,1,1001,1,1001,0,3606.58,0
177760343,SIS / Henl 9th Jan,A9 460m,09-01-2021 16:28,35000757,3. Makeit Loulou,1,10,1,1,1,1001,1,1001,0,3147.96,0
177709649,AUS / AnPk (AUS) 9th Jan,R7 515m Rest,09-01-2021 00:34,23378389,1. Amara Lucy,0,23,1,14.5958898029235959045984494288927028467,1,1001,1,1001,675.88,675.88,0
177709700,AUS / Dubb (AUS) 9th Jan,R1 400m Mdn,09-01-2021 08:19,36036669,5. Way It Is,0,25.459877239544305,1,26.3134784056844676362828910847118907516,1,1001,1,1001,360.28,360.28,0
177709702,AUS / Dubb (AUS) 9th Jan,R2 516m Rest,09-01-2021 08:44,27672949,2. Our Bro Hazza,0,1.93,1,1.86822706554922023745318539961419501464,1,1001,1,1001,15945.88,15945.88,0
177709702,AUS / Dubb (AUS) 9th Jan,R2 516m Rest,09-01-2021 08:44,27788014,1. Bonnie Blonde,1,3.5,1,2.61730061566768098506828957610926332177,1,1001,1,1001,5652.4,5652.4,0
177712556,AUS / Warr (AUS) 9th Jan,R3 450m Gr6/7,09-01-2021 07:41,36794667,2. Oh My Word,0,4,1,3.35623091020158827122785583384239462431,1,1001,1,1001,3470.44,3470.44,0
177714029,AUS / Cann (AUS) 9th Jan,R1 380m Nvce,09-01-2021 11:03,31384643,9. Lil Marmalade,0,202.797298548,1,44.7468556947469400636829227899244741784,1,1001,1,1001,.32,131.56,0
177714039,AUS / Cann (AUS) 9th Jan,R9 380m Gr5,09-01-2021 13:37,26421019,4. Bushmans Pride,0,11.5,1,1,1,1001,1,1001,0,1325.8,0
177714039,AUS / Cann (AUS) 9th Jan,R9 380m Gr5,09-01-2021 13:37,35850421,7. Eraser Blade,0,16,1,1,1,1001,1,1001,0,723.28,0
177759983,RPGTV / Crayfd 9th Jan,A10 380m,09-01-2021 18:44,25537278,4. Princess Naz,0,20.930229508693568,1,1,1,1001,1,1001,0,618.64,0
177710082,AUS / Mead (AUS) 9th Jan,R7 600m Gr5,09-01-2021 09:28,28596216,7. Mepunga Missile,0,10.499772625257037,1,8.32043081095225634560030449366034683731,1,1001,1,1001,1681.48,1681.48,0
177760333,SIS / Henl 9th Jan,A5 460m,09-01-2021 14:52,36280747,5. Shes My Dream,0,10.543832516581565,1,1,1,1001,1,1001,0,2718.22,0
177712552,AUS / Warr (AUS) 9th Jan,R1 390m Mdn,09-01-2021 07:06,38123787,2. Sequin,0,11.424857650588965,1,8.52543033924746820381289827864301012718,1,1001,1,1001,1512.76,1512.76,0
177760291,SIS / Donc 9th Jan,B2 450m,09-01-2021 14:42,36347395,5. Porthall Abbie,0,8.294475449757877,1,1,1,1001,1,1001,0,2455.8,0
177760309,SIS / Donc 9th Jan,D3 275m,09-01-2021 17:37,27497534,2. Coaltown Becca,1,24.926201027795905,1,1,1,1001,1,1001,0,1380.28,0
177760707,SIS / Crayfd 9th Jan,A9 380m,09-01-2021 11:24,5895499,5. Court Jester,0,20.632034846609457,1,9.39983704316136266956421045431718624659,1,1001,1,1001,4,1381.34,0
177709706,AUS / Dubb (AUS) 9th Jan,R4 318m Mdn,09-01-2021 09:30,28196812,1. Mrs Brown,0,22.25160464773886,1,11.7160378902573755063627808011784442899,1,1001,1,1001,977.56,977.56,0
177759696,TRP / PBarr 9th Jan,A5 480m,09-01-2021 11:36,22909098,1. Slaneyside Cohen,0,10.264986835155797,1,1,1,1001,1,1001,0,4822.7,0
177709710,AUS / Dubb (AUS) 9th Jan,R6 318m Rest,09-01-2021 10:11,27956311,5. Fernando Fusion,0,20.71015905,1,14.4112470694029611073642290522529466551,1,1001,1,1001,622.74,622.74,0
177709714,AUS / Dubb (AUS) 9th Jan,R8 400m Gr5,09-01-2021 10:55,35546984,8. Blackfoot Angel,0,26.813362271767687,1,14.2653034037167787917138479984013854659,1,1001,1,1001,600.52,600.52,0
177709873,AUS / Cran (AUS) 9th Jan,R7 520m Gr5,09-01-2021 00:07,26515436,4. Stareena,0,11.568285413291306,1,7.47636620804937636620804937636620804938,1,1001,1,1001,466.62,466.62,0
177734717,NZL / Mkau (NZL) 10th Jan,R1 318m C0,09-01-2021 23:10,36877258,4. Loudred,0,65,1,1,1,1001,1,1001,0,97.78,0
177712558,AUS / Warr (AUS) 9th Jan,R4 450m Rest,09-01-2021 08:05,36120409,3. Zipping Coby,0,4.6596455021700605,1,3.4772244744920675837180418531624212031,1,1001,1,1001,2560.38,2560.38,0
177712558,AUS / Warr (AUS) 9th Jan,R4 450m Rest,09-01-2021 08:05,38123802,2. Fearless Pigeon,0,10.623565797428597,1,6.85342954487014656724093597325790691695,1,1001,1,1001,1244.48,1244.48,0
177760510,SIS / Monm 9th Jan,A6 480m,09-01-2021 21:02,38145067,5. Skyfall Henry,0,4.2,1,1,1,1001,1,1001,0,2744.58,0
177714014,AUS / Ipsw (AUS) 9th Jan,R6 288m Final,09-01-2021 08:57,27250387,3. Esthers Angel,0,13.731596155440553,1,9.66052707314064876865518233770505283065,1,1001,1,1001,486.46,486.46,0
177714014,AUS / Ipsw (AUS) 9th Jan,R6 288m Final,09-01-2021 08:57,24914193,6. Farmor Crownies,0,16.780345247444345,1,12.2062342171717171717171717171717171717,1,1001,1,1001,633.6,633.6,0
177714031,AUS / Cann (AUS) 9th Jan,R2 520m Nvce,09-01-2021 11:25,38123942,3. Sudoku Shelby,0,2.78,1,1,1,1001,1,1001,0,10125,0
177714045,AUS / Cann (AUS) 9th Jan,R6 715m Gr4/5,09-01-2021 12:47,25309766,3. For The Horde,0,38.084367215726516,1,1,1,1001,1,1001,0,416.52,0
177714673,AUS / Gard (AUS) 9th Jan,R8 400m Gr5,09-01-2021 09:36,36768993,7. Kundabung,0,14,1,10.8933861902850260939381774387796065837,1,1001,1,1001,996.4,996.4,0
177714677,AUS / Gard (AUS) 9th Jan,R10 400m FFA,09-01-2021 10:21,35648868,8. Sonic Nismo,0,4.468416210281793,1,3.52586920904238744760621990812870023219,1,1001,1,1001,17907.66,17907.66,0
177714677,AUS / Gard (AUS) 9th Jan,R10 400m FFA,09-01-2021 10:21,25694063,7. General George,0,66.2347199918423,1,44.5888664842287195736713236353161457583,1,1001,1,1001,277.72,277.72,0
177760047,SIS / Romfd 9th Jan,A4 400m,09-01-2021 13:33,38145289,2. Piemans Troy,0,5.687996076786147,1,1,1,1001,1,1001,0,7139.48,0
177760285,SIS / Donc 9th Jan,A5 483m,09-01-2021 13:49,28617684,2. Silotank John,0,19.94,1,1,1,1001,1,1001,0,1167.54,0
177760285,SIS / Donc 9th Jan,A5 483m,09-01-2021 13:49,24174552,6. Northcroft Frost,0,9.68,1,1,1,1001,1,1001,0,3381.7,0
177760335,SIS / Henl 9th Jan,A3 460m,09-01-2021 15:11,27706312,6. Westmead Sandra,0,3.635238772650322,1,1,1,1001,1,1001,0,6034.82,0
177760347,SIS / Henl 9th Jan,S3 550m,09-01-2021 17:08,19116588,3. Savana Messi,0,17.108960992,1,1,1,1001,1,1001,0,2312.52,0
177760433,RPGTV / Sheff 9th Jan,A6 500m,09-01-2021 21:45,28041360,1. Telecaster,0,29.737431642433506,1,1,1,1001,1,1001,0,2032.48,0
177760433,RPGTV / Sheff 9th Jan,A6 500m,09-01-2021 21:45,37667538,5. Inca Penny Black,1,4.375131221895936,1,1,1,1001,1,1001,0,9580.32,0
177760500,SIS / Monm 9th Jan,A8 480m,09-01-2021 20:03,38145062,6. Ryley Roo,1,4.883364283538832,1,1,1,1001,1,1001,0,6146.96,0
177760021,SIS / Romfd 9th Jan,S1 575m,09-01-2021 10:12,23755674,4. Fortunate Coast,0,16.5,1,11.6445708901130762539866628008118295158,1,1001,1,1001,827.76,827.76,0
177760025,SIS / Romfd 9th Jan,A7 400m,09-01-2021 10:46,6567377,6. Under Pressure,0,9.8,1,7.06178828584872994593058872621700567329,1,1001,1,1001,2252.66,2252.66,0
177760041,SIS / Romfd 9th Jan,A9 400m,09-01-2021 12:46,30023295,4. Rough Conman,0,4.084574046140768,1,5.79972881532193431071144480336860967355,1,1001,1,1001,4,7283.38,0
177760449,SIS / Hove 9th Jan,A7 500m,09-01-2021 18:09,38144794,1. Laravoulta Jess,0,2.9399179421606085,1,1,1,1001,1,1001,0,14922.96,0
177760459,SIS / Hove 9th Jan,D3 285m,09-01-2021 19:36,37215115,4. Loughlea Dora,0,2.7,1,1,1,1001,1,1001,0,14387.02,0
177760329,SIS / Henl 9th Jan,A7 460m,09-01-2021 14:12,19579125,5. Poolie Pete,0,19,1,1,1,1001,1,1001,0,1870.94,0
177760353,SIS / Henl 9th Jan,A8 460m,09-01-2021 18:02,26426761,6. Lady Mascara,0,4.459440447,1,1,1,1001,1,1001,0,11400.24,0
177759692,TRP / PBarr 9th Jan,A2 480m,09-01-2021 11:06,38145745,5. Bobbly Wobbly,0,9.827659544406341,1,1,1,1001,1,1001,0,1925.88,0
177759698,TRP / PBarr 9th Jan,A8 480m,09-01-2021 11:51,19502183,1. Affane Hero,0,2.3808398727339224,1,1,1,1001,1,1001,0,18363.1,0
177760209,SIS / Harl 9th Jan,A7 415m,09-01-2021 08:27,36312556,3. Lockdown Kate,0,4.895358911,1,3.58801686814731515321900477930840596008,1,1001,1,1001,1778.5,1778.5,0
177760307,SIS / Donc 9th Jan,B3 450m,09-01-2021 17:18,17712280,5. Mustang Benjy,0,31.748646847729688,1,1,1,1001,1,1001,0,1374.14,0
177759694,TRP / PBarr 9th Jan,D3 275m,09-01-2021 11:21,22004366,2. Izzy Dancer,0,7.6,1,1,1,1001,1,1001,0,4494.94,0
177759694,TRP / PBarr 9th Jan,D3 275m,09-01-2021 11:21,27315822,4. Hilldun Alice,0,4.4,1,1,1,1001,1,1001,0,6285.5,0
177714006,AUS / Ipsw (AUS) 9th Jan,R2 520m Nvce/Mdn,09-01-2021 07:38,37749092,3. Miss Kenny,0,4.322105722219131,1,3.86377103597960437596252822751174982645,1,1001,1,1001,5012.84,5012.84,0
177714012,AUS / Ipsw (AUS) 9th Jan,R5 520m Heat,09-01-2021 08:37,28631024,8. Power Point Diva,0,1.7350745834053845,1,1.61109348427515899413736214823883861734,1,1001,1,1001,17299.38,17299.38,0
177714037,AUS / Cann (AUS) 9th Jan,R8 520m Gr5,09-01-2021 13:17,28364841,3. Shades Of Blade,0,42,1,1,1,1001,1,1001,0,459.44,0
177714681,AUS / Gard (AUS) 9th Jan,R12 400m M1/2/3,09-01-2021 11:10,20184732,8. Rices Legacy,0,23.408411585,1,1,1,1001,1,1001,0,935,0
177709718,AUS / Dubb (AUS) 9th Jan,R10 400m Gr5,09-01-2021 11:39,25671974,4. Devil Den,0,9.145053803313901,1,1,1,1001,1,1001,0,1802.62,0
177760491,SIS / Monm 9th Jan,A4 480m,09-01-2021 19:07,25397051,6. Mo Cara Glory,0,49.74686452684332,1,1,1,1001,1,1001,0,1174.3,0
177760491,SIS / Monm 9th Jan,A4 480m,09-01-2021 19:07,26764076,5. Aislings Farloe,0,9.112655088372414,1,1,1,1001,1,1001,0,3395.66,0
177760723,SIS / Crayfd 9th Jan,A5 380m,09-01-2021 13:24,36338316,2. Loughlea Recruit,1,4.804875658326637,1,1,1,1001,1,1001,0,6292.84,0
177710074,AUS / Mead (AUS) 9th Jan,R3 525m Final,09-01-2021 08:09,38123974,8. Dark Compass,0,46,1,22.0939924228756990799206206025617896446,1,1001,1,1001,332.58,332.58,0
177710076,AUS / Mead (AUS) 9th Jan,R4 525m Final,09-01-2021 08:32,31181559,5. Sonny Daze,0,4.8,1,4.25552282022512577364363531072423902421,1,1001,1,1001,5525.8,5525.8,0
177710076,AUS / Mead (AUS) 9th Jan,R4 525m Final,09-01-2021 08:32,37234657,4. Impress Shades,0,4.8504141664077185,1,3.54994078129853991922957440198819509164,1,1001,1,1001,4120.32,4120.32,0
177710078,AUS / Mead (AUS) 9th Jan,R5 600m Final,09-01-2021 08:47,38123978,10. Its A Shadow,0,59.55746723335818,1,36.5910500664599025254762959680992467878,1,1001,1,1001,406.26,406.26,0
177710080,AUS / Mead (AUS) 9th Jan,R6 525m Gr4/5,09-01-2021 09:11,28364392,2. Charlie Bale,0,13.357143530277535,1,9.12644477924348196110453013766374164759,1,1001,1,1001,1739.02,1739.02,0
177710080,AUS / Mead (AUS) 9th Jan,R6 525m Gr4/5,09-01-2021 09:11,28546132,4. Gypsy Zelda,2,5.206106585825328,1,4.42856356209519081040825077294576967344,1,1001,1,1001,4431.1,4431.1,0
177710088,AUS / Mead (AUS) 9th Jan,R10 525m Gr5,09-01-2021 10:28,37871715,1. Ha Ha Macgyver,0,3.461678310507704,1,2.89571083990822389708525895372627973408,1,1001,1,1001,6119.24,6119.24,0
177710090,AUS / Mead (AUS) 9th Jan,R11 525m Gr5,09-01-2021 10:48,28326764,3. Forcefully,0,7.459884199602529,1,4.16301331005891337551821950687322714379,1,1001,1,1001,3666.4,3666.4,0
177712778,AUS / Warr (AUS) 9th Jan,R7 650m Final,09-01-2021 09:11,28440048,8. Sunset Bourbski,0,3.863261011569118,1,2.55334268440468937258551543596301528532,1,1001,1,1001,5974.36,5974.36,0
177712778,AUS / Warr (AUS) 9th Jan,R7 650m Final,09-01-2021 09:11,37934722,3. Burn Time,0,8.888472934569002,1,7.6376076771951035212331872449750642285,1,1001,1,1001,1058.72,1058.72,0
177714697,AUS / WPrk (AUS) 9th Jan,R8 520m Gr4,09-01-2021 10:02,27314077,2. Sanctify,0,2.26922706,1,2.18481343587792483082860015762154523467,1,1001,1,1001,22078.2,22078.2,0
177709956,AUS / Gosf (AUS) 9th Jan,R5 388m Gr3,09-01-2021 00:29,21878933,4. Wild Wally,0,100,1,31.3455505918413930283366485146900577168,1,1001,1,1001,306.67,306.67,0
177709960,AUS / Gosf (AUS) 9th Jan,R7 388m Gr5,09-01-2021 01:04,36683170,4. Its Cash Time,0,7.937158543188417,1,5.62930812006513256935696949215029647608,1,1001,1,1001,2603.92,2603.92,0
177759712,TRP / PBarr 9th Jan,A6 480m,09-01-2021 13:36,24522738,2. Itsalladream,1,3.4,1,1,1,1001,1,1001,0,8283.26,0
177760709,SIS / Crayfd 9th Jan,A4 380m,09-01-2021 11:39,20649539,4. Kelva Sunrise,0,13.443866556,1,1,1,1001,1,1001,0,1925.7,0
177760721,SIS / Crayfd 9th Jan,A8 380m,09-01-2021 13:09,37569658,2. Dece Violet,0,3.044730793362833,1,1,1,1001,1,1001,0,14167.7,0
177760035,SIS / Romfd 9th Jan,A1 400m,09-01-2021 12:01,37808655,3. Blakes Toucan,0,7.18266440514283,1,1,1,1001,1,1001,0,2937.56,0
177760339,SIS / Henl 9th Jan,A9 460m,09-01-2021 15:48,36204717,2. Two Jay Dee,0,14.017784775758916,1,1,1,1001,1,1001,0,3603.48,0
177714667,AUS / Gard (AUS) 9th Jan,R5 400m Gr4/5,09-01-2021 08:34,27237391,8. Halcyon Prince,1,4.315638051356217,1,3.12379477462376562329191414932769740918,1,1001,1,1001,3293.16,3293.16,0
177760455,SIS / Hove 9th Jan,A2 500m,09-01-2021 18:58,24721753,4. Droopys Prize,0,5.9,1,1,1,1001,1,1001,0,2992.24,0
177714701,AUS / WPrk (AUS) 9th Jan,R10 520m M1/2/3,09-01-2021 10:41,19474910,1. Bucks Future,0,3.1050121913952604,1,2.51995196098841133758524322312433366768,1,1001,1,1001,6340.68,6340.68,0
177712784,AUS / Warr (AUS) 9th Jan,R10 450m Gr5,09-01-2021 10:14,28216665,8. Jannila,1,2.2,1,2.00276878288667127890659983907043028515,1,1001,1,1001,17374.06,17374.06,0
177712784,AUS / Warr (AUS) 9th Jan,R10 450m Gr5,09-01-2021 10:14,27313661,2. Top Right,0,84.22577045045792,1,26.2875782327357589901347194229341253845,1,1001,1,1001,188.54,188.54,0
177712784,AUS / Warr (AUS) 9th Jan,R10 450m Gr5,09-01-2021 10:14,35934147,4. Winlock Mungo,0,5,1,4.16715564853556485355648535564853556485,1,1001,1,1001,2390,2390,0
177714020,AUS / Ipsw (AUS) 9th Jan,R9 431m Gr5,09-01-2021 10:03,35819444,4. In A Sling,0,6.488182598,1,4.82720417958765034415891407646017131822,1,1001,1,1001,2495.94,2495.94,0
177714035,AUS / Cann (AUS) 9th Jan,R7 520m Gr5,09-01-2021 13:02,28400923,5. Steve Monelli,0,3.617670856804617,1,3.19999675378825910754549614212298004554,1,1001,1,1001,68.72,4708.42,0
177714035,AUS / Cann (AUS) 9th Jan,R7 520m Gr5,09-01-2021 13:02,28474040,6. Speed Missile,0,23.75112360489205,1,1,1,1001,1,1001,0,518.32,0
177760223,SIS / Harl 9th Jan,D2 238m,09-01-2021 10:23,28601912,5. Groveshill Dream,0,8.046367736277755,1,5.00345609677070957986823631061669726752,1,1001,1,1001,1111.08,1111.08,0
177760305,SIS / Donc 9th Jan,B3 450m,09-01-2021 16:58,27156532,6. Wanted Me Teddy,0,13.889590504174633,1,1,1,1001,1,1001,0,3274.98,0
177760349,SIS / Henl 9th Jan,A8 460m,09-01-2021 17:28,36531775,6. Footfield Reggie,0,11.883960946352394,1,1,1,1001,1,1001,0,2944.8,0
177709649,AUS / AnPk (AUS) 9th Jan,R7 515m Rest,09-01-2021 00:34,25462694,4. Midnight Crash,0,75.28693593341856,1,33.4277138569284642321160580290145072536,1,1001,1,1001,159.92,159.92,0
177712556,AUS / Warr (AUS) 9th Jan,R3 450m Gr6/7,09-01-2021 07:41,38123800,4. Westar Lass,0,58.48007137987763,1,26.4129712774463374131250384402484777662,1,1001,1,1001,325.18,325.18,0
177712556,AUS / Warr (AUS) 9th Jan,R3 450m Gr6/7,09-01-2021 07:41,38123801,7. Stiff Wind,0,13,1,8.15774265534773506338141578668875238687,1,1001,1,1001,1738.68,1738.68,0
177714691,AUS / WPrk (AUS) 9th Jan,R5 520m Gr5,09-01-2021 09:03,35545603,8. Flashing Oscar,0,10.928950684,1,6.51930255706195297751844860133859619015,1,1001,1,1001,2913.5,2913.5,0
177714691,AUS / WPrk (AUS) 9th Jan,R5 520m Gr5,09-01-2021 09:03,36770917,2. Good Odds Rebel,0,3.0530989806683593,1,2.707249827051276676030355121378558551,1,1001,1,1001,7632.32,7632.32,0
177759983,RPGTV / Crayfd 9th Jan,A10 380m,09-01-2021 18:44,31115071,5. Kilcarn Jeff,0,13.386648588177556,1,1,1,1001,1,1001,0,1151.36,0
177759991,RPGTV / Crayfd 9th Jan,S2 540m,09-01-2021 19:48,27721816,4. Droopys Dial,0,5.751484504,1,1,1,1001,1,1001,0,4860.54,0
177760301,SIS / Donc 9th Jan,D2 275m,09-01-2021 16:18,22311163,5. Hillend Hulk,0,19.5,1,1,1,1001,1,1001,0,1867.56,0
177760333,SIS / Henl 9th Jan,A5 460m,09-01-2021 14:52,28566934,3. Wilbrook Beans,0,11,1,1,1,1001,1,1001,0,2124.76,0
177760423,RPGTV / Sheff 9th Jan,D3 280m,09-01-2021 20:27,37810846,4. Swift Chastity,0,7.535269578671869,1,1,1,1001,1,1001,0,3371.98,0
177760451,SIS / Hove 9th Jan,D3 285m,09-01-2021 18:28,28158178,6. Well Funded,0,4.167962407481683,1,1,1,1001,1,1001,0,5786.72,0
177760504,SIS / Monm 9th Jan,A7 480m,09-01-2021 20:23,36818674,4. Signet Opal,1,3,1,1,1,1001,1,1001,0,9291.56,0
177760291,SIS / Donc 9th Jan,B2 450m,09-01-2021 14:42,35839706,6. Broadland Blaze,1,8.539056661230426,1,1,1,1001,1,1001,0,2189.1,0
177760429,RPGTV / Sheff 9th Jan,A6 500m,09-01-2021 21:16,36380507,1. Kilara Music,0,3.2499967505308085,1,1,1,1001,1,1001,0,19018.2,0
177760707,SIS / Crayfd 9th Jan,A9 380m,09-01-2021 11:24,37308867,6. Killeacle Serena,0,18.639729089790492,1,1,1,1001,1,1001,0,2535.26,0
177760413,RPGTV / Sheff 9th Jan,A6 500m,09-01-2021 19:09,21581729,6. Oh Oh Nan,0,10.658632920198144,1,1,1,1001,1,1001,0,1906.4,0
177714008,AUS / Ipsw (AUS) 9th Jan,R3 630m Rest,09-01-2021 07:55,36057172,2. Viva Belle,0,6.959651031703687,1,4.02671150100237441883610822800108057384,1,1001,1,1001,1406.66,1406.66,0
177714683,AUS / WPrk (AUS) 9th Jan,R1 520m Gr5,09-01-2021 07:44,26908460,2. Castle Archer,0,28.7220242822211,1,13.8498698062269365325324685697854598316,1,1001,1,1001,625.99,625.99,0
177714683,AUS / WPrk (AUS) 9th Jan,R1 520m Gr5,09-01-2021 07:44,29804168,5. Jax Kade,0,5.808902470522879,1,4.65780308294453819646326417743239218912,1,1001,1,1001,4231.02,4231.02,0
177714687,AUS / WPrk (AUS) 9th Jan,R3 520m Gr5,09-01-2021 08:22,35895968,5. Me Me Mia,0,7.2156833708741015,1,6.00441327451799508613426040656220571679,1,1001,1,1001,5649.32,5649.32,0
177714687,AUS / WPrk (AUS) 9th Jan,R3 520m Gr5,09-01-2021 08:22,26481747,7. Give Us Ebony,0,220.99378741778435,1,126.165819816298612468243111197967559117,1,1001,1,1001,204.68,204.68,0
177709881,AUS / Cran (AUS) 9th Jan,R11 311m Gr5,09-01-2021 01:17,35760339,8. Sweet Chanelle,0,60,1,26.5847141364382743693088520674727571279,1,1001,1,1001,133.98,133.98,0
177709708,AUS / Dubb (AUS) 9th Jan,R5 318m Gr4/5,09-01-2021 09:51,38123713,7. Brooklyn Fusion,0,8,1,6.48569286142771445710857828434313137373,1,1001,1,1001,1266.92,1266.92,0
177759696,TRP / PBarr 9th Jan,A5 480m,09-01-2021 11:36,25495492,3. Rosden Charm,1,4.257882445,1,1,1,1001,1,1001,0,5622.7,0
177712554,AUS / Warr (AUS) 9th Jan,R2 450m Final,09-01-2021 07:21,38123796,8. Aston Rupee,0,1.8896248718381865,1,1.59453238893364883810925515920091860104,1,1001,1,1001,6305.24,6305.24,0
177760510,SIS / Monm 9th Jan,A6 480m,09-01-2021 21:02,21274838,6. Droopys Famous,0,3.667368603132272,1,1,1,1001,1,1001,0,8771.08,0
177714014,AUS / Ipsw (AUS) 9th Jan,R6 288m Final,09-01-2021 08:57,28587226,1. Barbies Beach,1,6.237660565,1,5.2364320932317346481398476019722097714,1,1001,1,1001,2454.1,2454.1,0
177714018,AUS / Ipsw (AUS) 9th Jan,R8 520m Final,09-01-2021 09:44,35920789,7. Phantom Bonnie,0,3.85,1,2.69241383901821974656576640553915803023,1,1001,1,1001,9012.2,9012.2,0
177714018,AUS / Ipsw (AUS) 9th Jan,R8 520m Final,09-01-2021 09:44,36852836,3. Ninetymile King,0,4.199917868374904,1,3.67673216984395768467435043061852479015,1,1001,1,1001,4393.68,4393.68,0
177714031,AUS / Cann (AUS) 9th Jan,R2 520m Nvce,09-01-2021 11:25,38123943,8. Becks Monelli,0,7.616480168463896,1,1,1,1001,1,1001,0,2465.04,0
177714041,AUS / Cann (AUS) 9th Jan,R4 600m Gr5,09-01-2021 11:57,28435151,1. West On Magada,0,9.654027920679654,1,1,1,1001,1,1001,0,6703.82,0
177714045,AUS / Cann (AUS) 9th Jan,R6 715m Gr4/5,09-01-2021 12:47,23376362,1. Inversion,0,10.634167103432832,1,1,1,1001,1,1001,0,1433.34,0
177714653,AUS / Gard (AUS) 9th Jan,R2 515m Rest,09-01-2021 07:24,36255344,1. His Latest Flame,0,8.00850762414718,1,4.90263957416814524949566147339766181367,1,1001,1,1001,1645.72,1645.72,0
177714673,AUS / Gard (AUS) 9th Jan,R8 400m Gr5,09-01-2021 09:36,38123776,2. Roy Rip,0,12.5,1,8.06433847777338082047223321461548608363,1,1001,1,1001,606.48,606.48,0
177709883,AUS / Cran (AUS) 9th Jan,R12 311m Gr5,09-01-2021 01:35,38123937,7. De Minaur,1,2.426877267,1,2.11301082175710716616011873168060096081,1,1001,1,1001,11831.72,11831.72,0
177760029,SIS / Romfd 9th Jan,A6 400m,09-01-2021 11:16,37307253,2. Jasons Gold,0,2.924490832169176,1,3.60003513722654136042334890615221661626,1,1001,1,1001,66.54,12506.24,0
177760033,SIS / Romfd 9th Jan,A6 400m,09-01-2021 11:46,37187708,5. Ballyard Frankie,1,5.2650687176955415,1,1,1,1001,1,1001,0,5073.94,0
177760047,SIS / Romfd 9th Jan,A4 400m,09-01-2021 13:33,26045586,3. Kind Secret,0,16,1,1,1,1001,1,1001,0,1482.82,0
177760211,SIS / Harl 9th Jan,D4 238m,09-01-2021 08:43,36064663,5. Distant Pearl,0,3.84741948,1,2.86849197572253328573045742300089690784,1,1001,1,1001,2296.78,2296.78,0
177760287,SIS / Donc 9th Jan,A2 483m,09-01-2021 14:07,23552217,1. Cragbrien Storm,0,10.84264418016479,1,1,1,1001,1,1001,0,2480.12,0
177760287,SIS / Donc 9th Jan,A2 483m,09-01-2021 14:07,38144705,4. Ballymac Sirocco,0,2.44,1,1,1,1001,1,1001,0,9323.64,0
177760295,SIS / Donc 9th Jan,B3 450m,09-01-2021 15:18,36735285,1. Away Bailey,1,6.16335038774967,1,1,1,1001,1,1001,0,1706.78,0
177760311,SIS / Donc 9th Jan,D3 275m,09-01-2021 17:54,35856487,5. Dream On Penny,0,15.45500555,1,1,1,1001,1,1001,0,1992.28,0
177760337,SIS / Henl 9th Jan,A3 460m,09-01-2021 15:28,27528246,2. Ballymac Tessa,0,6.379000952110944,1,1,1,1001,1,1001,0,3046.76,0
177760337,SIS / Henl 9th Jan,A3 460m,09-01-2021 15:28,37065686,3. Puckane Taylor,0,11.000703473344757,1,1,1,1001,1,1001,0,1640.6,0
177760351,SIS / Henl 9th Jan,A6 460m,09-01-2021 17:44,37809771,2. Parish Ace,1,6.568312251146938,1,1,1,1001,1,1001,0,4147.9,0
177760433,RPGTV / Sheff 9th Jan,A6 500m,09-01-2021 21:45,35838242,6. Baltovin Linda,0,6,1,1,1,1001,1,1001,0,5354.74,0
177760025,SIS / Romfd 9th Jan,A7 400m,09-01-2021 10:46,25643694,3. Kunami Nation,0,25.789966899,1,16.6369019632195736451300976730569626429,1,1001,1,1001,2254.46,2254.46,0
177760027,SIS / Romfd 9th Jan,A9 400m,09-01-2021 11:01,30537342,1. Poppys Twilight,0,3.1090372525472043,1,2.99829933246737734190805484832457928703,1,1001,1,1001,6817.68,14596.3,0
177760039,SIS / Romfd 9th Jan,A3 400m,09-01-2021 12:31,28723576,3. Binksy Brave,0,5.921226853173757,1,1,1,1001,1,1001,0,3091.08,0
177760041,SIS / Romfd 9th Jan,A9 400m,09-01-2021 12:46,36924473,6. Lineys Girl,0,6.412693657708148,1,1,1,1001,1,1001,0,6029.3,0
177760471,SIS / Hove 9th Jan,A8 500m,09-01-2021 21:28,35839498,3. Our Peggy Sue,1,11,1,1,1,1001,1,1001,0,2928.9,0
177760485,SIS / Monm 9th Jan,A1 480m,09-01-2021 18:17,2453889,3. Daves Gift,1,7.711864028327037,1,1,1,1001,1,1001,0,5689.1,0
177760485,SIS / Monm 9th Jan,A1 480m,09-01-2021 18:17,27091749,6. Towstar Ciara,0,13.5,1,1,1,1001,1,1001,0,2693.44,0
177760485,SIS / Monm 9th Jan,A1 480m,09-01-2021 18:17,25316352,4. Fitenwell,0,5,1,1,1,1001,1,1001,0,7805.1,0
177760037,SIS / Romfd 9th Jan,A1 400m,09-01-2021 12:16,27755559,3. Keefill Grace,1,2.722163830611935,1,1,1,1001,1,1001,0,15803.68,0
177759694,TRP / PBarr 9th Jan,D3 275m,09-01-2021 11:21,36456408,1. Hazelhill Rosie,0,6.817002072739575,1,1,1,1001,1,1001,0,3496.44,0
177759706,TRP / PBarr 9th Jan,D3 275m,09-01-2021 12:51,18976424,4. Blue Lauren,0,8.952822510132243,1,1,1,1001,1,1001,0,4713.26,0
177712790,AUS / Warr (AUS) 9th Jan,R12 390m Gr5,09-01-2021 10:58,28440238,1. Cawbourne Cooper,0,42.710319050180274,1,21.1980520656070096672580469966327528151,1,1001,1,1001,552.38,552.38,0
177714012,AUS / Ipsw (AUS) 9th Jan,R5 520m Heat,09-01-2021 08:37,25064383,6. Spring Noir,1,12.267508785,1,8.0006432226865111038076905019014977229,1,1001,1,1001,2129.9,2129.9,0
177714037,AUS / Cann (AUS) 9th Jan,R8 520m Gr5,09-01-2021 13:17,37376366,1. West On Nosey,0,3.4,1,1,1,1001,1,1001,0,5664.08,0
177709651,AUS / AnPk (AUS) 9th Jan,R8 515m Rest,09-01-2021 00:52,21818264,8. Sky Wesley,0,13.547426282,1,8.55052844117739849197084897624380856232,1,1001,1,1001,633.94,633.94,0
177709879,AUS / Cran (AUS) 9th Jan,R10 311m Gr4/5,09-01-2021 00:59,37451734,4. Mr. Bob,1,2.25849480743429,1,2.07233248252015227374368707527515080118,1,1001,1,1001,7334.16,7334.16,0
177760457,SIS / Hove 9th Jan,A3 500m,09-01-2021 19:18,19578095,5. Feora Star,0,27.312160652510357,1,1,1,1001,1,1001,0,573.5,0
177759700,TRP / PBarr 9th Jan,A3 480m,09-01-2021 12:06,28675500,1. Rosstemple Marko,0,9,1,1,1,1001,1,1001,0,3970.8,0
177760703,SIS / Crayfd 9th Jan,S5 540m,09-01-2021 10:53,37097818,5. Rashers Honey,0,5.8513116048627865,1,5.83604763274074324667196671120959420829,1,1001,1,1001,5911.9,5911.9,0
177710074,AUS / Mead (AUS) 9th Jan,R3 525m Final,09-01-2021 08:09,28013153,3. Well Grounded,0,57.296314298271895,1,30.7130203720106288751107174490699734278,1,1001,1,1001,361.28,361.28,0
177710076,AUS / Mead (AUS) 9th Jan,R4 525m Final,09-01-2021 08:32,28252252,1. Leyenda,1,2.989120835,1,2.43141410079132553873114098737712548944,1,1001,1,1001,11686.72,11686.72,0
177710076,AUS / Mead (AUS) 9th Jan,R4 525m Final,09-01-2021 08:32,38123977,2. Shes So Amazing,0,13,1,9.59507083027753116918207434284170301463,1,1001,1,1001,1554.42,1554.42,0
177710078,AUS / Mead (AUS) 9th Jan,R5 600m Final,09-01-2021 08:47,27692213,1. Drumroll Please,0,7.28585529,1,5.69515598373517353085086638883733486308,1,1001,1,1001,3556.14,3556.14,0
177710088,AUS / Mead (AUS) 9th Jan,R10 525m Gr5,09-01-2021 10:28,28506745,2. Bodhis Bro Kai,1,4.5006148934136565,1,2.64906590070524496754004950726262201672,1,1001,1,1001,5995.08,5995.08,0
177710090,AUS / Mead (AUS) 9th Jan,R11 525m Gr5,09-01-2021 10:48,26419464,7. Horizon Princess,0,37.49721272031776,1,25.8752658694521907642860518977170676372,1,1001,1,1001,423.14,423.14,0
177714004,AUS / Ipsw (AUS) 9th Jan,R1 431m Mdn,09-01-2021 07:18,38123636,3. My Bro Oreo,0,19.76155458867317,1,6.58702366353272471272198755507108143707,1,1001,1,1001,440.34,440.34,0
177714016,AUS / Ipsw (AUS) 9th Jan,R7 431m Gr4/5,09-01-2021 09:23,36305873,3. Chance,0,5.2,1,4.68666045989722240291420022116698107071,1,1001,1,1001,4919.36,4919.36,0
177712778,AUS / Warr (AUS) 9th Jan,R7 650m Final,09-01-2021 09:11,26406150,1. Shamrock Boy,0,19,1,13.6484904416611733684904416611733684904,1,1001,1,1001,758.5,758.5,0
177709954,AUS / Gosf (AUS) 9th Jan,R4 388m N/G,09-01-2021 00:12,28567684,3. Shark Style,0,36.624761853232506,1,15.6837525038949476964166481192966837303,1,1001,1,1001,359.44,359.44,0
177709958,AUS / Gosf (AUS) 9th Jan,R6 388m Gr3,09-01-2021 00:47,25925766,4. Grand Audrey,0,14.5,1,11.7233372189279137735880931866943726454,1,1001,1,1001,1183.86,1183.86,0
177709960,AUS / Gosf (AUS) 9th Jan,R7 388m Gr5,09-01-2021 01:04,38123754,1. Mel Mulwee,0,37.780036632,1,13.0295109200175892900767088483900913666,1,1001,1,1001,409.34,409.34,0
177760498,SIS / Monm 9th Jan,A2 480m,09-01-2021 19:44,2426451,2. Calzaghe Boyo,0,3.466985771,1,1,1,1001,1,1001,0,12593.7,0
177760701,SIS / Crayfd 9th Jan,A10 380m,09-01-2021 10:37,23481200,6. Canine King,0,95,1,48.6066289928259388401266482305318424111,1,1001,1,1001,998.04,998.04,0
177760035,SIS / Romfd 9th Jan,A1 400m,09-01-2021 12:01,36205895,5. Brookside Jack,0,7,1,1,1,1001,1,1001,0,5596.38,0
177760207,SIS / Harl 9th Jan,D4 238m,09-01-2021 08:12,37305709,1. Errill Rose,0,3.386369947694911,1,2.51175758039565100935284439075320188697,1,1001,1,1001,3658.78,3658.78,0
177714667,AUS / Gard (AUS) 9th Jan,R5 400m Gr4/5,09-01-2021 08:34,25129388,7. Guy Incognito,0,12,1,5.43392193972289672903870875589201542637,1,1001,1,1001,1120.16,1120.16,0
177760455,SIS / Hove 9th Jan,A2 500m,09-01-2021 18:58,36413589,5. Kereight I Cant,1,16.315602597334944,1,1,1,1001,1,1001,0,3250.24,0
177760465,SIS / Hove 9th Jan,A8 500m,09-01-2021 20:38,37510410,3. Gatchells Annie,1,4.8,1,1,1,1001,1,1001,0,6288.66,0
177760719,SIS / Crayfd 9th Jan,S8 540m,09-01-2021 12:54,35734477,2. Droopys Arya,1,2.4954386464694105,1,1,1,1001,1,1001,0,11761.96,0
177760719,SIS / Crayfd 9th Jan,S8 540m,09-01-2021 12:54,38146154,4. Treacleface,0,3.5,1,1,1,1001,1,1001,0,6444.58,0
177714655,AUS / Gard (AUS) 9th Jan,R3 272m Mdn,09-01-2021 07:47,36876570,2. Sketchy Trapdoor,0,32,1,10.3588701198570126866194715076750543212,1,1001,1,1001,142.67,142.67,0
177714679,AUS / Gard (AUS) 9th Jan,R11 272m Gr4/5,09-01-2021 10:44,28237799,6. Winlock Jaguar,0,5.454656484,1,3.16135055298470596537922551895875550716,1,1001,1,1001,1983.78,1983.78,0
177714701,AUS / WPrk (AUS) 9th Jan,R10 520m M1/2/3,09-01-2021 10:41,24151357,8. Smoke Em,0,63.132578713875276,1,38.2907276943946090228853979783835820242,1,1001,1,1001,457.06,457.06,0
177712784,AUS / Warr (AUS) 9th Jan,R10 450m Gr5,09-01-2021 10:14,36781384,7. Longstaff,0,92.90974068982526,1,34.3851434426229508196721311475409836066,1,1001,1,1001,195.2,195.2,0
177712784,AUS / Warr (AUS) 9th Jan,R10 450m Gr5,09-01-2021 10:14,36876936,6. Romeo Bale,0,22,1,11.8968078143094506822415789738683852777,1,1001,1,1001,397.22,397.22,0
177760217,SIS / Harl 9th Jan,A6 415m,09-01-2021 09:34,35838124,5. Beautiful Blaze,0,3.820192315899039,1,3.28387541611220022080707925966660649744,1,1001,1,1001,4764.34,4764.34,0
177760409,RPGTV / Sheff 9th Jan,D4 280m,09-01-2021 18:36,38145618,4. Sharpys Blizzard,0,16.5,1,1,1,1001,1,1001,0,1054.16,0
177709702,AUS / Dubb (AUS) 9th Jan,R2 516m Rest,09-01-2021 08:44,35476696,8. Carla Rum,0,5.726722337857535,1,3.89786471884207861325231762037889928519,1,1001,1,1001,3712.86,3712.86,0
177714029,AUS / Cann (AUS) 9th Jan,R1 380m Nvce,09-01-2021 11:03,36539913,7. Owl Friend,0,12.840556108141318,1,10.066411886138236567570331960442929914,1,1001,1,1001,6.92,1660.56,0
177714043,AUS / Cann (AUS) 9th Jan,R5 600m Gr5,09-01-2021 12:22,28410336,1. Love And Rain,0,49.32436140367763,1,1,1,1001,1,1001,0,460.1,0
177714049,AUS / Cann (AUS) 9th Jan,R11 380m FFA,09-01-2021 14:12,28467063,7. Counting Kuna,0,2.1,1,1,1,1001,1,1001,0,16165.72,0
177759987,RPGTV / Crayfd 9th Jan,E2 714m,09-01-2021 19:17,27299488,4. Woodcocks Hawk,0,5.188548681,1,1,1,1001,1,1001,0,4013.42,0
177759987,RPGTV / Crayfd 9th Jan,E2 714m,09-01-2021 19:17,28615032,6. Ratheden Yevande,0,28.5183061294764,1,1,1,1001,1,1001,0,1426.72,0
177712552,AUS / Warr (AUS) 9th Jan,R1 390m Mdn,09-01-2021 07:06,35818315,1. Pat May Joy,0,150,1,49.9554486509098514955030328383183434428,1,1001,1,1001,95.62,95.62,0
177760467,SIS / Hove 9th Jan,A2 500m,09-01-2021 20:54,36094424,2. Dinner Finchley,0,2.74,1,1,1,1001,1,1001,0,14195.1,0
177760309,SIS / Donc 9th Jan,D3 275m,09-01-2021 17:37,30006260,1. Waikiki Donna,0,2.94,1,1,1,1001,1,1001,0,12358.2,0
177760309,SIS / Donc 9th Jan,D3 275m,09-01-2021 17:37,36311503,6. Pigital,0,3.768719501,1,1,1,1001,1,1001,0,7788.62,0
177760413,RPGTV / Sheff 9th Jan,A6 500m,09-01-2021 19:09,36716878,5. Kendog,0,4.7,1,1,1,1001,1,1001,0,8017.36,0
177714008,AUS / Ipsw (AUS) 9th Jan,R3 630m Rest,09-01-2021 07:55,26176746,5. Minter Sparkle,0,18.5,1,15.3374157798627290472892135255966248977,1,1001,1,1001,635.24,635.24,0
177714685,AUS / WPrk (AUS) 9th Jan,R2 520m Gr5,09-01-2021 08:02,28506864,2. Rhyme Nor Reason,0,28,1,17.7419270321608698500032750376629331237,1,1001,1,1001,610.68,610.68,0
177714685,AUS / WPrk (AUS) 9th Jan,R2 520m Gr5,09-01-2021 08:02,33941342,4. Pink Lilly,0,26.531616852704317,1,15.9924411055462808384344277499536264144,1,1001,1,1001,862.56,862.56,0
177709881,AUS / Cran (AUS) 9th Jan,R11 311m Gr5,09-01-2021 01:17,36331260,7. Seen Better,0,5.300382583,1,3.15451218462068371652458451735124429519,1,1001,1,1001,4180.68,4180.68,0
177709704,AUS / Dubb (AUS) 9th Jan,R3 318m Mdn,09-01-2021 09:04,38123702,5. Midnight Diva,0,130,1,64.0500967117988394584139264990328820116,1,1001,1,1001,103.4,103.4,0
177709708,AUS / Dubb (AUS) 9th Jan,R5 318m Gr4/5,09-01-2021 09:51,21722427,4. Arrogant Dora,0,110,1,91.7034276206322795341098169717138103161,1,1001,1,1001,150.25,150.25,0
177759696,TRP / PBarr 9th Jan,A5 480m,09-01-2021 11:36,38145746,5. Xperia Tommy,0,8.05034331759278,1,1,1,1001,1,1001,0,2834.54,0
177709710,AUS / Dubb (AUS) 9th Jan,R6 318m Rest,09-01-2021 10:11,27038084,2. Rich History,1,5.6,1,3.69543288463957730532142407850044030696,1,1001,1,1001,3974.5,3974.5,0
177709877,AUS / Cran (AUS) 9th Jan,R9 311m Gr6/7,09-01-2021 00:42,37962820,7. Tommys Blazer,0,8.4,1,6.61658975040471645685843380771739918332,1,1001,1,1001,1655.48,1655.48,0
177734717,NZL / Mkau (NZL) 10th Jan,R1 318m C0,09-01-2021 23:10,36375976,1. Pachinko,0,12.5,1,1,1,1001,1,1001,0,2480.38,0
177712554,AUS / Warr (AUS) 9th Jan,R2 450m Final,09-01-2021 07:21,36823155,7. Daphs Yak,0,62.579968881,1,29.6377707285057974185079851236053380004,1,1001,1,1001,365.68,365.68,0
177712554,AUS / Warr (AUS) 9th Jan,R2 450m Final,09-01-2021 07:21,38123793,3. Aston Value,0,60,1,25.2026007198420991524439800301869267387,1,1001,1,1001,172.26,172.26,0
177714014,AUS / Ipsw (AUS) 9th Jan,R6 288m Final,09-01-2021 08:57,38123646,5. Elastic Bairn,0,1.8460980195213692,1,1.54876886320744076934066181943953623014,1,1001,1,1001,10639.76,10639.76,0
177714031,AUS / Cann (AUS) 9th Jan,R2 520m Nvce,09-01-2021 11:25,28090414,6. Fabriola Citrus,0,45.290421225,1,1,1,1001,1,1001,0,655.34,0
177714045,AUS / Cann (AUS) 9th Jan,R6 715m Gr4/5,09-01-2021 12:47,28494895,7. Wicked Rhythm,1,1.53,1,1,1,1001,1,1001,0,21005.06,0
177714673,AUS / Gard (AUS) 9th Jan,R8 400m Gr5,09-01-2021 09:36,38123775,1. Suzie Nismo,0,2.66,1,2.51782049760442759249657998463335561289,1,1001,1,1001,6403.48,6403.48,0
177714675,AUS / Gard (AUS) 9th Jan,R9 515m Gr4/5,09-01-2021 09:57,27354715,2. Banjos Rival,0,4,1,3.56836989159753677031910020866201842333,1,1001,1,1001,3143.84,3143.84,0
177709883,AUS / Cran (AUS) 9th Jan,R12 311m Gr5,09-01-2021 01:35,37580753,5. Beautiful Freak,0,4.470975128590844,1,3.56914252160053686771244023152420098985,1,1001,1,1001,3576.3,3576.3,0
177760033,SIS / Romfd 9th Jan,A6 400m,09-01-2021 11:46,36260785,3. Group Game,0,13.5,1,1,1,1001,1,1001,0,1920.34,0
177760211,SIS / Harl 9th Jan,D4 238m,09-01-2021 08:43,24030239,6. Dods Tiger,0,3.6,1,2.64560319250265494476620063718674388815,1,1001,1,1001,1826.78,1826.78,0
177760215,SIS / Harl 9th Jan,D4 238m,09-01-2021 09:18,27162367,2. Dods Rossie,1,4.1,1,3.0021099188439258120823104793563148049,1,1001,1,1001,2875.94,2875.94,0
177760285,SIS / Donc 9th Jan,A5 483m,09-01-2021 13:49,19188052,4. Mercury Blake,1,3.6,1,1,1,1001,1,1001,0,5902.4,0
177760287,SIS / Donc 9th Jan,A2 483m,09-01-2021 14:07,36403349,5. Glory Cher,0,6.2,1,1,1,1001,1,1001,0,3267,0
177760335,SIS / Henl 9th Jan,A3 460m,09-01-2021 15:11,22314317,4. Promisespromises,0,16.864838223420847,1,1,1,1001,1,1001,0,1373.94,0
177760347,SIS / Henl 9th Jan,S3 550m,09-01-2021 17:08,27110371,2. Droopys Pick,1,2.292937040508477,1,1,1,1001,1,1001,0,20452.4,0
177709875,AUS / Cran (AUS) 9th Jan,R8 520m Gr4/5,09-01-2021 00:24,35381764,7. Barooga Dodge,0,7.446043756,1,4.40120816104276209437269215716303367536,1,1001,1,1001,2350.68,2350.68,0
177759702,TRP / PBarr 9th Jan,A4 480m,09-01-2021 12:21,36232918,4. Stonepark Sally,0,5.2,1,1,1,1001,1,1001,0,1748.78,0
177760023,SIS / Romfd 9th Jan,A10 400m,09-01-2021 10:31,38145287,2. Smokehouse,0,5.2221921098954045,1,4.34906396545953091770942864194692479604,1,1001,1,1001,5915.38,5915.38,0
177760039,SIS / Romfd 9th Jan,A3 400m,09-01-2021 12:31,26378991,5. Landfall Prince,0,19.90960047779022,1,1,1,1001,1,1001,0,1899.38,0
177760041,SIS / Romfd 9th Jan,A9 400m,09-01-2021 12:46,30569614,2. Mayses Minnie Me,0,7.426133203,1,1,1,1001,1,1001,0,2409.9,0
177760041,SIS / Romfd 9th Jan,A9 400m,09-01-2021 12:46,23963663,5. Westlake Mike,0,48.86862973850321,1,1,1,1001,1,1001,0,605.36,0
177760471,SIS / Hove 9th Jan,A8 500m,09-01-2021 21:28,36775578,1. Zebedee,0,2.28,1,1,1,1001,1,1001,0,33420.94,0
177760341,SIS / Henl 9th Jan,A6 460m,09-01-2021 16:08,37389592,6. Footfield Ronnie,0,7.2,1,1,1,1001,1,1001,0,2930.4,0
177759692,TRP / PBarr 9th Jan,A2 480m,09-01-2021 11:06,21984508,1. Longacres Kim,1,4.251958607355773,1,5.13310728863482291295771906891876076075,1,1001,1,1001,67.1,4336.96,0
177759995,RPGTV / Crayfd 9th Jan,E1 714m,09-01-2021 20:19,31115057,3. Glenvale Juliet,0,10.090799864315558,1,1,1,1001,1,1001,0,791.74,0
177759706,TRP / PBarr 9th Jan,D3 275m,09-01-2021 12:51,36468631,6. Weston River,0,5.3,1,1,1,1001,1,1001,0,5265.4,0
177714006,AUS / Ipsw (AUS) 9th Jan,R2 520m Nvce/Mdn,09-01-2021 07:38,36864599,5. Hes Nosey,0,4.4,1,3.47584107327141382868937048503611971104,1,1001,1,1001,5620.2,5620.2,0
177714012,AUS / Ipsw (AUS) 9th Jan,R5 520m Heat,09-01-2021 08:37,36214173,1. Jacksons Estate,0,16.5682263863305,1,11.2600612175490307221403468994445074255,1,1001,1,1001,1058.52,1058.52,0
177714651,AUS / Gard (AUS) 9th Jan,R1 515m Rest,09-01-2021 07:09,37929327,4. Zipping Wreck,0,5.059948276470822,1,4.1912886468208129787494918076161098599,1,1001,1,1001,3099.22,3099.22,0
177714651,AUS / Gard (AUS) 9th Jan,R1 515m Rest,09-01-2021 07:09,38123757,1. Cawbourne Canelo,0,6.549138908293097,1,4.527517818407189339944220638363805392,1,1001,1,1001,2968.84,2968.84,0
177760457,SIS / Hove 9th Jan,A3 500m,09-01-2021 19:18,26713294,1. Crossfield Jaden,1,3.6076032735494654,1,1,1,1001,1,1001,0,5972.84,0
177760491,SIS / Monm 9th Jan,A4 480m,09-01-2021 19:07,17361548,1. Swift Hadriana,1,5,1,1,1,1001,1,1001,0,11198.44,0
177760711,SIS / Crayfd 9th Jan,S4 540m,09-01-2021 11:54,35825313,3. Woodcocks Ariela,0,5.418107690155157,1,7.19978579740069980582170885995888842041,1,1001,1,1001,4,5332.96,0
177760725,SIS / Crayfd 9th Jan,A9 380m,09-01-2021 13:39,22284056,1. Coolside Ophelia,1,4.8,1,1,1,1001,1,1001,0,10802.74,0
177709962,AUS / Gosf (AUS) 9th Jan,R8 388m Gr5,09-01-2021 01:22,28736735,1. Cyclone Riot,1,2.525677708330768,1,2.37664871901070942547778237974084373706,1,1001,1,1001,7774.46,7774.46,0
177710070,AUS / Mead (AUS) 9th Jan,R1 525m Gr6/7,09-01-2021 07:32,36445726,4. Thursday Knight,1,3.7152842878580854,1,2.74671229308813201430651095080625281968,1,1001,1,1001,4300.14,4300.14,0
177710072,AUS / Mead (AUS) 9th Jan,R2 525m Gr6,09-01-2021 07:52,37026290,6. Amelia Ella,0,65,1,35.4781491002570694087403598971722365039,1,1001,1,1001,241.18,241.18,0
177710078,AUS / Mead (AUS) 9th Jan,R5 600m Final,09-01-2021 08:47,25253183,3. Bobby The Brute,1,3.969817934,1,3.3165531027152228576867855981343253984,1,1001,1,1001,7564.02,7564.02,0
177710078,AUS / Mead (AUS) 9th Jan,R5 600m Final,09-01-2021 08:47,28540445,2. My Fathers Son,0,36,1,17.0837506475565532723191158694525988603,1,1001,1,1001,463.28,463.28,0
177710086,AUS / Mead (AUS) 9th Jan,R9 525m Gr5,09-01-2021 10:08,25644732,2. Sudden Force,0,6.550833956,1,3.60939666668994072098365463165317935219,1,1001,1,1001,2864.42,2864.42,0
177714016,AUS / Ipsw (AUS) 9th Jan,R7 431m Gr4/5,09-01-2021 09:23,35895945,5. Spring Evie,0,29.627463578,1,22.7763001096334429667763001096334429668,1,1001,1,1001,839.16,839.16,0
177710092,AUS / Mead (AUS) 9th Jan,R12 525m Gr5,09-01-2021 11:13,26981039,8. Sweet Impala,1,7.695479833812277,1,1,1,1001,1,1001,0,2854.5,0
177712778,AUS / Warr (AUS) 9th Jan,R7 650m Final,09-01-2021 09:11,26051773,6. Razors Edge,0,27.266193372,1,14.492643214579132123384868175367839271,1,1001,1,1001,535.56,535.56,0
177712778,AUS / Warr (AUS) 9th Jan,R7 650m Final,09-01-2021 09:11,37934725,4. Nimble Blaze,0,18.85606287240976,1,13.2137622474177531133002310082047741696,1,1001,1,1001,753.22,753.22,0
177712780,AUS / Warr (AUS) 9th Jan,R8 390m Final,09-01-2021 09:33,38123805,3. Aston Titan,0,4.4,1,3.78280340758383630606003193764040382169,1,1001,1,1001,5911.52,5911.52,0
177709956,AUS / Gosf (AUS) 9th Jan,R5 388m Gr3,09-01-2021 00:29,36875254,1. Ice Reina,1,1.9069084974017274,1,1.8711332402288862066484797063898350955,1,1001,1,1001,17514.38,17514.38,0
177709956,AUS / Gosf (AUS) 9th Jan,R5 388m Gr3,09-01-2021 00:29,27152162,8. Blossoming Rose,0,55,1,25.6336392250742563284124661967460211908,1,1001,1,1001,225.57,225.57,0
177709958,AUS / Gosf (AUS) 9th Jan,R6 388m Gr3,09-01-2021 00:47,27407676,6. Luchador,1,1.5509333806431098,1,1.46472091470428792426386005738387698166,1,1001,1,1001,12100.96,12100.96,0
177759712,TRP / PBarr 9th Jan,A6 480m,09-01-2021 13:36,18994638,6. Heroic Hero,0,24.658879328703037,1,1,1,1001,1,1001,0,783.8,0
177760498,SIS / Monm 9th Jan,A2 480m,09-01-2021 19:44,26457544,5. Drumdoit Bolt,0,17.5,1,1,1,1001,1,1001,0,1873.18,0
177760709,SIS / Crayfd 9th Jan,A4 380m,09-01-2021 11:39,36128984,6. Pennys Nathan,0,7.838140603319335,1,1,1,1001,1,1001,0,2785.54,0
177760709,SIS / Crayfd 9th Jan,A4 380m,09-01-2021 11:39,37602215,1. Gibstans Flyer,1,2.0322767415151617,1,2.17308777680756385483920757828677084833,1,1001,1,1001,60,23701.52,0
177760427,RPGTV / Sheff 9th Jan,A7 500m,09-01-2021 21:01,36281259,2. Lightfoot Root,0,2.437741922,1,1,1,1001,1,1001,0,18871.16,0
177714693,AUS / WPrk (AUS) 9th Jan,R6 520m Gr5,09-01-2021 09:18,37678891,3. Newbury,0,27.19451809466331,1,15.9878725117938096881831780002301231159,1,1001,1,1001,869.1,869.1,0
177760461,SIS / Hove 9th Jan,A1 500m,09-01-2021 19:56,37770997,4. Long Goliath,0,5.8,1,1,1,1001,1,1001,0,4886.78,0
177760461,SIS / Hove 9th Jan,A1 500m,09-01-2021 19:56,38144800,6. Over It Now,0,19.11093442672368,1,1,1,1001,1,1001,0,1478.3,0
177714679,AUS / Gard (AUS) 9th Jan,R11 272m Gr4/5,09-01-2021 10:44,24878886,7. Red Riddle,0,47.2621588,1,24.1084951122125843315434393501307999449,1,1001,1,1001,145.26,145.26,0
177712782,AUS / Warr (AUS) 9th Jan,R9 390m Gr6/7,09-01-2021 09:54,36781390,5. Zulu Duchess,0,70,1,35.767888468285476871941648970547502539,1,1001,1,1001,216.62,216.62,0
177712788,AUS / Warr (AUS) 9th Jan,R6 450m Final,09-01-2021 08:50,26799514,2. Lektra Yoyo,0,2.9128878487215113,1,2.47272343410962494160314227997610408721,1,1001,1,1001,12286.62,12286.62,0
177712788,AUS / Warr (AUS) 9th Jan,R6 450m Final,09-01-2021 08:50,28100274,1. Franks Girl,0,25.467340539805598,1,14.7858984576438047911490319253668369978,1,1001,1,1001,426.62,426.62,0
177760003,RPGTV / Crayfd 9th Jan,H1 380m,09-01-2021 21:24,38022641,2. Limerick Jet,0,14.276872975462055,1,1,1,1001,1,1001,0,2627.18,0
177714020,AUS / Ipsw (AUS) 9th Jan,R9 431m Gr5,09-01-2021 10:03,31378542,7. Dynamite Travis,0,10.73878191384487,1,7.16629631543589478579918350472843780683,1,1001,1,1001,774.04,774.04,0
177714033,AUS / Cann (AUS) 9th Jan,R3 520m Gr4/5,09-01-2021 11:42,27542302,8. All Zipped Up,0,29,1,1,1,1001,1,1001,0,467.68,0
177714051,AUS / Cann (AUS) 9th Jan,R12 520m Gr5,09-01-2021 14:27,24974337,1. So Tough,0,22,1,1,1,1001,1,1001,0,849.49,0
177714051,AUS / Cann (AUS) 9th Jan,R12 520m Gr5,09-01-2021 14:27,24837146,6. Weblec Spice,0,55.68588432855904,1,1,1,1001,1,1001,0,384.05,0
177760409,RPGTV / Sheff 9th Jan,D4 280m,09-01-2021 18:36,36128703,6. Kilara Maxi,0,11.5,1,1,1,1001,1,1001,0,1270.14,0
177712786,AUS / Warr (AUS) 9th Jan,R11 390m Gr2/3,09-01-2021 10:37,26777151,2. Abalone Fozz,0,16.5,1,12.1748265734707411813004621198564165184,1,1001,1,1001,1899.94,1899.94,0
177712786,AUS / Warr (AUS) 9th Jan,R11 390m Gr2/3,09-01-2021 10:37,25246059,8. Blackpool Marvel,0,230,1,72.0063233044365119836817950025497195309,1,1001,1,1001,98.05,98.05,0
177714043,AUS / Cann (AUS) 9th Jan,R5 600m Gr5,09-01-2021 12:22,28494901,7. Historic Time,1,2.7218782487552744,1,1,1,1001,1,1001,0,11493.34,0
177714049,AUS / Cann (AUS) 9th Jan,R11 380m FFA,09-01-2021 14:12,23822301,4. First Rule,0,56.376231072768576,1,1,1,1001,1,1001,0,406.76,0
177714691,AUS / WPrk (AUS) 9th Jan,R5 520m Gr5,09-01-2021 09:03,28246260,4. Memories One,0,15.415493758190426,1,9.18692957746478873239436619718309859155,1,1001,1,1001,887.5,887.5,0
177710082,AUS / Mead (AUS) 9th Jan,R7 600m Gr5,09-01-2021 09:28,28683279,6. Kenny The Brute,1,4.551098432159561,1,3.54118946727011400689344006846925628061,1,1001,1,1001,4299.74,4299.74,0
177710082,AUS / Mead (AUS) 9th Jan,R7 600m Gr5,09-01-2021 09:28,27056108,8. Caveman Yap,0,150.505018784,1,65.7986088326005643414922238992059846447,1,1001,1,1001,304.78,304.78,0
177760327,SIS / Henl 9th Jan,A7 460m,09-01-2021 13:57,28741493,3. Joe The Ghost,0,7,1,1,1,1001,1,1001,0,2450.04,0
177760467,SIS / Hove 9th Jan,A2 500m,09-01-2021 20:54,27634368,4. Farloe Flash,0,25,1,1,1,1001,1,1001,0,1032.1,0
177760504,SIS / Monm 9th Jan,A7 480m,09-01-2021 20:23,25552890,5. Mo Cara Dante,0,9.321642985438665,1,1,1,1001,1,1001,0,2999.36,0
177760413,RPGTV / Sheff 9th Jan,A6 500m,09-01-2021 19:09,16661944,4. Droopys Greta,0,6.658048355,1,1,1,1001,1,1001,0,2662.78,0
177760415,RPGTV / Sheff 9th Jan,A4 500m,09-01-2021 19:26,36042395,2. Nashua,0,8.751973715564235,1,1,1,1001,1,1001,0,4398.68,0
177760415,RPGTV / Sheff 9th Jan,A4 500m,09-01-2021 19:26,25514138,1. Lightfoot Candy,0,5,1,1,1,1001,1,1001,0,10004.58,0
177760417,RPGTV / Sheff 9th Jan,A2 500m,09-01-2021 19:41,21434859,4. Sharpys Jimmy,0,13.98579076362832,1,1,1,1001,1,1001,0,1888.27,0
177714695,AUS / WPrk (AUS) 9th Jan,R7 520m Gr5,09-01-2021 09:40,36331791,5. Valentina Bale,0,36.529414892819474,1,22.794953534650978573774609246701056821,1,1001,1,1001,517.59,517.59,0
177709881,AUS / Cran (AUS) 9th Jan,R11 311m Gr5,09-01-2021 01:17,36622750,4. College Degree,0,14.320952708160041,1,9.1879225132079759131966142134863375561,1,1001,1,1001,1056.18,1056.18,0
177709706,AUS / Dubb (AUS) 9th Jan,R4 318m Mdn,09-01-2021 09:30,38123707,2. Fusion Spy,1,15.5,1,9.46544923185026669647705132709444568654,1,1001,1,1001,1252.36,1252.36,0
177709708,AUS / Dubb (AUS) 9th Jan,R5 318m Gr4/5,09-01-2021 09:51,27185301,9. Myallie,0,497.34852316357194,1,235.911583548579376117623683687661434532,1,1001,1,1001,100.66,100.66,0
177709714,AUS / Dubb (AUS) 9th Jan,R8 400m Gr5,09-01-2021 10:55,36201083,2. Min Jam Saya,0,9.375504531472107,1,5.73879268520246314610934875909684642657,1,1001,1,1001,1071.8,1071.8,0
177709716,AUS / Dubb (AUS) 9th Jan,R9 318m Gr5,09-01-2021 11:21,26777542,4. Touch Of Fever,0,190,1,1,1,1001,1,1001,0,136.06,0
177709877,AUS / Cran (AUS) 9th Jan,R9 311m Gr6/7,09-01-2021 00:42,38123932,5. Edge Serena,0,9.4,1,4.91848008973639932697700504767246214246,1,1001,1,1001,570.56,570.56,0
177709877,AUS / Cran (AUS) 9th Jan,R9 311m Gr6/7,09-01-2021 00:42,38123934,8. College Boy,0,21.97642338962759,1,15.2215248401377274963108706345302508608,1,1001,1,1001,508.25,508.25,0
177734717,NZL / Mkau (NZL) 10th Jan,R1 318m C0,09-01-2021 23:10,35410114,6. Rapinoe,0,14,1,1,1,1001,1,1001,0,377.84,0
177734719,NZL / Mkau (NZL) 10th Jan,R2 318m C1,09-01-2021 23:35,28480448,7. My Snuggles,0,61.206581363444016,1,1,1,1001,1,1001,0,75.2,0
177712554,AUS / Warr (AUS) 9th Jan,R2 450m Final,09-01-2021 07:21,38123798,10. Roxy Quaker,0,592.945684765652,1,284.338050820199421035702798327436474751,1,1001,1,1001,62.18,62.18,0
177712558,AUS / Warr (AUS) 9th Jan,R4 450m Rest,09-01-2021 08:05,35430068,1. Blackpool Storm,1,3.2961827687959167,1,2.55876330558162051674366621443128910989,1,1001,1,1001,3346.34,3346.34,0
177714018,AUS / Ipsw (AUS) 9th Jan,R8 520m Final,09-01-2021 09:44,36297292,2. Regal Rocky,0,9.705721551545428,1,6.32743630063594995894852562586103728031,1,1001,1,1001,1437.22,1437.22,0
177714653,AUS / Gard (AUS) 9th Jan,R2 515m Rest,09-01-2021 07:24,28435033,9. Tap Out Tiny,0,214.8226070677617,1,66.2671076062070719918595777155939964386,1,1001,1,1001,78.62,78.62,0
177760029,SIS / Romfd 9th Jan,A6 400m,09-01-2021 11:16,35839985,1. Garland Express,1,3.2900138843193787,1,5.09998026616374133445874894294230751236,1,1001,1,1001,66.9,14346.6,0
177760047,SIS / Romfd 9th Jan,A4 400m,09-01-2021 13:33,36063460,1. Dear Henry,1,6.106809471371817,1,1,1,1001,1,1001,0,5446.44,0
177760225,SIS / Harl 9th Jan,A7 415m,09-01-2021 10:41,37627280,5. Balistic Molly,1,2.08,1,1.97735863585326415017624190335000359677,1,1001,1,1001,31973.1,31973.1,0
177760295,SIS / Donc 9th Jan,B3 450m,09-01-2021 15:18,36908848,2. Foulkscourt Ella,0,3.202230437,1,1,1,1001,1,1001,0,6439.58,0
177760311,SIS / Donc 9th Jan,D3 275m,09-01-2021 17:54,25665762,1. Redbrick Josh,0,2.78,1,1,1,1001,1,1001,0,16277.68,0
177760337,SIS / Henl 9th Jan,A3 460m,09-01-2021 15:28,28174559,4. Savana Towcester,0,3.406944760397856,1,1,1,1001,1,1001,0,6413.24,0
177760337,SIS / Henl 9th Jan,A3 460m,09-01-2021 15:28,36276580,5. Tricia Jezabelle,0,3.587499055823282,1,1,1,1001,1,1001,0,8091.32,0
177760347,SIS / Henl 9th Jan,S3 550m,09-01-2021 17:08,17691571,6. Millhouse Tommy,0,57.44708828458476,1,1,1,1001,1,1001,0,1115.76,0
177760347,SIS / Henl 9th Jan,S3 550m,09-01-2021 17:08,21013803,1. Glassmoss Linda,0,12.923743601,1,1,1,1001,1,1001,0,4673.26,0
177760351,SIS / Henl 9th Jan,A6 460m,09-01-2021 17:44,24260022,4. Burgess Camila,0,10.322341088140966,1,1,1,1001,1,1001,0,1234.26,0
177709875,AUS / Cran (AUS) 9th Jan,R8 520m Gr4/5,09-01-2021 00:24,36651477,8. Crumlin,0,10.511227848410025,1,5.81090123341914539458039969810696525128,1,1001,1,1001,1934.46,1934.46,0
177709875,AUS / Cran (AUS) 9th Jan,R8 520m Gr4/5,09-01-2021 00:24,27390803,2. Junk Food Junkie,1,1.656327123179535,1,1.55782688873426269010738903761187072183,1,1001,1,1001,11669.72,11669.72,0
177760027,SIS / Romfd 9th Jan,A9 400m,09-01-2021 11:01,25709725,6. Slippy Arya,0,22.50978125672671,1,16.9473351156510638212109803443900306158,1,1001,1,1001,516.22,1648.54,0
177760039,SIS / Romfd 9th Jan,A3 400m,09-01-2021 12:31,28737668,2. Amelias Jester,0,7.536720331153193,1,1,1,1001,1,1001,0,2717.72,0
177760459,SIS / Hove 9th Jan,D3 285m,09-01-2021 19:36,37443665,2. Get On Clare,0,7.46890736815858,1,1,1,1001,1,1001,0,3878.96,0
177760341,SIS / Henl 9th Jan,A6 460m,09-01-2021 16:08,32081578,1. Waikiki Alex,0,13.5,1,1,1,1001,1,1001,0,2917.96,0
177760341,SIS / Henl 9th Jan,A6 460m,09-01-2021 16:08,35579454,2. Pennys Betula,0,5.215317821631615,1,1,1,1001,1,1001,0,5284.03,0
177760353,SIS / Henl 9th Jan,A8 460m,09-01-2021 18:02,26438401,4. Fieldview Rascal,0,18.280832480415697,1,1,1,1001,1,1001,0,1207.74,0
177759698,TRP / PBarr 9th Jan,A8 480m,09-01-2021 11:51,24564821,2. Bazontheraz,1,3.2642014406078665,1,1,1,1001,1,1001,0,9353.54,0
177759704,TRP / PBarr 9th Jan,D4 275m,09-01-2021 12:36,37000205,2. Tirley Lily Rose,0,9.082672351892754,1,1,1,1001,1,1001,0,2675.9,0
177759993,RPGTV / Crayfd 9th Jan,A7 380m,09-01-2021 20:04,37097792,3. Lavally Pirate,0,4.2,1,1,1,1001,1,1001,0,8617.2,0
177759995,RPGTV / Crayfd 9th Jan,E1 714m,09-01-2021 20:19,11564775,1. Pemberley,0,5.979049138138654,1,1,1,1001,1,1001,0,2895.9,0
177760345,SIS / Henl 9th Jan,A2 460m,09-01-2021 16:48,21889901,3. Savana Tuftys,0,6,1,1,1,1001,1,1001,0,3530.2,0
177759710,TRP / PBarr 9th Jan,A7 480m,09-01-2021 13:21,26752529,3. Black Key,0,3.9,1,1,1,1001,1,1001,0,7605.56,0
177712560,AUS / Warr (AUS) 9th Jan,R5 450m Gr4/5,09-01-2021 08:25,28100273,8. Kratos Bale,0,34,1,19.8579721214435745655909872064158869582,1,1001,1,1001,523.7,523.7,0
177712560,AUS / Warr (AUS) 9th Jan,R5 450m Gr4/5,09-01-2021 08:25,27077221,5. Ikaruga Bale,0,36,1,18.9109904889999039292919588817369584014,1,1001,1,1001,832.72,832.72,0
177714006,AUS / Ipsw (AUS) 9th Jan,R2 520m Nvce/Mdn,09-01-2021 07:38,28003337,4. Doc Smeethy,0,18.5,1,13.6598952879581151832460732984293193717,1,1001,1,1001,811.75,811.75,0
177709651,AUS / AnPk (AUS) 9th Jan,R8 515m Rest,09-01-2021 00:52,28646386,1. Concede,1,1.81,1,1.55937778914094458906656749721085905541,1,1001,1,1001,6883.84,6883.84,0
177709655,AUS / AnPk (AUS) 9th Jan,R10 388m Rest,09-01-2021 01:27,35545468,9. Tiara Sebon,0,5.262520730856048,1,3.74391447642192519599846863192236629659,1,1001,1,1001,2403.08,2403.08,0
177709655,AUS / AnPk (AUS) 9th Jan,R10 388m Rest,09-01-2021 01:27,24116504,8. Mister Kingswood,0,14,1,8.64444875274654258756624014475895049761,1,1001,1,1001,773.7,773.7,0
177714010,AUS / Ipsw (AUS) 9th Jan,R4 520m Heat,09-01-2021 08:16,24138757,6. Morris The Great,0,179.5805017964072,1,98.5668097543154625993241391907936797881,1,1001,1,1001,109.49,109.49,0
177760469,SIS / Hove 9th Jan,A5 500m,09-01-2021 21:12,37389667,3. Mums Flyer,0,2.5993766361575394,1,1,1,1001,1,1001,0,18453,0
177760489,SIS / Monm 9th Jan,D2 264m,09-01-2021 18:48,36401410,3. Cefn Belle,1,4,1,1,1,1001,1,1001,0,5608.04,0
177760489,SIS / Monm 9th Jan,D2 264m,09-01-2021 18:48,36857132,4. Magical Felix,0,3.2947259755375855,1,1,1,1001,1,1001,0,13916.2,0
177760491,SIS / Monm 9th Jan,A4 480m,09-01-2021 19:07,36041639,4. Shes My Girl,0,17.42037643652643,1,1,1,1001,1,1001,0,2122.66,0
177759714,TRP / PBarr 9th Jan,A9 480m,09-01-2021 13:51,17604955,4. Ballymac Prize,1,27.742408878383724,1,1,1,1001,1,1001,0,1328.2,0
177759714,TRP / PBarr 9th Jan,A9 480m,09-01-2021 13:51,19080916,2. Bakers Dozen,0,6.8,1,1,1,1001,1,1001,0,2896,0
177760703,SIS / Crayfd 9th Jan,S5 540m,09-01-2021 10:53,38146150,6. Cnoc Cole,0,26.140732936554414,1,20.9838973691476353883169644617993925768,1,1001,1,1001,1014.12,1014.12,0
177760711,SIS / Crayfd 9th Jan,S4 540m,09-01-2021 11:54,28577642,1. Joyces Glen,0,3.4635714766432653,1,4.89989762768727320907826169563048969965,1,1001,1,1001,8,14322.26,0
177760715,SIS / Crayfd 9th Jan,A10 380m,09-01-2021 12:24,18750766,4. Resnova Zeus,0,7.911568342494867,1,1,1,1001,1,1001,0,2798.28,0
177710070,AUS / Mead (AUS) 9th Jan,R1 525m Gr6/7,09-01-2021 07:32,36840854,3. Invictus Kelly,0,23.630758014614702,1,13.2396338019796094284100704455607407187,1,1001,1,1001,336.43,336.43,0
177710074,AUS / Mead (AUS) 9th Jan,R3 525m Final,09-01-2021 08:09,36526595,7. Fire And Fury,0,19.31201365788059,1,12.3952627533476273312027185565759132651,1,1001,1,1001,988.76,988.76,0
177710076,AUS / Mead (AUS) 9th Jan,R4 525m Final,09-01-2021 08:32,25898122,8. Fairytale Wish,0,15.368706775,1,7.93885773744147060523729695358113185733,1,1001,1,1001,1037.94,1037.94,0
177710078,AUS / Mead (AUS) 9th Jan,R5 600m Final,09-01-2021 08:47,25111956,6. Squiggle Keeping,0,12.5,1,10.0125235770553644735382225674026406302,1,1001,1,1001,2163.12,2163.12,0
177710080,AUS / Mead (AUS) 9th Jan,R6 525m Gr4/5,09-01-2021 09:11,27726672,10. Will Do,0,67.729048472,1,45.7464763281532345500542103361040838453,1,1001,1,1001,332.04,332.04,0
177710086,AUS / Mead (AUS) 9th Jan,R9 525m Gr5,09-01-2021 10:08,28110203,8. Midnight Force,0,16.08935790342489,1,8.46887620055963094607880208727217726688,1,1001,1,1001,1057.84,1057.84,0
177710084,AUS / Mead (AUS) 9th Jan,R8 525m FFA,09-01-2021 09:47,28322477,5. Aston Silk,0,8.865278659283064,1,6.74059357184795166575124528873652910093,1,1001,1,1001,2111.96,2111.96,0
177712778,AUS / Warr (AUS) 9th Jan,R7 650m Final,09-01-2021 09:11,25370053,7. Weblec Haze,1,66.63469965349881,1,18.4926721541859064444890584220036137322,1,1001,1,1001,199.24,199.24,0
177709956,AUS / Gosf (AUS) 9th Jan,R5 388m Gr3,09-01-2021 00:29,36875280,2. Wild Chances,0,12.836176282665006,1,7.76344448289049552912895412576715047987,1,1001,1,1001,1098.22,1098.22,0
177709958,AUS / Gosf (AUS) 9th Jan,R6 388m Gr3,09-01-2021 00:47,21675234,1. Bucks Venture,0,16.753129169518367,1,9.75933337602459016393442622950819672131,1,1001,1,1001,624.64,624.64,0
177709960,AUS / Gosf (AUS) 9th Jan,R7 388m Gr5,09-01-2021 01:04,28309340,2. Manila King,0,6.192177142878932,1,3.76787801555565320560706595772729270115,1,1001,1,1001,1365.42,1365.42,0
177709960,AUS / Gosf (AUS) 9th Jan,R7 388m Gr5,09-01-2021 01:04,37073117,5. Yosemite,0,4,1,3.20441932429233318678345564611586458791,1,1001,1,1001,4731.04,4731.04,0
177760463,SIS / Hove 9th Jan,A11 500m,09-01-2021 20:17,38144802,5. Zelda,0,3.391955494247086,1,1,1,1001,1,1001,0,13545.76,0
177760463,SIS / Hove 9th Jan,A11 500m,09-01-2021 20:17,36094413,3. Trafalgar Rebel,0,25,1,1,1,1001,1,1001,0,1307.2,0
177760498,SIS / Monm 9th Jan,A2 480m,09-01-2021 19:44,38145060,1. Catunda Tilley,0,4,1,1,1,1001,1,1001,0,8710.36,0
177760339,SIS / Henl 9th Jan,A9 460m,09-01-2021 15:48,37842783,5. Sonora Lassy,0,4.816969013445777,1,1,1,1001,1,1001,0,4397.2,0
177760421,RPGTV / Sheff 9th Jan,A5 500m,09-01-2021 20:12,27161933,1. Malbay Harper,1,9.969462974542187,1,1,1,1001,1,1001,0,4805.82,0
177714689,AUS / WPrk (AUS) 9th Jan,R4 520m Gr5,09-01-2021 08:39,32624606,5. Redshift Seven,0,2.9982698371644574,1,2.93303071872006551767002785963424175728,1,1001,1,1001,13675.7,13675.7,0
177760465,SIS / Hove 9th Jan,A8 500m,09-01-2021 20:38,36424822,2. Elegant Flyer,0,5.3,1,1,1,1001,1,1001,0,4527.92,0
177714679,AUS / Gard (AUS) 9th Jan,R11 272m Gr4/5,09-01-2021 10:44,36430611,2. Barbs Galaxy,0,4.496252624,1,3.50874814621941969592338084294657715689,1,1001,1,1001,3533.32,3533.32,0
177759999,RPGTV / Crayfd 9th Jan,S1 540m,09-01-2021 20:53,28789090,3. Trap In Line,1,3.41,1,1,1,1001,1,1001,0,8572.42,0
177760001,RPGTV / Crayfd 9th Jan,A1 380m,09-01-2021 21:09,28743928,4. Deanridge Blue,0,15.223091788385062,1,1,1,1001,1,1001,0,1009.04,0
177760001,RPGTV / Crayfd 9th Jan,A1 380m,09-01-2021 21:09,36347756,1. Ballymac Benny,0,3.198456307,1,1,1,1001,1,1001,0,17380.82,0
177760001,RPGTV / Crayfd 9th Jan,A1 380m,09-01-2021 21:09,37273089,2. Glideaway Blake,1,8.958449985439007,1,1,1,1001,1,1001,0,3697.06,0
177714020,AUS / Ipsw (AUS) 9th Jan,R9 431m Gr5,09-01-2021 10:03,25573092,6. Buck Or Two,0,21,1,13.5185492384255768360729904991705625094,1,1001,1,1001,397.86,397.86,0
177760223,SIS / Harl 9th Jan,D2 238m,09-01-2021 10:23,35569100,4. Killimor Camila,0,6.107832364220854,1,4.15168704021240112838099452403340892748,1,1001,1,1001,1446.32,1446.32,0
177760305,SIS / Donc 9th Jan,B3 450m,09-01-2021 16:58,8886779,1. Black Illusion,1,4,1,1,1,1001,1,1001,0,8683.44,0
177760425,RPGTV / Sheff 9th Jan,A5 500m,09-01-2021 20:46,35985878,6. Howya Padjoe,0,4.977671997,1,1,1,1001,1,1001,0,8017.06,0
177709649,AUS / AnPk (AUS) 9th Jan,R7 515m Rest,09-01-2021 00:34,19969801,6. Wilshire Girl,0,13.592282357765502,1,7.88989456004478865354110292059344965942,1,1001,1,1001,643.02,643.02,0
177714029,AUS / Cann (AUS) 9th Jan,R1 380m Nvce,09-01-2021 11:03,38123940,8. Think Big Moment,0,66.7783876393669,1,38.9846691495656135879997123395632473216,1,1001,1,1001,11.8,238.46,0
177714039,AUS / Cann (AUS) 9th Jan,R9 380m Gr5,09-01-2021 13:37,24167805,3. Gwenog Jones,0,8.8,1,1,1,1001,1,1001,0,1334.78,0
177714671,AUS / Gard (AUS) 9th Jan,R7 515m Final,09-01-2021 09:14,36807359,1. Thunder Tears,0,5.7,1,4.45497810595003005065682149909848029536,1,1001,1,1001,2329.4,2329.4,0
177759983,RPGTV / Crayfd 9th Jan,A10 380m,09-01-2021 18:44,36858429,3. Dece Gem,0,10,1,1,1,1001,1,1001,0,1648.5,0
177759991,RPGTV / Crayfd 9th Jan,S2 540m,09-01-2021 19:48,37098673,1. Woodcocks Fury,0,4.248847511,1,1,1,1001,1,1001,0,14108.76,0
177760451,SIS / Hove 9th Jan,D3 285m,09-01-2021 18:28,35839511,4. Tyrap Tusk,0,10.5,1,1,1,1001,1,1001,0,1730.06,0
177760451,SIS / Hove 9th Jan,D3 285m,09-01-2021 18:28,36973333,3. Pennys Sky,0,4.882084612,1,1,1,1001,1,1001,0,6269.64,0
177760487,SIS / Monm 9th Jan,A1 480m,09-01-2021 18:33,37979158,4. Droopys Dime,0,2.21315697,1,1,1,1001,1,1001,0,29995.82,0
177760291,SIS / Donc 9th Jan,B2 450m,09-01-2021 14:42,28233290,2. Ballymac Len,0,4.041474848633988,1,1,1,1001,1,1001,0,5063.22,0
177760309,SIS / Donc 9th Jan,D3 275m,09-01-2021 17:37,5430135,5. Custodian,0,10,1,1,1,1001,1,1001,0,3617.04,0
177760429,RPGTV / Sheff 9th Jan,A6 500m,09-01-2021 21:16,26916556,4. Keefill Orla,0,7.8,1,1,1,1001,1,1001,0,3201.44,0
177714685,AUS / WPrk (AUS) 9th Jan,R2 520m Gr5,09-01-2021 08:02,38079847,10. Goggins,0,102.868785045,1,58.6762996180036538780933399767480484969,1,1001,1,1001,240.84,240.84,0
177709881,AUS / Cran (AUS) 9th Jan,R11 311m Gr5,09-01-2021 01:17,36331265,6. Aston Mireya,1,5.775569030418738,1,4.4316584213246695709960865391715277265,1,1001,1,1001,2708.6,2708.6,0
177709706,AUS / Dubb (AUS) 9th Jan,R4 318m Mdn,09-01-2021 09:30,38123711,7. Irinka Susan,0,12.020189083,1,8.08199928956248889941388905334201645847,1,1001,1,1001,2702.56,2702.56,0
177709706,AUS / Dubb (AUS) 9th Jan,R4 318m Mdn,09-01-2021 09:30,38123712,8. Lightning Blazer,0,1.4306824381789736,1,1.35191421137974003764396731961396685037,1,1001,1,1001,19179.7,19179.7,0
177709712,AUS / Dubb (AUS) 9th Jan,R7 318m Gr5,09-01-2021 10:30,26676361,1. Rummy Tum Tum,0,9.779728742380392,1,5.89223884644939655562084708222212177372,1,1001,1,1001,884.92,884.92,0
177709877,AUS / Cran (AUS) 9th Jan,R9 311m Gr6/7,09-01-2021 00:42,27531218,1. Kibitzer,0,6.6,1,5.80309118159176566529280818143748209209,1,1001,1,1001,1814.84,1814.84,0
177734719,NZL / Mkau (NZL) 10th Jan,R2 318m C1,09-01-2021 23:35,33509611,3. Full Of Secrets,0,3.9,1,1,1,1001,1,1001,0,1658.18,0
177712554,AUS / Warr (AUS) 9th Jan,R2 450m Final,09-01-2021 07:21,38123794,4. Postman Pickett,0,16.707349022326227,1,12.0634958420618294927950231701898051165,1,1001,1,1001,630.12,630.12,0
177712558,AUS / Warr (AUS) 9th Jan,R4 450m Rest,09-01-2021 08:05,32211461,4. Annie My Mate,0,154.2975107193366,1,45.5358677685950413223140495867768595041,1,1001,1,1001,121,121,0
177714041,AUS / Cann (AUS) 9th Jan,R4 600m Gr5,09-01-2021 11:57,28092883,2. West On Bloom,0,50,1,1,1,1001,1,1001,0,666.82,0
177714045,AUS / Cann (AUS) 9th Jan,R6 715m Gr4/5,09-01-2021 12:47,20482256,5. Boom Down,0,9.8,1,1,1,1001,1,1001,0,3482.38,0
177714045,AUS / Cann (AUS) 9th Jan,R6 715m Gr4/5,09-01-2021 12:47,35608837,6. Zipping Vegas,0,22,1,1,1,1001,1,1001,0,1131.62,0
177714653,AUS / Gard (AUS) 9th Jan,R2 515m Rest,09-01-2021 07:24,37376208,8. Nitroglycerine,0,4.4,1,2.9481327168334942330166150093999288654,1,1001,1,1001,2361.72,2361.72,0
177714653,AUS / Gard (AUS) 9th Jan,R2 515m Rest,09-01-2021 07:24,38123760,7. Strawberry Elly,1,3.335423308457429,1,2.31508730059037809320437131013691747268,1,1001,1,1001,5095.04,5095.04,0
177714675,AUS / Gard (AUS) 9th Jan,R9 515m Gr4/5,09-01-2021 09:57,25111940,6. Grand Carter,0,6.8,1,4.88291529350119275795976337888335792391,1,1001,1,1001,1450.42,1450.42,0
177709647,AUS / AnPk (AUS) 9th Jan,R6 388m Rest,09-01-2021 00:17,22471318,2. Winsome Willow,0,8.82213627220364,1,5.60393865250343140180223190308527779435,1,1001,1,1001,1340.56,1340.56,0
177709883,AUS / Cran (AUS) 9th Jan,R12 311m Gr5,09-01-2021 01:35,22563380,4. Midnight Storm,0,38,1,23.0403071017274472168905950095969289827,1,1001,1,1001,416.8,416.8,0
177760705,SIS / Crayfd 9th Jan,A10 380m,09-01-2021 11:09,35506535,1. Busy Boy,0,2.143855535,1,2.35548868628602899470148658161995829096,1,1001,1,1001,283.02,19338.44,0
177760033,SIS / Romfd 9th Jan,A6 400m,09-01-2021 11:46,26281429,1. Ramat Coralie,0,8.083937435650444,1,1,1,1001,1,1001,0,2680.24,0
177760033,SIS / Romfd 9th Jan,A6 400m,09-01-2021 11:46,35940107,4. Mayses Matilda,0,7,1,1,1,1001,1,1001,0,3002.8,0
177760285,SIS / Donc 9th Jan,A5 483m,09-01-2021 13:49,38144704,3. Penguinscandance,0,2.24,1,1,1,1001,1,1001,0,12616.64,0
177760311,SIS / Donc 9th Jan,D3 275m,09-01-2021 17:54,36278869,4. Eden Bolt,0,5.870780001423409,1,1,1,1001,1,1001,0,3705.08,0
177760311,SIS / Donc 9th Jan,D3 275m,09-01-2021 17:54,37627263,2. Some Rosie,1,8.6,1,1,1,1001,1,1001,0,2668.36,0
177760335,SIS / Henl 9th Jan,A3 460m,09-01-2021 15:11,27332215,3. Westmead Mo,0,7.8,1,1,1,1001,1,1001,0,3097.44,0
177760337,SIS / Henl 9th Jan,A3 460m,09-01-2021 15:28,25667315,1. Seattle Sam,1,8.01028740041882,1,1,1,1001,1,1001,0,3366.82,0
177760351,SIS / Henl 9th Jan,A6 460m,09-01-2021 17:44,34923576,1. Onyx Penny,0,2.66,1,1,1,1001,1,1001,0,14736.14,0
177760027,SIS / Romfd 9th Jan,A9 400m,09-01-2021 11:01,37947497,4. Ballymacane Sky,0,2.4957828106255047,1,3.40017275620315856778740281954343107301,1,1001,1,1001,6568.26,18026.54,0
177760043,SIS / Romfd 9th Jan,A5 400m,09-01-2021 13:02,36436765,2. Newtown Freda,0,2.7,1,1,1,1001,1,1001,0,11742.1,0
177760449,SIS / Hove 9th Jan,A7 500m,09-01-2021 18:09,36868757,2. Rogue Apollo,0,5.716408739637981,1,1,1,1001,1,1001,0,4331.6,0
177760459,SIS / Hove 9th Jan,D3 285m,09-01-2021 19:36,26818311,3. Bulletproof Alf,0,6.8,1,1,1,1001,1,1001,0,5569.86,0
177760219,SIS / Harl 9th Jan,D3 238m,09-01-2021 09:52,22784561,1. Marvellous Blaze,0,3.515883483690703,1,3.19224012397304078319476558272248733212,1,1001,1,1001,4065.4,4065.4,0
177760219,SIS / Harl 9th Jan,D3 238m,09-01-2021 09:52,27151425,3. Leahs Joy,0,8.463207318100906,1,5.91916875441639365324082996081454358579,1,1001,1,1001,1868.04,1868.04,0
177760353,SIS / Henl 9th Jan,A8 460m,09-01-2021 18:02,37034111,1. Roman Coco,0,7.86952434776289,1,1,1,1001,1,1001,0,10394.68,0
177759698,TRP / PBarr 9th Jan,A8 480m,09-01-2021 11:51,36067053,5. Granny Babs,0,23.038495321,1,1,1,1001,1,1001,0,2096.28,0
177759704,TRP / PBarr 9th Jan,D4 275m,09-01-2021 12:36,19286119,6. Tommys Flash,0,6,1,1,1,1001,1,1001,0,3966.16,0
177760037,SIS / Romfd 9th Jan,A1 400m,09-01-2021 12:16,26976221,4. Whizzy Secret,0,10.826957297858314,1,1,1,1001,1,1001,0,1791.9,0
177760037,SIS / Romfd 9th Jan,A1 400m,09-01-2021 12:16,37095325,2. Chilli Blitz,0,7.693548623734095,1,1,1,1001,1,1001,0,2265.02,0
177760209,SIS / Harl 9th Jan,A7 415m,09-01-2021 08:27,38144716,4. Racecourse Breze,0,4.3,1,3.65208812052441154106469914854149084619,1,1001,1,1001,2393.54,2393.54,0
177760303,SIS / Donc 9th Jan,B1 450m,09-01-2021 16:38,38144712,3. Letter Cain,0,2.935991156599413,1,1,1,1001,1,1001,0,16043.98,0
177760307,SIS / Donc 9th Jan,B3 450m,09-01-2021 17:18,35735311,2. Electricity Fly,0,4.917222343891627,1,1,1,1001,1,1001,0,9511.42,0
177714012,AUS / Ipsw (AUS) 9th Jan,R5 520m Heat,09-01-2021 08:37,35980952,7. Heart Of Mine,0,11.519276485595437,1,10.6291298671377006374318408724368328085,1,1001,1,1001,1302.1,1302.1,0
177714681,AUS / Gard (AUS) 9th Jan,R12 400m M1/2/3,09-01-2021 11:10,16856237,7. Bowls And Holes,1,3.776181727,1,3.34794722611256955940651530423277408269,1,1001,1,1001,352.82,8162.58,0
177760469,SIS / Hove 9th Jan,A5 500m,09-01-2021 21:12,28737246,6. Kata Kia,0,10.762199146896672,1,1,1,1001,1,1001,0,1578.16,0
177760494,SIS / Monm 9th Jan,A3 480m,09-01-2021 19:24,26665529,6. Small Timmy,0,18.86656394864316,1,1,1,1001,1,1001,0,3113.46,0
177759700,TRP / PBarr 9th Jan,A3 480m,09-01-2021 12:06,23237340,3. Stonepark Louie,1,9.967212965587391,1,1,1,1001,1,1001,0,2737.42,0
177759700,TRP / PBarr 9th Jan,A3 480m,09-01-2021 12:06,37628732,5. Pennys Arbutus,0,3.0333825021013396,1,4.12490984635093277558942424511052856125,1,1001,1,1001,8,13327.96,0
177760703,SIS / Crayfd 9th Jan,S5 540m,09-01-2021 10:53,38146149,2. Island Dream,0,8.539556092460408,1,8.19849753694581280788177339901477832512,1,1001,1,1001,3572.8,3572.8,0
177760723,SIS / Crayfd 9th Jan,A5 380m,09-01-2021 13:24,36788428,1. Buster Moon,0,2.464298406,1,1,1,1001,1,1001,0,21108.6,0
177760725,SIS / Crayfd 9th Jan,A9 380m,09-01-2021 13:39,37308636,3. Daithis Belle,0,7.148410278366354,1,1,1,1001,1,1001,0,3891.78,0
177760725,SIS / Crayfd 9th Jan,A9 380m,09-01-2021 13:39,37510836,5. Castlehill Bart,0,6.6,1,1,1,1001,1,1001,0,3748.08,0
177710072,AUS / Mead (AUS) 9th Jan,R2 525m Gr6,09-01-2021 07:52,38123973,4. Black Avenger,0,2.6,1,2.27578553098602347911188883727433037627,1,1001,1,1001,8869.16,8869.16,0
177710074,AUS / Mead (AUS) 9th Jan,R3 525m Final,09-01-2021 08:09,36725381,2. Shy But Savage,0,34.733961006,1,16.0882265629638425458647509351065724633,1,1001,1,1001,673.72,673.72,0
177710086,AUS / Mead (AUS) 9th Jan,R9 525m Gr5,09-01-2021 10:08,26051421,3. Scatterbox,0,20.403272753,1,12.1379878553936072394235408719718143168,1,1001,1,1001,1098.43,1098.43,0
177710088,AUS / Mead (AUS) 9th Jan,R10 525m Gr5,09-01-2021 10:28,35909143,5. Daphs Ascend,0,10.34752271016012,1,7.93288093316704570464382657178490206148,1,1001,1,1001,1363.1,1363.1,0
177710090,AUS / Mead (AUS) 9th Jan,R11 525m Gr5,09-01-2021 10:48,35262967,8. Aratuza Bale,0,3.742586416,1,3.21591678590334229573840259542864929742,1,1001,1,1001,7631.88,7631.88,0
177709956,AUS / Gosf (AUS) 9th Jan,R5 388m Gr3,09-01-2021 00:29,36895763,6. Bellas Choice,0,3.6,1,2.72553563828277955906137388985046675936,1,1001,1,1001,5638.88,5638.88,0
177709958,AUS / Gosf (AUS) 9th Jan,R6 388m Gr3,09-01-2021 00:47,28736758,7. Paige,0,4.9,1,2.85749760360085020074184182376394426462,1,1001,1,1001,2879.32,2879.32,0
177714699,AUS / WPrk (AUS) 9th Jan,R9 520m FFA,09-01-2021 10:18,26432435,2. Ritza Coen,0,3.979182203342016,1,3.55992586346762938126207134823166639017,1,1001,1,1001,13140.62,13140.62,0
177714699,AUS / WPrk (AUS) 9th Jan,R9 520m FFA,09-01-2021 10:18,27202004,8. Ad Astra,0,2.565533789,1,2.17520932415056330217564093523570241487,1,1001,1,1001,22973.46,22973.46,0
177714699,AUS / WPrk (AUS) 9th Jan,R9 520m FFA,09-01-2021 10:18,28719689,1. Wyndsor Rose,0,42,1,25.303785818866345952729554486509098515,1,1001,1,1001,478.1,478.1,0
177760507,SIS / Monm 9th Jan,A2 480m,09-01-2021 20:43,36436524,4. Beatties Jet,1,4.5,1,1,1,1001,1,1001,0,5510.6,0
177760701,SIS / Crayfd 9th Jan,A10 380m,09-01-2021 10:37,25790700,4. Black Dapper,0,15.98533694431666,1,8.91752503780637429737210032242417325306,1,1001,1,1001,1401.88,1401.88,0
177760721,SIS / Crayfd 9th Jan,A8 380m,09-01-2021 13:09,36478006,1. Pesky Ollie,0,4.536806528437301,1,1,1,1001,1,1001,0,8031.7,0
177760207,SIS / Harl 9th Jan,D4 238m,09-01-2021 08:12,24739265,6. Sigyn,1,5.750003876,1,3.67508254409592492831696932835172473716,1,1001,1,1001,920.72,920.72,0
177714693,AUS / WPrk (AUS) 9th Jan,R6 520m Gr5,09-01-2021 09:18,38123815,8. Zipping Anthea,0,21,1,13.1681921650403527482848092198468664937,1,1001,1,1001,1256.42,1256.42,0
177760455,SIS / Hove 9th Jan,A2 500m,09-01-2021 18:58,23244239,1. Fagans Fiasco,0,8.06575586,1,1,1,1001,1,1001,0,3712.94,0
177712788,AUS / Warr (AUS) 9th Jan,R6 450m Final,09-01-2021 08:50,35760218,5. Alumni,0,26.44644558986881,1,18.3300467507145547603748919859083154233,1,1001,1,1001,451.33,451.33,0
177759999,RPGTV / Crayfd 9th Jan,S1 540m,09-01-2021 20:53,25871639,5. Slowlane Georgey,0,11.18,1,1,1,1001,1,1001,0,1902.2,0
177760003,RPGTV / Crayfd 9th Jan,H1 380m,09-01-2021 21:24,22391106,4. Toughest Test,1,6.220013282343278,1,1,1,1001,1,1001,0,5011.52,0
177714020,AUS / Ipsw (AUS) 9th Jan,R9 431m Gr5,09-01-2021 10:03,25064382,2. It Aint Lionel,1,3.5,1,3.04704951841856995546194519405866736874,1,1001,1,1001,4557.9,4557.9,0
177714022,AUS / Ipsw (AUS) 9th Jan,R10 431m Gr5,09-01-2021 10:24,38123650,3. Diamond Tina,1,6.1240000715490925,1,4.31647928595073746674349889042825791106,1,1001,1,1001,1631.26,1631.26,0
177760217,SIS / Harl 9th Jan,A6 415m,09-01-2021 09:34,37627279,1. Kiluran Rastaman,0,4.487038263299183,1,4.08577119128436621525469200172633003231,1,1001,1,1001,5143.86,5143.86,0
177760305,SIS / Donc 9th Jan,B3 450m,09-01-2021 16:58,35387608,2. Nomorenoodles,0,6.86727008878137,1,1,1,1001,1,1001,0,3780.28,0
177760343,SIS / Henl 9th Jan,A9 460m,09-01-2021 16:28,26523685,6. Crossfield Pedro,0,11,1,1,1,1001,1,1001,0,3554.28,0
177760409,RPGTV / Sheff 9th Jan,D4 280m,09-01-2021 18:36,38145617,1. Dayz Flyer,0,9.411705837,1,1,1,1001,1,1001,0,4815,0
177709649,AUS / AnPk (AUS) 9th Jan,R7 515m Rest,09-01-2021 00:34,36662280,5. Indeed,1,10.670748315495441,1,6.17353461907529294103336892324742198375,1,1001,1,1001,1479.82,1479.82,0
177709702,AUS / Dubb (AUS) 9th Jan,R2 516m Rest,09-01-2021 08:44,28230540,7. Nerves Of Zeal,0,38,1,25.0440584867708494507194801175924493269,1,1001,1,1001,517.04,517.04,0
177712786,AUS / Warr (AUS) 9th Jan,R11 390m Gr2/3,09-01-2021 10:37,28605082,1. Aston Mirage,1,2.96,1,2.48045391082826541975980090928140399453,1,1001,1,1001,8494.62,8494.62,0
177714671,AUS / Gard (AUS) 9th Jan,R7 515m Final,09-01-2021 09:14,26908453,2. Tigress Eye,0,12.5,1,9.64230484372685528069915568063990519923,1,1001,1,1001,675.1,675.1,0
177759983,RPGTV / Crayfd 9th Jan,A10 380m,09-01-2021 18:44,24604174,6. Kelva Charlotte,0,10.777311826698131,1,1,1,1001,1,1001,0,1408.48,0
177710082,AUS / Mead (AUS) 9th Jan,R7 600m Gr5,09-01-2021 09:28,34316572,5. Weblec Diamond,0,9.482002831809677,1,6.92834009489101285841985835109674757615,1,1001,1,1001,1745.16,1745.16,0
177760333,SIS / Henl 9th Jan,A5 460m,09-01-2021 14:52,23727573,1. Pyewacket,0,2.075832631190133,1,1,1,1001,1,1001,0,19336.92,0
177760407,RPGTV / Sheff 9th Jan,A7 500m,09-01-2021 18:19,35391225,6. Rockmount Dove,0,12.862072060346254,1,1,1,1001,1,1001,0,1841.5,0
177760407,RPGTV / Sheff 9th Jan,A7 500m,09-01-2021 18:19,37444946,3. Highview Brandy,0,6.6,1,1,1,1001,1,1001,0,3023.72,0
177760413,RPGTV / Sheff 9th Jan,A6 500m,09-01-2021 19:09,36574824,1. Alton Sky,0,2.54,1,1,1,1001,1,1001,0,14270.44,0
177760413,RPGTV / Sheff 9th Jan,A6 500m,09-01-2021 19:09,38145619,3. Karakal Jon,1,21.702854093,1,1,1,1001,1,1001,0,992.06,0
177760415,RPGTV / Sheff 9th Jan,A4 500m,09-01-2021 19:26,27284964,6. Slide Away,0,6.4,1,1,1,1001,1,1001,0,7276.72,0
177760415,RPGTV / Sheff 9th Jan,A4 500m,09-01-2021 19:26,36326448,5. Baby Guinness,1,5.411935951755731,1,1,1,1001,1,1001,0,5035,0
177714008,AUS / Ipsw (AUS) 9th Jan,R3 630m Rest,09-01-2021 07:55,26842972,8. Night Shift,0,72.49180147362081,1,42.2856264726974695215654133797766622272,1,1001,1,1001,195.22,195.22,0
177714683,AUS / WPrk (AUS) 9th Jan,R1 520m Gr5,09-01-2021 07:44,26221961,8. Sierra Moon,1,5.6,1,3.94789602981375194466173872535663118666,1,1001,1,1001,9101.84,9101.84,0
177714695,AUS / WPrk (AUS) 9th Jan,R7 520m Gr5,09-01-2021 09:40,37384645,4. Super Estrella,1,1.6129912993440851,1,1.57978570097675388884727689384958893883,1,1001,1,1001,32309.06,32309.06,0
177709704,AUS / Dubb (AUS) 9th Jan,R3 318m Mdn,09-01-2021 09:04,36447871,3. Tiny Sparks,0,18.106002931878912,1,17.1464934963427104976909899758351842323,1,1001,1,1001,1535.29,1535.29,0
177709708,AUS / Dubb (AUS) 9th Jan,R5 318m Gr4/5,09-01-2021 09:51,35381964,6. Midnight Diesel,1,5.791178026251146,1,5.23565236427320490367775831873905429072,1,1001,1,1001,2740.8,2740.8,0
177709708,AUS / Dubb (AUS) 9th Jan,R5 318m Gr4/5,09-01-2021 09:51,27385460,3. Swift Jill,0,13,1,10.3445920428235989556821727065237024023,1,1001,1,1001,1218.02,1218.02,0
177709710,AUS / Dubb (AUS) 9th Jan,R6 318m Rest,09-01-2021 10:11,28396303,1. Fusion Crumble,0,7.35662235,1,5.72405952728333819667347534286548001167,1,1001,1,1001,1713.5,1713.5,0
177709712,AUS / Dubb (AUS) 9th Jan,R7 318m Gr5,09-01-2021 10:30,31957594,2. Meekas Angel,1,2.6,1,2.32069599143585554812999678225786490433,1,1001,1,1001,6464.16,6464.16,0
177709873,AUS / Cran (AUS) 9th Jan,R7 520m Gr5,09-01-2021 00:07,36699228,3. Ripplebrook Snip,0,12.849023986883694,1,8.11339998387486898331048939772635652665,1,1001,1,1001,496.12,496.12,0
177709873,AUS / Cran (AUS) 9th Jan,R7 520m Gr5,09-01-2021 00:07,28699421,5. Wheres The Rum,0,12,1,7.51412212738017071569271175311884438608,1,1001,1,1001,761.5,761.5,0
177709873,AUS / Cran (AUS) 9th Jan,R7 520m Gr5,09-01-2021 00:07,25975477,7. Tech Stock,0,13.191400585834053,1,7.84145433927495658953187568659413870088,1,1001,1,1001,564.38,564.38,0
177734721,NZL / Mkau (NZL) 10th Jan,R3 318m C1,09-01-2021 23:58,20439146,5. Always Dreaming,1,11.807567962578906,1,1,1,1001,1,1001,0,604.02,0
177712558,AUS / Warr (AUS) 9th Jan,R4 450m Rest,09-01-2021 08:05,35063036,7. Mr Blurton,0,13,1,6.2250077918030232195730091943275673991,1,1001,1,1001,513.36,513.36,0
177709647,AUS / AnPk (AUS) 9th Jan,R6 388m Rest,09-01-2021 00:17,24138610,3. Bottled Fury,0,11.5,1,8.21801335397716276369266498935552544997,1,1001,1,1001,1240.08,1240.08,0
177709647,AUS / AnPk (AUS) 9th Jan,R6 388m Rest,09-01-2021 00:17,25519991,9. Burnt Gold,0,3.15,1,2.54618093251307377369067132142679751084,1,1001,1,1001,5637.24,5637.24,0
177709883,AUS / Cran (AUS) 9th Jan,R12 311m Gr5,09-01-2021 01:35,26503546,6. Lewis Osti,0,12.715730731,1,10.1671400660022657494212487891375375573,1,1001,1,1001,1218.14,1218.14,0
177760705,SIS / Crayfd 9th Jan,A10 380m,09-01-2021 11:09,23385300,6. Skiproe Liz,0,16.882323716136376,1,9.18136718717596166670195675924526878229,1,1001,1,1001,10.56,1710.76,0
177760215,SIS / Harl 9th Jan,D4 238m,09-01-2021 09:18,18610547,6. Baunaniska Rose,0,4.2,1,3.24693936621164870870758715990364325596,1,1001,1,1001,2142.04,2142.04,0
177760225,SIS / Harl 9th Jan,A7 415m,09-01-2021 10:41,30440863,1. Randr Ruby,0,6.896633063423322,1,5.91646962222382794794821096608488304113,1,1001,1,1001,3044.66,3044.66,0
177760351,SIS / Henl 9th Jan,A6 460m,09-01-2021 17:44,37273967,6. Honey Sasha,0,18.81411383842584,1,1,1,1001,1,1001,0,2124.24,0
177760485,SIS / Monm 9th Jan,A1 480m,09-01-2021 18:17,37627281,1. Jupiter Rising,0,4.5219728286570735,1,1,1,1001,1,1001,0,13008.94,0
177760213,SIS / Harl 9th Jan,A7 415m,09-01-2021 09:02,37215596,2. Moaning Minogue,0,6.2,1,4.72102222558591286359393526577360680138,1,1001,1,1001,1585.56,1585.56,0
177760219,SIS / Harl 9th Jan,D3 238m,09-01-2021 09:52,4590496,2. Papas Girl,0,12.57293330380373,1,8.07850034389343514450542509439523883048,1,1001,1,1001,1424.86,1424.86,0
177759692,TRP / PBarr 9th Jan,A2 480m,09-01-2021 11:06,38145744,2. Buckos Ally,0,24.766775411835987,1,1,1,1001,1,1001,0,1159.48,0
177760037,SIS / Romfd 9th Jan,A1 400m,09-01-2021 12:16,16415524,6. Rosaleda Bella,0,38,1,1,1,1001,1,1001,0,672.72,0
177760209,SIS / Harl 9th Jan,A7 415m,09-01-2021 08:27,36436175,1. Moaning Lily,0,4.7,1,4.16972732581645029423655720767261129329,1,1001,1,1001,2226.1,2226.1,0
177760297,SIS / Donc 9th Jan,B3 450m,09-01-2021 15:38,37339879,2. Lisduff Ella,0,10.816998967397083,1,1,1,1001,1,1001,0,2080.94,0
177760307,SIS / Donc 9th Jan,B3 450m,09-01-2021 17:18,18903237,6. Slaneyside Tory,0,6.2,1,1,1,1001,1,1001,0,4408.28,0
177759710,TRP / PBarr 9th Jan,A7 480m,09-01-2021 13:21,36401517,2. Rory The Rocket,0,13.140037363221712,1,1,1,1001,1,1001,0,1659.12,0
177714037,AUS / Cann (AUS) 9th Jan,R8 520m Gr5,09-01-2021 13:17,25887485,4. Molfetta Bound,0,38,1,1,1,1001,1,1001,0,337.24,0
177714651,AUS / Gard (AUS) 9th Jan,R1 515m Rest,09-01-2021 07:09,36156273,2. Plodder,0,32,1,10.9762145748987854251012145748987854251,1,1001,1,1001,197.6,197.6,0
177714651,AUS / Gard (AUS) 9th Jan,R1 515m Rest,09-01-2021 07:09,36297239,8. Halo Nismo,0,9.848311745818863,1,7.02255723796378988390030039782414548997,1,1001,1,1001,1970.72,1970.72,0
177709651,AUS / AnPk (AUS) 9th Jan,R8 515m Rest,09-01-2021 00:52,27462826,3. Burning Glow,0,18.591662604,1,10.2065051204384826193566998413385258907,1,1001,1,1001,693.3,693.3,0
177709651,AUS / AnPk (AUS) 9th Jan,R8 515m Rest,09-01-2021 00:52,25487385,2. Rippin Manu,0,18.743218866589018,1,9.95285764908372987749316594107522527083,1,1001,1,1001,790.16,790.16,0
177760494,SIS / Monm 9th Jan,A3 480m,09-01-2021 19:24,28568246,3. Harveys Gem,1,4.4,1,1,1,1001,1,1001,0,5742.34,0
177760711,SIS / Crayfd 9th Jan,S4 540m,09-01-2021 11:54,38146153,5. Deanridge Alfie,0,5.457406458,1,1,1,1001,1,1001,0,4796.72,0
177710078,AUS / Mead (AUS) 9th Jan,R5 600m Final,09-01-2021 08:47,26419255,8. Aston Cade,0,9.252138447,1,7.08808154577674500346608605657042989231,1,1001,1,1001,2048.42,2048.42,0
177710088,AUS / Mead (AUS) 9th Jan,R10 525m Gr5,09-01-2021 10:28,26310129,8. Summer Lights,0,8.963855771622619,1,6.52364586378941213087232497382742131721,1,1001,1,1001,2120.54,2120.54,0
177710090,AUS / Mead (AUS) 9th Jan,R11 525m Gr5,09-01-2021 10:48,34316569,2. Full Moon Party,1,11.5,1,7.27628362586158129010167775743230166883,1,1001,1,1001,1343.46,1343.46,0
177710090,AUS / Mead (AUS) 9th Jan,R11 525m Gr5,09-01-2021 10:48,36036668,4. Stanley Keeping,0,4.4491265083133475,1,3.14009179720861549312071939036955815017,1,1001,1,1001,7259.48,7259.48,0
177710090,AUS / Mead (AUS) 9th Jan,R11 525m Gr5,09-01-2021 10:48,36807220,5. Enicka Bale,0,6.061649357,1,4.32994488836708132345160256286472353425,1,1001,1,1001,5178.58,5178.58,0
177714016,AUS / Ipsw (AUS) 9th Jan,R7 431m Gr4/5,09-01-2021 09:23,24740261,8. Naturally Gifted,0,37.19413349,1,20.5128095796468038233308460363145364744,1,1001,1,1001,562.86,562.86,0
177710092,AUS / Mead (AUS) 9th Jan,R12 525m Gr5,09-01-2021 11:13,27385391,1. Rezzies Choice,0,12.16658565985039,1,1,1,1001,1,1001,0,1973.06,0
177710092,AUS / Mead (AUS) 9th Jan,R12 525m Gr5,09-01-2021 11:13,28090282,3. Coconut Miss,0,32.02901274961547,1,1,1,1001,1,1001,0,793.82,0
177710092,AUS / Mead (AUS) 9th Jan,R12 525m Gr5,09-01-2021 11:13,27017655,7. Lady Pandora,0,19.5,1,1,1,1001,1,1001,0,1144.55,0
177709960,AUS / Gosf (AUS) 9th Jan,R7 388m Gr5,09-01-2021 01:04,28124312,8. Steel Panther,1,9.4,1,7.81549418441310333202225094116986008878,1,1001,1,1001,1423.76,1423.76,0
177760463,SIS / Hove 9th Jan,A11 500m,09-01-2021 20:17,36629064,2. Jofra,1,4.698482271403353,1,1,1,1001,1,1001,0,5276.74,0
177760709,SIS / Crayfd 9th Jan,A4 380m,09-01-2021 11:39,36532025,2. Prosecco Rose,0,22.92535551241367,1,1,1,1001,1,1001,0,2525.04,0
177760717,SIS / Crayfd 9th Jan,A7 380m,09-01-2021 12:39,25316420,3. Iveshead Elsie,1,6.566935975628439,1,1,1,1001,1,1001,0,3583.58,0
177760717,SIS / Crayfd 9th Jan,A7 380m,09-01-2021 12:39,26714680,6. Swift Dynamic,0,8.2,1,1,1,1001,1,1001,0,2795.44,0
177760721,SIS / Crayfd 9th Jan,A8 380m,09-01-2021 13:09,24548660,4. Fane Aiseydaisey,0,6.44674082980886,1,1,1,1001,1,1001,0,4800.6,0
177760221,SIS / Harl 9th Jan,A6 415m,09-01-2021 10:07,36628512,5. Balistic Boy,0,11.287151931208498,1,7.11827105471555645591999852667636604726,1,1001,1,1001,1085.98,1085.98,0
177760421,RPGTV / Sheff 9th Jan,A5 500m,09-01-2021 20:12,37345366,4. Easy Edge,0,3.05,1,1,1,1001,1,1001,0,12648.18,0
177760431,RPGTV / Sheff 9th Jan,A8 500m,09-01-2021 21:31,26934450,5. Harton Boris,1,7,1,1,1,1001,1,1001,0,2570.54,0
177760431,RPGTV / Sheff 9th Jan,A8 500m,09-01-2021 21:31,38165901,1. Stunning Ivy (res),0,6.2,1,1,1,1001,1,1001,0,2717.5,0
177760431,RPGTV / Sheff 9th Jan,A8 500m,09-01-2021 21:31,28643364,4. Blackrock Sirius,0,8.281204226439296,1,1,1,1001,1,1001,0,2439.32,0
177714667,AUS / Gard (AUS) 9th Jan,R5 400m Gr4/5,09-01-2021 08:34,33664449,1. Winlock Augustus,0,4.9,1,4.96831726793291847995553205623568010195,1,1001,1,1001,2950.44,2950.44,0
177714667,AUS / Gard (AUS) 9th Jan,R5 400m Gr4/5,09-01-2021 08:34,28151870,4. Fab Nikki,0,7.2,1,5.58450398863058745422670359651033724416,1,1001,1,1001,1927.98,1927.98,0
177714689,AUS / WPrk (AUS) 9th Jan,R4 520m Gr5,09-01-2021 08:39,35608382,4. Supersound,0,5.975209661543266,1,4.76496267838807554309579021446947934332,1,1001,1,1001,3467.16,3467.16,0
177760465,SIS / Hove 9th Jan,A8 500m,09-01-2021 20:38,18617869,1. Freeky Bug,0,7.258040958,1,1,1,1001,1,1001,0,3759.12,0
177759997,RPGTV / Crayfd 9th Jan,A5 380m,09-01-2021 20:34,27063881,6. Jaguar Tiger,0,13.27355673751287,1,1,1,1001,1,1001,0,1536.14,0
177760005,RPGTV / Crayfd 9th Jan,A2 380m,09-01-2021 21:40,35840418,4. Ballyfore Paddy,1,3.900282838,1,1,1,1001,1,1001,0,14293.76,0
177760331,SIS / Henl 9th Jan,A4 460m,09-01-2021 14:32,35377995,6. Tuckeys Prince,0,7.6,1,1,1,1001,1,1001,0,4296.8,0
177760349,SIS / Henl 9th Jan,A8 460m,09-01-2021 17:28,26242587,4. Fieldview Jonny,0,4.7,1,1,1,1001,1,1001,0,7398.3,0
177709700,AUS / Dubb (AUS) 9th Jan,R1 400m Mdn,09-01-2021 08:19,36272752,4. Active Nugget,0,5.565794372182355,1,4.23019735880808783147160038494288838168,1,1001,1,1001,3969.42,3969.42,0
177714029,AUS / Cann (AUS) 9th Jan,R1 380m Nvce,09-01-2021 11:03,28217553,6. Kiss This Moment,0,19.5,1,23.8721173559013269706716422017748269028,1,1001,1,1001,18.46,591.22,0
177714043,AUS / Cann (AUS) 9th Jan,R5 600m Gr5,09-01-2021 12:22,27271319,3. West On Olvee,0,5.155912984,1,1,1,1001,1,1001,0,4408.96,0
177714043,AUS / Cann (AUS) 9th Jan,R5 600m Gr5,09-01-2021 12:22,28535883,4. Void All Tickets,0,150,1,1,1,1001,1,1001,0,301.4,0
177759991,RPGTV / Crayfd 9th Jan,S2 540m,09-01-2021 19:48,37308918,3. Lady Order,2,7.0419207065712905,1,1,1,1001,1,1001,0,4020.52,0
177710082,AUS / Mead (AUS) 9th Jan,R7 600m Gr5,09-01-2021 09:28,28434943,9. Aston Kipchoge,0,16.5,1,11.0001557053882635277984115193417518999,1,1001,1,1001,1400.08,1400.08,0
177710082,AUS / Mead (AUS) 9th Jan,R7 600m Gr5,09-01-2021 09:28,27453929,3. Elsa Rose,0,40.87705216287053,1,22.4345874587458745874587458745874587459,1,1001,1,1001,303,303,0
177760327,SIS / Henl 9th Jan,A7 460m,09-01-2021 13:57,35553622,5. Makeit Darcy,0,6.4,1,1,1,1001,1,1001,0,2663.2,0
177760487,SIS / Monm 9th Jan,A1 480m,09-01-2021 18:33,21726764,3. Tommys Sunshine,0,17.706241874671534,1,1,1,1001,1,1001,0,2353.16,0
177760487,SIS / Monm 9th Jan,A1 480m,09-01-2021 18:33,22785430,1. Stay Later,0,5.8,1,1,1,1001,1,1001,0,12949.2,0
177760429,RPGTV / Sheff 9th Jan,A6 500m,09-01-2021 21:16,28789704,6. Aberama Gold,0,3.55,1,1,1,1001,1,1001,0,10895.72,0
177760429,RPGTV / Sheff 9th Jan,A6 500m,09-01-2021 21:16,36261081,5. Aldworth Buzzer,1,8.061660023794756,1,1,1,1001,1,1001,0,3022.42,0
177714008,AUS / Ipsw (AUS) 9th Jan,R3 630m Rest,09-01-2021 07:55,35772652,7. Thursday Shiraz,1,15.151376411560921,1,7.5553615131280780735414085868809861921,1,1001,1,1001,661.94,661.94,0
177759696,TRP / PBarr 9th Jan,A5 480m,09-01-2021 11:36,25723687,6. Lissan Kels,0,2.84,1,1,1,1001,1,1001,0,13036.04,0
177709710,AUS / Dubb (AUS) 9th Jan,R6 318m Rest,09-01-2021 10:11,36739783,8. Sienna Keeping,0,5.3843567994597095,1,4.01446923486972480050783523025526044867,1,1001,1,1001,4914.98,4914.98,0
177709714,AUS / Dubb (AUS) 9th Jan,R8 400m Gr5,09-01-2021 10:55,11512416,4. Swift Chester,0,16.13353108973021,1,10.4371312817382135027888003995893109859,1,1001,1,1001,720.74,720.74,0
177709714,AUS / Dubb (AUS) 9th Jan,R8 400m Gr5,09-01-2021 10:55,34845604,7. Active Zeus,0,12,1,8.02451837140019860973187686196623634558,1,1001,1,1001,1007,1007,0
177734717,NZL / Mkau (NZL) 10th Jan,R1 318m C0,09-01-2021 23:10,36190896,5. Romantic Dancer,0,2.8672767151937304,1,1,1,1001,1,1001,0,7908.84,0
177734719,NZL / Mkau (NZL) 10th Jan,R2 318m C1,09-01-2021 23:35,19956403,2. Tribal Conquest,0,18.999679131763987,1,1,1,1001,1,1001,0,1761.82,0
177734719,NZL / Mkau (NZL) 10th Jan,R2 318m C1,09-01-2021 23:35,24313411,1. Bigtime Thor,0,7.4,1,1,1,1001,1,1001,0,772.54,0
177734721,NZL / Mkau (NZL) 10th Jan,R3 318m C1,09-01-2021 23:58,26951695,6. Just Nia,0,11.5,1,1,1,1001,1,1001,0,313.78,0
177712554,AUS / Warr (AUS) 9th Jan,R2 450m Final,09-01-2021 07:21,38123792,2. Shima Classic,1,3.511197932,1,2.40720631725246884533762959685134575053,1,1001,1,1001,6417.98,6417.98,0
177712558,AUS / Warr (AUS) 9th Jan,R4 450m Rest,09-01-2021 08:05,29228929,6. Rowers Rule,0,14.076559114,1,6.06135523365052427419843626886477968362,1,1001,1,1001,329.98,329.98,0
177714014,AUS / Ipsw (AUS) 9th Jan,R6 288m Final,09-01-2021 08:57,26406015,4. Blackpool Amour,0,66.88002149341162,1,34.4502069551066614780486079173594651007,1,1001,1,1001,282.67,282.67,0
177714031,AUS / Cann (AUS) 9th Jan,R2 520m Nvce,09-01-2021 11:25,37874548,4. Fame Blazer,0,11.484957964554777,1,1,1,1001,1,1001,0,1553.72,0
177714041,AUS / Cann (AUS) 9th Jan,R4 600m Gr5,09-01-2021 11:57,27132706,8. Redcap Monelli,1,10.749737738572426,1,1,1,1001,1,1001,0,3480.18,0
177714673,AUS / Gard (AUS) 9th Jan,R8 400m Gr5,09-01-2021 09:36,36474307,8. Alice Almighty,0,12.148846559894444,1,9.32118619489559164733178654292343387471,1,1001,1,1001,689.6,689.6,0
177709647,AUS / AnPk (AUS) 9th Jan,R6 388m Rest,09-01-2021 00:17,23691498,1. Artistic Lee,1,4.9,1,3.67543220707603158337080971092811170664,1,1001,1,1001,2712.82,2712.82,0
177760705,SIS / Crayfd 9th Jan,A10 380m,09-01-2021 11:09,28789121,4. Madisons Pride,0,13,1,10.2700992745201389190591281660818013289,1,1001,1,1001,5.92,1540.1,0
177760047,SIS / Romfd 9th Jan,A4 400m,09-01-2021 13:33,32114093,6. Keefill John,0,4.1,1,1,1,1001,1,1001,0,7901.24,0
177760211,SIS / Harl 9th Jan,D4 238m,09-01-2021 08:43,35957846,2. Ballydaniel Jane,0,7.6,1,4.612,1,1001,1,1001,1057.5,1057.5,0
177760215,SIS / Harl 9th Jan,D4 238m,09-01-2021 09:18,25613353,3. Clares Diva,0,4.8,1,3.21613611132625926212790127281646141533,1,1001,1,1001,1549.32,1549.32,0
177760295,SIS / Donc 9th Jan,B3 450m,09-01-2021 15:18,28715466,3. Be My Guest,0,8.236252970599455,1,1,1,1001,1,1001,0,1751.6,0
177760433,RPGTV / Sheff 9th Jan,A6 500m,09-01-2021 21:45,28640540,3. Kennys Hero,0,7.4,1,1,1,1001,1,1001,0,4766.7,0
177760433,RPGTV / Sheff 9th Jan,A6 500m,09-01-2021 21:45,37034997,2. Boomtown Bally,0,3.55,1,1,1,1001,1,1001,0,13732.04,0
177759702,TRP / PBarr 9th Jan,A4 480m,09-01-2021 12:21,38145749,3. Xperia Dream,0,3.877935922496836,1,1,1,1001,1,1001,0,3237.26,0
177760023,SIS / Romfd 9th Jan,A10 400m,09-01-2021 10:31,19682836,5. Swabys Elsie,0,26.320195943,1,16.5983215816720935135515003865164328047,1,1001,1,1001,1707.56,1707.56,0
177760025,SIS / Romfd 9th Jan,A7 400m,09-01-2021 10:46,26146229,5. Trapstyle Shadow,0,16,1,11.173177504038772213247172859450726979,1,1001,1,1001,792.32,792.32,0
177760027,SIS / Romfd 9th Jan,A9 400m,09-01-2021 11:01,35484099,5. Bubbly Posh,1,16.481318807677603,1,13.7461434065113436229633308500057978978,1,1001,1,1001,307.42,1726.26,0
177760027,SIS / Romfd 9th Jan,A9 400m,09-01-2021 11:01,35701973,3. Melville Kizzy,0,28.223219937,1,15.3492756208353337615372041925793216259,1,1001,1,1001,739.34,2139.5,0
177760043,SIS / Romfd 9th Jan,A5 400m,09-01-2021 13:02,28640472,1. Mustang Birdie,1,7.2,1,1,1,1001,1,1001,0,3594.42,0
177760329,SIS / Henl 9th Jan,A7 460m,09-01-2021 14:12,36234117,6. Bellagors Ace,1,2.408888597,1,1,1,1001,1,1001,0,12380.12,0
177760353,SIS / Henl 9th Jan,A8 460m,09-01-2021 18:02,35824806,3. Footfield Swift,0,8.6,1,1,1,1001,1,1001,0,3822.4,0
177759704,TRP / PBarr 9th Jan,D4 275m,09-01-2021 12:36,24299124,4. Stormy Francis,0,7.748194259539255,1,1,1,1001,1,1001,0,2909.62,0
177760209,SIS / Harl 9th Jan,A7 415m,09-01-2021 08:27,19431680,6. Shades Of Blue,0,5.155118876413617,1,3.3361419672302779668114955766110035073,1,1001,1,1001,1910.3,1910.3,0
177759989,RPGTV / Crayfd 9th Jan,A3 380m,09-01-2021 19:31,25579768,6. Deanridge Banger,0,25.284768066171093,1,1,1,1001,1,1001,0,1749.4,0
177759993,RPGTV / Crayfd 9th Jan,A7 380m,09-01-2021 20:04,25589088,4. Earls Madison,1,6.6,1,1,1,1001,1,1001,0,2734.82,0
177760045,SIS / Romfd 9th Jan,A4 400m,09-01-2021 13:17,23546766,6. Busy Lizzie,0,7.8,1,1,1,1001,1,1001,0,3704.6,0
177760045,SIS / Romfd 9th Jan,A4 400m,09-01-2021 13:17,38036904,2. Westlake Carly,0,12,1,1,1,1001,1,1001,0,1933.06,0
177760289,SIS / Donc 9th Jan,A2 483m,09-01-2021 14:23,37510388,1. Kilrush Jake,1,4.388147277106001,1,1,1,1001,1,1001,0,10306.12,0
177760307,SIS / Donc 9th Jan,B3 450m,09-01-2021 17:18,28114741,3. Riu Darcy,0,5.889198767224441,1,1,1,1001,1,1001,0,9966.64,0
177759694,TRP / PBarr 9th Jan,D3 275m,09-01-2021 11:21,14054435,5. Harwell Trixie,0,11,1,1,1,1001,1,1001,0,2213,0
177714006,AUS / Ipsw (AUS) 9th Jan,R2 520m Nvce/Mdn,09-01-2021 07:38,38014963,6. Diversion,0,16.449565811446462,1,11.4593240524003121021723953841731345735,1,1001,1,1001,974.04,974.04,0
177714006,AUS / Ipsw (AUS) 9th Jan,R2 520m Nvce/Mdn,09-01-2021 07:38,28237842,8. Double Digit,1,12,1,7.69405583863478759007447161335061959176,1,1001,1,1001,1326.68,1326.68,0
177709718,AUS / Dubb (AUS) 9th Jan,R10 400m Gr5,09-01-2021 11:39,35980604,2. Tibetan,0,6.6,1,1,1,1001,1,1001,0,3257.88,0
177709651,AUS / AnPk (AUS) 9th Jan,R8 515m Rest,09-01-2021 00:52,37169558,7. Mr. Milford,0,22.788689456538414,1,21.4200396411433340287919883162945962863,1,1001,1,1001,383.44,383.44,0
177709655,AUS / AnPk (AUS) 9th Jan,R10 388m Rest,09-01-2021 01:27,36420991,1. Stitch Em Ringo,1,2.4784509801776586,1,2.2322653289205808964012403036029358028,1,1001,1,1001,7662.64,7662.64,0
177760489,SIS / Monm 9th Jan,D2 264m,09-01-2021 18:48,35175682,5. Final Supreme,0,7.521323683136506,1,1,1,1001,1,1001,0,3716.56,0
177760725,SIS / Crayfd 9th Jan,A9 380m,09-01-2021 13:39,36587380,2. Too Many Men,0,2.8462171922887505,1,1,1,1001,1,1001,0,12755.36,0
177710072,AUS / Mead (AUS) 9th Jan,R2 525m Gr6,09-01-2021 07:52,33937910,3. Smithy Keeping,0,9.810017985245215,1,7.22965431346309276164986153988843692446,1,1001,1,1001,3018.92,3018.92,0
177710076,AUS / Mead (AUS) 9th Jan,R4 525m Final,09-01-2021 08:32,28237678,7. Secret Chimp,0,75,1,47.6921615201900237529691211401425178147,1,1001,1,1001,336.8,336.8,0
177710086,AUS / Mead (AUS) 9th Jan,R9 525m Gr5,09-01-2021 10:08,28170057,4. Abelero Bale,1,3.9888329445749697,1,3.27550312283136710617626648160999306037,1,1001,1,1001,6513.32,6513.32,0
177714016,AUS / Ipsw (AUS) 9th Jan,R7 431m Gr4/5,09-01-2021 09:23,12672532,6. Thunder Road,0,40,1,20.6249850567842199641362821279139270771,1,1001,1,1001,501.9,501.9,0
177710092,AUS / Mead (AUS) 9th Jan,R12 525m Gr5,09-01-2021 11:13,26733927,4. Aston Corinna,0,2.450605379350746,1,2.31913679437705580437681540403378621531,1,1001,1,1001,413.56,19214.4,0
177712780,AUS / Warr (AUS) 9th Jan,R8 390m Final,09-01-2021 09:33,35920910,1. Deep Dive,0,20.575362214762723,1,16.7858233584552485099256194276144032314,1,1001,1,1001,1015.05,1015.05,0
177712780,AUS / Warr (AUS) 9th Jan,R8 390m Final,09-01-2021 09:33,38123807,5. Remnants,0,16,1,14.8086758217242575975410242427247037827,1,1001,1,1001,1008.55,1008.55,0
177712780,AUS / Warr (AUS) 9th Jan,R8 390m Final,09-01-2021 09:33,35784376,2. Jullisa Bale,0,120,1,77.2278774946654951675662106188025605623,1,1001,1,1001,318.68,318.68,0
177714669,AUS / Gard (AUS) 9th Jan,R6 400m Gr5,09-01-2021 08:54,24823159,5. Millicent Miss,0,108.103697005,1,49.3655367231638418079096045197740112994,1,1001,1,1001,212.4,212.4,0
177709954,AUS / Gosf (AUS) 9th Jan,R4 388m N/G,09-01-2021 00:12,22125252,1. Shes A Runner,1,11,1,7.57181048510118987084307942642123461812,1,1001,1,1001,1573.28,1573.28,0
177760453,SIS / Hove 9th Jan,A6 500m,09-01-2021 18:43,37981454,3. Sharp Teddy,0,5.191709054,1,1,1,1001,1,1001,0,7770.2,0
177760453,SIS / Hove 9th Jan,A6 500m,09-01-2021 18:43,36041450,4. Galaxy Royale,0,6.970766992,1,1,1,1001,1,1001,0,4054.12,0
177760721,SIS / Crayfd 9th Jan,A8 380m,09-01-2021 13:09,38146155,5. Trapper Mary,0,12.5,1,1,1,1001,1,1001,0,2110.98,0
177714689,AUS / WPrk (AUS) 9th Jan,R4 520m Gr5,09-01-2021 08:39,27166795,7. Zipping Brady,0,30,1,14.0357984861645365429954088596600074451,1,1001,1,1001,322.36,322.36,0
177760461,SIS / Hove 9th Jan,A1 500m,09-01-2021 19:56,23931416,3. Fayes Jet,0,6,1,1,1,1001,1,1001,0,5685.16,0
177760713,SIS / Crayfd 9th Jan,A10 380m,09-01-2021 12:09,35927617,3. Kippers Daisy,0,4.6915284435085045,1,1,1,1001,1,1001,0,8497.32,0
177714701,AUS / WPrk (AUS) 9th Jan,R10 520m M1/2/3,09-01-2021 10:41,20272400,2. Bad Ronnie,0,15.651138941647666,1,11.374075743913435527502254283137962128,1,1001,1,1001,887.2,887.2,0
177712782,AUS / Warr (AUS) 9th Jan,R9 390m Gr6/7,09-01-2021 09:54,37580658,4. Aston Stella,1,4.564661701337753,1,4.08549791970249437891086040577340252273,1,1001,1,1001,3033.22,3033.22,0
177712784,AUS / Warr (AUS) 9th Jan,R10 450m Gr5,09-01-2021 10:14,35262972,5. Nixon Bale,0,38.54034941435793,1,23.5497017338462396164353013324413224062,1,1001,1,1001,358.74,358.74,0
177712784,AUS / Warr (AUS) 9th Jan,R10 450m Gr5,09-01-2021 10:14,35994029,3. Russian Sub,0,4.837143653337554,1,3.2546348601374804328591846457496767168,1,1001,1,1001,1763.16,1763.16,0
177712788,AUS / Warr (AUS) 9th Jan,R6 450m Final,09-01-2021 08:50,10700062,3. Seal The Deal,0,9,1,6.87749477852822307212412184338297122088,1,1001,1,1001,2212.02,2212.02,0
177760003,RPGTV / Crayfd 9th Jan,H1 380m,09-01-2021 21:24,37839075,1. Foxrock Brae,0,1.41,1,1,1,1001,1,1001,0,34950.86,0
177714033,AUS / Cann (AUS) 9th Jan,R3 520m Gr4/5,09-01-2021 11:42,24020111,7. Driftin Away,0,61.86997612,1,1,1,1001,1,1001,0,409.62,0
177714035,AUS / Cann (AUS) 9th Jan,R7 520m Gr5,09-01-2021 13:02,24807897,1. Santas Magic,1,2.58,1,1,1,1001,1,1001,0,7138.9,0
177760331,SIS / Henl 9th Jan,A4 460m,09-01-2021 14:32,36346927,4. Romans De Bruyne,0,6.405018146337988,1,1,1,1001,1,1001,0,2051.62,0
177760425,RPGTV / Sheff 9th Jan,A5 500m,09-01-2021 20:46,35914143,2. Domino Flyer,0,10.121251304639049,1,1,1,1001,1,1001,0,2960.02,0
177760425,RPGTV / Sheff 9th Jan,A5 500m,09-01-2021 20:46,35939877,3. Yorvick Panda,1,4.6,1,1,1,1001,1,1001,0,6324.28,0
177709700,AUS / Dubb (AUS) 9th Jan,R1 400m Mdn,09-01-2021 08:19,28736783,7. Spring Hill Girl,0,24.59011237126077,1,20.0511920734853958096810816389720301373,1,1001,1,1001,387.56,387.56,0
177714049,AUS / Cann (AUS) 9th Jan,R11 380m FFA,09-01-2021 14:12,26221874,6. Fabs Excise,0,15,1,1,1,1001,1,1001,0,1318.1,0
177714671,AUS / Gard (AUS) 9th Jan,R7 515m Final,09-01-2021 09:14,25909440,8. Aston Squire,0,180,1,95.6727518593644354293441514536849222448,1,1001,1,1001,133.11,133.11,0
177714691,AUS / WPrk (AUS) 9th Jan,R5 520m Gr5,09-01-2021 09:03,38015623,3. Lanmore Babe,0,3.7,1,3.11481036370346707688108847419463888622,1,1001,1,1001,6448.66,6448.66,0
177714691,AUS / WPrk (AUS) 9th Jan,R5 520m Gr5,09-01-2021 09:03,35608489,5. Temper Tears,0,10.5,1,6.98607781354887321049386944311254195493,1,1001,1,1001,1167.92,1167.92,0
177760293,SIS / Donc 9th Jan,D3 275m,09-01-2021 15:02,36345573,4. Host,0,18.401473777,1,1,1,1001,1,1001,0,1435.8,0
177760327,SIS / Henl 9th Jan,A7 460m,09-01-2021 13:57,35838232,2. La Bestia,0,6.071328018453206,1,1,1,1001,1,1001,0,3361.88,0
177760327,SIS / Henl 9th Jan,A7 460m,09-01-2021 13:57,36858082,6. Tumbarumba,1,7.634405482300863,1,1,1,1001,1,1001,0,2590.2,0
177760333,SIS / Henl 9th Jan,A5 460m,09-01-2021 14:52,23354285,6. Savana Whiskey,1,5.645257354,1,1,1,1001,1,1001,0,5454.1,0
177760423,RPGTV / Sheff 9th Jan,D3 280m,09-01-2021 20:27,24756099,2. Ashgrove Lola,0,5.923753118172172,1,1,1,1001,1,1001,0,5376.7,0
177760291,SIS / Donc 9th Jan,B2 450m,09-01-2021 14:42,37305634,4. Lightfoot Quitly,0,4.6,1,1,1,1001,1,1001,0,3686.92,0
177760429,RPGTV / Sheff 9th Jan,A6 500m,09-01-2021 21:16,22887074,2. Shes Got Speed,0,11.708253072889928,1,1,1,1001,1,1001,0,3631.04,0
177760415,RPGTV / Sheff 9th Jan,A4 500m,09-01-2021 19:26,28744349,4. Lagile Ridge,0,26,1,1,1,1001,1,1001,0,1515.6,0
177760417,RPGTV / Sheff 9th Jan,A2 500m,09-01-2021 19:41,22439998,1. Sharpys Pluto,0,2.42,1,1,1,1001,1,1001,0,27594,0
177760417,RPGTV / Sheff 9th Jan,A2 500m,09-01-2021 19:41,36349708,3. Bellmore Flash,0,50,1,1,1,1001,1,1001,0,1284.18,0
177709704,AUS / Dubb (AUS) 9th Jan,R3 318m Mdn,09-01-2021 09:04,38123705,8. Fusion Cadet,1,2.70757153142189,1,2.28160921261941923829324481805136562583,1,1001,1,1001,6676.06,6676.06,0
177709710,AUS / Dubb (AUS) 9th Jan,R6 318m Rest,09-01-2021 10:11,25811683,6. Husky Hoofs,0,23,1,13.7265971741520420212549370902724052282,1,1001,1,1001,491.18,491.18,0
177709712,AUS / Dubb (AUS) 9th Jan,R7 318m Gr5,09-01-2021 10:30,37258435,6. Fusion Cracker,0,4.880206847605841,1,3.05050917153799637169925418262447087281,1,1001,1,1001,2480.5,2480.5,0
177709714,AUS / Dubb (AUS) 9th Jan,R8 400m Gr5,09-01-2021 10:55,28273425,6. Hammer Foot,1,5.0235242916183065,1,4.5701821143591636229431003983353907632,1,1001,1,1001,4714.62,4714.62,0
177709873,AUS / Cran (AUS) 9th Jan,R7 520m Gr5,09-01-2021 00:07,27031419,6. Lockwood Lad,0,4.54233056,1,3.44061668408407761341966623212919768582,1,1001,1,1001,1856.38,1856.38,0
177709877,AUS / Cran (AUS) 9th Jan,R9 311m Gr6/7,09-01-2021 00:42,38123933,6. Two Phones,0,9.267956268545241,1,5.34046955245781364636830520909757887014,1,1001,1,1001,1499.3,1499.3,0
177734717,NZL / Mkau (NZL) 10th Jan,R1 318m C0,09-01-2021 23:10,38123950,7. Coolibah Kid,0,17.503261694293474,1,1,1,1001,1,1001,0,298.02,0
177760510,SIS / Monm 9th Jan,A6 480m,09-01-2021 21:02,28642677,2. Jenna Too Late,1,19.307517621844887,1,1,1,1001,1,1001,0,878.56,0
177760510,SIS / Monm 9th Jan,A6 480m,09-01-2021 21:02,36530462,3. Skyfall Bilko,0,4.7674035751080375,1,1,1,1001,1,1001,0,3649.08,0
177714014,AUS / Ipsw (AUS) 9th Jan,R6 288m Final,09-01-2021 08:57,38123648,9. On And Off,0,7.270940386761506,1,6.67215173106150392504078417155844336926,1,1001,1,1001,2868.76,2868.76,0
177714045,AUS / Cann (AUS) 9th Jan,R6 715m Gr4/5,09-01-2021 12:47,26269976,8. Kellys Entity,0,25,1,1,1,1001,1,1001,0,524.68,0
177709883,AUS / Cran (AUS) 9th Jan,R12 311m Gr5,09-01-2021 01:35,16933251,8. My Lil Angel,0,39.882226799145,1,20.7988523104802174569616430081546360616,1,1001,1,1001,463.54,463.54,0
177709883,AUS / Cran (AUS) 9th Jan,R12 311m Gr5,09-01-2021 01:35,24643056,3. Riverdale Tuohy,0,65,1,17.6114295071229736368102177828721139676,1,1001,1,1001,244.28,244.28,0
177760295,SIS / Donc 9th Jan,B3 450m,09-01-2021 15:18,23060147,4. Ballymac Pepsi,0,2.966068027844667,1,1,1,1001,1,1001,0,7278.76,0
177709875,AUS / Cran (AUS) 9th Jan,R8 520m Gr4/5,09-01-2021 00:24,28466650,3. My Oh Fernando,0,120,1,52.2119606358819076457229371688115064345,1,1001,1,1001,79.26,79.26,0
177709875,AUS / Cran (AUS) 9th Jan,R8 520m Gr4/5,09-01-2021 00:24,28551520,6. Just A Giggle,0,20,1,12.6615570695102685624012638230647709321,1,1001,1,1001,405.12,405.12,0
177760485,SIS / Monm 9th Jan,A1 480m,09-01-2021 18:17,38145059,5. Billies Tea,0,13.709232469600245,1,1,1,1001,1,1001,0,2436.58,0
177760353,SIS / Henl 9th Jan,A8 460m,09-01-2021 18:02,23734455,2. Greencroft Hawk,1,2.550866873,1,1,1,1001,1,1001,0,22301.08,0
177759704,TRP / PBarr 9th Jan,D4 275m,09-01-2021 12:36,37345313,5. Slaneyside Roxie,1,12.510559404,1,1,1,1001,1,1001,0,2353.62,0
177759989,RPGTV / Crayfd 9th Jan,A3 380m,09-01-2021 19:31,37308670,1. Corrough Rock,0,4.192038204247294,1,1,1,1001,1,1001,0,9916.88,0
177759995,RPGTV / Crayfd 9th Jan,E1 714m,09-01-2021 20:19,27164956,2. Droopys Epic,0,13.883837589891629,1,1,1,1001,1,1001,0,1350.02,0
177760297,SIS / Donc 9th Jan,B3 450m,09-01-2021 15:38,28231546,5. Polo Marco,1,9.105452005,1,1,1,1001,1,1001,0,2500.48,0
177759706,TRP / PBarr 9th Jan,D3 275m,09-01-2021 12:51,27232863,5. Clondouglas Fawn,1,6.4,1,1,1,1001,1,1001,0,5570.38,0
177712790,AUS / Warr (AUS) 9th Jan,R12 390m Gr5,09-01-2021 10:58,35833380,2. Bulleteer,0,4.2,1,3.38641233323782435199485649193182056425,1,1001,1,1001,2861.86,2861.86,0
177712790,AUS / Warr (AUS) 9th Jan,R12 390m Gr5,09-01-2021 10:58,28081428,6. Moraine Hayley,0,324.59666027267514,1,115.133921074727120067170445004198152813,1,1001,1,1001,95.28,95.28,0
177712790,AUS / Warr (AUS) 9th Jan,R12 390m Gr5,09-01-2021 10:58,28255442,3. Vegas Rules,0,60.946068496753014,1,31.3605736175228366565170415479815342304,1,1001,1,1001,203.62,203.62,0
177714651,AUS / Gard (AUS) 9th Jan,R1 515m Rest,09-01-2021 07:09,36474374,3. Vegas Gangster,1,4.901227762737673,1,3.46929315791955486396001320318762672702,1,1001,1,1001,2968.98,2968.98,0
177714681,AUS / Gard (AUS) 9th Jan,R12 400m M1/2/3,09-01-2021 11:10,16933839,2. Aldo Keeping,0,292.4720762857661,1,1,1,1001,1,1001,0,158.3,0
177709718,AUS / Dubb (AUS) 9th Jan,R10 400m Gr5,09-01-2021 11:39,4271525,5. Telegraph Road,0,10.731108903158454,1,22.9996973987982310894650912656028984122,1,1001,1,1001,5.22,2149.86,0
177709879,AUS / Cran (AUS) 9th Jan,R10 311m Gr4/5,09-01-2021 00:59,28671869,1. Zimmer Bale,0,5.7,1,4.305730199018807680924150425571988484,1,1001,1,1001,2229.94,2229.94,0
177714010,AUS / Ipsw (AUS) 9th Jan,R4 520m Heat,09-01-2021 08:16,38123644,2. Faith In Norris,0,1.824470831893268,1,1.64657364419909608813274499677556601527,1,1001,1,1001,22422.54,22422.54,0
177760703,SIS / Crayfd 9th Jan,S5 540m,09-01-2021 10:53,35986387,3. Unleashthehope,1,6.211470151,1,6.70528152136833332613642742712053234074,1,1001,1,1001,4631.62,4631.62,0
177760711,SIS / Crayfd 9th Jan,S4 540m,09-01-2021 11:54,3947031,4. Charlie Chuckles,1,6.716742765766105,1,1,1,1001,1,1001,0,3951.64,0
177760723,SIS / Crayfd 9th Jan,A5 380m,09-01-2021 13:24,38146156,3. Strong Wind,0,6.2,1,1,1,1001,1,1001,0,3509.08,0
177710072,AUS / Mead (AUS) 9th Jan,R2 525m Gr6,09-01-2021 07:52,38079930,8. Trendy Universe,1,22.769562892128008,1,15.6770409638554216867469879518072289157,1,1001,1,1001,1037.5,1037.5,0
177710086,AUS / Mead (AUS) 9th Jan,R9 525m Gr5,09-01-2021 10:08,35441593,1. Colden Dayto,0,2.86,1,2.61745546255857963567635763366066227919,1,1001,1,1001,8275.06,8275.06,0
177710088,AUS / Mead (AUS) 9th Jan,R10 525m Gr5,09-01-2021 10:28,28494377,4. Weblec Storm,0,6.759531516805582,1,5.14744626996481222284720132902533781574,1,1001,1,1001,3057.88,3057.88,0
177710088,AUS / Mead (AUS) 9th Jan,R10 525m Gr5,09-01-2021 10:28,37506903,6. Daphs Zac,0,24.25834253061562,1,20.461280796861915465644144739741725065,1,1001,1,1001,680.67,680.67,0
177710090,AUS / Mead (AUS) 9th Jan,R11 525m Gr5,09-01-2021 10:48,28551524,1. Blue Magic Opal,0,29.567263608725035,1,22.0086353482479245157203347447737805488,1,1001,1,1001,899.79,899.79,0
177714016,AUS / Ipsw (AUS) 9th Jan,R7 431m Gr4/5,09-01-2021 09:23,26608480,1. More Than Magic,1,2.1515566447355736,1,1.98400340457859547064430243068622658033,1,1001,1,1001,11372.92,11372.92,0
177710092,AUS / Mead (AUS) 9th Jan,R12 525m Gr5,09-01-2021 11:13,26750511,6. Low Planes,0,75.69138752,1,1,1,1001,1,1001,0,372.78,0
177712780,AUS / Warr (AUS) 9th Jan,R8 390m Final,09-01-2021 09:33,36074132,8. Braemar Prince,0,2.7988026934046504,1,2.14369263591640595963113734602676624749,1,1001,1,1001,13667.96,13667.96,0
177714669,AUS / Gard (AUS) 9th Jan,R6 400m Gr5,09-01-2021 08:54,35833713,7. Evas Girl,0,5.022240242313017,1,3.15346228086561267059509455963681853946,1,1001,1,1001,3533.22,3533.22,0
177714697,AUS / WPrk (AUS) 9th Jan,R8 520m Gr4,09-01-2021 10:02,31952923,1. Rock Or Bust,0,5.5,1,4.93106167834180980712023798099990403992,1,1001,1,1001,3334.72,3334.72,0
177714697,AUS / WPrk (AUS) 9th Jan,R8 520m Gr4,09-01-2021 10:02,38123817,4. Along The Line,0,30,1,19.8941903716984666434745377184297144692,1,1001,1,1001,747.38,747.38,0
177709960,AUS / Gosf (AUS) 9th Jan,R7 388m Gr5,09-01-2021 01:04,37398300,7. Rose Of Ibrox,0,3.1654671085863537,1,2.79903432816934507131365353675952204487,1,1001,1,1001,5531.9,5531.9,0
177714699,AUS / WPrk (AUS) 9th Jan,R9 520m FFA,09-01-2021 10:18,35533044,7. Tyler Durden,0,21.67529275917732,1,14.9060996142961202727392140238587105788,1,1001,1,1001,1674.86,1674.86,0
177760463,SIS / Hove 9th Jan,A11 500m,09-01-2021 20:17,28613011,1. Insane Holly,0,5.949295662207005,1,1,1,1001,1,1001,0,4029.12,0
177760507,SIS / Monm 9th Jan,A2 480m,09-01-2021 20:43,26617113,3. Tommys Cody,0,7.514823483543148,1,1,1,1001,1,1001,0,3269.78,0
177760709,SIS / Crayfd 9th Jan,A4 380m,09-01-2021 11:39,35335537,3. Bjorndalen Lad,0,5.355771966881511,1,8.79973129925674060528614789220511353384,1,1001,1,1001,4,4525.3,0
177760721,SIS / Crayfd 9th Jan,A8 380m,09-01-2021 13:09,35353118,3. U Make Me Happy,1,6.195538021144458,1,1,1,1001,1,1001,0,3545.42,0
177760299,SIS / Donc 9th Jan,D2 275m,09-01-2021 15:58,36436111,3. Cally,0,4.1,1,1,1,1001,1,1001,0,6872.4,0
177760299,SIS / Donc 9th Jan,D2 275m,09-01-2021 15:58,24843047,1. Bushack Sweetpea,0,7.698031655511585,1,1,1,1001,1,1001,0,2981.06,0
177760299,SIS / Donc 9th Jan,D2 275m,09-01-2021 15:58,26146125,2. Wish For Us,0,4.970095913,1,1,1,1001,1,1001,0,4495.22,0
177760339,SIS / Henl 9th Jan,A9 460m,09-01-2021 15:48,37096311,6. Marcos Flash,0,3.1,1,1,1,1001,1,1001,0,8199.22,0
177760421,RPGTV / Sheff 9th Jan,A5 500m,09-01-2021 20:12,35484746,3. Harton Hurricane,0,8.519729673,1,1,1,1001,1,1001,0,5294.56,0
177760427,RPGTV / Sheff 9th Jan,A7 500m,09-01-2021 21:01,23436638,5. Freedom Elvira,1,4.309803933,1,1,1,1001,1,1001,0,5873.98,0
177760427,RPGTV / Sheff 9th Jan,A7 500m,09-01-2021 21:01,17139248,6. Swift Inas,0,11.857294681727652,1,1,1,1001,1,1001,0,2040.84,0
177760431,RPGTV / Sheff 9th Jan,A8 500m,09-01-2021 21:31,24358168,6. Geelo Deano,0,5.925923986365669,1,1,1,1001,1,1001,0,4735.46,0
177714689,AUS / WPrk (AUS) 9th Jan,R4 520m Gr5,09-01-2021 08:39,27585286,1. Shots Fired,0,4.9,1,3.88855627786246644984660044311161113692,1,1001,1,1001,5208.62,5208.62,0
177714693,AUS / WPrk (AUS) 9th Jan,R6 520m Gr5,09-01-2021 09:18,36875404,1. Zipping Lawrence,0,4.376291910248282,1,3.59745302669742714066861644474316820772,1,1001,1,1001,6605.88,6605.88,0
177760461,SIS / Hove 9th Jan,A1 500m,09-01-2021 19:56,38144798,2. Britannia Will,0,3.670251120432404,1,1,1,1001,1,1001,0,11348.84,0
177714679,AUS / Gard (AUS) 9th Jan,R11 272m Gr4/5,09-01-2021 10:44,22201660,4. Stella Marina,0,9.32661085936343,1,7.72891823950965972682046444036869275799,1,1001,1,1001,1706.57,1706.57,0
177712782,AUS / Warr (AUS) 9th Jan,R9 390m Gr6/7,09-01-2021 09:54,38123808,1. Fly To Victory,0,7.344388255,1,5.82925949516564206428157361750245117334,1,1001,1,1001,2794.58,2794.58,0
177759997,RPGTV / Crayfd 9th Jan,A5 380m,09-01-2021 20:34,37066413,5. Freyas Dream,0,8.800501377899202,1,1,1,1001,1,1001,0,977.5,0
177759999,RPGTV / Crayfd 9th Jan,S1 540m,09-01-2021 20:53,28664696,1. Absolute Eiei,0,2.9,1,1,1,1001,1,1001,0,13743,0
177760001,RPGTV / Crayfd 9th Jan,A1 380m,09-01-2021 21:09,26501326,6. Ballymac Suling,0,5,1,1,1,1001,1,1001,0,6418.52,0
177760001,RPGTV / Crayfd 9th Jan,A1 380m,09-01-2021 21:09,36004368,3. Pennys Bobby,0,8.026990802,1,1,1,1001,1,1001,0,2899.06,0
177760005,RPGTV / Crayfd 9th Jan,A2 380m,09-01-2021 21:40,36765342,5. Antonella,0,6.4,1,1,1,1001,1,1001,0,5477.88,0
177760031,SIS / Romfd 9th Jan,A5 400m,09-01-2021 11:31,24383353,2. Deejay Crazylady,0,6.635478064243868,1,1,1,1001,1,1001,0,3648.52,0
177714020,AUS / Ipsw (AUS) 9th Jan,R9 431m Gr5,09-01-2021 10:03,3480093,5. Black Magic Mojo,0,16,1,8.95570427023581899298916507329509241555,1,1001,1,1001,564.84,564.84,0
177714033,AUS / Cann (AUS) 9th Jan,R3 520m Gr4/5,09-01-2021 11:42,28480749,1. Veyron Star,0,10.5,1,1,1,1001,1,1001,0,1955.18,0
177714035,AUS / Cann (AUS) 9th Jan,R7 520m Gr5,09-01-2021 13:02,35586201,4. Revved Up Moment,0,7.935797451,1,1,1,1001,1,1001,0,2546.62,0
177714051,AUS / Cann (AUS) 9th Jan,R12 520m Gr5,09-01-2021 14:27,28587670,8. Rambos Boy,0,2.339926163758464,1,1,1,1001,1,1001,0,11901.18,0
177760217,SIS / Harl 9th Jan,A6 415m,09-01-2021 09:34,38144718,3. Effernogue Lady,1,6.6,1,4.65413476506655653334180512755345172666,1,1001,1,1001,1888.62,1888.62,0
177709649,AUS / AnPk (AUS) 9th Jan,R7 515m Rest,09-01-2021 00:34,32619444,2. Hazys Girl,0,6.6,1,5.21657559408971707812987373066392486224,1,1001,1,1001,1731.22,1731.22,0
177709700,AUS / Dubb (AUS) 9th Jan,R1 400m Mdn,09-01-2021 08:19,38013817,2. Nicks Girl,1,1.702980771653074,1,1.59738083143395895223682915736926231579,1,1001,1,1001,15040.04,15040.04,0
177714039,AUS / Cann (AUS) 9th Jan,R9 380m Gr5,09-01-2021 13:37,26100793,1. Bahrain Train,0,4.754654513222629,1,1,1,1001,1,1001,0,3703.04,0
177714043,AUS / Cann (AUS) 9th Jan,R5 600m Gr5,09-01-2021 12:22,35275182,2. Son Of Princess,0,10.5,1,1,1,1001,1,1001,0,2117.92,0
177714047,AUS / Cann (AUS) 9th Jan,R10 520m Mdn,09-01-2021 13:56,38123947,7. Arctic Symbol,0,3.3,1,1,1,1001,1,1001,0,6517.58,0
177714049,AUS / Cann (AUS) 9th Jan,R11 380m FFA,09-01-2021 14:12,24924590,3. Poor Old Rusty,0,76.70120285149662,1,1,1,1001,1,1001,0,352.26,0
177714049,AUS / Cann (AUS) 9th Jan,R11 380m FFA,09-01-2021 14:12,25217575,2. Chevys Entry,1,3.1038715265092467,1,3.69999627012541160596854926330536552327,1,1001,1,1001,64.86,5682.82,0
177759983,RPGTV / Crayfd 9th Jan,A10 380m,09-01-2021 18:44,25535436,1. Hadleys Girl,0,2.86,1,1,1,1001,1,1001,0,13363.16,0
177710082,AUS / Mead (AUS) 9th Jan,R7 600m Gr5,09-01-2021 09:28,28719405,1. Sweet Demi,0,2.2657388237088703,1,1.98114816151969038250139305625924701138,1,1001,1,1001,19776.66,19776.66,0
177760293,SIS / Donc 9th Jan,D3 275m,09-01-2021 15:02,37305639,3. Wanted Tara,0,4.024223367129543,1,1,1,1001,1,1001,0,5001.38,0
177712552,AUS / Warr (AUS) 9th Jan,R1 390m Mdn,09-01-2021 07:06,38029781,8. Astor,1,8.4,1,4.02964903090623363017286537454164484023,1,1001,1,1001,458.16,458.16,0
177760451,SIS / Hove 9th Jan,D3 285m,09-01-2021 18:28,26031353,5. Gerrys Pet,0,7.2,1,1,1,1001,1,1001,0,2376.44,0
177760504,SIS / Monm 9th Jan,A7 480m,09-01-2021 20:23,38145063,2. Rockburst Sydney,0,5.3,1,1,1,1001,1,1001,0,8025.12,0
177760707,SIS / Crayfd 9th Jan,A9 380m,09-01-2021 11:24,38146152,2. Lady Glitters,0,12.611597926432587,1,1,1,1001,1,1001,0,3375.58,0
177760415,RPGTV / Sheff 9th Jan,A4 500m,09-01-2021 19:26,35778155,3. Tromora Pat,0,3.4,1,1,1,1001,1,1001,0,13526.58,0
177714683,AUS / WPrk (AUS) 9th Jan,R1 520m Gr5,09-01-2021 07:44,24366742,7. Shanjo Prince,0,5.168076503,1,3.15573567931286617365308256897716649852,1,1001,1,1001,8643.44,8643.44,0
177714687,AUS / WPrk (AUS) 9th Jan,R3 520m Gr5,09-01-2021 08:22,27664726,3. Seen Around,0,9.4,1,7.14126577329887279282409921160654171101,1,1001,1,1001,2762.58,2762.58,0
177714695,AUS / WPrk (AUS) 9th Jan,R7 520m Gr5,09-01-2021 09:40,25370162,2. High Priestess,0,114.33775704316332,1,49.1292970258787176516029354963306295867,1,1001,1,1001,207.12,207.12,0
177709881,AUS / Cran (AUS) 9th Jan,R11 311m Gr5,09-01-2021 01:17,27848802,1. Luther,0,26,1,6.73460134023514305204446049516472051683,1,1001,1,1001,498.42,498.42,0
177709704,AUS / Dubb (AUS) 9th Jan,R3 318m Mdn,09-01-2021 09:04,38123703,6. Zola Magic,0,2.57222743810431,1,2.39058041467009267189826925005980076699,1,1001,1,1001,7775.82,7775.82,0
177709706,AUS / Dubb (AUS) 9th Jan,R4 318m Mdn,09-01-2021 09:30,38123708,3. Away Son,0,130,1,51.3756092392456028819665183301546937911,1,1001,1,1001,188.76,188.76,0
177709710,AUS / Dubb (AUS) 9th Jan,R6 318m Rest,09-01-2021 10:11,26766861,3. Arrie A Blaze,0,3.9649809401700615,1,3.22062946229605613863376183027326511173,1,1001,1,1001,4577.24,4577.24,0
177709712,AUS / Dubb (AUS) 9th Jan,R7 318m Gr5,09-01-2021 10:30,28506844,3. Extreme Thrill,0,43.81676495563239,1,23.5763882916200796995498982253949141366,1,1001,1,1001,697.62,697.62,0
177734721,NZL / Mkau (NZL) 10th Jan,R3 318m C1,09-01-2021 23:58,28654673,8. Hillbilly Brewed,0,5.1,1,1,1,1001,1,1001,0,1291.54,0
177760510,SIS / Monm 9th Jan,A6 480m,09-01-2021 21:02,28755381,4. Millroad Silver,0,6.4,1,1,1,1001,1,1001,0,3248.22,0
177714014,AUS / Ipsw (AUS) 9th Jan,R6 288m Final,09-01-2021 08:57,36941493,8. Fat Turtle,0,27,1,13.2256893180639240253780774909221499541,1,1001,1,1001,250.61,250.61,0
177714675,AUS / Gard (AUS) 9th Jan,R9 515m Gr4/5,09-01-2021 09:57,38123779,7. Asteroid Evee,0,16.747065553171552,1,11.7841727019498607242339832869080779944,1,1001,1,1001,718,718,0
177760029,SIS / Romfd 9th Jan,A6 400m,09-01-2021 11:16,24945251,6. Bubbly Gosh,0,4.3,1,4.59999064222615935096193175033031259705,1,1001,1,1001,65.4,6950.58,0
177760029,SIS / Romfd 9th Jan,A6 400m,09-01-2021 11:16,27493349,4. Lady Macbeth,0,15.5,1,1,1,1001,1,1001,0,1351.41,0
177760047,SIS / Romfd 9th Jan,A4 400m,09-01-2021 13:33,28737695,5. Manassas,0,6.759165713289406,1,4.39986927502637523587218071465152164899,1,1001,1,1001,4,4303.6,0
177760337,SIS / Henl 9th Jan,A3 460m,09-01-2021 15:28,22164107,6. Savana Louie,0,16.409373437371098,1,1,1,1001,1,1001,0,1180.66,0
177760500,SIS / Monm 9th Jan,A8 480m,09-01-2021 20:03,32663422,5. Mustang Focus,0,5.9,1,1,1,1001,1,1001,0,4250.94,0
177760025,SIS / Romfd 9th Jan,A7 400m,09-01-2021 10:46,36161486,4. Chopchop Legend,1,2.96,1,2.94331470623251384010953032918626108697,1,1001,1,1001,10751.36,10751.36,0
177760041,SIS / Romfd 9th Jan,A9 400m,09-01-2021 12:46,37095294,1. Mad Fletch,1,4.215996666610499,1,6.09991262149708501661004874783145382109,1,1001,1,1001,12,7311.32,0
177760043,SIS / Romfd 9th Jan,A5 400m,09-01-2021 13:02,25174399,6. Not So Forte,0,13,1,1,1,1001,1,1001,0,2193.98,0
177760459,SIS / Hove 9th Jan,D3 285m,09-01-2021 19:36,37948340,5. Forgivemasins,0,6.48479179152928,1,1,1,1001,1,1001,0,3699.16,0
177760213,SIS / Harl 9th Jan,A7 415m,09-01-2021 09:02,18502508,1. Southwind Radio,0,6.4,1,4.53165749675659807384539626322218960407,1,1001,1,1001,2111.98,2111.98,0
177760213,SIS / Harl 9th Jan,A7 415m,09-01-2021 09:02,27088860,6. Catunda Jay,1,4.9,1,3.99246872399304451375873664553407714636,1,1001,1,1001,2955.94,2955.94,0
177760219,SIS / Harl 9th Jan,D3 238m,09-01-2021 09:52,38144719,4. Moaning Devito,0,4.3,1,3.5953182893117424559730393262409062498,1,1001,1,1001,3103.78,3103.78,0
177760219,SIS / Harl 9th Jan,D3 238m,09-01-2021 09:52,28215781,6. Westland Maeve,0,7.160464558780804,1,4.43421537633685343377951167014192506894,1,1001,1,1001,1486.7,1486.7,0
177759989,RPGTV / Crayfd 9th Jan,A3 380m,09-01-2021 19:31,27736462,5. Raging Storm,0,10.5,1,1,1,1001,1,1001,0,2536.62,0
177759993,RPGTV / Crayfd 9th Jan,A7 380m,09-01-2021 20:04,27835361,6. Ballyard Vicki,0,7.6,1,1,1,1001,1,1001,0,3412.14,0
177760303,SIS / Donc 9th Jan,B1 450m,09-01-2021 16:38,22800168,5. Ballymac Cino,0,3.54061973019292,1,1,1,1001,1,1001,0,35557.44,0
177760345,SIS / Henl 9th Jan,A2 460m,09-01-2021 16:48,25597916,1. Jet Stream Jimmy,0,2.3972832413119076,1,1,1,1001,1,1001,0,15748.86,0
177760345,SIS / Henl 9th Jan,A2 460m,09-01-2021 16:48,27088476,6. Westmead Polina,0,15,1,1,1,1001,1,1001,0,1651.78,0
177760345,SIS / Henl 9th Jan,A2 460m,09-01-2021 16:48,28183547,2. Dandy Lad,0,13.54062041061661,1,1,1,1001,1,1001,0,2181.48,0
177709653,AUS / AnPk (AUS) 9th Jan,R9 388m Rest,09-01-2021 01:09,38123883,7. Balmoral,0,3.3,1,2.74647351202848518806369403726932600719,1,1001,1,1001,4426.16,4426.16,0
177759694,TRP / PBarr 9th Jan,D3 275m,09-01-2021 11:21,26046477,6. Midfield Belle,0,7.736033040299698,1,1,1,1001,1,1001,0,3630.34,0
177759706,TRP / PBarr 9th Jan,D3 275m,09-01-2021 12:51,37000204,1. Longvale Jet,0,4.2,1,1,1,1001,1,1001,0,6781.02,0
177759710,TRP / PBarr 9th Jan,A7 480m,09-01-2021 13:21,26229148,4. Slaneyside Annie,1,3.4759671825061935,1,1,1,1001,1,1001,0,11755.96,0
177712560,AUS / Warr (AUS) 9th Jan,R5 450m Gr4/5,09-01-2021 08:25,35994018,6. Novas Girl,0,159.4578566376649,1,29.6366212148043208783424827341951478661,1,1001,1,1001,112.94,112.94,0
177714681,AUS / Gard (AUS) 9th Jan,R12 400m M1/2/3,09-01-2021 11:10,21462777,1. Tuna Fish,0,9.223794591698754,1,9.99999081331806486120715543241682088486,1,1001,1,1001,97.38,4722.82,0
177709655,AUS / AnPk (AUS) 9th Jan,R10 388m Rest,09-01-2021 01:27,38123886,10. Beers With Geoff,0,5.175748978347401,1,3.97796977321580324263076333461083431923,1,1001,1,1001,2400.52,2400.52,0
177709879,AUS / Cran (AUS) 9th Jan,R10 311m Gr4/5,09-01-2021 00:59,36875767,7. Okay Sam,0,18.95187802,1,10.5622815749899392116578061127231906466,1,1001,1,1001,944.26,944.26,0
177760457,SIS / Hove 9th Jan,A3 500m,09-01-2021 19:18,35425548,6. Warren Hill,0,4.431524574810755,1,1,1,1001,1,1001,0,4923.1,0
177760457,SIS / Hove 9th Jan,A3 500m,09-01-2021 19:18,37415588,4. Crossword,0,4.158465458456924,1,1,1,1001,1,1001,0,4909.78,0
177760457,SIS / Hove 9th Jan,A3 500m,09-01-2021 19:18,38144797,2. Amazing Aidan,0,10.477655517477544,1,1,1,1001,1,1001,0,1619.32,0
177760469,SIS / Hove 9th Jan,A5 500m,09-01-2021 21:12,6518952,2. Enchantress,0,13.147821154,1,1,1,1001,1,1001,0,2332.56,0
177760491,SIS / Monm 9th Jan,A4 480m,09-01-2021 19:07,28115920,3. Frankies Ten,0,2.9559968183545444,1,1,1,1001,1,1001,0,13272.22,0
177760715,SIS / Crayfd 9th Jan,A10 380m,09-01-2021 12:24,18502514,1. Salthill Romeo,0,3,1,1,1,1001,1,1001,0,15886.94,0
177760723,SIS / Crayfd 9th Jan,A5 380m,09-01-2021 13:24,23242533,6. Swift Raelynn,0,12.590678802785117,1,1,1,1001,1,1001,0,1826.52,0
177709962,AUS / Gosf (AUS) 9th Jan,R8 388m Gr5,09-01-2021 01:22,38123755,3. Zulu Smile,0,6.6,1,3.78634155132641291810841983852364475202,1,1001,1,1001,2774.4,2774.4,0
177710070,AUS / Mead (AUS) 9th Jan,R1 525m Gr6/7,09-01-2021 07:32,35969603,1. Showtime Boomer,0,10,1,7.32994988879817572703471186058951043045,1,1001,1,1001,1420.84,1420.84,0
177710080,AUS / Mead (AUS) 9th Jan,R6 525m Gr4/5,09-01-2021 09:11,27444917,6. Aston Clurey,0,5.9,1,4.54260810108270608711376325128274677336,1,1001,1,1001,3539.28,3539.28,0
177710084,AUS / Mead (AUS) 9th Jan,R8 525m FFA,09-01-2021 09:47,28338346,1. Rockstar Stanley,0,50,1,31.3344211027262220409273234074376232239,1,1001,1,1001,294.18,294.18,0
177710092,AUS / Mead (AUS) 9th Jan,R12 525m Gr5,09-01-2021 11:13,28050543,5. Brinlee,0,44,1,1,1,1001,1,1001,0,544.34,0
177712780,AUS / Warr (AUS) 9th Jan,R8 390m Final,09-01-2021 09:33,38123806,4. Gold Driller,0,6.958413893,1,6.00024206299234633197610152653598063496,1,1001,1,1001,2858.76,2858.76,0
177714669,AUS / Gard (AUS) 9th Jan,R6 400m Gr5,09-01-2021 08:54,36271998,2. Mystery Girl,0,26.992866285232594,1,19.4195154702624069825994516869020309965,1,1001,1,1001,357.46,357.46,0
177709954,AUS / Gosf (AUS) 9th Jan,R4 388m N/G,09-01-2021 00:12,28683348,7. Blazin Sophia,0,7.43998863082612,1,5.7737466313677537307231132691462965821,1,1001,1,1001,1684.66,1684.66,0
177709956,AUS / Gosf (AUS) 9th Jan,R5 388m Gr3,09-01-2021 00:29,28560295,3. Lagoon Sunshine,0,15.210501863458191,1,8.34100249321899230115893586125647278008,1,1001,1,1001,1459.96,1459.96,0
177760717,SIS / Crayfd 9th Jan,A7 380m,09-01-2021 12:39,36788380,1. Farran Receipt,0,2.4275540866443777,1,3.24983969892145184655593288978160306078,1,1001,1,1001,4,16630.48,0
177760035,SIS / Romfd 9th Jan,A1 400m,09-01-2021 12:01,37271119,6. Droopys Summit,0,5.4,1,1,1,1001,1,1001,0,8683.62,0
177760339,SIS / Henl 9th Jan,A9 460m,09-01-2021 15:48,23575861,3. Chubbys Jenny,0,7.349133541884949,1,1,1,1001,1,1001,0,2594.84,0
177760339,SIS / Henl 9th Jan,A9 460m,09-01-2021 15:48,36234136,1. Footfield Biddy,0,7.116238725110671,1,1,1,1001,1,1001,0,2544.68,0
177760427,RPGTV / Sheff 9th Jan,A7 500m,09-01-2021 21:01,22585827,1. Dream Trend,0,6.4,1,1,1,1001,1,1001,0,4682.76,0
177714689,AUS / WPrk (AUS) 9th Jan,R4 520m Gr5,09-01-2021 08:39,28699468,6. Opinions,0,8.175051792192683,1,5.99374435033941145650409078608729697207,1,1001,1,1001,3473.66,3473.66,0
177714693,AUS / WPrk (AUS) 9th Jan,R6 520m Gr5,09-01-2021 09:18,36474281,6. Zipping Kyrgios,1,3.813282292,1,2.59714154352005795863017006771128428522,1,1001,1,1001,8613.04,8613.04,0
177714693,AUS / WPrk (AUS) 9th Jan,R6 520m Gr5,09-01-2021 09:18,38123814,5. Tan Can Go,0,90,1,46.6668726005030669432063898327523057235,1,1001,1,1001,226.61,226.61,0
177760713,SIS / Crayfd 9th Jan,A10 380m,09-01-2021 12:09,36425481,4. That Man Stan,0,16.09434328264324,1,1,1,1001,1,1001,0,3072.8,0
177760719,SIS / Crayfd 9th Jan,S8 540m,09-01-2021 12:54,35457399,5. Droopys Raelynn,0,4.737306690705008,1,1,1,1001,1,1001,0,4040.04,0
177714655,AUS / Gard (AUS) 9th Jan,R3 272m Mdn,09-01-2021 07:47,38123763,5. Fire Fly Thunder,0,11.777442603399978,1,7.65206834805305168593887523141825245076,1,1001,1,1001,658.98,658.98,0
177712788,AUS / Warr (AUS) 9th Jan,R6 450m Final,09-01-2021 08:50,22288264,7. Spearhead,0,9.78995949720518,1,7.89139822782380602028086113687981830396,1,1001,1,1001,1875.66,1875.66,0
177759997,RPGTV / Crayfd 9th Jan,A5 380m,09-01-2021 20:34,28577656,3. Pineview Girl,1,6.106427515188117,1,1,1,1001,1,1001,0,870.16,0
177759999,RPGTV / Crayfd 9th Jan,S1 540m,09-01-2021 20:53,36438288,4. Cyclers Evie,0,11.18,1,1,1,1001,1,1001,0,2760.16,0
177760003,RPGTV / Crayfd 9th Jan,H1 380m,09-01-2021 21:24,9044062,6. Subterfuge,0,18.5455701811383,1,1,1,1001,1,1001,0,1836.24,0
177760005,RPGTV / Crayfd 9th Jan,A2 380m,09-01-2021 21:40,27167583,2. Snowdon Jimmy,0,4.149748298,1,1,1,1001,1,1001,0,9694.58,0
177760331,SIS / Henl 9th Jan,A4 460m,09-01-2021 14:32,26749933,1. Run Free Snowy,0,6.085238455263317,1,1,1,1001,1,1001,0,3618.42,0
177760331,SIS / Henl 9th Jan,A4 460m,09-01-2021 14:32,28035029,5. Domino Charm,1,42.47533802942373,1,1,1,1001,1,1001,0,1312.22,0
177760411,RPGTV / Sheff 9th Jan,S1 660m,09-01-2021 18:51,23245873,3. Some News,0,31.773844062555582,1,1,1,1001,1,1001,0,1032.66,0
177760411,RPGTV / Sheff 9th Jan,S1 660m,09-01-2021 18:51,36815269,2. Emoskis Girl,1,3.4554196547178426,1,1,1,1001,1,1001,0,10098,0
177760411,RPGTV / Sheff 9th Jan,S1 660m,09-01-2021 18:51,23119067,6. Sharpys Rocket,0,6.843211263702035,1,1,1,1001,1,1001,0,3598.88,0
177760419,RPGTV / Sheff 9th Jan,A4 500m,09-01-2021 19:58,37667537,6. Borna Rumour,0,5.927948992,1,1,1,1001,1,1001,0,4998.6,0
177760425,RPGTV / Sheff 9th Jan,A5 500m,09-01-2021 20:46,27915968,5. Springside Cain,0,24.216614141408353,1,1,1,1001,1,1001,0,1489.52,0
177709649,AUS / AnPk (AUS) 9th Jan,R7 515m Rest,09-01-2021 00:34,28368850,3. Tyson Herrera,0,29,1,18.3297425650826745431905713375611733704,1,1001,1,1001,690.66,690.66,0
177712556,AUS / Warr (AUS) 9th Jan,R3 450m Gr6/7,09-01-2021 07:41,38123799,3. Mepunga Warrior,1,2.3212200264038985,1,1.95947911019472266906033647650619006568,1,1001,1,1001,9001.52,9001.52,0
177712786,AUS / Warr (AUS) 9th Jan,R11 390m Gr2/3,09-01-2021 10:37,24997185,4. Quillan Bale,0,172.25880005050453,1,57.8405885029576823904140755346579705749,1,1001,1,1001,131.86,131.86,0
177714029,AUS / Cann (AUS) 9th Jan,R1 380m Nvce,09-01-2021 11:03,37874429,3. Rippin Willy,0,5.983316221783898,1,6.60127668771383047759934907433998639643,1,1001,1,1001,137.64,3391.16,0
177714029,AUS / Cann (AUS) 9th Jan,R1 380m Nvce,09-01-2021 11:03,35500019,5. Dinkydi Barney,1,8.4,1,10.6141292403837901708645272249396703275,1,1001,1,1001,18.24,1183.28,0
177714043,AUS / Cann (AUS) 9th Jan,R5 600m Gr5,09-01-2021 12:22,35275242,8. West On Mia,0,6.4,1,1,1,1001,1,1001,0,3726.96,0
177714671,AUS / Gard (AUS) 9th Jan,R7 515m Final,09-01-2021 09:14,26824347,7. Aston Zodiac,0,2.045461986879708,1,1.85945145222975186388232183100537161215,1,1001,1,1001,10134.76,10134.76,0
177714691,AUS / WPrk (AUS) 9th Jan,R5 520m Gr5,09-01-2021 09:03,35895975,1. Jerry Pop,0,8.786997870594313,1,6.40092113632357787127081561180464553111,1,1001,1,1001,2609.82,2609.82,0
177714691,AUS / WPrk (AUS) 9th Jan,R5 520m Gr5,09-01-2021 09:03,28567678,6. Bugatti Motion,1,30,1,20.4369167200968867991736125952838925696,1,1001,1,1001,561.48,561.48,0
177759991,RPGTV / Crayfd 9th Jan,S2 540m,09-01-2021 19:48,27092549,5. Woodcocks Akia,2,8,1,1,1,1001,1,1001,0,2710.82,0
177760301,SIS / Donc 9th Jan,D2 275m,09-01-2021 16:18,36003761,4. Graigues Wagon,0,4.148652133155702,1,1,1,1001,1,1001,0,13205.08,0
177760504,SIS / Monm 9th Jan,A7 480m,09-01-2021 20:23,38145064,3. Waikiki Mystery,0,8.738801089495174,1,1,1,1001,1,1001,0,2699.9,0
177760309,SIS / Donc 9th Jan,D3 275m,09-01-2021 17:37,36439253,4. Eden Raven,0,5.873329422731329,1,1,1,1001,1,1001,0,3858.58,0
177760429,RPGTV / Sheff 9th Jan,A6 500m,09-01-2021 21:16,27661184,3. Coney Kojo Mojo,0,11.365710758,1,1,1,1001,1,1001,0,2973.26,0
177760707,SIS / Crayfd 9th Jan,A9 380m,09-01-2021 11:24,37390740,4. Sophies Great,0,4.6,1,1,1,1001,1,1001,0,7428.3,0
177760407,RPGTV / Sheff 9th Jan,A7 500m,09-01-2021 18:19,27231662,1. Camp Jen,0,3.85,1,1,1,1001,1,1001,0,8934.44,0
177760417,RPGTV / Sheff 9th Jan,A2 500m,09-01-2021 19:41,20827732,2. Coney Kuccini,1,4.6,1,1,1,1001,1,1001,0,10541.02,0
177714683,AUS / WPrk (AUS) 9th Jan,R1 520m Gr5,09-01-2021 07:44,27185417,3. Spritley Ebony,0,6.6,1,4.57859258672910356665236283949022826408,1,1001,1,1001,4800.58,4800.58,0
177714695,AUS / WPrk (AUS) 9th Jan,R7 520m Gr5,09-01-2021 09:40,28389252,3. Venom,0,12.137083254,1,8.09205069476255916933883035577950832188,1,1001,1,1001,1964.7,1964.7,0
177709881,AUS / Cran (AUS) 9th Jan,R11 311m Gr5,09-01-2021 01:17,28691449,5. Sizzle Fly,0,2.726875850281358,1,2.14154955782386667113408767050930570365,1,1001,1,1001,10147.54,10147.54,0
177709704,AUS / Dubb (AUS) 9th Jan,R3 318m Mdn,09-01-2021 09:04,24411701,1. Gone Amiss,0,43.309183478,1,19.7550583044437440907658367475575165459,1,1001,1,1001,317.3,317.3,0
177709877,AUS / Cran (AUS) 9th Jan,R9 311m Gr6/7,09-01-2021 00:42,38123930,2. Zen Ablaze,0,26,1,16.0321592172559484100511452079163887036,1,1001,1,1001,449.7,449.7,0
177709877,AUS / Cran (AUS) 9th Jan,R9 311m Gr6/7,09-01-2021 00:42,38123931,3. Mayhem Lass,0,7.375427061221562,1,4.51614834688435552210970602188885435241,1,1001,1,1001,1222.54,1222.54,0
177734719,NZL / Mkau (NZL) 10th Jan,R2 318m C1,09-01-2021 23:35,24938478,5. Our Scarlett,0,69.1540352176377,1,1,1,1001,1,1001,0,73.2,0
177734721,NZL / Mkau (NZL) 10th Jan,R3 318m C1,09-01-2021 23:58,22952322,2. Bigtime Otis,0,18,1,1,1,1001,1,1001,0,266.44,0
177712554,AUS / Warr (AUS) 9th Jan,R2 450m Final,09-01-2021 07:21,38123795,6. Koblenz,0,40,1,21.4018251252293805485294846996974656549,1,1001,1,1001,403.26,403.26,0
177760510,SIS / Monm 9th Jan,A6 480m,09-01-2021 21:02,36836589,1. Rattling Boots,0,15,1,1,1,1001,1,1001,0,1583.32,0
177714031,AUS / Cann (AUS) 9th Jan,R2 520m Nvce,09-01-2021 11:25,36639493,5. Sassy Blade,0,75,1,1,1,1001,1,1001,0,170.26,0
177714041,AUS / Cann (AUS) 9th Jan,R4 600m Gr5,09-01-2021 11:57,28410364,7. Jackson County,0,12,1,1,1,1001,1,1001,0,1577.92,0
177714041,AUS / Cann (AUS) 9th Jan,R4 600m Gr5,09-01-2021 11:57,28334463,6. Lilly Lana,0,40,1,1,1,1001,1,1001,0,474.54,0
177714665,AUS / Gard (AUS) 9th Jan,R4 400m Mdn,09-01-2021 08:12,36340948,1. Fire Fly Sailor,0,7.791439447363519,1,4.79587628865979381443298969072164948454,1,1001,1,1001,1808.08,1808.08,0
177709647,AUS / AnPk (AUS) 9th Jan,R6 388m Rest,09-01-2021 00:17,24688370,6. Miss Breakout,0,15.1257121336626,1,10.4971670826894884900352628868021712429,1,1001,1,1001,504.78,504.78,0
177760699,SIS / Crayfd 9th Jan,A8 380m,09-01-2021 10:17,27064284,3. Whats Tasha Upto,0,4.3,1,3.57091151898561095335979909117012985237,1,1001,1,1001,4388.06,4388.06,0
177760699,SIS / Crayfd 9th Jan,A8 380m,09-01-2021 10:17,36142037,1. Beaming Bernyee,1,3.128359307166364,1,2.75380104986708721062278678613356535758,1,1001,1,1001,6252.22,6252.22,0
177760699,SIS / Crayfd 9th Jan,A8 380m,09-01-2021 10:17,28714449,6. Squidges Hero,0,13.5,1,9.66393772647966715877063481411891021339,1,1001,1,1001,1192.16,1192.16,0
177760029,SIS / Romfd 9th Jan,A6 400m,09-01-2021 11:16,37629034,5. Ohthere Daisy,0,25,1,5.36879668385381882705027530475727498682,1,1001,1,1001,155.06,1258.52,0
177760295,SIS / Donc 9th Jan,B3 450m,09-01-2021 15:18,38144710,5. Kanturk Glass,0,9.166781032767613,1,1,1,1001,1,1001,0,2041.14,0
177760335,SIS / Henl 9th Jan,A3 460m,09-01-2021 15:11,28625908,1. Quivers Winks,0,20.365982542108537,1,1,1,1001,1,1001,0,1892.42,0
177760347,SIS / Henl 9th Jan,S3 550m,09-01-2021 17:08,24356364,4. Fieldview Myles,0,4.950539321263497,1,1,1,1001,1,1001,0,8261.94,0
177709875,AUS / Cran (AUS) 9th Jan,R8 520m Gr4/5,09-01-2021 00:24,33009928,1. Aston Rosa,0,20,1,14.6078727832227538732456998523630800975,1,1001,1,1001,1124.38,1124.38,0
177760023,SIS / Romfd 9th Jan,A10 400m,09-01-2021 10:31,38145288,4. Trapstyle Spice,0,11.478494592,1,8.60812667615799754991226037148627619773,1,1001,1,1001,2416.24,2416.24,0
177760449,SIS / Hove 9th Jan,A7 500m,09-01-2021 18:09,36678094,6. Insane Rocky,0,6.6,1,1,1,1001,1,1001,0,3059.92,0
177760471,SIS / Hove 9th Jan,A8 500m,09-01-2021 21:28,38144803,2. Stand In,0,5.387491124,1,1,1,1001,1,1001,0,6330.36,0
177759698,TRP / PBarr 9th Jan,A8 480m,09-01-2021 11:51,23661407,4. Overdale Twirl,0,14.591645638648536,1,1,1,1001,1,1001,0,1189.74,0
177759995,RPGTV / Crayfd 9th Jan,E1 714m,09-01-2021 20:19,35825314,4. A Mothers Love,0,3.409403225890173,1,1,1,1001,1,1001,0,6184.44,0
177760297,SIS / Donc 9th Jan,B3 450m,09-01-2021 15:38,36627100,3. Buzzing For One,0,3.6557877841772277,1,1,1,1001,1,1001,0,6916.78,0
177759706,TRP / PBarr 9th Jan,D3 275m,09-01-2021 12:51,27017759,3. Prem Girl,0,4.608891878827416,1,1,1,1001,1,1001,0,5748.2,0
177759710,TRP / PBarr 9th Jan,A7 480m,09-01-2021 13:21,11086735,1. Baker Boy,0,6.6,1,5.09989770755219657269551124699438749003,1,1001,1,1001,4,2838.66,0
177712790,AUS / Warr (AUS) 9th Jan,R12 390m Gr5,09-01-2021 10:58,35833432,8. Blackpool Bolt,1,13,1,7.85199967151186663381785333004845199967,1,1001,1,1001,730.62,730.62,0
177714651,AUS / Gard (AUS) 9th Jan,R1 515m Rest,09-01-2021 07:09,37929328,6. Captain Muddy,0,6.826025134167358,1,5.71834911105980143154006003232509812976,1,1001,1,1001,1732.4,1732.4,0
177714681,AUS / Gard (AUS) 9th Jan,R12 400m M1/2/3,09-01-2021 11:10,20585917,5. Powerful Pat,0,110,1,1,1,1001,1,1001,0,257.8,0
177709718,AUS / Dubb (AUS) 9th Jan,R10 400m Gr5,09-01-2021 11:39,24427234,7. Diamond Enlim,0,20.33010671584983,1,1,1,1001,1,1001,0,987.62,0
177714010,AUS / Ipsw (AUS) 9th Jan,R4 520m Heat,09-01-2021 08:16,27972579,4. Spring Paris,1,8.54648013,1,8.16190959461929765949533853165322961908,1,1001,1,1001,3172.82,3172.82,0
177760494,SIS / Monm 9th Jan,A3 480m,09-01-2021 19:24,28743063,1. Barntick Ruby,0,2.630449926,1,1,1,1001,1,1001,0,23620.92,0
177759700,TRP / PBarr 9th Jan,A3 480m,09-01-2021 12:06,22886460,6. Tell Us More,0,15.345879078246359,1,1,1,1001,1,1001,0,1844.04,0
177759700,TRP / PBarr 9th Jan,A3 480m,09-01-2021 12:06,35714734,4. Moonlight Fox,0,18.420340005,1,1,1,1001,1,1001,0,1639.38,0
177760723,SIS / Crayfd 9th Jan,A5 380m,09-01-2021 13:24,22666610,4. Allowdale Mia,0,9.809285715816223,1,7.79977186765384021366083167909716629007,1,1001,1,1001,4,3680.6,0
177760725,SIS / Crayfd 9th Jan,A9 380m,09-01-2021 13:39,29607339,6. Crossfield Tara,0,9.014066729284828,1,1,1,1001,1,1001,0,2881.94,0
177709962,AUS / Gosf (AUS) 9th Jan,R8 388m Gr5,09-01-2021 01:22,36156282,7. Indian Mccooke,0,46,1,17.3634745298521088186963666240642687603,1,1001,1,1001,438.16,438.16,0
177710074,AUS / Mead (AUS) 9th Jan,R3 525m Final,09-01-2021 08:09,27091706,5. Ingenuity,0,9.899639963,1,6.90910977901046792520354299006889147356,1,1001,1,1001,2235.4,2235.4,0
177710076,AUS / Mead (AUS) 9th Jan,R4 525m Final,09-01-2021 08:32,28859879,3. Fernando Booker,0,12,1,9.55309416146366659719264541969860357217,1,1001,1,1001,2207.06,2207.06,0
177714004,AUS / Ipsw (AUS) 9th Jan,R1 431m Mdn,09-01-2021 07:18,38123635,1. Sweet Gal,0,9.569838692,1,5.77965403624382207578253706754530477759,1,1001,1,1001,582.72,582.72,0
177714016,AUS / Ipsw (AUS) 9th Jan,R7 431m Gr4/5,09-01-2021 09:23,28490080,7. Crown Ella,0,28,1,15.4497686715135492399206873760740251157,1,1001,1,1001,484.16,484.16,0
177712778,AUS / Warr (AUS) 9th Jan,R7 650m Final,09-01-2021 09:11,27165644,5. Christo Bale,0,2.48,1,2.24426852667829173932337077106731917074,1,1001,1,1001,6399.96,6399.96,0
177712780,AUS / Warr (AUS) 9th Jan,R8 390m Final,09-01-2021 09:33,35850139,6. Aston Minerva,1,7.051445922191488,1,4.19898147154558786708158958400400615231,1,1001,1,1001,2236.56,2236.56,0
177714669,AUS / Gard (AUS) 9th Jan,R6 400m Gr5,09-01-2021 08:54,35909168,9. Aston Torbreck,0,136.07379194454052,1,60.1012096012096012096012096012096012096,1,1001,1,1001,211.64,211.64,0
177714697,AUS / WPrk (AUS) 9th Jan,R8 520m Gr4,09-01-2021 10:02,25555714,6. Diamantina Rose,0,13.626734225522089,1,6.25172366985221657508431041747098716789,1,1001,1,1001,5672.49,5672.49,0
177714697,AUS / WPrk (AUS) 9th Jan,R8 520m Gr4,09-01-2021 10:02,31718883,8. Hooper,1,7.532611838731828,1,5.6720261655540577554122202589702415158,1,1001,1,1001,3723.98,3723.98,0
177760453,SIS / Hove 9th Jan,A6 500m,09-01-2021 18:43,20700520,2. Lisneal Twister,1,6.1141671228427725,1,1,1,1001,1,1001,0,4558.16,0
177760463,SIS / Hove 9th Jan,A11 500m,09-01-2021 20:17,36390785,6. Punkrock Mystery,0,17.5,1,1,1,1001,1,1001,0,952.72,0
177760717,SIS / Crayfd 9th Jan,A7 380m,09-01-2021 12:39,23752925,2. Deecees Mercury,0,14.171772500119694,1,1,1,1001,1,1001,0,2414.48,0
177760207,SIS / Harl 9th Jan,D4 238m,09-01-2021 08:12,38036372,3. Moaning Pacino,0,4.3514034055893696,1,3.44593076239805276454370320809348575911,1,1001,1,1001,1733.74,1733.74,0
177760221,SIS / Harl 9th Jan,A6 415m,09-01-2021 10:07,27094729,3. Ayeisha,0,4.9,1,3.55710114270098480784607443244501573871,1,1001,1,1001,3952.04,3952.04,0
177760221,SIS / Harl 9th Jan,A6 415m,09-01-2021 10:07,27783892,1. Ballynabee Candy,0,3.9,1,3.62643164861015652124621805273115049139,1,1001,1,1001,5645.24,5645.24,0
177760339,SIS / Henl 9th Jan,A9 460m,09-01-2021 15:48,36775827,4. Papa Womble,1,8.087030495208598,1,1,1,1001,1,1001,0,1534.24,0
177760421,RPGTV / Sheff 9th Jan,A5 500m,09-01-2021 20:12,36349746,5. Seomra Dancer,0,39.254481217278354,1,1,1,1001,1,1001,0,931.33,0
177760427,RPGTV / Sheff 9th Jan,A7 500m,09-01-2021 21:01,24639402,3. Geelo Violet,0,22,1,1,1,1001,1,1001,0,1178.88,0
177714689,AUS / WPrk (AUS) 9th Jan,R4 520m Gr5,09-01-2021 08:39,28396252,2. Divine Jewel,0,38,1,22.1474469046543154089471305919566199729,1,1001,1,1001,442.6,442.6,0
177760465,SIS / Hove 9th Jan,A8 500m,09-01-2021 20:38,24895004,6. Lully Girl,0,36.007909474,1,1,1,1001,1,1001,0,926.83,0
177760719,SIS / Crayfd 9th Jan,S8 540m,09-01-2021 12:54,25259262,6. Deecees Venus,0,58.23327423280688,1,1,1,1001,1,1001,0,723.53,0
177714655,AUS / Gard (AUS) 9th Jan,R3 272m Mdn,09-01-2021 07:47,38123762,3. Zipping Glamour,0,2.4971339062573676,1,1.90045015403681174345234458863880331288,1,1001,1,1001,6874.98,6874.98,0
177714655,AUS / Gard (AUS) 9th Jan,R3 272m Mdn,09-01-2021 07:47,38123765,8. Cincinnati Girl,0,5.827594174675179,1,4.65609268397339626689551598369448616177,1,1001,1,1001,2330.5,2330.5,0
177714679,AUS / Gard (AUS) 9th Jan,R11 272m Gr4/5,09-01-2021 10:44,28050537,9. Felicia Bale,0,27,1,19.1939324116743471582181259600614439324,1,1001,1,1001,572.88,572.88,0
177714020,AUS / Ipsw (AUS) 9th Jan,R9 431m Gr5,09-01-2021 10:03,29228793,1. Now Or Never,0,4.8,1,3.23765527481159845653168512555786711325,1,1001,1,1001,2316.86,2316.86,0
177714022,AUS / Ipsw (AUS) 9th Jan,R10 431m Gr5,09-01-2021 10:24,36581187,5. Diannes Boy,0,6.2,1,4.83201503078112091250699570929829704448,1,1001,1,1001,1500.92,1500.92,0
177714022,AUS / Ipsw (AUS) 9th Jan,R10 431m Gr5,09-01-2021 10:24,38123651,6. Spring Vader,0,3.349048933,1,2.56992994207096307023895727733526430123,1,1001,1,1001,5524,5524,0
177714035,AUS / Cann (AUS) 9th Jan,R7 520m Gr5,09-01-2021 13:02,35372318,7. Stargazer,0,30.063283391117697,1,1,1,1001,1,1001,0,474.65,0
177760349,SIS / Henl 9th Jan,A8 460m,09-01-2021 17:28,36300482,2. Queensland Larry,0,4.6,1,1,1,1001,1,1001,0,5546.92,0
177760409,RPGTV / Sheff 9th Jan,D4 280m,09-01-2021 18:36,28607472,5. Tyrap Burgos,1,3.3089735577692587,1,1,1,1001,1,1001,0,7699.36,0
177712556,AUS / Warr (AUS) 9th Jan,R3 450m Gr6/7,09-01-2021 07:41,36672305,6. Moraine Izzy,0,110,1,34.9304439007340090877315623907724571828,1,1001,1,1001,171.66,171.66,0
177712786,AUS / Warr (AUS) 9th Jan,R11 390m Gr2/3,09-01-2021 10:37,20482231,5. Speed Star,0,2.48,1,2.06901490933099943187925130898091421377,1,1001,1,1001,13025.4,13025.4,0
177714039,AUS / Cann (AUS) 9th Jan,R9 380m Gr5,09-01-2021 13:37,26100248,5. Catch Jackson,0,20,1,1,1,1001,1,1001,0,690.1,0
177714671,AUS / Gard (AUS) 9th Jan,R7 515m Final,09-01-2021 09:14,25438959,6. Cursed,1,6.913732729533731,1,4.51238920908606577226715745628904925655,1,1001,1,1001,1651.76,1651.76,0
177759987,RPGTV / Crayfd 9th Jan,E2 714m,09-01-2021 19:17,24739106,5. Heavens Delight,0,75,1,1,1,1001,1,1001,0,653.63,0
177760293,SIS / Donc 9th Jan,D3 275m,09-01-2021 15:02,25383753,5. Bogger Linden,1,6.2,1,1,1,1001,1,1001,0,3257.86,0
177760293,SIS / Donc 9th Jan,D3 275m,09-01-2021 15:02,38036377,1. Kingsmill Coyote,0,3.2,1,1,1,1001,1,1001,0,11061.2,0
177712552,AUS / Warr (AUS) 9th Jan,R1 390m Mdn,09-01-2021 07:06,38123789,4. Aston Orazio,0,2.089699195,1,1.76650942491146548092284461722637723839,1,1001,1,1001,9589.48,9589.48,0
177760487,SIS / Monm 9th Jan,A1 480m,09-01-2021 18:33,35341006,6. Kurtas Carranna,0,9.506592085,1,1,1,1001,1,1001,0,3939.62,0
177760487,SIS / Monm 9th Jan,A1 480m,09-01-2021 18:33,36857112,2. Coppice Flyer,0,9.634862883,1,1,1,1001,1,1001,0,4446.74,0
177760291,SIS / Donc 9th Jan,B2 450m,09-01-2021 14:42,19886364,1. Palatine Michael,0,13.55485802325049,1,1,1,1001,1,1001,0,1553.38,0
177760707,SIS / Crayfd 9th Jan,A9 380m,09-01-2021 11:24,26805999,1. Shebas Moonlight,1,3.75,1,3.79986686633050598444043985708479561797,1,1001,1,1001,4,10946.48,0
177760407,RPGTV / Sheff 9th Jan,A7 500m,09-01-2021 18:19,37035021,2. Jadore,1,4.9,1,1,1,1001,1,1001,0,9034.88,0
177760407,RPGTV / Sheff 9th Jan,A7 500m,09-01-2021 18:19,23622243,5. Clare From Clare,0,24,1,1,1,1001,1,1001,0,1346.28,0
177714683,AUS / WPrk (AUS) 9th Jan,R1 520m Gr5,09-01-2021 07:44,27559853,4. Sniffy,0,8.6,1,6.90005017912040448182118448131304148988,1,1001,1,1001,3148.72,3148.72,0
177714683,AUS / WPrk (AUS) 9th Jan,R1 520m Gr5,09-01-2021 07:44,26596236,1. Storm Bay,0,6.509875627334114,1,4.46640534989731002354355557781896508541,1,1001,1,1001,3194.08,3194.08,0
177714685,AUS / WPrk (AUS) 9th Jan,R2 520m Gr5,09-01-2021 08:02,38123811,1. Ice Cream Story,1,1.4231156695460232,1,1.37093831204041297364733140033912867302,1,1001,1,1001,23790.38,23790.38,0
177714685,AUS / WPrk (AUS) 9th Jan,R2 520m Gr5,09-01-2021 08:02,38123813,7. Ritza Tommy,0,11.708940635587204,1,8.09686733371923151134265001791670112186,1,1001,1,1001,1451.16,1451.16,0
177714687,AUS / WPrk (AUS) 9th Jan,R3 520m Gr5,09-01-2021 08:22,35934026,8. Five Second Rule,0,10,1,9.42304655252862424177165213021786726966,1,1001,1,1001,2228.88,2228.88,0
177714695,AUS / WPrk (AUS) 9th Jan,R7 520m Gr5,09-01-2021 09:40,35608495,7. Lauries Norris,0,26,1,14.0090841938170902289908372231914124507,1,1001,1,1001,636.27,636.27,0
177709704,AUS / Dubb (AUS) 9th Jan,R3 318m Mdn,09-01-2021 09:04,38123706,9. Arrogant Suzy,0,33.1110430058602,1,13.5405455904334828101644245142002989537,1,1001,1,1001,160.56,160.56,0
177759696,TRP / PBarr 9th Jan,A5 480m,09-01-2021 11:36,27852951,4. Shortwood Jem,0,17.265873239,1,1,1,1001,1,1001,0,1145.5,0
177709710,AUS / Dubb (AUS) 9th Jan,R6 318m Rest,09-01-2021 10:11,30681844,7. Janderras Diva,0,5.319317972652934,1,4.14581521061471772566910421816208128269,1,1001,1,1001,2726.78,2726.78,0
177709712,AUS / Dubb (AUS) 9th Jan,R7 318m Gr5,09-01-2021 10:30,34973871,5. From The Bronx,0,95,1,56.346436058700209643605870020964360587,1,1001,1,1001,152.64,152.64,0
177709716,AUS / Dubb (AUS) 9th Jan,R9 318m Gr5,09-01-2021 11:21,38123717,2. Unlock The Fury,0,3.13397778928098,1,1,1,1001,1,1001,0,6436.5,0
177709716,AUS / Dubb (AUS) 9th Jan,R9 318m Gr5,09-01-2021 11:21,27355140,6. Yanderra Rip,0,70,1,1,1,1001,1,1001,0,194.42,0
177709873,AUS / Cran (AUS) 9th Jan,R7 520m Gr5,09-01-2021 00:07,24629858,2. Ride Along,0,7,1,6.651898674465776687579602811453370442,1,1001,1,1001,1695.92,1695.92,0
177709873,AUS / Cran (AUS) 9th Jan,R7 520m Gr5,09-01-2021 00:07,25473252,8. Cute Patootie,0,50,1,25.2866515470597764458124088773691884011,1,1001,1,1001,246.92,246.92,0
177714031,AUS / Cann (AUS) 9th Jan,R2 520m Nvce,09-01-2021 11:25,28162182,7. Pollys Xyra,0,25,1,1,1,1001,1,1001,0,1371.74,0
177714031,AUS / Cann (AUS) 9th Jan,R2 520m Nvce,09-01-2021 11:25,33932717,2. Go Lyla,0,16.180223764432583,1,1,1,1001,1,1001,0,1742.85,0
177714045,AUS / Cann (AUS) 9th Jan,R6 715m Gr4/5,09-01-2021 12:47,24215375,4. Wake Up,0,84.073767047,1,1,1,1001,1,1001,0,211.14,0
177714665,AUS / Gard (AUS) 9th Jan,R4 400m Mdn,09-01-2021 08:12,38123771,8. My Girl Maia,0,18.13843131114904,1,8.73819707759178766299824285582169610654,1,1001,1,1001,865.04,865.04,0
177714665,AUS / Gard (AUS) 9th Jan,R4 400m Mdn,09-01-2021 08:12,38123772,9. Teahupoo Pearl,0,31.748122566,1,19.2043576116354282904317893821042876326,1,1001,1,1001,528.73,528.73,0
177714673,AUS / Gard (AUS) 9th Jan,R8 400m Gr5,09-01-2021 09:36,38123777,10. Flying Summer,0,83.49296467330308,1,31.8114844395483337923437069677774717709,1,1001,1,1001,145.24,145.24,0
177714677,AUS / Gard (AUS) 9th Jan,R10 400m FFA,09-01-2021 10:21,27056407,6. Zipping Sookie,0,156.695280451104,1,119.16163541346449431294189978481401783,1,1001,1,1001,162.65,162.65,0
177760705,SIS / Crayfd 9th Jan,A10 380m,09-01-2021 11:09,35457379,3. Tweedledee,1,4.179070492452011,1,5.77323143168081426616972952543980346628,1,1001,1,1001,82.22,6750.74,0
177760705,SIS / Crayfd 9th Jan,A10 380m,09-01-2021 11:09,38146151,5. Charlottes Rose,0,12.660699511,1,10.7887925954520912464817975534836575864,1,1001,1,1001,6.16,1963.67,0
177760215,SIS / Harl 9th Jan,D4 238m,09-01-2021 09:18,38144717,4. Fools Mistress,0,11.45957536121627,1,8.16749489579721869101275087638198697947,1,1001,1,1001,1038.36,1038.36,0
177760215,SIS / Harl 9th Jan,D4 238m,09-01-2021 09:18,16941100,5. Bluebell Harriet,0,9.205634372615169,1,4.86610787628349611820686200851490107688,1,1001,1,1001,1277.76,1277.76,0
177760225,SIS / Harl 9th Jan,A7 415m,09-01-2021 10:41,26344019,2. Bombay Queen,0,11.528631433,1,9.75540514733140860734466450228608018693,1,1001,1,1001,1780.34,1780.34,0
177760225,SIS / Harl 9th Jan,A7 415m,09-01-2021 10:41,38144720,4. Havinalaugh,0,12.692781061443966,1,10.6098875455596052982487332207307316206,1,1001,1,1001,1799.84,1799.84,0
177760311,SIS / Donc 9th Jan,D3 275m,09-01-2021 17:54,38036369,6. Ballymac Legacy,0,8.478796175149913,1,1,1,1001,1,1001,0,3965.28,0
177760500,SIS / Monm 9th Jan,A8 480m,09-01-2021 20:03,35529940,1. Errill Gaga,0,13.347248623,1,1,1,1001,1,1001,0,3185.04,0
177760500,SIS / Monm 9th Jan,A8 480m,09-01-2021 20:03,35888990,3. Cross Keys Itch,0,6.43882568232948,1,1,1,1001,1,1001,0,5440.04,0
177759702,TRP / PBarr 9th Jan,A4 480m,09-01-2021 12:21,28741531,5. Ballymac Wren,1,4.961927720180721,1,1,1,1001,1,1001,0,2025.6,0
177760021,SIS / Romfd 9th Jan,S1 575m,09-01-2021 10:12,36161403,5. Underground Brae,0,6.2,1,4.32221108966056547982698370030057916473,1,1001,1,1001,1636.84,1636.84,0
177760039,SIS / Romfd 9th Jan,A3 400m,09-01-2021 12:31,13074823,6. Drohobych Sunset,0,11.473442611820731,1,1,1,1001,1,1001,0,1794.56,0
177760039,SIS / Romfd 9th Jan,A3 400m,09-01-2021 12:31,23963683,1. Oioi Freddy,0,2.7230151624528656,1,1,1,1001,1,1001,0,12991.88,0
177760043,SIS / Romfd 9th Jan,A5 400m,09-01-2021 13:02,36205280,5. Noirs Gin,0,23,1,1,1,1001,1,1001,0,1248.5,0
177760459,SIS / Hove 9th Jan,D3 285m,09-01-2021 19:36,16351705,6. Corrin Nigel,0,10.5,1,1,1,1001,1,1001,0,2425.78,0
177760459,SIS / Hove 9th Jan,D3 285m,09-01-2021 19:36,21290671,1. Carraig Molly,1,8.8,1,1,1,1001,1,1001,0,3041.26,0
177760213,SIS / Harl 9th Jan,A7 415m,09-01-2021 09:02,25613307,5. Cupmoretea,0,5.285523821319219,1,3.82256014037977743359266587285244903623,1,1001,1,1001,2233.94,2233.94,0
177760219,SIS / Harl 9th Jan,D3 238m,09-01-2021 09:52,28679110,5. Strafield Beauty,1,6.2,1,4.38270208642116064302816098506441682818,1,1001,1,1001,1754.2,1754.2,0
177759692,TRP / PBarr 9th Jan,A2 480m,09-01-2021 11:06,37444099,4. Talking Bull,0,3.15,1,3.30328954115997232672526745780089388218,1,1001,1,1001,107.36,11091.96,0
177760209,SIS / Harl 9th Jan,A7 415m,09-01-2021 08:27,18178794,5. You Little Mikey,0,30.963724329146967,1,19.7964658841738681800593318715335998968,1,1001,1,1001,387.65,387.65,0
177759989,RPGTV / Crayfd 9th Jan,A3 380m,09-01-2021 19:31,28789095,2. Fredie The Man,0,4.013886043810166,1,1,1,1001,1,1001,0,11037.64,0
177760297,SIS / Donc 9th Jan,B3 450m,09-01-2021 15:38,13274912,6. Bungee,0,3.6050010123066563,1,1,1,1001,1,1001,0,12013.82,0
177760303,SIS / Donc 9th Jan,B1 450m,09-01-2021 16:38,37306789,1. Ferryforth Fiona,0,7.744254569628391,1,1,1,1001,1,1001,0,4688.16,0
177760345,SIS / Henl 9th Jan,A2 460m,09-01-2021 16:48,35549580,4. Tinks Legend,1,7.607274939417508,1,1,1,1001,1,1001,0,7486.7,0
177714037,AUS / Cann (AUS) 9th Jan,R8 520m Gr5,09-01-2021 13:17,28597048,6. Whats Up Marty,0,10.419141381513324,1,1,1,1001,1,1001,0,1730.48,0
177709879,AUS / Cran (AUS) 9th Jan,R10 311m Gr4/5,09-01-2021 00:59,20930346,3. Spritely Star,0,226.154350893,1,69.1062145401768043277477239741390684787,1,1001,1,1001,151.58,151.58,0
177709879,AUS / Cran (AUS) 9th Jan,R10 311m Gr4/5,09-01-2021 00:59,21895482,8. Line Trike,0,191.28263295415738,1,90.5074812967581047381546134663341645885,1,1001,1,1001,128.32,128.32,0
177714010,AUS / Ipsw (AUS) 9th Jan,R4 520m Heat,09-01-2021 08:16,38123645,8. Call Me Gibbs,0,4.8,1,4.48440141531265986212272539036807873133,1,1001,1,1001,6568.16,6568.16,0
177760469,SIS / Hove 9th Jan,A5 500m,09-01-2021 21:12,36299554,4. Maglass Jet,0,11.059838239,1,1,1,1001,1,1001,0,1249.26,0
177760469,SIS / Hove 9th Jan,A5 500m,09-01-2021 21:12,28791732,1. Insane Sienna,0,4.3,1,1,1,1001,1,1001,0,8905.74,0
177760715,SIS / Crayfd 9th Jan,A10 380m,09-01-2021 12:24,24858322,3. Bananaman,0,6.680376524139863,1,1,1,1001,1,1001,0,2985.36,0
177760723,SIS / Crayfd 9th Jan,A5 380m,09-01-2021 13:24,36402423,5. Cluendarby Pearl,0,16.48748747767881,1,1,1,1001,1,1001,0,1492.1,0
177709962,AUS / Gosf (AUS) 9th Jan,R8 388m Gr5,09-01-2021 01:22,38123756,6. Power Grip,0,19.916468925,1,10.0263328078897376823895557980679843175,1,1001,1,1001,494.82,494.82,0
177710072,AUS / Mead (AUS) 9th Jan,R2 525m Gr6,09-01-2021 07:52,35620999,5. Black Gemstone,0,2.9100786402775927,1,2.34224464412937237252260255894950930754,1,1001,1,1001,11593.82,11593.82,0
177710078,AUS / Mead (AUS) 9th Jan,R5 600m Final,09-01-2021 08:47,28747701,5. Weblec Ace,0,2.832650766727747,1,2.45905321568855187445402302401124882464,1,1001,1,1001,16186.58,16186.58,0
177710086,AUS / Mead (AUS) 9th Jan,R9 525m Gr5,09-01-2021 10:08,36512977,5. Xamira Bale,0,17.004916452,1,15.8505575718375315917448225472229209338,1,1001,1,1001,834.87,834.87,0
177710084,AUS / Mead (AUS) 9th Jan,R8 525m FFA,09-01-2021 09:47,36555967,8. Lakeview Walter,0,1.824687656,1,1.7590271096655277305640512612493788941,1,1001,1,1001,24110.22,24110.22,0
177714004,AUS / Ipsw (AUS) 9th Jan,R1 431m Mdn,09-01-2021 07:18,38123641,8. Blue Bay,0,9.07791843218496,1,5.11331681415929203539823008849557522124,1,1001,1,1001,565,565,0
177714016,AUS / Ipsw (AUS) 9th Jan,R7 431m Gr4/5,09-01-2021 09:23,37081049,2. Happy Hornet,0,4.069510431,1,3.19281881939127841372037178813118967897,1,1001,1,1001,6504.78,6504.78,0
177714669,AUS / Gard (AUS) 9th Jan,R6 400m Gr5,09-01-2021 08:54,26323485,8. Hes Deadly,0,19.81368211226625,1,12.6418851421848291784136568472928274913,1,1001,1,1001,900.94,900.94,0
177714669,AUS / Gard (AUS) 9th Jan,R6 400m Gr5,09-01-2021 08:54,37384490,1. Big Trump Banner,1,1.7856426827801082,1,1.68857649978075959659765773969024103004,1,1001,1,1001,11904.74,11904.74,0
177714697,AUS / WPrk (AUS) 9th Jan,R8 520m Gr4,09-01-2021 10:02,25293456,7. Jet Jackson,0,10.160260916,1,7.74893869877358582463933292420390231548,1,1001,1,1001,4106.28,4106.28,0
177714699,AUS / WPrk (AUS) 9th Jan,R9 520m FFA,09-01-2021 10:18,35801339,4. Do It,0,5.3,1,4.0697350988027338385225638622739978349,1,1001,1,1001,4951.28,4951.28,0
177759712,TRP / PBarr 9th Jan,A6 480m,09-01-2021 13:36,27176212,4. Phoenix Quietly,0,12.56371726857964,1,1,1,1001,1,1001,0,1075.24,0
177759712,TRP / PBarr 9th Jan,A6 480m,09-01-2021 13:36,28117287,5. Emkay Flyer,0,4.617526035882619,1,1,1,1001,1,1001,0,4666.28,0
177760453,SIS / Hove 9th Jan,A6 500m,09-01-2021 18:43,29157014,5. Skywalker Septre,0,15,1,1,1,1001,1,1001,0,1885.46,0
177760507,SIS / Monm 9th Jan,A2 480m,09-01-2021 20:43,38145065,5. Signet Miller,0,5.872590163660354,1,1,1,1001,1,1001,0,5809.14,0
177760701,SIS / Crayfd 9th Jan,A10 380m,09-01-2021 10:37,37631337,3. Javeas Dream,0,4.1,1,3.1969474036210767687383557063010557493,1,1001,1,1001,5861.24,5861.24,0
177760717,SIS / Crayfd 9th Jan,A7 380m,09-01-2021 12:39,36142059,5. Ace Of Aces,0,9.544321435298915,1,1,1,1001,1,1001,0,1825.42,0
177760035,SIS / Romfd 9th Jan,A1 400m,09-01-2021 12:01,26628746,4. Im Alright Jack,1,3.6,1,1,1,1001,1,1001,0,14436.92,0
177760207,SIS / Harl 9th Jan,D4 238m,09-01-2021 08:12,38144715,5. Listen Karen,0,9.852391879639764,1,5.30381097560975609756097560975609756098,1,1001,1,1001,669.12,669.12,0
177760421,RPGTV / Sheff 9th Jan,A5 500m,09-01-2021 20:12,36837342,2. Still Dre,0,2.7176037282723517,1,1,1,1001,1,1001,0,20682.84,0
177714667,AUS / Gard (AUS) 9th Jan,R5 400m Gr4/5,09-01-2021 08:34,21626775,6. Winlock Shakey,0,250,1,74.0461133069828722002635046113306982872,1,1001,1,1001,91.08,91.08,0
177714689,AUS / WPrk (AUS) 9th Jan,R4 520m Gr5,09-01-2021 08:39,28755937,3. Raglan Viper,1,10.5,1,7.52086844649477394356011297112537206629,1,1001,1,1001,2627.22,2627.22,0
177760455,SIS / Hove 9th Jan,A2 500m,09-01-2021 18:58,35369309,6. Stop That Silly,0,13.367098845846485,1,1,1,1001,1,1001,0,1292.94,0
177760461,SIS / Hove 9th Jan,A1 500m,09-01-2021 19:56,22389876,1. Cynthias Gift,1,4.5,1,1,1,1001,1,1001,0,8793.68,0
177714701,AUS / WPrk (AUS) 9th Jan,R10 520m M1/2/3,09-01-2021 10:41,20800686,4. Nangar Jack,0,13.907227985759384,1,8.21539427394997907310837867493184620431,1,1001,1,1001,1768.06,1768.06,0
177712782,AUS / Warr (AUS) 9th Jan,R9 390m Gr6/7,09-01-2021 09:54,11539757,3. Free Gift,0,6.431774912357504,1,3.96477068840693758066039220623878623816,1,1001,1,1001,1906.14,1906.14,0
177712784,AUS / Warr (AUS) 9th Jan,R10 450m Gr5,09-01-2021 10:14,24536906,1. Rampant Teresa,0,33.45418445926159,1,18.134397706490040037566111413177796451,1,1001,1,1001,404.62,404.62,0
177712788,AUS / Warr (AUS) 9th Jan,R6 450m Final,09-01-2021 08:50,35728409,4. Einsteinium,1,4.812250458,1,3.8598944298488756055822025115090746945,1,1001,1,1001,4148.9,4148.9,0
177760005,RPGTV / Crayfd 9th Jan,A2 380m,09-01-2021 21:40,25368786,1. Millabbey Ralph,0,7.807498475,1,1,1,1001,1,1001,0,5132.82,0
177714022,AUS / Ipsw (AUS) 9th Jan,R10 431m Gr5,09-01-2021 10:24,26051815,8. Wicked Collision,0,100,1,62.8378589263420724094881398252184769039,1,1001,1,1001,256.32,256.32,0
177714033,AUS / Cann (AUS) 9th Jan,R3 520m Gr4/5,09-01-2021 11:42,26608655,2. Cindys Oliver,0,7.46338940474161,1,1,1,1001,1,1001,0,3371.86,0
177714051,AUS / Cann (AUS) 9th Jan,R12 520m Gr5,09-01-2021 14:27,28090305,7. Aston Thunder,1,7.4,1,1,1,1001,1,1001,0,3734.28,0
177714051,AUS / Cann (AUS) 9th Jan,R12 520m Gr5,09-01-2021 14:27,35595211,4. West On True,0,4.016236079381777,1,1,1,1001,1,1001,0,7037.26,0
177760419,RPGTV / Sheff 9th Jan,A4 500m,09-01-2021 19:58,28681238,2. Rybrook Ruby,0,8.123695863,1,1,1,1001,1,1001,0,4634.74,0
177760419,RPGTV / Sheff 9th Jan,A4 500m,09-01-2021 19:58,24746670,4. Saleen Again,0,6.8231456538275985,1,1,1,1001,1,1001,0,4891.32,0
177760419,RPGTV / Sheff 9th Jan,A4 500m,09-01-2021 19:58,28654052,3. Kennys Vision,0,4.3221716994631425,1,1,1,1001,1,1001,0,9071.06,0
177760419,RPGTV / Sheff 9th Jan,A4 500m,09-01-2021 19:58,38145620,1. Mud Honey,1,3.1,1,1,1,1001,1,1001,0,22819.22,0
177709649,AUS / AnPk (AUS) 9th Jan,R7 515m Rest,09-01-2021 00:34,36257138,7. Jamie Lannister,0,5.494542178158883,1,4.61396728962562111488865195437445935344,1,1001,1,1001,1988.36,1988.36,0
177709700,AUS / Dubb (AUS) 9th Jan,R1 400m Mdn,09-01-2021 08:19,38123699,8. Cawbourne Bark,0,6.036048988330876,1,3.51541832473593711618766887742569393269,1,1001,1,1001,2035.5,2035.5,0
177712786,AUS / Warr (AUS) 9th Jan,R11 390m Gr2/3,09-01-2021 10:37,30274189,7. Keiki,0,5.162796362302251,1,3.71533862578067464206393848544770277245,1,1001,1,1001,3448.94,3448.94,0
177714029,AUS / Cann (AUS) 9th Jan,R1 380m Nvce,09-01-2021 11:03,38123938,2. Human Fund,0,7.5766782751609565,1,5.42597882461201129690790288000097460235,1,1001,1,1001,137.18,1517.38,0
177714043,AUS / Cann (AUS) 9th Jan,R5 600m Gr5,09-01-2021 12:22,28499004,5. Black Que,0,7.855708156247056,1,1,1,1001,1,1001,0,3466.59,0
177714049,AUS / Cann (AUS) 9th Jan,R11 380m FFA,09-01-2021 14:12,35063023,8. Grand Riot,0,13.5,1,1,1,1001,1,1001,0,1448.34,0
177759987,RPGTV / Crayfd 9th Jan,E2 714m,09-01-2021 19:17,37308886,1. Masontigermac,0,2.615979933727285,1,1,1,1001,1,1001,0,16972.68,0
177760301,SIS / Donc 9th Jan,D2 275m,09-01-2021 16:18,36041850,2. Five Helmets,0,3.855441842,1,1,1,1001,1,1001,0,9763.3,0
177760327,SIS / Henl 9th Jan,A7 460m,09-01-2021 13:57,36667998,4. No False Alarm,0,3.6370299166137556,1,1,1,1001,1,1001,0,4670.7,0
177760467,SIS / Hove 9th Jan,A2 500m,09-01-2021 20:54,26500472,3. Touchdown Ursula,1,4.1,1,1,1,1001,1,1001,0,10118.98,0
177760467,SIS / Hove 9th Jan,A2 500m,09-01-2021 20:54,28640266,5. All Hype,0,8.421556650137532,1,1,1,1001,1,1001,0,2892.82,0
177760504,SIS / Monm 9th Jan,A7 480m,09-01-2021 20:23,36676743,1. Ferocious Jet,0,6.302611328295606,1,1,1,1001,1,1001,0,5711.92,0
177760407,RPGTV / Sheff 9th Jan,A7 500m,09-01-2021 18:19,27083336,4. Loskeran Thief,0,3.7,1,1,1,1001,1,1001,0,6673,0
177760417,RPGTV / Sheff 9th Jan,A2 500m,09-01-2021 19:41,28643378,6. Woodcocks Romeo,0,4,1,1,1,1001,1,1001,0,12081.26,0
177714008,AUS / Ipsw (AUS) 9th Jan,R3 630m Rest,09-01-2021 07:55,27193422,6. Tribute To Dave,0,15.981109912395478,1,7.93677397376937489354454096406063702947,1,1001,1,1001,587.1,587.1,0
177714008,AUS / Ipsw (AUS) 9th Jan,R3 630m Rest,09-01-2021 07:55,37081061,4. Smart Lilly,0,5.82152568368474,1,3.9350364523103222887022977525265221982,1,1001,1,1001,1988.9,1988.9,0
177714685,AUS / WPrk (AUS) 9th Jan,R2 520m Gr5,09-01-2021 08:02,38123812,6. Brickman,0,34.43714069376408,1,18.6158133852556026419272324666895735502,1,1001,1,1001,523.86,523.86,0
177714687,AUS / WPrk (AUS) 9th Jan,R3 520m Gr5,09-01-2021 08:22,27237386,6. Do You Dig,0,38,1,23.1804695519719195999867545282956389284,1,1001,1,1001,603.98,603.98,0
177709881,AUS / Cran (AUS) 9th Jan,R11 311m Gr5,09-01-2021 01:17,37315045,2. Kalbarri,0,19.26186966935814,1,14.752309812979658743759779450115490649,1,1001,1,1001,536.84,536.84,0
177759696,TRP / PBarr 9th Jan,A5 480m,09-01-2021 11:36,37414100,2. Corrin Simon,0,7.433764434,1,1,1,1001,1,1001,0,2354.56,0
177709716,AUS / Dubb (AUS) 9th Jan,R9 318m Gr5,09-01-2021 11:21,38123718,5. Slingshot Darius,0,1.9465216437761774,1,1,1,1001,1,1001,0,13289.84,0
177734717,NZL / Mkau (NZL) 10th Jan,R1 318m C0,09-01-2021 23:10,36940969,8. My Bro Jet,0,7.462126212718724,1,1,1,1001,1,1001,0,533.92,0
177734719,NZL / Mkau (NZL) 10th Jan,R2 318m C1,09-01-2021 23:35,29892757,8. Big Time Lenny,1,3.7,1,1,1,1001,1,1001,0,2123.16,0
177734719,NZL / Mkau (NZL) 10th Jan,R2 318m C1,09-01-2021 23:35,21767020,6. Rainy River,0,11.5,1,1,1,1001,1,1001,0,220.2,0
177734721,NZL / Mkau (NZL) 10th Jan,R3 318m C1,09-01-2021 23:58,28196344,7. Botany Sandy,0,9,1,1,1,1001,1,1001,0,796.4,0
177714018,AUS / Ipsw (AUS) 9th Jan,R8 520m Final,09-01-2021 09:44,26668367,1. Spring Cleo,1,8.4,1,6.8643973812352927471400945923906712332,1,1001,1,1001,2575.26,2575.26,0
177714041,AUS / Cann (AUS) 9th Jan,R4 600m Gr5,09-01-2021 11:57,28014818,3. Sir Monty,0,1.6184012455079484,1,1.58999574313733122421864879007996127969,1,1001,1,1001,21.76,21724.4,0
177714653,AUS / Gard (AUS) 9th Jan,R2 515m Rest,09-01-2021 07:24,36395348,3. American Magic,0,32.795740613192905,1,10.5762013079328973557008814330395223202,1,1001,1,1001,422.04,422.04,0
177714665,AUS / Gard (AUS) 9th Jan,R4 400m Mdn,09-01-2021 08:12,37384353,5. Rock On By,0,26.239709275724717,1,13.4868088439491579734396695980346779649,1,1001,1,1001,280.87,280.87,0
177714665,AUS / Gard (AUS) 9th Jan,R4 400m Mdn,09-01-2021 08:12,38123770,7. Nimble Lulu,1,7.784908104791539,1,4.35584879452326619704335747594007341998,1,1001,1,1001,2822.12,2822.12,0
177714677,AUS / Gard (AUS) 9th Jan,R10 400m FFA,09-01-2021 10:21,31952900,1. Dot Princess,0,5,1,4.51834501237343715766524554717889224514,1,1001,1,1001,5568.38,5568.38,0
177760033,SIS / Romfd 9th Jan,A6 400m,09-01-2021 11:46,36503435,2. Droopys Icing,0,8.61585916345124,1,1,1,1001,1,1001,0,3085.4,0
177760215,SIS / Harl 9th Jan,D4 238m,09-01-2021 09:18,25057643,1. Moneygall Hawk,0,7.612563293489675,1,5.05123228025858773868678643245309358018,1,1001,1,1001,1203.46,1203.46,0
177760225,SIS / Harl 9th Jan,A7 415m,09-01-2021 10:41,36425888,6. Shanbogh Flyer,0,5.369262892410335,1,4.65692973516638691285002531105960088455,1,1001,1,1001,6005.28,6005.28,0
177760311,SIS / Donc 9th Jan,D3 275m,09-01-2021 17:54,36844539,3. Lady Mystical,0,5.596368421301886,1,1,1,1001,1,1001,0,7397.18,0
177760335,SIS / Henl 9th Jan,A3 460m,09-01-2021 15:11,36043330,2. Agincourt Xpert,1,3.3311540452373842,1,1,1,1001,1,1001,0,6889.74,0
177759702,TRP / PBarr 9th Jan,A4 480m,09-01-2021 12:21,27362798,1. Vimms Dolly,0,2.76,1,1,1,1001,1,1001,0,7591.92,0
177760025,SIS / Romfd 9th Jan,A7 400m,09-01-2021 10:46,36909993,2. Brosna Misty,0,4.7,1,4.01129621080156270004151164459824875174,1,1001,1,1001,5155.18,5155.18,0
177760449,SIS / Hove 9th Jan,A7 500m,09-01-2021 18:09,28791676,5. Swift Humble,0,5.800383444200924,1,1,1,1001,1,1001,0,5536.32,0
177760471,SIS / Hove 9th Jan,A8 500m,09-01-2021 21:28,26470203,6. Crossfield Bob,0,7.8,1,1,1,1001,1,1001,0,4511.74,0
177760471,SIS / Hove 9th Jan,A8 500m,09-01-2021 21:28,37389704,4. Glenhead Angel,0,8.587079518,1,1,1,1001,1,1001,0,3980.4,0
177760329,SIS / Henl 9th Jan,A7 460m,09-01-2021 14:12,35484722,3. Yahoo Jennifer,0,3.5251453373901307,1,1,1,1001,1,1001,0,5093.14,0
177759698,TRP / PBarr 9th Jan,A8 480m,09-01-2021 11:51,38145747,3. Bit View Cody,0,10.5,1,1,1,1001,1,1001,0,3115.64,0
177759708,TRP / PBarr 9th Jan,D2 275m,09-01-2021 13:06,35528300,4. Longwood Caddy,1,9.871961684854323,1,1,1,1001,1,1001,0,2820.51,0
177760037,SIS / Romfd 9th Jan,A1 400m,09-01-2021 12:16,22643088,1. Baby Faye,0,14.780065936,1,1,1,1001,1,1001,0,2371.76,0
177759989,RPGTV / Crayfd 9th Jan,A3 380m,09-01-2021 19:31,28117354,3. Macnish,1,3.9,1,1,1,1001,1,1001,0,9423.68,0
177759993,RPGTV / Crayfd 9th Jan,A7 380m,09-01-2021 20:04,27164908,2. Shebas Eske,0,10.109034995,1,1,1,1001,1,1001,0,2823.06,0
177760045,SIS / Romfd 9th Jan,A4 400m,09-01-2021 13:17,28590946,5. Paisons Pearl,0,4,1,1,1,1001,1,1001,0,5234.36,0
177760045,SIS / Romfd 9th Jan,A4 400m,09-01-2021 13:17,28723534,3. Sporting Nevada,0,6.246699124241857,1,1,1,1001,1,1001,0,2733.26,0
177760045,SIS / Romfd 9th Jan,A4 400m,09-01-2021 13:17,30023289,4. Killians Glory,0,6,1,1,1,1001,1,1001,0,2593.54,0
177760303,SIS / Donc 9th Jan,B1 450m,09-01-2021 16:38,36159628,4. Toms Rambo,0,8.4,1,1,1,1001,1,1001,0,2247.98,0
177712560,AUS / Warr (AUS) 9th Jan,R5 450m Gr4/5,09-01-2021 08:25,26705667,2. Yindi Girl Turbo,0,2.656562362736859,1,1.98276318343647141891127991484441827773,1,1001,1,1001,9375.78,9375.78,0
177712790,AUS / Warr (AUS) 9th Jan,R12 390m Gr5,09-01-2021 10:58,37614756,4. Light The Way,0,9.2,1,6.47655111003788164626692222943298268914,1,1001,1,1001,1325.18,1325.18,0
177714012,AUS / Ipsw (AUS) 9th Jan,R5 520m Heat,09-01-2021 08:37,26766539,3. Petes Dream,0,11.655059838,1,8.7826007474813129671758206044848878778,1,1001,1,1001,1476.96,1476.96,0
177714681,AUS / Gard (AUS) 9th Jan,R12 400m M1/2/3,09-01-2021 11:10,18144999,4. Morse,0,1.7389470125183024,1,1.73386536006697306407932183454948762706,1,1001,1,1001,833.06,28851.22,0
177760457,SIS / Hove 9th Jan,A3 500m,09-01-2021 19:18,28737201,3. Sheriffs Magic,0,8.444595762770625,1,1,1,1001,1,1001,0,3124.82,0
177760491,SIS / Monm 9th Jan,A4 480m,09-01-2021 19:07,19015559,2. Master Driven,0,3.1,1,1,1,1001,1,1001,0,17216.12,0
177760494,SIS / Monm 9th Jan,A3 480m,09-01-2021 19:24,26642536,5. Feora Sal,0,12.471731188,1,1,1,1001,1,1001,0,3673.48,0
177760494,SIS / Monm 9th Jan,A3 480m,09-01-2021 19:24,35676402,2. Triangle Nina,0,6,1,1,1,1001,1,1001,0,5878.02,0
177759700,TRP / PBarr 9th Jan,A3 480m,09-01-2021 12:06,38145748,2. Slip The Lemon,0,2.76,1,4.39981454011683662656202104175217241899,1,1001,1,1001,4,13291.3,0
177759714,TRP / PBarr 9th Jan,A9 480m,09-01-2021 13:51,14957909,3. Steward Little,0,13.637053271734262,1,1,1,1001,1,1001,0,1251.88,0
177760703,SIS / Crayfd 9th Jan,S5 540m,09-01-2021 10:53,24738964,1. Droopys Outlook,0,2.398285500368366,1,2.03813628556239769776546874419311107054,1,1001,1,1001,24755.08,24755.08,0
177709962,AUS / Gosf (AUS) 9th Jan,R8 388m Gr5,09-01-2021 01:22,27314772,8. Halcyon Life,0,19.5,1,10.6722999927467904547762384855298469573,1,1001,1,1001,551.48,551.48,0
177710070,AUS / Mead (AUS) 9th Jan,R1 525m Gr6/7,09-01-2021 07:32,37506885,5. Five Star,0,3.521839170630119,1,3.29827788842314907019290891827424098562,1,1001,1,1001,6908.96,6908.96,0
177710070,AUS / Mead (AUS) 9th Jan,R1 525m Gr6/7,09-01-2021 07:32,36120410,6. Zipping Trish,0,300,1,126.736959928363554958585180210432057309,1,1001,1,1001,89.34,89.34,0
177710072,AUS / Mead (AUS) 9th Jan,R2 525m Gr6,09-01-2021 07:52,36120407,1. Zipping Norman,0,23.989494797866787,1,12.9665203586103847590586477400074710497,1,1001,1,1001,642.48,642.48,0
177710080,AUS / Mead (AUS) 9th Jan,R6 525m Gr4/5,09-01-2021 09:11,29680963,7. Smart As Jack,0,8.270119438170806,1,4.98113508531010741360823190804943659587,1,1001,1,1001,5315.9,5315.9,0
177710088,AUS / Mead (AUS) 9th Jan,R10 525m Gr5,09-01-2021 10:28,32810280,3. Fergusta Bale,0,12.5,1,10.1287292116287926875714104354449663578,1,1001,1,1001,1102.78,1102.78,0
177710084,AUS / Mead (AUS) 9th Jan,R8 525m FFA,09-01-2021 09:47,35266426,4. Lala Phoenix,0,44,1,21.640712945590994371482176360225140713,1,1001,1,1001,319.8,319.8,0
177714004,AUS / Ipsw (AUS) 9th Jan,R1 431m Mdn,09-01-2021 07:18,38123639,6. Ebony Keys,0,11.5,1,8.3175660853350882965887901722057694417,1,1001,1,1001,364.68,364.68,0
177712780,AUS / Warr (AUS) 9th Jan,R8 390m Final,09-01-2021 09:33,38018138,7. Aston Shintaro,0,95.398039145,1,45.5598540605145624960684405862741397748,1,1001,1,1001,317.94,317.94,0
177760453,SIS / Hove 9th Jan,A6 500m,09-01-2021 18:43,27863878,1. Badmeetsevil,0,3.4,1,1,1,1001,1,1001,0,12223.06,0
177760701,SIS / Crayfd 9th Jan,A10 380m,09-01-2021 10:37,38146148,2. Shes Like Magic,0,10.580445869292163,1,7.69334994613176745371855287722155058268,1,1001,1,1001,2431.86,2431.86,0
177760709,SIS / Crayfd 9th Jan,A4 380m,09-01-2021 11:39,36234537,5. Drive On Sadie,0,13,1,1,1,1001,1,1001,0,1449.86,0
177760035,SIS / Romfd 9th Jan,A1 400m,09-01-2021 12:01,27606970,2. Moorstown Victor,0,6.2,1,1,1,1001,1,1001,0,7581.36,0
177714689,AUS / WPrk (AUS) 9th Jan,R4 520m Gr5,09-01-2021 08:39,27329479,8. Hello Dream,0,49.52862824023702,1,37.9246512946130331801526408486345324615,1,1001,1,1001,493.97,493.97,0
177760465,SIS / Hove 9th Jan,A8 500m,09-01-2021 20:38,37728314,5. Gemini Shadow,0,6.2,1,1,1,1001,1,1001,0,4543.28,0
177760713,SIS / Crayfd 9th Jan,A10 380m,09-01-2021 12:09,36234486,2. Ballymac Darasso,1,2.807664697685431,1,1,1,1001,1,1001,0,12628.08,0
177714655,AUS / Gard (AUS) 9th Jan,R3 272m Mdn,09-01-2021 07:47,38123764,6. Tiny Sapphire,0,18.837360652294006,1,10.8808532192705988293561458802341287708,1,1001,1,1001,355.36,355.36,0
177714655,AUS / Gard (AUS) 9th Jan,R3 272m Mdn,09-01-2021 07:47,36340945,1. Mimi Whacker,0,26,1,11.6367558239861949956859361518550474547,1,1001,1,1001,324.52,324.52,0
177714679,AUS / Gard (AUS) 9th Jan,R11 272m Gr4/5,09-01-2021 10:44,18165544,5. Sailor Boy,1,9.825450206416715,1,8.80171363897213543327169546642861697379,1,1001,1,1001,1254.64,1254.64,0
177712782,AUS / Warr (AUS) 9th Jan,R9 390m Gr6/7,09-01-2021 09:54,37121909,7. Blackpool Coco,0,15,1,9.08623547065015341201764798100826409263,1,1001,1,1001,893.02,893.02,0
177712782,AUS / Warr (AUS) 9th Jan,R9 390m Gr6/7,09-01-2021 09:54,38123809,8. Perpetuate,0,331.21852790452544,1,139.216197666437886067261496225120109815,1,1001,1,1001,87.42,87.42,0
177712788,AUS / Warr (AUS) 9th Jan,R6 450m Final,09-01-2021 08:50,28255454,8. Dark Jedi,0,7.2,1,5.28121445127401887493968088220170712992,1,1001,1,1001,2528.22,2528.22,0
177759985,RPGTV / Crayfd 9th Jan,A6 380m,09-01-2021 19:01,35529745,2. Co Bear,0,3.35,1,1,1,1001,1,1001,0,10314.46,0
177759997,RPGTV / Crayfd 9th Jan,A5 380m,09-01-2021 20:34,22407170,2. Snowdon Jay,0,4.791253737505613,1,1,1,1001,1,1001,0,2703.48,0
177760031,SIS / Romfd 9th Jan,A5 400m,09-01-2021 11:31,27117695,5. Fix Eight,1,2.516563475122675,1,1,1,1001,1,1001,0,18016.2,0
177760031,SIS / Romfd 9th Jan,A5 400m,09-01-2021 11:31,32606506,1. Mayses Marina,0,10.551688253767495,1,1,1,1001,1,1001,0,2208.76,0
177714051,AUS / Cann (AUS) 9th Jan,R12 520m Gr5,09-01-2021 14:27,26799515,3. Pollys Ariana,0,15.421207804125736,1,1,1,1001,1,1001,0,1567.7,0
177760223,SIS / Harl 9th Jan,D2 238m,09-01-2021 10:23,28586332,6. Moaning Beyonce,1,6.643023553408273,1,4.75991837001953444719697052371962066068,1,1001,1,1001,1832.66,1832.66,0
177760343,SIS / Henl 9th Jan,A9 460m,09-01-2021 16:28,36390708,1. Savana Trojan,0,7.592689320247738,1,1,1,1001,1,1001,0,16372.98,0
177760343,SIS / Henl 9th Jan,A9 460m,09-01-2021 16:28,28800722,5. Garryglass Charm,0,4.2,1,1,1,1001,1,1001,0,12855.36,0
177760409,RPGTV / Sheff 9th Jan,D4 280m,09-01-2021 18:36,35838191,3. Peekaboo Popcorn,0,3.45,1,1,1,1001,1,1001,0,8252.62,0
177760425,RPGTV / Sheff 9th Jan,A5 500m,09-01-2021 20:46,32127956,4. Tullymurry Samba,0,4.254707908417041,1,1,1,1001,1,1001,0,9665.04,0
177714039,AUS / Cann (AUS) 9th Jan,R9 380m Gr5,09-01-2021 13:37,28466425,6. Speedy Boss,1,15.5,1,1,1,1001,1,1001,0,531.04,0
177714047,AUS / Cann (AUS) 9th Jan,R10 520m Mdn,09-01-2021 13:56,38123946,4. Masked Bandit,1,3.4541271916255933,1,3.32938910176809194158802282069104971126,1,1001,1,1001,113.3,5477.64,0
177714671,AUS / Gard (AUS) 9th Jan,R7 515m Final,09-01-2021 09:14,38123774,9. Teflon Tears,0,12.305056563305698,1,6.57193199381761978361669242658423493045,1,1001,1,1001,970.5,970.5,0
177759987,RPGTV / Crayfd 9th Jan,E2 714m,09-01-2021 19:17,27337716,2. Joyces Lexi,1,4.5,1,1,1,1001,1,1001,0,7900.68,0
177759991,RPGTV / Crayfd 9th Jan,S2 540m,09-01-2021 19:48,27118375,6. Classy Lexie,0,10.107717439464396,1,1,1,1001,1,1001,0,2536.75,0
177759991,RPGTV / Crayfd 9th Jan,S2 540m,09-01-2021 19:48,38146326,2. Ballymac Forsive,0,4.4,1,1,1,1001,1,1001,0,8837.6,0
177760293,SIS / Donc 9th Jan,D3 275m,09-01-2021 15:02,36403386,6. Mossey,0,14,1,1,1,1001,1,1001,0,1503.08,0
177760327,SIS / Henl 9th Jan,A7 460m,09-01-2021 13:57,35985437,1. Makeit Sonoflen,0,7,1,1,1,1001,1,1001,0,4359.38,0
177712552,AUS / Warr (AUS) 9th Jan,R1 390m Mdn,09-01-2021 07:06,38123790,6. Teamster,0,7.111383169486653,1,3.90095848595848595848595848595848595849,1,1001,1,1001,982.8,982.8,0
177712552,AUS / Warr (AUS) 9th Jan,R1 390m Mdn,09-01-2021 07:06,38123788,3. Zipping Buzz,0,8.239066990861613,1,5.27914672918205465814573364591027329073,1,1001,1,1001,1245.56,1245.56,0
177760423,RPGTV / Sheff 9th Jan,D3 280m,09-01-2021 20:27,38145621,6. Swift Fargone,0,14.260373251530254,1,1,1,1001,1,1001,0,1521.42,0
177760309,SIS / Donc 9th Jan,D3 275m,09-01-2021 17:37,38144713,3. Titanic Tip,0,10.87543803919747,1,1,1,1001,1,1001,0,2274.2,0
177714008,AUS / Ipsw (AUS) 9th Jan,R3 630m Rest,09-01-2021 07:55,28494460,1. Amid The Noise,0,2.02,1,1.98594245095198482058567863385271107705,1,1001,1,1001,8558.96,8558.96,0
177714685,AUS / WPrk (AUS) 9th Jan,R2 520m Gr5,09-01-2021 08:02,22940020,8. Zest To Excel,0,27.534933776258264,1,18.2762877171594026211520877781164279183,1,1001,1,1001,656.2,656.2,0
177714687,AUS / WPrk (AUS) 9th Jan,R3 520m Gr5,09-01-2021 08:22,28328700,2. Whitfield,1,3.0350482873492,1,2.64324306619628612232786310607335784726,1,1001,1,1001,23050.84,23050.84,0
177714695,AUS / WPrk (AUS) 9th Jan,R7 520m Gr5,09-01-2021 09:40,36672658,6. Dance For Nance,0,44.07020891234977,1,29.4293577981651376146788990825688073395,1,1001,1,1001,490.5,490.5,0
177709704,AUS / Dubb (AUS) 9th Jan,R3 318m Mdn,09-01-2021 09:04,38123704,7. Crystal Maiden,0,12.5,1,9.0175241157556270096463022508038585209,1,1001,1,1001,497.6,497.6,0
177709706,AUS / Dubb (AUS) 9th Jan,R4 318m Mdn,09-01-2021 09:30,30679485,4. Arrogant Spike,0,311.0885277431459,1,144.567965935145758270553553881428103505,1,1001,1,1001,61.06,61.06,0
177709712,AUS / Dubb (AUS) 9th Jan,R7 318m Gr5,09-01-2021 10:30,35772534,7. Hay Sam,0,12,1,8.97387425529984576768379351014606707594,1,1001,1,1001,1322.68,1322.68,0
177709714,AUS / Dubb (AUS) 9th Jan,R8 400m Gr5,09-01-2021 10:55,28551701,5. Karinya Socks,0,17.5,1,8.15033696092205843831114709594456218894,1,1001,1,1001,839.86,839.86,0
177709877,AUS / Cran (AUS) 9th Jan,R9 311m Gr6/7,09-01-2021 00:42,37789576,4. Moody Girl,1,3.7742556487061663,1,3.17218641777408183474393132840581454512,1,1001,1,1001,3655.66,3655.66,0
177734721,NZL / Mkau (NZL) 10th Jan,R3 318m C1,09-01-2021 23:58,36375977,3. Apollo Tom,0,9.877769547157808,1,1,1,1001,1,1001,0,505.94,0
177712554,AUS / Warr (AUS) 9th Jan,R2 450m Final,09-01-2021 07:21,38123791,1. Plan Ahead,0,11.490578669155948,1,6.01977209277354236014173735638354987652,1,1001,1,1001,1490.08,1490.08,0
177714041,AUS / Cann (AUS) 9th Jan,R4 600m Gr5,09-01-2021 11:57,25792448,5. Overbite,0,50,1,1,1,1001,1,1001,0,375.2,0
177714653,AUS / Gard (AUS) 9th Jan,R2 515m Rest,09-01-2021 07:24,37536461,4. Ohana Gwen,0,49.998667281573276,1,22.5740669096536417503207020830363869602,1,1001,1,1001,491.11,491.11,0
177714673,AUS / Gard (AUS) 9th Jan,R8 400m Gr5,09-01-2021 09:36,36556961,4. Zipping Latte,0,5.937603649,1,4.47695302710250259568221689162579213061,1,1001,1,1001,2234.48,2234.48,0
177714673,AUS / Gard (AUS) 9th Jan,R8 400m Gr5,09-01-2021 09:36,27301713,6. Oh Five Surprise,0,24.92226240386953,1,19.7745010269103164990257517510137447996,1,1001,1,1001,379.78,379.78,0
177709647,AUS / AnPk (AUS) 9th Jan,R6 388m Rest,09-01-2021 00:17,25777622,7. Wood Veneer,0,30,1,14.3442316674451191032227930873423633816,1,1001,1,1001,256.92,256.92,0
177760699,SIS / Crayfd 9th Jan,A8 380m,09-01-2021 10:17,24182152,2. Colski Aine,0,7.165374443444742,1,5.23245325476510579059278964882672082535,1,1001,1,1001,2097.54,2097.54,0
177760033,SIS / Romfd 9th Jan,A6 400m,09-01-2021 11:46,22555818,6. Deadly Dynamo,0,2.8423455068113244,1,1,1,1001,1,1001,0,13255.82,0
177760287,SIS / Donc 9th Jan,A2 483m,09-01-2021 14:07,23989165,6. Mayshopeanddream,0,7.2,1,1,1,1001,1,1001,0,4366.76,0
177760021,SIS / Romfd 9th Jan,S1 575m,09-01-2021 10:12,36161473,3. Knockglass Magic,0,4.4,1,4.02158699429895430017377518978079936587,1,1001,1,1001,5248.16,5248.16,0
177760023,SIS / Romfd 9th Jan,A10 400m,09-01-2021 10:31,17991872,6. Winnies Wonder,0,6.4,1,5.2854112342068488611643352109835333439,1,1001,1,1001,2776.52,2776.52,0
177760039,SIS / Romfd 9th Jan,A3 400m,09-01-2021 12:31,28688758,4. Beths Rocket,1,5,1,1,1,1001,1,1001,0,3232.56,0
177760329,SIS / Henl 9th Jan,A7 460m,09-01-2021 14:12,35734609,2. Ceryss Baby,0,11.493875954758263,1,1,1,1001,1,1001,0,2366.2,0
177760341,SIS / Henl 9th Jan,A6 460m,09-01-2021 16:08,20088214,5. Shazzas Bullet,0,9.696910926246893,1,1,1,1001,1,1001,0,2918.2,0
177760289,SIS / Donc 9th Jan,A2 483m,09-01-2021 14:23,37306797,3. Fire Height Lola,0,15.95682624823661,1,1,1,1001,1,1001,0,2258.66,0
177760297,SIS / Donc 9th Jan,B3 450m,09-01-2021 15:38,28795030,4. Aghaburren Gent,0,32.49871510978788,1,1,1,1001,1,1001,0,1477.02,0
177760297,SIS / Donc 9th Jan,B3 450m,09-01-2021 15:38,38036365,1. Magnify,0,4.3,1,1,1,1001,1,1001,0,7533.68,0
177760307,SIS / Donc 9th Jan,B3 450m,09-01-2021 17:18,35735162,1. Fane Bjork,0,4.7,1,1,1,1001,1,1001,0,6540.44,0
177760345,SIS / Henl 9th Jan,A2 460m,09-01-2021 16:48,26438408,5. Savana Scamp,0,6.895394634241821,1,1,1,1001,1,1001,0,5049.88,0
177709653,AUS / AnPk (AUS) 9th Jan,R9 388m Rest,09-01-2021 01:09,38123884,8. Magic Burner,0,7.2,1,4.72717105585397312609185456089079005372,1,1001,1,1001,1224.98,1224.98,0
177759710,TRP / PBarr 9th Jan,A7 480m,09-01-2021 13:21,27737961,5. Clough Hanna,0,6.788162417,1,1,1,1001,1,1001,0,2173.26,0
177714006,AUS / Ipsw (AUS) 9th Jan,R2 520m Nvce/Mdn,09-01-2021 07:38,33749185,2. This Time Tessie,0,9.114777774857357,1,6.93982179019846091535034426893479141353,1,1001,1,1001,1234.5,1234.5,0
177714006,AUS / Ipsw (AUS) 9th Jan,R2 520m Nvce/Mdn,09-01-2021 07:38,36500015,1. Shian Huey,0,6.962107050399645,1,4.92992512079762184470482475406319273478,1,1001,1,1001,1957.82,1957.82,0
177714037,AUS / Cann (AUS) 9th Jan,R8 520m Gr5,09-01-2021 13:17,36057854,7. Rapido Dinero,1,2.705878862633181,1,1,1,1001,1,1001,0,15302.3,0
177714037,AUS / Cann (AUS) 9th Jan,R8 520m Gr5,09-01-2021 13:17,25246046,5. Gypsys Mindy,0,36,1,1,1,1001,1,1001,0,480.28,0
177714651,AUS / Gard (AUS) 9th Jan,R1 515m Rest,09-01-2021 07:09,36876663,5. Yorkeys Knob,0,100,1,40.876330690826727066817667044167610419,1,1001,1,1001,88.3,88.3,0
177709651,AUS / AnPk (AUS) 9th Jan,R8 515m Rest,09-01-2021 00:52,26310150,6. Shanlyn Charlott,0,4.9,1,3.72824391520544360115153101282386809736,1,1001,1,1001,3438.9,3438.9,0
177760489,SIS / Monm 9th Jan,D2 264m,09-01-2021 18:48,32045190,6. Vixons Whisper,0,23.91019743828783,1,1,1,1001,1,1001,0,1376.5,0
177760489,SIS / Monm 9th Jan,D2 264m,09-01-2021 18:48,36614897,2. Drumdoit Belter,0,7.4,1,1,1,1001,1,1001,0,2661.78,0
177760715,SIS / Crayfd 9th Jan,A10 380m,09-01-2021 12:24,27267405,6. Sheriff Sky,1,5.059745210609706,1,1,1,1001,1,1001,0,5876.54,0
177710070,AUS / Mead (AUS) 9th Jan,R1 525m Gr6/7,09-01-2021 07:32,38123972,2. Carla Veloso,0,6.400418595107041,1,4.09530022062979778640847510165381179002,1,1001,1,1001,2193.72,2193.72,0
177710070,AUS / Mead (AUS) 9th Jan,R1 525m Gr6/7,09-01-2021 07:32,36996534,8. Starlight Amy,0,36,1,26.5627086998671501920936411618972388783,1,1001,1,1001,557.02,557.02,0
177710074,AUS / Mead (AUS) 9th Jan,R3 525m Final,09-01-2021 08:09,29692949,6. California Gold,0,5.697819705,1,3.77728208923689917135128198813475619477,1,1001,1,1001,7714.97,7714.97,0
177710074,AUS / Mead (AUS) 9th Jan,R3 525m Final,09-01-2021 08:09,36512979,1. Carry On Star,1,1.6075834054442837,1,1.51145014307118247518570649348855973037,1,1001,1,1001,20276.62,20276.62,0
177710076,AUS / Mead (AUS) 9th Jan,R4 525m Final,09-01-2021 08:32,27056258,6. Smokey Renn,0,84.89207452910514,1,52.3713247439709283118599273207796498183,1,1001,1,1001,363.24,363.24,0
177710084,AUS / Mead (AUS) 9th Jan,R8 525m FFA,09-01-2021 09:47,26323194,7. Run Baba Run,1,17.5,1,7.72575117601475612018816236097923010598,1,1001,1,1001,1832.46,1832.46,0
177714004,AUS / Ipsw (AUS) 9th Jan,R1 431m Mdn,09-01-2021 07:18,38123638,5. Patricias Lass,0,27.45765965285711,1,14.4786819770344483275087368946580129805,1,1001,1,1001,200.3,200.3,0
177714669,AUS / Gard (AUS) 9th Jan,R6 400m Gr5,09-01-2021 08:54,32445122,3. Trbojevic,0,19.61921151716524,1,9.5292027620841180163214061519146264909,1,1001,1,1001,796.5,796.5,0
177714697,AUS / WPrk (AUS) 9th Jan,R8 520m Gr4,09-01-2021 10:02,27523121,3. Trendy Ethics,0,19.785669400808693,1,13.7126605551441485151043129644288960956,1,1001,1,1001,783.22,783.22,0
177759712,TRP / PBarr 9th Jan,A6 480m,09-01-2021 13:36,25495498,3. Rosden Creep,0,4.8,1,1,1,1001,1,1001,0,4606.86,0
177759712,TRP / PBarr 9th Jan,A6 480m,09-01-2021 13:36,35858747,1. Stonepark Kevin,0,6.2,1,1,1,1001,1,1001,0,2666.2,0
177760507,SIS / Monm 9th Jan,A2 480m,09-01-2021 20:43,36093918,1. Master Roo,0,5.1,1,1,1,1001,1,1001,0,6619.24,0
177760701,SIS / Crayfd 9th Jan,A10 380m,09-01-2021 10:37,38085715,1. Spirit Marlene,1,2.099052827,1,2.08803954318793923071142345295034556654,1,1001,1,1001,16500.44,16500.44,0
177760421,RPGTV / Sheff 9th Jan,A5 500m,09-01-2021 20:12,28251343,6. Jasons Tas,0,13.863831575,1,5.09989606763468546072357065748383278484,1,1001,1,1001,4,1939.35,0
177760431,RPGTV / Sheff 9th Jan,A8 500m,09-01-2021 21:31,28643362,2. Peekaboo Dab,0,3.3,1,1,1,1001,1,1001,0,12133.08,0
177714667,AUS / Gard (AUS) 9th Jan,R5 400m Gr4/5,09-01-2021 08:34,28023880,3. Sapphire Sandy,0,4.4,1,3.38531457718042109737418744915831824877,1,1001,1,1001,2729.06,2729.06,0
177714667,AUS / Gard (AUS) 9th Jan,R5 400m Gr4/5,09-01-2021 08:34,27223176,5. Wild Flames,0,18.831920923625,1,7.8777850364461559620409847338742951451,1,1001,1,1001,1163.36,1163.36,0
177714693,AUS / WPrk (AUS) 9th Jan,R6 520m Gr5,09-01-2021 09:18,37585411,4. Big Gordy,0,2.68,1,2.26514433562144483001430627942947569942,1,1001,1,1001,13434.66,13434.66,0
177760713,SIS / Crayfd 9th Jan,A10 380m,09-01-2021 12:09,27191566,6. Sundar Moore,0,6,1,1,1,1001,1,1001,0,5546.08,0
177714655,AUS / Gard (AUS) 9th Jan,R3 272m Mdn,09-01-2021 07:47,35575064,7. Zaids Direction,1,5.9,1,5.08354270019375306065961206804777822727,1,1001,1,1001,1878.68,1878.68,0
177714679,AUS / Gard (AUS) 9th Jan,R11 272m Gr4/5,09-01-2021 10:44,22772869,3. Apache Diva,0,5.9,1,3.11801051794065708020414895887912130562,1,1001,1,1001,1030.62,1030.62,0
177714679,AUS / Gard (AUS) 9th Jan,R11 272m Gr4/5,09-01-2021 10:44,28389083,8. Sassy Queen,0,5.1,1,3.70967378062536660199431484907277895592,1,1001,1,1001,2216.3,2216.3,0
177714701,AUS / WPrk (AUS) 9th Jan,R10 520m M1/2/3,09-01-2021 10:41,17255535,5. Sunburnt Highway,1,1.7633377958441907,1,1.49293675279779035043719414857595483557,1,1001,1,1001,21411.54,21411.54,0
177759985,RPGTV / Crayfd 9th Jan,A6 380m,09-01-2021 19:01,23713364,3. Spy A Chick,1,12.447092879537667,1,1,1,1001,1,1001,0,2208.04,0
177759985,RPGTV / Crayfd 9th Jan,A6 380m,09-01-2021 19:01,35457365,1. Shot Of Brandy,0,2.7619638834412923,1,1,1,1001,1,1001,0,19640.32,0
177714033,AUS / Cann (AUS) 9th Jan,R3 520m Gr4/5,09-01-2021 11:42,27601796,5. More Deductions,0,5.3,1,1,1,1001,1,1001,0,2837.54,0
177714033,AUS / Cann (AUS) 9th Jan,R3 520m Gr4/5,09-01-2021 11:42,28280684,6. Westdale Ophelia,0,23.766384323318494,1,1,1,1001,1,1001,0,646.76,0
177714035,AUS / Cann (AUS) 9th Jan,R7 520m Gr5,09-01-2021 13:02,28486205,8. Bohemian Fun,0,10.054023769459794,1,1,1,1001,1,1001,0,3428.37,0
177760305,SIS / Donc 9th Jan,B3 450m,09-01-2021 16:58,21068287,5. Bit Like Myself,0,20,1,1,1,1001,1,1001,0,1653.8,0
177760349,SIS / Henl 9th Jan,A8 460m,09-01-2021 17:28,36259761,5. Crossfield Blake,0,12,1,1,1,1001,1,1001,0,2208.74,0
177714047,AUS / Cann (AUS) 9th Jan,R10 520m Mdn,09-01-2021 13:56,38016390,8. Fawn Mower,0,2.781962402605059,1,1,1,1001,1,1001,0,6873.02,0
177759983,RPGTV / Crayfd 9th Jan,A10 380m,09-01-2021 18:44,27088304,2. Ibizan,1,2.88,1,1,1,1001,1,1001,0,6672.66,0
177760301,SIS / Donc 9th Jan,D2 275m,09-01-2021 16:18,2453912,1. Ballymac Rita,1,14.091429221633588,1,1,1,1001,1,1001,0,7463.04,0
177760451,SIS / Hove 9th Jan,D3 285m,09-01-2021 18:28,18287512,1. Farloe Gaga,0,20.343850987378104,1,1,1,1001,1,1001,0,2078.82,0
177760451,SIS / Hove 9th Jan,D3 285m,09-01-2021 18:28,38144796,2. Knockaree Bullet,1,3.533038239,1,1,1,1001,1,1001,0,8764.72,0
177760487,SIS / Monm 9th Jan,A1 480m,09-01-2021 18:33,27163576,5. Afan Hunkster,1,8.255798580772405,1,1,1,1001,1,1001,0,4888.16,0
177760707,SIS / Crayfd 9th Jan,A9 380m,09-01-2021 11:24,36718167,3. Ha Ha Dnata,0,3,1,4.39977221526157747430922128217409433568,1,1001,1,1001,4,15489.28,0
177760417,RPGTV / Sheff 9th Jan,A2 500m,09-01-2021 19:41,26474904,5. Highview Al,0,28.42993082216009,1,1,1,1001,1,1001,0,1133.4,0
177714008,AUS / Ipsw (AUS) 9th Jan,R3 630m Rest,09-01-2021 07:55,37056092,9. Big Bash Army,0,220,1,73.8561011904761904761904761904761904762,1,1001,1,1001,134.4,134.4,0
177714695,AUS / WPrk (AUS) 9th Jan,R7 520m Gr5,09-01-2021 09:40,35620937,1. Poppeys Pluto,0,7.8,1,6.59463935895298432810936978992997665889,1,1001,1,1001,3838.72,3838.72,0
177709708,AUS / Dubb (AUS) 9th Jan,R5 318m Gr4/5,09-01-2021 09:51,25811678,1. Blazin Tears,0,4.255764896396102,1,3.69013012867941510743625143972967406808,1,1001,1,1001,5244.04,5244.04,0
177709712,AUS / Dubb (AUS) 9th Jan,R7 318m Gr5,09-01-2021 10:30,37644697,4. Winlock Bluey,0,7.002720697573313,1,5.11364882584336631302896650375491715342,1,1001,1,1001,1342.24,1342.24,0
177709716,AUS / Dubb (AUS) 9th Jan,R9 318m Gr5,09-01-2021 11:21,38123719,7. Western Hero,0,11.967393513,1,1,1,1001,1,1001,0,1352.44,0
177734721,NZL / Mkau (NZL) 10th Jan,R3 318m C1,09-01-2021 23:58,30254620,4. All Day Long,0,3.7212788266519783,1,1,1,1001,1,1001,0,3224.04,0
177734721,NZL / Mkau (NZL) 10th Jan,R3 318m C1,09-01-2021 23:58,18984136,1. Stay Rich,0,9.8,1,1,1,1001,1,1001,0,524.66,0
177714018,AUS / Ipsw (AUS) 9th Jan,R8 520m Final,09-01-2021 09:44,34967517,5. Crimson War,0,9.27904970384959,1,7.41220524531926848277237054356297464339,1,1001,1,1001,2206.92,2206.92,0
177714041,AUS / Cann (AUS) 9th Jan,R4 600m Gr5,09-01-2021 11:57,27280056,4. Renewed,0,63.12528142161668,1,1,1,1001,1,1001,0,377.7,0
177714675,AUS / Gard (AUS) 9th Jan,R9 515m Gr4/5,09-01-2021 09:57,27407806,5. Funky Portelli,1,2.599016939558031,1,2.23831266242551236793586669938773840762,1,1001,1,1001,6356.76,6356.76,0
177714675,AUS / Gard (AUS) 9th Jan,R9 515m Gr4/5,09-01-2021 09:57,35695440,8. Guided By Soul,0,17.5,1,11.6163313212608987256874580818242790074,1,1001,1,1001,596.4,596.4,0
177714677,AUS / Gard (AUS) 9th Jan,R10 400m FFA,09-01-2021 10:21,28161128,5. Straight Shift,1,4.4453786608207135,1,3.86111160377048641902322067855617959076,1,1001,1,1001,4871.52,4871.52,0
177709647,AUS / AnPk (AUS) 9th Jan,R6 388m Rest,09-01-2021 00:17,25155680,4. Nancy Lee,0,6.522734334701672,1,4.33571224501457059596594480315410547969,1,1001,1,1001,1400.08,1400.08,0
177760705,SIS / Crayfd 9th Jan,A10 380m,09-01-2021 11:09,26878115,2. Count Muga,0,11.378143489755455,1,5.43604118853368712815120855233226600993,1,1001,1,1001,73.84,3681.86,0
177760211,SIS / Harl 9th Jan,D4 238m,09-01-2021 08:43,37916649,3. Bombai Jack,0,6.6,1,4.507077185841994330983356348571843884,1,1001,1,1001,1100.72,1100.72,0
177760287,SIS / Donc 9th Jan,A2 483m,09-01-2021 14:07,32197417,3. Easy Catch,0,7.057862718430476,1,1,1,1001,1,1001,0,3350.2,0
177760433,RPGTV / Sheff 9th Jan,A6 500m,09-01-2021 21:45,38145623,4. Steel City Buck,0,6.318129156784854,1,1,1,1001,1,1001,0,6717.54,0
177760021,SIS / Romfd 9th Jan,S1 575m,09-01-2021 10:12,25892634,1. Lambstown Breeze,1,5.607335278128284,1,4.38375297311582538500348365086610768085,1,1001,1,1001,3329.84,3329.84,0
177760021,SIS / Romfd 9th Jan,S1 575m,09-01-2021 10:12,32879420,2. Pantone Quest,0,6.6,1,5.31852923350438401551577841528950664673,1,1001,1,1001,2474.9,2474.9,0
177760041,SIS / Romfd 9th Jan,A9 400m,09-01-2021 12:46,33744999,3. Formel Flyer,0,4.483935247,1,1,1,1001,1,1001,0,6965.66,0
177760449,SIS / Hove 9th Jan,A7 500m,09-01-2021 18:09,38144795,4. Gatchells Davey,1,8.8,1,1,1,1001,1,1001,0,3056.76,0
177760449,SIS / Hove 9th Jan,A7 500m,09-01-2021 18:09,20938261,3. Max Zar Mus,0,27,1,1,1,1001,1,1001,0,1589.4,0
177760471,SIS / Hove 9th Jan,A8 500m,09-01-2021 21:28,18138262,5. Yassoo Emmet,0,18.52488210277719,1,1,1,1001,1,1001,0,2170.8,0
177760213,SIS / Harl 9th Jan,A7 415m,09-01-2021 09:02,22308825,3. Debs Moment,0,4.7,1,4.00535297320186316617264533301070715625,1,1001,1,1001,3306.2,3306.2,0
177760353,SIS / Henl 9th Jan,A8 460m,09-01-2021 18:02,35985459,5. Domino Ninja,0,12.107382114809585,1,1,1,1001,1,1001,0,2728.02,0
177759692,TRP / PBarr 9th Jan,A2 480m,09-01-2021 11:06,28574772,6. Witches Stacy,0,10.647014182183778,1,1,1,1001,1,1001,0,1269.98,0
177759698,TRP / PBarr 9th Jan,A8 480m,09-01-2021 11:51,37489820,6. Rise Up Lady,0,18.592795610460453,1,1,1,1001,1,1001,0,1337.54,0
177759704,TRP / PBarr 9th Jan,D4 275m,09-01-2021 12:36,20793849,1. Double Top Beau,0,6.237770990772027,1,1,1,1001,1,1001,0,3658.3,0
177759704,TRP / PBarr 9th Jan,D4 275m,09-01-2021 12:36,26937727,3. Wiggleitgiggleit,0,2.7932024853894832,1,1,1,1001,1,1001,0,12594.2,0
177760037,SIS / Romfd 9th Jan,A1 400m,09-01-2021 12:16,25319924,5. Blunder Buss,0,3.242146755,1,2.70132588586266629724998311649547534088,1,1001,1,1001,40.8,8014.58,0
177760209,SIS / Harl 9th Jan,A7 415m,09-01-2021 08:27,35985444,2. Newtown Olive,1,6.647112944,1,5.22851834597808243489063401215670615378,1,1001,1,1001,1803.12,1803.12,0
177759989,RPGTV / Crayfd 9th Jan,A3 380m,09-01-2021 19:31,32526882,4. Belfast Fellaini,0,8.2,1,1,1,1001,1,1001,0,3715.68,0
177760045,SIS / Romfd 9th Jan,A4 400m,09-01-2021 13:17,25769356,1. Swabys Doris,1,4.225959993283178,1,3.81662103740586069172346074660257170501,1,1001,1,1001,12,8628.42,0
177760289,SIS / Donc 9th Jan,A2 483m,09-01-2021 14:23,38144706,4. Keady Rocket,0,8.107858330492164,1,1,1,1001,1,1001,0,4877.26,0
177760289,SIS / Donc 9th Jan,A2 483m,09-01-2021 14:23,25892898,2. Ballymac Evan,0,2.840232177,1,1,1,1001,1,1001,0,14937.2,0
177760303,SIS / Donc 9th Jan,B1 450m,09-01-2021 16:38,27669545,2. Paradise Kia,1,18,1,1,1,1001,1,1001,0,2088.22,0
177760307,SIS / Donc 9th Jan,B3 450m,09-01-2021 17:18,36492990,4. Mountcashel Jazz,1,4.3270817937110415,1,1,1,1001,1,1001,0,5341.24,0
177709653,AUS / AnPk (AUS) 9th Jan,R9 388m Rest,09-01-2021 01:09,26100527,1. Vibrant Lee,0,3.6218170208649836,1,2.83274156046998686592595222036846402329,1,1001,1,1001,4507.36,4507.36,0
177709653,AUS / AnPk (AUS) 9th Jan,R9 388m Rest,09-01-2021 01:09,28638076,2. Marias Gem,0,8.24086063,1,6.1059769411069113330658614354794433769,1,1001,1,1001,1894.28,1894.28,0
177709653,AUS / AnPk (AUS) 9th Jan,R9 388m Rest,09-01-2021 01:09,26405595,5. Burning Vixen,0,10,1,7.38431624155449641229770072801550306395,1,1001,1,1001,763.72,763.72,0
177759694,TRP / PBarr 9th Jan,D3 275m,09-01-2021 11:21,26556972,3. Sophies Jet,1,3.5072679786818166,1,5.79976193180818231415721780199702094776,1,1001,1,1001,4,12965.34,0
177712560,AUS / Warr (AUS) 9th Jan,R5 450m Gr4/5,09-01-2021 08:25,36807243,3. Zipping Higgins,0,7,1,4.89474185827385658431979898844400160289,1,1001,1,1001,1846.66,1846.66,0
177712790,AUS / Warr (AUS) 9th Jan,R12 390m Gr5,09-01-2021 10:58,34316580,7. Zipping Fleur,0,1.9200414343427108,1,1.78559590790406118168544509390798966988,1,1001,1,1001,12615.54,12615.54,0
177712790,AUS / Warr (AUS) 9th Jan,R12 390m Gr5,09-01-2021 10:58,36620736,5. Udeyan Bale,0,90,1,30.0921553693830921553693830921553693831,1,1001,1,1001,183.82,183.82,0
177714006,AUS / Ipsw (AUS) 9th Jan,R2 520m Nvce/Mdn,09-01-2021 07:38,35879752,7. Werina By Chance,0,12,1,8.81871960562254346812337619079341816002,1,1001,1,1001,1801.32,1801.32,0
177709651,AUS / AnPk (AUS) 9th Jan,R8 515m Rest,09-01-2021 00:52,26176932,5. Just Kenny,0,40,1,19.5106108930323846908734052993130520118,1,1001,1,1001,652.16,652.16,0
177709655,AUS / AnPk (AUS) 9th Jan,R10 388m Rest,09-01-2021 01:27,28090234,5. Reddy Red,0,10.62943279087078,1,5.73410656835535672369274954089170567361,1,1001,1,1001,1448.46,1448.46,0
177709655,AUS / AnPk (AUS) 9th Jan,R10 388m Rest,09-01-2021 01:27,28002653,7. Peregrine Flight,0,30.198352416629273,1,8.2710159362549800796812749003984063745,1,1001,1,1001,401.6,401.6,0
177714010,AUS / Ipsw (AUS) 9th Jan,R4 520m Heat,09-01-2021 08:16,37901286,1. Bonita Flame,0,11.036146102685354,1,7.85501521453895759470701543787163954105,1,1001,1,1001,2149.26,2149.26,0
177760494,SIS / Monm 9th Jan,A3 480m,09-01-2021 19:24,21218405,4. Croaghill Molly,0,10.057175008577685,1,1,1,1001,1,1001,0,1716.24,0
177760711,SIS / Crayfd 9th Jan,S4 540m,09-01-2021 11:54,35391021,6. Knowing Glance,0,28.824041684716942,1,1,1,1001,1,1001,0,791.9,0
177760715,SIS / Crayfd 9th Jan,A10 380m,09-01-2021 12:24,37308863,2. Seomra Artemis,0,6.467828385,1,1,1,1001,1,1001,0,4152.22,0
177710078,AUS / Mead (AUS) 9th Jan,R5 600m Final,09-01-2021 08:47,28615459,7. Its My Party,0,14.920557168,1,9.80406189555125725338491295938104448743,1,1001,1,1001,1137.4,1137.4,0
177710080,AUS / Mead (AUS) 9th Jan,R6 525m Gr4/5,09-01-2021 09:11,27363273,3. How Not Too,0,3.502528129302082,1,3.05571167933655839668279198341395991707,1,1001,1,1001,7235,7235,0
177710084,AUS / Mead (AUS) 9th Jan,R8 525m FFA,09-01-2021 09:47,27398914,6. Better Watch Out,0,15.778434933,1,12.4256998252067517153218021966554485925,1,1001,1,1001,1533.24,1533.24,0
177714004,AUS / Ipsw (AUS) 9th Jan,R1 431m Mdn,09-01-2021 07:18,36941090,2. Cockney Pride,1,2.107479607797795,1,2.03199472110450736461294252279523053638,1,1001,1,1001,7584.92,7584.92,0
177714016,AUS / Ipsw (AUS) 9th Jan,R7 431m Gr4/5,09-01-2021 09:23,22501505,4. Mitchell John,0,121.093261127,1,60.7657467020845526991130520913061095853,1,1001,1,1001,222.11,222.11,0
177709954,AUS / Gosf (AUS) 9th Jan,R4 388m N/G,09-01-2021 00:12,20501217,4. Runway Oscar,0,216.15877828923973,1,76.5166197183098591549295774647887323944,1,1001,1,1001,106.5,106.5,0
177709954,AUS / Gosf (AUS) 9th Jan,R4 388m N/G,09-01-2021 00:12,28499197,2. Kermaro,0,3.121148985,1,2.6362014850957954556455906983048222048,1,1001,1,1001,6197.58,6197.58,0
177709956,AUS / Gosf (AUS) 9th Jan,R5 388m Gr3,09-01-2021 00:29,24606943,7. No Lolly Day,0,265.886117939,1,84.5707714823332636420656491741584779427,1,1001,1,1001,143.49,143.49,0
177760453,SIS / Hove 9th Jan,A6 500m,09-01-2021 18:43,22455461,6. Joyita,0,7.4,1,1,1,1001,1,1001,0,3171.32,0
177760498,SIS / Monm 9th Jan,A2 480m,09-01-2021 19:44,16016942,3. Strategic Billy,0,5.926516949576907,1,1,1,1001,1,1001,0,3444.26,0
177760507,SIS / Monm 9th Jan,A2 480m,09-01-2021 20:43,36973410,2. Stellas Melody,0,8.319689108542516,1,1,1,1001,1,1001,0,8930.52,0
177760507,SIS / Monm 9th Jan,A2 480m,09-01-2021 20:43,38145066,6. Bernard,0,6.416497492298949,1,1,1,1001,1,1001,0,4484.08,0
177760721,SIS / Crayfd 9th Jan,A8 380m,09-01-2021 13:09,36402364,6. Earls Viking,0,18.319046016437937,1,1,1,1001,1,1001,0,1495.5,0
177760221,SIS / Harl 9th Jan,A6 415m,09-01-2021 10:07,24483132,6. The Other Sunset,0,3.8083050582293,1,3.65736917840440545701081993524642333343,1,1001,1,1001,4336.44,4336.44,0
177760221,SIS / Harl 9th Jan,A6 415m,09-01-2021 10:07,27658886,4. Adrigole Hawk,0,7.645579726296709,1,5.84970028691238137276539395276980798941,1,1001,1,1001,2265.5,2265.5,0
177714667,AUS / Gard (AUS) 9th Jan,R5 400m Gr4/5,09-01-2021 08:34,24953572,2. El Grand Deano,0,13.824822008821354,1,10.1792649646496043495211101393996227886,1,1001,1,1001,949.07,949.07,0
177714693,AUS / WPrk (AUS) 9th Jan,R6 520m Gr5,09-01-2021 09:18,25946895,7. Three Squares,0,31.896002512,1,18.3183913107294877440187876119183913107,1,1001,1,1001,681.3,681.3,0
177760465,SIS / Hove 9th Jan,A8 500m,09-01-2021 20:38,26605140,4. Mellys Majestic,0,3.45,1,1,1,1001,1,1001,0,12231.02,0
177712782,AUS / Warr (AUS) 9th Jan,R9 390m Gr6/7,09-01-2021 09:54,38047569,6. Brother Soldier,0,2.4828635984793084,1,2.13074838178039983758091098000812095445,1,1001,1,1001,6698.72,6698.72,0
177759997,RPGTV / Crayfd 9th Jan,A5 380m,09-01-2021 20:34,25685266,1. Aughaboy Angel,0,7.988115764150425,1,1,1,1001,1,1001,0,3173.7,0
177759997,RPGTV / Crayfd 9th Jan,A5 380m,09-01-2021 20:34,28634350,4. Ballymac Roda,0,3.0790699452946138,1,1,1,1001,1,1001,0,6120.22,0
177760001,RPGTV / Crayfd 9th Jan,A1 380m,09-01-2021 21:09,25787680,5. Vics Charm,0,5.9848213606617335,1,1,1,1001,1,1001,0,4691.22,0
177760005,RPGTV / Crayfd 9th Jan,A2 380m,09-01-2021 21:40,27649640,6. Ballymac Yoyo,0,6.799593705605949,1,1,1,1001,1,1001,0,8364.84,0
177760005,RPGTV / Crayfd 9th Jan,A2 380m,09-01-2021 21:40,28690202,3. Senahel Matty,0,11.616153102298995,1,1,1,1001,1,1001,0,3133.2,0
177760031,SIS / Romfd 9th Jan,A5 400m,09-01-2021 11:31,26932177,3. Playtime Girl,0,10.92365700957249,1,1,1,1001,1,1001,0,5263.5,0
177760031,SIS / Romfd 9th Jan,A5 400m,09-01-2021 11:31,36909947,4. Suirview Charmer,0,4.8,1,1,1,1001,1,1001,0,6342.16,0
177714022,AUS / Ipsw (AUS) 9th Jan,R10 431m Gr5,09-01-2021 10:24,35441528,7. Dynamic Trav,0,29.341460503170815,1,17.9897401676606748133628060224381699128,1,1001,1,1001,479.54,479.54,0
177714033,AUS / Cann (AUS) 9th Jan,R3 520m Gr4/5,09-01-2021 11:42,35608842,3. Sunset Toxic,1,2.86,1,2.49999811443447954948428963204582547271,1,1001,1,1001,117.1,10335.16,0
177714035,AUS / Cann (AUS) 9th Jan,R7 520m Gr5,09-01-2021 13:02,19461347,2. Snallygaster,0,120,1,1,1,1001,1,1001,0,373.94,0
177714051,AUS / Cann (AUS) 9th Jan,R12 520m Gr5,09-01-2021 14:27,32440808,2. Fabriola Expert,0,18.5,1,1,1,1001,1,1001,0,956.32,0
177760305,SIS / Donc 9th Jan,B3 450m,09-01-2021 16:58,28129878,3. Fantasy Moon,0,3.4,1,1,1,1001,1,1001,0,13898.68,0
177760305,SIS / Donc 9th Jan,B3 450m,09-01-2021 16:58,28159322,4. Redbrick Oasis,0,5.3,1,1,1,1001,1,1001,0,4057.94,0
177760343,SIS / Henl 9th Jan,A9 460m,09-01-2021 16:28,24546686,4. Fieldview Ruby,0,6.4,1,1,1,1001,1,1001,0,6114.84,0
177760343,SIS / Henl 9th Jan,A9 460m,09-01-2021 16:28,36160936,2. Longrange Con,0,3.65,1,1,1,1001,1,1001,0,16442.84,0
177760349,SIS / Henl 9th Jan,A8 460m,09-01-2021 17:28,26303187,1. Unlikely Girl,0,3.591551104,1,1,1,1001,1,1001,0,16439.72,0
177760411,RPGTV / Sheff 9th Jan,S1 660m,09-01-2021 18:51,27784048,1. Jaguar Blake,0,2.8386741048495248,1,1,1,1001,1,1001,0,11281.04,0
177760419,RPGTV / Sheff 9th Jan,A4 500m,09-01-2021 19:58,38036248,5. Swift Colossus,0,34.867122631520616,1,1,1,1001,1,1001,0,1116.5,0
177712556,AUS / Warr (AUS) 9th Jan,R3 450m Gr6/7,09-01-2021 07:41,38074520,8. Chop Scotch,0,4.638602113498639,1,2.93092737629049483802064791740833036668,1,1001,1,1001,2696.64,2696.64,0
177714039,AUS / Cann (AUS) 9th Jan,R9 380m Gr5,09-01-2021 13:37,25989847,8. Moment To Twelve,0,6.36961596421199,1,1,1,1001,1,1001,0,2199.02,0
177714043,AUS / Cann (AUS) 9th Jan,R5 600m Gr5,09-01-2021 12:22,28161034,6. Lonnie Loot,0,21.850134532,1,1,1,1001,1,1001,0,901.02,0
177714047,AUS / Cann (AUS) 9th Jan,R10 520m Mdn,09-01-2021 13:56,36875772,2. Record Me,0,20.472882426729775,1,1,1,1001,1,1001,0,872.46,0
177714049,AUS / Cann (AUS) 9th Jan,R11 380m FFA,09-01-2021 14:12,26083534,1. Global Event,0,42,1,1,1,1001,1,1001,0,577,0
177759987,RPGTV / Crayfd 9th Jan,E2 714m,09-01-2021 19:17,26935069,3. Woodcocks Aura,0,5.8,1,1,1,1001,1,1001,0,5048.62,0
177710082,AUS / Mead (AUS) 9th Jan,R7 600m Gr5,09-01-2021 09:28,26777209,2. Sparky Girl,0,15.880939779252518,1,11.941101678833040243917867489847298306,1,1001,1,1001,1580.86,1580.86,0
177760301,SIS / Donc 9th Jan,D2 275m,09-01-2021 16:18,37629679,6. Wee Rocco,0,4.341222989,1,1,1,1001,1,1001,0,7116.28,0
177760333,SIS / Henl 9th Jan,A5 460m,09-01-2021 14:52,25227338,4. Sonora Lad,0,12.7144389967676,1,1,1,1001,1,1001,0,2888.3,0
177760423,RPGTV / Sheff 9th Jan,D3 280m,09-01-2021 20:27,37034978,1. Easy Odin,0,3.4,1,1,1,1001,1,1001,0,13947.2,0
177760467,SIS / Hove 9th Jan,A2 500m,09-01-2021 20:54,28744522,6. Amys Puma,0,9.489162556335792,1,1,1,1001,1,1001,0,3311.38,0
177760291,SIS / Donc 9th Jan,B2 450m,09-01-2021 14:42,18604381,3. Cloudyandbright,0,4.326918888661785,1,1,1,1001,1,1001,0,6309.1,0
177714685,AUS / WPrk (AUS) 9th Jan,R2 520m Gr5,09-01-2021 08:02,28490033,5. Weblec Pearl,0,9.452459436,1,5.01820572682268226822682268226822682268,1,1001,1,1001,4266.24,4266.24,0
177714687,AUS / WPrk (AUS) 9th Jan,R3 520m Gr5,09-01-2021 08:22,27374186,1. Bumpy Black,0,3.4116823144003874,1,2.95325827036816934091745196253219005575,1,1001,1,1001,8480.88,8480.88,0
177709704,AUS / Dubb (AUS) 9th Jan,R3 318m Mdn,09-01-2021 09:04,38123701,4. Le Chomp,0,36,1,18.5070403280929596719070403280929596719,1,1001,1,1001,146.3,146.3,0
177709706,AUS / Dubb (AUS) 9th Jan,R4 318m Mdn,09-01-2021 09:30,38123709,5. Charming Chilli,0,159.01686519162723,1,73.5175233644859813084112149532710280374,1,1001,1,1001,136.96,136.96,0
177709706,AUS / Dubb (AUS) 9th Jan,R4 318m Mdn,09-01-2021 09:30,38123710,6. Darwin Lights,0,104.39715453960001,1,41.2353005226480836236933797909407665505,1,1001,1,1001,183.68,183.68,0
177709708,AUS / Dubb (AUS) 9th Jan,R5 318m Gr4/5,09-01-2021 09:51,27463232,8. Willow Secret,0,2.6,1,2.07094746317590954541958310899161602954,1,1001,1,1001,16641.28,16641.28,0
177709708,AUS / Dubb (AUS) 9th Jan,R5 318m Gr4/5,09-01-2021 09:51,27638697,5. Irinka Tim,0,177.1489312637305,1,83.3814282232512795515476480623933707044,1,1001,1,1001,123.09,123.09,0
177709712,AUS / Dubb (AUS) 9th Jan,R7 318m Gr5,09-01-2021 10:30,27523041,8. Kimberley Cargo,0,30,1,16.8937443462528703639273536984204300327,1,1001,1,1001,287.42,287.42,0
177709714,AUS / Dubb (AUS) 9th Jan,R8 400m Gr5,09-01-2021 10:55,22674427,3. Little Munchie,0,52.78750132487084,1,33.7027925949168497019140257295262001883,1,1001,1,1001,318.7,318.7,0
177709716,AUS / Dubb (AUS) 9th Jan,R9 318m Gr5,09-01-2021 11:21,36447922,3. Bens Lad,0,65,1,1,1,1001,1,1001,0,222.12,0
177709716,AUS / Dubb (AUS) 9th Jan,R9 318m Gr5,09-01-2021 11:21,28196831,9. Volcano Fusion,1,50,1,1,1,1001,1,1001,0,402.65,0
177709873,AUS / Cran (AUS) 9th Jan,R7 520m Gr5,09-01-2021 00:07,24490170,1. Punk Lass Rocks,1,3.65,1,2.73717478751703107766171413741646661909,1,1001,1,1001,4315.64,4315.64,0
177714018,AUS / Ipsw (AUS) 9th Jan,R8 520m Final,09-01-2021 09:44,27728142,6. Burns Like Gas,0,128.97876375414666,1,58.0650029019152640742890307603017991875,1,1001,1,1001,155.07,155.07,0
177714018,AUS / Ipsw (AUS) 9th Jan,R8 520m Final,09-01-2021 09:44,28499088,4. Hopeful Lash,0,19.5,1,16.8609219486642221058145625982189628078,1,1001,1,1001,992.68,992.68,0
177714045,AUS / Cann (AUS) 9th Jan,R6 715m Gr4/5,09-01-2021 12:47,19648426,2. Bee Dee,0,44,1,1,1,1001,1,1001,0,474.66,0
177714653,AUS / Gard (AUS) 9th Jan,R2 515m Rest,09-01-2021 07:24,37963762,2. Mister Boston,0,3.385406993235083,1,2.54837771977219626168224299065420560748,1,1001,1,1001,6574.08,6574.08,0
177714665,AUS / Gard (AUS) 9th Jan,R4 400m Mdn,09-01-2021 08:12,38123768,4. Authority,0,25.316464448867478,1,13.8806435724839927762272204892464291578,1,1001,1,1001,365.46,365.46,0
177714673,AUS / Gard (AUS) 9th Jan,R8 400m Gr5,09-01-2021 09:36,37480476,5. Psycho Sonic,1,5.404763512665303,1,3.74792779229632996250426087944551755482,1,1001,1,1001,1408.16,1408.16,0
177714677,AUS / Gard (AUS) 9th Jan,R10 400m FFA,09-01-2021 10:21,27787962,4. Fabio Lass,0,3.5421425543467926,1,2.98297455686313311524341349890027436454,1,1001,1,1001,9702.42,9702.42,0
177709647,AUS / AnPk (AUS) 9th Jan,R6 388m Rest,09-01-2021 00:17,17005803,5. Filthy Phantom,0,21.867419077350633,1,9.23753769735675004434983147064041156644,1,1001,1,1001,338.22,338.22,0
177709883,AUS / Cran (AUS) 9th Jan,R12 311m Gr5,09-01-2021 01:35,26895220,2. Why Not Rose,0,11.553628894279248,1,6.73802643713495235167537657546879803259,1,1001,1,1001,1301.2,1301.2,0
177760699,SIS / Crayfd 9th Jan,A8 380m,09-01-2021 10:17,19871126,5. Sophies Eclipse,0,9.173057742356903,1,5.68912140064425701428676814124474389554,1,1001,1,1001,1626.68,1626.68,0
177760211,SIS / Harl 9th Jan,D4 238m,09-01-2021 08:43,25256809,4. Kingsmill Kirin,0,9.463788856171018,1,4.35014127594484927025132247031080707867,1,1001,1,1001,941.42,941.42,0
177760225,SIS / Harl 9th Jan,A7 415m,09-01-2021 10:41,23801451,3. Kilcarn Molly,0,36.422261084883715,1,25.9210735770476631189264229523368810736,1,1001,1,1001,1080.5,1080.5,0
177709875,AUS / Cran (AUS) 9th Jan,R8 520m Gr4/5,09-01-2021 00:24,28400782,5. Yano Bale,0,48,1,16.5728155339805825242718446601941747573,1,1001,1,1001,243.08,243.08,0
177760500,SIS / Monm 9th Jan,A8 480m,09-01-2021 20:03,36668122,2. Rathbally Simba,0,3.7469559335639495,1,1,1,1001,1,1001,0,10156.3,0
177760023,SIS / Romfd 9th Jan,A10 400m,09-01-2021 10:31,37244151,3. Violet Eyes,1,3.35,1,2.9544870440391459074733096085409252669,1,1001,1,1001,7912.96,7912.96,0
177760025,SIS / Romfd 9th Jan,A7 400m,09-01-2021 10:46,30537336,1. Maysons Hawk,0,3.9706161546222933,1,3.43609260938357582714952322170643002326,1,1001,1,1001,9948.02,9948.02,0
177760043,SIS / Romfd 9th Jan,A5 400m,09-01-2021 13:02,26648140,4. Galmonian Marty,0,17.08885746563432,1,1,1,1001,1,1001,0,1455.86,0
177760043,SIS / Romfd 9th Jan,A5 400m,09-01-2021 13:02,37095282,3. Kingdom Fire,0,3.1028597503154742,1,1,1,1001,1,1001,0,8763.22,0
177760213,SIS / Harl 9th Jan,A7 415m,09-01-2021 09:02,36312557,4. Brockys Beauty,0,8.943995459454893,1,5.72776968035211775741395483079587271809,1,1001,1,1001,1385.9,1385.9,0
177760329,SIS / Henl 9th Jan,A7 460m,09-01-2021 14:12,28677504,1. Barkin Mad Andy,0,8.11723120255163,1,1,1,1001,1,1001,0,2499.34,0
177759708,TRP / PBarr 9th Jan,D2 275m,09-01-2021 13:06,28018336,5. Printing Shop,0,4,1,1,1,1001,1,1001,0,4118.94,0
177759708,TRP / PBarr 9th Jan,D2 275m,09-01-2021 13:06,35858802,2. Stonepark Diva,0,3.0692554684789144,1,1,1,1001,1,1001,0,7951.36,0
177759993,RPGTV / Crayfd 9th Jan,A7 380m,09-01-2021 20:04,37460873,1. Cash Grab,0,2.568659594535456,1,1,1,1001,1,1001,0,21689.84,0
177759995,RPGTV / Crayfd 9th Jan,E1 714m,09-01-2021 20:19,2546125,5. Swift Jaguar,0,7.497544709818758,1,1,1,1001,1,1001,0,1010.76,0
177760289,SIS / Donc 9th Jan,A2 483m,09-01-2021 14:23,26319766,6. Barnside Rio,0,5.4,1,1,1,1001,1,1001,0,6600.84,0
177759706,TRP / PBarr 9th Jan,D3 275m,09-01-2021 12:51,25396429,2. Belles Rocket,0,10.911549319465596,1,1,1,1001,1,1001,0,1430.1,0
