EVENT_ID,MENU_HINT,EVENT_NAME,EVENT_DT,SELECTION_ID,SELECTION_NAME,WIN_LOSE,BSP,PPWAP,MORNINGWAP,PPMAX,PPMIN,IPMAX,IPMIN,MORNINGTRADEDVOL,PPTRADEDVOL,IPTRADEDVOL
115539187,GB / Ayr 20th Sep,1m Nursery,20-09-2014 13:30,8652132,Gerry The Glover,0,12.5,10.9546932694745597550105870992185753256,17.4081183427910874565545306616770593918,21,9.8,790,11,832.24,30315.7,1650.78
115539187,GB / Ayr 20th Sep,1m Nursery,20-09-2014 13:30,8525617,Special Venture,0,11.080644209833922,10.2616968436562041451975717965922301516,15.2775572543220827819354543404223165867,16.5,9.8,790,10.5,1464.22,19070.7,1728.72
115539189,GB / Ayr 20th Sep,6f Grp3,20-09-2014 14:05,8565280,Royal Razalma,0,11.33370434463232,10.0464745808832365451499527682335760206,13.0535155304887691933346788371738775631,14,11,1000,2,889.64,26828.26,5718.02
115539189,GB / Ayr 20th Sep,6f Grp3,20-09-2014 14:05,8719463,Ainippe,0,4.4,4.17805782522405085627641017798364801227,3.97954845710015909842707329269452226081,4.7,3.66,1000,4,25483.46,314060.44,20425.08
115539191,GB / Ayr 20th Sep,6f Hcap,20-09-2014 14:40,5566076,Bogart,0,9.6,9.67419065503435619963912287457075837113,10.664745031595841342366788440951902166,12,9.2,1000,4,22903.6,179305.88,14182.74
115539191,GB / Ayr 20th Sep,6f Hcap,20-09-2014 14:40,6412775,Cosmic Chatter,0,107.05073758776268,54.2413622533440013938340807777317803048,65.3062645096562999622533064587591964992,150,40,200,65,644.48,9427.44,116.74
115539195,GB / Ayr 20th Sep,6f Hcap,20-09-2014 15:50,4708937,Louis The Pious,1,15.354506645,14.9652692799823969637277785135907317166,20.1249571786455042994423095938138418512,32,11.5,13,1.01,26633.9,125214.94,81721.12
115539195,GB / Ayr 20th Sep,6f Hcap,20-09-2014 15:50,6444047,Ruwaiyan,0,71.72349624210662,49.9547273014986515285741877483609332744,38.9695283276113555644400941010134304893,90,23,810,50,2467.08,15465.76,99.26
115539201,GB / Ayr 20th Sep,1m5f Hcap,20-09-2014 17:35,4298378,Merchant of Dubai,0,12,8.86797917458055848017767184909408459838,9.00380525534331024617352466232675342382,12,8.39,1000,11,467.9,38812.28,2579.84
115539201,GB / Ayr 20th Sep,1m5f Hcap,20-09-2014 17:35,7291485,Pressure Point,0,9.30674730321131,7.47592876037932898421355545601390702968,5.47967637518621681196684715215721260738,11.5,5.34,1000,3.85,864.88,51132.22,5657.38
115539201,GB / Ayr 20th Sep,1m5f Hcap,20-09-2014 17:35,6430021,Shrewd,0,12.185717273,9.24011270195443417059215526808489795045,10.6265061913393282434607671652305637525,13,8.8,1000,5.1,788.06,47208.54,4575.54
115539903,GB / Newb 20th Sep,7f Mdn Stks,20-09-2014 13:20,8854980,Prince Of Cardamom,0,22,23.3505280388714376374889791944391483502,22.7405541033951941091913994383369498396,26,20,1000,19,85.7,3857.8,432.68
115539905,GB / Newb 20th Sep,1m3f Grp3,20-09-2014 13:50,50507,Quest For Peace,0,15,14.6707283446854160490438635897995528237,14.8485252984667251089793991891036455072,18,13.5,1000,6.6,3507.7,30240.96,9288.66
115539905,GB / Newb 20th Sep,1m3f Grp3,20-09-2014 13:50,5941841,Camborne,0,8.6,10.1501501245791575613774576343354384109,11.8382020054264133445703612288560185331,13,8.6,1000,8.2,6932.58,66194.56,4349.82
115539909,GB / Newb 20th Sep,1m2f Hcap,20-09-2014 14:55,6320693,Border Legend,0,16.51755109081627,13.2675359857184340134462164925722381741,14.9107376109012393321123108017349975758,17,13.49,1000,5.2,1723.62,21730.64,3920.24
115539909,GB / Newb 20th Sep,1m2f Hcap,20-09-2014 14:55,7808923,Black Shadow,0,10.173320317215598,9.50909312798228413056782331374461756986,12.2467255379333816357233041328284208302,13.03,9.8,1000,5.3,3827.74,49452.18,4313.46
115539911,GB / Newb 20th Sep,5f Grp3,20-09-2014 15:30,6390445,Scream Blue Murder,0,9.348052115,8.88607567452537690388670050780452462093,9.25601259215479722026610935292188519189,10,8,1000,4.7,4012.02,72814.66,2664.14
115539915,GB / Newb 20th Sep,7f Mdn Stks,20-09-2014 16:40,8853540,Boarding Party,0,34,20.0611572706972815673874968884947003027,11.9099057008207554221965694147153274676,38,12,1000,32,204.42,10660.94,259.72
115539915,GB / Newb 20th Sep,7f Mdn Stks,20-09-2014 16:40,8853541,Coorg,0,14,10.7186718622813552042147144607820925385,7.52908808250082044639138423233344651723,14.5,10,1000,14,181.48,26896.72,941.88
115539915,GB / Newb 20th Sep,7f Mdn Stks,20-09-2014 16:40,8853550,Sonnolento,0,22,18.2841722534939621072289817499462783196,18.2893410746191450179817199358300558352,27,16.5,1000,15.5,55.14,8865.6,376.9
115561947,GB / Newm 20th Sep,1m Hcap,20-09-2014 17:55,3143308,Mabait,0,16.137797859523673,18.3635250498582917131238305034171738847,12.2534316264504812556248025074261675417,22,11.31,800,5.2,402,15376.74,2111.56
115561933,GB / Newm 20th Sep,1m Mdn Stks,20-09-2014 13:55,8853556,Maybe Tomorrow,0,75.2906653565399,69.4155064938484679549793854871935129509,41.003941280056363792664459194210319096,85,19.5,1000,55,101.38,1876.8,301.82
115561933,GB / Newm 20th Sep,1m Mdn Stks,20-09-2014 13:55,8853557,Tocororo,0,118.94434397810643,122.487928941266579023978049502587426586,44.6260446596060022920073507646313805873,160,38,1000,100,63.78,2045.2,163.18
115561933,GB / Newm 20th Sep,1m Mdn Stks,20-09-2014 13:55,2392689,Eastern Romance,0,16,17.408520049205427823949765448704855369,13.5407849340173252659233133561690072144,19,8,1000,9.4,510.7,9440.14,2052.52
115561937,GB / Newm 20th Sep,6f Stks,20-09-2014 15:05,8722823,Supreme Occasion,0,2.88,2.88132861106384541314710320195659169412,2.40415221105192952047516445711650012328,3.1,2.3,1000,2.5,15636.96,370918.4,23830.4
115561937,GB / Newm 20th Sep,6f Stks,20-09-2014 15:05,8853563,Phoibe,0,3.472063951656855,3.9384565488271584801432814584309599134,5.12058295566169972502659897881953315514,7,3.45,900,2,6240.2,152065.5,16225.28
115561937,GB / Newm 20th Sep,6f Stks,20-09-2014 15:05,8466227,Lacing,1,12.535829605,12.1785854935446741279428444737308504595,14.329814849606162153133914436294717181,15.5,10.5,13.5,1.01,733.5,29748.12,74918.92
115561937,GB / Newm 20th Sep,6f Stks,20-09-2014 15:05,8565277,Sleepy Dust,0,36,32.3236824494470537555241502946796435289,23.3741894311443922557613454994217883842,40,20,1000,20,344.24,7616.5,784.84
115561939,GB / Newm 20th Sep,6f Stks,20-09-2014 15:40,8553190,Heartbreak Hero,0,2.158737127243658,2.17301471700036702560688603114961771345,2.41890776144247166511520196532604573518,2.58,2.1,1000,1.6,6251.08,667888,38060.48
115561939,GB / Newm 20th Sep,6f Stks,20-09-2014 15:40,8534836,Secret Brief,1,5.0094001052212835,5.15136893603078592990319704775671454652,6.14183900737111383678525530882687270777,6.4,4.7,6.4,1.01,1012.12,118347.34,96153.74
115561997,GB / Catt 20th Sep,1m6f Hcap,20-09-2014 15:20,7306011,Crakehall Lad,0,4.9,4.5013756671683193768867273199304405911,4.35536050576285105069693448729538709426,5.1,3.95,790,2.02,4694.42,58889.5,46603.18
115562003,GB / Catt 20th Sep,1m6f Hcap,20-09-2014 17:05,5298096,Rocky Two,0,7.621994655809031,7.9380912402330777929369256706257024865,8.83489258465534316377985944077985323066,10,7.2,1000,6.2,39.58,28624.46,7933.06
115562003,GB / Catt 20th Sep,1m6f Hcap,20-09-2014 17:05,5606039,Rhinestone Rebel,0,70.58317919784635,82.0227846087035494767226322671772687868,24.2591790511521249703146082837156261014,130,70,1000,70,21.4,2557.9,274.3
115562003,GB / Catt 20th Sep,1m6f Hcap,20-09-2014 17:05,6320697,Wasabi,0,41.30735340435582,40.4568692505857928262510304424577723262,26.2946285905368622837388004352802753013,50,34,1000,18.5,24,3084.84,1340.42
115562003,GB / Catt 20th Sep,1m6f Hcap,20-09-2014 17:05,6657794,Enzaal,0,24.523920488,21.6286230354203434236447961183919887609,4.6833033948436647956312282607773680854,26,1.28,1000,20,365.12,5253.6,640.06
115562009,GB / Catt 20th Sep,7f Hcap,20-09-2014 18:10,6456466,Shillito,0,21,23.0358646670735255486673116430382305227,15.0035007121217115495531501326966014784,28,21,1000,25,80.34,8280.18,625.38
115562031,GB / Wolv 20th Sep,5f Hcap,20-09-2014 17:50,4742706,Volcanic Dust,0,34,28.9444261938760527858934198674000154813,16.1031262258019945570515067915403036622,38,15.5,800,26,126.6,5788.12,200.86
115562031,GB / Wolv 20th Sep,5f Hcap,20-09-2014 17:50,5497340,Aaranyow,0,14.757897541573039,14.6642287627697050030038172863304181314,11.5490963114929334470873541062950110266,19.5,12,900,15.5,54.68,8298.06,937.32
115562033,GB / Wolv 20th Sep,6f Hcap,20-09-2014 18:20,6597866,Queen Aggie,0,40.51574898563387,40.3665540527180665667033100624730779677,17.9260429002643034956990893364224925366,50,28,220,36,33.2,4789.98,177.32
115562035,GB / Wolv 20th Sep,6f Sell Stks,20-09-2014 18:50,8460410,Itsindebag,0,11.836331773899548,10.6702273791420389973387501830661775508,8.47869028219526392257634689411326462159,17,11,1000,340,35.52,16693.88,622.48
115562037,GB / Wolv 20th Sep,1m4f Hcap,20-09-2014 19:20,38165,Lucky Jim,1,3.1876519954565534,3.59447676686505012793629463765202463066,5.81963704345724858058178714233000080885,7.8,3.05,4.6,1.01,2940.84,195452.14,42964.02
115562037,GB / Wolv 20th Sep,1m4f Hcap,20-09-2014 19:20,7634707,Majestic Sun,0,5,5.12036359441745442578976268129036247819,5.48240212150207245251798418404747056452,6,4.7,300,1.54,2598.36,71378.3,10155.04
115562041,GB / Wolv 20th Sep,1m1f Hcap,20-09-2014 20:20,7259326,Gods Speed,0,19.374162933,19.9424087300942601853804945877445418469,23.7558549086106351300094998584259489967,38,18,820,5.6,158.72,13091.98,1292.86
115562045,GB / Wolv 20th Sep,7f Hcap,20-09-2014 21:20,7272347,Plucky Dip,1,2.86,2.64144493246376508092328140596764562613,3.10310122619478728632648570240833389618,3.15,2.44,2.86,1.01,1506.86,231259.94,46029.76
115562045,GB / Wolv 20th Sep,7f Hcap,20-09-2014 21:20,7277941,Tableforten,0,77.07748991632427,47.961084012886243496819634796565478276,36.2245387353952594332592921077034002933,85,30,1000,80,7.26,4150.12,71.2
115539187,GB / Ayr 20th Sep,1m Nursery,20-09-2014 13:30,8807368,Gabrial The Viking,0,5.5,5.12437259414518455836080876627572101765,5.21068843774288047122680125879530501803,5.9,4.5,1000,5.1,5952.82,113493.1,8152.46
115539189,GB / Ayr 20th Sep,6f Grp3,20-09-2014 14:05,8775441,Marsh Pride,0,70,41.5314224532473709166349139018784680925,41.4496650276351223375250257227094252737,75,32.78,900,55,341.38,7041.36,220.34
115539189,GB / Ayr 20th Sep,6f Grp3,20-09-2014 14:05,8648281,Dark Reckoning,1,42,31.1349177218598309340236194748539578197,22.9833831127660964509125953536125782837,44,21.21,50,1.01,391.26,6472.62,51496.54
115539191,GB / Ayr 20th Sep,6f Hcap,20-09-2014 14:40,4712067,Lexis Hero,0,51.73981396055416,39.781094534779315618630063867520653679,92.4608208702274777281252931466252219916,120,40,280,34,269.92,8949.16,288.46
115539191,GB / Ayr 20th Sep,6f Hcap,20-09-2014 14:40,6458891,Mission Approved,0,20.69970151622648,16.7995037832708609894260327458998995537,19.8403453902556003633365560564224734865,25,18,1000,17,2244.22,34065.48,705.94
115539195,GB / Ayr 20th Sep,6f Hcap,20-09-2014 15:50,4173446,Racy,0,33.89937118523451,28.3357992663417367415936595156065143988,31.977683051020326805115684504329887849,55,24,900,11,6004.34,38470.74,1856.68
115539197,GB / Ayr 20th Sep,1m Hcap,20-09-2014 16:25,6473393,Dusky Queen,0,14.51957613380592,10.8520447802186331579030309390743292291,9.40058893749614545316375772376216197347,16,9.6,1000,5.1,712.82,19311.64,2831.72
115539197,GB / Ayr 20th Sep,1m Hcap,20-09-2014 16:25,2485606,Kiwi Bay,0,23,17.8893316674745013253840383443783939104,16.9413229451067305699504878960368490362,29,16.5,660,5.5,365.18,12621.12,2049.32
115539197,GB / Ayr 20th Sep,1m Hcap,20-09-2014 16:25,6682384,Muharrer,0,10.74784147111765,9.54201357000917916076532666749599273105,12.9626725058760029927518405817496490093,13.5,9,150,2.5,783.84,46436.24,7912.92
115539197,GB / Ayr 20th Sep,1m Hcap,20-09-2014 16:25,4907184,Norse Blues,0,9.837686766763957,8.36817539281392193657582795175204284408,10.1521635123194533177847316848494642129,12,8.4,770,6.2,676,43735.06,3629.04
115539197,GB / Ayr 20th Sep,1m Hcap,20-09-2014 16:25,5609343,Laffan,0,40.13608145233244,24.4054439786424048874759737463538812059,37.4488533925021193727733404200024826116,50,25,970,30,172.36,10095.54,444.94
115539199,GB / Ayr 20th Sep,7f Hcap,20-09-2014 17:00,5681082,Frog Hollow,0,9,7.78049083610698050902106972564858710698,10.8739607968141729676162779577162649675,12.45,8.4,1000,6.6,902.48,46460.78,3577.28
115539199,GB / Ayr 20th Sep,7f Hcap,20-09-2014 17:00,8474985,Earth Drummer,1,5.073763354247548,4.79325815344664448297678814619844747056,6.26068246325097486749470366098024193883,7.01,4.7,7,1.01,4378.24,130235.76,61609.78
115539903,GB / Newb 20th Sep,7f Mdn Stks,20-09-2014 13:20,8853531,Azilian,0,59.496872586423784,59.5071842605065545680506036545098831277,29.6511812476967385776887580185549009838,90,25,1000,11,82.18,1678.38,629.7
115539903,GB / Newb 20th Sep,7f Mdn Stks,20-09-2014 13:20,8853533,Burma Bridge,0,160,124.498976080146174866389037338733897296,56.6409611710900440694415435260738830993,200,48,1000,180,66.7,1112.36,43.94
115539903,GB / Newb 20th Sep,7f Mdn Stks,20-09-2014 13:20,8853534,Compton Mill,0,65.23964995481073,44.0212459492743509771608048537022905323,26.950312669815241229968506252960830065,60,22,1000,80,150.64,2150.02,119.98
115539903,GB / Newb 20th Sep,7f Mdn Stks,20-09-2014 13:20,8853538,Revision,0,770,414.214353392379054126010314925094848565,224.930059335942431511172831713167529352,730,110,1000,1000,48.92,548.7,11.7
115539903,GB / Newb 20th Sep,7f Mdn Stks,20-09-2014 13:20,8787998,Stoked,0,4.5,4.6254848055461405778703945053921247323,4.9609104870148332255596580903247538568,5.3,4.1,790,3,2975.8,129203.98,9528.5
115539903,GB / Newb 20th Sep,7f Mdn Stks,20-09-2014 13:20,731554,Rosslare,0,19.509623959507444,14.7694485707484957772351756090789332786,9.57139733927913552636816204523665951188,18.5,8,1000,40,544.64,5476.02,285.12
115539905,GB / Newb 20th Sep,1m3f Grp3,20-09-2014 13:50,6651325,Tasaday,0,4.8,4.13082298544158636363807292753954182661,3.64428788916224714384315354966135009507,5,3.5,990,1.52,34252.42,254390.4,29921.36
115539907,GB / Newb 20th Sep,6f Grp2,20-09-2014 14:20,8665860,Strath Burn,0,2.58272399566627,2.48233187857536962721068686781014088958,2.9012965329282730215843164945674859838,3.42,2.32,1000,2.4,51674.02,683483.38,28756.92
115539907,GB / Newb 20th Sep,6f Grp2,20-09-2014 14:20,2643412,Kibaar,0,21,16.8625321055612064258554576267292459888,17.3879744989055639425697906171378354356,24.84,14.5,1000,6,1331.38,34091.38,3114.82
115539909,GB / Newb 20th Sep,1m2f Hcap,20-09-2014 14:55,6454408,Air Pilot,1,6,5.49653914307466997147247690090277854494,5.29240626249390029034584061040854341567,6.4,4.19,6.2,1.01,43029.84,225609.38,140350.64
115539911,GB / Newb 20th Sep,5f Grp3,20-09-2014 15:30,7206224,One Chance,0,68.28109666135163,71.1286243450655092640121744956357396767,53.7614931282883019165998944834359934513,110,45.37,1000,50,131.48,7939.96,193.06
115539911,GB / Newb 20th Sep,5f Grp3,20-09-2014 15:30,4710727,Dinkum Diamond,0,8.6,9.57608322103283093882846447561819271196,11.7399041914165314381156799955939435148,12.89,8.6,1000,7.6,1667.74,70386.92,2052
115539915,GB / Newb 20th Sep,7f Mdn Stks,20-09-2014 16:40,8582400,Maraakib,0,7.6,7.25280014789254871334143953794699447735,8.17106659837201369963272677973784694055,8.6,7,790,1.24,274.92,96432.3,33530.46
115539915,GB / Newb 20th Sep,7f Mdn Stks,20-09-2014 16:40,8853549,Sarsted,0,85,65.9565844305306607729696470745809640512,20.2978439969141928301822291341061792909,100,16,1000,11.5,35.5,2971.04,1078.6
115539917,GB / Newb 20th Sep,7f Hcap,20-09-2014 17:15,7728569,Champagne Sydney,0,8.81204072543923,8.23690321377858129392229556905721219271,12.4318998865938737856587139089672064747,14,8.8,1000,2.02,282.72,48500,8250.62
115561943,GB / Newm 20th Sep,6f Hcap,20-09-2014 16:50,3916417,Joe Packet,0,9.794907314,9.27068447146407121178493527075784915957,8.46139779640639024172103686499436143419,11.5,7.76,1000,2.14,396.2,46064.54,5423.72
115561943,GB / Newm 20th Sep,6f Hcap,20-09-2014 16:50,6692645,Rocksilla,0,8.2,9.54868138836763476180861389571604867487,12.4458590744168228443250686857141879189,14.5,8,1000,7,423.04,42609.76,2319.14
115561943,GB / Newm 20th Sep,6f Hcap,20-09-2014 16:50,4645032,Meandmyshadow,0,20,19.5345543932049291476559812486198346942,10.3553303877444626359468971735900929192,23,10.73,280,15.5,168.12,17009.12,460.82
115561943,GB / Newm 20th Sep,6f Hcap,20-09-2014 16:50,7256975,Tellovoi,0,37.46898423085431,34.2222311899913543123068588973785511226,27.7906574697700911895878315708480865194,42,28,900,1.34,23.62,10988.46,9850.22
115561945,GB / Newm 20th Sep,1m4f Hcap,20-09-2014 17:25,7850514,Spiritoftheunion,0,16.5,19.4119403840766198924984594958759166485,19.1587407125082945039998598851749395944,28,16,1000,11,201.4,20761.28,1367.36
115561947,GB / Newm 20th Sep,1m Hcap,20-09-2014 17:55,8632321,Dream Spirit,0,3.35,3.16502504071632576387418330479375814132,2.37818026327573973657871619325966185812,3.5,2.26,1000,3.35,18747.2,285971.24,12650.44
115561947,GB / Newm 20th Sep,1m Hcap,20-09-2014 17:55,6557832,George Cinq,0,6.880552117588414,8.18599765394810136616308499831477610325,10.9464339819123540199789595939262711927,12.67,7,790,2.3,599.5,53310.48,11255.38
115561933,GB / Newm 20th Sep,1m Mdn Stks,20-09-2014 13:55,220698,Moonlight Sonata,0,2.7,2.65916237104598416460151743869763981506,2.41606237248225817402759742991334411109,2.8,2.34,34,1.01,6787.66,434611.72,112347.94
115561933,GB / Newm 20th Sep,1m Mdn Stks,20-09-2014 13:55,8853554,Asima,0,55,45.0855837047202949664741332891901659751,36.1746137319854285397716230480598611503,60,27,1000,23,119.06,3441.6,622.4
115561935,GB / Newm 20th Sep,1m Mdn Stks,20-09-2014 14:30,8853559,Scots Fern,0,51.7168261218234,46.0973111742053550007603805981970385584,43.2761689523058631881278730959998417242,60,34,800,38,150.36,4476.02,532.62
115561935,GB / Newm 20th Sep,1m Mdn Stks,20-09-2014 14:30,8816917,Wiener Valkyrie,0,6.664867825740602,6.06326001804997048376316406521170054471,5.11920970083884830335295447691504013849,7,4.9,990,5,1735.98,75006.32,8097.76
115561937,GB / Newm 20th Sep,6f Stks,20-09-2014 15:05,8641322,Star of Spring,0,79.4047232266469,94.5147860747695256079745116455223477718,56.7308762837231138565201770996018380967,150,42,1000,65,179.98,6279.8,99.44
115561995,GB / Catt 20th Sep,7f Nursery Hcap,20-09-2014 14:45,8611923,Pipe Bomb,0,17.22,15.0419280522090656791533548365683133007,15.8732559697618040585628713050440853355,29.52,14.35,1000,2.22,115.62,25703.3,10079.38
115562001,GB / Catt 20th Sep,1m4f Hcap,20-09-2014 16:30,2835283,Tinseltown,0,17.796665962659247,13.5381751074660044190787530381684380088,14.5928030279270316755591741697852123852,20,13.5,1000,12.5,215.22,12607.32,4383.02
115562001,GB / Catt 20th Sep,1m4f Hcap,20-09-2014 16:30,7546030,Sir Charlie Kunz,0,5.5826481524734834,5.16349485825849093898561105347063601226,6.61012025923739488862541546236206611567,7,4.8,1000,6,1013.36,64076.4,8347.72
115562006,GB / Catt 20th Sep,7f Hcap,20-09-2014 17:40,5512047,See Clearly,0,11.63304360539638,10.2663380311909320106913741861912656449,9.17055787023567925554717827224640727901,13.5,10.63,790,2.54,220.26,18834.04,4418.3
115562009,GB / Catt 20th Sep,7f Hcap,20-09-2014 18:10,7272343,Mount Cheiron,0,5.5,5.84241277625362424602908570289268923757,6.68404487101439056181650435087612774549,7,5,1000,4,679.12,86365.26,5091.9
115562031,GB / Wolv 20th Sep,5f Hcap,20-09-2014 17:50,3793450,Avonvalley,0,36.73905122832046,36.5753182333994810069215467320749813527,27.308156236551252787468057372675878623,44,22,1000,28,24.12,4242,453.5
115562031,GB / Wolv 20th Sep,5f Hcap,20-09-2014 17:50,6375572,Rat Catcher,0,41.24755630326923,44.1701867734435225532045965480128913656,29.1125083255020481933649191840582896072,55,30,740,21,50.6,3494.46,308.06
115562031,GB / Wolv 20th Sep,5f Hcap,20-09-2014 17:50,7380174,Dream Sika,1,10,10.2850785572074874050216356888724320547,8.57980259634030151322364741212225329371,11.5,8.4,8,1.01,195.88,25548.1,34256.32
115562043,GB / Wolv 20th Sep,7f Hcap,20-09-2014 20:50,7176248,Posh Bounty,0,54.667977624,36.9894830669012294625177527412610211209,32.7119652515706206434208723335977688244,60,25,65,50,13.6,5418.84,89.74
115562035,GB / Wolv 20th Sep,6f Sell Stks,20-09-2014 18:50,8782043,Picture Postcard,0,12.397576549849767,10.9109200082518485280271066096311510414,6.45049495971086362195416707160214051746,17,8,1000,6.4,109.48,18030.16,2035.86
115562035,GB / Wolv 20th Sep,6f Sell Stks,20-09-2014 18:50,8846148,Ilumination,0,110.80247152145955,73.9629613249990038287758859507054863056,1,120,60,350,350,0,1804.86,20.96
115562039,GB / Wolv 20th Sep,1m Mdn Stks,20-09-2014 19:50,8804569,International Name,0,5.057012787845862,4.68514185825105018890900566693561010037,6.45349935285838355114779598597511853141,9,4.7,270,2.2,2966.5,96664.3,10606.44
115562041,GB / Wolv 20th Sep,1m1f Hcap,20-09-2014 20:20,6881636,Tinghir,1,3.691032958238438,3.77407720426515148874243793296649342722,7.82428526087328424134033598839329979544,8.2,3.6,3.85,1.01,882.32,192288.68,43918.76
115562041,GB / Wolv 20th Sep,1m1f Hcap,20-09-2014 20:20,5645562,Docs Legacy,0,8.790830463220917,6.74605635478426157989622410713731792844,8.57136136339513499533892389362996918383,9.6,7,740,5.5,252.7,44897.74,1567.76
115539187,GB / Ayr 20th Sep,1m Nursery,20-09-2014 13:30,8506216,Divine Law,0,50,32.7485081705850507812581162437632065468,22.9858685730809072442980815623958893403,60,20,1000,60,380.24,6704.34,221.48
115539189,GB / Ayr 20th Sep,6f Grp3,20-09-2014 14:05,8530902,Pastoral Girl,0,56.3182830891339,37.2279182251083686048039963356546973944,34.868699259699989015828896671210663577,60,27.96,1000,48,122.7,4320.66,177
115539191,GB / Ayr 20th Sep,6f Hcap,20-09-2014 14:40,4341276,Compton Park,0,21.58054766379136,17.7974430334401737241907529125124958772,18.7321907454272318000740572892823243304,29,17,970,19,2844.7,21420.94,330.44
115539191,GB / Ayr 20th Sep,6f Hcap,20-09-2014 14:40,7571488,Lexington Abbey,0,14.807480928662297,11.8807095291368166864039630109337027204,12.8163211405666916064010522466395115283,15.5,10,20,14.5,6646.32,56837.3,545.16
115539191,GB / Ayr 20th Sep,6f Hcap,20-09-2014 14:40,6515016,Majestic Moon,0,10.5,12.8371059043638738520576749623537014071,19.2280573387244404664982350012014240645,21,10.5,190,6,4122.06,56016.42,2241.42
115539193,GB / Ayr 20th Sep,1m2f Listed,20-09-2014 15:15,5521783,Gabrial,0,7,6.26888720246063007616382769013139484891,6.29647643896127016567987245309728715193,7.4,6,1000,4.2,7233.2,89650.4,11012.12
115539193,GB / Ayr 20th Sep,1m2f Listed,20-09-2014 15:15,6504875,Mirsaale,0,25,20.8569870738051266337064876262396321141,18.3953639885496966134770505826838995258,29,16.5,1000,15,971.64,19387.1,1891.54
115539195,GB / Ayr 20th Sep,6f Hcap,20-09-2014 15:50,3217239,Hawkeyethenoo,0,31.994523148355533,24.2941540185169681656215520911739016731,26.5449998365071039473315284278551644586,32,22,32,24,4634.58,35189,614.8
115539195,GB / Ayr 20th Sep,6f Hcap,20-09-2014 15:50,3294987,Captain Ramius,0,120,83.0260144638926974801963423730776544167,104.875578177051942415819802357820351471,240,65,260,110,521.88,7482.62,96.12
115539195,GB / Ayr 20th Sep,6f Hcap,20-09-2014 15:50,5634219,Ashpan Sam,0,100,48.368259364365023760573226469534719838,35.3990523006939309996919272001985103342,100,25,660,95,2006.98,12624.18,65.36
115539195,GB / Ayr 20th Sep,6f Hcap,20-09-2014 15:50,7262337,Highland Acclaim,0,14.245202841302227,13.0901197626195634838542164939058871854,13.0982407318917681023945639727682351943,17,12.5,1000,13,28392.5,116574.88,1350.36
115539197,GB / Ayr 20th Sep,1m Hcap,20-09-2014 16:25,2070141,Osteopathic Remedy,0,25,15.2648831461540158292782845416582840442,15.3916137303026911243711937106478765447,26,14,110,21,380.18,14691.94,917.3
115539197,GB / Ayr 20th Sep,1m Hcap,20-09-2014 16:25,7727136,Top of The Glas,0,4.346323873148724,4.44584699599967143677894810006347473083,4.65081624422300788448910788025810995121,5.5,4.2,1000,4.2,3265.2,192386.34,14592.4
115539199,GB / Ayr 20th Sep,7f Hcap,20-09-2014 17:00,4850450,Fieldgunner Kirkup,0,23.372385375,21.9219695947743191100688673245869114229,15.9981926437400911329711200763024489235,27,13.84,200,14,332.54,10680.12,1005.44
115539199,GB / Ayr 20th Sep,7f Hcap,20-09-2014 17:00,5433913,Stonefield Flyer,0,27.316147043243106,29.6199799705629916076269927483941369931,27.9619735216956322261638185896635227051,42,22,130,11,147.28,8753.56,1796.18
115539199,GB / Ayr 20th Sep,7f Hcap,20-09-2014 17:00,6023516,Athletic,0,5.2,5.02568284344292730277825572054340036583,6.29865085416552462162231947943435150399,6.83,4.8,1000,1.81,1767.88,125050.94,33297.84
115539199,GB / Ayr 20th Sep,7f Hcap,20-09-2014 17:00,6362751,Deauville Prince,0,6.274126329,5.23104094077420212267416417451746549617,5.6412150292202127012777864394476829394,7,5.2,790,4.7,1246.94,56729.04,6244.86
115539201,GB / Ayr 20th Sep,1m5f Hcap,20-09-2014 17:35,5974334,Mister Fizz,0,13,12.6613328092098318459794128511264069607,27.9964101443045100553698830499709464164,30.63,12.5,1000,10.5,150.32,23345.6,3186.1
115539903,GB / Newb 20th Sep,7f Mdn Stks,20-09-2014 13:20,8737125,Master Zephyr,0,25,29.584065490588122498766970086205230569,40.2834175706464535116377030729538586378,46,25,1000,44,93.26,3813.84,238.66
115539909,GB / Newb 20th Sep,1m2f Hcap,20-09-2014 14:55,5922787,Regulation,0,137.815696329,75.7909234726456241803256798882073297335,73.6962138019866810571152722829620968365,160,49.45,730,65,141.28,3938.16,212.48
115539909,GB / Newb 20th Sep,1m2f Hcap,20-09-2014 14:55,7629105,Busatto,0,51.329951974833385,31.1715746311108172887945788334200095092,32.9323288551223072846177966482018284428,55,28,730,36,745.32,9930.96,704.74
115539915,GB / Newb 20th Sep,7f Mdn Stks,20-09-2014 16:40,8853546,Napoleon Solo,0,9,7.12516573216790159098376224866202075606,5.88314538628135067601755446927968643528,9,4.6,1000,2,3257.44,92786.6,17526.16
115539915,GB / Newb 20th Sep,7f Mdn Stks,20-09-2014 16:40,8853545,Miracle Ninetynine,0,17.334881772563378,15.5249032618778055265853384680009530795,13.0278141706360236056278787461598125188,21,15.5,1000,17.5,41.1,11850.46,525.38
115565928,GB / Newb 20th Sep,1m PA Hcap,20-09-2014 12:50,2460680,Noble Athlete,0,55.758302375,40.8509134330059613530653462883294767631,3.99992436810395906920093141313761244611,55,30,1000,430,1.42,619.26,41.52
115561943,GB / Newm 20th Sep,6f Hcap,20-09-2014 16:50,57115,Nova Champ,0,17.5,14.8203297684772972077399280274714775876,15.5324520069971175280315034472914573685,17.5,13,1000,1.18,129.22,18223.06,33126.2
115561943,GB / Newm 20th Sep,6f Hcap,20-09-2014 16:50,6549315,Daylight,0,10.1088959,9.95948851205974554984412290621370247021,12.1002398458013907387044473742976343395,11.14,8,1000,8.2,189.38,40630.22,848.58
115561945,GB / Newm 20th Sep,1m4f Hcap,20-09-2014 17:25,8455255,Sleeper,0,8.8,8.1531535445416163099655085175135879629,6.62959825560685277707666132783238559931,9.2,6,1000,6,2552.28,84277.18,3283.52
115561933,GB / Newm 20th Sep,1m Mdn Stks,20-09-2014 13:55,8853555,Dreamlike,0,29.024875441439796,35.6430369805879930503959679367285877948,45.2366181903033488448977285935138909826,60,28,1000,25,67.9,3993.4,510.98
115561939,GB / Newm 20th Sep,6f Stks,20-09-2014 15:40,8545938,Yorkie Talkie,0,90.67602948847774,80.1398944544174768768141819236047663198,83.7173955322870946600422348897029527355,110,55,1000,70,44.62,4770.78,354.06
115561941,GB / Newm 20th Sep,2m2f Hcap,20-09-2014 16:15,5699245,Mubaraza,0,4.120060448133426,4.59004451770087665174470971661680442561,5.68952956232799661293306457940926387023,6,3.85,1000,3.8,1791.1,214857.9,8738.08
115561941,GB / Newm 20th Sep,2m2f Hcap,20-09-2014 16:15,5623008,Ex Oriente,0,12.5,14.5683932979339748474668365432130242574,13.7204070406096737459449816529707781244,17.27,12.27,1000,11.5,659.04,26991.64,2704.5
115561941,GB / Newm 20th Sep,2m2f Hcap,20-09-2014 16:15,6905098,Ray Ward,0,3.5,3.44295134098766213360330067031324187746,4.28413213824993600642068786943074445493,4.55,3.2,1000,1.4,6773.52,396423.78,37053.9
115561995,GB / Catt 20th Sep,7f Nursery Hcap,20-09-2014 14:45,8478273,Madamoiselle Bond,0,4.264,3.7614437293231596373026049599144501902,5.52427006117929574268741669068880103937,6.4,3.28,1000,2.44,1807.92,140085.72,13080.88
115561997,GB / Catt 20th Sep,1m6f Hcap,20-09-2014 15:20,7369668,Istimraar,0,14.465994267522545,13.8831395412294942899532551192117744741,16.0030521783265072223065631718623110187,18,11.5,250,1.4,792.12,18347.86,16737.16
115561997,GB / Catt 20th Sep,1m6f Hcap,20-09-2014 15:20,413996,Mighty Missile,0,3.5,3.51483208522713005747678802854470072835,5.08987629682438104589943301977184150261,5.7,3.3,1000,3.6,1542.48,191109.2,23164.48
115561997,GB / Catt 20th Sep,1m6f Hcap,20-09-2014 15:20,8539341,Exclusive Contract,0,11,8.80080974855561712959338658176928757282,15.2043233069344504601258025338771689126,16,8.6,1000,10.5,100.58,26926.54,3741.18
115561999,GB / Catt 20th Sep,7f Mdn Stks,20-09-2014 15:55,8452431,Muzaahim,0,8.736309658504144,6.91058108637178212017754943759084968018,3.99000072697760911328204205280573810103,9,5.2,790,2.5,219.94,37173.98,11130.82
115561999,GB / Catt 20th Sep,7f Mdn Stks,20-09-2014 15:55,8298631,Kiss of Spring,0,2.495169341,2.3697873990067019774208840147750348407,2.73342728789013319506700508619620111233,2.8,2.3,790,1.3,1670.58,276045.5,77247.92
115562003,GB / Catt 20th Sep,1m6f Hcap,20-09-2014 17:05,6764644,Jebulani,0,174.9065704618257,167.945916677026074861899870468006630736,48.4119379901542180877188276945452096866,220,50,1000,130,31.84,1067.08,273.84
115562006,GB / Catt 20th Sep,7f Hcap,20-09-2014 17:40,5634218,Orwellian,0,3.1423069536176103,3.07700346189655010086984790625501813631,3.8742901669900431287051843755409244793,3.88,3,1000,1.53,1207.16,223504.2,47781.46
115562006,GB / Catt 20th Sep,7f Hcap,20-09-2014 17:40,6486058,La Danza,0,34,24.9543381154882154576415053227237672705,20.4798682381152024168655951165202909734,36,27,500,14,58.92,7841,554.46
115562006,GB / Catt 20th Sep,7f Hcap,20-09-2014 17:40,7252425,Princess Rose,0,67.89849124116358,48.8707617251406312869150415546086810876,30.7968325487317326692659038479378619599,80,49.08,1000,11,21.44,4433.82,2578.62
115562009,GB / Catt 20th Sep,7f Hcap,20-09-2014 18:10,5876510,Running Reef,0,2.6056816892647903,2.49054559426404563157450471095744578134,2.58852741618463741140032543965122785695,3.05,2.26,800,1.8,1943.38,369392.18,51025.88
115562009,GB / Catt 20th Sep,7f Hcap,20-09-2014 18:10,6393130,Bogsnog,0,18,15.203028839793203954768687003170242427,12.6456846579076332750556418659772210883,18,14,1000,12,136.22,15060.04,1515.2
115562043,GB / Wolv 20th Sep,7f Hcap,20-09-2014 20:50,7668074,Lacock,0,4.5,4.64013495429158777330961705806182887777,6.55248286190021087423567013440296616839,6.78,4.3,1000,3.35,480.2,110824.34,3784.04
115562043,GB / Wolv 20th Sep,7f Hcap,20-09-2014 20:50,8111041,Fiftyshadesdarker,0,7.2,7.0306918125312631296113921566154407195,6.84890692861736456758005830507376167275,10.5,6.8,990,9.8,236.94,32224.32,1048.8
115562033,GB / Wolv 20th Sep,6f Hcap,20-09-2014 18:20,1509081,Mambo Spirit,0,47.685252015569716,34.8970744563227181755477656576334292789,25.9222412319739149768504541741672188343,50,9.8,1000,11,51.04,5360.44,733.04
115562035,GB / Wolv 20th Sep,6f Sell Stks,20-09-2014 18:50,8553189,Cupulation,0,10.655764191874187,9.60038705642067055882410936674401127703,9.03559911705256845685809256473483144906,14.5,9.8,730,12,24.18,18761.8,887.46
115562037,GB / Wolv 20th Sep,1m4f Hcap,20-09-2014 19:20,6354128,Taxiformissbyron,0,49.60546752746231,43.0227174433069863528057674336580623889,18.7470608158956867560411466271625421321,65,21,1000,23,61.58,3438.9,556.3
115562037,GB / Wolv 20th Sep,1m4f Hcap,20-09-2014 19:20,7596844,Lady Bubbles,0,42,30.9168792529821393916559620010968010466,24.4983580353964906127142543284162979099,46,20,800,42,59.1,5205.72,119.04
115562037,GB / Wolv 20th Sep,1m4f Hcap,20-09-2014 19:20,5612328,Medieval Bishop,0,27.778018940689115,20.5588230393728431010067542361792466096,15.6987639381032428208143021574412954864,29,13,580,9.8,119.64,9050.3,747.24
115562039,GB / Wolv 20th Sep,1m Mdn Stks,20-09-2014 19:50,8606903,Classic Villager,0,12.47833815064849,11.6536017578206677697111317140219215119,8.14902485994087673982993612261398740198,15.5,8.8,1000,4.5,282.18,25893.36,3611.48
115562039,GB / Wolv 20th Sep,1m Mdn Stks,20-09-2014 19:50,8692944,Hier Encore,0,562.6222513738728,348.222598532167480786062708982824033206,220.52733061304816364880070975001626775,640,75,1000,370,1.26,1144.52,56.64
115562041,GB / Wolv 20th Sep,1m1f Hcap,20-09-2014 20:20,4919010,Back Burner,0,297.4266338675607,163.258196328001121048355858978361200699,165.663967638382261484526793593228059679,720,70,410,100,9.58,1922.5,280.26
115562045,GB / Wolv 20th Sep,7f Hcap,20-09-2014 21:20,7142967,Kraka Gym,0,17.20321018149734,14.9076089114904265428424966006471640638,12.7963517465055937425114473996311542397,22,16,730,3.5,97.5,16241.68,1695.66
115539189,GB / Ayr 20th Sep,6f Grp3,20-09-2014 14:05,8599356,Prize Exhibit,0,7.6,7.78212806198396141356291973271399072406,10.3804286071431877048579890970438790822,11.57,7.2,730,7.2,3538.54,91058.96,3365.22
115539189,GB / Ayr 20th Sep,6f Grp3,20-09-2014 14:05,8648368,Disprove,0,18.5,16.3157452069444579050916220604229021652,18.2170218666383237667293914366983070194,20.24,12.53,1000,20,487.5,10441.96,689.82
115539191,GB / Ayr 20th Sep,6f Hcap,20-09-2014 14:40,4907861,Farlow,0,42.63260197169964,30.5541013478939175114153007983783564844,29.313359358996512685566769038321381625,55,25,70,70,1439.02,12617.16,62.78
115539191,GB / Ayr 20th Sep,6f Hcap,20-09-2014 14:40,4985115,Redvers,0,10.900753512,11.8189288957706275364449421409772865183,13.3461115972350476383156539407648439632,15,10.5,460,8,7945.78,76848.58,1844.06
115539191,GB / Ayr 20th Sep,6f Hcap,20-09-2014 14:40,3858915,Santefisio,0,21.814120259860836,16.9562426759520249445957554547277184639,25.9584338725844609223103648622148280589,34,20,38,34,17241.76,63518.24,325.94
115539191,GB / Ayr 20th Sep,6f Hcap,20-09-2014 14:40,6651144,Angus Og,0,150,104.27549463070420870653532280841506694,110.348322109380220881160596660356605987,240,95,220,120,225.3,3648.56,19.02
115539195,GB / Ayr 20th Sep,6f Hcap,20-09-2014 15:50,4691269,Fast Shot,0,29,24.4756255964298800172412542508889160941,33.5016975600975419904460396183036446223,42,21,42,26,5213.54,43290.58,264.96
115539195,GB / Ayr 20th Sep,6f Hcap,20-09-2014 15:50,5524701,Ballesteros,0,40,31.4815550899027849015630527048899566172,40.1727282509251615617858449336584325576,50,24,1000,17,2382.36,22606.96,270.64
115539195,GB / Ayr 20th Sep,6f Hcap,20-09-2014 15:50,6637335,Rene Mathis,0,37.03527968515012,26.5759152174256726156168019659005916741,27.1523939252581202677529669927347211782,44,18.5,900,42,2970.58,26957.12,136.7
115539197,GB / Ayr 20th Sep,1m Hcap,20-09-2014 16:25,7542175,Jacob Black,0,13.105027781313058,11.1840229364066526387660095736434600477,10.8459431836938649234272191741316121476,16.5,8.4,46,6,834.98,22861.1,7399.64
115539903,GB / Newb 20th Sep,7f Mdn Stks,20-09-2014 13:20,8853539,Victory Megastar,0,10.3867770352261,9.43696613272485923049411335764653596537,9.28069108717005985480743849777691290216,10.5,8,790,4.4,442.14,13674.16,3058.46
115539903,GB / Newb 20th Sep,7f Mdn Stks,20-09-2014 13:20,8796730,Yeenaan,1,6.19727952544039,7.34020588399344138940000396203092797689,7.98518588584257955850972892829780615108,11,6,8,1.01,553.6,48193.26,71591.86
115539907,GB / Newb 20th Sep,6f Grp2,20-09-2014 14:20,2010040,Growl,0,14,12.7481519043569681313460540436089579794,11.6198625914452232579906426762961546882,16.5,10.5,1000,8.8,2913.02,43070.1,3037.74
115539909,GB / Newb 20th Sep,1m2f Hcap,20-09-2014 14:55,32760,First Flight,0,8.371588669148599,8.74635932820381967823899723756771545161,13.3323098679900143864656868001236205892,14.12,7.8,1000,8.2,2335.2,69826.58,4541.4
115539909,GB / Newb 20th Sep,1m2f Hcap,20-09-2014 14:55,3806802,Monsieur Chevalier,0,75,59.8081661807882880485885570722884118063,62.1384319802827890997777757445833029918,90,25.77,880,65,247.82,4371.46,444.38
115539909,GB / Newb 20th Sep,1m2f Hcap,20-09-2014 14:55,6470495,Energia Davos,0,13.5,13.9668430522799002215076375019449112629,14.547971508356522905203942141818015357,17.53,13,1000,11,19441.22,63798,2012.64
115539911,GB / Newb 20th Sep,5f Grp3,20-09-2014 15:30,3199956,Ajjaadd,0,50.079194683,55.8398989186326905260871111094967680943,32.2773535943129910427973129718423861784,95,23.95,1000,7,327.18,9990.44,1057.1
115539913,GB / Newb 20th Sep,7f Nursery,20-09-2014 16:05,8525632,Letacq,0,13.992004563415684,11.2979638401176958772562797707487260334,9.12528148264198545559828435233096830914,14.5,8.2,970,4,2495.98,32198.78,4565.7
115539915,GB / Newb 20th Sep,7f Mdn Stks,20-09-2014 16:40,8853547,Puissant,0,5.8,5.06466391722527280178783569306942178487,8.4622651000572880103683021835545463164,8.8,4.3,1000,6,282.64,154278.28,6095.3
115539915,GB / Newb 20th Sep,7f Mdn Stks,20-09-2014 16:40,8853542,Georgias Gamble,0,47.851913221,49.4308570015224769357805227183302441387,26.2423118849609463782149214724671949777,80,46,1000,50,12.02,4126.1,190.44
115539915,GB / Newb 20th Sep,7f Mdn Stks,20-09-2014 16:40,8853552,Zebella,0,146.318382603,127.130052456297674303981128971119297537,34.7705063530287505529754303619559581601,230,48,1000,100,24.08,2023.64,72.8
115539917,GB / Newb 20th Sep,7f Hcap,20-09-2014 17:15,7399137,Classic Pursuit,0,21,22.6469458886924874036310097455175233886,21.2296916937748527650317060865157217433,34,18,1000,25,24.42,12107.72,985.02
115561943,GB / Newm 20th Sep,6f Hcap,20-09-2014 16:50,5580083,Commanche,0,17,15.2579121070337020170728275223574300869,17.285929512663488335516389707578199939,17.5,12,900,3.6,123.54,15194.08,2651.24
115561943,GB / Newm 20th Sep,6f Hcap,20-09-2014 16:50,6379040,Jontleman,0,16.15440909660618,14.0750735282853456307384172445120493929,9.9600167000618215701691059714167453456,17,8.25,900,15,276.26,14648.84,675.72
115561945,GB / Newm 20th Sep,1m4f Hcap,20-09-2014 17:25,7629109,Asyad,0,5.7,5.14587161085096573670972892993893595593,5.11977109345988762287721989689692447817,5.9,4.2,1000,3.8,1624.18,174042.48,22420.74
115561945,GB / Newm 20th Sep,1m4f Hcap,20-09-2014 17:25,7850528,Ski Lift,0,9,8.49083226345031264128342092814877112654,6.90367491950169029730924858663835872267,10.5,6.6,1000,7,861.72,62992.04,3950.46
115561947,GB / Newm 20th Sep,1m Hcap,20-09-2014 17:55,7262340,Stormy Paradise,0,30.145561023320116,34.3148635366641611638751732232612753433,40.8645506610081826830137537804681077716,58.83,29,900,24,115.9,8171,560.64
115561939,GB / Newm 20th Sep,6f Stks,20-09-2014 15:40,8853564,Silence In Court,0,79.65091662578111,71.7263681165761191368550358571739858706,64.4560230670515052450668159025971541368,100,42,1000,80,19.12,5772.04,153.16
115561939,GB / Newm 20th Sep,6f Stks,20-09-2014 15:40,8756227,Excellent George,0,110,126.834741275706469037190583790821920882,88.9863485234233264300715710922390819145,170,90,1000,100,16.7,3250.3,117.14
115561941,GB / Newm 20th Sep,2m2f Hcap,20-09-2014 16:15,5616194,Repeater,0,15.695372764868079,13.051048470757098917172641538482080019,14.1987218715313346134787884248669068776,16,10.5,1000,11,1233.84,35909.64,10210.14
115561999,GB / Catt 20th Sep,7f Mdn Stks,20-09-2014 15:55,8812340,The Gay Cavalier,0,100,61.1934147625570428994610421819463442878,31.9172205418732855916253128843716949846,100,44,1000,23,4,3991.94,1057.44
115561999,GB / Catt 20th Sep,7f Mdn Stks,20-09-2014 15:55,7430135,Retrofit,0,20.249049037792723,13.0654510659525080990172652775655107023,11.5322646137489097013870081720143665597,29,11.5,1000,17.5,180.36,14200.4,1393.38
115562001,GB / Catt 20th Sep,1m4f Hcap,20-09-2014 16:30,6784149,Zeus Magic,0,5.3,5.16948309337009553806673165651297436496,5.81042979778421763463616548198987990396,7.2,5.1,1000,2.76,581.62,80466.22,34049.84
115561993,GB / Catt 20th Sep,6f Mdn Stks,20-09-2014 14:10,159498,Midlander,1,2.5300203867063797,2.49997283782901575411779888443240625235,2.40045305002646229152967141196909137299,2.76,2.34,2.6,1.01,3979.82,187964.72,95360.08
115561993,GB / Catt 20th Sep,6f Mdn Stks,20-09-2014 14:10,8729666,Doppler Effect,0,2.92,2.80956537405987076958609225023901805317,2.65814591048588775488503076350104272328,3.05,2.62,1000,2.88,2396.7,101487.44,19888.86
115561993,GB / Catt 20th Sep,6f Mdn Stks,20-09-2014 14:10,8854088,Kyllach Me,0,14,11.5571121725748684946351661985877892761,9.04074196914836355108803101134746885876,15,8.2,1000,21,448.66,11071.78,1015.06
115562006,GB / Catt 20th Sep,7f Hcap,20-09-2014 17:40,65448,No Quarter,0,14.097032439,10.6558336680930249360380668257113593082,13.1682902618848506239214317420276609576,14.5,12,1000,4.9,65.72,12431.12,2170.76
115562031,GB / Wolv 20th Sep,5f Hcap,20-09-2014 17:50,7386394,Yankee Red,0,28.548347202625038,28.1300140304736716789479353446850844644,23.0807918181670835742032383720616122706,32,21,1000,55,20.36,4536.06,69.08
115562035,GB / Wolv 20th Sep,6f Sell Stks,20-09-2014 18:50,8506227,Blue Burmese,0,19,11.5927302884796784002732100207185900032,11.8482568488952451125624841472625980161,19,9.4,1000,40,608.46,18225.72,263.48
115562035,GB / Wolv 20th Sep,6f Sell Stks,20-09-2014 18:50,8619559,Bonita Brown Eyes,0,115.80598645767046,94.1763589089433837571659364170248356793,1,200,75,800,130,0,1490.84,41.86
115562037,GB / Wolv 20th Sep,1m4f Hcap,20-09-2014 19:20,6682492,Red Pilgrim,0,23.824914321828217,30.5123885907378012071345025123761320864,39.0385598181838393498998478117803905205,60,25,810,15,41.2,4649.94,383.28
115562041,GB / Wolv 20th Sep,1m1f Hcap,20-09-2014 20:20,8476946,Halation,0,5.8039716143010445,5.68770479504959252533797512957388055041,7.46262877165547255029396693568255078572,7.8,5.5,730,5,406.2,84202.32,1753.98
115562041,GB / Wolv 20th Sep,1m1f Hcap,20-09-2014 20:20,7546011,Night Party,0,15.822586761,9.78213541948146132330573696933669826479,5.67734946775830436441404335655243389195,16,5,1000,17.5,1255.54,40904.7,493.64
115562045,GB / Wolv 20th Sep,7f Hcap,20-09-2014 21:20,7302343,Cockney Belle,0,21,11.7111528890243235760621639164676797156,10.0090685236027122170822249856968518361,22,8.4,770,14,318.28,29093.56,619.26
115562045,GB / Wolv 20th Sep,7f Hcap,20-09-2014 21:20,7361654,Seven Lucky Seven,0,6.246496549204895,5.12266979060797557650160806777984069815,6.01819958106314129950131216919074588734,7.6,5.5,1000,4.3,206.3,66165.52,3033.84
115562045,GB / Wolv 20th Sep,7f Hcap,20-09-2014 21:20,8027183,Dansante,0,24.74836435785972,14.2341843959581583416446921504916659734,10.7280477793807723683211947256196521514,29,9.6,640,27,463.74,20072.08,258.4
115539189,GB / Ayr 20th Sep,6f Grp3,20-09-2014 14:05,8466231,Spirit of Xian,0,15.502050741596388,12.8687039371804562343315597302924492008,11.8159570894637405169018270415898131871,19,11.5,900,16,662.64,14632.34,842.64
115539189,GB / Ayr 20th Sep,6f Grp3,20-09-2014 14:05,8576023,War Alert,0,15.030325386,14.0060015200199388139055111240124448555,15.7076532948908329313974101431907570964,18,13.56,660,2.88,796.94,13551.52,7464.4
115539191,GB / Ayr 20th Sep,6f Hcap,20-09-2014 14:40,5892947,Mezzotint,0,45.61795269515656,27.373292521973008729578900214814563646,35.9840530685537372923217954309763666858,55,32,55,46,758.1,11925.28,76.54
115539195,GB / Ayr 20th Sep,6f Hcap,20-09-2014 15:50,2421823,Jimmy Styles,0,157.75338688383346,98.5930611233373956194678083348793676307,96.4821080154474155558826619851065927823,170,50,1000,160,732.18,8269.76,141.38
115539195,GB / Ayr 20th Sep,6f Hcap,20-09-2014 15:50,6293498,Jack Dexter,0,42.475638930769044,33.1402535238130234365231360354813381187,35.2982428747070281030205538507316509663,65,25,140,44,2960.08,24344.58,206.96
115539195,GB / Ayr 20th Sep,6f Hcap,20-09-2014 15:50,6458107,Minalisa,0,51.58977320969017,38.6291172909061936566450368851122177002,32.2086161146572275178569137750988849199,65,27,450,9.2,3493.04,19387.42,826.7
115539195,GB / Ayr 20th Sep,6f Hcap,20-09-2014 15:50,5324364,York Glory,0,31.382947592,30.8126733114587885228684732622689369736,34.3650628748867042460042928963757729835,48,22,730,34,3823.18,28716.8,248.54
115539195,GB / Ayr 20th Sep,6f Hcap,20-09-2014 15:50,5433908,Hamza,0,25,25.8145512681198290465093906868195021473,32.5436185612343015018330051483662092306,50,23,1000,20,3883.5,31950.28,758.52
115539195,GB / Ayr 20th Sep,6f Hcap,20-09-2014 15:50,5631852,Burn The Boats,0,50.92795235928147,32.5805146001361902854819308613408607793,26.2378826224428772807501242382406956067,80,22,240,50,4784.2,25879.14,115.98
115539195,GB / Ayr 20th Sep,6f Hcap,20-09-2014 15:50,7730369,Watchable,0,10.707979384429748,12.5387176733423117611730850700170541253,13.3443202860278207462756410604992393468,15.5,9.2,1000,6.8,19093.06,138665.16,3140.2
115539197,GB / Ayr 20th Sep,1m Hcap,20-09-2014 16:25,6589828,Coincidently,0,9,8.6830642250191539062552315970656722814,12.7800242081847048361360034735070993557,15,8.6,790,7.8,689.7,34127.96,4025.32
115539199,GB / Ayr 20th Sep,7f Hcap,20-09-2014 17:00,6544512,Khelman,0,14.502949508,11.4635541431026929247922260661718474364,9.06233077391995276904506996331422252432,15,8.8,1000,13,397.2,26192.34,1438.56
115539903,GB / Newb 20th Sep,7f Mdn Stks,20-09-2014 13:20,8821215,Ashridge Lad,0,7.078982581351957,6.50532488677637541134137536063148249075,6.89947471455803338896752140275156536029,10,5.9,1000,1.91,1788.5,51571,6688.02
115539903,GB / Newb 20th Sep,7f Mdn Stks,20-09-2014 13:20,8853536,Officer Sydney,0,80,78.7825280895169856632952648628677368063,56.7849138778296709698162572083056463284,100,46,990,80,27.2,1364.12,66.84
115539903,GB / Newb 20th Sep,7f Mdn Stks,20-09-2014 13:20,8734999,Harbour Patrol,0,6.4,6.02081987049416114205269254107365877348,6.53967206913335024615835717707255188554,7,5.6,790,3.4,2447.38,61049.54,6370.96
115539907,GB / Newb 20th Sep,6f Grp2,20-09-2014 14:20,737081,Jungle Cat,0,4.5,4.71956900436588920855546849951417832034,4.36288637597355180544566492521023694315,6.2,3.23,1000,4,17885.28,200615.64,10831.58
115539909,GB / Newb 20th Sep,1m2f Hcap,20-09-2014 14:55,832086,Running Deer,0,25.859555095238314,18.131494755488107157655248222827706567,22.4179951707613969605793245240421628046,29,19,1000,17.5,519.52,10406.38,1271.84
115539911,GB / Newb 20th Sep,5f Grp3,20-09-2014 15:30,5908433,Take Cover,0,5.1,5.77708898350779648011694526781058638316,6.75364084563911892206011327805507948891,8.1,4.9,1000,4.6,4904.44,187626.98,5251.86
115539913,GB / Newb 20th Sep,7f Nursery,20-09-2014 16:05,8659867,Polarisation,0,4.746798377513381,4.41476275687913587969113310275706128307,5.41928974991756826676441277843335192613,5.4,4.5,1000,4.7,480.16,120867.08,8651.76
115539913,GB / Newb 20th Sep,7f Nursery,20-09-2014 16:05,2270100,Looking Good,0,14,10.4192268998441841144651210888235900142,6.11847958098509686845934916859496523272,14.5,6.04,1000,5.2,355.6,44824.88,4619.92
115539915,GB / Newb 20th Sep,7f Mdn Stks,20-09-2014 16:40,8853544,Mccreery,1,15,14.5037476467423551031308172583760945317,13.4428553758020611043867473136746723081,19.5,14,13,1.01,84.66,10973.16,63111.02
115539917,GB / Newb 20th Sep,7f Hcap,20-09-2014 17:15,7396133,La Tinta Bay,0,40,28.7608033253084599524982404811550853461,22.8669662937162602474572694397957698531,42,23,1000,34,13.3,9627.96,636.24
115539917,GB / Newb 20th Sep,7f Hcap,20-09-2014 17:15,7642215,Weekendatbernies,0,4.588809716465114,4.24040239346736035369565273430178273455,4.40847335250661647770495822928200568691,4.8,3.69,790,5.5,994.3,94124.1,4282.7
115539917,GB / Newb 20th Sep,7f Hcap,20-09-2014 17:15,8560721,Above The Rest,1,4.372936230815675,4.00825168916347339314946477535486986436,5.92030303203324665851632162039413919823,6.6,3.75,4.4,1.01,514.14,177497.64,98693.7
115565928,GB / Newb 20th Sep,1m PA Hcap,20-09-2014 12:50,7551424,Kamikaze,1,13.5,13.7544483101427585432145986396090152505,2.83053329064218280868498558058694880983,13.5,12.5,14,1.01,17.22,1092.64,8540.98
115565928,GB / Newb 20th Sep,1m PA Hcap,20-09-2014 12:50,8765843,Jabal Aly,0,6.035494651816356,6.12694764835253454345261663608128333558,5.6499355786580665710721002653636819702,6.6,5.5,730,50,177.94,4169.96,579.3
115565928,GB / Newb 20th Sep,1m PA Hcap,20-09-2014 12:50,4859137,Syrah Gris,0,17.930241757,16.5357657705781799137952278068580414805,5.09945839049733645203501184462977700776,17,15,100,100,4,664.46,303.04
115561943,GB / Newm 20th Sep,6f Hcap,20-09-2014 16:50,6403926,Front Page News,0,11,10.3426665548868903144206033055377206822,6.90909601221986452236932967778184328285,12.5,6.8,970,8,491.32,43974.44,1157.12
115561945,GB / Newm 20th Sep,1m4f Hcap,20-09-2014 17:25,8493543,Desert Snow,0,7.6820394313993,9.14027437759754662311263261111363164228,10.0830082642786662522937923476956588964,11,7.8,1000,3.5,2513.38,40109.84,10056.12
115561933,GB / Newm 20th Sep,1m Mdn Stks,20-09-2014 13:55,8739212,Sweet Dream,0,3.55,3.46581985916198535133350469016745281763,3.89378125936541194935142907957056832655,4,3,1000,3.45,2715.68,106609.04,6817.94
115561935,GB / Newm 20th Sep,1m Mdn Stks,20-09-2014 14:30,8829117,Flamme Fantastique,0,38.064641731875454,45.0009380052241441912846600093305994968,38.4188661549338941188217530846898568734,60,29,800,27,187.04,6472.44,664.54
115561935,GB / Newm 20th Sep,1m Mdn Stks,20-09-2014 14:30,8685564,Lady of Dubai,1,2.6524631351683503,2.83278600503968328910843921542240551294,3.23665306423229236368239146827567012919,3.5,2.52,2.66,1.01,5854.6,261836.4,104516.86
115561935,GB / Newm 20th Sep,1m Mdn Stks,20-09-2014 14:30,2627677,Cascades,0,26,29.1699558935726441758565295231723008315,22.3833617020808487006257936034687743099,40,12,1000,15,603.06,9587.42,1376.08
115561935,GB / Newm 20th Sep,1m Mdn Stks,20-09-2014 14:30,8816918,Beach Walker,0,150,131.758501789044612118007013542225564812,47.8873360712895174554306841482010406988,200,34,900,60,121.04,3076.58,379.02
115561939,GB / Newm 20th Sep,6f Stks,20-09-2014 15:40,8726673,Doubly Clever,0,53.85760275580291,52.1202001229623059347651495149284644645,31.3624623211674896294710072479493962797,70,25,1000,42,130.02,8839.96,385.96
115561941,GB / Newm 20th Sep,2m2f Hcap,20-09-2014 16:15,6757160,Argent Knight,0,24,20.5472704141627003447955042722352395569,20.17243149686991383595459022642031092,25,16.82,1000,12.5,437.5,17246.12,1558.72
115561997,GB / Catt 20th Sep,1m6f Hcap,20-09-2014 15:20,7642207,Scrafton,1,5.3,4.90233170349127001165549160655085056531,4.43820574805373696635781630223472176823,6.4,4.9,5.4,1.01,781.74,59056.46,99418.54
115561999,GB / Catt 20th Sep,7f Mdn Stks,20-09-2014 15:55,8854089,High Meadow Jenny,0,220.71485245137416,190.244558112917675737694689283782841086,16.8665628895374280024583640311098299238,330,28,1000,250,8.34,1493.7,65.4
115562003,GB / Catt 20th Sep,1m6f Hcap,20-09-2014 17:05,413995,Midnight Warrior,1,7.8,7.51965631198828790243528839884742074439,7.00764021880117466204084373967803912291,8.2,6.6,21,1.01,178.82,28919.84,47684.12
115562003,GB / Catt 20th Sep,1m6f Hcap,20-09-2014 17:05,6745554,Grayswood,0,11.153286123738155,11.4472600239079062226420902250465451795,8.96103039273122127654068668124860686569,12.5,9.8,1000,7.6,293.4,11807.38,3529.5
115562009,GB / Catt 20th Sep,7f Hcap,20-09-2014 18:10,8466262,Im Dapper Too,0,51.355924409,61.9673811936833371108075897647072250591,15.0681443298891753118829049915118273047,80,40,990,5.1,56,4245.96,1507.96
115562031,GB / Wolv 20th Sep,5f Hcap,20-09-2014 17:50,6878522,Saga Lout,0,58.90755880715381,51.2461641776816589899882892832613170215,36.3240519563876867819896488699173314437,70,38,800,60,18.92,3015.98,113.54
115562043,GB / Wolv 20th Sep,7f Hcap,20-09-2014 20:50,7219438,Applejack Lad,0,39.8539556,24.1967249710991629810003475936607355844,28.827569431082032781995304694714113758,42,23,1000,3.6,37.18,8798.18,1389.44
115562043,GB / Wolv 20th Sep,7f Hcap,20-09-2014 20:50,7615275,Marmarus,1,6.159454087822624,5.34801098862807828014295012181654066001,5.67017419340158017829541180698618811962,7,5.27,6,1.01,554.68,65733.22,29664.16
115562043,GB / Wolv 20th Sep,7f Hcap,20-09-2014 20:50,7974510,Almax,0,42,28.4944120414913757352680276200312965569,16.5771133510205273457357336322416886663,50,22,1000,40,25.5,5501.82,176.52
115562043,GB / Wolv 20th Sep,7f Hcap,20-09-2014 20:50,7808950,Aristocratic Duty,0,6.8,4.89636196753237218623456435643832136711,4.80283265070674804032181157089524598738,6.8,3.95,800,6,507.96,105569.04,2052
115562033,GB / Wolv 20th Sep,6f Hcap,20-09-2014 18:20,7288652,The Dandy Yank,0,7.431086363190406,6.56458947501220473861801450824495729277,6.34413962333448797687014612587692312714,7.4,5.9,1000,5.8,409.44,56593.84,4970.38
115562033,GB / Wolv 20th Sep,6f Hcap,20-09-2014 18:20,7756794,Loud,0,15,17.8593432678331640207252255716375517327,17.8133915914420754179319897321788857486,24,14.5,730,15.5,78.92,11516.66,438.84
115562033,GB / Wolv 20th Sep,6f Hcap,20-09-2014 18:20,7288651,Sacha Park,1,3.489714462457677,3.87427990775822165508610879869421802761,6.25996324771029985301966249882779995818,6.4,3.35,3.45,1.01,1708.18,133919.86,43246.16
115562035,GB / Wolv 20th Sep,6f Sell Stks,20-09-2014 18:50,8576020,Strategise,0,7.59607497071789,6.19407101671960849786556075840792661481,8.00307686363092723464149638730309479283,8.6,5.9,1000,6,24.72,56607.44,2109.36
115562037,GB / Wolv 20th Sep,1m4f Hcap,20-09-2014 19:20,751446,Power Up,0,8,6.50688745658225104148370752235633599751,6.2182250488490161220275166796857397637,7.8,6,730,2.8,458.86,49749.8,4832.84
115562037,GB / Wolv 20th Sep,1m4f Hcap,20-09-2014 19:20,8554939,Pepperello,0,310,326.737629585065191576115388983219237446,45.6974986169411868700012921992133928913,470,90,1000,130,8.48,592.46,246.38
115562039,GB / Wolv 20th Sep,1m Mdn Stks,20-09-2014 19:50,8819539,Ali Bin Nayef,0,9.6,9.1528681602414934311320390267063873599,8.60679210024873650077256470712194463216,12,8.2,1000,170,703.1,41503.54,1889.94
115562041,GB / Wolv 20th Sep,1m1f Hcap,20-09-2014 20:20,7382568,Zampa Manos,0,13.606586170880108,9.16604651213526335583960675557513190622,10.6649505902735661141046142009817980426,14.5,8,800,8.2,375.44,30938.3,1048.26
115539187,GB / Ayr 20th Sep,1m Nursery,20-09-2014 13:30,324296,Power Play,1,8.07705816,7.62056325564261588593697069380642386702,8.0224858777965534066584295977987003521,9.6,7,18.5,1.01,1378.08,42349.12,35406.46
115539189,GB / Ayr 20th Sep,6f Grp3,20-09-2014 14:05,5599669,Blackbriar,0,12.950777504569121,12.4082715370764876154321625952498493685,17.9198446994400862670314839090781088271,19.73,12.5,1000,5,446.56,15355.8,5206.36
115539191,GB / Ayr 20th Sep,6f Hcap,20-09-2014 14:40,5662942,Green Howard,0,26,21.8224478380781251932122841074441094915,16.8281564791021247874009712677226902072,30,16,500,17,3054.86,20872.28,515.14
115539191,GB / Ayr 20th Sep,6f Hcap,20-09-2014 14:40,2491799,Hitchens,0,47.20957331631209,35.158667906010033132780884275064909056,42.2974285943641308047328172047577950025,60,34,130,40,630.96,10583.64,113.6
115539191,GB / Ayr 20th Sep,6f Hcap,20-09-2014 14:40,2537856,Inxile,0,118.656006164,77.3112395181317555723334160198812758978,103.098376102198347116463498659717341516,140,65,180,13,290.82,4577.64,371.8
115539191,GB / Ayr 20th Sep,6f Hcap,20-09-2014 14:40,4613300,Arctic Feeling,0,34.894205806854444,25.926285783957352644147779791752027551,27.3921727399749035941611535216516300458,48,22,100,36,1718.96,17078.84,256.76
115539191,GB / Ayr 20th Sep,6f Hcap,20-09-2014 14:40,4708933,Sir Reginald,0,63.60131246755715,34.8885529194347276732926316140485434205,40.6801811349686115174148666110380436979,70,34,100,85,1026.24,8394.38,57.34
115539193,GB / Ayr 20th Sep,1m2f Listed,20-09-2014 15:15,6435960,Sennockian Star,0,4.871179956,4.34431313219033421758716420680153168448,4.44544680740362628293260254473602923067,4.9,4.1,1000,1.9,9254.86,157107.56,38910.4
115539193,GB / Ayr 20th Sep,1m2f Listed,20-09-2014 15:15,8429553,Abseil,0,6.4,6.3814701433976211565073882128452643378,7.41968744045764387827221874730767842232,8,5.9,1000,3,3959.76,96223.96,13126.98
115539195,GB / Ayr 20th Sep,6f Hcap,20-09-2014 15:50,5704647,Duke Of Firenze,0,68.36992221817407,40.6285305294305822875445135486197437002,46.7314790589442899567840096756638770246,75,36,1000,60,1998.94,16416.58,222.44
115539195,GB / Ayr 20th Sep,6f Hcap,20-09-2014 15:50,6510280,Blaine,0,8.557301502612818,10.0646479367147920002818891085142273938,13.2062197366843080864168583767803679639,17.5,8.4,1000,8,32387.4,344210.7,7421.14
115539195,GB / Ayr 20th Sep,6f Hcap,20-09-2014 15:50,7222723,Eastern Impact,0,34,25.7641613372394791211917497122020243666,21.8945542715938029671867948648012934993,50,15,1000,30,3813.52,30280.08,609.68
115539195,GB / Ayr 20th Sep,6f Hcap,20-09-2014 15:50,7269234,Supplicant,0,14.86725449263223,15.2713590889076995764191839237601967044,23.6729269646551380100837685979437758232,38,13.5,1000,15,10877.44,71813.84,862.04
115539195,GB / Ayr 20th Sep,6f Hcap,20-09-2014 15:50,6544425,Go Far,0,23,19.8993592468858651814028991426785651011,19.7485185544810007096239841843266991121,28,17,1000,11,6670,39533.98,836.6
115539197,GB / Ayr 20th Sep,1m Hcap,20-09-2014 16:25,4584796,Dont Call Me,0,16.775649844839066,13.1218900847912176811924654839756529376,12.8127335715897062390302998926992116498,18,13,640,3.5,665.46,15431.88,3788.56
115539199,GB / Ayr 20th Sep,7f Hcap,20-09-2014 17:00,7877010,Lesha,0,11.658497546645666,10.0238408160684855529645781009644233041,11.2876637069977469342701836974971497334,14,10.5,790,7.6,419.92,27434.82,3257.26
115539201,GB / Ayr 20th Sep,1m5f Hcap,20-09-2014 17:35,6657784,Love Marmalade,0,34,21.981579430302069244332826879340447323,27.1364339065298198712307322672966435745,34,22,1000,30,173.24,15401.7,848.06
115539905,GB / Newb 20th Sep,1m3f Grp3,20-09-2014 13:50,6701154,Glorious Protector,0,5.775633437422167,5.54455307848999435617962367739733092431,5.20130094118893803830155004495388465821,6,5,1000,5.4,21009.52,111553.2,8115.7
115539907,GB / Newb 20th Sep,6f Grp2,20-09-2014 14:20,8543515,Baitha Alga,0,10.5,8.02148209225999134759205874796661381853,6.5365799499547389853997269103517255483,11,5.6,1000,9.6,6282.02,87951.02,3566.3
115539911,GB / Newb 20th Sep,5f Grp3,20-09-2014 15:30,6315798,Graphic Guest,0,19.151063996325504,24.5030296737210953915464202167659114138,24.4485859844949991416730349734732837746,30,16.63,1000,17,1983.5,22347.08,949.24
115539911,GB / Newb 20th Sep,5f Grp3,20-09-2014 15:30,7208968,Justice Day,0,9.221865451,7.08184087480154483829351433142916447121,7.88129329121679756590647680228151518075,9.2,5.8,1000,1.11,8902.4,105820.42,38827.62
115539911,GB / Newb 20th Sep,5f Grp3,20-09-2014 15:30,7254817,Meccas Angel,1,2.834461919423452,2.64985047329190572765323047491919018932,2.31850381332060450583118334985748250847,2.84,2.17,7.8,1.01,58428.24,672837.12,140451.58
115539911,GB / Newb 20th Sep,5f Grp3,20-09-2014 15:30,7300734,Hay Chewed,0,30.640520566,35.0373133057161761075959517979343338678,29.9378752609631514113525690931946966618,48,22,1000,24,146.94,15026.74,551.42
115539913,GB / Newb 20th Sep,7f Nursery,20-09-2014 16:05,8543679,Little Palaver,0,8.093737093,7.19220578280955084937158940757217291494,6.33961807116020888784167928848394233485,8.6,6.04,900,1.53,731.78,64781.12,12890.38
115539913,GB / Newb 20th Sep,7f Nursery,20-09-2014 16:05,8582399,Harlequin Striker,1,7.763446607172609,7.78480301006565356318840210829684726924,7.46671397556877550055039632981625326083,10,6.8,9.2,1.01,337.66,49213.22,68206.36
115539915,GB / Newb 20th Sep,7f Mdn Stks,20-09-2014 16:40,8853551,Winterval,0,7.9246249572803205,8.60829983013466458335583955751724468217,12.2821206337576437515486696825332559658,13,7.4,1000,11,84.48,43186.94,1982.48
115539917,GB / Newb 20th Sep,7f Hcap,20-09-2014 17:15,7272297,Art Official,0,9.293694654549219,8.00125646821350972697802002627390960877,10.6066425233149761793877272371921695751,12,7.4,540,4,242.3,45043.98,4131.4
115565928,GB / Newb 20th Sep,1m PA Hcap,20-09-2014 12:50,184949,Tatweer,0,5.286560851803516,5.14693131957070834344237840005806922418,3.68248440315426358055522798702587138483,5.2,5,3.9,1.41,12.92,2740.26,2264.46
115565928,GB / Newb 20th Sep,1m PA Hcap,20-09-2014 12:50,6691610,Essalda,0,9.179234157,8.45673916520998220482765537207823908191,5.81069847881669756362687552730807982188,8.6,8.4,730,9,10.82,904.88,518.32
115565928,GB / Newb 20th Sep,1m PA Hcap,20-09-2014 12:50,8857279,Jumeira Palm,0,4.8,4.85524378308563626506051008653139618927,4.09790817854305811852216305727830448862,5.1,4.5,1000,4.6,76.68,5485.92,563.66
115561945,GB / Newm 20th Sep,1m4f Hcap,20-09-2014 17:25,1267419,Rewaaya,1,7,6.43187411117403063851848189437622969499,7.13723620744140662626813293785568330152,9.6,5.7,8,1.01,715.88,108242.54,72006.76
115561945,GB / Newm 20th Sep,1m4f Hcap,20-09-2014 17:25,5771893,Princess Caetani,0,168.67342928128028,157.206967355481549573724881635586327529,76.8079491290413176795071090242370622226,340,75,1000,140,39.28,2533.86,128.34
115561947,GB / Newm 20th Sep,1m Hcap,20-09-2014 17:55,6400226,Dark Emerald,1,11.857484845686706,12.2645630061754441186172509565681988555,10.2997427425215862584479059551544452554,15,9.95,10.5,1.01,716.78,29470.72,38204.14
115561947,GB / Newm 20th Sep,1m Hcap,20-09-2014 17:55,6296782,Moonday Sun,0,12.691642766346632,12.5007938063861451753396790851986769827,19.5763366666925558353106380711105385795,23.53,10.5,1000,7.2,286.58,26273.84,2592.94
115561935,GB / Newm 20th Sep,1m Mdn Stks,20-09-2014 14:30,8853560,Sperry,0,2.856495996442807,2.81707643995896496013502318058817533968,3.06830999446825412094241286088670783359,3.7,2.6,1000,2.26,8891.66,271639.76,24893.94
115561935,GB / Newm 20th Sep,1m Mdn Stks,20-09-2014 14:30,8853562,Teofilos Princess,0,92.54078420447827,91.9466407147053047838678581871303531586,59.4638565924937848322981549528058123346,120,65,790,18,90.52,3223.6,856.04
115561937,GB / Newm 20th Sep,6f Stks,20-09-2014 15:05,8648375,Stocking,0,18,16.0231825200756872834799699983159592809,15.2146489816112028570375305918483220861,23,12,1000,11,479.26,22699.58,1747.68
115561939,GB / Newm 20th Sep,6f Stks,20-09-2014 15:40,8714163,Prince of Time,0,224.542054431,169.165171308441875387905118887523957619,78.8029271339427242561071495616229698874,240,55,1000,75,50.76,2780.94,118.76
115561939,GB / Newm 20th Sep,6f Stks,20-09-2014 15:40,8452035,Ballymore Castle,0,9.31438747,8.33161737180769953003381166481791926145,5.60200741897588324182833944492794664859,10,5.4,1000,8.8,1519.28,99989.38,2405.08
115561941,GB / Newm 20th Sep,2m2f Hcap,20-09-2014 16:15,5853455,Gabrials King,0,16,16.0244991209171463775819115185731075875,12.043519616046347866742221130931771657,20,10,1000,11,563.3,14319.1,1465.04
115561995,GB / Catt 20th Sep,7f Nursery Hcap,20-09-2014 14:45,8729662,Flash Fire,1,1.6564907850748011,1.69411695644114985916378142727110393247,1.86607992558543486243174833342144141255,2.05,1.63,3,1.01,7852.46,515788.74,135778.1
115562001,GB / Catt 20th Sep,1m4f Hcap,20-09-2014 16:30,3176568,Sherman Mccoy,0,18,11.5302989882327961416374163288536702936,18.5423020129391129414593538823118818797,21,15,1000,3.6,131.92,12098.62,4260.42
115562001,GB / Catt 20th Sep,1m4f Hcap,20-09-2014 16:30,8466263,Mendelita,0,13.968930951423392,11.5855469261113878478376864719315350789,11.0707700350943129040508530861478725296,15.5,10.5,1000,10.5,286.18,14321.72,2484.34
115561993,GB / Catt 20th Sep,6f Mdn Stks,20-09-2014 14:10,8619552,Magic Empress,0,199.4171010315546,209.724160915702994767044990793216278232,148.538001074844893037568238508011924563,400,130,1000,130,18.9,1580.52,157.44
115562003,GB / Catt 20th Sep,1m6f Hcap,20-09-2014 17:05,6762846,Gioia Di Vita,0,6.053749419,5.94317699141484614457877075268589399551,6.90112245921022683837211502371807901775,7.2,5.4,1000,5.9,185.64,85158,12336.88
115562006,GB / Catt 20th Sep,7f Hcap,20-09-2014 17:40,7981004,Day of The Eagle,0,6.6,6.15812212442932859485005843475433561538,4.6735754975354748308875085701560203221,7,5.4,900,6.2,288.92,73342.98,2094.82
115562006,GB / Catt 20th Sep,7f Hcap,20-09-2014 17:40,4227355,Thrust Control,0,8.647850015,8.48887007907965312527563161773060100666,10.5757083533945261619441227926859353362,14.35,8,600,8.2,528.62,40230.96,1887.34
115562009,GB / Catt 20th Sep,7f Hcap,20-09-2014 18:10,5744591,Nelsons Bay,0,10.5,10.8227421702625884532784168514466512973,14.1674242691726419796664575181359338974,14.5,9.4,42,2.5,62.62,28681.8,4225
115562031,GB / Wolv 20th Sep,5f Hcap,20-09-2014 17:50,5444179,First Rebellion,0,5.2,5.6154709528464201665094245077218524027,8.72803226679884741573504129817336562887,10.5,4.8,800,3,3552.44,73233.74,4853.7
115562031,GB / Wolv 20th Sep,5f Hcap,20-09-2014 17:50,7535706,Little Briar Rose,0,30.115233935477775,27.999923966897581091389025035379590871,19.3021419724502194008211915581005488326,36,11.5,1000,85,128.2,5348.8,242.12
115562043,GB / Wolv 20th Sep,7f Hcap,20-09-2014 20:50,7699540,Slingsby,0,4.7,4.28560719036859201591914356873747475336,7.92702645502978895411514152834847795186,7.2,4.6,730,2.02,63.48,78796.78,10022.46
115562033,GB / Wolv 20th Sep,6f Hcap,20-09-2014 18:20,7559946,Dynamo Walt,0,13,11.5289006638828441969921424107090199917,9.25097922473424646336350203591489293978,14,8.4,730,6.2,2472.46,17411.46,1279.9
115562033,GB / Wolv 20th Sep,6f Hcap,20-09-2014 18:20,5720867,Chapellerie,0,5.624143191741625,5.38465913799817131518888199125981406103,4.66964336501223824971793730342187452299,5.9,4.6,1000,5.7,456.88,72016.96,1417.98
115562035,GB / Wolv 20th Sep,6f Sell Stks,20-09-2014 18:50,665734,Diminutive,0,36.104721675,27.0763746872472214092359116624721564345,14.1319375973867722977327844916234113508,42,21,390,26,20,5737.98,356.8
115562035,GB / Wolv 20th Sep,6f Sell Stks,20-09-2014 18:50,8780617,Excelling Oscar,0,235.68011646084489,153.887759659331130363806298670060124139,1,340,100,340,95,0,1253.64,49.98
115562037,GB / Wolv 20th Sep,1m4f Hcap,20-09-2014 19:20,4864971,Tapis Libre,0,7.378819688844086,7.70543562234981780238561673284611159166,7.65854612087774236770026297177343946608,11.5,7,730,6,207.9,45049.86,2231.54
115562037,GB / Wolv 20th Sep,1m4f Hcap,20-09-2014 19:20,7551437,Gentlemax,0,76.13106859,50.241214788514000284935814574693603669,30.4619562738965867333590950439109156848,70,24,1000,4.4,95.66,2870.02,1319.44
115562039,GB / Wolv 20th Sep,1m Mdn Stks,20-09-2014 19:50,818291,Belgrade,1,2.991372802352389,2.58806329604801073633440721814242034539,2.52258901605722827803296162018693307192,3.05,2.02,19,1.01,2657.1,378815.1,72635.68
115562039,GB / Wolv 20th Sep,1m Mdn Stks,20-09-2014 19:50,8854090,Funtime Barry,0,46,36.8936868323544141361190573380462544182,34.460387774394027975551524655653675165,120,30,1000,46,38.12,6510.86,189.22
115562039,GB / Wolv 20th Sep,1m Mdn Stks,20-09-2014 19:50,8854091,Sea of Heaven,0,38,39.6372651949830658377353657463744506638,34.6863861411488334818000943754804556768,65,32,1000,20,48.06,8110.06,440.78
115562041,GB / Wolv 20th Sep,1m1f Hcap,20-09-2014 20:20,6990640,Henry The Aviator,0,69.68077105129487,34.6262951472721691048039745222322831226,24.6351726965551791796279781721333596266,70,24,400,50,94.64,6053.16,238.72
115562041,GB / Wolv 20th Sep,1m1f Hcap,20-09-2014 20:20,7562562,Wahgah,0,6.2,5.23674983995442357518842056103133478472,4.72769487006086960903331455953996299472,6.4,4.1,1000,5,1377.62,152946.7,4584.64
115562041,GB / Wolv 20th Sep,1m1f Hcap,20-09-2014 20:20,5600338,Spiritual Star,0,14,12.2489494970090027897436725059282423101,10.2743573030180097979374606123448217872,20,12,730,2.06,249.3,19780.58,3188.34
115562045,GB / Wolv 20th Sep,7f Hcap,20-09-2014 21:20,8714170,Moojaned,0,63.693972406331454,39.8615058827795142998204612106763700916,22.2181352028384284999106534716237264682,70,19.5,1000,30,60.8,5850.62,425.74
115562045,GB / Wolv 20th Sep,7f Hcap,20-09-2014 21:20,8753816,Heinrich,0,3.353723841730316,3.7566590907185631744729246205173575004,6.00841889776960729616344998513413462958,8,3.15,730,2.98,916.36,163258.74,8739.04
115539187,GB / Ayr 20th Sep,1m Nursery,20-09-2014 13:30,8698309,Sir Chauvelin,0,7,6.96862957972372199718706217322173781426,7.16490913300832144470052411352101861138,8.8,6.4,300,2,6598.18,64788.04,13898.16
115539189,GB / Ayr 20th Sep,6f Grp3,20-09-2014 14:05,8492629,Lady Desire,0,13.5,10.7923012829359128372455485301792618272,10.839306155770248585968929898097654999,14,9.25,1000,12,5415.28,39346.14,1128.56
115539189,GB / Ayr 20th Sep,6f Grp3,20-09-2014 14:05,8513415,Parsley,0,12.565363895701013,10.839500082290801626669446402428779094,13.1845838438654704845621703967555694663,15,10.5,1000,1.34,591.34,20108.94,11855.52
115539191,GB / Ayr 20th Sep,6f Hcap,20-09-2014 14:40,5003032,Ansaab,0,34,28.4985143041679069952875184190721644371,53.8822108005005889930147460700825812817,65,29,36,34,474.4,12373.48,161.06
115539191,GB / Ayr 20th Sep,6f Hcap,20-09-2014 14:40,5213541,Trojan Rocket,0,131.07346756121257,95.5128331184502578181141479811850567966,124.108369998718066535642304209201878571,250,85,210,160,306.66,3963.78,19.4
115539191,GB / Ayr 20th Sep,6f Hcap,20-09-2014 14:40,5581577,Mehdi,0,16.959621061,15.0433650219822991688066985804480849891,18.129997160253964877987849489410441314,19.5,15,150,2.04,3043.98,38838.26,6502.98
115539191,GB / Ayr 20th Sep,6f Hcap,20-09-2014 14:40,5754810,Foxtrot Romeo,0,16.896762245135875,14.5171667816960562090823027170900286213,16.3993526314431555181461509492468710941,18.5,12,970,3.5,2899.22,27246.02,3718
115539191,GB / Ayr 20th Sep,6f Hcap,20-09-2014 14:40,6516194,Huntsmans Close,1,9.7480308532816,10.6047974593130454030636031539064109546,12.3445070194886157581548603467909043058,13.5,9.4,10.5,1.01,12336.2,95104.02,76415.64
115539191,GB / Ayr 20th Sep,6f Hcap,20-09-2014 14:40,6350139,Tatlisu,0,22.83149863371586,16.4909408500581511194118376787329192792,18.1402562251034342012225368921514107014,27,13,1000,23,3941.5,32888.12,502.68
115539193,GB / Ayr 20th Sep,1m2f Listed,20-09-2014 15:15,7452795,Mutatis Mutandis,0,10.058014520443685,11.2117452392239082387148251616862709594,16.0998368860238252691934315512704579155,17.5,9.6,1000,7.4,1644.98,45825.28,4221.12
115539195,GB / Ayr 20th Sep,6f Hcap,20-09-2014 15:50,298803,Barnet Fair,0,29.779999559735003,26.3518661111352102171745337056613614094,27.8298987904714528860979759698552156909,38,23,28,16,6540.08,34033.58,569.62
115539195,GB / Ayr 20th Sep,6f Hcap,20-09-2014 15:50,4812669,Alben Star,0,22.081099844,18.644930782407435667393779234676243999,20.4594598276627412960211408421764763397,27,11,160,17,17344.12,65710.3,976.3
115539197,GB / Ayr 20th Sep,1m Hcap,20-09-2014 16:25,5433787,Two For Two,0,10.5,9.12236602183685681328639554483956616657,13.3400751694541493937856515160873690559,14.5,8.2,1000,2.02,1141.98,52807.28,15000.14
115539199,GB / Ayr 20th Sep,7f Hcap,20-09-2014 17:00,6597859,George Rooke,0,11.404186599883396,9.22202375468847462736468236820726558919,9.93341847964902294180650232056629652489,12,8.3,1000,3.8,2219.4,36773.34,5788.48
115539201,GB / Ayr 20th Sep,1m5f Hcap,20-09-2014 17:35,4895949,Buthelezi,1,3.911270809,3.7137539891452162947669301095658695336,3.78461881628064443461324444399042408464,4.3,3.35,34,1.01,4242.98,213375.72,79028.66
115539903,GB / Newb 20th Sep,7f Mdn Stks,20-09-2014 13:20,8853535,Grass Roots,0,36,28.8097481056304164876048224910715877911,13.7701258858024835085263285705703207352,36,18,1000,34,146.84,2806.32,342.2
115539909,GB / Newb 20th Sep,1m2f Hcap,20-09-2014 14:55,7437560,Roseburg,0,6.2,5.92714910146379414306361455064816638058,6.71963090487330532157927053660938863142,7.21,5.8,900,5.5,21793.5,158400.22,11301.16
115539909,GB / Newb 20th Sep,1m2f Hcap,20-09-2014 14:55,7648870,Arab Dawn,0,8.185322927,7.29850826105178354606038378998601279587,7.55555401869329792389262641219158899998,8.2,6.83,1000,3.7,4209.76,59550.42,7566.4
115539915,GB / Newb 20th Sep,7f Mdn Stks,20-09-2014 16:40,8853548,Purple Rock,0,14.32132149882485,13.6789576400999977051692394354294207316,15.4640773343004889652233827917957775614,18.5,13.5,790,8,41.38,12720.5,2215.72
115539915,GB / Newb 20th Sep,7f Mdn Stks,20-09-2014 16:40,8750378,Kyllarney,0,109.36294788818877,86.7387745308161149115412511591423633629,69.7743585896792374714099023120641582908,200,70,1000,95,14.52,3239.64,218.18
115539917,GB / Newb 20th Sep,7f Hcap,20-09-2014 17:15,8554945,Debit,0,4.766863383478414,4.13695570414343524913949595811601230193,3.57314742665916416172127856333928503825,4.9,3.4,1000,3.6,1011.74,135416.36,7585.62
115561943,GB / Newm 20th Sep,6f Hcap,20-09-2014 16:50,6778626,Charter,1,4.507468545748997,5.21869463038287690280769795393783782658,7.0712276121517111329807761309036768918,7.8,4.4,48,1.01,2418.7,180006.5,69053.04
115561945,GB / Newm 20th Sep,1m4f Hcap,20-09-2014 17:25,5908427,Yojojo,0,40,31.7816909581960985671534680273772153008,21.9296937959424831005600760671711445759,38,19,1000,23,604.22,10163.18,702.8
115561947,GB / Newm 20th Sep,1m Hcap,20-09-2014 17:55,7546028,Master The World,0,4.781483775,4.71564030407028042474772745934137358962,6.79722546600006000822848659651466138907,6.34,4.1,890,2,916.5,103725.74,12420.62
115561933,GB / Newm 20th Sep,1m Mdn Stks,20-09-2014 13:55,8760183,Spirited Acclaim,0,24.084138720545997,22.327783412226620938228764022305212318,24.2532318084370444555768363630357854719,30,17,1000,2.42,281.28,7931.6,8775.12
115561933,GB / Newm 20th Sep,1m Mdn Stks,20-09-2014 13:55,8853558,Toujours Lamour,1,37.17271026154203,41.0120096983992564435416247691725567612,40.1775748734111835728322080452805232116,60,30,900,1.01,102.84,3820.36,180387.98
115561937,GB / Newm 20th Sep,6f Stks,20-09-2014 15:05,8545939,Anastazia,0,56.57773593217152,62.5250098581466081856016112366906373324,58.7043541985508917867424013249617600477,95,26,1000,30,190.36,4139.94,511.86
115561939,GB / Newm 20th Sep,6f Stks,20-09-2014 15:40,8525611,Bossy Guest,0,5.6,5.79360209271833036454322085697877664489,4.83587285471088445777879530052049894774,6.4,4.8,1000,4.5,699.48,108166.72,7278.96
115561941,GB / Newm 20th Sep,2m2f Hcap,20-09-2014 16:15,6305392,Entihaa,0,14.14421573482512,11.8615884653771133660795045469505638017,8.50170932588908027790860053203327763194,14,6.73,1000,10.5,1365.7,32049.1,2088.54
115561941,GB / Newm 20th Sep,2m2f Hcap,20-09-2014 16:15,6615365,See And Be Seen,1,30,30.4682697951175704814537502551988171374,24.8386087601992116201620679264214077645,36.36,21.82,180,1.01,256.08,16525.68,49347.74
115561941,GB / Newm 20th Sep,2m2f Hcap,20-09-2014 16:15,6714639,Sir Frank Morgan,0,14.793585526469975,12.3916011946806307649247570751779376001,12.7668224640908231128713709300170524156,15,9.8,1000,10.5,628.7,46983.88,4632.82
115561997,GB / Catt 20th Sep,1m6f Hcap,20-09-2014 15:20,7756776,Mambo Rhythm,0,5.856690137818241,5.19456927830229385662512524726710822935,4.40635466957721930878724272137699952771,6,3.7,1000,4.5,1569.52,68812.96,12872.68
115561999,GB / Catt 20th Sep,7f Mdn Stks,20-09-2014 15:55,7401375,Mendacious Harpy,1,6.889941635315845,6.24728187282071013068025308010930272976,11.6027167390735299879618082010250882606,10.5,6,17,1.01,101.44,56071.38,66541.98
115562001,GB / Catt 20th Sep,1m4f Hcap,20-09-2014 16:30,6552776,Indira,0,4.5,4.11307534040513101403010002729859644442,4.88213120777081772566311061535224099881,5.3,4.2,1000,2.32,1159.34,112882.48,23942.36
115562003,GB / Catt 20th Sep,1m6f Hcap,20-09-2014 17:05,3991982,Walter De La Mare,0,18.75529741623948,16.8716002363032165872087903282956403885,9.827780580265878716883821650328600006,19.5,9.8,1000,16.5,209,7365.68,1429.66
115562003,GB / Catt 20th Sep,1m6f Hcap,20-09-2014 17:05,4063829,Stags Leap,0,14.75905624578241,15.6789251471359789759554990882760928562,22.5796948744161075679449046074425769441,25,13,1000,5.2,49.58,10465.68,3347.02
115562003,GB / Catt 20th Sep,1m6f Hcap,20-09-2014 17:05,4166392,Cool Baranca,0,12,11.8540837914981321982110013043781414577,13.9098622926173968339254650064752395115,13,10,1000,7.4,74.88,15790.38,3770.34
115562003,GB / Catt 20th Sep,1m6f Hcap,20-09-2014 17:05,28474,Triple Eight,0,11,9.88583309093492269435835943062274219632,9.89769222466376554356373786082738663371,11.5,7.8,100,1.12,43.18,23734.42,21300.06
115562003,GB / Catt 20th Sep,1m6f Hcap,20-09-2014 17:05,7041278,Impeccability,0,36.36474721085395,36.7324889598950906337443251117273655813,26.670681536861530788705755061421759554,44,28,1000,4.6,39.02,3505.42,2719.58
115562006,GB / Catt 20th Sep,7f Hcap,20-09-2014 17:40,6582463,Look On By,0,32,19.5700822556763666808884055567199534253,16.0493668976199314396466414343021894752,36,18,1000,65,65.16,12399.36,148.26
115562006,GB / Catt 20th Sep,7f Hcap,20-09-2014 17:40,7267924,Its All A Game,0,10.292934843,8.03074486472860066383805166893402753937,10.6059494949165833749410331319111755727,11.04,7.2,790,8,159.84,45733.84,1992.36
115562006,GB / Catt 20th Sep,7f Hcap,20-09-2014 17:40,5609923,The Blue Banana,1,11.5,9.63521025521695782168536412380435893577,11.5532275266490664822206668004640051109,13,8.2,12,1.01,478.56,27451.54,31890.8
115562009,GB / Catt 20th Sep,7f Hcap,20-09-2014 18:10,4935195,Benidorm,0,16,15.7534710380523660163126072459128642251,19.515356316389597544898242003165348179,25,13.5,1000,12.5,36,17421.04,740.02
115562009,GB / Catt 20th Sep,7f Hcap,20-09-2014 18:10,6823686,Tanawar,1,6.169354931202124,6.70001661171904518120068329997505347151,5.91548987502915322602938048956912797395,8.2,5.58,12,1.01,567.3,61399.12,49950.84
115562031,GB / Wolv 20th Sep,5f Hcap,20-09-2014 17:50,5492113,Lucky Mark,0,3.2,3.00930378397580909933981068395137905087,3.72937218260880577412683866788693865718,3.8,2.72,1000,1.82,702.84,219955.68,25184.22
115562031,GB / Wolv 20th Sep,5f Hcap,20-09-2014 17:50,3876623,Danzoe,0,13,12.1640031575139391232042720875214746063,10.3806333754161746680960158616285511377,14,9.2,1000,9.8,483.2,18526.84,775.96
115562033,GB / Wolv 20th Sep,6f Hcap,20-09-2014 18:20,4617704,Point North,0,11.5,8.83001122434742584740341347390139352966,6.73194570233515369882830302338002729166,12.5,6.2,1000,6.2,1285.7,38202.98,2014.84
115562035,GB / Wolv 20th Sep,6f Sell Stks,20-09-2014 18:50,8460395,Ar Colleen Aine,1,2.300316009,2.26928630716690110450862027129063473855,2.87860955615299142509793439043213254796,2.96,2.22,2.26,1.01,1342.92,300644.38,52794.18
115562035,GB / Wolv 20th Sep,6f Sell Stks,20-09-2014 18:50,8530906,Fazendas Girl,0,18.1521969555493,14.2073277209273440305744251248134166744,13.9988120073076865633292754763425418588,19,13.5,730,24,3.16,9495.14,446.66
115562037,GB / Wolv 20th Sep,1m4f Hcap,20-09-2014 19:20,36584,Southern Cross,0,14.698145567,12.5133767948010151622456483520087792594,6.40638266195570194620544959934493525967,16.5,5.9,1000,6,861.24,23787.86,2432.18
115562039,GB / Wolv 20th Sep,1m Mdn Stks,20-09-2014 19:50,8628324,Indelible Ink,0,4.1,4.24330589308159301051999848897674673759,4.98854323942966259602244737365088900429,6.6,4,1000,1.3,569.86,98522.32,16078.76
115539187,GB / Ayr 20th Sep,1m Nursery,20-09-2014 13:30,8606916,Jumeirah Glory,0,6.811818312642843,6.48239663146565125627714504374660212123,5.64651139435834056831197428466085972743,8,5.2,1000,1.59,1885.66,56198.04,16091
115539187,GB / Ayr 20th Sep,1m Nursery,20-09-2014 13:30,5561186,Alans Pride,0,9,8.85553078366748113382144527973173050663,12.3853353551180420874927380510982685839,15.5,8.6,340,2.64,1903.86,19266.18,8273.78
115539187,GB / Ayr 20th Sep,1m Nursery,20-09-2014 13:30,8513416,Sculptured,0,32,26.8991103964590781769975047996662761633,27.7428652320688806788387680045021519078,42,24,230,5.1,430.4,8672.64,1989.74
115539187,GB / Ayr 20th Sep,1m Nursery,20-09-2014 13:30,8603830,Chadic,0,10.5,9.97526511967572470873151562102634791403,10.8001005985242127015928052344513461064,12,10,770,11,780.46,20138.4,1072.36
115539189,GB / Ayr 20th Sep,6f Grp3,20-09-2014 14:05,38930,Effusive,0,12.64060987663077,10.1854155552920091051429820851021689332,11.3769534579545578633497684959335875119,13.56,9.6,1000,8,1867.68,38809.08,1215.56
115539191,GB / Ayr 20th Sep,6f Hcap,20-09-2014 14:40,5754814,Yeeoow,0,33.352218042,28.0458178279367864967681805356743039586,41.1773103656430836978010650540887832162,46,26,36,36,926.88,14759.82,104.2
115539191,GB / Ayr 20th Sep,6f Hcap,20-09-2014 14:40,7033699,Repetition,0,79.59469118359688,38.7433146447615107722159395658923148773,85.3049949134350116271823157388822912718,120,55,270,110,426.82,10133.68,49.42
115539191,GB / Ayr 20th Sep,6f Hcap,20-09-2014 14:40,6380844,Newstead Abbey,0,44.60146792287125,30.3523840041953218104747651032599792295,31.7135169242255926252491503693326581959,55,26,1,1001,1016.36,9173.92,117.14
115539193,GB / Ayr 20th Sep,1m2f Listed,20-09-2014 15:15,5896210,Treasure The Ridge,0,16.098828685450638,12.1956857119059593960428605468752239518,17.0270089522889757284492001529740558866,26,12,1000,12,2147.78,33789.36,2428.28
115539193,GB / Ayr 20th Sep,1m2f Listed,20-09-2014 15:15,6812742,Sky Hunter,1,3.632977714,3.31957528381903422407236756229659978498,3.22200075825482568749397387930512724277,4,2.88,14,1.01,21085.18,408426.62,92932.22
115539195,GB / Ayr 20th Sep,6f Hcap,20-09-2014 15:50,3969918,Mass Rally,0,43.2292142885254,28.0667690952095364239245235476916508398,19.2707082764969519008935025345947333541,50,16,900,34,7804.56,31992.24,207.92
115539195,GB / Ayr 20th Sep,6f Hcap,20-09-2014 15:50,4256985,An Saighdiur,0,31.576985657199554,26.1686808696907395222348565894933567992,29.2011857813592034571961533764696541068,42,19.5,480,8.4,2994.36,33612.28,2108.12
115539195,GB / Ayr 20th Sep,6f Hcap,20-09-2014 15:50,6589826,Heavens Guest,0,14.315975212532901,17.9407279082286925263496210396000348506,26.8526762137640898357380489338715624539,40,13.5,16,6.4,10466.46,59910.32,3018.8
115539197,GB / Ayr 20th Sep,1m Hcap,20-09-2014 16:25,7327216,Ticking Katie,1,14.785621368771242,12.0688290177512311662400276442460530079,14.2448580622321106197723465806227069079,17.5,12,14.5,1.01,771.38,21962.7,51773.94
115539199,GB / Ayr 20th Sep,7f Hcap,20-09-2014 17:00,2485518,Silver Rime,0,30.606297190590855,33.84189648052227977570724033754263974,24.8562669827088876189743464221088301459,46,23.99,480,30,160.6,9771.74,778.4
115539201,GB / Ayr 20th Sep,1m5f Hcap,20-09-2014 17:35,7664395,Thorntoun Care,0,8.6,8.48599072721966865833057147915707199611,12.0995148546076565037401289527621985664,12.5,8.4,110,1.26,271.44,39718.56,29355.4
115539201,GB / Ayr 20th Sep,1m5f Hcap,20-09-2014 17:35,5882822,Dark Ruler,0,5.233711613416519,5.04288697674772766558688621032161826995,6.7749094247239424204432415533951450638,7.2,5.1,800,2.46,1090.08,86174.22,19552.1
115539201,GB / Ayr 20th Sep,1m5f Hcap,20-09-2014 17:35,4729595,Lexington Bay,0,16.680333296580535,13.0776655341981297713678553236123553193,11.5046486771941346996371202240061155136,19,9.12,1000,6,416,19292.3,2822.12
115539905,GB / Newb 20th Sep,1m3f Grp3,20-09-2014 13:50,5586639,Beacon Lady,0,30,31.0332604371259599930519504898198359793,30.2773775547211332411875131099159450059,50,22,1000,32,2128.46,19061.44,1091.16
115539905,GB / Newb 20th Sep,1m3f Grp3,20-09-2014 13:50,5847693,Cubanita,0,6.6,7.28648696179536108409338542367610286371,9.03663161532880445397051283550543278488,9.4,6,1000,3.4,11504.52,100641.74,8746.08
115539905,GB / Newb 20th Sep,1m3f Grp3,20-09-2014 13:50,6513475,Hillstar,1,3.75,4.06778830899008732595909748118874094811,4.23840382578215326833884991046075705201,4.8,3.75,4.7,1.01,64363.6,417786.46,96172.42
115539907,GB / Newb 20th Sep,6f Grp2,20-09-2014 14:20,8706059,Toocoolforschool,1,5.8,6.17832199464697554400326977246691606384,8.32992462530218440088624228680232765031,10.87,5.3,5.4,1.01,8070.1,139640.98,74539.98
115539909,GB / Newb 20th Sep,1m2f Hcap,20-09-2014 14:55,5630731,Spirit Of The Law,0,35.707727752626084,27.9834452326916347316112416577020546795,22.3298351416814023860575757989669366908,38,20,1000,2.54,731.82,10134.2,6345.84
115539909,GB / Newb 20th Sep,1m2f Hcap,20-09-2014 14:55,5927477,Nicholascopernicus,0,25.518889133802148,20.2625574790304261074605769701390570484,24.7324471661007686123589346803638333843,32.37,20,1000,25,709.26,12060.12,717
115539909,GB / Newb 20th Sep,1m2f Hcap,20-09-2014 14:55,6869857,Stepping Ahead,0,31.171740661753518,19.2968299668601980873462819645052935057,20.6691861991403674880326626319936456907,32.22,15,1000,13,1908.88,18109.9,2148.22
115539909,GB / Newb 20th Sep,1m2f Hcap,20-09-2014 14:55,7424853,Ventura Quest,0,65,56.1059344104034949885608086229233393328,69.58631617324925627899535081694995831,165.58,42,1000,20,290.12,6121.72,628.66
115539913,GB / Newb 20th Sep,7f Nursery,20-09-2014 16:05,8528927,Silver Quay,0,2.5,2.52266218029214496858244973312407229972,3.64000637965451919303788231696554792585,3.87,2.42,1000,1.71,1658.36,454794.78,48499.66
115539915,GB / Newb 20th Sep,7f Mdn Stks,20-09-2014 16:40,11381,Who Dares Wins,0,15.5,12.0981790549435633498335391339010094545,19.1339856026260412300497093843592052814,18,13,1000,11,13.16,17978.42,1301.76
115539917,GB / Newb 20th Sep,7f Hcap,20-09-2014 17:15,7767234,Conflicting,0,20.229524119828632,20.1326695724620029906146806618551857297,17.3916449172548496693639932619273424816,27,15,1000,11,102.52,19413.4,1371.32
115565928,GB / Newb 20th Sep,1m PA Hcap,20-09-2014 12:50,4819195,Ambrose,0,6.761508851826657,6.68072250615236728725380900329397135869,5.87941754020646504719305225780782612606,7.4,6.4,1000,44,24.8,2871.08,289
115561943,GB / Newm 20th Sep,6f Hcap,20-09-2014 16:50,2991495,Light From Mars,0,14.308953763431639,17.2428351046346078276718745364108731307,18.0659955964457572522957472701711803714,20.64,14,1000,18,88.06,11943.36,614.46
115561943,GB / Newm 20th Sep,6f Hcap,20-09-2014 16:50,3804145,Corporal Maddox,0,18.521185875835002,15.6962288012472718604716489638881401423,16.1961494473201657580233203889587874017,20,12,1000,19,99.44,16735.38,439.44
115561945,GB / Newm 20th Sep,1m4f Hcap,20-09-2014 17:25,5876501,Headline News,0,13.9740937835299,12.8491405362476143856733274698345093572,12.3340507906968279475730647692796490738,16,8.8,790,4,675.68,31769.94,6950.1
115561945,GB / Newm 20th Sep,1m4f Hcap,20-09-2014 17:25,6561389,Kikonga,0,6.213198800505269,6.7667870771985481469160505063271243089,9.63636459228355342391914116135888079845,12,5.6,1000,5.1,1039.74,93593.06,5502.34
115561947,GB / Newm 20th Sep,1m Hcap,20-09-2014 17:55,5885574,Energizer,0,9.711393041448208,9.02800392870922970477710793807024950758,13.3424026299334760403515064959198713115,14.03,8.2,800,10,415.82,56446.46,1262.38
115561933,GB / Newm 20th Sep,1m Mdn Stks,20-09-2014 13:55,8853553,Al Nofor,0,7,7.06417553915943550552445655878119670241,7.70815760471918782786643502746410515172,9.2,6.2,1000,3.6,1419.22,45785.78,5384.06
115561935,GB / Newm 20th Sep,1m Mdn Stks,20-09-2014 14:30,8853561,Sylvette,0,26.258449584,24.9249979775606661053198138978517180974,13.9629005348779214072266759295240951479,32,14,800,18,419.54,12380.74,1454.3
115561937,GB / Newm 20th Sep,6f Stks,20-09-2014 15:05,8648370,Hundi,0,5.445320785,5.12119949240712896171329103204069297263,4.92651068462045773853044577928345600775,7,4.5,1000,2.12,4252.2,69142.9,19475.44
115561941,GB / Newm 20th Sep,2m2f Hcap,20-09-2014 16:15,1390715,Big Easy,0,19,19.196595827974825969443617150641938488,14.2341324893599578173492398605214845986,25.45,13.18,800,1.04,467.14,14887.62,26853.16
115561995,GB / Catt 20th Sep,7f Nursery Hcap,20-09-2014 14:45,8645246,Fast Charlie,0,6.77970705793141286,6.33809375192706839092377031103366067681,5.07580951767047644335227707271363421161,7.22,4.51,1000,8.6,337.66,54761.84,2172.66
115561999,GB / Catt 20th Sep,7f Mdn Stks,20-09-2014 15:55,7284195,Irondale Express,0,3.7,3.79360453827641173612787540002696125992,4.76165227419264882571627749380533573306,4.6,3.6,1000,4.9,287.34,92139,4964.9
115562001,GB / Catt 20th Sep,1m4f Hcap,20-09-2014 16:30,4820153,Al Furat,0,53.56699480446039,35.3058336808467823153864193367762094556,22.8340920460093312200288954462454532474,70,18,1000,40,568.62,7478.74,780.14
115562001,GB / Catt 20th Sep,1m4f Hcap,20-09-2014 16:30,7565875,Flying Cape,0,8,7.6121676371432646267457378115520536146,15.1155612350260474497043304088126707963,16,7.6,1000,5,221.62,35803.06,5587.8
115562001,GB / Catt 20th Sep,1m4f Hcap,20-09-2014 16:30,6363330,Poetic Verse,1,10.5,8.9532992564112474698752067362972334502,5.38425787499411144397434131885817912669,11,5.6,11,1.01,579.22,28616.4,68672.86
115561993,GB / Catt 20th Sep,6f Mdn Stks,20-09-2014 14:10,8716970,My Specialbru,0,19.70188823814616,15.164418299290485705548695923583369095,20.9025277727269619873072560125944522875,23,14.5,1000,15.5,81.74,10395.72,1367.4
115561993,GB / Catt 20th Sep,6f Mdn Stks,20-09-2014 14:10,8752478,Juncart,0,7.034661617267046,7.06954665872506524761047963082167223223,13.2610176569945637133358113282207762278,14.5,6.6,1000,2.18,788.92,40523.76,15996.72
115562003,GB / Catt 20th Sep,1m6f Hcap,20-09-2014 17:05,4754870,Waltz Darling,0,14,14.0044615923964690074172557440014779496,19.7029166095188782609602805005372935875,16,12.5,1000,14.5,49.5,6682.9,1200.16
115562031,GB / Wolv 20th Sep,5f Hcap,20-09-2014 17:50,3767988,Your Gifted,0,13.5,12.8312856528292678653985021927101948469,9.62755389962211846351408150171898357464,15,9,1000,15,1523.5,17960.96,479.78
115562043,GB / Wolv 20th Sep,7f Hcap,20-09-2014 20:50,8489466,Miss Moppet,0,19.941604516269592,13.6987921205178448872609813436025813025,10.8469762545265942955610133368424792332,22,10.35,1000,14,207.88,16922.56,496.66
115562033,GB / Wolv 20th Sep,6f Hcap,20-09-2014 18:20,7809562,Ashkari,0,8.000696959751075,9.07168480295447586946479602899513608035,10.6698149297894068054074086501650555304,11.5,7.8,1000,4.5,189.84,33955.18,4436.96
115562037,GB / Wolv 20th Sep,1m4f Hcap,20-09-2014 19:20,5860970,Excellent News,0,125.341205769,90.0680490297767123018898928838746827917,44.8184288504383876375005460904493711072,150,60,220,36,13.72,1721.78,432.76
115562045,GB / Wolv 20th Sep,7f Hcap,20-09-2014 21:20,7208941,Caledonia Laird,0,39.66316569789893,24.4943331083177834833354607925654806599,12.3487917132168506519572593533173500366,40,16.5,1000,18,145.88,8947.84,825.04
