EVENT_ID,MENU_HINT,EVENT_NAME,EVENT_DT,SELECTION_ID,SELECTION_NAME,WIN_LOSE,BSP,PPWAP,MORNINGWAP,PPMAX,PPMIN,IPMAX,IPMIN,MORNINGTRADEDVOL,PPTRADEDVOL,IPTRADEDVOL
183045627,USA / Charles Town (US) 06th May,R3 5f Claim,07-05-2021 00:57,2152999,Wizard Of Odds,0,82.9086751195695,60.1473725629699446590088727303627843589,1,65,60,1,1001,0,93.52,7.74
183045626,USA / Charles Town (US) 06th May,R2 5f Mdn,07-05-2021 00:30,39381757,Mackenzies Music,1,2.64,1.68764090993168026822500626297886495592,1,2.78,2.6,1,1001,0,7541.88,1741.3
183045626,USA / Charles Town (US) 06th May,R2 5f Mdn,07-05-2021 00:30,39381758,Fiona Bella,0,3.615423575438908,2.59906788388097739388627339038823797608,1,3.75,3.6,1,1001,0,2765.38,166.34
183045626,USA / Charles Town (US) 06th May,R2 5f Mdn,07-05-2021 00:30,50678,Just Ask Me,0,34,30.6758523468148707878899611178801380447,1,34,28,1,1001,0,276.98,7.95
183004216,USA / Penn National (US) 05th May,R9 6f Claim,06-05-2021 02:28,21777283,Moochie Man,0,1.65,.87568068001513867716172921828665769951,1.91034749628809034749628809034749628809,2.44,1.66,11.5,11.5,12998.7,10165.7,876.86
183004216,USA / Penn National (US) 05th May,R9 6f Claim,06-05-2021 02:28,24625887,Jasper K,0,6.284165293728293,5.04339198723558850098654561476271478087,4.25897422330484785560258765274339110295,1,1001,1,1001,2003.36,797.76,963.84
183004214,USA / Penn National (US) 05th May,R7 1m Claim,06-05-2021 01:36,36402081,Unoquatrosiete,0,12,9.00554381051914898405545966083244425819,10.5992715558173360099049175992595352863,9.2,9.2,24,24,831.91,525.08,108.59
183004218,USA / Penn National (US) 05th May,R11 6f Claim,06-05-2021 03:20,18994850,Bank Rollin,0,16.5,8.67243056118382390810426019358536731098,10.3726850507982583454281567489114658926,1,1001,1,1001,344.5,247.3,21.02
183004218,USA / Penn National (US) 05th May,R11 6f Claim,06-05-2021 03:20,20012867,A Little Flattered,0,6.047085581753752,5.9282959236214384893734673483344514328,5.84332243715036732493091595335984363416,8.6,5.6,1,1001,1186.96,826.86,20.7
183004215,USA / Penn National (US) 05th May,R8 6f Mdn Claim,06-05-2021 02:02,39372631,Miracles Sunshine,0,109.66818270511925,47.0100882792593983176074786156677964148,33.9756155868993545302414535022710972986,42,42,1,1001,83.66,19.54,16
183004213,USA / Penn National (US) 05th May,R6 6f Mdn,06-05-2021 01:10,37368062,E Ts Deuces Wild,0,12.5,11.688833528695765641048688181993142136,13.1056835398107506774363902379901133245,17.5,10.5,1,1001,1155.09,976.26,178.83
183044386,USA / Belmont Park (US) 06th May,R2 6f Mdn,06-05-2021 20:38,39381739,Big City Momma,0,6.885504492535255,4.41170329176794438564618976074517268813,1,6,5,1000,1000,0,13390.92,129.51
183044389,USA / Belmont Park (US) 06th May,R3 1m1f Allw,06-05-2021 21:09,38004799,Bingo John,0,4.7,4.08522610227521696832257826624245752951,6.26959330858277746988992424706813263125,8.2,4.4,80,4.6,12.46,4772,1119.46
183044395,USA / Belmont Park (US) 06th May,R5 1m Claim,06-05-2021 22:13,35809998,Advance Notice,0,1.5149966605112968,.676125334226896032987463246736015588523,1,1.79,1.55,310,1.4,0,45379.64,4132.5
183044383,USA / Belmont Park (US) 06th May,R1 6f Claim,06-05-2021 20:05,350133,Tap The Barrel,0,8.6,9.09374332844060367461914459487180274451,1,10.5,8.4,820,480,0,2099.08,390.54
183044401,USA / Belmont Park (US) 06th May,R7 7f Claim,06-05-2021 23:15,23135075,Dublinornothin,0,9.686478834869343,7.80461042426556211708120038754152785962,1,12,6.8,1,1001,0,2861,170.59
183044401,USA / Belmont Park (US) 06th May,R7 7f Claim,06-05-2021 23:15,25029468,Ifihadachance,0,19.074283281899987,16.5428887522438783452904011741924162244,1,20,13.5,13,13,0,652.16,206.96
183044398,USA / Belmont Park (US) 06th May,R6 1m3f Mdn,06-05-2021 22:43,36800079,Proven Innocent,0,9.11825522,8.57294337068183362988965388325828304862,1,14,9,1,1001,0,3737.86,74.82
183044398,USA / Belmont Park (US) 06th May,R6 1m3f Mdn,06-05-2021 22:43,36326906,Tiz Tact Toe,0,17.238215279857975,18.5241133451709470673740525002274487767,1,29,18,500,500,0,719.03,28.28
183044407,USA / Belmont Park (US) 06th May,R9 6f Claim,07-05-2021 00:15,28618038,Zerenia,0,3.9115110896598697,3.25992080429989850005733076897113668525,1,4.5,3.7,1000,1000,0,3064.16,190.45
183044407,USA / Belmont Park (US) 06th May,R9 6f Claim,07-05-2021 00:15,856376,Magical Romance,0,85,57.0728769869476388182346390604453228542,1,85,38,1,1001,0,119.3,60.32
183004500,USA / Evangeline Downs (US) 05th May,R8 6f Claim,06-05-2021 02:59,19297448,Young Hendrick,0,30.02063720069826,18.594840900121882274747728617282815583,21.6732979664014146772767462422634836428,20,17.5,700,700,180.96,107.16,9.94
183004500,USA / Evangeline Downs (US) 05th May,R8 6f Claim,06-05-2021 02:59,26601274,Kensleys Hippie,0,24.95888502068352,16.6362265721600914612563110634712075977,15.8223870244891426132422771167902683669,26,13,1,1001,749.72,625.22,6.08
183004499,USA / Evangeline Downs (US) 05th May,R7 6f Allw Claim,06-05-2021 02:32,6296857,Misty Day,1,1.6997533251699903,.770870170949632100812700072573603684287,1.46943596335193352664538609615244036161,1.75,1.75,1.94,1.02,6566.24,2979.48,1986.44
183004499,USA / Evangeline Downs (US) 05th May,R7 6f Allw Claim,06-05-2021 02:32,21551441,Four Princesses,0,19,18.7173089764015066287953785845629881947,14.6915678363288095529200798793658556466,1,1001,1,1001,245.37,137.64,6.25
183004496,USA / Evangeline Downs (US) 05th May,R4 1m1f Claim,06-05-2021 01:11,28620704,High Cruise,0,5.276037748893868,4.35952599664328822185563241966837144956,5.61430498140920533013094385810951248239,5.6,5.1,550,550,2165.05,1454.38,98.55
183004496,USA / Evangeline Downs (US) 05th May,R4 1m1f Claim,06-05-2021 01:11,13238419,Pinch Assault,0,40,35.1581872709472775148576216669642947252,26.4259597806215722120658135283363802559,42,32,1,1001,251.62,150.8,21.86
183004498,USA / Evangeline Downs (US) 05th May,R6 1m Claim,06-05-2021 02:05,36050703,Heart That Binds,0,17.890124253,10.1356106882508250014587467723286730409,10.6392172979729362534644856257812075431,16,9,1,1001,1472.08,1258.06,88.1
183004498,USA / Evangeline Downs (US) 05th May,R6 1m Claim,06-05-2021 02:05,27568380,Mi Lia,1,8.30918166638585,4.06819045930029988476770275888879710522,4.17761117067528893316336437236709918702,8.6,3.35,1.01,1.01,11845.3,8980.36,2589.98
183044487,USA / Evangeline Downs (US) 06th May,R3 1m1f Claim,07-05-2021 00:44,10006072,Crimson Feline,0,19.290411616854833,22.0095235775028504167049894690865961569,1,32,19.5,650,650,0,585.4,5.67
183044485,USA / Evangeline Downs (US) 06th May,R1 6f Allw,06-05-2021 23:50,37694947,Clearly Sailing,0,12,9.61043039889927104103039592718812248849,1,12.5,9.6,1,1001,0,807.86,87.66
183044486,USA / Evangeline Downs (US) 06th May,R2 7f Claim,07-05-2021 00:17,25314206,Sailing Jett,0,9.4,7.34344279019696378063466156467208041324,1,8.72,8.72,1,1001,0,777.64,74.31
183045661,USA / Lone Star Park (US) 06th May,R1 5f Mdn,07-05-2021 00:35,23890690,Crimson Storm,0,14,12.0057734815708817611260851134919010709,1,15.5,11,1,1001,0,913.26,7.46
183045625,USA / Charles Town (US) 06th May,R1 7f Claim,07-05-2021 00:00,20553892,Dah Philly,0,70,39.8818944275670908849127034254768218884,1,55,27,1,1001,0,295.42,26.6
183045626,USA / Charles Town (US) 06th May,R2 5f Mdn,07-05-2021 00:30,38208253,Castles Tuffy,0,300,116.458964970068791172978372699278692406,1,300,40,1,1001,0,71.44,.51
183004216,USA / Penn National (US) 05th May,R9 6f Claim,06-05-2021 02:28,38192050,Cowtown Tapit,0,18,17.7653497013924383831942348350698997881,13.7052044453763891801216187880058712518,23,17,1,1001,619.97,302.38,160.07
183004217,USA / Penn National (US) 05th May,R10 6f Allw,06-05-2021 02:54,24817314,Ring The Bella,0,19.704449012,12.5852894702839516582315149146750119765,15.772625883758754605503369070933050088,16.5,11.5,720,30,602.54,536.9,65.64
183004217,USA / Penn National (US) 05th May,R10 6f Allw,06-05-2021 02:54,27782253,Commissioner Biggs,0,4.034579625,2.69518286787387542598728582640592255438,5.21657275198476953121166622506157937606,1,1001,120,120,1019.01,946.2,72.81
183004215,USA / Penn National (US) 05th May,R8 6f Mdn Claim,06-05-2021 02:02,37599455,Becca Bianca,0,2.859140852345372,1.90572839648601851326648712262990307211,2.9238114728333338847952036052371230896,3.05,2.48,1,1001,6044.54,4658.96,347.16
183004215,USA / Penn National (US) 05th May,R8 6f Mdn Claim,06-05-2021 02:02,37414617,Big Puma,0,60,47.125988442293319959978766231736095233,41.0798377786329593558509221159823569462,60,38,1,1001,337.81,228.08,15.37
183004215,USA / Penn National (US) 05th May,R8 6f Mdn Claim,06-05-2021 02:02,24547522,Diva Of Seville,0,22,19.1451610197970283329639507571677333577,15.755451146315064449473580635639082948,1,1001,26,26,406.52,156.28,153.98
183004213,USA / Penn National (US) 05th May,R6 6f Mdn,06-05-2021 01:10,37599470,Get Down Brown,0,5.628204593591509,4.36338529286328440832125046250371712503,5.54808046534173533688802714493456131847,6.2,5.8,1,1001,2434.34,1927.6,506.74
183044386,USA / Belmont Park (US) 06th May,R2 6f Mdn,06-05-2021 20:38,31425416,Steal My Sunshine,0,4.4,4.69615706474227677439341235006675428035,1,6.4,4.6,400,100,0,15617.92,486.08
183044389,USA / Belmont Park (US) 06th May,R3 1m1f Allw,06-05-2021 21:09,26641309,Too Early,1,5.928868395429454,4.77232932358313915709864880211986628251,1,6,5.7,1.01,1.01,0,1937.72,4748.98
183044383,USA / Belmont Park (US) 06th May,R1 6f Claim,06-05-2021 20:05,36616074,Lucky Sitka,0,9.8,6.57614288542779187668755423127959631458,1,10.5,5.2,690,80,0,5867.02,75.79
183044383,USA / Belmont Park (US) 06th May,R1 6f Claim,06-05-2021 20:05,38143833,Dramatic Twist,0,19.70062563044805,17.4860332947137503078947826748663911117,4.01837343209492662287545045170102777947,21,18.5,38,38,.18,1129.54,135.73
183044392,USA / Belmont Park (US) 06th May,R4 6f Mdn Claim,06-05-2021 21:40,36260510,Jordy Can Tap,0,42,37.3671309385292891738198483085630437802,1,46,34,1000,80,0,429.12,33.74
183044398,USA / Belmont Park (US) 06th May,R6 1m3f Mdn,06-05-2021 22:43,38021645,Summer Silence,0,9.63917705869528,9.11141382726916234447251825110826870447,1,10.5,7.2,1,1001,0,1887.82,92.14
183044407,USA / Belmont Park (US) 06th May,R9 6f Claim,07-05-2021 00:15,25679888,Ava Ks Girl,0,7.4,6.66037885584108456950569516440428447953,1,7.4,7.4,1,1001,0,1036.48,144.41
183044407,USA / Belmont Park (US) 06th May,R9 6f Claim,07-05-2021 00:15,5793500,Quasar,0,12.5,10.4191385798252212442582659617512837565,1,12.5,11.5,310,310,0,1154.22,46.44
183004500,USA / Evangeline Downs (US) 05th May,R8 6f Claim,06-05-2021 02:59,22094594,Lauriano,0,22.562582261748616,15.9188011754562085764268300110959022245,13.5761726222358252352896166500879944908,1,1001,1,1001,130.69,35.48,13.23
183004500,USA / Evangeline Downs (US) 05th May,R8 6f Claim,06-05-2021 02:59,25433580,Roses Galaxy,1,1.711362393671239,1.15636868234231366489754006250843300516,1.84196862341614826278861658575387235809,3.88,1.67,1,1001,9252.76,6101.08,1403.42
183004499,USA / Evangeline Downs (US) 05th May,R7 6f Allw Claim,06-05-2021 02:32,13400635,Tensas Thought,0,21.98987392270152,8.27475567388455033528310548988917460174,10.3974376510281311266128664569370355173,1,1001,55,55,438.66,214.24,73.36
183004496,USA / Evangeline Downs (US) 05th May,R4 1m1f Claim,06-05-2021 01:11,57282,Moment,0,7.697317692275536,7.12944006166082554184901183600097902618,6.17913725228531393874691399212650964169,8.4,8.4,1,1001,1198.96,698.74,108.28
183044485,USA / Evangeline Downs (US) 06th May,R1 6f Allw,06-05-2021 23:50,331204,Chelsea Bridge,0,11,7.50417183437534461421393024727238826497,1,9.4,8.6,60,60,0,1576.18,39.24
183044485,USA / Evangeline Downs (US) 06th May,R1 6f Allw,06-05-2021 23:50,28732708,Stephs Spirit,0,5.6753888682753155,4.8251660605752188901630382402291202868,1,6,5.6,2.84,2.84,0,2620.4,605.75
183045661,USA / Lone Star Park (US) 06th May,R1 5f Mdn,07-05-2021 00:35,39381751,Trooper Boone,0,37.87003807425498,26.3806749500169881326725784465943193309,1,1,1001,1,1001,0,105.38,20.46
183045625,USA / Charles Town (US) 06th May,R1 7f Claim,07-05-2021 00:00,15732438,Mackenzies Star,0,20.189510163511144,9.87297575002917009960845675615469607951,1,17,9,700,700,0,2230.48,19.44
183045625,USA / Charles Town (US) 06th May,R1 7f Claim,07-05-2021 00:00,20053959,Katies Bayou,1,11.551327273165807,10.1106694202369506447594124101352812772,1,12,11,1,1001,0,1057.66,2725.62
183045625,USA / Charles Town (US) 06th May,R1 7f Claim,07-05-2021 00:00,12299769,Catty Krys,0,75,46.5644493956165873112810887029287646339,1,65,38,1,1001,0,173.24,3.86
183004216,USA / Penn National (US) 05th May,R9 6f Claim,06-05-2021 02:28,25653063,Eyes Of Zeus,1,12.216853530483785,10.8981331011209825108963261592471747068,4.25090113577697470314919979349509550852,12.5,12.5,1,1001,2324.4,474.72,1711.22
183004214,USA / Penn National (US) 05th May,R7 1m Claim,06-05-2021 01:36,10191932,Honesta,0,85,27.3873190497591456401217389928921400913,26.4689735336194563662374821173104434907,55,32,710,710,223.68,126.96,24.46
183004214,USA / Penn National (US) 05th May,R7 1m Claim,06-05-2021 01:36,36442529,Love Is Strong,0,16,11.6824535506567202651958522348284815143,12.1728207748647196782097139787482148238,14.5,9.8,690,690,763.23,612.14,12.83
183004215,USA / Penn National (US) 05th May,R8 6f Mdn Claim,06-05-2021 02:02,39372632,Sweet And Macha,0,4.1,5.1993539967741011046946462022424648903,6.30441178693240499569249991183479351709,10.5,4.2,11.5,11.5,1984.91,1654.48,64.35
183044386,USA / Belmont Park (US) 06th May,R2 6f Mdn,06-05-2021 20:38,39023141,Artyistheparty,0,16,14.7148183625035000402950926270920807928,1,19.5,13.5,16.5,12.5,0,1573.36,112.28
183044386,USA / Belmont Park (US) 06th May,R2 6f Mdn,06-05-2021 20:38,39176179,Ms. Gucci Girl,0,205.22005676545749,183.95399511572456608349548642743701191,1,320,55,1000,420,0,278.79,6.75
183044395,USA / Belmont Park (US) 06th May,R5 1m Claim,06-05-2021 22:13,25395698,Dangerous Edge,1,8.370244564568859,5.69731713096409346275452405211458938497,1,7.6,5.2,6.2,1.11,0,4217.62,6634.16
183044383,USA / Belmont Park (US) 06th May,R1 6f Claim,06-05-2021 20:05,28554581,Overdressed,0,3.838405705775222,2.25241803555115486227881863475322409747,1,3.35,3,12,12,0,10158.74,556.68
183044383,USA / Belmont Park (US) 06th May,R1 6f Claim,06-05-2021 20:05,36246015,Bustinmygroove,0,19.5,13.9808094797728048631415308913530218714,1,22,12.5,1000,1000,0,1117.46,240.39
183044392,USA / Belmont Park (US) 06th May,R4 6f Mdn Claim,06-05-2021 21:40,39381740,Riding On A Winner,1,29.51040897340515,18.3302884772687451765142111824391367162,1,26,15,1,1001,0,792.3,4548.16
183044404,USA / Belmont Park (US) 06th May,R8 6f Allw Claim,06-05-2021 23:45,16350178,Dancingwthdaffodls,0,29,23.8876024224278705470752539791223882049,1,42,18,500,500,0,1162.42,9.03
183044398,USA / Belmont Park (US) 06th May,R6 1m3f Mdn,06-05-2021 22:43,36234721,Royale,1,5.1488802485453355,4.00485347290617520050383981389932588759,1,5.7,4.6,3,1.01,0,5605.2,4812.5
183044398,USA / Belmont Park (US) 06th May,R6 1m3f Mdn,06-05-2021 22:43,7978467,Gold Bear,0,38,35.3975315397645580332021347212101298922,1,55,34,1,1001,0,344.14,10.58
183004500,USA / Evangeline Downs (US) 05th May,R8 6f Claim,06-05-2021 02:59,10452299,Drock,0,22.98012889813632,16.2755802103922989892289627761298622794,10.819793080054274084124830393487109905,1,1001,1,1001,117.92,22.18,15.06
183004500,USA / Evangeline Downs (US) 05th May,R8 6f Claim,06-05-2021 02:59,21850775,Mucho Marvin,0,8.4,4.53689816292637070931388382572605588051,5.13364969801553062985332182916307161346,6,4.56,1,1001,950.38,789.54,20.14
183004499,USA / Evangeline Downs (US) 05th May,R7 6f Allw Claim,06-05-2021 02:32,13367365,Suckerforagrey,0,71.11726506777109,44.8326974362674796527971954383781167224,34.6611179253548274049413001577010688628,1,1001,730,730,114.14,32.26,2.02
183004499,USA / Evangeline Downs (US) 05th May,R7 6f Allw Claim,06-05-2021 02:32,23526972,Ameerah B,0,7.089675197799224,5.23742981761350115962442161614497099486,3.36679430083583438216026075450995578791,1,1001,1,1001,1239.48,398.06,490.78
183004497,USA / Evangeline Downs (US) 05th May,R5 6f Allw,06-05-2021 01:38,37730366,Steal It Back,0,58.387480098716914,27.7512326141992638792683193463666923028,28.6022624834290764471939902783915156871,36,19.64,1,1001,158.41,98.89,2.38
183004498,USA / Evangeline Downs (US) 05th May,R6 1m Claim,06-05-2021 02:05,24711311,American Rebel,0,4.150343361,4.51211865059401374396674615005423916889,5.10777277714604903544995710894328405849,7,5.6,1,1001,5012.7,4372.52,147.42
183044487,USA / Evangeline Downs (US) 06th May,R3 1m1f Claim,07-05-2021 00:44,15826318,Kodiak Sky,0,8.99533597778995,7.52799399875751787094998768792729509176,1,10.56,8.6,1,1001,0,1536.58,43
183044487,USA / Evangeline Downs (US) 06th May,R3 1m1f Claim,07-05-2021 00:44,19976138,Kris T.,0,5.9,4.14158370912302962778782422045466658296,1,7.1,4.42,1000,3.05,0,5002.48,226.57
183045661,USA / Lone Star Park (US) 06th May,R1 5f Mdn,07-05-2021 00:35,38009131,Khaki Jack,1,10.866953412536528,8.22706999541562973787574707397930789415,1,7.8,7.8,1,1001,0,500.7,1026.06
183045661,USA / Lone Star Park (US) 06th May,R1 5f Mdn,07-05-2021 00:35,38279516,Megatap,0,2.530081211620855,1.28496697779965454646832329719779646521,1,2.68,1.95,1,1001,0,6537.28,191.06
183045625,USA / Charles Town (US) 06th May,R1 7f Claim,07-05-2021 00:00,14246271,Tapete Claire,0,2.5124299531516954,1.54891506766798925820621148791180352057,1,2.82,2.2,1,1001,0,11082.42,605.43
183045625,USA / Charles Town (US) 06th May,R1 7f Claim,07-05-2021 00:00,20399512,Bird Traffic,0,2.4,1.80233579958459637272673739553345097063,1,3.2,2.38,4,3.5,0,11796.68,859.58
183045627,USA / Charles Town (US) 06th May,R3 5f Claim,07-05-2021 00:57,11757,Bourbon Street,0,2.0326095397958843,1.0505329510255376531266728833828593252,1.99991375743842093619425324565756203527,2.16,1.94,1,1001,4,37983.54,649.54
183004217,USA / Penn National (US) 05th May,R10 6f Allw,06-05-2021 02:54,27066170,Four Of Swords,0,16,6.5043215539186568514152941715660197237,10.9481277903663652884032934736275323626,1,1001,130,130,445.73,398.51,47.22
183004217,USA / Penn National (US) 05th May,R10 6f Allw,06-05-2021 02:54,38331885,Dollarization,0,18,6.29620492697535060568172643517093886413,15.2581967213114754098360655737704918033,1,1001,210,210,190.32,176.44,13.88
183004218,USA / Penn National (US) 05th May,R11 6f Claim,06-05-2021 03:20,21824295,Free Coffee,0,95.00890216218308,30.2863835733330781902552293689333029888,21.2231328599538027205064590640773376679,1,1001,1,1001,116.89,50.84,2.05
183004213,USA / Penn National (US) 05th May,R6 6f Mdn,06-05-2021 01:10,25094860,Flank Speed,1,2.2138772821965187,1.27793641384870042736975094506607847436,2.05930093760998693918128850064136459701,2.72,2.32,1,1001,11990.06,9251.98,2738.08
183044386,USA / Belmont Park (US) 06th May,R2 6f Mdn,06-05-2021 20:38,2022250,Bella Sofia,1,9.331122282658765,9.41946837884156389410676726304226064926,1,13.5,8.8,1.01,1.01,0,2279.84,7416.84
183044404,USA / Belmont Park (US) 06th May,R8 6f Allw Claim,06-05-2021 23:45,25071203,Silky Blue,0,2.084912888780236,.928631936998432166752469339807104736703,1,2.08,1.72,100,2.06,0,20922.38,1753.02
183044407,USA / Belmont Park (US) 06th May,R9 6f Claim,07-05-2021 00:15,16321155,Appreciate,0,25.729372758327912,20.9746621808252855275087895771396957944,1,26,23,1000,100,0,325.92,17.83
183004500,USA / Evangeline Downs (US) 05th May,R8 6f Claim,06-05-2021 02:59,21418401,Fazio,0,15,9.85000777241930228561974612773441115797,5.59254068415808701428096977748256393225,1,1001,1,1001,301.1,96.64,27.5
183004497,USA / Evangeline Downs (US) 05th May,R5 6f Allw,06-05-2021 01:38,37389804,Magawildtime,0,25,20.5236425581941059671455704181088188261,15.3135787505194625294362100013852334118,26,22,1,1001,288.76,171.9,39.76
183004497,USA / Evangeline Downs (US) 05th May,R5 6f Allw,06-05-2021 01:38,33064439,Wise Anchor,0,12.639635076,10.5946968134391845990543351494784267947,10.3719950810185185185185185185185185185,14.34,11,1,1001,691.2,531.24,10.86
183044487,USA / Evangeline Downs (US) 06th May,R3 1m1f Claim,07-05-2021 00:44,10445613,Ruby Sioux,0,6.425848202297501,3.9649863208052881459515812853905826702,1,5.09,4.23,1,1001,0,5833.52,177.26
183044486,USA / Evangeline Downs (US) 06th May,R2 7f Claim,07-05-2021 00:17,25426841,Lil Bit Of Justice,0,4.136801502593778,3.4708856471278157420654608728102157429,1,5.21,4.17,100,100,0,2812.48,351.06
183044486,USA / Evangeline Downs (US) 06th May,R2 7f Claim,07-05-2021 00:17,36140524,Tiz The Dude,1,1.794245321,.991032063764863458228065322569793131775,1,2.25,1.89,1.01,1.01,0,16513.08,3594.66
183045627,USA / Charles Town (US) 06th May,R3 5f Claim,07-05-2021 00:57,13637471,The Forty Factor,0,32,31.1042343058959736075209547347669263269,1,42,27,1,1001,0,701.6,12.87
183004216,USA / Penn National (US) 05th May,R9 6f Claim,06-05-2021 02:28,322521,Neo,0,11.822238929,6.69914812138936809298581759409236388637,7.65451580110933459663251811057815676753,11,6.6,1,1001,2026.44,1582.12,247.26
183004214,USA / Penn National (US) 05th May,R7 1m Claim,06-05-2021 01:36,26523536,Sheknowsthedrill,1,2.4127565631890326,1.44895812843766412042529799943477706398,1.86624638539008085269788331837632677134,2.64,2.34,1.76,1.05,9427.02,4330.38,3628.62
183004217,USA / Penn National (US) 05th May,R10 6f Allw,06-05-2021 02:54,24563882,Bigmancan,1,2.8775287336739708,1.75150493402823529529802894078987584886,2.10942048853814355505449079293498684705,3.35,2.84,1.03,1.03,6652.5,4065.48,2587.02
183004218,USA / Penn National (US) 05th May,R11 6f Claim,06-05-2021 03:20,26902270,Musical Times,0,36.591922446116826,24.7317560378323251313021049841932817451,14.558130626316797548362382685309327715,1,1001,1,1001,104.42,26.9,5.42
183004213,USA / Penn National (US) 05th May,R6 6f Mdn,06-05-2021 01:10,16195746,Live Fire,0,8.7430999603169,4.52553941851006360442255289060976950763,6.39637083890083076744321152617207924243,7.8,5.1,1,1001,2754.08,2603.14,150.94
183004213,USA / Penn National (US) 05th May,R6 6f Mdn,06-05-2021 01:10,38331882,Dreamers Reward,0,37.335067091886884,16.2986544827260854344658510512308034147,22.918055129807352212973661251149520149,36,15.5,1,1001,424.09,409.08,15.01
183004213,USA / Penn National (US) 05th May,R6 6f Mdn,06-05-2021 01:10,39372628,Soul Story,0,88.132403349,39.4995707164632361514959484712197185895,49.1310642989786443825441039925719591458,90,48,120,90,344.64,310.74,33.9
183044389,USA / Belmont Park (US) 06th May,R3 1m1f Allw,06-05-2021 21:09,21003194,Tiergan,0,4.459235110383366,3.00497370403609191224349485170257487142,1,4.8,2.8,100,3.1,0,6024.68,1478.1
183044404,USA / Belmont Park (US) 06th May,R8 6f Allw Claim,06-05-2021 23:45,24748979,Violent Point,1,7.4,6.61394399185038175390135565580116348358,1,8,7,1.12,1.01,0,2394.8,15382.26
183044404,USA / Belmont Park (US) 06th May,R8 6f Allw Claim,06-05-2021 23:45,25003571,Impazible Donna,0,9.4,9.66108878267913670576022734167948245684,1,13.5,10,500,500,0,1585.54,47.56
183044404,USA / Belmont Park (US) 06th May,R8 6f Allw Claim,06-05-2021 23:45,26905689,Screamin By,0,11.5,13.2616391012658896810142988519797002992,1,18,11,1,1001,0,1438.6,84.49
183044398,USA / Belmont Park (US) 06th May,R6 1m3f Mdn,06-05-2021 22:43,39023173,Wicked Grinch,0,60.71366306747511,61.7330909298230055997146948081654256823,1,95,38,350,50,0,444.44,27.44
183044398,USA / Belmont Park (US) 06th May,R6 1m3f Mdn,06-05-2021 22:43,38037043,Prayer Book,0,6.847361675512877,5.88151747400946590873023537724555955785,1,7.2,6,310,5.5,0,2839.58,689.94
183044398,USA / Belmont Park (US) 06th May,R6 1m3f Mdn,06-05-2021 22:43,36346600,Connaghs Quay,0,5.353743552890663,4.04905719281359728505825096569153456059,1,5.4,4.6,1,1001,0,5115.3,271.5
183044407,USA / Belmont Park (US) 06th May,R9 6f Claim,07-05-2021 00:15,28591109,Towering Gaze,0,5.922793253437121,4.68512781189025014067811769998490329087,1,6.2,5.3,120,110,0,857.2,57.45
183044407,USA / Belmont Park (US) 06th May,R9 6f Claim,07-05-2021 00:15,38216409,Days Humor,0,6.24142760274699,5.674742875752019238120217701784524924,1,7.4,6,1000,310,0,1505.6,627.42
183004496,USA / Evangeline Downs (US) 05th May,R4 1m1f Claim,06-05-2021 01:11,18607616,Much Class,0,7.799413485380356,7.05103721638154952866345313146205366237,7.12643331884359269969067553690788934878,9.8,7,1,1001,1587.33,1159.96,149.47
183004497,USA / Evangeline Downs (US) 05th May,R5 6f Allw,06-05-2021 01:38,38944206,Bitsys Custom C,0,2.94472925022943,1.92882500750635150606568846087630826902,2.75401690735379597180602818268519929346,3.15,2.62,1,1001,3544.02,2675.28,194.12
183044486,USA / Evangeline Downs (US) 06th May,R2 7f Claim,07-05-2021 00:17,20397008,Captainontherocks,0,13,9.58675605111449741221584723847574734372,1,14,10.42,50,12.5,0,1342.18,374.74
183045661,USA / Lone Star Park (US) 06th May,R1 5f Mdn,07-05-2021 00:35,38875982,Inthealy,0,13.660902401222845,12.7116790461113941070303367296320232388,1,21,12.5,1,1001,0,666.32,49.95
183045625,USA / Charles Town (US) 06th May,R1 7f Claim,07-05-2021 00:00,19701613,Glorious Mystery,0,119.33326211910693,65.024148441599400803889654241103392328,1,100,50,740,730,0,158.36,5.02
183045627,USA / Charles Town (US) 06th May,R3 5f Claim,07-05-2021 00:57,11515188,Port More,0,97.16769551061093,57.5400899734479578347928623195797206021,1,85,50,760,300,0,211.84,12.9
183045627,USA / Charles Town (US) 06th May,R3 5f Claim,07-05-2021 00:57,15839460,Jaxbradenrishi,0,76.23238609489056,58.9507278105607162287675245457189787404,1,85,55,1,1001,0,106.75,8.59
183045626,USA / Charles Town (US) 06th May,R2 5f Mdn,07-05-2021 00:30,34201021,Moonlit Shadow,0,7.3378133926790925,7.29446496190913619936559346286982885644,1,12,6.6,1,1001,0,2323.38,36.58
183045626,USA / Charles Town (US) 06th May,R2 5f Mdn,07-05-2021 00:30,35536691,My Pretty Eyes,0,7.832139738544536,6.6302528961384759798096336170737340905,1,8.6,4.6,1000,1000,0,5143.12,55.3
183004214,USA / Penn National (US) 05th May,R7 1m Claim,06-05-2021 01:36,27565426,Tenerife Moon,0,2.246567425233697,1.59759888300660743198883509035968340145,2.61689136812025960997704853247404660212,4.6,2.32,19.5,2.58,8552.83,6533.66,1016.15
183004218,USA / Penn National (US) 05th May,R11 6f Claim,06-05-2021 03:20,33798676,Brazilian Bay,0,3.5,2.66131045002815901948028935282167918062,3.46485279484928299678080187298800117062,1,1001,1,1001,2050.2,1660.02,135.62
183004215,USA / Penn National (US) 05th May,R8 6f Mdn Claim,06-05-2021 02:02,35600905,Tinder Date,1,2.985429367,1.87881201207511292449902364173426094975,2.33319847801260811897311940841189936038,3.15,2.62,1,1001,7810.84,5254.74,2216.88
183004215,USA / Penn National (US) 05th May,R8 6f Mdn Claim,06-05-2021 02:02,37946600,Greedy Like Jeane,0,254.22113407848596,97.2404543827212120751318913847711111339,97.4573972022043238660449342941924544298,1,1001,740,740,23.59,11.1,2.39
183044386,USA / Belmont Park (US) 06th May,R2 6f Mdn,06-05-2021 20:38,28618040,Back Channel,0,2.21256053455576,1.14451490212504523226433639738910765718,1,2.32,1.94,1000,2.4,0,21343.1,800.52
183044389,USA / Belmont Park (US) 06th May,R3 1m1f Allw,06-05-2021 21:09,39023147,Great Workout,0,5.2,4.62174729347620232896746220649483306417,1,6.8,5.3,310,25,0,3002.7,207.23
183044395,USA / Belmont Park (US) 06th May,R5 1m Claim,06-05-2021 22:13,25171368,Moonlight Now,0,12.078629963272252,9.87608853405595616743401806515198499585,1,13.5,9,1000,500,0,2876.6,182.7
183044395,USA / Belmont Park (US) 06th May,R5 1m Claim,06-05-2021 22:13,27082407,My First Grammy,0,40,44.2503598288403589902111737059769414802,1,70,36,1000,360,0,957.54,66.4
183044392,USA / Belmont Park (US) 06th May,R4 6f Mdn Claim,06-05-2021 21:40,28749488,Macys Home Run,0,6.659816146792435,5.80742582373832748846128405008184229956,3.99994964908629171751589696936744880764,7.4,6.8,1,1001,7.96,2977.76,139.33
183044401,USA / Belmont Park (US) 06th May,R7 7f Claim,06-05-2021 23:15,9215413,Baby Boss,0,2.16,1.26799958709468150413090440249481899047,1,2.44,2.04,320,1.77,0,16524.88,1902.86
183044398,USA / Belmont Park (US) 06th May,R6 1m3f Mdn,06-05-2021 22:43,36346602,Houdinis Awesome,0,24.818858985,19.6459469329631554544338457882333208708,1,19.5,19,1,1001,0,455.22,16.26
183044407,USA / Belmont Park (US) 06th May,R9 6f Claim,07-05-2021 00:15,29107306,Hey Its Tati,0,32,25.6954512868799937861722115486412648997,1,27,22,1,1001,0,232.08,4.5
183004496,USA / Evangeline Downs (US) 05th May,R4 1m1f Claim,06-05-2021 01:11,23552376,King Of The Testo,1,4.2,3.90470518419190944916653791955475176273,2.88121799775028121484814398200224971879,5.6,5.6,1,1001,4000.5,1672.94,1846.1
183004497,USA / Evangeline Downs (US) 05th May,R5 6f Allw,06-05-2021 01:38,38875979,Micajah,1,2.377756504280333,1.19409781256406785653719445182038910817,1.85614312598545343573572046182798433447,2.44,2.06,1,1001,6291.52,4050.3,995.74
183004497,USA / Evangeline Downs (US) 05th May,R5 6f Allw,06-05-2021 01:38,35438675,Strong Rules,0,9.8,7.51923404270205750538567754014270383674,7.14784076465504092734760282678326300269,9.18,9.18,1,1001,786.76,551.26,19.7
183004497,USA / Evangeline Downs (US) 05th May,R5 6f Allw,06-05-2021 01:38,30514878,Von Dom,0,80,28.1402719742251993378704163722917755149,28.7529746008295925904880959145405988977,71.7,21.28,740,220,527.97,457.93,5.28
183044485,USA / Evangeline Downs (US) 06th May,R1 6f Allw,06-05-2021 23:50,38396188,Half Koo Koo,1,1.767224476,.91374686680426983505079675901400578906,1,2.08,1.72,2.5,2,0,12266.78,3147.46
183045627,USA / Charles Town (US) 06th May,R3 5f Claim,07-05-2021 00:57,10146754,On This Day,0,140,89.282353463838999034737339509937358896,1,120,90,1,1001,0,48.52,11.52
183045626,USA / Charles Town (US) 06th May,R2 5f Mdn,07-05-2021 00:30,39381759,Northern Fiore,0,20.282084288531912,15.8287869868854177574850726735151405016,1,22,13,1000,55,0,2148.8,60.75
183004217,USA / Penn National (US) 05th May,R10 6f Allw,06-05-2021 02:54,19223710,Babbo Babbo Babbo,0,4.618916523569206,2.82685875247222802100423516242409352477,5.28002714722008894286581772070511332178,1,1001,120,120,1119.82,994.18,125.64
183004217,USA / Penn National (US) 05th May,R10 6f Allw,06-05-2021 02:54,38422488,Echoes Of Destiny,0,24.938027594611043,10.3544377257182598474940801896553571227,15.2742740743699324999001477812837001238,24,24,1,1001,250.37,244.68,5.69
183004218,USA / Penn National (US) 05th May,R11 6f Claim,06-05-2021 03:20,19502256,Sunshine Bay,0,18,16.3765509621947279689768969619720002602,14.2147154732926101134432554080742203647,1,1001,1,1001,217.73,111.46,4.93
183004218,USA / Penn National (US) 05th May,R11 6f Claim,06-05-2021 03:20,24832942,Modern Vintage,0,6.4,8.7602072715470272377991429082739048675,7.20747106082964420396786358419413018528,11.5,11.5,1,1001,1219.8,807.22,36.68
183004215,USA / Penn National (US) 05th May,R8 6f Mdn Claim,06-05-2021 02:02,39372630,Quest For Justice,0,41.287686185706406,21.5015630755203972990726334063341164161,23.3148900382658424792901896471973424162,19.5,19.5,1,1001,237.81,110.54,45.19
183004213,USA / Penn National (US) 05th May,R6 6f Mdn,06-05-2021 01:10,36664368,Midtown,0,10.502250851448625,9.76880436854360129677454805209077421836,12.9706541545189504373177842565597667639,17.5,13.5,1,1001,987.84,968.06,19.78
183004213,USA / Penn National (US) 05th May,R6 6f Mdn,06-05-2021 01:10,1207014,Donaldson,0,23.251921730511306,12.9191443682073660872122123740842118821,17.6995079194218053206212517299707827157,15.5,14.5,710,500,520.24,506.08,14.16
183044389,USA / Belmont Park (US) 06th May,R3 1m1f Allw,06-05-2021 21:09,35751821,Our Man Mike,0,8.723830371284862,6.34698569755399919862070413776271379131,1,7.2,7,310,11,0,1022.44,435.19
183044395,USA / Belmont Park (US) 06th May,R5 1m Claim,06-05-2021 22:13,35751846,Millean,0,9.713242613535844,5.75458814627534458793480532074616554372,1,7.8,5.8,1000,1000,0,3271.52,229.58
183044383,USA / Belmont Park (US) 06th May,R1 6f Claim,06-05-2021 20:05,38234307,Up Seventyfour,1,2.398931454747725,1.83986055817771669370017932657841140741,1,3.35,2.4,1.01,1.01,0,18142.42,6429.52
183044392,USA / Belmont Park (US) 06th May,R4 6f Mdn Claim,06-05-2021 21:40,574072,Madame Rose,0,46,47.6260360616411126740123394094587862123,1,65,42,660,660,0,329.6,17.09
183044392,USA / Belmont Park (US) 06th May,R4 6f Mdn Claim,06-05-2021 21:40,37838755,Miss Alex,0,3.197542487,2.53027585942145426090608853416181395429,1,3.9,3.45,210,210,0,9377.28,1217.68
183044392,USA / Belmont Park (US) 06th May,R4 6f Mdn Claim,06-05-2021 21:40,38023123,After The Wire,0,5.259551798,4.87315779062937324821285892881310207941,1,7.8,5.5,1000,1000,0,6368.44,151.79
183044401,USA / Belmont Park (US) 06th May,R7 7f Claim,06-05-2021 23:15,19502261,Midtown Rose,1,6.260022016124568,4.43908493965449073375296630790136952695,1,6,4.9,11.5,1.02,0,5565.52,5850.9
183044401,USA / Belmont Park (US) 06th May,R7 7f Claim,06-05-2021 23:15,20732892,Awesome Alana,0,18.677264870442457,16.0328976997845556016263934227363714922,1,20,15,1000,130,0,1109.56,34.26
183044401,USA / Belmont Park (US) 06th May,R7 7f Claim,06-05-2021 23:15,21055732,Movie Score,0,26.348090321728968,29.6583433999044030194258172984380254794,1,110,21,1000,29,0,810.36,59.51
183044404,USA / Belmont Park (US) 06th May,R8 6f Allw Claim,06-05-2021 23:45,27589245,The Important One,0,11.662645260714928,10.2950847704579896585117143204025305045,1,14,10,1,1001,0,1493.24,34.34
183044404,USA / Belmont Park (US) 06th May,R8 6f Allw Claim,06-05-2021 23:45,15635835,Purrageous Dyna,0,14.90621750860766,13.177704957117526509224649963586050917,1,16,11,310,310,0,735.86,585.78
183044398,USA / Belmont Park (US) 06th May,R6 1m3f Mdn,06-05-2021 22:43,35501943,Snows Island,0,6.95275082755281,6.26498222285325106245200855149563535006,1,9.2,5.6,1,1001,0,4237.2,128.24
183044407,USA / Belmont Park (US) 06th May,R9 6f Claim,07-05-2021 00:15,19939309,Corey Scores,1,6.773761452821782,5.29651453018824494427809207883901480978,1,6.6,6.2,1.01,1.01,0,923,4818.12
183004499,USA / Evangeline Downs (US) 05th May,R7 6f Allw Claim,06-05-2021 02:32,39815,Lady Hopper,0,13.542300767,11.72645108143514563449171896307580558,9.84755123306703716568252865578325807572,1,1001,1,1001,287.9,159.16,8.44
183004498,USA / Evangeline Downs (US) 05th May,R6 1m Claim,06-05-2021 02:05,35600679,Shacks River,0,2.823108125426698,3.27381294612250772666734448228662433425,4.12684584395140607546507498751681997962,7.8,2.84,100,100,7349.89,6448.62,189.69
183004498,USA / Evangeline Downs (US) 05th May,R6 1m Claim,06-05-2021 02:05,24710262,Sister Chloe,0,27,17.2365174027592292027623957137422725365,17.5920056541542327626825820637662949584,23,11,710,710,636.7,536.5,4.5
183044487,USA / Evangeline Downs (US) 06th May,R3 1m1f Claim,07-05-2021 00:44,25367032,Love Bound,0,67.42033555857834,39.5356240802674095182669408416095509091,1,62.4,12.96,730,730,0,250.38,3.84
183044485,USA / Evangeline Downs (US) 06th May,R1 6f Allw,06-05-2021 23:50,38521499,Sophies Prayer,0,23,15.1857035456083699911913360891830546522,1,19.5,15,700,700,0,374.58,14.06
183045661,USA / Lone Star Park (US) 06th May,R1 5f Mdn,07-05-2021 00:35,39381752,Seeulatergator,0,15.24459749931237,11.8153987714816741246694092171658868751,1,1,1001,700,100,0,200.62,24.04
183045625,USA / Charles Town (US) 06th May,R1 7f Claim,07-05-2021 00:00,15342078,Damisela,0,220,137.009847025025299034829889189230534397,1,270,70,1,1001,0,112.35,25.21
183045627,USA / Charles Town (US) 06th May,R3 5f Claim,07-05-2021 00:57,1465132,Kyle,1,2.709148380387014,1.667082848461538392960867644991282176,1,3.1,2.6,1.01,1.01,0,25439.02,1945.58
183045627,USA / Charles Town (US) 06th May,R3 5f Claim,07-05-2021 00:57,10389867,Ice Kaufy,0,257.6789878725634,146.615775328560109735929748963751442202,1,230,110,1,1001,0,76.6,1.88
183045627,USA / Charles Town (US) 06th May,R3 5f Claim,07-05-2021 00:57,17601129,Shackled,0,32,21.0628524497978537555550372256676030853,1,25,16.5,1,1001,0,455.08,7.12
183004216,USA / Penn National (US) 05th May,R9 6f Claim,06-05-2021 02:28,20685695,The Last Yannuzzi,0,40,29.800622917163165065187634411867797498,19.5251429252024773701762744163887565507,1,1001,1,1001,167.92,43.78,34.68
183004218,USA / Penn National (US) 05th May,R11 6f Claim,06-05-2021 03:20,28732686,Gavie,1,4.180311702,2.6212507831091900669193541598892977723,2.62025361453266696608598430915363077776,1,1001,1,1001,2092.94,1127,740.22
183044389,USA / Belmont Park (US) 06th May,R3 1m1f Allw,06-05-2021 21:09,25194445,No Lime,0,11.5,11.1414934145173997677655645186949221509,1,14,10.5,700,310,0,1436.28,142.69
183044392,USA / Belmont Park (US) 06th May,R4 6f Mdn Claim,06-05-2021 21:40,27949661,Tiny Magoo,0,4.59350727142999,3.12890638396402698472548201984738460537,1,4.4,3.35,1000,4,0,5839.42,554.61
183044392,USA / Belmont Park (US) 06th May,R4 6f Mdn Claim,06-05-2021 21:40,28116793,Mia Calia,0,16.5,11.5863333825017097864674439979882727958,1,16.5,7.6,310,19,0,2220.78,305.35
183044401,USA / Belmont Park (US) 06th May,R7 7f Claim,06-05-2021 23:15,22172346,Violent Trick,0,7.671785695811705,7.21983571908314686288473955922061034816,1,10,6,1000,310,0,4527.66,151.24
183004499,USA / Evangeline Downs (US) 05th May,R7 6f Allw Claim,06-05-2021 02:32,22765186,Maybe I Can,0,23.32580100059743,17.9875335505475501695538757408512108501,17.5213014560488944813949307927377314399,1,1001,1,1001,222.52,141.16,7.46
183004496,USA / Evangeline Downs (US) 05th May,R4 1m1f Claim,06-05-2021 01:11,21027644,Ebrio,0,70,70.0419907980501621481267976498187528036,45.0078962210941906373378454596728708404,80,65,740,740,141.84,45.4,4.58
183004496,USA / Evangeline Downs (US) 05th May,R4 1m1f Claim,06-05-2021 01:11,17127003,Chop Chop Charlie,0,5.776813737335615,3.5143732687901811132383751708767704898,4.46518540408582808685596813568032892201,5.3,4.1,1,1001,3891.5,3462.8,36.46
183004496,USA / Evangeline Downs (US) 05th May,R4 1m1f Claim,06-05-2021 01:11,898471,Dictator,0,10.845989414118229,8.65288666921781130854488132321175465772,9.37740794605671977259205394328022740795,1,1001,700,100,605.08,309.94,58.36
183004498,USA / Evangeline Downs (US) 05th May,R6 1m Claim,06-05-2021 02:05,20430588,Lucky Little Lady,0,5.2,4.87988434106845712226382870252419451428,5.0310482081437923000110950848773993121,8.2,5,1,1001,2163.12,1655.26,79.02
183044487,USA / Evangeline Downs (US) 06th May,R3 1m1f Claim,07-05-2021 00:44,19967850,Glance,1,3.45,2.82112485958857975994573280702696679636,1,7.94,3.26,1,1001,0,7675.9,2326.6
183044487,USA / Evangeline Downs (US) 06th May,R3 1m1f Claim,07-05-2021 00:44,25321234,Orbs Soul,0,6.157623480553739,4.41151473178481241612269042650823198528,1,6.34,4.23,690,690,0,3998.52,44.56
183044485,USA / Evangeline Downs (US) 06th May,R1 6f Allw,06-05-2021 23:50,37694948,Midnight Trip,0,34,32.260929661716140115473766770521481901,1,42,29,730,730,0,313.3,27.14
183045661,USA / Lone Star Park (US) 06th May,R1 5f Mdn,07-05-2021 00:35,22422890,Viatorem,0,4.6,4.40708970189824070499051027355852521364,1,8.6,4.1,4,4,0,3195.84,395.42
183045661,USA / Lone Star Park (US) 06th May,R1 5f Mdn,07-05-2021 00:35,38942971,Supreme Capo,0,70.022449128218,48.2605381831027029171539047702204608381,1,75,19,370,370,0,143.58,54.35
