EVENT_ID,MENU_HINT,EVENT_NAME,EVENT_DT,SELECTION_ID,SELECTION_NAME,WIN_LOSE,BSP,PPWAP,MORNINGWAP,PPMAX,PPMIN,IPMAX,IPMIN,MORNINGTRADEDVOL,PPTRADEDVOL,IPTRADEDVOL
129743155,GB / Ascot 18th Feb,TO BE PLACED,18-02-2017 15:00,10426709,Templeross,1,2.012413660347855,1.97335443049668871704779091777303336376,1.94429231870696210755215902145980594969,2.06,1.86,5,1.73,3060.24,36752,4724.02
129743160,GB / Ascot 18th Feb,TO BE PLACED,18-02-2017 15:35,5691736,Taquin Du Seuil,0,2.02,2.00835169824591525628562021604324639969,2.5428414959729192993530842951468549671,2.62,2.02,4.2,2.64,2679.6,33506.6,1651.44
129743170,GB / Ascot 18th Feb,TO BE PLACED,18-02-2017 16:45,12296949,Quine Des Champs,0,8.4,6.56211701080040720093437731960643366267,1,8.4,5.7,1,1001,0,2509.34,21.22
129743170,GB / Ascot 18th Feb,TO BE PLACED,18-02-2017 16:45,11132283,Dont Tell Val,0,1.8212577543281434,1.80831590558696747119110806781289740103,2.08019414795122851809958776652241159945,2.06,1.75,1,1001,263.14,13845.68,280.6
129743176,GB / Hayd 18th Feb,TO BE PLACED,18-02-2017 13:30,10149367,Most Celebrated,0,1.4192860713987288,1.52331580628080704732712934286498512811,1.51612500881407902729948689859857024921,1.68,1.41,1.6,1.5,321.06,26793.74,3644.12
129743176,GB / Hayd 18th Feb,TO BE PLACED,18-02-2017 13:30,12201704,Don Bersy,1,2.18908403,2.01658074184387245511111328545792299469,1.73483277807883329434733982675997409457,2.26,1.95,1.7,1.7,692.08,19544.26,1838.3
129743186,GB / Hayd 18th Feb,TO BE PLACED,18-02-2017 14:40,9106928,Dadsintrouble,1,2.5754632016348302,2.4542811371300891700408404687804027417,2.48648500275958849521404577733282389793,2.54,2.34,2.42,1.09,440.8,13203.26,2004.68
129743186,GB / Hayd 18th Feb,TO BE PLACED,18-02-2017 14:40,9257572,Big River,1,2.752082062316803,2.81432909900875140047823200694600859695,3.02794214223174021489659776660115716747,2.98,2.6,2.44,1.15,204.2,7253.04,1192.2
129743186,GB / Hayd 18th Feb,TO BE PLACED,18-02-2017 14:40,8091255,Nordic Nymph,0,4.3,3.96770053349642569109731629286867926136,2.77267139120067805834360340910273940884,4.9,3.15,1,1001,348.2,7723.98,283.48
129743191,GB / Hayd 18th Feb,TO BE PLACED,18-02-2017 15:15,6964315,Wakanda,0,3.9188523434021043,3.72271795251192279839999399335116441617,3.90682662987287669324699960253556837577,4,3.4,5,5,893.78,10612.24,206.5
129743191,GB / Hayd 18th Feb,TO BE PLACED,18-02-2017 15:15,8435825,Cresswell Breeze,0,4.607678821638764,4.86164567090424892310940336405296640355,4.98666540584548726670989255204643936496,5.1,4.3,4.6,4.6,1179.28,8301.48,427.58
129743201,GB / Hayd 18th Feb,TO BE PLACED,18-02-2017 16:20,12322066,Casse Tete,1,5.7,5.6350152743289806294123018928884160312,4.13631377899763291185987550068610963996,6.9,5.1,4.6,4.6,95.12,2556.52,1465.62
129743206,GB / Hayd 18th Feb,TO BE PLACED,18-02-2017 16:55,6031419,Pentiffic,1,4.181059543693264,4.36344341729773114928500654089397628843,4.0285098373429791161817371046129851747,5.2,4,3.1,3.05,33.28,3011.18,1055.86
129780901,GB / Ling 18th Feb,TO BE PLACED,18-02-2017 13:45,4776418,Space War,1,1.8212257396499718,1.98436090848463844670189819480272346637,2.77870760863577418527339383076595668977,2.3,1.8,1,1001,111.6,10211.08,488
129780901,GB / Ling 18th Feb,TO BE PLACED,18-02-2017 13:45,5213540,Pharoh Jake,1,4.605985595375419,4.57621075682865226749590533094837981202,4.69069098171313447480955663832806799408,4.3,4.3,1,1001,114,1873.68,215.78
129780901,GB / Ling 18th Feb,TO BE PLACED,18-02-2017 13:45,7318565,Whaleweigh Station,0,2.5218247115923433,2.44898259917014226795239376399364855707,2.43796487545990439664701397128774098773,2.52,2.44,1,1001,103.26,7256.14,330.42
129780906,GB / Ling 18th Feb,TO BE PLACED,18-02-2017 14:20,5613820,Come On Dave,0,7.6,7.24034449368811876890565546209636120546,5.1565445944151209795195259298895496412,7.8,7,1,1001,53.44,2073.48,28.18
129780906,GB / Ling 18th Feb,TO BE PLACED,18-02-2017 14:20,7559946,Dynamo Walt,0,3.0819193493011903,2.96139232336678092584005915803099009813,2.83983076612991833952463599228810383119,3.15,3,1,1001,104.92,4780.8,10.34
129780926,GB / Ling 18th Feb,TO BE PLACED,18-02-2017 16:40,11042719,The Detainee,1,5.684215520485887,5.73761181509378669667723058305316488884,1,6.4,5,1,1001,0,2799.16,227.56
129780931,GB / Kemp 18th Feb,TO BE PLACED,18-02-2017 17:45,4735852,Silver Alliance,0,17.323550166158178,16.3563964845604737833994874568038899982,1,19,13.5,1,1001,0,807.16,6
129780936,GB / Kemp 18th Feb,TO BE PLACED,18-02-2017 18:15,12538470,Spare Parts,0,8.2,7.52226411168952849066775969538496112255,1,9.4,8.6,1,1001,0,1315.02,8.16
129780941,GB / Kemp 18th Feb,TO BE PLACED,18-02-2017 18:45,7185308,Bridge Builder,0,3.05,3.11140604367027575087631865172522440089,3.69996196940727916595104769341381261478,3.2,3,1,1001,5.14,4707.4,79.52
129780951,GB / Kemp 18th Feb,TO BE PLACED,18-02-2017 19:45,10975979,Bargain Buy,0,2.303208877,2.48642966392860663607913197654415915861,1.52603059517609100665074235695537824945,2.74,2.18,6.4,3.6,59.98,20986.94,348.42
129780951,GB / Kemp 18th Feb,TO BE PLACED,18-02-2017 19:45,655604,Golden Amber,0,5.4,5.43484852835652490494380962049140751803,1,6,5.2,1,1001,0,1902.4,0
129780951,GB / Kemp 18th Feb,TO BE PLACED,18-02-2017 19:45,10391904,Make Music,0,4.8146479651104155,4.78367631668602288720104032863960408073,3.42298962940044856848148226571661094447,5.1,4.5,1,1001,28.44,3086.36,95.2
129780961,GB / Kemp 18th Feb,TO BE PLACED,18-02-2017 20:45,10145497,Papou Tony,1,1.853969832,1.86958321725302394381882892124928077779,1.80129004007361436519446927400225182557,1.95,1.76,1,1001,720.34,15057.7,1159.42
129780961,GB / Kemp 18th Feb,TO BE PLACED,18-02-2017 20:45,10635121,Mossys Lodge,0,6.4,5.8676225113302098519828664129589578569,4.29991684209557919140437660970943532223,6.4,5.8,5.9,5.9,4,4488.08,255.84
129780966,GB / Kemp 18th Feb,TO BE PLACED,18-02-2017 21:15,11235744,Goodwood Crusader,1,3.4185711395519323,3.24583822224396472904392685737898714124,2.43936861280178069209817881433151140392,3.45,3.25,1,1001,12.8,3633.64,467.16
129782228,GB / Winc 18th Feb,TO BE PLACED,18-02-2017 13:40,5212529,Paddy The Oscar,1,3.4211891658263447,3.52748164419673675897014268100851180477,5.43996563466598768525531612385320137622,3.55,3.4,1,1001,10,3773.96,1463.1
129782253,GB / Winc 18th Feb,TO BE PLACED,18-02-2017 16:30,5181472,Saint Breiz,1,12.750561016826028,11.0005775913859291666252441604167176871,1,13,8.6,1,1001,0,791.84,68.04
129782253,GB / Winc 18th Feb,TO BE PLACED,18-02-2017 16:30,10612425,Denny Kerrell,0,2.959476609836593,2.57040930850343017275488519084922518573,2.28028479476248983000486727160266721627,2.92,2.44,3,2.4,104.76,8206.46,1954.5
129782253,GB / Winc 18th Feb,TO BE PLACED,18-02-2017 16:30,5548068,Rainbow Haze,0,3.3380208465345644,3.75685831798469015300581299545580450582,3.13096375555369792102049760820873076079,3.9,3.45,1,1001,32,3015.64,222.66
129782258,GB / Winc 18th Feb,TO BE PLACED,18-02-2017 17:05,10566637,Meribel Millie,0,12,14.1539975247636219673821527322137088292,12.282833771272902363273676075956699804,24,11.5,1,1001,14,879.36,106.6
129782258,GB / Winc 18th Feb,TO BE PLACED,18-02-2017 17:05,10904857,Master Majic,0,4.9,4.56676414300213943382135158892610219119,1,4.9,4,1,1001,0,2719.54,57.84
129743145,GB / Ascot 18th Feb,TO BE PLACED,18-02-2017 13:50,9544009,Bigbadjohn,1,3.9,3.55689008989573053351009908562708273195,2.5173253675725540232665175529106755839,3.8,3.45,5.3,1.1,136.44,3876.2,2422.52
129743155,GB / Ascot 18th Feb,TO BE PLACED,18-02-2017 15:00,10785273,Loup De Louve,0,12.5,8.36085540489496810997449922733452328208,6.12292127983270068853963810238009932084,12.5,6.6,1,1001,161.32,3322.98,99.26
129743155,GB / Ascot 18th Feb,TO BE PLACED,18-02-2017 15:00,9448022,Divine Spear,1,2.711865586654203,2.86986631813064783764050170041718778407,3.4199827279996424798754416805915029408,3.5,2.58,3.25,1.01,692.96,12156.16,1646.82
129743155,GB / Ascot 18th Feb,TO BE PLACED,18-02-2017 15:00,5974334,Mister Fizz,0,29.700848904610275,23.6910022206066341408686077925651998221,13.3994056708032997571216370732322483107,42,21,100,36,34.44,806.82,63.8
129743155,GB / Ascot 18th Feb,TO BE PLACED,18-02-2017 15:00,6968586,Oscar Hoof,0,4.890151450130543,5.3471651496636144234160395659717056404,4.80949635926534555812891795737116655411,5.8,4.8,12,12,96.84,5781.46,274.34
129743160,GB / Ascot 18th Feb,TO BE PLACED,18-02-2017 15:35,7140074,Royal Regatta,0,4.102946260381858,3.79877810583027533356581864197396040015,3.1396505180697438510495314529001661607,4.6,3.35,4,1.49,380.82,7741.22,3916.7
129743160,GB / Ascot 18th Feb,TO BE PLACED,18-02-2017 15:35,7198612,Irish Cavalier,0,5.0855268587650055,4.89036478230024118018528429094162115244,5.88960268679784235610923235286820575768,6,4.8,5.1,5.1,121.62,7266.48,213.86
129743165,GB / Ascot 18th Feb,TO BE PLACED,18-02-2017 16:10,9107134,Fortunate George,1,2.0037864584887677,1.94046502580913897819537525811583471272,2.04164969608500006261514485337546077498,2.08,1.79,3.5,1.3,575.26,14137.9,7813.66
129743170,GB / Ascot 18th Feb,TO BE PLACED,18-02-2017 16:45,12120822,All Currencies,1,4.1,3.49159032435894423465650615242421692461,3.8528632897509574470744659122243769297,4.2,3.5,1.2,1.2,7.76,4674.22,2012.24
129743176,GB / Hayd 18th Feb,TO BE PLACED,18-02-2017 13:30,6298599,Final Choice,0,5,4.37750281409731715901954333564079861741,3.98103919869666339033688067744647390239,5.4,3.4,1,1001,375,8543.88,130.44
129743181,GB / Hayd 18th Feb,TO BE PLACED,18-02-2017 14:05,8507654,Agrapart,0,1.4517083722375173,1.48946343443129839585422191264340038312,1.60846957643759900442614801208022736164,1.53,1.43,2.64,1.22,264.42,12387.64,4071.48
129743181,GB / Hayd 18th Feb,TO BE PLACED,18-02-2017 14:05,5296412,Zarkandar,1,1.75,1.75912147628112597250147825305407950607,1.95998402014177652198087634317639929969,1.89,1.7,1.75,1.75,6.44,9920.26,2286.4
129743191,GB / Hayd 18th Feb,TO BE PLACED,18-02-2017 15:15,8124159,Aqalim,0,9.885973931710616,12.4319050276958999551724844715256537487,13.3340747984072817677719169799238565563,19.5,10.5,20,20,294.24,2714.48,142.94
129743191,GB / Hayd 18th Feb,TO BE PLACED,18-02-2017 15:15,8419071,Blaklion,1,2.489665484,2.51524808144972955152034285342816614592,2.42103762382941144752911655768589416695,2.66,2.36,3,1.01,1837.32,30010.94,9884.14
129743196,GB / Hayd 18th Feb,TO BE PLACED,18-02-2017 15:50,11021528,The Worlds End,1,2.390526039835896,2.30643893647460765858990775885000744147,2.04114580991084182818433226361448117531,2.32,2.24,2.3,1.01,104.28,7081.8,2048.72
129743196,GB / Hayd 18th Feb,TO BE PLACED,18-02-2017 15:50,12021523,No Hassle Hoff,1,1.9030303804471442,1.84919415506170922556179938822731552373,1.73444676060437091470518653708824128429,1.92,1.74,2,2,612.82,18565.5,2775.92
129743201,GB / Hayd 18th Feb,TO BE PLACED,18-02-2017 16:20,8039691,Wuff,0,1.6961709023126146,1.73700774270213567098742354331034211847,1.84067940761942942806403191274090159612,1.8,1.71,1.65,1.52,151.14,10876.6,2105.64
129743206,GB / Hayd 18th Feb,TO BE PLACED,18-02-2017 16:55,54270,Vincitore,0,12.408186216535857,11.1027080859141690670638391416406491133,9.98996089367011253501047270444373566975,14,10,1,1001,4,510.98,8
129780896,GB / Ling 18th Feb,TO BE PLACED,18-02-2017 13:10,12289965,Beatisa,0,8.048906100777678,6.22875077783631064655805816067193543622,9.23805190627777112137530423810581390705,8.2,6.4,1,1001,65,3848.66,4.42
129780901,GB / Ling 18th Feb,TO BE PLACED,18-02-2017 13:45,4654289,Head Space,0,1.6237871417086311,1.62802889911846318761133474856616184275,1.58638601678660881432600393314273505459,1.66,1.55,1,1001,203.52,19581.2,261.08
129780906,GB / Ling 18th Feb,TO BE PLACED,18-02-2017 14:20,10162696,Verne Castle,1,1.455860263,1.50553463935929262378596625745291275198,1.49010274785950063765405698413573484918,1.6,1.42,1.35,1.01,1293.64,25144.12,1264.66
129780926,GB / Ling 18th Feb,TO BE PLACED,18-02-2017 16:40,5554346,Hawaiian Freeze,0,30.340036015678198,24.5294332059619183685796299489656048494,6.42141617962016086820372982004612560886,34,15.5,1,1001,14,470.78,15.12
129780921,GB / Ling 18th Feb,TO BE PLACED,18-02-2017 16:05,12538112,Miss Mirabeau,0,4.819271041826176,4.48820369229202031168440439408566840785,3.01807295194959615707664316748215504054,5.2,3.75,1,1001,42,3525.74,63.66
129780911,GB / Ling 18th Feb,TO BE PLACED,18-02-2017 14:55,8893244,Black Night,0,9.8,9.57311079738462757116396023154114404471,7.04382246631813440505132723558322059771,11.5,8.6,22,9.8,39.14,3220.6,124.6
129780911,GB / Ling 18th Feb,TO BE PLACED,18-02-2017 14:55,9098027,Qaffaal,1,1.5671796956911068,1.60834606435653996185757221552820319511,1.89256121635077545194685048383310387267,1.74,1.54,1.7,1.7,269.42,17884.62,3457.28
129780911,GB / Ling 18th Feb,TO BE PLACED,18-02-2017 14:55,9147797,Van Huysen,0,2.5480866457128095,2.44031565787945090267351269877188248455,2.37281304960873545461842298100926196515,2.64,2.34,1,1001,44.44,7476.84,325.06
129780931,GB / Kemp 18th Feb,TO BE PLACED,18-02-2017 17:45,6386965,Well Painted,0,33.452278434467544,21.6174142679058740433760564494808813459,1,29,16,990,990,0,487.24,1.1
129780936,GB / Kemp 18th Feb,TO BE PLACED,18-02-2017 18:15,11733086,Artscape,1,3.15,3.41008344870061125144003584765944930544,1,3.8,3.35,1,1001,0,3663.4,710.48
129780941,GB / Kemp 18th Feb,TO BE PLACED,18-02-2017 18:45,11501790,Q Cee,0,7.8,7.38668843866918876260138822133782085234,5.48262641213060917577152897913238721056,7.6,7,1,1001,38,1924.06,8
129780941,GB / Kemp 18th Feb,TO BE PLACED,18-02-2017 18:45,7668067,Higher Court,1,2.84,3.17226399635410804519759499961481798852,4.59999599153706276779209174716287254938,2.94,2.9,1,1001,47.24,3297.48,53.84
129780946,GB / Kemp 18th Feb,TO BE PLACED,18-02-2017 19:15,569432,Alcatraz,0,2.66,2.53530083889996361658712702603290318242,3.41254226309289172639655215571652999347,2.66,2.38,2.4,2.4,88.64,8128.88,262
129780951,GB / Kemp 18th Feb,TO BE PLACED,18-02-2017 19:45,8319283,Bint Dandy,0,3.55,3.2811396707938269973255129136552409718,3.90553702468608700206734237050532588825,3.45,2.94,1,1001,18,6312.5,0
129780951,GB / Kemp 18th Feb,TO BE PLACED,18-02-2017 19:45,8452046,Childesplay,0,3.651657143,3.71365996467913787762811055733364275942,4.94795173456712333699389706014726267845,5.2,3.25,2.78,2.4,42.66,4408.54,393.44
129780951,GB / Kemp 18th Feb,TO BE PLACED,18-02-2017 19:45,9570504,Hawatif,0,7.4,8.24119986025021539286270210476846144054,8.79999574678443950204913649087572578038,10,7,7.2,7.2,85.46,1715.34,40
129780956,GB / Kemp 18th Feb,TO BE PLACED,18-02-2017 20:15,12150394,Tibibit,0,1.75,1.7774195095493103951024496296731759517,1.74998627218109984302626507479716891732,1.88,1.7,1,1001,6.84,17283.8,171.6
129780966,GB / Kemp 18th Feb,TO BE PLACED,18-02-2017 21:15,10987256,Spin Top,0,4.364487534,4.37491990403806384843202178987382915382,5.15965622130771093841475464739388543313,4.6,4.1,6.4,6.4,18,1776.16,64
129782228,GB / Winc 18th Feb,TO BE PLACED,18-02-2017 13:40,9073514,Royal Redemption,0,5.6,5.0129796682158453732229237170733815948,4.99997032022022396593817273875827841357,6.2,4.3,20,2.1,10,3533.26,759.96
129782233,GB / Winc 18th Feb,TO BE PLACED,18-02-2017 14:15,6183508,Dance Floor King,1,2.2748931193079622,2.42483554383083807740007707134397218224,2.69996302580418875889449404475452658905,2.7,2.32,2.82,1.01,4,6418.24,2005.16
129782233,GB / Winc 18th Feb,TO BE PLACED,18-02-2017 14:15,10500775,The Fresh Prince,0,1.6616418394797439,1.68175291545318092964350731240887083546,1.63534660346360455672791354309093029642,1.72,1.67,1.4,1.4,236.7,7028.54,1310.42
129782238,GB / Winc 18th Feb,TO BE PLACED,18-02-2017 14:45,6610893,Irving,0,6.4,6.08455279518138685318937616945059536824,4.73868877623759848476452584611116128252,6.8,5.3,990,6.4,46,4005.82,434.08
129782248,GB / Winc 18th Feb,TO BE PLACED,18-02-2017 15:55,4702291,Grey Gold,0,1.8829346477025681,1.84983233098536421587325284705204030736,1.77151688607677728819692985958940281063,1.89,1.74,9.8,1.68,45.58,5536.9,1077.22
129782248,GB / Winc 18th Feb,TO BE PLACED,18-02-2017 15:55,8168071,Astre De La Cour,1,1.81,1.73771787340135477379625673216112915769,1.70475581764414620847440180856453409613,1.81,1.72,1.81,1.01,10.84,3479.98,2614.62
129782253,GB / Winc 18th Feb,TO BE PLACED,18-02-2017 16:30,8302133,Arden Denis,1,1.652090733,1.57149765862435105267742028968455414459,1.84886642286027119809501992668520079574,1.67,1.47,1.69,1.01,117.26,13782.02,5148.34
129782253,GB / Winc 18th Feb,TO BE PLACED,18-02-2017 16:30,5227777,Scales,0,3.4,3.40827151982395670818219918014076988757,1,3.5,3.25,1,1001,0,2882.16,642.44
129782253,GB / Winc 18th Feb,TO BE PLACED,18-02-2017 16:30,12081493,Gonnabegood,0,5.6,6.68133107074763809645246279782889856429,1,8.2,5.8,1,1001,0,3402.5,100.82
129782258,GB / Winc 18th Feb,TO BE PLACED,18-02-2017 17:05,10819075,Molineaux,1,3.65,3.69520049088652551661081614166382572417,3.63221736706963418567983302767178195823,3.85,3.25,5.1,3.5,32.46,4674.98,1108.54
129782258,GB / Winc 18th Feb,TO BE PLACED,18-02-2017 17:05,12458430,Fadas,1,1.3443815018663823,1.36439480957997476407151509266582552198,1.35222423414480915431211937092561218581,1.53,1.32,1.33,1.13,153.02,16122.9,3799.62
129782258,GB / Winc 18th Feb,TO BE PLACED,18-02-2017 17:05,10116384,La Madrina,0,69.14121037463977,45.0764529582302932073376896876182533497,31.9999535000697498953751569372645941031,100,24,1,1001,8,160.08,.06
129743140,GB / Ascot 18th Feb,TO BE PLACED,18-02-2017 13:15,5687621,Beyond Conceit,1,1.64,1.53494773696988168313858337668435553466,1.36148678968914721850164132995856174107,1.64,1.36,3.15,1.7,1579.34,15193.04,6559.32
129743140,GB / Ascot 18th Feb,TO BE PLACED,18-02-2017 13:15,8869367,Deebaj,0,94.0156862745098,45.707965561161148685514873173695239647,31.9339937843753853530303808479431920902,100,28,80,80,75.46,631.3,6
129743140,GB / Ascot 18th Feb,TO BE PLACED,18-02-2017 13:15,12244762,De Dollar Man,1,3.55,4.04348984672660824788148074259182157866,3.17904086850933204023482556620428102624,4.3,3.4,1,1001,164.16,6258.68,856.2
129743145,GB / Ascot 18th Feb,TO BE PLACED,18-02-2017 13:50,7269212,Flintham,1,2.5111951814290805,2.54725417775246187742765732082270093564,3.07898822054473018011324731155606883985,2.66,2.34,2.32,2,446.42,10604.16,2436.28
129743150,GB / Ascot 18th Feb,TO BE PLACED,18-02-2017 14:25,6871013,Ofaolains Boy,0,4.9652683383618195,4.77244630264845889398177084682743206198,3.50589807194283404724428659894491205621,5.4,4,4.2,4,299.04,4284.28,623.3
129743155,GB / Ascot 18th Feb,TO BE PLACED,18-02-2017 15:00,12124876,Cyrname,0,4.824220580694746,4.68555112419425777511110819598392593209,4.17921739922840544195697999276354879437,5,3.75,9,9,465.26,5888.06,665.28
129743155,GB / Ascot 18th Feb,TO BE PLACED,18-02-2017 15:00,9448032,Krugermac,0,3.3,3.1226178832191767836102756586475133907,2.55200757194558545483794736604676371781,3.6,2.62,1,1001,382.04,10311.04,354.94
129743165,GB / Ascot 18th Feb,TO BE PLACED,18-02-2017 16:10,8501360,Wizards Bridge,0,6.448029892,6.12348405715719884035270100363869847414,6.30473013533313426688659054619400824544,6.2,5.3,5.5,5.5,15.58,2211.86,151.98
129743165,GB / Ascot 18th Feb,TO BE PLACED,18-02-2017 16:10,8993384,Joe Farrell,1,4.908233119368015,4.85193685713205082605941186993040684979,3.85551392697881803636732746211388315093,5.9,4.4,4.2,2,63.24,3148.74,2391.84
129743165,GB / Ascot 18th Feb,TO BE PLACED,18-02-2017 16:10,10571571,Desert Sensation,0,2.5535355245979736,2.602226624314875654269125507041147182,2.97517409245274581794272020280583372532,2.72,2.42,25,2.14,265.62,8157.42,1911.94
129743170,GB / Ascot 18th Feb,TO BE PLACED,18-02-2017 16:45,12240302,Sweetlittlemystery,1,2.26,2.27917658219173841528789106866212631,2.20288057355649920782890151624391326673,2.56,2.2,2.14,2.14,43.08,11906.9,1507.54
129743170,GB / Ascot 18th Feb,TO BE PLACED,18-02-2017 16:45,12538253,Cadeauxs Fire,0,2.4,2.36793471236723106210990395816538444912,1.93134687402306490850653850981094499855,2.58,2.4,2.1,2.1,11.98,5925.6,502.6
129743181,GB / Hayd 18th Feb,TO BE PLACED,18-02-2017 14:05,6966308,Anteros,0,16,13.8577807277778316799613818174761895965,14.0158230640674932563036537431170722097,16,11,13.5,13.5,90.96,1805.74,126.08
129780896,GB / Ling 18th Feb,TO BE PLACED,18-02-2017 13:10,8651954,First Moon,1,2.0495622221452323,1.72860392604002397920198087832638495666,1.65912498890802334694893252282847920445,2.18,1.84,1.8,1.8,288.1,16155.5,978.46
129780906,GB / Ling 18th Feb,TO BE PLACED,18-02-2017 14:20,5636877,Sandfrankskipsgo,0,4.707141377,3.8878881867198411451054893644020260964,2.46759905151862951440637994562882852748,4.1,2.06,1,1001,121,3820.38,60.34
129780926,GB / Ling 18th Feb,TO BE PLACED,18-02-2017 16:40,1189550,Dynamo,0,3.35,3.01032716728481047508711874210441020031,3.0148096929472051022550268991076323563,3.15,2.76,1,1001,114.28,4665.5,118.8
129780926,GB / Ling 18th Feb,TO BE PLACED,18-02-2017 16:40,9588358,Grand Facile,0,2.852752234207492,2.81802800001806448908640789608704417294,2.14668799121787708834317976343431191546,3.05,2.66,2.16,2.16,51.24,7735.84,356.64
129780911,GB / Ling 18th Feb,TO BE PLACED,18-02-2017 14:55,9229411,Final,1,1.9214325373629073,1.94063597424355838295993662644435499798,1.60670310796635027152356653673409800366,2.08,1.86,1,1001,39.1,10367.88,1276.72
129780916,GB / Ling 18th Feb,TO BE PLACED,18-02-2017 15:30,8501023,Doctor Sardonicus,0,1.9848548484052573,1.81428021400419501971365061948585668366,1.84727900276944814239678707865232770789,1.95,1.74,1,1001,86.24,5990.14,133.24
129780931,GB / Kemp 18th Feb,TO BE PLACED,18-02-2017 17:45,8443705,Jersey Bull,0,2.2288681163079715,2.52708884576633257137611938101815962116,4.46015370314345194061303459759708415101,3.6,2.3,2.32,2.32,10,13604.72,978.82
129780931,GB / Kemp 18th Feb,TO BE PLACED,18-02-2017 17:45,8578340,Pillard,1,2.08,2.08374623323972497227291846474650613074,1,2.74,1.94,2.22,2,0,19398.96,1557.26
129780931,GB / Kemp 18th Feb,TO BE PLACED,18-02-2017 17:45,8611924,What Usain,1,3.5968105751354953,3.45383793283624464641332612200441499046,1,3.9,3.05,1,1001,0,4936.44,579.52
129780931,GB / Kemp 18th Feb,TO BE PLACED,18-02-2017 17:45,10483031,Boychick,1,1.289711224,1.30013906904651382166558882312071377081,1.48616646390442800383121795712701781373,1.4,1.25,1.24,1.24,69.56,22330.9,1918.62
129780936,GB / Kemp 18th Feb,TO BE PLACED,18-02-2017 18:15,10802549,Deep Dream,0,2.717832284,2.36830471168736900846224715382577980938,2.11152387412769994848437776238405565695,2.78,2.08,1,1001,28.88,15509.12,202.58
129780951,GB / Kemp 18th Feb,TO BE PLACED,18-02-2017 19:45,6177774,Maggie Pink,0,33.62206365756691,19.4397120253610533022393486792456043751,1,27,15.5,1,1001,0,770.32,0
129780951,GB / Kemp 18th Feb,TO BE PLACED,18-02-2017 19:45,7269239,Jacquotte Delahaye,1,4.365145196224621,4.08947727040647488434828500816099967656,3.94997185202060336135876223714738678774,4,3.9,1,1001,7.42,2661.8,526.98
129780951,GB / Kemp 18th Feb,TO BE PLACED,18-02-2017 19:45,9523114,Threebagsue,1,9.6,9.0501512274493413992842324112068071427,1,9.6,8.4,8.8,8.8,0,3970.42,49.44
129780961,GB / Kemp 18th Feb,TO BE PLACED,18-02-2017 20:45,6505027,Gracious George,0,2.0813791816820233,1.8484480796337854097348112987709610031,1.97743999972982902277951418916262194179,2.1,1.63,1,1001,9.12,17722.88,326.78
129780961,GB / Kemp 18th Feb,TO BE PLACED,18-02-2017 20:45,6784150,Freddy With A Y,1,3.45,4.59682421774079180623415183581629272455,4.91234435608559152391240631229418242614,8.6,3.5,1,1001,29.44,12600.24,329.22
129780966,GB / Kemp 18th Feb,TO BE PLACED,18-02-2017 21:15,11324555,Warba,0,6.17847143,6.46598736821153540152491648311663875985,1,6.6,6.6,1,1001,0,1815.1,13.04
129782243,GB / Winc 18th Feb,TO BE PLACED,18-02-2017 15:20,9245213,Persian Delight,1,1.8781376018109126,1.71080934305761630647580417224399686305,1.25838116251481507093179756566398787881,1.98,1.49,1.83,1.01,230.56,14086.1,5551.5
129782243,GB / Winc 18th Feb,TO BE PLACED,18-02-2017 15:20,10074266,Walt,1,1.4994915222379674,1.48676649967804704679552763594591457029,1.5438746541500830532688450939487178107,1.48,1.41,1.59,1.42,250.28,9828.88,2289.78
129782228,GB / Winc 18th Feb,TO BE PLACED,18-02-2017 13:40,5757021,Shanann Star,1,3.1257444437332023,2.36107777589345400193326506560599834405,3.68518153532732049953102471153307728652,3.15,2.78,1.03,1.03,54,5687.64,1774.16
129782228,GB / Winc 18th Feb,TO BE PLACED,18-02-2017 13:40,9048848,Black Narcissus,0,2.4906528627846365,2.31470917209310656276782175025268424069,1.64023631685658032355879575443355787454,2.66,2.46,6,1.93,195.18,12645.64,2500.56
129782228,GB / Winc 18th Feb,TO BE PLACED,18-02-2017 13:40,8001073,Castarnie,0,2.8,2.41066441608382950622746852125899220975,1,1,1001,1000,4.2,0,1639.58,398.14
129782233,GB / Winc 18th Feb,TO BE PLACED,18-02-2017 14:15,4134093,Daveron,0,2.6046159325805447,2.67276776476158600804676433731460292775,3.98998681415814956256042910850763148135,2.72,2.72,1,1001,20,4040.06,171.52
129782248,GB / Winc 18th Feb,TO BE PLACED,18-02-2017 15:55,6286942,Somchine,0,3.3,3.36461910457192823955063182797182296323,3.40503272822473175986721472741232557824,3.85,3.1,6,6,112.36,3551.34,158.94
129782248,GB / Winc 18th Feb,TO BE PLACED,18-02-2017 15:55,5991567,Croco Bay,1,4.2,4.40201835356333962147155048816609859877,3.71608016428387335734283100300520219292,4.3,4.2,1,1001,55.6,2248.2,1117.42
129782253,GB / Winc 18th Feb,TO BE PLACED,18-02-2017 16:30,8299450,Periquest,0,2.342284852501079,2.43561929690825503299605854187890902885,3.35913671506854436443392972656470621654,2.44,2.28,2.3,2,89.98,6786.2,1980.64
129782258,GB / Winc 18th Feb,TO BE PLACED,18-02-2017 17:05,12317670,The Greenvet,0,90.44125776764005,49.7360387990514395542129711543447292045,1,75,38,990,990,0,85.32,.32
129743150,GB / Ascot 18th Feb,TO BE PLACED,18-02-2017 14:25,5267689,Tenor Nivernais,1,3.337782293332639,3.64357107157697172306679411524915669931,3.93270536354769296279575391064683822076,3.65,3.5,2.7,1.06,213.84,3187.32,3339.16
129743150,GB / Ascot 18th Feb,TO BE PLACED,18-02-2017 14:25,6896639,Virak,0,3.1,3.40795772880909650563659459461324868583,3.81341913295025378003384845778919008233,3.85,3.15,9,3,226.38,4242.24,1172.02
129743155,GB / Ascot 18th Feb,TO BE PLACED,18-02-2017 15:00,5580349,Wolfcatcher,0,7.751038779,6.34852545024179751576837709918535447657,4.97458050794588230892563936301257567264,8.2,4.4,1,1001,340.5,4580.86,261.48
129743160,GB / Ascot 18th Feb,TO BE PLACED,18-02-2017 15:35,9093916,Traffic Fluide,0,7.150056997429867,5.83086880086766733699561588722335234679,5.59273095679016084843518234368999732361,7,5.3,21,5.8,96.08,4336.98,643.28
129743165,GB / Ascot 18th Feb,TO BE PLACED,18-02-2017 16:10,5099863,Awaywiththegreys,0,4.466623500656571,4.87279193365915425932822545677427494076,4.19659376152827539071610381540587833255,5.2,4.1,36,4.8,310.12,4086.14,377.86
129743165,GB / Ascot 18th Feb,TO BE PLACED,18-02-2017 16:10,5426730,Dartford Warbler,0,7.2,6.25836446391636083405023362073934684986,5.16249261157561445328434542028687899079,7,5,6.6,5.8,32,2292.62,264.58
129743170,GB / Ascot 18th Feb,TO BE PLACED,18-02-2017 16:45,11418357,Lady Valerie,0,2.8,2.42447336299019899491648500199105616437,2.17927135323985887613088502308065270174,2.9,2.34,2.82,2.82,72.88,7355.92,564.68
129743186,GB / Hayd 18th Feb,TO BE PLACED,18-02-2017 14:40,9247119,Chain Gang,0,4.5176967014838,4.75889682548309261755274006992199392297,5.87062204515628001560046250221457517818,7.2,4.1,6.4,6.4,83.14,5388.94,227.42
129743191,GB / Hayd 18th Feb,TO BE PLACED,18-02-2017 15:15,5235990,Houblon Des Obeaux,0,4.701027658,5.25506476419024292182099242314764668909,5.05020905731225867146334373141004209071,5.5,5.1,4.6,4.6,638.28,4901.12,314.34
129743191,GB / Hayd 18th Feb,TO BE PLACED,18-02-2017 15:15,6005122,Kruzhlinin,0,4.6387801481958,4.21036489182122762409801852033729961502,3.75576510542036283120971426033483973588,4.7,3.6,4.3,4.2,990.16,5874.06,636.06
129743191,GB / Hayd 18th Feb,TO BE PLACED,18-02-2017 15:15,6761276,Gas Line Boy,0,4.950779878296564,5.00326743308702951781057509226736855303,5.39021026935688069046338705905899738398,5.4,4.6,4.2,4.2,753.68,8578.92,904.2
129743191,GB / Hayd 18th Feb,TO BE PLACED,18-02-2017 15:15,6761518,Vicente,0,4.1,4.04142341706892150274412299558246278893,4.29270434416427957330380215136604847592,4.8,3.7,1,1001,1479.04,9842,279.78
129743191,GB / Hayd 18th Feb,TO BE PLACED,18-02-2017 15:15,6919610,Vieux Lion Rouge,1,3.55,3.55281173049249374017101667311438307263,2.88692750406943052662722929516131497684,3.95,2.39,3.15,1.01,1739.58,11405.34,4085.08
129743196,GB / Hayd 18th Feb,TO BE PLACED,18-02-2017 15:50,12094947,Report To Base,0,2.9764925036889425,3.17758707072337950614796508411586669878,2.65484442078012098017039156709297834975,3.35,3.15,3.45,2.84,152.64,5694.54,1072.2
129743206,GB / Hayd 18th Feb,TO BE PLACED,18-02-2017 16:55,3830912,Kiestown Chief,0,68.31400517959689,20.9840156848468171348413466410051418389,14.9999342003092585464848315212918499283,85,21,500,500,4,300.96,12
129743206,GB / Hayd 18th Feb,TO BE PLACED,18-02-2017 16:55,5043033,Bears Affair,1,1.51343872,1.54751392585979451104145105188470882288,1.30333191441404479652378514984946570417,1.7,1.46,1.3,1.3,18,8821.9,2064.14
129743206,GB / Hayd 18th Feb,TO BE PLACED,18-02-2017 16:55,5975888,Wonderful Charm,1,1.1932156356667334,1.1260152732410440733297553106418139421,1.11341581587672906837524874341851095339,1.16,1.08,1.1,1.06,45.14,19522,4956.64
129780896,GB / Ling 18th Feb,TO BE PLACED,18-02-2017 13:10,11953840,Diamante,0,12.64198482525942,10.2703834626020161642426026017891363864,7.06205182236080635878063644283517952779,17,11.5,1,1001,39.06,1562.98,12.02
129780906,GB / Ling 18th Feb,TO BE PLACED,18-02-2017 14:20,4020410,Seamster,1,5.019883639645996,6.23252348403244726075743619455117959043,5.5706403397783095436036955093805326348,7.2,6.4,1,1001,15,3084.58,114
129780906,GB / Ling 18th Feb,TO BE PLACED,18-02-2017 14:20,8756228,Just Us Two,0,2.619128047250032,2.63853550576836060124711844033916854865,2.74433261379613014242964958110288112839,2.9,2.56,1,1001,240,7698.12,357.88
129780921,GB / Ling 18th Feb,TO BE PLACED,18-02-2017 16:05,10987237,Heavenly Cry,0,3.339276353,3.28988240175169990166319890368381445877,3.05916526286614769703204077509487986458,3.65,3.15,1,1001,11.98,5350.9,26.2
129780916,GB / Ling 18th Feb,TO BE PLACED,18-02-2017 15:30,29279,Fast Track,0,1.47,1.52400247579027184718325439534532258821,1.56195866053229587089873189232015223335,1.6,1.45,1.68,1.68,140.46,17141.72,909.2
129780916,GB / Ling 18th Feb,TO BE PLACED,18-02-2017 15:30,9659886,Kadrizzi,0,2.211942710211934,2.32028755464751886494772428419074287717,2.97502954702711624636460681461715405025,2.36,2.36,1,1001,64.4,2700.3,99.52
129780931,GB / Kemp 18th Feb,TO BE PLACED,18-02-2017 17:45,811438,Pivotal Flame,0,11.724159553374047,9.04812742353341320883853516143988338247,6.80544356788852617442323381788514436264,13.5,5.9,1,1001,33,2710.78,159.38
129780931,GB / Kemp 18th Feb,TO BE PLACED,18-02-2017 17:45,5898750,Hallings Comet,0,4,4.38076074736140707700557266457194014629,1,5,3.85,1,1001,0,4409.38,28.58
129780931,GB / Kemp 18th Feb,TO BE PLACED,18-02-2017 17:45,9517644,Tulip Dress,0,4.1,3.68489253259189989212676595399921074764,2.55996716269122534970638868051827509031,4.3,2.2,1,1001,4,3927.94,46.22
129780936,GB / Kemp 18th Feb,TO BE PLACED,18-02-2017 18:15,12360050,Mister Raffles,0,17.5,22.3099529271255150481546367450541295771,1,32,21,1,1001,0,608.96,.16
129780941,GB / Kemp 18th Feb,TO BE PLACED,18-02-2017 18:45,10495186,Dream Farr,1,1.8783607156206872,1.76444014258145006717938059610452483655,1.77776023757607418740934245809813219679,1.85,1.62,1.55,1.5,103.56,32512.26,1382.12
129780956,GB / Kemp 18th Feb,TO BE PLACED,18-02-2017 20:15,10853397,Haabis,0,4.894372772471145,4.7825292688754057379369164612271588303,5.99999677328258050260867649369306379276,6,4.4,1,1001,70.66,1541.1,0
129780961,GB / Kemp 18th Feb,TO BE PLACED,18-02-2017 20:45,9027386,Rustique,0,3.281564227330963,3.09809880118955059046828993514789628098,3.02093957425080864129006701373601937189,3.25,3.05,4.1,4.1,152,5408.7,465.26
129780961,GB / Kemp 18th Feb,TO BE PLACED,18-02-2017 20:45,11975712,Scribner Creek,0,2.592022663719108,2.47314017808273614257651472738783976862,2.36346823388272506917635448415152119664,2.6,2.4,1,1001,50.94,7660.8,70.58
129782243,GB / Winc 18th Feb,TO BE PLACED,18-02-2017 15:20,8977674,Mondello,0,2.82,2.80793723880870655110659839611804248916,2.4949384516004613864357897835239222777,2.92,2.72,1,1001,8,3633.38,329.14
129782238,GB / Winc 18th Feb,TO BE PLACED,18-02-2017 14:45,8472467,Yanworth,1,1.14,1.16086870307866250590551285013158240829,1.23903119539853799236780588178511353645,1.2,1.14,1.12,1.01,568.36,39456.92,7457.24
129782248,GB / Winc 18th Feb,TO BE PLACED,18-02-2017 15:55,6440106,Gardefort,1,1.67,1.72487291361491095540301969939683687157,1.74646199367152446372972892930227799773,1.76,1.68,1.46,1.01,152.54,7572.62,4208.52
129782248,GB / Winc 18th Feb,TO BE PLACED,18-02-2017 15:55,8453987,Pain Au Chocolat,0,2.197055053766481,2.16610854935355203846306823247902008671,2.14369506307827830307132071608568360525,2.22,2.04,2.02,1.4,140.16,8311.4,3277.62
129782253,GB / Winc 18th Feb,TO BE PLACED,18-02-2017 16:30,3721749,Phare Isle,0,3.9862473101741127,4.19965402966690377282616734870926600307,4.84997828612246626929024120303961485657,4.3,4.1,1,1001,10,2417.28,264.38
129782253,GB / Winc 18th Feb,TO BE PLACED,18-02-2017 16:30,9789903,Illhavealook,1,4.4,5.64190961606223434233551552436558468386,1,5.9,4.6,1,1001,0,3538.72,982.6
129782258,GB / Winc 18th Feb,TO BE PLACED,18-02-2017 17:05,12201713,Whin Park,0,2.3366033414073266,2.15000725719914342367564585044567847552,3.10258464876421210035367154145651125216,2.34,2.04,2.28,1.87,67.2,19429.92,1310
129782258,GB / Winc 18th Feb,TO BE PLACED,18-02-2017 17:05,12232713,Garde Forestier,0,9.8,11.0537282530028402630037315012189608695,1,18.5,18.5,10,10,0,546.7,111.66
129782258,GB / Winc 18th Feb,TO BE PLACED,18-02-2017 17:05,9170388,Georgian Hero,0,161.755675859,100.684860441195382326464742949359870896,1,110,95,990,990,0,20,.86
129743145,GB / Ascot 18th Feb,TO BE PLACED,18-02-2017 13:50,8371167,Fletchers Flyer,0,2.240561576,2.31407130255410555658702175112908399729,2.45019144421306924219356636988773617935,2.52,2.16,2,1.81,90.02,9314.82,1750.48
129743155,GB / Ascot 18th Feb,TO BE PLACED,18-02-2017 15:00,9458612,Air Horse One,1,2.68,2.45517982022937063997546747774257988253,2.34942166722810947202025024201330123863,2.68,2.34,1,1001,695.48,15355.44,1202.52
129743155,GB / Ascot 18th Feb,TO BE PLACED,18-02-2017 15:00,10626404,Prime Venture,1,4.935871564524424,5.21296548262328403259343623285881222986,6.35242437400022241014339627817072704792,5.3,4.7,1,1001,94.26,3885.04,654.26
129743160,GB / Ascot 18th Feb,TO BE PLACED,18-02-2017 15:35,4360454,Cue Card,1,1.28,1.22595930840962763457265583437208772072,1.20710196236053692080468923773590804027,1.28,1.22,1.29,1.01,949.62,51588.86,5391.6
129743170,GB / Ascot 18th Feb,TO BE PLACED,18-02-2017 16:45,10810324,Storm Patrol,1,1.65937936927563,1.5596125410435292675926832709519571938,1.88204021670129407664210807703715754365,1.94,1.64,1,1001,385.1,13589.24,1272.1
129743176,GB / Hayd 18th Feb,TO BE PLACED,18-02-2017 13:30,12383123,Zalvados,1,4.169077475304002,4.54245685666681759531529284107047509937,5.74087556233412100965608322790431767823,6.2,4.1,4.9,4.9,68,4633.58,1521.38
129743191,GB / Hayd 18th Feb,TO BE PLACED,18-02-2017 15:15,5914590,Tour Des Champs,0,9.29347128173802,8.2705476332285443483009576306077646582,6.5995637747222344692813030648608191522,10.5,6,1,1001,421.38,3980.8,102.18
129743191,GB / Hayd 18th Feb,TO BE PLACED,18-02-2017 15:15,6368074,Goodtoknow,0,4.1901218206245545,4.0483941614933370848006856610961221867,3.66015331558052461911470682249619489835,4.4,3.5,1,1001,1167.2,7479.1,273.86
129743191,GB / Hayd 18th Feb,TO BE PLACED,18-02-2017 15:15,8475341,Warrantor,0,5.14989711141603,5.24332985733005358307146978673463823282,5.21920047145131726336569305560454222612,5.6,4.79,1,1001,935.26,6597.32,219.22
129743196,GB / Hayd 18th Feb,TO BE PLACED,18-02-2017 15:50,10412005,Ballyarthur,0,4.2,4.29676895860851552978764673883855889771,4.20755834614898556432633784640788115892,4.6,4.3,1.61,1.61,95.9,2354.82,588.18
129743201,GB / Hayd 18th Feb,TO BE PLACED,18-02-2017 16:20,8735108,Captain Redbeard,1,2.02,2.01585954392570590202741035289881880094,2.08007143717630654395074310494168390815,2.14,1.95,1,1001,275.44,8934.78,1470.4
129743201,GB / Hayd 18th Feb,TO BE PLACED,18-02-2017 16:20,8930754,Tanit River,0,2.2,2.19020852440871727584565480350361013448,2.31682362731465374792947154824284208213,2.3,2.04,25,1.91,129.82,10700.94,1116.62
129780896,GB / Ling 18th Feb,TO BE PLACED,18-02-2017 13:10,12255623,Flight of Fantasy,1,1.15,1.1155913161879017138434540803406157883,1.15762825271607211579390424031164499761,1.18,1.1,4.1,1.13,1700.36,42953.64,2784
129780901,GB / Ling 18th Feb,TO BE PLACED,18-02-2017 13:45,9486528,Jeanies Place,0,12.5,11.836405706091195660358570437284727058,3.5269869228426742891605535941351503506,15,7.4,1,1001,8,1341.8,16.08
129780906,GB / Ling 18th Feb,TO BE PLACED,18-02-2017 14:20,248456,Gwendolyn,0,2.898594953894972,2.87904856029487927884419302301082080957,4.10558520674882743098468048745474044904,3,2.7,3,3,87.5,5225.68,906.52
129780906,GB / Ling 18th Feb,TO BE PLACED,18-02-2017 14:20,5473868,Monumental Man,1,3.4353273626924423,3.89485012102295320673526615125886773271,3.69999186145310333421709257419238350582,4.4,3.9,1,1001,28,3394.56,527.12
129780906,GB / Ling 18th Feb,TO BE PLACED,18-02-2017 14:20,9596309,Dr Doro,0,13.208300524169099,12.9587056938834823153470797930972014573,5.65712728903163380853841145731027127709,16,10.5,1,1001,14,1905.08,2.46
129780926,GB / Ling 18th Feb,TO BE PLACED,18-02-2017 16:40,5873626,Santadelacruze,0,3.459573417873926,3.72455690619136079056278284014679952487,3.63791355843869125093027494589677336995,3.9,3.55,2.56,2.56,32.54,5797.86,615.2
129780926,GB / Ling 18th Feb,TO BE PLACED,18-02-2017 16:40,10162706,Smiley Bagel,1,1.5846436238268415,1.65924612583268012643617273239860497312,1.72021275074179297774771489866245504559,1.72,1.57,1.52,1.52,51.92,35813.9,1578.32
129780926,GB / Ling 18th Feb,TO BE PLACED,18-02-2017 16:40,2022255,Salient,0,7.277087048540997,6.66155528651412519131331803805331777622,5.89869398176679955199466475800057767529,7.4,4.9,1,1001,234.54,2374.96,116.18
129780921,GB / Ling 18th Feb,TO BE PLACED,18-02-2017 16:05,12538111,Midnightly,1,2.74,2.72185832326217599205738022806897032414,2.9999953750106952877671470384724735324,3.1,2.2,2.64,2.64,48,10669.06,402.54
129780916,GB / Ling 18th Feb,TO BE PLACED,18-02-2017 15:30,8492655,Kasbah,1,1.691176832196298,1.66356096014640309139182166310371171898,1.85949137626880456023881319740813414439,1.68,1.6,1.01,1.01,177.16,13344.4,803.66
129780916,GB / Ling 18th Feb,TO BE PLACED,18-02-2017 15:30,9977376,Suqoor,1,7.6,6.4144500314666093220792913344911476009,5.58991477169557557447552966506466885887,6.85,6.47,2.14,2.14,38,2063.26,283.92
129780931,GB / Kemp 18th Feb,TO BE PLACED,18-02-2017 17:45,7002944,Innoko,0,6.476276046812638,7.02485921495042811862658621582777744117,4.258839604301662277697334145504075842,8.4,6.6,1,1001,20,2873.56,4
129780931,GB / Kemp 18th Feb,TO BE PLACED,18-02-2017 17:45,7390411,Bushel,0,12.5,15.3492609049467882014273292535011286292,9.59995678521715428379972390638737040346,22,12,1,1001,8,1128.18,11.7
129780936,GB / Kemp 18th Feb,TO BE PLACED,18-02-2017 18:15,12232389,Al Sail,1,1.15,1.17732717308331620127302932617344711596,1.35957466212214658552857315743743991092,1.27,1.12,1.01,1.01,75.82,26751.54,4247.2
129780936,GB / Kemp 18th Feb,TO BE PLACED,18-02-2017 18:15,11882753,Hurricane Rock,0,7,7.06960031118321892061652408634459064875,5.59997450124999307099184594320430596283,9,5.4,1,1001,9.02,1969.7,8.16
129780941,GB / Kemp 18th Feb,TO BE PLACED,18-02-2017 18:45,7413472,Nezar,0,6.6,7.15946383284983986447744117283082236852,1,7.6,7.4,990,990,0,1835.8,.9
129780941,GB / Kemp 18th Feb,TO BE PLACED,18-02-2017 18:45,8564690,Anonymous John,0,2.234875665,2.3736107138517738102074425374887249674,2.55971976739539566074094630035613701451,2.46,2.28,1,1001,139.2,10906.68,584.94
129780941,GB / Kemp 18th Feb,TO BE PLACED,18-02-2017 18:45,10257407,Geoff Potts,1,3.5,3.21473870928163972813358848645735427101,2.25947732940807065472821489213194162505,3.55,3.1,1,1001,4,5451.6,617.18
129780946,GB / Kemp 18th Feb,TO BE PLACED,18-02-2017 19:15,8786343,Archangel Raphael,0,5.649136132269703,6.23549658265267989890257596975480782212,9.79998570164804754379276488620180971641,7.8,5.8,1,1001,27.08,1513.94,2.04
129780951,GB / Kemp 18th Feb,TO BE PLACED,18-02-2017 19:45,9966105,Summer Icon,1,2.627809112,2.45897160293157874184371862671345292687,2.56412352830116784017069295640267566367,2.56,2.18,1,1001,159.22,9822.1,641.08
129780956,GB / Kemp 18th Feb,TO BE PLACED,18-02-2017 20:15,9541413,Arcanista,1,2.54,2.50491383382754358988102665165259232375,2.18429904424725902583709498437502802582,2.64,2.48,2.56,1.01,54.86,8906.8,1276.4
129780961,GB / Kemp 18th Feb,TO BE PLACED,18-02-2017 20:45,11889221,Samphire Coast,0,2.662135345784535,2.62107235217560225419924334505189939319,1,2.78,2.46,3.5,3.5,0,8447.48,133.72
129780966,GB / Kemp 18th Feb,TO BE PLACED,18-02-2017 21:15,673249,Man About Town,0,4.694287908792032,4.14608483199761178396816004411634070518,5.4489438432172913496742194347122276713,5.43,3.45,1,1001,42,4539.06,0
129780966,GB / Kemp 18th Feb,TO BE PLACED,18-02-2017 21:15,11244905,Dashing Poet,0,6.1743474614457945,4.65947267759037276936343997194402907632,1,6,3.5,1,1001,0,5657.2,8
129782243,GB / Winc 18th Feb,TO BE PLACED,18-02-2017 15:20,4367508,Spice Fair,0,2.82,2.81327356569185799152295505379065919562,2.62398661835026479381809893886474375451,2.98,2.68,2.9,2.7,10,5803.82,566.2
129782228,GB / Winc 18th Feb,TO BE PLACED,18-02-2017 13:40,5933011,Financial Climate,0,1.901406909389284,1.72318345188352671892233637790182718661,1.9502008674417522032257492516044653579,1.96,1.79,19.5,2,85.98,16506.9,1633.34
129782238,GB / Winc 18th Feb,TO BE PLACED,18-02-2017 14:45,8446218,Chtibello,1,3,3.03649574904519810693518080894885771549,2.70314935071602013894443279448413249529,3.15,2.76,3.5,3.25,95.84,6352.96,2095.56
129782253,GB / Winc 18th Feb,TO BE PLACED,18-02-2017 16:30,8528875,John Daniell,0,12.952560533678337,9.14709033470367166999300955504161082439,1,11.5,7.2,1,1001,0,1052.9,65.68
129782258,GB / Winc 18th Feb,TO BE PLACED,18-02-2017 17:05,12333115,Scrumpy Boy,0,99.59102756571023,72.6738638054111588126711546641020967036,1,110,55,40,40,0,52.5,8.04
129782258,GB / Winc 18th Feb,TO BE PLACED,18-02-2017 17:05,12464470,Jamesgiftkeysandal,0,29.076132299257438,39.3691229944006094136820461093685629242,1,60,36,1,1001,0,233.36,7.04
129743140,GB / Ascot 18th Feb,TO BE PLACED,18-02-2017 13:15,11994739,Tintern Theatre,0,2.7887815104415132,2.89859042932607356280799193167190978816,3.76700547241136581100416795297502925492,2.94,2.58,3.8,3.8,172.04,9787.82,363.2
129743140,GB / Ascot 18th Feb,TO BE PLACED,18-02-2017 13:15,12146458,Acting Lass,0,1.7451682573116343,1.72351567167319021044346761561751458466,1.71054402032239746430158395017803878461,1.8,1.55,1.66,1.59,444.66,11288.54,3442.16
129743140,GB / Ascot 18th Feb,TO BE PLACED,18-02-2017 13:15,9155902,Ahio,0,69.36114257957789,35.3307581822589839843501925786733927453,22.2997816561618892911120517880485335773,60,22,1,1001,77.22,975.42,26.9
129743150,GB / Ascot 18th Feb,TO BE PLACED,18-02-2017 14:25,10502960,Chef Doeuvre,0,2.5627259553560267,2.34150779864319280797551247731731333653,2.44083651233449779049679852954226859808,2.62,2.18,1000,2.58,787.7,24376.94,5213.34
129743155,GB / Ascot 18th Feb,TO BE PLACED,18-02-2017 15:00,10734684,Connetable,0,3.489624035,4.69739656451780224131355067256851790341,6.65533686987258553193373871352478770259,7.2,3.6,1,1001,626.04,11770.64,460
129743155,GB / Ascot 18th Feb,TO BE PLACED,18-02-2017 15:00,8299449,Ordo Ab Chao,0,3.2081790444723453,3.32381422842864937387812701695001358222,3.47651046053214481076342061580851716391,3.6,2.98,2.8,2.02,528.72,15491.32,3263.62
129743155,GB / Ascot 18th Feb,TO BE PLACED,18-02-2017 15:00,8834420,Doesyourdogbite,0,3.0943454775283312,3.05399178070527285235072277358621632341,2.95214083157697146606174781904655897494,3.25,2.9,2.9,2.9,258.78,7354.48,588.66
129743160,GB / Ascot 18th Feb,TO BE PLACED,18-02-2017 15:35,8255400,Shantou Flyer,1,6.153466946150221,5.89651980191300410533899754226085160318,6.48047015195704688831826545334612917661,7.4,6,1,1001,67,5534.3,696.5
129743165,GB / Ascot 18th Feb,TO BE PLACED,18-02-2017 16:10,10452326,Max Forte,0,4.2,4.50116114620706989356749781842576186945,5.17817566486856628447510831847684006138,5.1,3.8,4.4,3.4,55,3028.18,773.4
129743165,GB / Ascot 18th Feb,TO BE PLACED,18-02-2017 16:10,3228472,Forthefunofit,1,7.8,7.85431811592647703531155976875858972923,6.99991030134099495212546572428742190304,8.2,7.2,1,1001,4,1966.76,733.5
129743170,GB / Ascot 18th Feb,TO BE PLACED,18-02-2017 16:45,12538249,Fortunello,0,3.655428313539359,2.9538345914381081610656478588085135867,2.56906960339778959894616209809545924631,3.85,2.86,1,1001,22,3573.98,44
129743176,GB / Hayd 18th Feb,TO BE PLACED,18-02-2017 13:30,12458424,Admiral Barratry,0,2.465981636,2.32489686867379245420947604591434178006,2.54791810533152734428639147106830012787,2.5,2.26,1000,3.95,204.12,7975.16,907.54
129743186,GB / Hayd 18th Feb,TO BE PLACED,18-02-2017 14:40,6865393,Knock House,0,14.5,12.213498212923739061738103640141285689,4.96340092922617337939399181624037155069,15.5,8.2,1,1001,160.94,2179.18,57.02
129743186,GB / Hayd 18th Feb,TO BE PLACED,18-02-2017 14:40,9471371,Call To Order,0,1.9196531133570756,1.77568556278553136772265965030614169378,1.72739262258214076696395789111306459098,1.95,1.63,3.15,1.86,275.36,31086.98,1865.62
129743201,GB / Hayd 18th Feb,TO BE PLACED,18-02-2017 16:20,10426714,Lofgren,0,5,4.98745585306756116099687360851277576721,5.81556940279875964784871728759489756254,6.41,4.6,19,19,237.38,3348.8,67.92
129743201,GB / Hayd 18th Feb,TO BE PLACED,18-02-2017 16:20,12538302,Commis Doffice,0,6.579871053637472,5.47845115433095437557271343451663031736,3.49665468272418959055663199483309146783,6.2,5.01,2.26,2.26,12,1852.7,697.28
129743201,GB / Hayd 18th Feb,TO BE PLACED,18-02-2017 16:20,8333093,Palm Grey,0,2.573753705663548,2.69100166849812853507570296465111066337,2.08164288851918421674457739271102561949,2.72,2.7,1,1001,119,4928.54,482.76
129743206,GB / Hayd 18th Feb,TO BE PLACED,18-02-2017 16:55,3502269,Pearlysteps,0,1.370677961,1.51274039688728500319046978657547249511,1.79671095052887408332371080099100645769,1.61,1.34,1.38,1.2,346.7,21287.1,2320.78
129780896,GB / Ling 18th Feb,TO BE PLACED,18-02-2017 13:10,59663,Follow Me,0,23.632335245718714,16.9977887560410989664973211454393785437,10.5136598883293520258223434436984645498,36,20,24,24,27.06,1008.54,28.02
129780896,GB / Ling 18th Feb,TO BE PLACED,18-02-2017 13:10,11581982,Dreaming Time,1,1.95,1.63351544774046667315996830408832988009,2.47847243569683877454656887427680494391,1.97,1.8,1.6,1.6,300.72,15108.78,1190.24
129780896,GB / Ling 18th Feb,TO BE PLACED,18-02-2017 13:10,11701655,Prize Diva,0,2.06,1.83122332930987636341827485404725782132,2.04151413680783027009362200595175727679,2.28,1.98,1,1001,782.96,10772.06,95.42
129780896,GB / Ling 18th Feb,TO BE PLACED,18-02-2017 13:10,12162511,Zenovia,0,2.432871141878312,1.92702758153638240870630133276833487622,2.27748053046448618750639707763979129087,2.92,2.44,1,1001,132.92,6640.66,118.08
129780901,GB / Ling 18th Feb,TO BE PLACED,18-02-2017 13:45,7893071,For Ayman,0,2.996652659,3.20715832182188527420897273755444917564,3.94999203502150544193530677467170838639,1,1001,1,1001,16,1576.6,40.04
129780921,GB / Ling 18th Feb,TO BE PLACED,18-02-2017 16:05,10441455,Beach Dancer,0,3.606044221,3.48773275242116720745204620366712150196,4.47637058599671275617272744693517256716,4.1,2.98,1,1001,232.94,4394.76,5.06
129780921,GB / Ling 18th Feb,TO BE PLACED,18-02-2017 16:05,11288286,Jashma,1,2.48,2.95792991700869916713241585354895610258,3.5999879563182142714925396071226946404,4.6,2.5,1,1001,20.12,7772.08,840.62
129780911,GB / Ling 18th Feb,TO BE PLACED,18-02-2017 14:55,5053316,Forceful Appeal,0,2.862260957378094,2.81408989134188945753797972594355683836,2.89494764020192983617233307054326067115,2.94,2.66,1,1001,23,5894.76,65.04
129780936,GB / Kemp 18th Feb,TO BE PLACED,18-02-2017 18:15,12048091,Dance Rebel,1,3.855313348,4.39906022844124595086841405140658679892,4.59742319501478643430962748945310017631,4.8,3.9,1,1001,4,3789.66,511.08
129780936,GB / Kemp 18th Feb,TO BE PLACED,18-02-2017 18:15,12538468,Cold Fire,0,15.355302613834208,14.1096799867533093933032682792962763871,1,16,16,1,1001,0,720.82,10.66
129780936,GB / Kemp 18th Feb,TO BE PLACED,18-02-2017 18:15,12538469,Hungarian Rhapsody,0,1.6,1.54547639905618144339369348335437586385,1.61211249232624940404027232671744993399,1.65,1.49,1,1001,23.16,16570,1132.84
129780941,GB / Kemp 18th Feb,TO BE PLACED,18-02-2017 18:45,9353198,Nags Wag,0,8.6,8.31685183984076978253352794211318955056,5.49265651326294669240714182652613871759,9.2,5.6,1,1001,30,2766.92,20
129780946,GB / Kemp 18th Feb,TO BE PLACED,18-02-2017 19:15,9507753,Kingthistle,1,2.98,2.74973751056264249127162573883518872708,1,2.78,2.42,1,1001,0,6984.54,643.54
129780946,GB / Kemp 18th Feb,TO BE PLACED,18-02-2017 19:15,9659892,Hairdryer,0,2.3640511382647666,2.55296746962039317080953487278576902735,1,2.92,2.34,1,1001,0,4792.86,159.56
129780951,GB / Kemp 18th Feb,TO BE PLACED,18-02-2017 19:45,12538472,Ibazz,0,2.48,2.92528945402442449965474961849003200788,5.74415942631919411505839972489485163801,4.8,2.44,3.1,3.1,51.98,10616.02,256.22
129780951,GB / Kemp 18th Feb,TO BE PLACED,18-02-2017 19:45,9463689,Rebel Surge,0,4.8,4.12164524041089291232105253005530247701,1,4.2,3.55,1,1001,0,2453.46,79.44
129780951,GB / Kemp 18th Feb,TO BE PLACED,18-02-2017 19:45,10302463,Staintondale Lass,0,7.582309626,7.71283625305559531985198936334265169668,1,9,7.4,1,1001,0,2684.08,15.34
129780956,GB / Kemp 18th Feb,TO BE PLACED,18-02-2017 20:15,8742365,Swot,0,1.571025379751438,1.58030263704032417334397954965998626842,1.69998169697663936569440674547342575323,1.62,1.5,1.49,1.49,5.14,25179.76,985.74
129780956,GB / Kemp 18th Feb,TO BE PLACED,18-02-2017 20:15,8732886,Cosmic Ray,0,4.08072140117627,4.46226454049442306109283721112659625612,6.95867310614381098037668450387058793418,4.5,3.95,6.6,6.6,72.6,2429.26,158.16
129780961,GB / Kemp 18th Feb,TO BE PLACED,18-02-2017 20:45,6682163,Embankment,0,5.356790214,5.27902249621780460657206396302818044144,1,5.5,4.7,1,1001,0,3311.18,13.26
129780966,GB / Kemp 18th Feb,TO BE PLACED,18-02-2017 21:15,11404379,Lord Cooper,1,1.3685116806220046,1.68648381837723126674066340321093994367,1.83468672663559144239575923819640341364,1.79,1.6,1,1001,64.32,18981.28,716.14
129782233,GB / Winc 18th Feb,TO BE PLACED,18-02-2017 14:15,30649,Bishops Court,1,1.8052638242683234,1.7590097915437749115693041859969350548,1.64193349031698905746677056550831125176,1.84,1.72,1,1001,236.84,11271.64,2547.06
129782248,GB / Winc 18th Feb,TO BE PLACED,18-02-2017 15:55,8299446,Doctor Phoenix,0,2.7468557055611464,2.94952473315082726579586022863957200497,3.04052139405167334790861047965647010843,3.1,2.82,6.4,3.05,122.56,2747.72,1322.96
129782253,GB / Winc 18th Feb,TO BE PLACED,18-02-2017 16:30,10361133,Prince Mahler,0,8.8,9.90754467860367966415532720529341755098,1,13,8.8,1,1001,0,1079.64,144.02
129782258,GB / Winc 18th Feb,TO BE PLACED,18-02-2017 17:05,11433349,Matts Legacy,0,46.9616148097822,46.7355333005467948056808975334398239412,1,70,40,990,990,0,92.42,.32
129782258,GB / Winc 18th Feb,TO BE PLACED,18-02-2017 17:05,11514995,Sergio,0,24.670345278577038,18.0103087873843373285640616940636758978,1,22,13.5,1,1001,0,407.36,15.28
129743140,GB / Ascot 18th Feb,TO BE PLACED,18-02-2017 13:15,9337963,Criq Rock,0,2.5142301613570455,2.48334082173744630173028648252216489388,2.61352676879538556387683761815010952734,2.68,2.3,2.86,2.86,1072.02,12955.88,606.54
129743140,GB / Ascot 18th Feb,TO BE PLACED,18-02-2017 13:15,12244754,Topofthegame,1,1.3432293988925994,1.34878594410470137638355207745988122684,1.45321848279806271474375009077711977757,1.44,1.3,1.33,1.01,1030.78,21357.9,3713.56
129743145,GB / Ascot 18th Feb,TO BE PLACED,18-02-2017 13:50,8371171,Laurium,0,5.7,5.18732653562682389123398250587202826029,4.03809136091197750280966308100140138869,5.5,4.7,8.4,7.6,42,3056.5,269.52
129743150,GB / Ascot 18th Feb,TO BE PLACED,18-02-2017 14:25,6973745,Sausalito Sunrise,0,2.815978087795812,2.92030782987989211953367484980074669206,2.91458606156465584515362245159372158697,2.98,2.74,3,2,634.3,8414.24,1279.16
129743150,GB / Ascot 18th Feb,TO BE PLACED,18-02-2017 14:25,8408917,Go Conquer,1,3.3,3.23470363749937286001872035481426256753,2.44115980047609794970581029395202749045,3.45,3.05,2.9,1.01,141.3,4042,2448.98
129743165,GB / Ascot 18th Feb,TO BE PLACED,18-02-2017 16:10,1527106,Bon Enfant,0,3.0238199461032305,3.14108666948072353969796380278432957707,2.76491929968367428803990920072852521366,3.45,2.92,1,1001,135.1,6191.36,524.22
129743165,GB / Ascot 18th Feb,TO BE PLACED,18-02-2017 16:10,6586443,Spellbound,0,3.8,3.96168562328837190254293965629411075308,4.0521387901162114017056215983561900069,3.95,3.8,3.45,3.45,161.18,3255.32,473.76
129743165,GB / Ascot 18th Feb,TO BE PLACED,18-02-2017 16:10,8371157,Ballyheigue Bay,0,8.99706081633834,9.11021982550318974256597488970185875888,6.3642773613395373427204234781977268064,8.8,8.4,23,23,28,1150.42,114.28
129743181,GB / Hayd 18th Feb,TO BE PLACED,18-02-2017 14:05,8370335,Aux Ptits Soins,1,2.28,2.17324770512835939863449104882311065957,1.64341558481478163395163967858062595977,2.24,2.24,1.95,1.01,120.02,6894.32,1544.9
129743186,GB / Hayd 18th Feb,TO BE PLACED,18-02-2017 14:40,8992630,Eminent Poet,0,2.5544220424890147,2.88104800112594075013027629961457215721,3.95711513778440126503025967211724362138,4,2.62,1,1001,84.42,8892.02,298.46
129743191,GB / Hayd 18th Feb,TO BE PLACED,18-02-2017 15:15,9045752,Vintage Clouds,1,2.818916753,2.68443336232101462761051152524276741069,3.03034641878832279414072082446473176358,3.1,2.46,3.35,2.5,1658.74,18909.6,1358.64
129743196,GB / Hayd 18th Feb,TO BE PLACED,18-02-2017 15:50,9052305,Theligny,0,3.449175895792724,3.61188854522446633196382019559966580291,3.87150589054739429028740044524880473782,3.7,3.5,3.05,2.5,41.84,3174.62,1027.8
129743196,GB / Hayd 18th Feb,TO BE PLACED,18-02-2017 15:50,10680678,Progress Drive,0,7.6,8.15841060516573999885438371416364129982,8.42311219513146339822563806077434516425,8.6,7.6,11,11,32,2106.22,79.04
129743196,GB / Hayd 18th Feb,TO BE PLACED,18-02-2017 15:50,8957637,Another Bill,0,12.324139551147821,10.9877255480127897176819409594967558118,8.02894409526128511839330654561104217195,12.5,10.5,1000,11,20.72,1186.58,105.12
129743201,GB / Hayd 18th Feb,TO BE PLACED,18-02-2017 16:20,9232250,Aqua Dude,1,1.8315515702715037,1.73810105828837995286398070119375225635,1.92958738219533421726070818019045074164,1.81,1.65,2.02,1.73,243.12,14522.1,3546.98
129780901,GB / Ling 18th Feb,TO BE PLACED,18-02-2017 13:45,6466648,Borough Boy,0,3.35,3.37025121412195623773808831495265016237,3.39230568122624717383637756282679122191,3.35,3.35,1,1001,39.42,1742.74,72.14
129780901,GB / Ling 18th Feb,TO BE PLACED,18-02-2017 13:45,8753815,Rubheira,0,85,67.6286475966392064899455376100916218771,3.99999706000288119717642676710176824027,130,42,1,1001,10,180.32,0
129780926,GB / Ling 18th Feb,TO BE PLACED,18-02-2017 16:40,8112880,Galuppi,0,5.899905814392623,6.03633350176270557408292666712122203152,4.6275485750154059743709328916942108979,6.2,5.8,1,1001,14,3963.58,33.1
129780921,GB / Ling 18th Feb,TO BE PLACED,18-02-2017 16:05,11562446,Mercers,1,1.45,1.48109949556914241919476910227897837739,1.3958699605973484974068202532934471712,1.52,1.42,1.4,1.01,339.82,25366.44,2203.16
129780921,GB / Ling 18th Feb,TO BE PLACED,18-02-2017 16:05,11596888,Endeavour,0,1.633789611,1.52613882587760012908396935805537198414,1.60362959507829912116885826279195261811,1.67,1.43,1.84,1.84,271.14,14690.58,472.38
129780921,GB / Ling 18th Feb,TO BE PLACED,18-02-2017 16:05,8930613,Hurricane Alert,0,34,40.6702157607286487649108868685412109861,14.4988109364266445599855731168094360818,85,26,34,34,17.24,616.5,18.2
129780916,GB / Ling 18th Feb,TO BE PLACED,18-02-2017 15:30,7272305,Zac Brown,1,2.77,2.73933938911906540994105465252611540312,2.14693590827088388947532477026383443821,2.93,2.7,1,1001,304.14,6151.4,385.08
129780936,GB / Kemp 18th Feb,TO BE PLACED,18-02-2017 18:15,12423286,Zerafino,0,75,94.3605452992250580500817683860781186186,1,220,70,1,1001,0,52.08,.16
129780941,GB / Kemp 18th Feb,TO BE PLACED,18-02-2017 18:45,5437042,Vimy Ridge,0,2.406009599,2.54994754181881538455849746851350309357,2.58157433377087407585500274961410258021,2.64,2.32,1.79,1.79,120.28,11100.52,500.28
129780946,GB / Kemp 18th Feb,TO BE PLACED,18-02-2017 19:15,10467494,Every Chance,1,2.16,2.02235199009138719372382100783890006802,1.81166385589387622243800011551600359932,2.16,1.86,1,1001,92.6,13073.1,1059.6
129780956,GB / Kemp 18th Feb,TO BE PLACED,18-02-2017 20:15,7287068,Tee It Up Tommo,1,2.2753803738168052,2.29908171995138969088829664766716189735,2.28521826339066087588942702060139567477,2.4,2.16,1.01,1.01,50.18,8298.34,809.26
129780956,GB / Kemp 18th Feb,TO BE PLACED,18-02-2017 20:15,9834089,Adventure Zone,0,5.279218349102339,4.94933688168826995859661573819380171334,1,5.7,4.2,1,1001,0,3457.04,46.14
129780961,GB / Kemp 18th Feb,TO BE PLACED,18-02-2017 20:45,10687440,Betsalottie,1,3.25,3.63208095504836754402230441842273779786,5.36864579584373523633025371345016374841,5.4,3.3,1,1001,124.46,4458.12,408.74
129780966,GB / Kemp 18th Feb,TO BE PLACED,18-02-2017 21:15,11429600,Harbour Town,0,7.2,6.78293958278706048458101328041098524464,4.72197960355177253628650114997369814413,7.2,6.4,1,1001,10,1952.26,107.86
129780966,GB / Kemp 18th Feb,TO BE PLACED,18-02-2017 21:15,11472961,Tranquil Daze,1,2.28,2.38619106209577975777230025983425034524,2.30515954707917372778202293849029675996,2.66,2.12,2.14,2.14,30.2,14454.52,399.24
129780966,GB / Kemp 18th Feb,TO BE PLACED,18-02-2017 21:15,11037754,Jet Setter,0,3.713821481,3.51930497239607863555311861134237909595,3.53549905210449993865277930820207316764,4.1,4.1,1,1001,12.54,4565.24,106
129780966,GB / Kemp 18th Feb,TO BE PLACED,18-02-2017 21:15,11131834,Pulsating,0,2.9327683946703464,2.94488687538034391786683215677645899944,2.89830969500600541010194684378154051851,3.05,2.84,1,1001,116.38,4520.32,190.88
129782243,GB / Winc 18th Feb,TO BE PLACED,18-02-2017 15:20,7192373,Zulu Oscar,0,10.033951114,9.95142071359666580469798242460481116878,4.02258234811908698453201033305965493162,11,9.8,7,6.8,10,1454.26,236.16
129782243,GB / Winc 18th Feb,TO BE PLACED,18-02-2017 15:20,9337965,Mckenzies Friend,0,1.48,1.5323472605443683019362735582039668835,2.09646441554450149253434920543500097781,1.64,1.48,3.15,1.44,51.56,12227.24,1879.24
129782243,GB / Winc 18th Feb,TO BE PLACED,18-02-2017 15:20,9428458,Driftwood Haze,1,3.1057710633021225,3.50388290336802530880674910914466203948,4.25583657167088804237297248636087355885,4.22,3,3.8,1.01,103,3744.22,1052.82
129782228,GB / Winc 18th Feb,TO BE PLACED,18-02-2017 13:40,6283082,Water Wagtail,1,2.034440687564347,1.91317580593052956819061758460328329732,2.34526072698500211482073988532968089549,2.1,1.96,1.6,1.03,57,11604.62,3132.62
129782228,GB / Winc 18th Feb,TO BE PLACED,18-02-2017 13:40,8415063,Sonny The One,0,2.3,2.10681989413645087909417282112266680765,1.98570763045407276989626345921798874104,2.34,2,1000,1.98,146,8629.12,1573.02
129782238,GB / Winc 18th Feb,TO BE PLACED,18-02-2017 14:45,5623014,Rayvin Black,0,7.8,6.74701041730390364796438596940316650138,5.71360571665123538803061147607797737743,7.2,5.9,7.8,7.8,72,4094.14,273.24
129782253,GB / Winc 18th Feb,TO BE PLACED,18-02-2017 16:30,6249723,Sizing Sahara,1,7.238746037539096,7.37232263370676736767169056869030425224,4.30359622220970057161726160434129978004,8.4,6.2,10.5,10.5,18.18,2532.54,613.78
129782258,GB / Winc 18th Feb,TO BE PLACED,18-02-2017 17:05,11122962,Banco De Logos,0,3.6560347607566746,3.86149876851557064315395130909965414392,4.63814659784639352141598425584675181301,4.2,3.6,1,1001,52,5531.68,414.78
129782258,GB / Winc 18th Feb,TO BE PLACED,18-02-2017 17:05,11980156,Moonlight Flyer,0,25,21.2827196703490445723088673853721521418,11.9095684330046966356997334427006487188,24,19,1,1001,18.8,150.5,4.06
129743145,GB / Ascot 18th Feb,TO BE PLACED,18-02-2017 13:50,8150019,Arpege Dalene,0,1.3307767426928425,1.42593160464916837151673825770355058815,1.63699532048821562830427713531989558177,1.59,1.36,5,1.35,575.08,39221.42,5525.3
129743150,GB / Ascot 18th Feb,TO BE PLACED,18-02-2017 14:25,5079908,Cloudy Too,0,7,6.34952562698114946288915143269878128755,5.23303862060573121498803874608433124859,7,6.2,1,1001,113.86,2233.3,143.72
129743155,GB / Ascot 18th Feb,TO BE PLACED,18-02-2017 15:00,10488940,My Khaleesi,0,3.037935732,3.54148164734091158634346692730330900816,3.72302135459309982299302615086012198368,3.95,3.05,1.16,1.16,285.76,10329.3,656.6
129743155,GB / Ascot 18th Feb,TO BE PLACED,18-02-2017 15:00,7827890,Man of Plenty,0,4.00546590215672,4.43868261877462466612912928033972595208,4.85459559124244914426503059340081964551,5.1,4,1,1001,308.92,4140.12,76.6
129743155,GB / Ascot 18th Feb,TO BE PLACED,18-02-2017 15:00,7855785,Heres Herbie,0,9.877518544646447,9.01096842032809465370617766316598946369,6.86004246616695366240352233072592775214,11,8.4,1,1001,47.96,2772.82,90.34
129743165,GB / Ascot 18th Feb,TO BE PLACED,18-02-2017 16:10,10079841,Theatre Goer,0,7.603300457523438,7.33405766272227130312499429658170456367,4.23461202559520418959564926605653140283,8.2,7.2,1,1001,52,1425.68,95.18
129743165,GB / Ascot 18th Feb,TO BE PLACED,18-02-2017 16:10,8323177,Doctor Look Here,0,6.2,5.58910705719771541935517529159160793373,5.09149117538781507568734099111119480486,5.7,5.1,1,1001,223.8,3230.58,139.98
129743165,GB / Ascot 18th Feb,TO BE PLACED,18-02-2017 16:10,9033705,Captainofindustry,0,17.926539916861806,15.5064079302703622532534856846007267634,5.51597841362318288118582793174248627092,23,12,1,1001,10,1040.78,23.7
129743181,GB / Hayd 18th Feb,TO BE PLACED,18-02-2017 14:05,3873373,Desert Cry,0,4.020079207112903,4.22930582768811831217178381405979330426,4.09667762785145396570179464855544128484,4.8,4.2,3.15,3,160.2,3743.74,1323.18
129743186,GB / Hayd 18th Feb,TO BE PLACED,18-02-2017 14:40,9138414,Theos Charm,1,2.836200827583961,2.98984729415383042197869166376220802699,3.32961088408164708785913653962722240521,3.3,2.82,2.84,1.51,152.76,9370.26,2366.66
129743186,GB / Hayd 18th Feb,TO BE PLACED,18-02-2017 14:40,11142542,Charlie Stout,0,4.967595932891781,5.09816346228909282669659974988184945173,4.60889825130152796453356900260958720468,5.3,4.8,1,1001,177.76,3451.3,115.4
129743186,GB / Hayd 18th Feb,TO BE PLACED,18-02-2017 14:40,8043481,Mydor,0,3.356304903796154,3.09790409379182118229029572666859833158,2.58080739986041780534745344732016076762,3.75,2.3,19,3.5,448.58,8948.46,466.26
129743206,GB / Hayd 18th Feb,TO BE PLACED,18-02-2017 16:55,6142074,According To Trev,0,4.072097087,3.89974460047341220356670287630049017292,4.87059786092800611246170630389321290984,4.1,3.5,1,1001,32.32,5309.76,49.68
129743206,GB / Hayd 18th Feb,TO BE PLACED,18-02-2017 16:55,10721829,Damiens Dilemma,0,7.0350554651489805,6.91629246251039965122639213342862238039,9.42852892470413684913846077319067233847,8.8,6,500,500,14,3718.74,44
129780901,GB / Ling 18th Feb,TO BE PLACED,18-02-2017 13:45,125349,Noble Deed,1,3.887835425,4.01583053791987935896726440422889224052,3.52629918956114499971728273956656590866,4.6,3.7,3.55,3.55,109.88,7416,233.82
129780901,GB / Ling 18th Feb,TO BE PLACED,18-02-2017 13:45,6510281,New Rich,0,3.381264275720204,3.17378790938171023349661965655621217647,2.52410711190017873440588949425956350194,3.3,2.94,1,1001,103.3,4918.48,38
129780906,GB / Ling 18th Feb,TO BE PLACED,18-02-2017 14:20,8680122,Zipedeedodah,0,2.595970043812404,2.57826504674350744173356138204026498323,2.09716850199213266465461550848239984861,2.92,2.54,1,1001,309.2,6274.56,71.28
129780926,GB / Ling 18th Feb,TO BE PLACED,18-02-2017 16:40,2636625,Soundbyte,0,19.07387420859508,25.1383711670307660366779193403390430157,13.1532878729054589708503146466369704376,36,17.5,1,1001,22.96,711.4,0
129780926,GB / Ling 18th Feb,TO BE PLACED,18-02-2017 16:40,8682136,Cahar Fad,0,4.5,4.37197514331338147441398315843186358529,5.2856932858171852100781849026082629338,4.3,4.1,1,1001,14,3195.78,62.48
129780926,GB / Ling 18th Feb,TO BE PLACED,18-02-2017 16:40,9927007,Frivolous Prince,1,1.8334975431884963,1.69018820237474590436524210042453679456,1.83469575486766993526050892826829458032,1.82,1.53,2.16,1.72,132.42,24644.82,1890.6
129780926,GB / Ling 18th Feb,TO BE PLACED,18-02-2017 16:40,4450465,Understory,0,10.753237799417912,10.6768295842222347792851219108086932587,8.37775507068717132948379703320246447686,11,10,1,1001,18,1430.66,36.96
129780921,GB / Ling 18th Feb,TO BE PLACED,18-02-2017 16:05,7868221,Clean Cut,0,30,24.5453899262474569190459117964531700416,3.99999298001642676156137794637560548108,40,22,1,1001,10,395.88,.18
129780921,GB / Ling 18th Feb,TO BE PLACED,18-02-2017 16:05,12296818,Franks Legacy,0,9.23926744180563,9.17995043553748444026081983510320989563,1,9.8,7.8,1,1001,0,1848.94,13.82
129780916,GB / Ling 18th Feb,TO BE PLACED,18-02-2017 15:30,7756795,Poyle Vinnie,0,3.7,3.84774846696278343838348810656473960549,2.1419817626764751167844370650495037624,4.21,3.78,2.88,2.88,159.92,2912.74,362
129780931,GB / Kemp 18th Feb,TO BE PLACED,18-02-2017 17:45,8816942,Mr Frankie,0,6.874801271788309,6.35927356148162169116341934951099713719,4.09972597712367729150099086732077826397,6.8,6,5.3,5.3,8,2842.98,74.4
129780936,GB / Kemp 18th Feb,TO BE PLACED,18-02-2017 18:15,12538471,Tojosimbre,0,17.5,13.6301834021270722613049601150378191964,1,17.5,15.5,1,1001,0,546.18,62.04
129780936,GB / Kemp 18th Feb,TO BE PLACED,18-02-2017 18:15,12210311,Waggle,0,11.20847152656177,11.0933443046489765383397526712511247138,11.9999567453836374457850070015188600068,14.5,9.6,1,1001,13.58,2245.38,23.58
129780941,GB / Kemp 18th Feb,TO BE PLACED,18-02-2017 18:45,8682135,Picket Line,0,5.431808507741371,5.66860584345143037913383562222521145253,4.82348960010828770545744115576005633265,7,5.4,1,1001,20,2749.5,0
129780941,GB / Kemp 18th Feb,TO BE PLACED,18-02-2017 18:45,8567238,Something Lucky,0,14.707336323712587,14.331099720074243700388103383925019737,6.31369345626850635297001827173167751351,16.5,11.5,15.5,15.5,10.86,1716.34,45.46
129780941,GB / Kemp 18th Feb,TO BE PLACED,18-02-2017 18:45,9517660,Kashtan,0,24.009167443846813,17.6145702643993738532514826223618059091,5.11956025390085503077956961049841014764,26,9.2,1,1001,5.72,557.62,44
129780946,GB / Kemp 18th Feb,TO BE PLACED,18-02-2017 19:15,10090879,Sky Cape,0,4.789254382485196,5.78522562961209875711234628725240424773,5.49999143217711684870549743956098888723,6.8,4.8,5,5,35.82,2761.3,102.56
129780956,GB / Kemp 18th Feb,TO BE PLACED,18-02-2017 20:15,4830852,Bloodsweatandtears,1,2.713766666404191,2.69396606702227365379381792450682509222,2.84856384945964578688084521710603843667,2.76,2.52,1,1001,14,3223.4,302.4
129780966,GB / Kemp 18th Feb,TO BE PLACED,18-02-2017 21:15,10987234,Billys Boots,0,12,10.5534153659561957108321678740590684236,1,12,10.5,1,1001,0,1260.34,10
129782233,GB / Winc 18th Feb,TO BE PLACED,18-02-2017 14:15,5043681,Raajih,0,28.85475443862378,21.6130141480019114290872745464903266939,7.79992758077126478603002878019349093932,32,11,1,1001,4,1151.44,27.86
129782238,GB / Winc 18th Feb,TO BE PLACED,18-02-2017 14:45,10400671,Sceau Royal,0,2.0473599508923144,2.1662123972081669741887636677617046351,2.25542121419107941485723285800667412656,2.3,2.04,1.84,1.6,384.24,10048.78,3919.12
129782238,GB / Winc 18th Feb,TO BE PLACED,18-02-2017 14:45,6256294,Melodic Rendezvous,0,20,22.2905886329599262762904481916132404066,20.4473901222458093111773918477360602913,26,16,20,19,8,1070.34,148.54
129782253,GB / Winc 18th Feb,TO BE PLACED,18-02-2017 16:30,6918078,Comical Red,0,30,26.955603243572018629252969595809968614,8.99636897408838053708351611595747008502,34,26,1,1001,5,396.38,15.62
129782253,GB / Winc 18th Feb,TO BE PLACED,18-02-2017 16:30,8359587,Somerset Jem,0,2.7763302293399104,2.85621759183699156790984513164009813419,2.38198852949520518979692468552511014159,2.98,2.8,20,20,16,6841.12,396.5
129782253,GB / Winc 18th Feb,TO BE PLACED,18-02-2017 16:30,9424439,Madame Lafite,0,4.406991062767338,4.0723504076585349453711297537182908048,2.85432740978744095678583248970176900824,4.7,3.5,3.4,3.1,36,5234.52,554.68
129782253,GB / Winc 18th Feb,TO BE PLACED,18-02-2017 16:30,6733709,Amantius,0,2.9567228345685006,3.08357339863921629218540630021405500718,2.84506617854438778120172292512058039031,3.2,2.9,1,1001,157,6615.96,557.58
129782258,GB / Winc 18th Feb,TO BE PLACED,18-02-2017 17:05,12270550,Dreamcatching,1,1.6073113934633056,1.58657239595134965415963427897451697614,1.40248687015263918513250676983963065347,1.65,1.47,1.63,1.3,101.96,9845.16,1532.14
129782258,GB / Winc 18th Feb,TO BE PLACED,18-02-2017 17:05,12273850,Black Anthem,0,17.5,17.5201326880159098494626208934500355714,1,23,14,1,1001,0,517.54,33.8
