EVENT_ID,MENU_HINT,EVENT_NAME,EVENT_DT,SELECTION_ID,SELECTION_NAME,WIN_LOSE,BSP,PPWAP,MORNINGWAP,PPMAX,PPMIN,IPMAX,IPMIN,MORNINGTRADEDVOL,PPTRADEDVOL,IPTRADEDVOL
102211777,GB / Wolv 31st Jan,6f Hcap,31-01-2011 13:35,880501,Vintage Quest,0,21.03,19.0032994984748652072778785897361931588,22.7197071871391951017119038642974842505,34,16,1000,25,47.68,4864.58,1424.86
102211777,GB / Wolv 31st Jan,6f Hcap,31-01-2011 13:35,1457298,Grand Palace,0,24.21,21.0104303682366101157861451891423133003,18.1588103422009364477976040831586449074,25,14,30,30,132.4,5101.48,1152.2
102211777,GB / Wolv 31st Jan,6f Hcap,31-01-2011 13:35,2352836,Downhill Skier,1,8.92,6.797600329269687848470972082655215898,6.26145173992052383413423014539347854149,9.2,5.7,18,1.01,82.84,39267.18,79627.38
102211777,GB / Wolv 31st Jan,6f Hcap,31-01-2011 13:35,2516737,Ivestar,0,44.14,39.3919068485686378121460100364761946852,24.4604505086493668701874326643658880167,55,23,1000,70,34,3816.46,849.88
102211777,GB / Wolv 31st Jan,6f Hcap,31-01-2011 13:35,3033509,Cocktail Party,0,11.84,13.8967206332398923780215713970961065358,14.6071478670180318557531578880165162732,18.5,11,1000,9,40.38,8258.56,2467.54
102211777,GB / Wolv 31st Jan,6f Hcap,31-01-2011 13:35,3823509,Fiancee,0,24.21,21.4572516202383896739001935512173444127,9.87983902959787738930992999137829988215,26,13.5,1000,20,86,4743.64,1031.88
102211777,GB / Wolv 31st Jan,6f Hcap,31-01-2011 13:35,3888994,Silver Linnet,0,6.8,6.24178097354897781239664773428713743031,7.39084573697983471608781579552594667917,7.6,5,1000,3.4,80.12,44265.06,16282.24
102211777,GB / Wolv 31st Jan,6f Hcap,31-01-2011 13:35,3906497,Royal Blade,0,30.7,26.375044477780858733663486039481813056,23.2911845768282572994296218063238124658,30,21,1000,1000,30,5490.46,1181.74
102211777,GB / Wolv 31st Jan,6f Hcap,31-01-2011 13:35,3918292,Francis Albert,0,24.21,23.0814803565503371480036694574787492416,23.0184334850186528568651825630006568656,34,15,1000,17.5,16,5584.58,965.5
102211777,GB / Wolv 31st Jan,6f Hcap,31-01-2011 13:35,4105823,Young Simon,0,4.75,6.52134824878267247940766807686818624053,6.06589997323917794396908909819522226449,8,5.8,1000,2.06,396.5,40186.18,21927.26
102211777,GB / Wolv 31st Jan,6f Hcap,31-01-2011 13:35,4216246,St Ignatius,0,52.79,53.5256685098827173065255868866515763365,23.549896383226119075982845858823278707,110,42,1000,46,40,2991.02,959.94
102211777,GB / Wolv 31st Jan,6f Hcap,31-01-2011 13:35,4680483,Serious Matters,0,14.84,12.6522209199085304703120007959204537741,11.4616238999841469126773581754093519394,15.5,10.5,1000,8.6,40.46,9836.52,2751.84
102211777,GB / Wolv 31st Jan,6f Hcap,31-01-2011 13:35,4812661,Mushy Peas,0,7.5,7.20266869712073003990231703436733926023,6.3998500968657289539324010681585347342,8,6.4,1000,7.8,172.74,21874.3,4109.5
102211779,GB / Wolv 31st Jan,6f Hcap,31-01-2011 14:05,4029900,Royal Box,0,12.89,13.8043122136367516204842809833332916933,14.7804518246029000389663627935393104835,29,9.4,1000,5,26.5,12628.46,3352.36
102211779,GB / Wolv 31st Jan,6f Hcap,31-01-2011 14:05,1131304,Memphis Man,0,7.31,7.04399075058157462597936259249369844268,7.674467173468425904067926048959532396,7.8,6,1000,5.1,103.9,24102.02,6138.46
102211779,GB / Wolv 31st Jan,6f Hcap,31-01-2011 14:05,1181052,Commander Wish,0,14.33,12.1254749727431728642413598530051229392,9.39261813246759238437688523744469265762,15.5,10,1000,15,99.02,17649.04,2836.4
102211779,GB / Wolv 31st Jan,6f Hcap,31-01-2011 14:05,1376624,Lethal,1,29.37,27.5538520781634865843388305384638212062,12.4498217262757218870102192508862637009,40,21,70,1.01,20,4337.22,61035.38
102211779,GB / Wolv 31st Jan,6f Hcap,31-01-2011 14:05,1457899,Stormburst,0,50.15,59.6707708973599721799822623542627262337,21.9980030899061499251421189844845755169,80,34,1000,55,2,2820.8,1200.4
102211779,GB / Wolv 31st Jan,6f Hcap,31-01-2011 14:05,2079508,Metropolitan Chief,0,11.47,12.7760637170383473836685559507898716256,7.16895542817159490514558893465777103898,23,8,160,1.2,153.54,14677.56,21163.98
102211779,GB / Wolv 31st Jan,6f Hcap,31-01-2011 14:05,2510441,Strategic Mover,0,37.23,29.1848160998635919658150077478417575884,12.9987461310293074373727945429702596079,36,26,1000,29,2,4677.52,1107.18
102211779,GB / Wolv 31st Jan,6f Hcap,31-01-2011 14:05,2972047,Kheley,0,7.31,6.38761637048194645149192206040583725997,5.79346791959559579350640198685678640511,8.2,5,1000,5.8,158.16,46273.68,10274.88
102211779,GB / Wolv 31st Jan,6f Hcap,31-01-2011 14:05,3143297,Captain Imperial,0,50.15,49.2181781350271320952872203221141967485,26.7318146398018463465255310515422349369,85,26,1000,38,5.46,2939.14,924.34
102211779,GB / Wolv 31st Jan,6f Hcap,31-01-2011 14:05,3441689,Bold Bomber,0,29.37,23.8465081737859343300131146315801691996,22.2867224324846347955644341819100529253,29,17,1000,11,9.96,3707.98,1488.58
102211779,GB / Wolv 31st Jan,6f Hcap,31-01-2011 14:05,3870009,Monsieur Harvey,0,10.06,9.87407479468590553601708032406056577476,11.1000658037923536122616717499213493783,11,8.2,1000,1.52,30,15293.34,25781.94
102211779,GB / Wolv 31st Jan,6f Hcap,31-01-2011 14:05,4278792,Lily Wood,0,4.66,5.18225724525035008635906170746431091032,6.70945015062848362198958698648449458844,6.2,4.3,1000,3.5,95.9,58367.02,13086.7
102211779,GB / Wolv 31st Jan,6f Hcap,31-01-2011 14:05,4297537,Boy The Bell,0,23.23,22.0169474340732986368651672377319295215,13.8871684664429523713695968303388194849,34,15,1000,22,30,5632.92,3629.7
102211781,GB / Wolv 31st Jan,6f Claim Stks,31-01-2011 14:40,4666711,Magic Stella,0,22.22,25.5838811400358459638817126961653553181,9.69048999288084011669885612031294370532,37.16,16.26,1000,19,24,7661.74,2921.82
102211781,GB / Wolv 31st Jan,6f Claim Stks,31-01-2011 14:40,4691266,Its You Again,1,3.58,3.3825952797838206171244098432857193676,3.48004668217609675922985624847499805361,3.72,3.07,4.1,1.01,306.72,107979.02,85877.92
102211781,GB / Wolv 31st Jan,6f Claim Stks,31-01-2011 14:40,4717587,Captain Loui,0,8.31,10.5202393445819598009225544919632144911,9.33033587016532121250796212176119402635,13.47,7.25,1000,6,39.22,16676.94,4130.06
102211781,GB / Wolv 31st Jan,6f Claim Stks,31-01-2011 14:40,4719299,Captain Dimitrios,0,4.1,4.32640017023932319115181454242691953976,4.65361550371210705033607657579927131319,4.83,3.72,1000,3.1,110.2,50967.42,9776.44
102211781,GB / Wolv 31st Jan,6f Claim Stks,31-01-2011 14:40,4729714,Slatey Hen,0,10.44,9.70967459772911060344592167220504999754,4.34902389482151049733070137294884376217,12.54,2.83,1000,10,180.4,18158.6,5774.6
102211781,GB / Wolv 31st Jan,6f Claim Stks,31-01-2011 14:40,4788218,Sugar Beet,0,4.63,4.21286021336283477015728208428593516106,4.05762451727252649623930232196805080632,4.92,3.48,1000,3.45,368.62,72949.16,15678.66
102211783,GB / Wolv 31st Jan,1m1f Hcap,31-01-2011 15:15,4779882,Memorabilia,1,2.36,1.97953174223105957358215742650316834011,1.80011371334768248758950784449179910436,2.16,1.79,3,1.01,2426.96,400650.46,173365.68
102211783,GB / Wolv 31st Jan,1m1f Hcap,31-01-2011 15:15,4844411,Urban Kode,0,13.7,16.769282669475841297886183954993185403,12.1980668662943174449041417977503693097,26,12.5,1000,17,209.9,22809.54,5970.94
102211783,GB / Wolv 31st Jan,1m1f Hcap,31-01-2011 15:15,4844422,Imaginary World,0,13.7,11.8993975204180458496501506447240002734,11.8350019952150040877234862991989407293,15,6,1000,2.36,146.7,27136.14,8269.64
102211783,GB / Wolv 31st Jan,1m1f Hcap,31-01-2011 15:15,4985419,Tidal Star,0,3.32,4.16082372613913328345033761188611211827,6.70441217098291321654442797619336858701,11,3.5,1000,2,407.06,97731.64,32156.42
102211783,GB / Wolv 31st Jan,1m1f Hcap,31-01-2011 15:15,5123717,Sir Randolf,0,7.71,7.57820239361995271792865927697276062191,4.99734351602176149874452160126305574823,9.6,6.4,1000,9.6,557.16,46948.62,5709.8
102211785,GB / Wolv 31st Jan,1m Sell Stks,31-01-2011 15:50,4605024,Sir Lunchalott,0,11.708757521872682,10.3284847459156393784707289779630607622,10.5360408561743887361196700874853637639,14,8.6,1000,12,24.58,24630.7,1484.64
102211785,GB / Wolv 31st Jan,1m Sell Stks,31-01-2011 15:50,4624442,Littleportnbrandy,0,13.56365309235732,11.2904936233274724126601385450161324247,5.39214429289959315762185419730760435555,15,5.8,1000,14,57,21858.88,1478.58
102211785,GB / Wolv 31st Jan,1m Sell Stks,31-01-2011 15:50,4781694,A Little Bit Dusty,1,6.095501344756922,6.01928692485688733318898543731283769279,7.66908382870966875271766858663941974437,8.6,5.4,13,1.01,60.26,57495.48,117215.1
102211785,GB / Wolv 31st Jan,1m Sell Stks,31-01-2011 15:50,4803476,Thunderway,0,29,26.6363380693286728222303704350754836353,18.4424334697609021658976516442745939612,46,22,1000,5.5,10,9730.64,2982.98
102211785,GB / Wolv 31st Jan,1m Sell Stks,31-01-2011 15:50,4858832,Beating Harmony,0,4.562539909694933,4.56163178649540751789759112108078410422,5.85895650197795255103582841882632299071,5.7,4.1,1000,2.86,105.42,61906.68,9889.1
102211785,GB / Wolv 31st Jan,1m Sell Stks,31-01-2011 15:50,5073691,Oratouch,0,2.1533910981822055,2.17399182926704729907222841360624930057,2.26287028280355635727337721857203894321,3,2.12,1000,2,879.1,281652.8,61635.7
102211787,GB / Wolv 31st Jan,7f Hcap,31-01-2011 16:20,2055662,Buxton,0,10.286839284611773,10.8303521163675582317909127337567398496,8.07744582000050418978720813965867796971,13,8.8,1000,1.04,225.24,21102.52,46553.34
102211787,GB / Wolv 31st Jan,7f Hcap,31-01-2011 16:20,2382834,Nacho Libre,0,20,16.3310846410853995122489717317173967357,11.8574010109141932864940050074347487895,21,13,1000,7,88.98,9920.96,2808.98
102211787,GB / Wolv 31st Jan,7f Hcap,31-01-2011 16:20,2428369,Wigrams Turn,0,8.022306410742274,8.21038061368364798800313560738319610612,11.3479060144822488625141058419453448261,10,5,1000,7.4,110.3,40339.82,3753.3
102211787,GB / Wolv 31st Jan,7f Hcap,31-01-2011 16:20,2443856,Yankee Storm,0,6.343815519407252,6.44665776065715226090898768011937826373,6.67019091329596173112586766220142415286,7.2,5.9,1000,2.02,249.26,55462.3,13878.36
102211787,GB / Wolv 31st Jan,7f Hcap,31-01-2011 16:20,2835332,Eastern Hills,0,17.10184487453079,14.307324982605924882221520235846449489,15.0539329896938525972730262474175520726,17,11,1000,12,67.5,11623.96,1073.4
102211787,GB / Wolv 31st Jan,7f Hcap,31-01-2011 16:20,3020207,Forward Feline,0,13.472062960587504,15.5570546954334593513535267991691901948,14.9090174627056037281759515320250037217,19,13,1000,13.5,24.46,12215.44,559.56
102211787,GB / Wolv 31st Jan,7f Hcap,31-01-2011 16:20,3169795,West Leake,0,17,17.1608388382762742582556990673654065695,9.89388689199123783087509530745434674748,21,9,1000,7.2,99.4,9371.88,1350.6
102211787,GB / Wolv 31st Jan,7f Hcap,31-01-2011 16:20,3430861,Lastroarofdtiger,0,19.5,26.5197012066398764736606047410249565071,26.5291306439260857080444384753598478022,40,18,1000,12,34,8827.3,740.96
102211787,GB / Wolv 31st Jan,7f Hcap,31-01-2011 16:20,4118554,Broughtons Day,0,3,3.25463720585964023096417256541392287172,3.3150784727256668342199801035122161413,4,2.82,1000,3,1595.16,197242.24,14909.06
102211787,GB / Wolv 31st Jan,7f Hcap,31-01-2011 16:20,4383099,Woolfall Sovereign,1,21,17.7122980383744193014249753799523228206,19.7061858862801652274418123876091867535,23,14,400,1.01,62.72,11146.1,44583.52
102211789,GB / Wolv 31st Jan,7f Mdn Stks,31-01-2011 16:50,62541,Falmouth Bay,1,1.6765125888611148,1.90364914861385935919063205734033971773,2.94349833746462157701177066889981461964,3.15,1.73,1.83,1.01,1443.5,436241.88,126404.74
102211789,GB / Wolv 31st Jan,7f Mdn Stks,31-01-2011 16:50,4741937,Unwrapit,0,35.38228686151859,33.1784759690246543268886302448978534569,22.6597843130557406611018206294614825176,44,10,1000,22,84.38,9967.16,352.94
102211789,GB / Wolv 31st Jan,7f Mdn Stks,31-01-2011 16:50,5097179,Miss Firefox,0,31.833132860620534,32.2857158412065832446213665318151547986,29.9192810370580719657379472618487871862,40,18.5,1000,22,46.8,13659.82,585.4
102211789,GB / Wolv 31st Jan,7f Mdn Stks,31-01-2011 16:50,5213542,Crafty Roberto,0,2.98,2.94676253440545403985468455911095132214,1.74383232162593371157609637745166468784,3.15,1.65,1000,2.76,1332.1,217187.22,13577.08
102211789,GB / Wolv 31st Jan,7f Mdn Stks,31-01-2011 16:50,5241141,Broughtons Fawn,0,218.39666007510323,265.772430438669967059203413209135659127,91.8048171919354226321689322631620730396,480,80,1000,180,7.88,2009.76,197.4
102211789,GB / Wolv 31st Jan,7f Mdn Stks,31-01-2011 16:50,5288051,Rafaaf,0,16.020531872,11.5070125298805801565406088547304968617,14.5345136925448198560651492363607167796,18,7.4,1000,14.5,227.18,39369.94,1226.54
102211791,GB / Wolv 31st Jan,1m4f Hcap,31-01-2011 17:20,1222739,Bavarica,0,5.168052549,7.15220103510933451452155107313981110292,6.88261201851555288913422759706642711914,9.8,5.3,1000,5,361.84,52710.04,6527.36
102211791,GB / Wolv 31st Jan,1m4f Hcap,31-01-2011 17:20,1534084,Sceilin,0,10.853522234,11.0210193381384184113133034218411397954,7.19943088164546808403053737189528891584,13.5,9.4,1000,10,12,23602.84,2141.1
102211791,GB / Wolv 31st Jan,1m4f Hcap,31-01-2011 17:20,2079527,Aphrodisia,0,2.6973409524718375,2.60035441558319104273621624740778754618,2.66133140025725980662629645034082846447,2.82,2.2,1000,1.9,1182.78,215117.64,47571.34
102211791,GB / Wolv 31st Jan,1m4f Hcap,31-01-2011 17:20,2278893,Peaceful Means,0,10,9.61244239832025176229761413602368049903,8.72831300984040378639007704450182086412,12,7.4,1000,7.2,25.16,28344.78,2593.36
102211791,GB / Wolv 31st Jan,1m4f Hcap,31-01-2011 17:20,4267696,Straversjoy,1,4.165917985622363,3.47781401625976153138993564924412993606,3.50119267956752907707120207319244128606,3.95,3.2,4.2,1.01,170.96,105191.88,98420.64
102212372,GB / Ayr 31st Jan,2m Nov Hrd,31-01-2011 13:15,326012,Vivaldi,0,13.68,10.8158072886832201559654798287621879025,7.15190805671702279216979994704041258457,15.5,7.2,1000,10,36.24,22625.44,4392.48
102212372,GB / Ayr 31st Jan,2m Nov Hrd,31-01-2011 13:15,2362998,Cabbyl Doo,0,54.95,55.0582001539398117670225690327434291139,21.4507299759708897822070224808446874519,170,29,1000,36,12.06,2382.5,817.06
102212372,GB / Ayr 31st Jan,2m Nov Hrd,31-01-2011 13:15,3010566,Officer Mor,0,147.34,279.650063409324925178035872451772668022,48.949408304301524919182497287983466284,550,60,1000,250,10,577.32,169.94
102212372,GB / Ayr 31st Jan,2m Nov Hrd,31-01-2011 13:15,3231596,Proud Times,0,4.83,4.79203222778224218203489424197032818645,6.5762492063204865701334148988375353413,5.8,4.1,1000,5,74.38,39638.5,8988.98
102212372,GB / Ayr 31st Jan,2m Nov Hrd,31-01-2011 13:15,3276879,Arikinui,0,118.77,168.670048682288882282843997880930193619,1,600,55,1000,160,0,708.28,195.52
102212372,GB / Ayr 31st Jan,2m Nov Hrd,31-01-2011 13:15,3647868,Monsoon Music,0,118.77,169.75701321232463148818587038475594512,93.2319852848367424500381414634671734075,470,80,1000,140,10.64,613.16,322.48
102212372,GB / Ayr 31st Jan,2m Nov Hrd,31-01-2011 13:15,3873373,Desert Cry,0,4.49,3.9187277555672535082294298857929458756,3.91514233249704716202474964295662771626,4.6,3.75,1000,3,475.2,99600.42,24155.4
102212372,GB / Ayr 31st Jan,2m Nov Hrd,31-01-2011 13:15,4029887,Agricultural,0,87.11,485.206804487689684859902764790058893952,1,880,180,1000,240,0,342.74,377.26
102212372,GB / Ayr 31st Jan,2m Nov Hrd,31-01-2011 13:15,4225838,Freddie Brown,0,9.87,8.6460871022388959789474764163385995642,10.023022347958042183863905601785803495,12.5,7.6,1000,5,65.86,27058.1,5802.08
102212372,GB / Ayr 31st Jan,2m Nov Hrd,31-01-2011 13:15,4280997,King Puc,0,118.77,867.20167644166876001565403647351956651,142.296771368774223508992819514074103407,1000,150,1000,700,4,431.74,143.32
102212372,GB / Ayr 31st Jan,2m Nov Hrd,31-01-2011 13:15,4355459,Darna,1,3.48,3.85862158679479923901482840098787357148,4.23791394404961029851856178430315378225,4.8,2.92,3.25,1.01,542.52,77218.4,92710.08
102212372,GB / Ayr 31st Jan,2m Nov Hrd,31-01-2011 13:15,4383148,Paul Revere,0,118.77,134.128712849565658230152377693933424248,48.868184213646960027715092006868585108,400,38,1000,110,44.66,938.98,288.32
102212372,GB / Ayr 31st Jan,2m Nov Hrd,31-01-2011 13:15,4543136,Saga Surprise,0,118.77,158.97044423930072525396205438371532105,69.5227079154202291933334829949938174568,940,13,1000,65,4,785.92,285.78
102212372,GB / Ayr 31st Jan,2m Nov Hrd,31-01-2011 13:15,4661558,Lucky Belle,0,118.77,226.715624203795394945613070964213389299,24.7452820416698279826868564404029734038,620,25,1000,210,27.18,721.32,247.36
102212372,GB / Ayr 31st Jan,2m Nov Hrd,31-01-2011 13:15,4779585,Beano Boy,0,413.78,999.998721625552984683910658718029158742,999.996730556154543494221291639409180115,1000,1000,1000,1000,22,353.22,341.1
102212372,GB / Ayr 31st Jan,2m Nov Hrd,31-01-2011 13:15,5104093,Artic Night,0,67.98,80.6983911129104043518169844352605292319,46.1872386043766844043186889064732007488,140,40,1000,70,28.8,1618.28,394.36
102212372,GB / Ayr 31st Jan,2m Nov Hrd,31-01-2011 13:15,5104095,Farmer Henry,0,189.32,560.25094910471939072133907480047842647,1,990,190,1000,670,0,291.46,140.76
102212374,GB / Ayr 31st Jan,2m4f Nov Hrd,31-01-2011 13:45,1067630,Minnigaff,0,192.53,597.924406834686109194540600902934590393,1,1000,260,1000,1000,0,354.78,459.96
102212374,GB / Ayr 31st Jan,2m4f Nov Hrd,31-01-2011 13:45,1469545,Ballabriggs,1,2.33,2.2903964265676951651603862352341332553,2.37668534745739880638632791587361639741,2.68,2.1,2.3,1.01,1425.44,275235.32,187150.94
102212374,GB / Ayr 31st Jan,2m4f Nov Hrd,31-01-2011 13:45,2996627,Vivona Hill,0,25.26,20.3491907183471581450678804045734220026,11.1255811318221596518228247702416165826,25,14.5,1000,17,25.98,7166.74,3468.96
102212374,GB / Ayr 31st Jan,2m4f Nov Hrd,31-01-2011 13:45,3892139,Murrell,0,41,41.3137200994257836880051911577254487004,13.9362461315267032294187696995021132509,70,23,1000,32,12.6,4251.74,1602.7
102212374,GB / Ayr 31st Jan,2m4f Nov Hrd,31-01-2011 13:45,4066567,Lewlaur Supreme,0,120.6,201.146168800291128137706663401282355764,51.0815850277058196130260620347911745268,490,44,1000,55,24.66,483.52,547.42
102212374,GB / Ayr 31st Jan,2m4f Nov Hrd,31-01-2011 13:45,4249443,Yes Tom,0,4.86,4.77194678293278508158761019087272769063,7.82304185981763811531286263557434855572,5.5,3.95,1000,4.4,211.68,59736.06,16562.54
102212374,GB / Ayr 31st Jan,2m4f Nov Hrd,31-01-2011 13:45,4383147,Kings Grey,0,6.26,5.52097654458518201037260327939124512532,6.0351605125812019573197128532878422251,6.8,4.5,1000,3.15,169.3,55592.8,18975.9
102212374,GB / Ayr 31st Jan,2m4f Nov Hrd,31-01-2011 13:45,4383149,Collyns Avenue,0,88.36,137.858378011523644931004131959359016731,31.1271821582282306921661976466148282136,200,48,1000,100,16,841.84,465.68
102212374,GB / Ayr 31st Jan,2m4f Nov Hrd,31-01-2011 13:45,4517789,Kingsmoss,0,32.14,30.6605309275171456644914818558426489982,16.9996250754523985654602827140417342887,40,15.5,1000,29,12,4560.06,1570.76
102212374,GB / Ayr 31st Jan,2m4f Nov Hrd,31-01-2011 13:45,4522525,Forcefield,0,192.53,226.939098675546270655044969299589172359,1,600,100,1000,150,0,698.52,315.56
102212374,GB / Ayr 31st Jan,2m4f Nov Hrd,31-01-2011 13:45,4561111,Cheatingsideoftown,0,55.66,57.912008886597397539584622276142007302,1,75,40,1000,29,0,3242.34,1252.74
102212374,GB / Ayr 31st Jan,2m4f Nov Hrd,31-01-2011 13:45,4593481,Darkan Road,0,120.6,185.684809293287186952362523724427172529,133.742347908950211713388777331039440896,1000,90,1000,120,16,849.82,776.66
102212374,GB / Ayr 31st Jan,2m4f Nov Hrd,31-01-2011 13:45,4710840,Knockando,0,88.36,164.099990610674673075044308500236187109,45.9981798236261343228666400444102036073,500,95,1000,120,4,711.28,529.36
102212374,GB / Ayr 31st Jan,2m4f Nov Hrd,31-01-2011 13:45,4717607,Moufatango,0,120.6,141.203130835181315114225808593260972326,67.9360090003995161007788551510015114413,260,70,1000,36,8,869.02,473.88
102212374,GB / Ayr 31st Jan,2m4f Nov Hrd,31-01-2011 13:45,5032954,Howizee,0,41,48.7066817598336116241862528168178588568,14.3038152670222922047425284323194826495,80,32,1000,44,14,2800.08,997.36
102212374,GB / Ayr 31st Jan,2m4f Nov Hrd,31-01-2011 13:45,5095880,Golfers Crossing,0,120.6,139.706971450125348166320442624622564686,73.1388330679418583950985593124656035323,600,70,1000,25,20.64,837.88,793.4
102212374,GB / Ayr 31st Jan,2m4f Nov Hrd,31-01-2011 13:45,5251229,Shoal Bay Dreamer,0,421.84,999.998997752979495385178805394231467004,999.995629394121400718871854935634656598,1000,1000,1000,1000,8,215.3,343.24
102212376,GB / Ayr 31st Jan,2m4f Nov Chs,31-01-2011 14:15,2282980,Steady Tiger,0,21.93,29.4215681102900961282838308271723926261,18.9989459761208536231633128098918720908,40,18,1000,9.4,5.14,4843.26,2728.18
102212376,GB / Ayr 31st Jan,2m4f Nov Chs,31-01-2011 14:15,2387751,Ballycolin,0,21.93,26.3584981561073254647018511933335887745,1,38,18,1000,14,0,4946.84,3565.72
102212376,GB / Ayr 31st Jan,2m4f Nov Chs,31-01-2011 14:15,3406809,Mister Marker,0,19.13,17.4986933519602480836353278924525571861,15.1426917743826095404870158768214974515,23,14,1000,15,28,10441.12,2754.2
102212376,GB / Ayr 31st Jan,2m4f Nov Chs,31-01-2011 14:15,3450871,Catch Bob,0,7.05,7.02023466100488643781104422908034008645,7.27639050029243703232825483166659704376,8.2,6.4,1000,2,48.02,35098.36,20048.7
102212376,GB / Ayr 31st Jan,2m4f Nov Chs,31-01-2011 14:15,3505763,Premier Sagas,1,2.42,2.32087191577899418981317946377177276594,2.40228107299256027660603403839972566867,2.6,2.2,5,1.01,954.78,228241.88,118946.7
102212376,GB / Ayr 31st Jan,2m4f Nov Chs,31-01-2011 14:15,3766736,Pericam,0,57.24,86.3871214727637006759629622605163795319,1,110,60,1000,50,0,2073.18,1900.24
102212376,GB / Ayr 31st Jan,2m4f Nov Chs,31-01-2011 14:15,4307178,Benny Be Good,0,3.92,3.77682083787798138482675125826631193473,4.19139651755864182757612676000391302488,4,3.55,1000,2.24,131.84,69763.18,29744.7
102212376,GB / Ayr 31st Jan,2m4f Nov Chs,31-01-2011 14:15,4710839,Bertie Milan,0,34.84,35.3801530886989467185647124562465107801,1,55,25,1000,44,0,4080.94,1244.88
102212378,GB / Ayr 31st Jan,2m5f Hcap Chs,31-01-2011 14:50,798138,Coldwells,0,11.98,11.4816986558318078954756439920782534991,14.1864433297970887149598668666188518731,13,10,1000,11,49.48,14325.12,3556.78
102212378,GB / Ayr 31st Jan,2m5f Hcap Chs,31-01-2011 14:50,979855,Lampion Du Bost,0,8.15,8.26480926618405163473937646879636123665,9.17726503280504872546593386381883281241,10,7.4,1000,7,498.34,27425.18,8332
102212378,GB / Ayr 31st Jan,2m5f Hcap Chs,31-01-2011 14:50,1132506,Deuteronomy,0,10.05,9.16147779461561196004155228224430757536,8.74533172821394166911041604546746980388,11.5,8.4,1000,8,70,19264.88,3691.74
102212378,GB / Ayr 31st Jan,2m5f Hcap Chs,31-01-2011 14:50,1169051,Lahib The Fifth,0,21.23,21.9480025422662869851553015337927118446,13.3885471516113348081979824537683613424,30,15,1000,11,17.98,5810.8,2061.94
102212378,GB / Ayr 31st Jan,2m5f Hcap Chs,31-01-2011 14:50,2161492,Festival King,1,7.53,6.72182243756704921525702118013254324658,7.08802776571633385344899748131528517229,7.6,5.7,7,1.01,198.1,32754.86,116285.48
102212378,GB / Ayr 31st Jan,2m5f Hcap Chs,31-01-2011 14:50,2220407,Seven Is Lucky,0,10.05,10.4234274193112168303826022085737003404,9.23214974248078723574171283920171561946,14,9.2,110,12,97.7,17187.66,2477.86
102212378,GB / Ayr 31st Jan,2m5f Hcap Chs,31-01-2011 14:50,2307605,Garleton,0,14.58,14.650070328534182336928024874307954908,13.9996652586195905455434522561044053116,17,11,1000,13,12,10056.96,2013.88
102212378,GB / Ayr 31st Jan,2m5f Hcap Chs,31-01-2011 14:50,2609090,Appeal Denied,0,37.76,42.9688087068634259309333649931212806659,1,60,30,1000,40,0,3864.62,2965.1
102212378,GB / Ayr 31st Jan,2m5f Hcap Chs,31-01-2011 14:50,2805935,Dallas Bell,0,10.69,10.5620791626287779210064122304489492085,11.0141326794250169272665976952766357587,14.5,9.2,1000,1.75,48.64,15347.28,16516.16
102212378,GB / Ayr 31st Jan,2m5f Hcap Chs,31-01-2011 14:50,3099011,Hasper,0,26.66,32.5223131674509789990374059238817478097,18.499657756693301241008586560642835428,40,22,100,12,14,3764.72,2644.22
102212378,GB / Ayr 31st Jan,2m5f Hcap Chs,31-01-2011 14:50,3440649,Soul Magic,0,33.56,30.4364709989376810429228512968107578501,19.2493621847916415321284521105987345742,38,23,1000,5,8,3687.54,3859.64
102212378,GB / Ayr 31st Jan,2m5f Hcap Chs,31-01-2011 14:50,3448515,Schindlers Society,0,6.29,6.13631484582908843497601812560682561516,6.70453812699464159818755667372971111073,6.8,5.6,1000,6.2,163.58,52178.7,7556.9
102212380,GB / Ayr 31st Jan,2m Hcap Chs,31-01-2011 15:25,2286199,Tartan Snow,0,53.51,46.9587197949186613661992534150445675853,27.5996366489633751602953103660603996149,60,36,1000,26,20,3870.66,2103.24
102212380,GB / Ayr 31st Jan,2m Hcap Chs,31-01-2011 15:25,2323893,Quws Law,0,39.53,41.6107270704578475919894801893265547551,20.6954748055234306899506012699076871699,60,20,1000,29,45.4,5121.62,1454.84
102212380,GB / Ayr 31st Jan,2m Hcap Chs,31-01-2011 15:25,2461835,Quicuyo,1,8.27,7.48404062707400956625958955024747525081,10.4854163613959752830128894251343663257,9,6.6,7.6,1.01,40.2,34286.04,103018.68
102212380,GB / Ayr 31st Jan,2m Hcap Chs,31-01-2011 15:25,2672770,Blackpool Billy,0,2.31,2.54743968123064518544999287192208782012,2.49006979090587324006554512839240526634,2.76,2.38,1000,2,1591.58,283052.22,59704.62
102212380,GB / Ayr 31st Jan,2m Hcap Chs,31-01-2011 15:25,2800145,Pamak Dairy,0,11.94,11.7792700836630741463650289133875874714,9.38147463338548421823556882143743674567,15.5,9.6,1000,10,52,29372,5581.86
102212380,GB / Ayr 31st Jan,2m Hcap Chs,31-01-2011 15:25,2805933,Little Wizard,0,11.94,10.5840756258076307659109531558886737833,12.1725447493366386726510676151058528531,16,8.6,1000,9.8,61.64,20326.76,3351.9
102212380,GB / Ayr 31st Jan,2m Hcap Chs,31-01-2011 15:25,2938353,Carters Rest,0,11.94,11.5132445982118605165762407094369583584,16.5515323507718831507078723041033058947,14.5,8.8,1000,10.5,34.62,23284.22,4908.26
102212380,GB / Ayr 31st Jan,2m Hcap Chs,31-01-2011 15:25,3860346,The Cockney Squire,0,7.56,6.38557122207920025898099679478613861154,4.96846732629183992668246451122154265029,8,4.9,1000,5.3,292.22,51513.14,13374.4
102212380,GB / Ayr 31st Jan,2m Hcap Chs,31-01-2011 15:25,4348480,Arc Warrior,0,53.51,67.1566849822452610609578860611713212804,1,120,44,1000,60,0,2956.4,825.44
102212382,GB / Ayr 31st Jan,2m Hcap Hrd,31-01-2011 16:00,51696,Ulysees,0,68.36403984,55.0636215216511483657787927457516986749,22.9846400648080541061978031348764329988,80,36,1000,60,.3,2818.82,195.98
102212382,GB / Ayr 31st Jan,2m Hcap Hrd,31-01-2011 16:00,240925,Super Ally,0,11.5,8.99180894748166827772166745981798264902,6.44061519617939980610927937830291882955,14,6.4,1000,10,162.98,30850.38,2729.26
102212382,GB / Ayr 31st Jan,2m Hcap Hrd,31-01-2011 16:00,899931,Autumn Harvest,0,44.90164492647251,26.9175641976863979957606014975622769179,1,110,42,200,23,0,7116.9,646.7
102212382,GB / Ayr 31st Jan,2m Hcap Hrd,31-01-2011 16:00,1067635,Daniels Dream,0,74.705660154,61.4833287547359874611916938938158475873,25.6252605996563730047766761193682591224,150,44,1000,60,18,2751.88,195.82
102212382,GB / Ayr 31st Jan,2m Hcap Hrd,31-01-2011 16:00,1503370,Inner Voice,0,19.428415239,15.0668815450667677541305160590114119044,16.9992984011367797797311406788680081585,19.5,13,400,20,5.4,8931.08,407.9
102212382,GB / Ayr 31st Jan,2m Hcap Hrd,31-01-2011 16:00,1539517,Emirate Isle,0,6,6.89558959729788177418599651495718813332,6.28132150757425762330813847585992947031,9.2,5,1000,6.2,240,52692.68,4898.56
102212382,GB / Ayr 31st Jan,2m Hcap Hrd,31-01-2011 16:00,1548207,Beverly Hill Billy,0,12.554080779630116,9.63011029084795647937487605691694699855,12.9193461692319672647420179358185640726,13.5,10,1000,5,53.12,19358.28,2539.88
102212382,GB / Ayr 31st Jan,2m Hcap Hrd,31-01-2011 16:00,2223075,Bobs Dream,0,34.24511562376517,28.7629722470311688236909149624805683966,25.7555576656814516029106913583565128468,48,23,44,5.2,36.64,4857.94,1184.54
102212382,GB / Ayr 31st Jan,2m Hcap Hrd,31-01-2011 16:00,2243526,No Supper,0,26.63116101775342,20.4829557939764205957716768310703785011,21.5247075229177984213724954419399523557,34,15.5,1000,16,16,8240.18,563.54
102212382,GB / Ayr 31st Jan,2m Hcap Hrd,31-01-2011 16:00,2449010,Whaston,0,6.359294805,6.12035830379056407343895857431815231931,7.8839946128646414995797812116553565363,7.8,5.9,130,4.7,118,61969.3,8698.16
102212382,GB / Ayr 31st Jan,2m Hcap Hrd,31-01-2011 16:00,2569766,Ergo,0,38.27552831642674,30.7972564952752039252816846124961558084,23.9987626665685386126226409019194767322,46,23,1000,36,4,3692.58,241.4
102212382,GB / Ayr 31st Jan,2m Hcap Hrd,31-01-2011 16:00,2692349,Teenage Idol,1,8.682861672259605,10.4590763338001335181481547767449174652,14.8838941381975107803540024937241521652,20,8.4,9.4,1.01,26,29264.78,83226.18
102212382,GB / Ayr 31st Jan,2m Hcap Hrd,31-01-2011 16:00,3007713,Quacity,0,9.8,10.3016336389682915954516320544523612545,13.0589773764364174047288851520839090547,15,9.6,1000,5,68.18,26477.36,3057.36
102212382,GB / Ayr 31st Jan,2m Hcap Hrd,31-01-2011 16:00,3389791,Sydney Cove,0,32.61166858283802,25.9110551546458336419165246995351970549,23.919156681699440884797779761209664812,34,21,1000,18,18,5725.36,523.06
102212382,GB / Ayr 31st Jan,2m Hcap Hrd,31-01-2011 16:00,3394815,Rafta,0,19.5,13.5890215578388741101873066203535919975,13.8405997926497142623487819013760477822,19.5,12,1000,15.5,13.7,11073.12,431.44
102212382,GB / Ayr 31st Jan,2m Hcap Hrd,31-01-2011 16:00,4289326,Jaques Vert,0,27.723432642,20.3386972597682931416212072107789417297,11.1241888930404568259332009932642364112,28,17,1000,7.2,45.62,7824.86,883.06
102212382,GB / Ayr 31st Jan,2m Hcap Hrd,31-01-2011 16:00,4522526,Bunacurry,0,85,79.1229700981321221043036141388745634219,1,170,85,300,34,0,1695.28,201.68
102212384,GB / Ayr 31st Jan,2m NHF,31-01-2011 16:30,4355460,Zaru,0,5.5,5.96713771885058444131679779474183655685,6.99918411096090931633297871489477431069,6.6,5.2,1000,5,4,44835.4,9624.18
102212384,GB / Ayr 31st Jan,2m NHF,31-01-2011 16:30,4571014,Four Fiddlers,0,84.52817892424763,69.378131341184615528830884935057086797,49.9969205206495199250327491099274368036,100,32,590,34,4.28,3155.88,458.98
102212384,GB / Ayr 31st Jan,2m NHF,31-01-2011 16:30,4654257,Inoogoo,0,9.8,11.4229695844264348114873871103754136632,1,16,9.8,360,1.12,0,16502.54,32434.98
102212384,GB / Ayr 31st Jan,2m NHF,31-01-2011 16:30,4713897,Blazing Bay,0,37.15461519889999,27.6245899468363973289734310186225777676,9.31773566236065017853732608377705756511,36,9.8,1000,20,10,6496.12,639.28
102212384,GB / Ayr 31st Jan,2m NHF,31-01-2011 16:30,4733208,Over The Clyde,0,1000,928.903571822401718868145807701386481788,147.498828009375924992600059199526403789,1000,95,1000,1000,8,517.3,12.3
102212384,GB / Ayr 31st Jan,2m NHF,31-01-2011 16:30,5212470,Anychancedave,1,4.8,4.37955366652520989448695832230427090731,4.56932480386743872978468816474465362593,5.2,4,11,1.01,49,92361.24,82278.16
102212384,GB / Ayr 31st Jan,2m NHF,31-01-2011 16:30,5216547,Gris Lord,0,5.329232645199809,4.71374584627628033088356512933863285992,2.74290520633706742331331746346384932892,5.3,4.3,1000,4,69.6,66413.38,5811.52
102212384,GB / Ayr 31st Jan,2m NHF,31-01-2011 16:30,5227777,Scales,0,4.58630279364268,4.83150711637980952740267449187525804173,4.31482070074815515158282073355377366051,5.2,4.1,1000,4,139,57473.58,8672.86
102212384,GB / Ayr 31st Jan,2m NHF,31-01-2011 16:30,5264109,Aye Well,0,45.79061314719381,49.7521186880242248595827224352560864284,20.5128932016824703127410554226781741686,70,32,1000,30,26,3359.74,293
102212384,GB / Ayr 31st Jan,2m NHF,31-01-2011 16:30,5288161,Wotsurpoison,0,50.551399990488726,52.8683559186869927681469297465774123042,1,70,25,1000,55,0,2976.6,158.26
102212384,GB / Ayr 31st Jan,2m NHF,31-01-2011 16:30,5288162,Al Gregg,0,55,46.9120695096888169753285154231999199963,1,60,34,1000,44,0,3005.84,250.44
