EVENT_ID,MENU_HINT,EVENT_NAME,EVENT_DT,SELECTION_ID,SELECTION_NAME,WIN_LOSE,BSP,PPWAP,MORNINGWAP,PPMAX,PPMIN,IPMAX,IPMIN,MORNINGTRADEDVOL,PPTRADEDVOL,IPTRADEDVOL
100976038,AUS / Wyng (AUS) 12th Jun,TO BE PLACED,12-06-2014 03:55,8603365,3. Roman Circus,0,4.4,1,4.25341184014924067974465852449937330574,1,1001,1,1001,686.14,0,0
100976046,AUS / Wyng (AUS) 12th Jun,TO BE PLACED,12-06-2014 06:15,7583834,9. Rose Madder,0,27,1,25.3307504078303425774877650897226753671,1,1001,1,1001,147.12,0,0
100976046,AUS / Wyng (AUS) 12th Jun,TO BE PLACED,12-06-2014 06:15,8563779,6. Caramellos,0,1.47,1,1.45278088516312610715132579191831838534,1,1001,1,1001,1433.86,0,0
100976048,AUS / Wyng (AUS) 12th Jun,TO BE PLACED,12-06-2014 06:50,7178271,6. Koori Flyer,1,5.225338,1,4.99301007322603427127086198565215775192,1,1001,1,1001,538.06,0,0
100976048,AUS / Wyng (AUS) 12th Jun,TO BE PLACED,12-06-2014 06:50,7406828,2. Strictly Concert,1,1.2112669,1,1.1595895323249234188459092138642960017,1,1001,1,1001,5471.32,0,0
100976050,AUS / Wyng (AUS) 12th Jun,TO BE PLACED,12-06-2014 07:28,1524504,6. Royal Flush,0,3.4,1,3.37558338735068061857579405500509306417,1,1001,1,1001,431.96,0,0
100976050,AUS / Wyng (AUS) 12th Jun,TO BE PLACED,12-06-2014 07:28,8165025,8. Star Approach,1,2.01,1,2.04749569007578961064307321991998178447,1,1001,1,1001,614.86,0,0
100976068,AUS / Seym (AUS) 12th Jun,TO BE PLACED,12-06-2014 07:10,8224566,5. Nullei,0,5.8,1,4.2491357059053578412201798983183418068,1,1001,1,1001,255.7,0,0
100976068,AUS / Seym (AUS) 12th Jun,TO BE PLACED,12-06-2014 07:10,7078844,7. Sparkling Miss,1,4.7,1,3.49458996574652427966955470481563570421,1,1001,1,1001,198.52,0,0
100976052,AUS / Seym (AUS) 12th Jun,TO BE PLACED,12-06-2014 02:30,8603425,7. Skellig,1,7.8,1,5.90791990641987201541319755040253216817,1,1001,1,1001,581.32,0,0
100976054,AUS / Seym (AUS) 12th Jun,TO BE PLACED,12-06-2014 03:00,8603435,4. Rueason,0,5,1,3.68071625344352617079889807162534435262,1,1001,1,1001,36.3,0,0
100976054,AUS / Seym (AUS) 12th Jun,TO BE PLACED,12-06-2014 03:00,8603441,11. Sonic Shadow,0,118.03910798413678,1,34.8479766678818811520233321181188479767,1,1001,1,1001,54.86,0,0
100976058,AUS / Seym (AUS) 12th Jun,TO BE PLACED,12-06-2014 04:10,7698903,1. Brown Energy,1,1.7422192906957934,1,1.71340704843112597000276048216421801675,1,1001,1,1001,652.06,0,0
100976058,AUS / Seym (AUS) 12th Jun,TO BE PLACED,12-06-2014 04:10,6487027,9. Wild Win,0,8.6,1,7.6765828274067649609713790112749349523,1,1001,1,1001,138.36,0,0
100976060,AUS / Seym (AUS) 12th Jun,TO BE PLACED,12-06-2014 04:45,8514673,11. Graphitic Gaga,0,1.75,1,1.61546046391308096921617659739587824437,1,1001,1,1001,463.88,0,0
100976062,AUS / Seym (AUS) 12th Jun,TO BE PLACED,12-06-2014 05:20,5037696,4. Kings A Star,1,7.2,1,6.79924213064634198854583817766869052233,1,1001,1,1001,464.46,0,0
100976062,AUS / Seym (AUS) 12th Jun,TO BE PLACED,12-06-2014 05:20,8603467,11. Are The Bungs In,0,8.2,1,6.16792056829189538262835001614465611882,1,1001,1,1001,123.88,0,0
100976062,AUS / Seym (AUS) 12th Jun,TO BE PLACED,12-06-2014 05:20,8603468,12. Rovente,0,2.38,1,2.39929205054336974813885165007558686785,1,1001,1,1001,701.18,0,0
100976064,AUS / Seym (AUS) 12th Jun,TO BE PLACED,12-06-2014 05:55,7078967,1. Glow Torch,1,1.92,1,1.9542338077300775352866167353100678617,1,1001,1,1001,1364.54,0,0
100976064,AUS / Seym (AUS) 12th Jun,TO BE PLACED,12-06-2014 05:55,4639653,6. Onamissionfromgod,1,32,1,19.6756553178668273576378427237119614342,1,1001,1,1001,132.76,0,0
100976064,AUS / Seym (AUS) 12th Jun,TO BE PLACED,12-06-2014 05:55,6798833,8. Red Hot Shot,0,2.4205670891858606,1,2.0976003541912632821723730814639905549,1,1001,1,1001,948.64,0,0
100976078,AUS / Town (AUS) 12th Jun,TO BE PLACED,12-06-2014 06:05,7095225,1. Elovachill,1,1.958794146527071,1,1.92469719595155135224821635971461755434,1,1001,1,1001,602.7,0,0
100976082,AUS / Town (AUS) 12th Jun,TO BE PLACED,12-06-2014 07:20,6162633,1. Sizzlelon,0,1.679654971554847,1,1.55356787349279775850439238945187928812,1,1001,1,1001,5010.94,0,0
100976086,AUS / Nort (AUS) 12th Jun,TO BE PLACED,12-06-2014 05:50,7626780,14. Trisasso,0,11,1,8.86899696048632218844984802431610942249,1,1001,1,1001,26.32,0,0
100976092,AUS / Nort (AUS) 12th Jun,TO BE PLACED,12-06-2014 07:44,7590904,1. Balrov,1,3.65,1,3.14345764449570677944380366525695245418,1,1001,1,1001,156.06,0,0
100976088,AUS / Nort (AUS) 12th Jun,TO BE PLACED,12-06-2014 06:25,8600659,7. Saddlers Dancer,0,21,1,14.6448372093023255813953488372093023256,1,1001,1,1001,107.5,0,0
100976088,AUS / Nort (AUS) 12th Jun,TO BE PLACED,12-06-2014 06:25,8352894,11. Modamont,0,5.1,1,4.00315834400341442594963721724285104567,1,1001,1,1001,93.72,0,0
100976090,AUS / Nort (AUS) 12th Jun,TO BE PLACED,12-06-2014 07:03,8600669,10. Swaziland,1,2.1756008993930314,1,2.42360706651070866776912838301133384423,1,1001,1,1001,2975.16,0,0
100976090,AUS / Nort (AUS) 12th Jun,TO BE PLACED,12-06-2014 07:03,8508314,1. Armonia,0,1.82,1,1.71977510655798997981006505645704030509,1,1001,1,1001,1069.84,0,0
100976090,AUS / Nort (AUS) 12th Jun,TO BE PLACED,12-06-2014 07:03,8600670,11. Tukurua,0,5.9,1,6.2398510755653612796469939327082184225,1,1001,1,1001,145.04,0,0
100976094,AUS / Nort (AUS) 12th Jun,TO BE PLACED,12-06-2014 08:20,4329595,7. Theseus,0,12,1,12.9924800943674432320849306989088764376,1,1001,1,1001,67.82,0,0
100976094,AUS / Nort (AUS) 12th Jun,TO BE PLACED,12-06-2014 08:20,6148073,13. Makin A Racquet,0,41.665217122,1,14.6591478696741854636591478696741854637,1,1001,1,1001,7.98,0,0
100976096,AUS / Nort (AUS) 12th Jun,TO BE PLACED,12-06-2014 08:55,8479104,15. Medics Spirit,0,44,1,27.8675927935749945734751465161710440634,1,1001,1,1001,92.14,0,0
100976096,AUS / Nort (AUS) 12th Jun,TO BE PLACED,12-06-2014 08:55,5104767,13. Unctuous,0,22.867607387416065,1,22.9510588235294117647058823529411764706,1,1001,1,1001,42.5,0,0
100976096,AUS / Nort (AUS) 12th Jun,TO BE PLACED,12-06-2014 08:55,5924838,4. Amarna,0,3.55,1,3.53456239015817223198594024604569420035,1,1001,1,1001,284.5,0,0
100976096,AUS / Nort (AUS) 12th Jun,TO BE PLACED,12-06-2014 08:55,6223246,7. Steel Spur,1,4.285432470285739,1,3.71381114036303173063599833725924899543,1,1001,1,1001,288.68,0,0
100976098,AUS / Nort (AUS) 12th Jun,TO BE PLACED,12-06-2014 09:30,4951847,5. Imabutu,0,14,1,11.5828686147668971670756190051304929735,1,1001,1,1001,89.66,0,0
100976098,AUS / Nort (AUS) 12th Jun,TO BE PLACED,12-06-2014 09:30,7416399,6. Ashanti Lass,1,2.82,1,2.93890496967117165052676386080664041715,1,1001,1,1001,187.94,0,0
100976098,AUS / Nort (AUS) 12th Jun,TO BE PLACED,12-06-2014 09:30,8606468,11. Dust n Diamonds,0,8.2,1,7.52660668380462724935732647814910025707,1,1001,1,1001,31.12,0,0
100976114,AUS / Char (AUS) 12th Jun,TO BE PLACED,12-06-2014 03:15,4266204,5. Candy Digger,1,,1,1.66378676470588235294117647058823529412,1,1001,1,1001,32.64,0,0
100976114,AUS / Char (AUS) 12th Jun,TO BE PLACED,12-06-2014 03:15,5757912,2. Cudgee Boy,0,,1,2.93224195338512763596004439511653718091,1,1001,1,1001,18.02,0,0
100976120,AUS / Char (AUS) 12th Jun,TO BE PLACED,12-06-2014 05:00,6715371,3. Jaccka Murphy,1,,1,1.9161395308577858564874924262096425171,1,1001,1,1001,462.12,0,0
100976122,AUS / Char (AUS) 12th Jun,TO BE PLACED,12-06-2014 05:35,1278196,1. Semper Fi,0,,1,6.82068619892058596761757902852737085582,1,1001,1,1001,518.8,0,0
100976126,AUS / Char (AUS) 12th Jun,TO BE PLACED,12-06-2014 06:43,3779724,2. Peaces Of You,0,,1,3.7,1,1001,1,1001,22.32,0,0
100976126,AUS / Char (AUS) 12th Jun,TO BE PLACED,12-06-2014 06:43,8387485,5. The Major League,0,,1,6.1704637917005695687550854353132628153,1,1001,1,1001,147.48,0,0
100976128,AUS / Char (AUS) 12th Jun,TO BE PLACED,12-06-2014 07:23,6989226,1. Stylish Ruler,0,,1,4.84230866380399090679464511240212174792,1,1001,1,1001,79.18,0,0
100976128,AUS / Char (AUS) 12th Jun,TO BE PLACED,12-06-2014 07:23,7237996,7. Sophie Gorgeous,0,,1,22,1,1001,1,1001,5.58,0,0
100976124,AUS / Char (AUS) 12th Jun,TO BE PLACED,12-06-2014 06:10,8378282,2. Gunbalunya,0,,1,2.85167811579980372914622178606476938175,1,1001,1,1001,489.12,0,0
100976124,AUS / Char (AUS) 12th Jun,TO BE PLACED,12-06-2014 06:10,8603241,5. Barnbougle Jack,0,,1,5.94428312159709618874773139745916515426,1,1001,1,1001,44.08,0,0
100976124,AUS / Char (AUS) 12th Jun,TO BE PLACED,12-06-2014 06:10,8279700,1. Kodiemali,0,,1,5.458125,1,1001,1,1001,48,0,0
100976142,AUS / Shep (AUS) 12th Jun,TO BE PLACED,12-06-2014 12:30,6964804,9. Im Noddy,1,,1,1,1,1001,1,1001,0,0,0
100976130,AUS / Shep (AUS) 12th Jun,TO BE PLACED,12-06-2014 09:25,4146487,5. Magic Attack,0,,1,32,1,1001,1,1001,7.72,0,0
100976130,AUS / Shep (AUS) 12th Jun,TO BE PLACED,12-06-2014 09:25,7581448,8. Tenfour,0,,1,3.79064670856764803175653324512074098578,1,1001,1,1001,604.6,0,0
100976134,AUS / Shep (AUS) 12th Jun,TO BE PLACED,12-06-2014 10:30,8512792,6. Melita Bromac,0,,1,16.9982461734693877551020408163265306122,1,1001,1,1001,62.72,0,0
100976136,AUS / Shep (AUS) 12th Jun,TO BE PLACED,12-06-2014 11:00,7189790,6. Real Performer,1,,1,1.3754540790148794253463314520266803489,1,1001,1,1001,77.96,0,0
100976136,AUS / Shep (AUS) 12th Jun,TO BE PLACED,12-06-2014 11:00,7305634,8. Art Prevails,1,,1,2.10884372519926848624961181463717608088,1,1001,1,1001,579.62,0,0
100976144,AUS / Newc (AUS) 12th Jun,TO BE PLACED,12-06-2014 05:25,5647531,2. Controversial,1,,1,1.05335089184882659612320353954920251853,1,1001,1,1001,2585.64,0,0
100976144,AUS / Newc (AUS) 12th Jun,TO BE PLACED,12-06-2014 05:25,8522467,3. The Oriflamme,0,,1,10.629021789522484932777005099675475197,1,1001,1,1001,43.14,0,0
100976144,AUS / Newc (AUS) 12th Jun,TO BE PLACED,12-06-2014 05:25,8604148,6. Mondo Sports,0,,1,4.7909667697676262986755492108811166627,1,1001,1,1001,252.18,0,0
100976148,AUS / Newc (AUS) 12th Jun,TO BE PLACED,12-06-2014 06:35,7019969,2. Joycenhel,0,,1,3.80999283667621776504297994269340974212,1,1001,1,1001,27.92,0,0
100976150,AUS / Newc (AUS) 12th Jun,TO BE PLACED,12-06-2014 07:13,8604153,7. Major Anthony,0,,1,1.24809657612654802789051930481839941721,1,1001,1,1001,384.36,0,0
100976150,AUS / Newc (AUS) 12th Jun,TO BE PLACED,12-06-2014 07:13,8604157,11. Ohne Sorgen,1,,1,16.4429160935350756533700137551581843191,1,1001,1,1001,14.54,0,0
100976152,AUS / Newc (AUS) 12th Jun,TO BE PLACED,12-06-2014 07:52,7322623,11. Little Bobby Banks,0,,1,17.4504013761467889908256880733944954128,1,1001,1,1001,34.88,0,0
100976152,AUS / Newc (AUS) 12th Jun,TO BE PLACED,12-06-2014 07:52,8362829,9. Glacial Motion,1,,1,1.33557692917128822690540326414197433053,1,1001,1,1001,631.1,0,0
100976154,AUS / Newc (AUS) 12th Jun,TO BE PLACED,12-06-2014 08:24,8469478,9. Nine Mile Maiden,1,,1,2.60040114613180515759312320916905444126,1,1001,1,1001,27.92,0,0
100976160,AUS / Penr (AUS) 12th Jun,TO BE PLACED,12-06-2014 10:17,7554010,7. Novak,0,,1,1.94719356708200521587945523036800927267,1,1001,1,1001,138.04,0,0
100976162,AUS / Penr (AUS) 12th Jun,TO BE PLACED,12-06-2014 10:47,8604163,3. Munroe,0,,1,2.23068505677055551322106225710584470014,1,1001,1,1001,262.46,0,0
100976164,AUS / Penr (AUS) 12th Jun,TO BE PLACED,12-06-2014 11:17,8522477,5. Summerhayes,1,,1,2.18290665514261019878997407087294727744,1,1001,1,1001,231.4,0,0
100976166,AUS / Penr (AUS) 12th Jun,TO BE PLACED,12-06-2014 11:47,6065929,8. Coupla Weeks,0,,1,10.8413307741522712731925783749200255918,1,1001,1,1001,31.26,0,0
100976166,AUS / Penr (AUS) 12th Jun,TO BE PLACED,12-06-2014 11:47,6634530,7. Indiana Lucy,0,,1,5.73285879184301654482493266641015775298,1,1001,1,1001,103.96,0,0
100976168,AUS / Penr (AUS) 12th Jun,TO BE PLACED,12-06-2014 12:17,8604170,6. I Say Boy,0,,1,1,1,1001,1,1001,0,0,0
100976186,AUS / Redc (AUS) 12th Jun,TO BE PLACED,12-06-2014 09:08,4034706,2. Dutch Cream,1,,1,4.51683673469387755102040816326530612245,1,1001,1,1001,35.28,0,0
100976186,AUS / Redc (AUS) 12th Jun,TO BE PLACED,12-06-2014 09:08,6693515,6. Opals Delight,1,,1,1.50751257563607202741124152511482102501,1,1001,1,1001,823.02,0,0
100976176,AUS / Redc (AUS) 12th Jun,TO BE PLACED,12-06-2014 06:20,7203778,5. Tooperate,0,,1,2.04768282312925170068027210884353741497,1,1001,1,1001,188.16,0,0
100976176,AUS / Redc (AUS) 12th Jun,TO BE PLACED,12-06-2014 06:20,7419573,2. Spring Jay,0,,1,1.68769977528089887640449438202247191011,1,1001,1,1001,445,0,0
100976180,AUS / Redc (AUS) 12th Jun,TO BE PLACED,12-06-2014 07:33,6722551,7. Hotshot Anvil,1,,1,1.40526586010070533302996428818740293015,1,1001,1,1001,2021.74,0,0
100976190,AUS / Ngin (AUS) 12th Jun,TO BE PLACED,12-06-2014 10:54,8532440,2. Importer Exporter,1,,1,1.52,1,1001,1,1001,2.34,0,0
100976192,AUS / Ngin (AUS) 12th Jun,TO BE PLACED,12-06-2014 11:24,8268810,6. Leftrightgoodnight,1,,1,1.21296800544588155207624234172906739278,1,1001,1,1001,29.38,0,0
100976198,AUS / Ngin (AUS) 12th Jun,TO BE PLACED,12-06-2014 12:54,5287905,9. So Talk About Courage,0,,1,1,1,1001,1,1001,0,0,0
100976200,AUS / Ngin (AUS) 12th Jun,TO BE PLACED,12-06-2014 13:30,6893371,2. Pocket Fulla Starz,0,,1,1,1,1001,1,1001,0,0,0
100976040,AUS / Wyng (AUS) 12th Jun,TO BE PLACED,12-06-2014 04:30,8603368,2. Spanish Holiday,0,23,1,22.7325296995108315863032844164919636618,1,1001,1,1001,114.48,0,0
100976046,AUS / Wyng (AUS) 12th Jun,TO BE PLACED,12-06-2014 06:15,2536189,1. Court Victory,0,2.484605857742427,1,2.5663595839524517087667161961367013373,1,1001,1,1001,699.92,0,0
100976048,AUS / Wyng (AUS) 12th Jun,TO BE PLACED,12-06-2014 06:50,8603382,3. Slippery Moss,1,1.2004327,1,1.12024205993445128672418100850957510913,1,1001,1,1001,1360.82,0,0
100976050,AUS / Wyng (AUS) 12th Jun,TO BE PLACED,12-06-2014 07:28,6571812,10. Battered,0,12,1,9.53237833594976452119309262166405023548,1,1001,1,1001,50.96,0,0
100976050,AUS / Wyng (AUS) 12th Jun,TO BE PLACED,12-06-2014 07:28,7574634,5. Noverach,0,2.7,1,2.3899289562488899413889053342016458469,1,1001,1,1001,675.64,0,0
100976066,AUS / Seym (AUS) 12th Jun,TO BE PLACED,12-06-2014 06:30,8603474,5. Auto Drafter,1,2.12,1,2.09067450033243327589248158048277452883,1,1001,1,1001,1473.98,0,0
100976068,AUS / Seym (AUS) 12th Jun,TO BE PLACED,12-06-2014 07:10,8603480,3. Coronation Benny,1,2,1,1.91120267929322092620394964776533086962,1,1001,1,1001,1731.8,0,0
100976052,AUS / Seym (AUS) 12th Jun,TO BE PLACED,12-06-2014 02:30,8603423,3. Forthwood Bound,0,5.454277127895038,1,5.15272790535838552540013917884481558803,1,1001,1,1001,287.4,0,0
100976052,AUS / Seym (AUS) 12th Jun,TO BE PLACED,12-06-2014 02:30,8603424,4. Free On Saturday,0,4,1,4.0380730454631919345634392238919535857,1,1001,1,1001,105.14,0,0
100976054,AUS / Seym (AUS) 12th Jun,TO BE PLACED,12-06-2014 03:00,7322593,7. The Last Laugh,0,4.5,1,3.63208296064400715563506261180679785331,1,1001,1,1001,357.76,0,0
100976056,AUS / Seym (AUS) 12th Jun,TO BE PLACED,12-06-2014 03:35,8169801,6. Rock Of Freedom,0,2.7,1,1.61437527989252127183161665920286609942,1,1001,1,1001,44.66,0,0
100976058,AUS / Seym (AUS) 12th Jun,TO BE PLACED,12-06-2014 04:10,8029003,5. Monarchs Reign,0,5.044249425754826,1,5.23060806486025176018775336035843823341,1,1001,1,1001,468.7,0,0
100976058,AUS / Seym (AUS) 12th Jun,TO BE PLACED,12-06-2014 04:10,8603454,4. Frenzy Fox,0,5.6,1,5.10752905800034696119817267102295726595,1,1001,1,1001,345.86,0,0
100976060,AUS / Seym (AUS) 12th Jun,TO BE PLACED,12-06-2014 04:45,8603466,13. My Donnatella,1,11,1,10.3124869927159209157127991675338189386,1,1001,1,1001,307.52,0,0
100976060,AUS / Seym (AUS) 12th Jun,TO BE PLACED,12-06-2014 04:45,6148161,5. Masked Invader,1,25,1,20.4860388073828679602460955986748698533,1,1001,1,1001,84.52,0,0
100976062,AUS / Seym (AUS) 12th Jun,TO BE PLACED,12-06-2014 05:20,4889603,3. El Gaucho,0,4.3,1,3.74879216043755697356426618049225159526,1,1001,1,1001,87.76,0,0
100976064,AUS / Seym (AUS) 12th Jun,TO BE PLACED,12-06-2014 05:55,5613773,12. Kiss Chasey,0,2.84,1,2.68766169770973440357021105153872377351,1,1001,1,1001,645.34,0,0
100976074,AUS / Town (AUS) 12th Jun,TO BE PLACED,12-06-2014 04:55,8603348,4. Nevetus,1,1.68,1,1.80656599865149297161213246133297099684,1,1001,1,1001,7801.22,0,0
100976076,AUS / Town (AUS) 12th Jun,TO BE PLACED,12-06-2014 05:30,8603353,8. Molongle Chief,1,2.18,1,2.17032983058117092000857816856101222389,1,1001,1,1001,2797.8,0,0
100976076,AUS / Town (AUS) 12th Jun,TO BE PLACED,12-06-2014 05:30,7863557,4. Jayhawk,0,4.5,1,4.99344954056079189178530583270891666995,1,1001,1,1001,507.14,0,0
100976076,AUS / Town (AUS) 12th Jun,TO BE PLACED,12-06-2014 05:30,8603352,5. Aldren,0,2.707617634,1,2.57553729456384323640960809102402022756,1,1001,1,1001,759.36,0,0
100976080,AUS / Town (AUS) 12th Jun,TO BE PLACED,12-06-2014 06:40,7544362,9. Stradivari Miss,0,4.3,1,3.07491358541950350895569288781816277365,1,1001,1,1001,190.94,0,0
100976080,AUS / Town (AUS) 12th Jun,TO BE PLACED,12-06-2014 06:40,4874963,4. Nail em,0,40,1,27.9554904051172707889125799573560767591,1,1001,1,1001,37.52,0,0
100976084,AUS / Nort (AUS) 12th Jun,TO BE PLACED,12-06-2014 05:15,8600640,4. Skies Of Blue,0,13.5,1,12.3322481151473612063056888279643591501,1,1001,1,1001,116.72,0,0
100976084,AUS / Nort (AUS) 12th Jun,TO BE PLACED,12-06-2014 05:15,8600645,9. Miss Penelope,0,17.117627191602587,1,13.1766513056835637480798771121351766513,1,1001,1,1001,91.14,0,0
100976084,AUS / Nort (AUS) 12th Jun,TO BE PLACED,12-06-2014 05:15,8600647,11. Scarlet Plume,0,20,1,11.3146938775510204081632653061224489796,1,1001,1,1001,98,0,0
100976084,AUS / Nort (AUS) 12th Jun,TO BE PLACED,12-06-2014 05:15,8600648,13. What About This,0,2.96,1,3.13673120847176079734219269102990033223,1,1001,1,1001,385.28,0,0
100976084,AUS / Nort (AUS) 12th Jun,TO BE PLACED,12-06-2014 05:15,8600649,14. Youknowthedrill,1,1.94,1,1.7383537526091296850893910518195843543,1,1001,1,1001,440.76,0,0
100976086,AUS / Nort (AUS) 12th Jun,TO BE PLACED,12-06-2014 05:50,8341810,13. Stormy Row,0,60,1,30.8314606741573033707865168539325842697,1,1001,1,1001,1.78,0,0
100976086,AUS / Nort (AUS) 12th Jun,TO BE PLACED,12-06-2014 05:50,8600651,3. Dream Diamond,1,1.7,1,1.54714157373869891338447936571314491059,1,1001,1,1001,1402.52,0,0
100976086,AUS / Nort (AUS) 12th Jun,TO BE PLACED,12-06-2014 05:50,7884752,12. Princess Courjaz,0,7.8,1,7.44436435124508519003931847968545216252,1,1001,1,1001,122.08,0,0
100976092,AUS / Nort (AUS) 12th Jun,TO BE PLACED,12-06-2014 07:44,8600676,9. Woolibar,1,2.98,1,3.17505469111076875674010167924818980126,1,1001,1,1001,129.82,0,0
100976088,AUS / Nort (AUS) 12th Jun,TO BE PLACED,12-06-2014 06:25,7556180,4. Marpileno,0,8.6,1,10.2621638924455825864276568501920614597,1,1001,1,1001,31.24,0,0
100976090,AUS / Nort (AUS) 12th Jun,TO BE PLACED,12-06-2014 07:03,8508322,15. Mr Pink,0,13.002392446789834,1,13.053935472433965608934586066300301365,1,1001,1,1001,225.64,0,0
100976094,AUS / Nort (AUS) 12th Jun,TO BE PLACED,12-06-2014 08:20,5944260,12. Ambers Cove,0,65,1,27.9711375212224108658743633276740237691,1,1001,1,1001,11.78,0,0
100976094,AUS / Nort (AUS) 12th Jun,TO BE PLACED,12-06-2014 08:20,6150512,11. Whirling Lass,0,3.45,1,3.6255459770114942528735632183908045977,1,1001,1,1001,139.2,0,0
100976094,AUS / Nort (AUS) 12th Jun,TO BE PLACED,12-06-2014 08:20,7079027,10. Justine Louise,0,32,1,21.844763092269326683291770573566084788,1,1001,1,1001,48.12,0,0
100976094,AUS / Nort (AUS) 12th Jun,TO BE PLACED,12-06-2014 08:20,7863762,6. Heart Show,0,5.048152518,1,4.93040935672514619883040935672514619883,1,1001,1,1001,427.5,0,0
100976094,AUS / Nort (AUS) 12th Jun,TO BE PLACED,12-06-2014 08:20,7885074,8. Flying Baron,1,4.2,1,3.92589262779347546879013614179296172618,1,1001,1,1001,77.86,0,0
100976098,AUS / Nort (AUS) 12th Jun,TO BE PLACED,12-06-2014 09:30,6508991,3. Revy,0,9.4,1,7.62633150821304131408661025385764061722,1,1001,1,1001,80.36,0,0
100976098,AUS / Nort (AUS) 12th Jun,TO BE PLACED,12-06-2014 09:30,5265189,13. Outlier,0,13,1,10.1234711706464764123471170646476412347,1,1001,1,1001,34.34,0,0
100976098,AUS / Nort (AUS) 12th Jun,TO BE PLACED,12-06-2014 09:30,8606467,10. Sass n Will,0,21,1,20.0545089561457689932056825200741198271,1,1001,1,1001,64.76,0,0
100976114,AUS / Char (AUS) 12th Jun,TO BE PLACED,12-06-2014 03:15,3868310,7. Belsband,0,,1,7.2,1,1001,1,1001,11.16,0,0
100976114,AUS / Char (AUS) 12th Jun,TO BE PLACED,12-06-2014 03:15,5562579,3. Shea Keystone,0,,1,7,1,1001,1,1001,5.58,0,0
100976118,AUS / Char (AUS) 12th Jun,TO BE PLACED,12-06-2014 04:25,7014183,2. Miss Lively,0,,1,2.44,1,1001,1,1001,5.56,0,0
100976118,AUS / Char (AUS) 12th Jun,TO BE PLACED,12-06-2014 04:25,8603237,9. Nonno Medoro,1,,1,1.65651544401544401544401544401544401544,1,1001,1,1001,145.04,0,0
100976120,AUS / Char (AUS) 12th Jun,TO BE PLACED,12-06-2014 05:00,3053772,9. Wipem Dry,0,,1,2.17080594616311771795901968662113298513,1,1001,1,1001,248.9,0,0
100976138,AUS / Shep (AUS) 12th Jun,TO BE PLACED,12-06-2014 11:30,4029982,6. Earth Angel,0,,1,10.9887706855791962174940898345153664303,1,1001,1,1001,16.92,0,0
100976142,AUS / Shep (AUS) 12th Jun,TO BE PLACED,12-06-2014 12:30,1323464,7. Wolfpack,1,,1,1,1,1001,1,1001,0,0,0
100976142,AUS / Shep (AUS) 12th Jun,TO BE PLACED,12-06-2014 12:30,2875691,5. Forbidden Forest,0,,1,1,1,1001,1,1001,0,0,0
100976142,AUS / Shep (AUS) 12th Jun,TO BE PLACED,12-06-2014 12:30,5530172,2. Brother Rabbit,0,,1,1,1,1001,1,1001,0,0,0
100976130,AUS / Shep (AUS) 12th Jun,TO BE PLACED,12-06-2014 09:25,8440089,10. Ramblenroller,0,,1,3.96719229084537888742882172579938677179,1,1001,1,1001,91.32,0,0
100976132,AUS / Shep (AUS) 12th Jun,TO BE PLACED,12-06-2014 10:00,682149,8. Wake Up Call,0,,1,5.29677325581395348837209302325581395349,1,1001,1,1001,412.8,0,0
100976136,AUS / Shep (AUS) 12th Jun,TO BE PLACED,12-06-2014 11:00,4766997,5. Kentucky Lane,0,,1,9.86025641025641025641025641025641025641,1,1001,1,1001,249.6,0,0
100976136,AUS / Shep (AUS) 12th Jun,TO BE PLACED,12-06-2014 11:00,8424148,4. Beau Romulus,1,,1,3.65,1,1001,1,1001,42.44,0,0
100976140,AUS / Shep (AUS) 12th Jun,TO BE PLACED,12-06-2014 12:00,8483425,9. I Dreamt It,0,,1,1,1,1001,1,1001,0,0,0
100976144,AUS / Newc (AUS) 12th Jun,TO BE PLACED,12-06-2014 05:25,8604147,5. Strathlachlan Art,1,,1,5.43292863175675675675675675675675675676,1,1001,1,1001,378.88,0,0
100976146,AUS / Newc (AUS) 12th Jun,TO BE PLACED,12-06-2014 06:00,7386979,3. Blackjack Shannon,1,,1,1.66048611111111111111111111111111111111,1,1001,1,1001,204.48,0,0
100976154,AUS / Newc (AUS) 12th Jun,TO BE PLACED,12-06-2014 08:24,7035637,7. Rusty Bullet,0,,1,2.07047739207529155016026733956216326809,1,1001,1,1001,586.52,0,0
100976156,AUS / Penr (AUS) 12th Jun,TO BE PLACED,12-06-2014 09:17,5464939,10. Bye Bye Sir,0,,1,3.3904684975767366720516962843295638126,1,1001,1,1001,160.94,0,0
100976156,AUS / Penr (AUS) 12th Jun,TO BE PLACED,12-06-2014 09:17,5918828,7. Happyever Laughter,0,,1,3.29334150916173712307026403116433415092,1,1001,1,1001,554.48,0,0
100976158,AUS / Penr (AUS) 12th Jun,TO BE PLACED,12-06-2014 09:46,5551002,7. Vintage Cullen,0,,1,13.2723233178163351671603893355903512484,1,1001,1,1001,189.04,0,0
100976160,AUS / Penr (AUS) 12th Jun,TO BE PLACED,12-06-2014 10:17,5490180,4. The Redeemer,0,,1,4,1,1001,1,1001,42.6,0,0
100976162,AUS / Penr (AUS) 12th Jun,TO BE PLACED,12-06-2014 10:47,6433447,5. No Ah Saint,1,,1,1.52316481910098672189060786941162139116,1,1001,1,1001,164.18,0,0
100976162,AUS / Penr (AUS) 12th Jun,TO BE PLACED,12-06-2014 10:47,6636941,8. Swift Exit,1,,1,4.4,1,1001,1,1001,53.76,0,0
100976170,AUS / Penr (AUS) 12th Jun,TO BE PLACED,12-06-2014 12:47,1185621,1. Explosive Thunder,0,,1,1,1,1001,1,1001,0,0,0
100976170,AUS / Penr (AUS) 12th Jun,TO BE PLACED,12-06-2014 12:47,6136202,7. Champagne Jack,1,,1,1,1,1001,1,1001,0,0,0
100976170,AUS / Penr (AUS) 12th Jun,TO BE PLACED,12-06-2014 12:47,7612102,8. Dotcom,0,,1,1,1,1001,1,1001,0,0,0
100976186,AUS / Redc (AUS) 12th Jun,TO BE PLACED,12-06-2014 09:08,3958346,7. Mimesis,0,,1,2.07640711403377671499028545807801524436,1,1001,1,1001,267.64,0,0
100976186,AUS / Redc (AUS) 12th Jun,TO BE PLACED,12-06-2014 09:08,7704614,9. Speedy Love,0,,1,3.3,1,1001,1,1001,13.32,0,0
100976174,AUS / Redc (AUS) 12th Jun,TO BE PLACED,12-06-2014 05:45,7305617,4. Aceador,1,,1,2.90355779373234883800061247405491850692,1,1001,1,1001,587.78,0,0
100976174,AUS / Redc (AUS) 12th Jun,TO BE PLACED,12-06-2014 05:45,3505033,6. Justabeach,0,,1,24,1,1001,1,1001,16.74,0,0
100976174,AUS / Redc (AUS) 12th Jun,TO BE PLACED,12-06-2014 05:45,5179720,1. Karinya Mat,0,,1,2.84206941361199848394607179598245709026,1,1001,1,1001,369.38,0,0
100976174,AUS / Redc (AUS) 12th Jun,TO BE PLACED,12-06-2014 05:45,6863187,2. Bobby Maravu,0,,1,6.82596586567037445869066825167699753757,1,1001,1,1001,235.54,0,0
100976180,AUS / Redc (AUS) 12th Jun,TO BE PLACED,12-06-2014 07:33,4477188,10. Longwoods,0,,1,9.1,1,1001,1,1001,11.16,0,0
100976180,AUS / Redc (AUS) 12th Jun,TO BE PLACED,12-06-2014 07:33,6755857,3. Cold Real Dimpled,0,,1,3.70828629032258064516129032258064516129,1,1001,1,1001,49.6,0,0
100976182,AUS / Redc (AUS) 12th Jun,TO BE PLACED,12-06-2014 08:04,7584165,9. Falcon Chief,0,,1,2.64337865941449368101103823388257878739,1,1001,1,1001,125.02,0,0
100976188,AUS / Ngin (AUS) 12th Jun,TO BE PLACED,12-06-2014 10:24,8421386,5. Soho New York,0,,1,1.42854719364735607291102689045298682548,1,1001,1,1001,110.82,0,0
100976190,AUS / Ngin (AUS) 12th Jun,TO BE PLACED,12-06-2014 10:54,7937585,1. Batavia Ace,0,,1,3.18572343149807938540332906530089628681,1,1001,1,1001,15.62,0,0
100976190,AUS / Ngin (AUS) 12th Jun,TO BE PLACED,12-06-2014 10:54,8175100,9. Major Donegal,1,,1,1.54312645461598138091543832428238944919,1,1001,1,1001,154.68,0,0
100976192,AUS / Ngin (AUS) 12th Jun,TO BE PLACED,12-06-2014 11:24,7421830,7. Eastwood Factor,0,,1,3.83454195535026943802925327174749807544,1,1001,1,1001,389.7,0,0
100976038,AUS / Wyng (AUS) 12th Jun,TO BE PLACED,12-06-2014 03:55,8502589,6. Prince High,1,12.928003178236542,1,7.88047263681592039800995024875621890547,1,1001,1,1001,80.4,0,0
100976038,AUS / Wyng (AUS) 12th Jun,TO BE PLACED,12-06-2014 03:55,8603367,5. Testashadow,0,2.919817962542875,1,2.92192303817870454316510526845975622041,1,1001,1,1001,397.08,0,0
100976040,AUS / Wyng (AUS) 12th Jun,TO BE PLACED,12-06-2014 04:30,8603369,3. Dream Stepper,0,3.85,1,3.53503290567041148707039819185002991425,1,1001,1,1001,300.86,0,0
100976040,AUS / Wyng (AUS) 12th Jun,TO BE PLACED,12-06-2014 04:30,8603372,7. Bring Me Love,1,1.3616869987593967,1,1.26874808261691577783326793422038311989,1,1001,1,1001,1121.32,0,0
100976040,AUS / Wyng (AUS) 12th Jun,TO BE PLACED,12-06-2014 04:30,2298704,5. Manhattan Moon,0,4,1,3.76393432871334245434536910356314318006,1,1001,1,1001,336.22,0,0
100976042,AUS / Wyng (AUS) 12th Jun,TO BE PLACED,12-06-2014 05:05,8314532,1. Canny De Zero,1,1.8,1,1.64830036585856149238129698870260925502,1,1001,1,1001,994.92,0,0
100976044,AUS / Wyng (AUS) 12th Jun,TO BE PLACED,12-06-2014 05:40,8540774,6. Abidon,0,4.682375932,1,4.62663946466459931450954790272564060715,1,1001,1,1001,612.7,0,0
100976048,AUS / Wyng (AUS) 12th Jun,TO BE PLACED,12-06-2014 06:50,8544833,8. Axian Crown,0,8.313085,1,7.73471743234738829452485840151038388924,1,1001,1,1001,158.9,0,0
100976050,AUS / Wyng (AUS) 12th Jun,TO BE PLACED,12-06-2014 07:28,6382747,3. Clint,0,2.94,1,2.63191303342199606800046258818087197872,1,1001,1,1001,864.7,0,0
100976066,AUS / Seym (AUS) 12th Jun,TO BE PLACED,12-06-2014 06:30,8603478,13. Jersey Whistler,1,2.48,1,2.4898795831956998288339689498813849434,1,1001,1,1001,666.02,0,0
100976068,AUS / Seym (AUS) 12th Jun,TO BE PLACED,12-06-2014 07:10,7544691,4. Lycka Till,0,2.38,1,2.67545215016074838647296284657593850468,1,1001,1,1001,827.38,0,0
100976070,AUS / Seym (AUS) 12th Jun,TO BE PLACED,12-06-2014 07:40,4075144,1. Beacons,0,4.9,1,3.97602768456375838926174496644295302013,1,1001,1,1001,429.12,0,0
100976070,AUS / Seym (AUS) 12th Jun,TO BE PLACED,12-06-2014 07:40,5982435,2. Wairoa,0,14.483647581,1,10.8846903395504543280726924916307986609,1,1001,1,1001,334.56,0,0
100976070,AUS / Seym (AUS) 12th Jun,TO BE PLACED,12-06-2014 07:40,7457820,6. Tuff Host,0,2.225606652114002,1,1.91429398853798317278380685282282648458,1,1001,1,1001,328.04,0,0
100976070,AUS / Seym (AUS) 12th Jun,TO BE PLACED,12-06-2014 07:40,7609724,12. Cee Cee n Dry,0,8,1,8.27015532544378698224852071005917159763,1,1001,1,1001,108.16,0,0
100976052,AUS / Seym (AUS) 12th Jun,TO BE PLACED,12-06-2014 02:30,8559488,6. Profit Share,1,1.41,1,1.36095416385348255143864530692691177173,1,1001,1,1001,5865.24,0,0
100976052,AUS / Seym (AUS) 12th Jun,TO BE PLACED,12-06-2014 02:30,8603421,1. Allergic,0,2.542005534,1,2.02417767283996163211097174057404264738,1,1001,1,1001,271.06,0,0
100976052,AUS / Seym (AUS) 12th Jun,TO BE PLACED,12-06-2014 02:30,8603427,9. Verreaux,0,6.6,1,6.96890654205607476635514018691588785047,1,1001,1,1001,214,0,0
100976058,AUS / Seym (AUS) 12th Jun,TO BE PLACED,12-06-2014 04:10,7651448,10. Goodnight Nurse,0,4.1,1,3.86346824314082158556919812035773836592,1,1001,1,1001,131.94,0,0
100976058,AUS / Seym (AUS) 12th Jun,TO BE PLACED,12-06-2014 04:10,8603457,8. The Golden Pig,0,2.68,1,2.48781890945472736368184092046023011506,1,1001,1,1001,319.84,0,0
100976058,AUS / Seym (AUS) 12th Jun,TO BE PLACED,12-06-2014 04:10,8603458,11. Jesses Dream,1,1.7789180135133935,1,1.53606150680996880573386681985478300948,1,1001,1,1001,2994.14,0,0
100976062,AUS / Seym (AUS) 12th Jun,TO BE PLACED,12-06-2014 05:20,8358241,5. Leave Pass,1,1.8,1,1.76780693846543428716130665991390225374,1,1001,1,1001,1974.5,0,0
100976064,AUS / Seym (AUS) 12th Jun,TO BE PLACED,12-06-2014 05:55,8603472,5. Ive Got Chins,0,19.967397347,1,16.9644524236983842010771992818671454219,1,1001,1,1001,167.1,0,0
100976072,AUS / Town (AUS) 12th Jun,TO BE PLACED,12-06-2014 04:20,8185330,6. Special Tale,0,2.0080543556578596,1,1.83995242786769880365939479239971850809,1,1001,1,1001,1421,0,0
100976072,AUS / Town (AUS) 12th Jun,TO BE PLACED,12-06-2014 04:20,7789006,9. Woolgar Road,1,8.2,1,6.47116945107398568019093078758949880668,1,1001,1,1001,167.6,0,0
100976076,AUS / Town (AUS) 12th Jun,TO BE PLACED,12-06-2014 05:30,8603354,9. Just A Fraction,0,17.54104555223487,1,15.515246015246015246015246015246015246,1,1001,1,1001,202.02,0,0
100976076,AUS / Town (AUS) 12th Jun,TO BE PLACED,12-06-2014 05:30,8603350,2. Shekou,1,2.56,1,2.90256312367704868460840641064408829755,1,1001,1,1001,529.12,0,0
100976078,AUS / Town (AUS) 12th Jun,TO BE PLACED,12-06-2014 06:05,7361037,7. Runabout,0,8.6,1,7.33450942484291928467858869018849685839,1,1001,1,1001,165.52,0,0
100976078,AUS / Town (AUS) 12th Jun,TO BE PLACED,12-06-2014 06:05,8606469,5. Fast n Sharp,0,2.68,1,2.59592592592592592592592592592592592593,1,1001,1,1001,96.12,0,0
100976080,AUS / Town (AUS) 12th Jun,TO BE PLACED,12-06-2014 06:40,8603360,11. Eireann,0,11,1,11.2890876101607050285121824779678589943,1,1001,1,1001,154.32,0,0
100976082,AUS / Town (AUS) 12th Jun,TO BE PLACED,12-06-2014 07:20,4452386,4. Magic Country,1,2.62,1,2.50774743889650721948858594821327740582,1,1001,1,1001,991.76,0,0
100976082,AUS / Town (AUS) 12th Jun,TO BE PLACED,12-06-2014 07:20,6120397,5. Loupets,0,4.1,1,3.95691345503718728870858688302907369844,1,1001,1,1001,236.64,0,0
100976084,AUS / Nort (AUS) 12th Jun,TO BE PLACED,12-06-2014 05:15,8600641,5. Dark Smile,0,5.954361245780602,1,4.58023880597014925373134328358208955224,1,1001,1,1001,301.5,0,0
100976084,AUS / Nort (AUS) 12th Jun,TO BE PLACED,12-06-2014 05:15,8600644,8. Lakeview Elegance,0,3.55,1,3.25781063873485315259806941877182172931,1,1001,1,1001,486.9,0,0
100976084,AUS / Nort (AUS) 12th Jun,TO BE PLACED,12-06-2014 05:15,8600650,15. Sir Buster Bill,0,30.002936297,1,16.6756756756756756756756756756756756757,1,1001,1,1001,32.56,0,0
100976086,AUS / Nort (AUS) 12th Jun,TO BE PLACED,12-06-2014 05:50,8600654,6. Mondobeel,1,2.9763750832702502,1,3.05850105485232067510548523206751054852,1,1001,1,1001,948,0,0
100976086,AUS / Nort (AUS) 12th Jun,TO BE PLACED,12-06-2014 05:50,8600655,9. Big Bird,0,16.362047136622706,1,13.4692564346997140133460438512869399428,1,1001,1,1001,41.96,0,0
100976086,AUS / Nort (AUS) 12th Jun,TO BE PLACED,12-06-2014 05:50,7610064,1. Boys Business,0,2.5,1,2.54082554600309713248251188124098894644,1,1001,1,1001,749.08,0,0
100976092,AUS / Nort (AUS) 12th Jun,TO BE PLACED,12-06-2014 07:44,7643370,11. Give The Signal,1,2.66,1,2.75129036527263102170460561143462149285,1,1001,1,1001,151.12,0,0
100976092,AUS / Nort (AUS) 12th Jun,TO BE PLACED,12-06-2014 07:44,8564321,2. Classy Twister,0,3.3,1,3.06178849959259690373646839715981841462,1,1001,1,1001,343.64,0,0
100976092,AUS / Nort (AUS) 12th Jun,TO BE PLACED,12-06-2014 07:44,8600677,10. Brief And Bright,0,5.9,1,6.28246892413201885983711958851264466352,1,1001,1,1001,93.32,0,0
100976088,AUS / Nort (AUS) 12th Jun,TO BE PLACED,12-06-2014 06:25,7626820,14. Rubykon Lass,0,21,1,10.7905511811023622047244094488188976378,1,1001,1,1001,38.1,0,0
100976090,AUS / Nort (AUS) 12th Jun,TO BE PLACED,12-06-2014 07:03,7095150,9. Show Us Ya Blitz,0,14.848172725299376,1,14.3046875,1,1001,1,1001,227.84,0,0
100976090,AUS / Nort (AUS) 12th Jun,TO BE PLACED,12-06-2014 07:03,5785343,3. Bletchley Power,1,4.3,1,3.94766790415119811002362470469119136011,1,1001,1,1001,296.3,0,0
100976094,AUS / Nort (AUS) 12th Jun,TO BE PLACED,12-06-2014 08:20,1446837,2. Hidden Falls,0,2.98,1,2.80587774921451013996001142530705512711,1,1001,1,1001,350.1,0,0
100976094,AUS / Nort (AUS) 12th Jun,TO BE PLACED,12-06-2014 08:20,452934,1. Big Jack,0,1.43103797,1,1.2924975842298524769696579269471107389,1,1001,1,1001,2794.14,0,0
100976094,AUS / Nort (AUS) 12th Jun,TO BE PLACED,12-06-2014 08:20,1112720,5. Another Vision,0,5.100816109,1,3.68825301204819277108433734939759036145,1,1001,1,1001,79.68,0,0
100976096,AUS / Nort (AUS) 12th Jun,TO BE PLACED,12-06-2014 08:55,8398784,10. Duke Ellington,0,3.9672607231615267,1,3.17704918032786885245901639344262295082,1,1001,1,1001,145.18,0,0
100976118,AUS / Char (AUS) 12th Jun,TO BE PLACED,12-06-2014 04:25,4441360,3. Ruby Slippers,1,,1,1.53457419452427771895325971865073362578,1,1001,1,1001,132.22,0,0
100976122,AUS / Char (AUS) 12th Jun,TO BE PLACED,12-06-2014 05:35,2160881,5. Snow Cone,1,,1,3.12541322040627274531859988089724078608,1,1001,1,1001,302.26,0,0
100976122,AUS / Char (AUS) 12th Jun,TO BE PLACED,12-06-2014 05:35,5172433,8. Xbolt,1,,1,4.77397470425800293185149831248082364572,1,1001,1,1001,586.66,0,0
100976126,AUS / Char (AUS) 12th Jun,TO BE PLACED,12-06-2014 06:43,7398647,9. Magnificent Art,1,,1,1.74589490320031608060055314105096799684,1,1001,1,1001,101.24,0,0
100976126,AUS / Char (AUS) 12th Jun,TO BE PLACED,12-06-2014 06:43,7449936,6. Tezz Khora,1,,1,1.22032997839974263523139850176938278414,1,1001,1,1001,870.36,0,0
100976124,AUS / Char (AUS) 12th Jun,TO BE PLACED,12-06-2014 06:10,8603244,11. Mixedwithajasper,1,,1,1.36941535608021948297847675721627574481,1,1001,1,1001,1035.16,0,0
100976142,AUS / Shep (AUS) 12th Jun,TO BE PLACED,12-06-2014 12:30,4626312,4. Fergus Maccool,0,,1,1,1,1001,1,1001,0,0,0
100976142,AUS / Shep (AUS) 12th Jun,TO BE PLACED,12-06-2014 12:30,5555283,1. Ezee Duzit Lombo,0,,1,1,1,1001,1,1001,0,0,0
100976130,AUS / Shep (AUS) 12th Jun,TO BE PLACED,12-06-2014 09:25,5893271,6. Composite,0,,1,75.0914634146341463414634146341463414634,1,1001,1,1001,3.28,0,0
100976130,AUS / Shep (AUS) 12th Jun,TO BE PLACED,12-06-2014 09:25,8311337,9. The Octagon,1,,1,1.6782223096596498131024985244934094039,1,1001,1,1001,508.3,0,0
100976132,AUS / Shep (AUS) 12th Jun,TO BE PLACED,12-06-2014 10:00,5768593,9. Liams Lass,0,,1,7,1,1001,1,1001,15.16,0,0
100976134,AUS / Shep (AUS) 12th Jun,TO BE PLACED,12-06-2014 10:30,8604139,4. Smiling High,0,,1,17.1333652007648183556405353728489483748,1,1001,1,1001,41.84,0,0
100976136,AUS / Shep (AUS) 12th Jun,TO BE PLACED,12-06-2014 11:00,7240311,9. Onetolove,0,,1,2.2520083421935061748589187862926310624,1,1001,1,1001,1222.7,0,0
100976140,AUS / Shep (AUS) 12th Jun,TO BE PLACED,12-06-2014 12:00,3837697,4. Doctor Sam,0,,1,1,1,1001,1,1001,0,0,0
100976144,AUS / Newc (AUS) 12th Jun,TO BE PLACED,12-06-2014 05:25,8604145,1. Rainbow Apollo,0,,1,12.931083650190114068441064638783269962,1,1001,1,1001,84.16,0,0
100976146,AUS / Newc (AUS) 12th Jun,TO BE PLACED,12-06-2014 06:00,7104473,7. Let Me Escape,1,,1,6.4,1,1001,1,1001,11.16,0,0
100976146,AUS / Newc (AUS) 12th Jun,TO BE PLACED,12-06-2014 06:00,8196226,1. Emm Jay Sovereign,0,,1,11.0316267942583732057416267942583732057,1,1001,1,1001,41.8,0,0
100976150,AUS / Newc (AUS) 12th Jun,TO BE PLACED,12-06-2014 07:13,5751391,3. Bonus Spin,1,,1,2.10175925925925925925925925925925925926,1,1001,1,1001,112.32,0,0
100976152,AUS / Newc (AUS) 12th Jun,TO BE PLACED,12-06-2014 07:52,8604158,1. Zoofari,0,,1,4.83666954270923209663503019844693701467,1,1001,1,1001,23.18,0,0
100976154,AUS / Newc (AUS) 12th Jun,TO BE PLACED,12-06-2014 08:24,7648353,1. Mystery Montana,0,,1,7.36,1,1001,1,1001,10,0,0
100976156,AUS / Penr (AUS) 12th Jun,TO BE PLACED,12-06-2014 09:17,6276120,3. Jodila,1,,1,1.69522211746436692363152348732738062226,1,1001,1,1001,360.62,0,0
100976156,AUS / Penr (AUS) 12th Jun,TO BE PLACED,12-06-2014 09:17,8268674,1. Lady Royal Sue,1,,1,1.60016373559733171619163129169193450576,1,1001,1,1001,164.9,0,0
100976158,AUS / Penr (AUS) 12th Jun,TO BE PLACED,12-06-2014 09:46,1469307,3. Western Union,0,,1,2.172,1,1001,1,1001,23.8,0,0
100976160,AUS / Penr (AUS) 12th Jun,TO BE PLACED,12-06-2014 10:17,7539438,9. The Sleepy Lion,0,,1,13.3332943652092588262801028758475566986,1,1001,1,1001,85.54,0,0
100976162,AUS / Penr (AUS) 12th Jun,TO BE PLACED,12-06-2014 10:47,5198662,9. Soul Flight,0,,1,17.7481203007518796992481203007518796993,1,1001,1,1001,5.32,0,0
100976162,AUS / Penr (AUS) 12th Jun,TO BE PLACED,12-06-2014 10:47,5757887,10. Miami Dream,0,,1,2.9690581717451523545706371191135734072,1,1001,1,1001,43.32,0,0
100976164,AUS / Penr (AUS) 12th Jun,TO BE PLACED,12-06-2014 11:17,8179090,9. Cuddle,1,,1,2.25128212409484594632968905296038619906,1,1001,1,1001,140.86,0,0
100976166,AUS / Penr (AUS) 12th Jun,TO BE PLACED,12-06-2014 11:47,7234967,1. Gottohaveattitude,1,,1,4.02286429236499068901303538175046554935,1,1001,1,1001,343.68,0,0
100976172,AUS / Redc (AUS) 12th Jun,TO BE PLACED,12-06-2014 05:10,5749807,7. Seppl,0,,1,6.47036426569968683039393439920883467941,1,1001,1,1001,242.68,0,0
100976182,AUS / Redc (AUS) 12th Jun,TO BE PLACED,12-06-2014 08:04,7262089,4. Gloveman Gilly,0,,1,6.7386937190807188928549063811134072265,1,1001,1,1001,319.38,0,0
100976184,AUS / Redc (AUS) 12th Jun,TO BE PLACED,12-06-2014 08:40,5122360,1. Hanover The Cash,0,,1,2.12659761739059237728742784623572276579,1,1001,1,1001,488.54,0,0
100976184,AUS / Redc (AUS) 12th Jun,TO BE PLACED,12-06-2014 08:40,5301784,2. King Grin,0,,1,14.9663865546218487394957983193277310924,1,1001,1,1001,28.56,0,0
100976188,AUS / Ngin (AUS) 12th Jun,TO BE PLACED,12-06-2014 10:24,8602841,7. Lady Willoughby,1,,1,4.75417819590481460985058107360265633647,1,1001,1,1001,36.14,0,0
100976190,AUS / Ngin (AUS) 12th Jun,TO BE PLACED,12-06-2014 10:54,8128202,8. Flicka Whitby,0,,1,3.72255454768325569992645256190242706546,1,1001,1,1001,81.58,0,0
100976190,AUS / Ngin (AUS) 12th Jun,TO BE PLACED,12-06-2014 10:54,8591332,3. Beejays Best,0,,1,7.2717178108193609617209743751977222398,1,1001,1,1001,126.44,0,0
100976202,AUS / Ngin (AUS) 12th Jun,TO BE PLACED,12-06-2014 14:00,6416633,10. Torrevean Light,0,,1,1,1,1001,1,1001,0,0,0
100976202,AUS / Ngin (AUS) 12th Jun,TO BE PLACED,12-06-2014 14:00,8602851,5. Hilo Mary Lou,0,,1,1,1,1001,1,1001,0,0,0
100976200,AUS / Ngin (AUS) 12th Jun,TO BE PLACED,12-06-2014 13:30,8602846,9. Deni Maree,0,,1,1,1,1001,1,1001,0,0,0
100976038,AUS / Wyng (AUS) 12th Jun,TO BE PLACED,12-06-2014 03:55,8072331,7. Finno,0,5.26745866137324,1,4.93762026940346375881975625400898011546,1,1001,1,1001,374.16,0,0
100976038,AUS / Wyng (AUS) 12th Jun,TO BE PLACED,12-06-2014 03:55,8563935,1. Aerodynamic,0,140,1,74.5467625899280575539568345323741007194,1,1001,1,1001,2.78,0,0
100976050,AUS / Wyng (AUS) 12th Jun,TO BE PLACED,12-06-2014 07:28,8603384,11. Hunter Lad,0,7.4,1,7.53370739234114181512133539065787627998,1,1001,1,1001,142.58,0,0
100976068,AUS / Seym (AUS) 12th Jun,TO BE PLACED,12-06-2014 07:10,8603481,8. Eighth Coast,0,12.5,1,11.3002788752033465024401580292818963514,1,1001,1,1001,172.12,0,0
100976068,AUS / Seym (AUS) 12th Jun,TO BE PLACED,12-06-2014 07:10,6690737,1. Street Stalker,0,18,1,14.458714014825030167212549560420617135,1,1001,1,1001,232.04,0,0
100976070,AUS / Seym (AUS) 12th Jun,TO BE PLACED,12-06-2014 07:40,8581805,11. Bashan,1,1.98,1,1.86855115979806645329461840498894644802,1,1001,1,1001,1818.42,0,0
100976056,AUS / Seym (AUS) 12th Jun,TO BE PLACED,12-06-2014 03:35,8603446,3. Kareeming,1,2.181265693216993,1,1.94022805570381871997670920471638604493,1,1001,1,1001,1236.54,0,0
100976056,AUS / Seym (AUS) 12th Jun,TO BE PLACED,12-06-2014 03:35,8603451,13. Flash Of Glory,0,8.564595826206205,1,6.52668027905393908456695592989620554705,1,1001,1,1001,117.54,0,0
100976056,AUS / Seym (AUS) 12th Jun,TO BE PLACED,12-06-2014 03:35,8603445,2. Flying Easy,0,4.3,1,3.79443107597112409762805087658989343417,1,1001,1,1001,116.36,0,0
100976060,AUS / Seym (AUS) 12th Jun,TO BE PLACED,12-06-2014 04:45,6373816,1. Belli Laugh,1,38,1,20.5944596711041503523884103367267032107,1,1001,1,1001,102.16,0,0
100976060,AUS / Seym (AUS) 12th Jun,TO BE PLACED,12-06-2014 04:45,8539177,4. Elrick,0,2.44,1,2.05685364382555791571604646893766553903,1,1001,1,1001,762.66,0,0
100976062,AUS / Seym (AUS) 12th Jun,TO BE PLACED,12-06-2014 05:20,8115945,6. Letsgetsideways,0,3.7,1,3.40240672173170037026488180005696382797,1,1001,1,1001,140.44,0,0
100976064,AUS / Seym (AUS) 12th Jun,TO BE PLACED,12-06-2014 05:55,6828335,7. Jarrah Twist,0,3.7777777777777777,1,3.77997946611909650924024640657084188912,1,1001,1,1001,175.32,0,0
100976064,AUS / Seym (AUS) 12th Jun,TO BE PLACED,12-06-2014 05:55,4673984,3. Our Protocol,0,5.398772527,1,6.24376356440699604238478233116302821397,1,1001,1,1001,156.66,0,0
100976072,AUS / Town (AUS) 12th Jun,TO BE PLACED,12-06-2014 04:20,1410296,2. Astronaut,0,2.5438080066087423,1,2.284324059663909629810971024883277668,1,1001,1,1001,1143.74,0,0
100976072,AUS / Town (AUS) 12th Jun,TO BE PLACED,12-06-2014 04:20,7908173,4. Oakfield Count,0,5.1,1,4.67537840565085771947527749747729566095,1,1001,1,1001,198.2,0,0
100976072,AUS / Town (AUS) 12th Jun,TO BE PLACED,12-06-2014 04:20,8164950,1. Pressum,0,1.93320992,1,1.76518171717497021029918521142636308009,1,1001,1,1001,2484.08,0,0
100976076,AUS / Town (AUS) 12th Jun,TO BE PLACED,12-06-2014 05:30,8532563,6. Hopewell,0,5.4,1,5.13030339178496162869298978090580142352,1,1001,1,1001,502.98,0,0
100976078,AUS / Town (AUS) 12th Jun,TO BE PLACED,12-06-2014 06:05,8250537,2. The Principal,0,3.354370149843744,1,2.96156170740920619502455345097404349468,1,1001,1,1001,370.62,0,0
100976078,AUS / Town (AUS) 12th Jun,TO BE PLACED,12-06-2014 06:05,8502678,4. Dont Think Do,1,2.64,1,2.11741125913192952299097550494198538891,1,1001,1,1001,698.1,0,0
100976080,AUS / Town (AUS) 12th Jun,TO BE PLACED,12-06-2014 06:40,8011071,3. Kings Road,0,2.54,1,2.14413703484937979917306556408741878323,1,1001,1,1001,338.6,0,0
100976082,AUS / Town (AUS) 12th Jun,TO BE PLACED,12-06-2014 07:20,3637974,3. Dailika,0,3.05,1,2.66365395848748004205771252774640757039,1,1001,1,1001,513.58,0,0
100976082,AUS / Town (AUS) 12th Jun,TO BE PLACED,12-06-2014 07:20,4600726,2. Morossa,1,3.45,1,2.49952783300198807157057654075546719682,1,1001,1,1001,120.72,0,0
100976082,AUS / Town (AUS) 12th Jun,TO BE PLACED,12-06-2014 07:20,6565136,11. Staunch North,0,16,1,9.3324664065886432596445600346770697876,1,1001,1,1001,46.14,0,0
100976084,AUS / Nort (AUS) 12th Jun,TO BE PLACED,12-06-2014 05:15,2269300,2. Lets Get Serious,0,3.85,1,2.89837973413594181088537747679959869576,1,1001,1,1001,398.7,0,0
100976092,AUS / Nort (AUS) 12th Jun,TO BE PLACED,12-06-2014 07:44,6362348,14. Sentence,0,10,1,9.60120197467267654003004936681691350075,1,1001,1,1001,93.18,0,0
100976092,AUS / Nort (AUS) 12th Jun,TO BE PLACED,12-06-2014 07:44,7168873,3. Dream Merger,0,2.046355524,1,1.98656216082116165844884795484851303997,1,1001,1,1001,1289.88,0,0
100976092,AUS / Nort (AUS) 12th Jun,TO BE PLACED,12-06-2014 07:44,8600674,5. Lion Cruiser,0,15.624902507,1,10.955,1,1001,1,1001,65.6,0,0
100976088,AUS / Nort (AUS) 12th Jun,TO BE PLACED,12-06-2014 06:25,6200452,5. Paddy,1,1.1,1,1.12113930512495022750708726266603593149,1,1001,1,1001,5876.74,0,0
100976088,AUS / Nort (AUS) 12th Jun,TO BE PLACED,12-06-2014 06:25,8600661,13. Parisian Promise,0,1.65,1,1.66363482695393078157231262892505157002,1,1001,1,1001,698.08,0,0
100976088,AUS / Nort (AUS) 12th Jun,TO BE PLACED,12-06-2014 06:25,8600662,15. Golden Prophetess,0,29.324137038174662,1,14.9118564742589703588143525741029641186,1,1001,1,1001,25.64,0,0
100976088,AUS / Nort (AUS) 12th Jun,TO BE PLACED,12-06-2014 06:25,7303646,8. Sassenach,0,6.2,1,7.1895612418316298441726308734471120473,1,1001,1,1001,835.54,0,0
100976088,AUS / Nort (AUS) 12th Jun,TO BE PLACED,12-06-2014 06:25,8453651,10. Braeside Magic,0,6,1,4.11321041797189653629284883200572809451,1,1001,1,1001,223.46,0,0
100976090,AUS / Nort (AUS) 12th Jun,TO BE PLACED,12-06-2014 07:03,8600672,13. Cyclone Sophie,0,2.16,1,2.1241973798021138794540199573848652982,1,1001,1,1001,948.02,0,0
100976090,AUS / Nort (AUS) 12th Jun,TO BE PLACED,12-06-2014 07:03,8600667,5. Golden Eyes,0,25,1,22.2649572649572649572649572649572649573,1,1001,1,1001,28.08,0,0
100976090,AUS / Nort (AUS) 12th Jun,TO BE PLACED,12-06-2014 07:03,7572582,2. Benny,0,5,1,4.44615497397551499156953302543801774063,1,1001,1,1001,272.82,0,0
100976096,AUS / Nort (AUS) 12th Jun,TO BE PLACED,12-06-2014 08:55,7112439,2. Apache Rocket,0,5.6,1,4.8930176565008025682182985553772070626,1,1001,1,1001,74.76,0,0
100976098,AUS / Nort (AUS) 12th Jun,TO BE PLACED,12-06-2014 09:30,5233272,1. Fighters Second,0,3.1,1,3.14268108463126290110714955901670106962,1,1001,1,1001,426.32,0,0
100976116,AUS / Char (AUS) 12th Jun,TO BE PLACED,12-06-2014 03:50,1239032,4. Snappy Pop,0,,1,6.7921954314720812182741116751269035533,1,1001,1,1001,63.04,0,0
100976116,AUS / Char (AUS) 12th Jun,TO BE PLACED,12-06-2014 03:50,5803908,8. Regal Equation,1,,1,2.84992342430787355193402709601413705085,1,1001,1,1001,203.72,0,0
100976116,AUS / Char (AUS) 12th Jun,TO BE PLACED,12-06-2014 03:50,7102450,2. Another Harry,0,,1,29.9526627218934911242603550295857988166,1,1001,1,1001,16.9,0,0
100976118,AUS / Char (AUS) 12th Jun,TO BE PLACED,12-06-2014 04:25,6095259,10. Benally,0,,1,1.95892475851550584646670055922724961871,1,1001,1,1001,236.04,0,0
100976120,AUS / Char (AUS) 12th Jun,TO BE PLACED,12-06-2014 05:00,2446390,4. Jetshawjoe,0,,1,5.5,1,1001,1,1001,5.58,0,0
100976120,AUS / Char (AUS) 12th Jun,TO BE PLACED,12-06-2014 05:00,3003222,1. Conte Centovalli,0,,1,3.08952611324903793293018141836173721825,1,1001,1,1001,181.9,0,0
100976126,AUS / Char (AUS) 12th Jun,TO BE PLACED,12-06-2014 06:43,6922427,4. Nikkis Delight,1,,1,3.22528865745981435363368802354539280054,1,1001,1,1001,88.34,0,0
100976128,AUS / Char (AUS) 12th Jun,TO BE PLACED,12-06-2014 07:23,6452992,2. Buddyonit,1,,1,2.15222903708822851877447592720571296936,1,1001,1,1001,1389.12,0,0
100976128,AUS / Char (AUS) 12th Jun,TO BE PLACED,12-06-2014 07:23,8247951,8. Lots More Art,1,,1,2.05605843768634466308884913536076326774,1,1001,1,1001,335.4,0,0
100976128,AUS / Char (AUS) 12th Jun,TO BE PLACED,12-06-2014 07:23,8525321,3. Ominous Cloud,0,,1,7.83275109170305676855895196506550218341,1,1001,1,1001,45.8,0,0
100976124,AUS / Char (AUS) 12th Jun,TO BE PLACED,12-06-2014 06:10,7277890,8. Su You Too,1,,1,3.59231564438318401102687801516195727085,1,1001,1,1001,29.02,0,0
100976142,AUS / Shep (AUS) 12th Jun,TO BE PLACED,12-06-2014 12:30,2588942,6. Supersub,1,,1,1,1,1001,1,1001,0,0,0
100976130,AUS / Shep (AUS) 12th Jun,TO BE PLACED,12-06-2014 09:25,587604,2. Nevaeh,1,,1,1.53480995799610695625448212273332650343,1,1001,1,1001,195.22,0,0
100976130,AUS / Shep (AUS) 12th Jun,TO BE PLACED,12-06-2014 09:25,6068355,1. Who Broke Our Halo,0,,1,1.59158535639494299232141472116652447064,1,1001,1,1001,257.86,0,0
100976130,AUS / Shep (AUS) 12th Jun,TO BE PLACED,12-06-2014 09:25,7854884,11. Attack On Command,0,,1,15.1063569682151589242053789731051344743,1,1001,1,1001,16.36,0,0
100976134,AUS / Shep (AUS) 12th Jun,TO BE PLACED,12-06-2014 10:30,7392327,2. Berisari,1,,1,1.52437537401396318795901713663976788467,1,1001,1,1001,3308.7,0,0
100976134,AUS / Shep (AUS) 12th Jun,TO BE PLACED,12-06-2014 10:30,8604138,3. Beach Shack,0,,1,17.801796138302649303996407723394701392,1,1001,1,1001,44.54,0,0
100976140,AUS / Shep (AUS) 12th Jun,TO BE PLACED,12-06-2014 12:00,8604142,10. Lord Liam,1,,1,1,1,1001,1,1001,0,0,0
100976146,AUS / Newc (AUS) 12th Jun,TO BE PLACED,12-06-2014 06:00,1354672,6. Cubic Zirconia,0,,1,6.6,1,1001,1,1001,11.16,0,0
100976152,AUS / Newc (AUS) 12th Jun,TO BE PLACED,12-06-2014 07:52,1531140,3. More Advice,1,,1,3.71150137741046831955922865013774104683,1,1001,1,1001,29.04,0,0
100976158,AUS / Penr (AUS) 12th Jun,TO BE PLACED,12-06-2014 09:46,8276245,6. Left Neglected,0,,1,4.03690275908479138627187079407806191117,1,1001,1,1001,118.88,0,0
100976160,AUS / Penr (AUS) 12th Jun,TO BE PLACED,12-06-2014 10:17,8465721,6. Big On Bling,1,,1,12.7978021978021978021978021978021978022,1,1001,1,1001,81.9,0,0
100976160,AUS / Penr (AUS) 12th Jun,TO BE PLACED,12-06-2014 10:17,8575939,1. Buzzy Bowen,1,,1,3.02970404036010959857347888487800634976,1,1001,1,1001,919.72,0,0
100976166,AUS / Penr (AUS) 12th Jun,TO BE PLACED,12-06-2014 11:47,5663777,6. Settle Gretel,1,,1,9.64285714285714285714285714285714285714,1,1001,1,1001,3.36,0,0
100976168,AUS / Penr (AUS) 12th Jun,TO BE PLACED,12-06-2014 12:17,8604171,7. Cheyenne Warrior,1,,1,1,1,1001,1,1001,0,0,0
100976170,AUS / Penr (AUS) 12th Jun,TO BE PLACED,12-06-2014 12:47,6342207,2. The Black Death,0,,1,1,1,1001,1,1001,0,0,0
100976170,AUS / Penr (AUS) 12th Jun,TO BE PLACED,12-06-2014 12:47,7562275,3. Alartmicksue,1,,1,1,1,1001,1,1001,0,0,0
100976186,AUS / Redc (AUS) 12th Jun,TO BE PLACED,12-06-2014 09:08,6700284,8. Brandii Hangover,0,,1,8.15004476275738585496866606982990152193,1,1001,1,1001,44.68,0,0
100976186,AUS / Redc (AUS) 12th Jun,TO BE PLACED,12-06-2014 09:08,8292307,1. Embrace A New Day,1,,1,2.01498172774337630697391127804283829053,1,1001,1,1001,788.08,0,0
100976172,AUS / Redc (AUS) 12th Jun,TO BE PLACED,12-06-2014 05:10,4548082,3. Majestic Rapture,0,,1,3.66753875968992248062015503875968992248,1,1001,1,1001,10.32,0,0
100976172,AUS / Redc (AUS) 12th Jun,TO BE PLACED,12-06-2014 05:10,5806820,5. Our Poppa Jack,0,,1,5.07903489640130861504907306434023991276,1,1001,1,1001,73.36,0,0
100976180,AUS / Redc (AUS) 12th Jun,TO BE PLACED,12-06-2014 07:33,6254898,1. Major Joy,1,,1,1.15076139004788440536529360701184508975,1,1001,1,1001,714.22,0,0
100976182,AUS / Redc (AUS) 12th Jun,TO BE PLACED,12-06-2014 08:04,7556399,3. Blissfull Lane,0,,1,3.6866170888045304623809820150600535192,1,1001,1,1001,321.38,0,0
100976184,AUS / Redc (AUS) 12th Jun,TO BE PLACED,12-06-2014 08:40,5130985,5. Studleigh Billy,0,,1,5.43624733475479744136460554371002132196,1,1001,1,1001,46.9,0,0
100976184,AUS / Redc (AUS) 12th Jun,TO BE PLACED,12-06-2014 08:40,5818510,9. Platinum Art,1,,1,3.67957886372665872069924513309495431069,1,1001,1,1001,50.34,0,0
100976184,AUS / Redc (AUS) 12th Jun,TO BE PLACED,12-06-2014 08:40,6266780,4. Just Ponder,0,,1,4.8306520704426463588767253688719657306,1,1001,1,1001,42.02,0,0
100976190,AUS / Ngin (AUS) 12th Jun,TO BE PLACED,12-06-2014 10:54,3473308,6. Comeuppance,1,,1,1.73,1,1001,1,1001,28.2,0,0
100976202,AUS / Ngin (AUS) 12th Jun,TO BE PLACED,12-06-2014 14:00,8602849,3. Samuel Colt,1,,1,1,1,1001,1,1001,0,0,0
100976198,AUS / Ngin (AUS) 12th Jun,TO BE PLACED,12-06-2014 12:54,5995846,10. Thumpem,1,,1,1,1,1001,1,1001,0,0,0
100976200,AUS / Ngin (AUS) 12th Jun,TO BE PLACED,12-06-2014 13:30,7008755,7. Little Tricky,0,,1,1,1,1001,1,1001,0,0,0
100976038,AUS / Wyng (AUS) 12th Jun,TO BE PLACED,12-06-2014 03:55,8603366,4. Kanguru,0,2.0488339271030416,1,1.90446922807427303515123204484409669508,1,1001,1,1001,1027.56,0,0
100976042,AUS / Wyng (AUS) 12th Jun,TO BE PLACED,12-06-2014 05:05,5536726,5. Albessy,1,4.3,1,2.96677940623825629462608042089440060128,1,1001,1,1001,106.44,0,0
100976042,AUS / Wyng (AUS) 12th Jun,TO BE PLACED,12-06-2014 05:05,7388922,4. Paisley,0,4.5836,1,3.94735870225795895470057500818101070544,1,1001,1,1001,427.82,0,0
100976042,AUS / Wyng (AUS) 12th Jun,TO BE PLACED,12-06-2014 05:05,8127744,6. Chili Dipper,0,2.04,1,1.83326886198016547038518437345898854857,1,1001,1,1001,365.02,0,0
100976044,AUS / Wyng (AUS) 12th Jun,TO BE PLACED,12-06-2014 05:40,8115809,3. Sansui Drawing,1,2.38,1,1.99647027992852888624181060154854079809,1,1001,1,1001,839.5,0,0
100976046,AUS / Wyng (AUS) 12th Jun,TO BE PLACED,12-06-2014 06:15,6759214,5. Tiaan,0,9.768017409,1,8.92930830133219551509979614089982458636,1,1001,1,1001,421.86,0,0
100976050,AUS / Wyng (AUS) 12th Jun,TO BE PLACED,12-06-2014 07:28,8482580,9. First Episode,0,4.4,1,3.76339073634204275534441805225653206651,1,1001,1,1001,202.08,0,0
100976068,AUS / Seym (AUS) 12th Jun,TO BE PLACED,12-06-2014 07:10,7225568,2. Boer,0,1.81,1,1.7707400977660011878112293846224130842,1,1001,1,1001,1313.34,0,0
100976068,AUS / Seym (AUS) 12th Jun,TO BE PLACED,12-06-2014 07:10,7274366,6. Oh To Be Rich,0,8.4,1,6.81502694193860870618150995943573288127,1,1001,1,1001,330.34,0,0
100976068,AUS / Seym (AUS) 12th Jun,TO BE PLACED,12-06-2014 07:10,8207207,11. Left In My Wake,0,4.9,1,4.011511189895856414801684023930866386,1,1001,1,1001,180.52,0,0
100976070,AUS / Seym (AUS) 12th Jun,TO BE PLACED,12-06-2014 07:40,5742750,13. Noble Twostep,1,34,1,22.5803571428571428571428571428571428571,1,1001,1,1001,29.12,0,0
100976070,AUS / Seym (AUS) 12th Jun,TO BE PLACED,12-06-2014 07:40,6314604,3. Parishon,0,12,1,10.495503597122302158273381294964028777,1,1001,1,1001,66.72,0,0
100976054,AUS / Seym (AUS) 12th Jun,TO BE PLACED,12-06-2014 03:00,8603436,5. Sterno,1,1.588313493,1,1.44915696945462924683668697602862738985,1,1001,1,1001,2951.02,0,0
100976056,AUS / Seym (AUS) 12th Jun,TO BE PLACED,12-06-2014 03:35,8603447,7. Said Written,1,3.3,1,3.35857657867193859751133852773578323061,1,1001,1,1001,171.98,0,0
100976056,AUS / Seym (AUS) 12th Jun,TO BE PLACED,12-06-2014 03:35,8529860,4. King Rian,0,1.36,1,1.34794387730009625450534317892799179378,1,1001,1,1001,2846.62,0,0
100976058,AUS / Seym (AUS) 12th Jun,TO BE PLACED,12-06-2014 04:10,7386472,2. Conspicuous Star,0,45.838603683,1,24.604488594554819720382634289919058131,1,1001,1,1001,54.36,0,0
100976058,AUS / Seym (AUS) 12th Jun,TO BE PLACED,12-06-2014 04:10,8603455,6. Pescara Lad,0,1.99,1,1.82093056290560677380720274071804584575,1,1001,1,1001,2872.24,0,0
100976060,AUS / Seym (AUS) 12th Jun,TO BE PLACED,12-06-2014 04:45,8556011,14. Splat,0,19.5,1,17.4508928571428571428571428571428571429,1,1001,1,1001,136.64,0,0
100976064,AUS / Seym (AUS) 12th Jun,TO BE PLACED,12-06-2014 05:55,7087788,4. Human League,1,3.5,1,2.61796885681731864793011773642233194075,1,1001,1,1001,263.3,0,0
100976064,AUS / Seym (AUS) 12th Jun,TO BE PLACED,12-06-2014 05:55,8603473,13. Al Hamza,0,2.4502554226119537,1,2.33984122983870967741935483870967741935,1,1001,1,1001,158.72,0,0
100976074,AUS / Town (AUS) 12th Jun,TO BE PLACED,12-06-2014 04:55,8499570,1. Executed,1,1.02826027,1,1.03151725451517820267902773508440087729,1,1001,1,1001,10605.34,0,0
100976078,AUS / Town (AUS) 12th Jun,TO BE PLACED,12-06-2014 06:05,7038284,8. Markazy,0,1.94,1,1.87484563470808784145688269951794322442,1,1001,1,1001,933.5,0,0
100976080,AUS / Town (AUS) 12th Jun,TO BE PLACED,12-06-2014 06:40,6565096,2. Bucasia Beach,1,3.3106810352816134,1,3.4605830003117648726015361505540912054,1,1001,1,1001,705.66,0,0
100976080,AUS / Town (AUS) 12th Jun,TO BE PLACED,12-06-2014 06:40,7178249,8. Storm In A Rainbow,1,2.46,1,2.42553804119377889869693148381672971837,1,1001,1,1001,380.64,0,0
100976080,AUS / Town (AUS) 12th Jun,TO BE PLACED,12-06-2014 06:40,8603359,7. Roweiner,0,1.52,1,1.47914139608242675979760674382950376426,1,1001,1,1001,4083.14,0,0
100976082,AUS / Town (AUS) 12th Jun,TO BE PLACED,12-06-2014 07:20,5133241,9. Strom The Rhythm,1,3.05,1,3.19996573464912280701754385964912280702,1,1001,1,1001,291.84,0,0
100976084,AUS / Nort (AUS) 12th Jun,TO BE PLACED,12-06-2014 05:15,8600642,6. Ellies Grey,0,2.74,1,2.64077697108648579798751751369252324545,1,1001,1,1001,942.12,0,0
100976084,AUS / Nort (AUS) 12th Jun,TO BE PLACED,12-06-2014 05:15,8600643,7. Highway Express,0,20,1,13.9988409828465461288827074640704682429,1,1001,1,1001,86.28,0,0
100976086,AUS / Nort (AUS) 12th Jun,TO BE PLACED,12-06-2014 05:50,8453648,2. Count My Heels,0,4.3,1,4.06081465108935901484054310072623934323,1,1001,1,1001,253.36,0,0
100976088,AUS / Nort (AUS) 12th Jun,TO BE PLACED,12-06-2014 06:25,8564317,3. Freeloader,1,3.991989951512369,1,3.00250547045951859956236323851203501094,1,1001,1,1001,274.2,0,0
100976094,AUS / Nort (AUS) 12th Jun,TO BE PLACED,12-06-2014 08:20,8182301,4. Curl The Moe,1,4.1,1,3.48031294022942241899778627490440732542,1,1001,1,1001,198.76,0,0
100976096,AUS / Nort (AUS) 12th Jun,TO BE PLACED,12-06-2014 08:55,7553870,5. Bomber Bel,0,5,1,4.86807235992012216609890755315399976507,1,1001,1,1001,170.26,0,0
100976096,AUS / Nort (AUS) 12th Jun,TO BE PLACED,12-06-2014 08:55,8600680,9. Im Feeling Lucky,1,1.87372214,1,1.50143423668982774414084318237672870261,1,1001,1,1001,1790.36,0,0
100976098,AUS / Nort (AUS) 12th Jun,TO BE PLACED,12-06-2014 09:30,8600686,14. Lady Ladette,0,14,1,13.8562303899596593455849394890183774092,1,1001,1,1001,89.24,0,0
100976114,AUS / Char (AUS) 12th Jun,TO BE PLACED,12-06-2014 03:15,1151108,4. Master Kiesey,1,,1,2.1,1,1001,1,1001,10,0,0
100976118,AUS / Char (AUS) 12th Jun,TO BE PLACED,12-06-2014 04:25,5567198,5. Superbarby,0,,1,6.08859187539465375710376762786781730162,1,1001,1,1001,190.04,0,0
100976120,AUS / Char (AUS) 12th Jun,TO BE PLACED,12-06-2014 05:00,4725854,10. Hellovanite,1,,1,2.34,1,1001,1,1001,5.58,0,0
100976120,AUS / Char (AUS) 12th Jun,TO BE PLACED,12-06-2014 05:00,6956503,11. Eliminator,1,,1,1.89168033421011913971839702924338542473,1,1001,1,1001,129.26,0,0
100976122,AUS / Char (AUS) 12th Jun,TO BE PLACED,12-06-2014 05:35,8545909,11. The Fire Within,0,,1,1.76766880359670302222962284572475231038,1,1001,1,1001,2161.98,0,0
100976122,AUS / Char (AUS) 12th Jun,TO BE PLACED,12-06-2014 05:35,8556273,9. Lynden Abbey,0,,1,24,1,1001,1,1001,2.1,0,0
100976122,AUS / Char (AUS) 12th Jun,TO BE PLACED,12-06-2014 05:35,3883579,6. Egyptian Art,0,,1,11.6309892729439809296781883194278903457,1,1001,1,1001,16.78,0,0
100976126,AUS / Char (AUS) 12th Jun,TO BE PLACED,12-06-2014 06:43,7189828,10. Mind The Wire,0,,1,3.38644899340213161901539502622229741161,1,1001,1,1001,354.66,0,0
100976128,AUS / Char (AUS) 12th Jun,TO BE PLACED,12-06-2014 07:23,8603247,11. Hellovaway,1,,1,1.130607424071991001124859392575928009,1,1001,1,1001,462.28,0,0
100976124,AUS / Char (AUS) 12th Jun,TO BE PLACED,12-06-2014 06:10,8603240,4. Little Tweek,0,,1,40,1,1001,1,1001,16.74,0,0
100976138,AUS / Shep (AUS) 12th Jun,TO BE PLACED,12-06-2014 11:30,7286657,2. Sophies Ideal,0,,1,1.26453363285452129342529899386192495096,1,1001,1,1001,632.12,0,0
100976142,AUS / Shep (AUS) 12th Jun,TO BE PLACED,12-06-2014 12:30,7192199,8. More Than Alright,0,,1,1,1,1001,1,1001,0,0,0
100976132,AUS / Shep (AUS) 12th Jun,TO BE PLACED,12-06-2014 10:00,7297227,2. In Sin City,0,,1,1.24758147094676960585127996749288906948,1,1001,1,1001,738.3,0,0
100976136,AUS / Shep (AUS) 12th Jun,TO BE PLACED,12-06-2014 11:00,8604140,10. Its Rickys Right,0,,1,4.00025564901863763813293748969157182913,1,1001,1,1001,242.52,0,0
100976140,AUS / Shep (AUS) 12th Jun,TO BE PLACED,12-06-2014 12:00,5117873,8. My Name Is Earl,0,,1,1,1,1001,1,1001,0,0,0
100976146,AUS / Newc (AUS) 12th Jun,TO BE PLACED,12-06-2014 06:00,7400946,5. Modern Vance,0,,1,1.90255298880685877589902357704215289355,1,1001,1,1001,335.92,0,0
100976146,AUS / Newc (AUS) 12th Jun,TO BE PLACED,12-06-2014 06:00,8604149,2. A Day With Me,0,,1,2.46587494924888347543645960211124644742,1,1001,1,1001,98.52,0,0
100976148,AUS / Newc (AUS) 12th Jun,TO BE PLACED,12-06-2014 06:35,73921,6. Havana Star,1,,1,2.70858080393765381460213289581624282199,1,1001,1,1001,24.38,0,0
100976152,AUS / Newc (AUS) 12th Jun,TO BE PLACED,12-06-2014 07:52,4894889,8. Burwood Major,0,,1,14.172622856127254954234426375188838532,1,1001,1,1001,450.12,0,0
100976156,AUS / Penr (AUS) 12th Jun,TO BE PLACED,12-06-2014 09:17,7533977,4. Plain Nsimple,1,,1,2.00044567282777681810329936085679737433,1,1001,1,1001,115.78,0,0
100976156,AUS / Penr (AUS) 12th Jun,TO BE PLACED,12-06-2014 09:17,8414983,2. Four Star Admiral,0,,1,2.68745283018867924528301886792452830189,1,1001,1,1001,95.4,0,0
100976160,AUS / Penr (AUS) 12th Jun,TO BE PLACED,12-06-2014 10:17,7104501,5. Lombo Final Touch,1,,1,1.61153262128426199974263286578303950586,1,1001,1,1001,155.42,0,0
100976164,AUS / Penr (AUS) 12th Jun,TO BE PLACED,12-06-2014 11:17,8604167,10. Be Leave,0,,1,1.10468488512696493349455864570737605804,1,1001,1,1001,2067.5,0,0
100976166,AUS / Penr (AUS) 12th Jun,TO BE PLACED,12-06-2014 11:47,8604169,10. Sterlo,0,,1,6.4,1,1001,1,1001,11.26,0,0
100976168,AUS / Penr (AUS) 12th Jun,TO BE PLACED,12-06-2014 12:17,2210588,5. Bacmanturner,0,,1,1,1,1001,1,1001,0,0,0
100976168,AUS / Penr (AUS) 12th Jun,TO BE PLACED,12-06-2014 12:17,6793490,2. Yongala Den,0,,1,1,1,1001,1,1001,0,0,0
100976172,AUS / Redc (AUS) 12th Jun,TO BE PLACED,12-06-2014 05:10,2555240,8. Teasing,1,,1,2.0498510427010923535253227408142999007,1,1001,1,1001,261.82,0,0
100976172,AUS / Redc (AUS) 12th Jun,TO BE PLACED,12-06-2014 05:10,3155956,6. Best Bits,0,,1,7.84628099173553719008264462809917355372,1,1001,1,1001,7.26,0,0
100976172,AUS / Redc (AUS) 12th Jun,TO BE PLACED,12-06-2014 05:10,5893317,2. My Thunder Maker,0,,1,5.39110846245530393325387365911799761621,1,1001,1,1001,83.9,0,0
100976178,AUS / Redc (AUS) 12th Jun,TO BE PLACED,12-06-2014 06:54,4941504,7. Norms Spirit,0,,1,2.86132648694908001711596063329054343175,1,1001,1,1001,327.18,0,0
100976178,AUS / Redc (AUS) 12th Jun,TO BE PLACED,12-06-2014 06:54,6519488,1. Shes The Real Diva,0,,1,2.99018731117824773413897280966767371601,1,1001,1,1001,33.1,0,0
100976182,AUS / Redc (AUS) 12th Jun,TO BE PLACED,12-06-2014 08:04,7596239,1. Macs Choice,1,,1,1.89787484561547962124331000411692054343,1,1001,1,1001,485.8,0,0
100976184,AUS / Redc (AUS) 12th Jun,TO BE PLACED,12-06-2014 08:40,5913463,7. Machtwister,1,,1,1.24122244931779263105562613931392586864,1,1001,1,1001,362.06,0,0
100976192,AUS / Ngin (AUS) 12th Jun,TO BE PLACED,12-06-2014 11:24,4715124,10. Mighty Metzger,0,,1,2.88,1,1001,1,1001,16.76,0,0
100976040,AUS / Wyng (AUS) 12th Jun,TO BE PLACED,12-06-2014 04:30,8603370,4. Eleni Whirl,1,1.69,1,1.70911826821541710665258711721224920803,1,1001,1,1001,643.96,0,0
100976040,AUS / Wyng (AUS) 12th Jun,TO BE PLACED,12-06-2014 04:30,8603371,6. Quint Australis,0,3.35,1,3.3327828565811461712375896982207804974,1,1001,1,1001,203.46,0,0
100976040,AUS / Wyng (AUS) 12th Jun,TO BE PLACED,12-06-2014 04:30,2540117,1. Quelle Beaute,1,1.28,1,1.23231558771898398595636441801311216996,1,1001,1,1001,1116.52,0,0
100976044,AUS / Wyng (AUS) 12th Jun,TO BE PLACED,12-06-2014 05:40,8603377,4. Mandalong Catatac,0,6.678740174,1,5.31550970210440010931948619841486745012,1,1001,1,1001,292.72,0,0
100976046,AUS / Wyng (AUS) 12th Jun,TO BE PLACED,12-06-2014 06:15,8529549,2. Far Out,1,1.7939477938953496,1,1.80391873889875666074600355239786856128,1,1001,1,1001,720.64,0,0
100976046,AUS / Wyng (AUS) 12th Jun,TO BE PLACED,12-06-2014 06:15,8603380,8. Marshall Miss,0,7.4,1,6.53021963305209588857640283915896611758,1,1001,1,1001,597.36,0,0
100976048,AUS / Wyng (AUS) 12th Jun,TO BE PLACED,12-06-2014 06:50,6738100,9. Pressure Drop,0,6.146245,1,4.96818348998774008990600735594605639559,1,1001,1,1001,97.88,0,0
100976048,AUS / Wyng (AUS) 12th Jun,TO BE PLACED,12-06-2014 06:50,7254207,1. Sting,0,1.31109540772437315019,1,1.26686331346452192373642524699926512615,1,1001,1,1001,489.88,0,0
100976050,AUS / Wyng (AUS) 12th Jun,TO BE PLACED,12-06-2014 07:28,6811941,4. Crown Of Dreams,1,1.99,1,1.92081123359323442426612568132378461614,1,1001,1,1001,818.26,0,0
100976066,AUS / Seym (AUS) 12th Jun,TO BE PLACED,12-06-2014 06:30,8603476,8. Purrcolate,0,5.2,1,4.63231693231693231693231693231693231693,1,1001,1,1001,173.16,0,0
100976066,AUS / Seym (AUS) 12th Jun,TO BE PLACED,12-06-2014 06:30,8603477,12. Princess Tamika,0,10.317222840157338,1,7.88871379897785349233390119250425894378,1,1001,1,1001,93.92,0,0
100976066,AUS / Seym (AUS) 12th Jun,TO BE PLACED,12-06-2014 06:30,5751335,14. Highway Princess,0,21,1,20.036908681337723098249870039854444637,1,1001,1,1001,115.42,0,0
100976066,AUS / Seym (AUS) 12th Jun,TO BE PLACED,12-06-2014 06:30,6913406,7. Mr Cooley,0,3.8197421155602216,1,2.80916550764951321279554937413073713491,1,1001,1,1001,71.9,0,0
100976066,AUS / Seym (AUS) 12th Jun,TO BE PLACED,12-06-2014 06:30,7277212,1. Handsome Knight,0,3.530396863,1,3.21227327263744794974945303126543863364,1,1001,1,1001,283.38,0,0
100976070,AUS / Seym (AUS) 12th Jun,TO BE PLACED,12-06-2014 07:40,8603489,7. Zimmerman,0,2.94,1,2.77919139390231467319261751809931681452,1,1001,1,1001,392.28,0,0
100976052,AUS / Seym (AUS) 12th Jun,TO BE PLACED,12-06-2014 02:30,8603426,8. So You Drink,0,3.6,1,2.9559235745088643986583612841399137518,1,1001,1,1001,166.96,0,0
100976052,AUS / Seym (AUS) 12th Jun,TO BE PLACED,12-06-2014 02:30,8603429,11. Encosta Jewel,1,1.5779217021655496,1,1.45686540251279664960446719404374127501,1,1001,1,1001,343.84,0,0
100976054,AUS / Seym (AUS) 12th Jun,TO BE PLACED,12-06-2014 03:00,8603437,6. The Bunsta,1,1.98,1,1.81886991569749553873607777982893360409,1,1001,1,1001,650.04,0,0
100976054,AUS / Seym (AUS) 12th Jun,TO BE PLACED,12-06-2014 03:00,8603439,9. Gods Witness,0,7.4,1,7.28355141998643016380730832606377823011,1,1001,1,1001,206.34,0,0
100976054,AUS / Seym (AUS) 12th Jun,TO BE PLACED,12-06-2014 03:00,8603442,12. Big Syd,0,3,1,2.41789683113876428881493271596006366662,1,1001,1,1001,276.44,0,0
100976060,AUS / Seym (AUS) 12th Jun,TO BE PLACED,12-06-2014 04:45,8603463,7. Rise Of Empire,0,17,1,16.977857529794149512459371614301191766,1,1001,1,1001,147.68,0,0
100976062,AUS / Seym (AUS) 12th Jun,TO BE PLACED,12-06-2014 05:20,8514678,2. Unique Assassin,0,2.44,1,2.27887087599544937428896473265073947668,1,1001,1,1001,984.48,0,0
100976064,AUS / Seym (AUS) 12th Jun,TO BE PLACED,12-06-2014 05:55,8603471,2. Marcellos Sonata,0,3.15,1,2.74635505586786036504962176417516829759,1,1001,1,1001,288.18,0,0
100976072,AUS / Town (AUS) 12th Jun,TO BE PLACED,12-06-2014 04:20,8381258,10. Tullagrie Prince,0,17.5,1,15.7008062484252960443436633912824389015,1,1001,1,1001,158.76,0,0
100976072,AUS / Town (AUS) 12th Jun,TO BE PLACED,12-06-2014 04:20,6266054,7. Pattos Girl,0,4,1,3.65814998795203054623639969602046301273,1,1001,1,1001,1079.02,0,0
100976072,AUS / Town (AUS) 12th Jun,TO BE PLACED,12-06-2014 04:20,7547672,5. Jacsaid,1,1.8,1,1.67809656646529784170055519830451676011,1,1001,1,1001,2208.22,0,0
100976076,AUS / Town (AUS) 12th Jun,TO BE PLACED,12-06-2014 05:30,7637083,1. Green Anchor,1,1.06,1,1.06822334738334790532987085296203016186,1,1001,1,1001,9195.72,0,0
100976080,AUS / Town (AUS) 12th Jun,TO BE PLACED,12-06-2014 06:40,5850506,10. Rise To The Top,1,1.75,1,1.75005761843790012804097311139564660691,1,1001,1,1001,968.44,0,0
100976084,AUS / Nort (AUS) 12th Jun,TO BE PLACED,12-06-2014 05:15,8291808,1. Bangkok Express,1,1.43,1,1.36852464121826894964979852292516747385,1,1001,1,1001,3146.76,0,0
100976086,AUS / Nort (AUS) 12th Jun,TO BE PLACED,12-06-2014 05:50,1147499,7. Put Up Your Dukes,0,2.4121189921189212,1,2.18100392480892377607932245403842181367,1,1001,1,1001,193.64,0,0
100976092,AUS / Nort (AUS) 12th Jun,TO BE PLACED,12-06-2014 07:44,6422151,13. Rubitorio,0,11.5,1,7.39581545064377682403433476394849785408,1,1001,1,1001,37.28,0,0
100976092,AUS / Nort (AUS) 12th Jun,TO BE PLACED,12-06-2014 07:44,8600673,4. Grey Dude,0,12.5,1,7.51096262267696805178534140739193986218,1,1001,1,1001,95.78,0,0
100976088,AUS / Nort (AUS) 12th Jun,TO BE PLACED,12-06-2014 06:25,6566916,6. Rio Rancher,1,4.6,1,4.97669804976462676529926025554808338937,1,1001,1,1001,59.48,0,0
100976090,AUS / Nort (AUS) 12th Jun,TO BE PLACED,12-06-2014 07:03,6680007,8. Rio Moonlight,1,3.5,1,3.55730898422551979250818487180577405502,1,1001,1,1001,470.38,0,0
100976090,AUS / Nort (AUS) 12th Jun,TO BE PLACED,12-06-2014 07:03,8600671,12. Barambas Bid,0,2.58,1,2.2283858000653217094188880235158153908,1,1001,1,1001,796.06,0,0
100976094,AUS / Nort (AUS) 12th Jun,TO BE PLACED,12-06-2014 08:20,7416354,3. Hudson River,1,2.276725055553543,1,1.91718234826911528254005152941632281436,1,1001,1,1001,1032.42,0,0
100976096,AUS / Nort (AUS) 12th Jun,TO BE PLACED,12-06-2014 08:55,8207448,3. Kim Mini,1,2.14,1,1.74678740406485276767578481335976744469,1,1001,1,1001,1644.34,0,0
100976096,AUS / Nort (AUS) 12th Jun,TO BE PLACED,12-06-2014 08:55,8483076,6. Lappa,0,9.4,1,6.38736632678438199452872419796070629197,1,1001,1,1001,80.42,0,0
100976096,AUS / Nort (AUS) 12th Jun,TO BE PLACED,12-06-2014 08:55,8600681,11. Double Irish,0,15.5,1,15.1300135961930659415363698164513936098,1,1001,1,1001,117.68,0,0
100976098,AUS / Nort (AUS) 12th Jun,TO BE PLACED,12-06-2014 09:30,5646233,4. Painted,0,5.4,1,4.938455132209036019154694982302727462,1,1001,1,1001,96.06,0,0
100976114,AUS / Char (AUS) 12th Jun,TO BE PLACED,12-06-2014 03:15,5536917,8. Champ Devine,1,,1,1.17519583473295263688276788713469936177,1,1001,1,1001,297.7,0,0
100976114,AUS / Char (AUS) 12th Jun,TO BE PLACED,12-06-2014 03:15,8603236,1. Atego Jet,0,,1,2.38,1,1001,1,1001,27.76,0,0
100976118,AUS / Char (AUS) 12th Jun,TO BE PLACED,12-06-2014 04:25,5626564,8. Nicmac Bromac,0,,1,4.4,1,1001,1,1001,5.58,0,0
100976120,AUS / Char (AUS) 12th Jun,TO BE PLACED,12-06-2014 05:00,5934368,6. Pacific Soul,0,,1,3.80621345029239766081871345029239766082,1,1001,1,1001,164.16,0,0
100976120,AUS / Char (AUS) 12th Jun,TO BE PLACED,12-06-2014 05:00,5962830,8. All Honour,0,,1,12,1,1001,1,1001,21.6,0,0
100976122,AUS / Char (AUS) 12th Jun,TO BE PLACED,12-06-2014 05:35,8094332,4. I Am Louie,0,,1,2.1278877837286406528946697271104310125,1,1001,1,1001,392.1,0,0
100976126,AUS / Char (AUS) 12th Jun,TO BE PLACED,12-06-2014 06:43,5663797,1. The Ole Buckaroo,0,,1,2.48449402106014635016955202570051757987,1,1001,1,1001,112.06,0,0
100976124,AUS / Char (AUS) 12th Jun,TO BE PLACED,12-06-2014 06:10,7419536,3. A Bit Ruthless,1,,1,1.17726675445477978258433262355709963017,1,1001,1,1001,1427.68,0,0
100976138,AUS / Shep (AUS) 12th Jun,TO BE PLACED,12-06-2014 11:30,8165473,9. Mary Mon,0,,1,4.6004676982253693504676982253693504677,1,1001,1,1001,457.56,0,0
100976132,AUS / Shep (AUS) 12th Jun,TO BE PLACED,12-06-2014 10:00,7124431,5. Quirinus,0,,1,2.93151124229533813699105825158433891831,1,1001,1,1001,1151.9,0,0
100976134,AUS / Shep (AUS) 12th Jun,TO BE PLACED,12-06-2014 10:30,7344620,1. Mindarie Priddy,1,,1,1.09081272262920895221453054640768868876,1,1001,1,1001,3570.96,0,0
100976144,AUS / Newc (AUS) 12th Jun,TO BE PLACED,12-06-2014 05:25,8604146,4. Rainbow Sue,0,,1,1.91129011893639049518951541627736673316,1,1001,1,1001,792.02,0,0
100976150,AUS / Newc (AUS) 12th Jun,TO BE PLACED,12-06-2014 07:13,8381106,1. Michaela Jay,0,,1,3.00768370986920332936979785969084423306,1,1001,1,1001,84.1,0,0
100976152,AUS / Newc (AUS) 12th Jun,TO BE PLACED,12-06-2014 07:52,3520219,6. Richrocknrustler,0,,1,1.87,1,1001,1,1001,57.66,0,0
100976152,AUS / Newc (AUS) 12th Jun,TO BE PLACED,12-06-2014 07:52,8604159,10. Jungle Jasper,0,,1,5.59285024154589371980676328502415458937,1,1001,1,1001,41.4,0,0
100976156,AUS / Penr (AUS) 12th Jun,TO BE PLACED,12-06-2014 09:17,5617797,6. Beejay Emdee,0,,1,13.5,1,1001,1,1001,11.16,0,0
100976156,AUS / Penr (AUS) 12th Jun,TO BE PLACED,12-06-2014 09:17,6255007,8. Rockstar Ruler,0,,1,9,1,1001,1,1001,16.76,0,0
100976160,AUS / Penr (AUS) 12th Jun,TO BE PLACED,12-06-2014 10:17,7325873,2. Red Red Red,0,,1,2.35722563652326602282704126426690079017,1,1001,1,1001,22.78,0,0
100976164,AUS / Penr (AUS) 12th Jun,TO BE PLACED,12-06-2014 11:17,8435165,2. Heavenly Tooth,0,,1,5.26082466427085303574806128239076981275,1,1001,1,1001,528.7,0,0
100976164,AUS / Penr (AUS) 12th Jun,TO BE PLACED,12-06-2014 11:17,8604166,8. Blissfull Solaire,0,,1,48.9394673123486682808716707021791767555,1,1001,1,1001,16.52,0,0
100976166,AUS / Penr (AUS) 12th Jun,TO BE PLACED,12-06-2014 11:47,7601433,3. The Black Assassin,1,,1,1.19819188290086493679308050565535595476,1,1001,1,1001,751.5,0,0
100976166,AUS / Penr (AUS) 12th Jun,TO BE PLACED,12-06-2014 11:47,8383625,9. Respected,0,,1,1.5999898739873987398739873987398739874,1,1001,1,1001,355.52,0,0
100976166,AUS / Penr (AUS) 12th Jun,TO BE PLACED,12-06-2014 11:47,8604168,2. Jest In Case,0,,1,1.7700639839654640764724020968239284613,1,1001,1,1001,259.44,0,0
100976168,AUS / Penr (AUS) 12th Jun,TO BE PLACED,12-06-2014 12:17,6288403,4. Normsgottamajor,0,,1,1,1,1001,1,1001,0,0,0
100976170,AUS / Penr (AUS) 12th Jun,TO BE PLACED,12-06-2014 12:47,6129651,9. Nine Card Player,0,,1,1,1,1001,1,1001,0,0,0
100976174,AUS / Redc (AUS) 12th Jun,TO BE PLACED,12-06-2014 05:45,5755706,5. Lombo Hot Gun,0,,1,2.44798371777476255088195386702849389417,1,1001,1,1001,73.7,0,0
100976174,AUS / Redc (AUS) 12th Jun,TO BE PLACED,12-06-2014 05:45,6143335,7. Vicar Sivad,1,,1,1.76414015533810171574005002413445083154,1,1001,1,1001,455.78,0,0
100976176,AUS / Redc (AUS) 12th Jun,TO BE PLACED,12-06-2014 06:20,6910001,8. Mickie Drippin,0,,1,4.21924137931034482758620689655172413793,1,1001,1,1001,58,0,0
100976176,AUS / Redc (AUS) 12th Jun,TO BE PLACED,12-06-2014 06:20,7308244,6. Kenmore Star,0,,1,3.39371633752244165170556552962298025135,1,1001,1,1001,66.84,0,0
100976176,AUS / Redc (AUS) 12th Jun,TO BE PLACED,12-06-2014 06:20,8545809,7. Miss Catalina,1,,1,3.63340797133900582176444245409762651142,1,1001,1,1001,44.66,0,0
100976178,AUS / Redc (AUS) 12th Jun,TO BE PLACED,12-06-2014 06:54,6239988,2. Lord Jowers,1,,1,2.96295727279675915309944202400061148055,1,1001,1,1001,261.66,0,0
100976182,AUS / Redc (AUS) 12th Jun,TO BE PLACED,12-06-2014 08:04,2096548,6. Speriamo,0,,1,5.07531305903398926654740608228980322004,1,1001,1,1001,22.36,0,0
100976182,AUS / Redc (AUS) 12th Jun,TO BE PLACED,12-06-2014 08:04,8153500,7. Big Zee,1,,1,1.3502003693649592808508744604156468337,1,1001,1,1001,1797.68,0,0
100976184,AUS / Redc (AUS) 12th Jun,TO BE PLACED,12-06-2014 08:40,6786356,8. Shareadolfin,0,,1,1.93764913739347329037622115984202868427,1,1001,1,1001,96.22,0,0
100976188,AUS / Ngin (AUS) 12th Jun,TO BE PLACED,12-06-2014 10:24,8602839,4. Miami Art,0,,1,17,1,1001,1,1001,7.28,0,0
100976194,AUS / Ngin (AUS) 12th Jun,TO BE PLACED,12-06-2014 11:54,7421580,1. Im Bella Jay,0,,1,1.08239776789606766065044903653326358009,1,1001,1,1001,229.38,0,0
100976196,AUS / Ngin (AUS) 12th Jun,TO BE PLACED,12-06-2014 12:24,6792474,6. Washington Star,1,,1,1.0499999996890547283018984558339648269,1,1001,1,1001,32.16,0,0
100976198,AUS / Ngin (AUS) 12th Jun,TO BE PLACED,12-06-2014 12:54,5487189,3. Anvils Big Punt,1,,1,1,1,1001,1,1001,0,0,0
100976038,AUS / Wyng (AUS) 12th Jun,TO BE PLACED,12-06-2014 03:55,8603364,2. Roubaix,1,1.4988684885765544,1,1.38611884966607605288264958429875971105,1,1001,1,1001,733.7,0,0
100976042,AUS / Wyng (AUS) 12th Jun,TO BE PLACED,12-06-2014 05:05,8603375,3. Al Cavan,0,2.56,1,2.21418635943150281725674880161466655454,1,1001,1,1001,475.64,0,0
100976050,AUS / Wyng (AUS) 12th Jun,TO BE PLACED,12-06-2014 07:28,8603383,7. Earstheking,1,4.1,1,4.62175985642981324659301216981661151926,1,1001,1,1001,356.62,0,0
100976066,AUS / Seym (AUS) 12th Jun,TO BE PLACED,12-06-2014 06:30,5839412,2. The Best,0,3.1,1,3.22105569007263922518159806295399515738,1,1001,1,1001,619.5,0,0
100976066,AUS / Seym (AUS) 12th Jun,TO BE PLACED,12-06-2014 06:30,8414614,11. Star Beauty,0,1.9148920104380527,1,1.87568656192264822194738368985998503657,1,1001,1,1001,1309.86,0,0
100976068,AUS / Seym (AUS) 12th Jun,TO BE PLACED,12-06-2014 07:10,8603484,12. Le Commandant,0,4.2,1,4.11921680183997094782713957148045030868,1,1001,1,1001,165.22,0,0
100976070,AUS / Seym (AUS) 12th Jun,TO BE PLACED,12-06-2014 07:40,8603487,4. Sadaqa,1,2.6,1,2.51298189335614485315084117479327060165,1,1001,1,1001,561.12,0,0
100976070,AUS / Seym (AUS) 12th Jun,TO BE PLACED,12-06-2014 07:40,8603488,5. Arrikool,0,2.55538748,1,2.58979326560489774189255135087174482055,1,1001,1,1001,450.82,0,0
100976070,AUS / Seym (AUS) 12th Jun,TO BE PLACED,12-06-2014 07:40,8603490,9. Packing Empire,0,5,1,5.68759924120002810370266282582730274714,1,1001,1,1001,569.32,0,0
100976070,AUS / Seym (AUS) 12th Jun,TO BE PLACED,12-06-2014 07:40,8603491,15. Glorys Girl,0,13.5,1,13.1824968892575694732476150974699294898,1,1001,1,1001,48.22,0,0
100976052,AUS / Seym (AUS) 12th Jun,TO BE PLACED,12-06-2014 02:30,8603422,2. Compulsory Hero,0,12.5,1,12.9192208072523203108137276063026116987,1,1001,1,1001,185.32,0,0
100976054,AUS / Seym (AUS) 12th Jun,TO BE PLACED,12-06-2014 03:00,8603438,8. Dulacca,0,9.8,1,7.58052334943639291465378421900161030596,1,1001,1,1001,248.4,0,0
100976054,AUS / Seym (AUS) 12th Jun,TO BE PLACED,12-06-2014 03:00,8603440,10. Player On Eight,1,3.8,1,3.37164368650217706821480406386066763425,1,1001,1,1001,55.12,0,0
100976056,AUS / Seym (AUS) 12th Jun,TO BE PLACED,12-06-2014 03:35,3625724,1. Black Sheep,1,2.04,1,1.91369481525923703814809259537023148843,1,1001,1,1001,1600.08,0,0
100976056,AUS / Seym (AUS) 12th Jun,TO BE PLACED,12-06-2014 03:35,8564243,5. Mi Fletcher San,0,38,1,20.2266968325791855203619909502262443439,1,1001,1,1001,88.4,0,0
100976058,AUS / Seym (AUS) 12th Jun,TO BE PLACED,12-06-2014 04:10,7035509,3. Elmotino,0,5.446722795,1,3.69684703290651246041580614071320391023,1,1001,1,1001,145.26,0,0
100976060,AUS / Seym (AUS) 12th Jun,TO BE PLACED,12-06-2014 04:45,8603462,6. Oneeyed Undertaker,0,2.98,1,3.00420093654319505313081587320645974665,1,1001,1,1001,666.28,0,0
100976060,AUS / Seym (AUS) 12th Jun,TO BE PLACED,12-06-2014 04:45,7931880,8. Smokeytown,0,5,1,4.89659731366868580458256518303924150645,1,1001,1,1001,379.7,0,0
100976060,AUS / Seym (AUS) 12th Jun,TO BE PLACED,12-06-2014 04:45,8539176,3. Dillon Hall,0,1.17,1,1.16707213911559941176209242088333429596,1,1001,1,1001,9003.16,0,0
100976064,AUS / Seym (AUS) 12th Jun,TO BE PLACED,12-06-2014 05:55,6420487,11. Destiny Blaze,0,5.1,1,5.31801014352001726556598683500593503831,1,1001,1,1001,185.34,0,0
100976072,AUS / Town (AUS) 12th Jun,TO BE PLACED,12-06-2014 04:20,5700260,3. Gloucester Storm,1,2.6,1,2.5106837445846675456771520060275004709,1,1001,1,1001,637.08,0,0
100976074,AUS / Town (AUS) 12th Jun,TO BE PLACED,12-06-2014 04:55,6358356,5. Fade To Black,0,3.754525591,1,4.41443457855013636075347244244307731338,1,1001,1,1001,1576.7,0,0
100976074,AUS / Town (AUS) 12th Jun,TO BE PLACED,12-06-2014 04:55,8128013,3. Old Red,0,14,1,9.27821371610845295055821371610845295056,1,1001,1,1001,250.8,0,0
100976076,AUS / Town (AUS) 12th Jun,TO BE PLACED,12-06-2014 05:30,7073350,7. Watch The Red,0,5,1,4.09304397705544933078393881453154875717,1,1001,1,1001,1046,0,0
100976076,AUS / Town (AUS) 12th Jun,TO BE PLACED,12-06-2014 05:30,8603351,3. Chateau Dettori,0,3.95,1,3.28368666968862233690156560549531015726,1,1001,1,1001,573.58,0,0
100976078,AUS / Town (AUS) 12th Jun,TO BE PLACED,12-06-2014 06:05,7332700,3. Blueys Escape,0,4.195048867213772,1,3.84644061932358792491998962027506271084,1,1001,1,1001,231.22,0,0
100976080,AUS / Town (AUS) 12th Jun,TO BE PLACED,12-06-2014 06:40,6294766,1. Arcanus,0,6.225712495,1,5.54508092202059833251593918587542913193,1,1001,1,1001,203.9,0,0
100976080,AUS / Town (AUS) 12th Jun,TO BE PLACED,12-06-2014 06:40,6364059,5. Rattlers Lad,0,10.520663243615125,1,7.47524660194174757281553398058252427184,1,1001,1,1001,257.5,0,0
100976082,AUS / Town (AUS) 12th Jun,TO BE PLACED,12-06-2014 07:20,4996712,8. Starlistic,0,4.8,1,3.65992873339812115322319403952057013282,1,1001,1,1001,61.74,0,0
100976084,AUS / Nort (AUS) 12th Jun,TO BE PLACED,12-06-2014 05:15,8600646,10. Regal Weapon,1,8.2,1,3.98914262820512820512820512820512820513,1,1001,1,1001,99.84,0,0
100976086,AUS / Nort (AUS) 12th Jun,TO BE PLACED,12-06-2014 05:50,8087856,8. Taxadermy,1,2.66,1,2.41522672508214676889375684556407447974,1,1001,1,1001,182.6,0,0
100976086,AUS / Nort (AUS) 12th Jun,TO BE PLACED,12-06-2014 05:50,8600656,11. Imperialista,0,42,1,26.7434782608695652173913043478260869565,1,1001,1,1001,32.2,0,0
100976090,AUS / Nort (AUS) 12th Jun,TO BE PLACED,12-06-2014 07:03,8527808,14. Handel It,0,26.020013857784875,1,18.2163988312636961285609934258582907232,1,1001,1,1001,54.76,0,0
100976090,AUS / Nort (AUS) 12th Jun,TO BE PLACED,12-06-2014 07:03,8600668,7. Mighty Universe,0,46,1,29.1139896373056994818652849740932642487,1,1001,1,1001,19.3,0,0
100976096,AUS / Nort (AUS) 12th Jun,TO BE PLACED,12-06-2014 08:55,6569230,14. Vieira Da Silver,0,6.8,1,6.01113553113553113553113553113553113553,1,1001,1,1001,163.8,0,0
100976098,AUS / Nort (AUS) 12th Jun,TO BE PLACED,12-06-2014 09:30,6929932,12. Kens Business,0,12.861689104274848,1,9.6013909224011713030746705710102489019,1,1001,1,1001,54.64,0,0
100976098,AUS / Nort (AUS) 12th Jun,TO BE PLACED,12-06-2014 09:30,7142124,9. Radio Berlin,0,1.94,1,1.83930296492204899777282850779510022272,1,1001,1,1001,1724.16,0,0
100976098,AUS / Nort (AUS) 12th Jun,TO BE PLACED,12-06-2014 09:30,8600682,2. Private Eyes,1,2.5288489865569863,1,2.36744121715076071922544951590594744122,1,1001,1,1001,404.88,0,0
100976098,AUS / Nort (AUS) 12th Jun,TO BE PLACED,12-06-2014 09:30,8600683,7. In Rhythm,0,2.76,1,2.62787447257383966244725738396624472574,1,1001,1,1001,530.88,0,0
100976116,AUS / Char (AUS) 12th Jun,TO BE PLACED,12-06-2014 03:50,4524582,3. The Final Cut,1,,1,2.45384566872381638812559124284877697194,1,1001,1,1001,443.98,0,0
100976116,AUS / Char (AUS) 12th Jun,TO BE PLACED,12-06-2014 03:50,6270624,7. Sans Frontiere,0,,1,1.32074326657458563535911602209944751381,1,1001,1,1001,695.04,0,0
100976118,AUS / Char (AUS) 12th Jun,TO BE PLACED,12-06-2014 04:25,2298186,1. Ruby Heart,1,,1,2.37967159689145149160190523940837302582,1,1001,1,1001,159.56,0,0
100976118,AUS / Char (AUS) 12th Jun,TO BE PLACED,12-06-2014 04:25,8603238,13. Ortabe Good,0,,1,11.4100817438692098092643051771117166213,1,1001,1,1001,29.36,0,0
100976122,AUS / Char (AUS) 12th Jun,TO BE PLACED,12-06-2014 05:35,8603239,2. Phil Monty,1,,1,1.059570129445527529879030793262535873,1,1001,1,1001,1651.66,0,0
100976122,AUS / Char (AUS) 12th Jun,TO BE PLACED,12-06-2014 05:35,5262458,10. Latoya Lass,0,,1,5.76076555023923444976076555023923444976,1,1001,1,1001,79.42,0,0
100976122,AUS / Char (AUS) 12th Jun,TO BE PLACED,12-06-2014 05:35,5484681,3. Statelyness,0,,1,22,1,1001,1,1001,2.28,0,0
100976128,AUS / Char (AUS) 12th Jun,TO BE PLACED,12-06-2014 07:23,8603248,13. Sassy Man,0,,1,14,1,1001,1,1001,22.36,0,0
100976124,AUS / Char (AUS) 12th Jun,TO BE PLACED,12-06-2014 06:10,8568610,9. Royal Icing,0,,1,14.5,1,1001,1,1001,11.16,0,0
100976138,AUS / Shep (AUS) 12th Jun,TO BE PLACED,12-06-2014 11:30,6133843,4. Lombo Madam Lashe,0,,1,5.7,1,1001,1,1001,17.88,0,0
100976138,AUS / Shep (AUS) 12th Jun,TO BE PLACED,12-06-2014 11:30,6335356,1. Courageousnquick,1,,1,1.2349678733079414650615629714816260643,1,1001,1,1001,1895.62,0,0
100976130,AUS / Shep (AUS) 12th Jun,TO BE PLACED,12-06-2014 09:25,4944194,3. Innocent Vance,0,,1,6.80044101433296582138919514884233737596,1,1001,1,1001,36.28,0,0
100976130,AUS / Shep (AUS) 12th Jun,TO BE PLACED,12-06-2014 09:25,4993898,7. Lights And Music,1,,1,2.98008394912783391142612979440004021515,1,1001,1,1001,397.86,0,0
100976140,AUS / Shep (AUS) 12th Jun,TO BE PLACED,12-06-2014 12:00,5934357,6. Conchs Critter,0,,1,1,1,1001,1,1001,0,0,0
100976148,AUS / Newc (AUS) 12th Jun,TO BE PLACED,12-06-2014 06:35,8604151,7. Cool Woman,0,,1,2.39240481454188160157209530827806435765,1,1001,1,1001,814.2,0,0
100976148,AUS / Newc (AUS) 12th Jun,TO BE PLACED,12-06-2014 06:35,6703295,1. Our Wee Dream,1,,1,1.64455586879670649304157157560298921555,1,1001,1,1001,1787.76,0,0
100976148,AUS / Newc (AUS) 12th Jun,TO BE PLACED,12-06-2014 06:35,8604150,3. Ablissfullgift,1,,1,1.64793652456268985021472713941552320101,1,1001,1,1001,190.94,0,0
100976150,AUS / Newc (AUS) 12th Jun,TO BE PLACED,12-06-2014 07:13,8604156,10. Sakoy,0,,1,1.78432214926329276105060858424087123639,1,1001,1,1001,499.52,0,0
100976152,AUS / Newc (AUS) 12th Jun,TO BE PLACED,12-06-2014 07:52,4587937,2. Keltic Mission,0,,1,10.2325387365911799761620977353992848629,1,1001,1,1001,16.78,0,0
100976152,AUS / Newc (AUS) 12th Jun,TO BE PLACED,12-06-2014 07:52,5294918,5. Canyatel,1,,1,2.02921591636441220396842329848517175165,1,1001,1,1001,562.44,0,0
100976152,AUS / Newc (AUS) 12th Jun,TO BE PLACED,12-06-2014 07:52,6401223,4. Bandan,0,,1,3.50022727272727272727272727272727272727,1,1001,1,1001,30.8,0,0
100976154,AUS / Newc (AUS) 12th Jun,TO BE PLACED,12-06-2014 08:24,6411077,4. Minnie Min Min,0,,1,4.6,1,1001,1,1001,22.34,0,0
100976154,AUS / Newc (AUS) 12th Jun,TO BE PLACED,12-06-2014 08:24,8604160,10. Nolonga Your Choice,0,,1,1.26719396814459491691622717515172395516,1,1001,1,1001,754.66,0,0
100976156,AUS / Penr (AUS) 12th Jun,TO BE PLACED,12-06-2014 09:17,4061721,5. Shootin The Breeze,0,,1,19.0606060606060606060606060606060606061,1,1001,1,1001,47.52,0,0
100976158,AUS / Penr (AUS) 12th Jun,TO BE PLACED,12-06-2014 09:46,5987058,1. Persona,0,,1,1.63694767918648515663441036575364933574,1,1001,1,1001,121.94,0,0
100976158,AUS / Penr (AUS) 12th Jun,TO BE PLACED,12-06-2014 09:46,3820277,2. Equal Terms,1,,1,2.80425891472868217054263565891472868217,1,1001,1,1001,774,0,0
100976162,AUS / Penr (AUS) 12th Jun,TO BE PLACED,12-06-2014 10:47,6554250,2. The Wifes Calling,0,,1,2.92543761638733705772811918063314711359,1,1001,1,1001,10.74,0,0
100976162,AUS / Penr (AUS) 12th Jun,TO BE PLACED,12-06-2014 10:47,7275178,1. Marble Halls,1,,1,2.95322853495052665177146504947334822853,1,1001,1,1001,250.64,0,0
100976162,AUS / Penr (AUS) 12th Jun,TO BE PLACED,12-06-2014 10:47,8545716,7. Mavrick,0,,1,2.82496350364963503649635036496350364964,1,1001,1,1001,10.96,0,0
100976162,AUS / Penr (AUS) 12th Jun,TO BE PLACED,12-06-2014 10:47,8604164,4. Artistic Spirit,0,,1,12.4716129032258064516129032258064516129,1,1001,1,1001,6.2,0,0
100976164,AUS / Penr (AUS) 12th Jun,TO BE PLACED,12-06-2014 11:17,7654916,1. Mikaelas Delight,1,,1,1.92830603705917513448894202032277346085,1,1001,1,1001,501.9,0,0
100976166,AUS / Penr (AUS) 12th Jun,TO BE PLACED,12-06-2014 11:47,6146423,4. Chevalcoldhardcash,0,,1,3.97438118811881188118811881188118811881,1,1001,1,1001,8.08,0,0
100976168,AUS / Penr (AUS) 12th Jun,TO BE PLACED,12-06-2014 12:17,3866664,8. Leisa Beryl,1,,1,1,1,1001,1,1001,0,0,0
100976168,AUS / Penr (AUS) 12th Jun,TO BE PLACED,12-06-2014 12:17,6482294,1. Zany Dune,0,,1,1,1,1001,1,1001,0,0,0
100976168,AUS / Penr (AUS) 12th Jun,TO BE PLACED,12-06-2014 12:17,7407777,3. Thortiheardulaughn,1,,1,1,1,1001,1,1001,0,0,0
100976170,AUS / Penr (AUS) 12th Jun,TO BE PLACED,12-06-2014 12:47,8564536,6. Thestarattraction,0,,1,1,1,1001,1,1001,0,0,0
100976186,AUS / Redc (AUS) 12th Jun,TO BE PLACED,12-06-2014 09:08,4100113,5. Party Hard,0,,1,3.5,1,1001,1,1001,5.58,0,0
100976172,AUS / Redc (AUS) 12th Jun,TO BE PLACED,12-06-2014 05:10,7596175,1. Last Sunrise,1,,1,1.80208864529965447396640057190515906112,1,1001,1,1001,167.86,0,0
100976176,AUS / Redc (AUS) 12th Jun,TO BE PLACED,12-06-2014 06:20,8602855,10. Roughnready Nelson,1,,1,3.2,1,1001,1,1001,98.26,0,0
100976182,AUS / Redc (AUS) 12th Jun,TO BE PLACED,12-06-2014 08:04,5490083,2. Stout,0,,1,1.74341692150866462793068297655453618756,1,1001,1,1001,490.5,0,0
100976188,AUS / Ngin (AUS) 12th Jun,TO BE PLACED,12-06-2014 10:24,8602837,1. Nothingbutadream,0,,1,7.37045143638850889192886456908344733242,1,1001,1,1001,87.72,0,0
100976192,AUS / Ngin (AUS) 12th Jun,TO BE PLACED,12-06-2014 11:24,4811943,1. Celestial Ruler,0,,1,2.3572369362920544022906227630637079456,1,1001,1,1001,27.94,0,0
100976198,AUS / Ngin (AUS) 12th Jun,TO BE PLACED,12-06-2014 12:54,6969759,7. Sweet Charlee,1,,1,1,1,1001,1,1001,0,0,0
100976200,AUS / Ngin (AUS) 12th Jun,TO BE PLACED,12-06-2014 13:30,8153516,3. Mega Bunny,0,,1,1,1,1001,1,1001,0,0,0
100976200,AUS / Ngin (AUS) 12th Jun,TO BE PLACED,12-06-2014 13:30,8602844,4. Extreme Redemption,1,,1,1,1,1001,1,1001,0,0,0
100976044,AUS / Wyng (AUS) 12th Jun,TO BE PLACED,12-06-2014 05:40,7370933,1. Blue Prints,0,2.54,1,2.52843874969395250142822166000163225333,1,1001,1,1001,490.12,0,0
100976044,AUS / Wyng (AUS) 12th Jun,TO BE PLACED,12-06-2014 05:40,7421270,5. Hickory Lad,0,3.868863844892039,1,3.99064049860761172258321177562657472484,1,1001,1,1001,1508.2,0,0
100976044,AUS / Wyng (AUS) 12th Jun,TO BE PLACED,12-06-2014 05:40,8603376,2. Fields Of Tuscany,1,1.8019642433070118,1,1.64065297450424929178470254957507082153,1,1001,1,1001,1553.2,0,0
100976046,AUS / Wyng (AUS) 12th Jun,TO BE PLACED,12-06-2014 06:15,8603381,10. Ship Rock,1,2.08,1,2.00611437580622043858391858965171277053,1,1001,1,1001,697.7,0,0
100976046,AUS / Wyng (AUS) 12th Jun,TO BE PLACED,12-06-2014 06:15,8603378,3. Jumpity,1,1.59,1,1.48552145741800914214707318155594017663,1,1001,1,1001,1802.64,0,0
100976050,AUS / Wyng (AUS) 12th Jun,TO BE PLACED,12-06-2014 07:28,7406780,1. Incubus,0,2.38,1,2.35645340885320288992228104333274333435,1,1001,1,1001,1242.94,0,0
100976066,AUS / Seym (AUS) 12th Jun,TO BE PLACED,12-06-2014 06:30,553485,4. Arturo,1,4.265049055424751,1,3.82316917851836128210571004033113988537,1,1001,1,1001,188.44,0,0
100976066,AUS / Seym (AUS) 12th Jun,TO BE PLACED,12-06-2014 06:30,6675627,10. Whittens Brew,0,4.2,1,3.87914837576821773485513608428446005268,1,1001,1,1001,296.14,0,0
100976068,AUS / Seym (AUS) 12th Jun,TO BE PLACED,12-06-2014 07:10,8603482,9. Elvonn,1,2.04,1,1.99554745057991100736742286089430301262,1,1001,1,1001,548.36,0,0
100976070,AUS / Seym (AUS) 12th Jun,TO BE PLACED,12-06-2014 07:40,2005019,8. Landau,0,5.041447792871331,1,4.30983280254777070063694267515923566879,1,1001,1,1001,100.48,0,0
100976052,AUS / Seym (AUS) 12th Jun,TO BE PLACED,12-06-2014 02:30,8564130,5. Lanesborough Tales,0,9.169388944287054,1,6.53063560994867745756020529016975917884,1,1001,1,1001,202.64,0,0
100976052,AUS / Seym (AUS) 12th Jun,TO BE PLACED,12-06-2014 02:30,8603430,12. Southern Sea,0,13.697552819229017,1,9.42753916657785356495790258979004582756,1,1001,1,1001,375.32,0,0
100976054,AUS / Seym (AUS) 12th Jun,TO BE PLACED,12-06-2014 03:00,7373591,1. Feel The Fame,0,3.1,1,2.85652470539590655364895596444076907174,1,1001,1,1001,193.48,0,0
100976054,AUS / Seym (AUS) 12th Jun,TO BE PLACED,12-06-2014 03:00,8603433,2. Mr Memphis,0,4.582394131376639,1,4.00152493737189706217262582555226599863,1,1001,1,1001,439.1,0,0
100976056,AUS / Seym (AUS) 12th Jun,TO BE PLACED,12-06-2014 03:35,8603449,10. Unique Dream,0,6.170486800468353,1,4.12315554511278195488721804511278195489,1,1001,1,1001,170.24,0,0
100976056,AUS / Seym (AUS) 12th Jun,TO BE PLACED,12-06-2014 03:35,8603450,11. Lola Cherry Cola,0,9.8,1,8.98218128761626846616815611891300383002,1,1001,1,1001,219.32,0,0
100976058,AUS / Seym (AUS) 12th Jun,TO BE PLACED,12-06-2014 04:10,8603456,7. Runhardt,1,30,1,20.1861507804716041182331451345068083693,1,1001,1,1001,60.22,0,0
100976058,AUS / Seym (AUS) 12th Jun,TO BE PLACED,12-06-2014 04:10,8603460,13. Southern Sunset,0,20.874912752341473,1,17.7282740501212611156022635408245755861,1,1001,1,1001,98.96,0,0
100976060,AUS / Seym (AUS) 12th Jun,TO BE PLACED,12-06-2014 04:45,8603461,2. Call Me Neil,0,4.1151477675131165,1,3.254097121594304012594143007925007603,1,1001,1,1001,2235.96,0,0
100976060,AUS / Seym (AUS) 12th Jun,TO BE PLACED,12-06-2014 04:45,8603465,10. Cartel Queen,0,6.4,1,5.66572009488309047780413419179939003728,1,1001,1,1001,295.1,0,0
100976062,AUS / Seym (AUS) 12th Jun,TO BE PLACED,12-06-2014 05:20,6854512,1. Fionn Mccool,0,4.2,1,3.57643632210165619645916619074814391776,1,1001,1,1001,175.1,0,0
100976062,AUS / Seym (AUS) 12th Jun,TO BE PLACED,12-06-2014 05:20,7859237,9. Goanna Ga Ga,0,2.550516691,1,2.27228467105692117102432027123948620982,1,1001,1,1001,306.74,0,0
100976062,AUS / Seym (AUS) 12th Jun,TO BE PLACED,12-06-2014 05:20,8545363,7. Tramcar Johnny,1,4.1,1,3.66318497331612543165091213505877428581,1,1001,1,1001,573.38,0,0
100976074,AUS / Town (AUS) 12th Jun,TO BE PLACED,12-06-2014 04:55,8603349,6. Craiglea Chanel,0,23.523831686591734,1,15.0789573545355981207083483917600289122,1,1001,1,1001,221.36,0,0
100976074,AUS / Town (AUS) 12th Jun,TO BE PLACED,12-06-2014 04:55,8603347,2. Dragon Hart,0,9.6,1,7.63553478913475039945770590229022418051,1,1001,1,1001,413.06,0,0
100976078,AUS / Town (AUS) 12th Jun,TO BE PLACED,12-06-2014 06:05,5555050,6. Maecenus,0,4.3,1,4.04930084226020116117425791152179246054,1,1001,1,1001,244.58,0,0
100976078,AUS / Town (AUS) 12th Jun,TO BE PLACED,12-06-2014 06:05,8603356,10. Frumboli,0,3.135631155229057,1,3.00093937125748502994011976047904191617,1,1001,1,1001,267.2,0,0
100976078,AUS / Town (AUS) 12th Jun,TO BE PLACED,12-06-2014 06:05,1459915,9. Breakthrough,1,9,1,8.08604536140747544690171695046986504628,1,1001,1,1001,283.06,0,0
100976080,AUS / Town (AUS) 12th Jun,TO BE PLACED,12-06-2014 06:40,8603358,6. Star Truce,0,8,1,8.57828708034507847417108408689325433947,1,1001,1,1001,192.42,0,0
100976082,AUS / Town (AUS) 12th Jun,TO BE PLACED,12-06-2014 07:20,4808000,7. My King Oath,0,5,1,3.09906271899088997897687456201822004205,1,1001,1,1001,114.16,0,0
100976082,AUS / Town (AUS) 12th Jun,TO BE PLACED,12-06-2014 07:20,8603361,10. Angelina,0,2.86,1,2.70214183819034033014061544732015488078,1,1001,1,1001,196.28,0,0
100976084,AUS / Nort (AUS) 12th Jun,TO BE PLACED,12-06-2014 05:15,8153295,12. Vitesse Express,0,15,1,10.5116866708780795957043588123815540114,1,1001,1,1001,94.98,0,0
100976086,AUS / Nort (AUS) 12th Jun,TO BE PLACED,12-06-2014 05:50,8600652,4. Expressex,0,32.00976786159109,1,26.5657643919176515440335493709492947007,1,1001,1,1001,52.46,0,0
100976086,AUS / Nort (AUS) 12th Jun,TO BE PLACED,12-06-2014 05:50,8600653,5. Louie Can Fly,0,5.9,1,3.51820788530465949820788530465949820789,1,1001,1,1001,27.9,0,0
100976086,AUS / Nort (AUS) 12th Jun,TO BE PLACED,12-06-2014 05:50,4335065,10. Idle Gossip,0,14,1,18.1890362856028092079594225516972298088,1,1001,1,1001,51.26,0,0
100976092,AUS / Nort (AUS) 12th Jun,TO BE PLACED,12-06-2014 07:44,5944266,8. The Trout,0,75,1,35.6924939467312348668280871670702179177,1,1001,1,1001,8.26,0,0
100976092,AUS / Nort (AUS) 12th Jun,TO BE PLACED,12-06-2014 07:44,6602667,7. Purely Lyrical,0,48,1,25.55,1,1001,1,1001,2.8,0,0
100976092,AUS / Nort (AUS) 12th Jun,TO BE PLACED,12-06-2014 07:44,8600675,6. Mahulmo,0,11,1,9.13338449731389102072141212586339217191,1,1001,1,1001,26.06,0,0
100976092,AUS / Nort (AUS) 12th Jun,TO BE PLACED,12-06-2014 07:44,8600678,12. Heavens Touch,0,1.73,1,1.48460918457788610680257035231553290494,1,1001,1,1001,1444.16,0,0
100976088,AUS / Nort (AUS) 12th Jun,TO BE PLACED,12-06-2014 06:25,8600657,1. Bring On The Bling,0,7,1,6.98492475695831668664269543214808895991,1,1001,1,1001,150.18,0,0
100976088,AUS / Nort (AUS) 12th Jun,TO BE PLACED,12-06-2014 06:25,8600658,2. Choreographer,0,33.18053354974837,1,29.5528134254689042448173741362290227048,1,1001,1,1001,81.04,0,0
100976088,AUS / Nort (AUS) 12th Jun,TO BE PLACED,12-06-2014 06:25,8600660,9. Berk Phar,0,14,1,9.7374011857707509881422924901185770751,1,1001,1,1001,80.96,0,0
100976094,AUS / Nort (AUS) 12th Jun,TO BE PLACED,12-06-2014 08:20,6409298,9. Summabetta,0,13.5,1,10.3259052924791086350974930362116991644,1,1001,1,1001,14.36,0,0
100976094,AUS / Nort (AUS) 12th Jun,TO BE PLACED,12-06-2014 08:20,8600679,14. Rokebys Witch,0,29,1,14.4853211009174311926605504587155963303,1,1001,1,1001,26.16,0,0
100976096,AUS / Nort (AUS) 12th Jun,TO BE PLACED,12-06-2014 08:55,7767091,1. The Sleeping Giant,0,9.2,1,7.66995515695067264573991031390134529148,1,1001,1,1001,62.44,0,0
100976096,AUS / Nort (AUS) 12th Jun,TO BE PLACED,12-06-2014 08:55,3002614,8. Hollywoodland,0,2.86,1,2.91142456782111038999350994158947430527,1,1001,1,1001,677.96,0,0
100976098,AUS / Nort (AUS) 12th Jun,TO BE PLACED,12-06-2014 09:30,7699192,8. Prus Image,1,3.05,1,2.83627690955877738027992217410406075441,1,1001,1,1001,318.66,0,0
100976116,AUS / Char (AUS) 12th Jun,TO BE PLACED,12-06-2014 03:50,6808802,1. Makarewa Lil,0,,1,3.26780821917808219178082191780821917808,1,1001,1,1001,18.98,0,0
100976116,AUS / Char (AUS) 12th Jun,TO BE PLACED,12-06-2014 03:50,8162138,5. Apple Beach,0,,1,10.5007861635220125786163522012578616352,1,1001,1,1001,38.16,0,0
100976126,AUS / Char (AUS) 12th Jun,TO BE PLACED,12-06-2014 06:43,4034668,3. Wiley Jasper,0,,1,39.8648874061718098415346121768140116764,1,1001,1,1001,23.98,0,0
100976128,AUS / Char (AUS) 12th Jun,TO BE PLACED,12-06-2014 07:23,8575895,5. Graceful Art,0,,1,3.77085326190931700784388750717428735412,1,1001,1,1001,104.54,0,0
100976124,AUS / Char (AUS) 12th Jun,TO BE PLACED,12-06-2014 06:10,8603242,6. Four Smart Aces,0,,1,3.65,1,1001,1,1001,16,0,0
100976138,AUS / Shep (AUS) 12th Jun,TO BE PLACED,12-06-2014 11:30,852484,8. Frosty Star,0,,1,23.45165843330980945659844742413549753,1,1001,1,1001,56.68,0,0
100976138,AUS / Shep (AUS) 12th Jun,TO BE PLACED,12-06-2014 11:30,6526156,5. Our Femme Fatale,1,,1,1.46318092886756416825825685936553780221,1,1001,1,1001,858.68,0,0
100976138,AUS / Shep (AUS) 12th Jun,TO BE PLACED,12-06-2014 11:30,6600634,7. Mcrita,1,,1,13.2799642218246869409660107334525939177,1,1001,1,1001,11.18,0,0
100976132,AUS / Shep (AUS) 12th Jun,TO BE PLACED,12-06-2014 10:00,6949919,1. Black Jasmin,1,,1,3.07317289073305670816044260027662517289,1,1001,1,1001,144.6,0,0
100976132,AUS / Shep (AUS) 12th Jun,TO BE PLACED,12-06-2014 10:00,8604136,4. Vikenti,1,,1,1.14625173103554392983535928604400677027,1,1001,1,1001,1429.78,0,0
100976134,AUS / Shep (AUS) 12th Jun,TO BE PLACED,12-06-2014 10:30,7090579,5. Shes A Runa,0,,1,3.61154654552851040748525323750762763577,1,1001,1,1001,294.98,0,0
100976140,AUS / Shep (AUS) 12th Jun,TO BE PLACED,12-06-2014 12:00,6081048,1. Kains Boy,1,,1,2.97999994631236588090114205799506350339,1,1001,1,1001,36.88,0,0
100976140,AUS / Shep (AUS) 12th Jun,TO BE PLACED,12-06-2014 12:00,8604143,11. Chevals Racer,1,,1,1.54999994866667145777733060744914330475,1,1001,1,1001,30,0,0
100976148,AUS / Newc (AUS) 12th Jun,TO BE PLACED,12-06-2014 06:35,904711,4. Open Your Eyes,0,,1,2,1,1001,1,1001,.26,0,0
100976150,AUS / Newc (AUS) 12th Jun,TO BE PLACED,12-06-2014 07:13,879380,6. Midnight Delivery,0,,1,6.69445910290237467018469656992084432718,1,1001,1,1001,15.16,0,0
100976154,AUS / Newc (AUS) 12th Jun,TO BE PLACED,12-06-2014 08:24,8604161,11. Bien Hoa,1,,1,2.03891156462585034013605442176870748299,1,1001,1,1001,64.68,0,0
100976158,AUS / Penr (AUS) 12th Jun,TO BE PLACED,12-06-2014 09:46,5415840,10. Grace Artois,1,,1,1.57760154414232964081906680093991272239,1,1001,1,1001,357.48,0,0
100976158,AUS / Penr (AUS) 12th Jun,TO BE PLACED,12-06-2014 09:46,7245787,4. Nik Direct,0,,1,8.2,1,1001,1,1001,2.24,0,0
100976158,AUS / Penr (AUS) 12th Jun,TO BE PLACED,12-06-2014 09:46,3650580,9. The Prestige,0,,1,5.24506065857885615251299826689774696707,1,1001,1,1001,34.62,0,0
100976158,AUS / Penr (AUS) 12th Jun,TO BE PLACED,12-06-2014 09:46,5413971,8. Galilee,1,,1,3.23414582864008410302620710370203499287,1,1001,1,1001,532.68,0,0
100976160,AUS / Penr (AUS) 12th Jun,TO BE PLACED,12-06-2014 10:17,3113420,10. King Of Dreams,0,,1,13.8,1,1001,1,1001,27.9,0,0
100976160,AUS / Penr (AUS) 12th Jun,TO BE PLACED,12-06-2014 10:17,8105355,8. Tutu Bene Lombo,0,,1,1.54887427953890489913544668587896253602,1,1001,1,1001,111.04,0,0
100976162,AUS / Penr (AUS) 12th Jun,TO BE PLACED,12-06-2014 10:47,6972254,6. Magic Trump,0,,1,8.34838174273858921161825726141078838174,1,1001,1,1001,48.2,0,0
100976164,AUS / Penr (AUS) 12th Jun,TO BE PLACED,12-06-2014 11:17,8240155,4. Suzies So Sweet,0,,1,3.3,1,1001,1,1001,2.24,0,0
100976170,AUS / Penr (AUS) 12th Jun,TO BE PLACED,12-06-2014 12:47,610606,4. High On Dreams,1,,1,1,1,1001,1,1001,0,0,0
100976170,AUS / Penr (AUS) 12th Jun,TO BE PLACED,12-06-2014 12:47,7814284,5. Dah Little Striker,0,,1,1,1,1001,1,1001,0,0,0
100976176,AUS / Redc (AUS) 12th Jun,TO BE PLACED,12-06-2014 06:20,8214489,1. Fairy Dust,1,,1,1.54472387425658453695836873406966864911,1,1001,1,1001,47.08,0,0
100976178,AUS / Redc (AUS) 12th Jun,TO BE PLACED,12-06-2014 06:54,3397720,4. Village Villain,1,,1,2.98,1,1001,1,1001,.2,0,0
100976178,AUS / Redc (AUS) 12th Jun,TO BE PLACED,12-06-2014 06:54,5242332,3. Dabeers Zargon,1,,1,1.23897376387487386478304742684157416751,1,1001,1,1001,396.4,0,0
100976180,AUS / Redc (AUS) 12th Jun,TO BE PLACED,12-06-2014 07:33,4667464,2. Im All Smiles,1,,1,2.95647717359697586507705728409421343414,1,1001,1,1001,137.56,0,0
100976180,AUS / Redc (AUS) 12th Jun,TO BE PLACED,12-06-2014 07:33,7421855,9. Spacious Star,0,,1,2.7853328374860542952770546671625139457,1,1001,1,1001,53.78,0,0
100976184,AUS / Redc (AUS) 12th Jun,TO BE PLACED,12-06-2014 08:40,5097163,3. Art And Rhythm,0,,1,6,1,1001,1,1001,4,0,0
100976188,AUS / Ngin (AUS) 12th Jun,TO BE PLACED,12-06-2014 10:24,8602840,6. Delightful Jade,1,,1,1.24434227183795603636782138335826907584,1,1001,1,1001,521.34,0,0
100976188,AUS / Ngin (AUS) 12th Jun,TO BE PLACED,12-06-2014 10:24,8602842,8. Neveragain Lorry,0,,1,6.56542948038176033934252386002120890774,1,1001,1,1001,18.86,0,0
100976190,AUS / Ngin (AUS) 12th Jun,TO BE PLACED,12-06-2014 10:54,7249222,10. Bush Chook,0,,1,10,1,1001,1,1001,25.9,0,0
100976194,AUS / Ngin (AUS) 12th Jun,TO BE PLACED,12-06-2014 11:54,5637980,2. Coaltrain Blues,0,,1,6.08098693759071117561683599419448476052,1,1001,1,1001,27.56,0,0
100976194,AUS / Ngin (AUS) 12th Jun,TO BE PLACED,12-06-2014 11:54,5728592,8. Courtneys Best,0,,1,2.48,1,1001,1,1001,86.06,0,0
100976198,AUS / Ngin (AUS) 12th Jun,TO BE PLACED,12-06-2014 12:54,6897623,1. Flyalong Falcon,0,,1,1,1,1001,1,1001,0,0,0
100976200,AUS / Ngin (AUS) 12th Jun,TO BE PLACED,12-06-2014 13:30,1311129,1. Lucky Ruler,1,,1,1,1,1001,1,1001,0,0,0
