EVENT_ID,MENU_HINT,EVENT_NAME,EVENT_DT,SELECTION_ID,SELECTION_NAME,WIN_LOSE,BSP,PPWAP,MORNINGWAP,PPMAX,PPMIN,IPMAX,IPMIN,MORNINGTRADEDVOL,PPTRADEDVOL,IPTRADEDVOL
185271276,GB / Catterick 14th Jul,TO BE PLACED,14-07-2021 17:10,16413121,Dream Point,1,1.790652085,1.7453740205780550371220103360573156188,1.83740930352992829496608784644962875854,1.79,1.69,2,1.71,53.16,8799.74,2114.92
185271276,GB / Catterick 14th Jul,TO BE PLACED,14-07-2021 17:10,20377675,Coup De Gold,0,2.165623262505105,2.47566767012287613786039535843971940194,3.77802730639987303521735308424447791787,2.52,2.24,2.08,2.08,54.26,4215.54,1381.8
185271251,GB / Catterick 14th Jul,TO BE PLACED,14-07-2021 14:20,39565219,Langton Wold,0,5.1,5.20635577084319616567258296909757663148,4.91667157598885109405514818736554541052,5.3,5.1,1,1001,105.32,1508.5,36.94
185271256,GB / Catterick 14th Jul,TO BE PLACED,14-07-2021 14:55,40055363,Haidarah,0,3.348980174974480670161,2.9235873284376896030587173473785077751,2.56581457679861212353393308979573179873,2.78,2.69,1,1001,35.1,3205.74,20.04
185271266,GB / Catterick 14th Jul,TO BE PLACED,14-07-2021 16:05,8752476,Muntadab,1,1.606985358,1.62932353475847049141352654329641800762,1.64821991296379706784505542200557185222,1.65,1.62,1.59,1.59,63.74,5434.66,1257.44
185271266,GB / Catterick 14th Jul,TO BE PLACED,14-07-2021 16:05,19148746,Shawaamekh,1,1.52,1.59523654830975913168013739338271736673,1.71814962691190165022041573244767374475,1.6,1.53,1,1001,287.44,8693.88,220.3
185271266,GB / Catterick 14th Jul,TO BE PLACED,14-07-2021 16:05,35610847,Fast Medicine,1,2.966156173277777,2.70391584921060263974486825285557545946,2.18841358575860308366926436459347035216,3,2.3,1,1001,36.88,5709.52,163.52
185271271,GB / Catterick 14th Jul,TO BE PLACED,14-07-2021 16:40,40166611,Milwaukee Blizzard,0,4.084709110116819,4.38765329306540102649721164959003561594,4.49998943003192130359766313505733212686,4.4,4.4,1,1001,10,1025.72,44.06
185271281,GB / Lingfield 14th Jul,TO BE PLACED,14-07-2021 13:00,12673041,Tilsworth Lukey,0,12,11.5049294379645306385609496974732951041,10.3433962318832709545344852988783315485,14.5,11,1,1001,55.76,573.94,9.72
185271281,GB / Lingfield 14th Jul,TO BE PLACED,14-07-2021 13:00,12844642,Bristol Missile,0,2.161927810397393,2.2334839771110566683357516003430886616,2.38912649867086541301590880947971632783,2.46,2.06,1,1001,643.52,5836.04,92.04
185271306,GB / Lingfield 14th Jul,TO BE PLACED,14-07-2021 15:55,25879244,Moosmee,1,1.77,1.75978775263857000622784685780603838266,1.78124464887077609856349127174609254962,1.91,1.73,1,1001,14.22,10347.12,601.74
185271291,GB / Lingfield 14th Jul,TO BE PLACED,14-07-2021 14:10,21142736,Mukha Magic,0,8.2,5.54115211101406394770856529807168367032,5.54103820892806127826928327067563936151,4.9,4.2,2.12,2.12,205.48,1908,705
185271311,GB / Lingfield 14th Jul,TO BE PLACED,14-07-2021 16:30,12925703,Firenze Rosa,0,3.1581486396195877,2.38175260336819009326311293529840935512,5.69994579395850967852170771630433862329,3.5,2.94,1,1001,6,5486.92,10.04
185271311,GB / Lingfield 14th Jul,TO BE PLACED,14-07-2021 16:30,11717244,Teddy B,0,6.8,3.62189728905965929030744771161834837765,4.50124477730987384610484622693771148458,1,1001,1,1001,24,1830.82,.04
185271537,GB / Yarmouth 14th Jul,TO BE PLACED,14-07-2021 20:05,19186425,Hard Solution,1,2.6,2.49854047827696878940482252244132214137,1.79719001943302412675349871866467815457,2.78,2.28,1,1001,67.22,6202.74,156.3
185271537,GB / Yarmouth 14th Jul,TO BE PLACED,14-07-2021 20:05,37128343,Needwood Blossom,0,3.8146133762782846,3.73953442585999742345131786209682598349,1,1,1001,1,1001,0,1895,37.68
185271517,GB / Yarmouth 14th Jul,TO BE PLACED,14-07-2021 18:05,35387931,Bake,1,1.120433824813561,1.1472773434727884029984609882737918314,1.32999703623924263537345196157762082558,1.21,1.08,1,1001,18.06,50782.62,380.92
185271507,GB / Yarmouth 14th Jul,TO BE PLACED,14-07-2021 17:00,38941680,Monte Carlo Bay,0,3.6824819306294376,3.63766032146318312598443742331068427072,3.81666220695150566011603814960626312342,1,1001,760,760,24,1330.12,92.18
185271527,GB / Yarmouth 14th Jul,TO BE PLACED,14-07-2021 19:05,34251710,Mejthaam,0,2.8,2.82727909698748983790493339305300861454,2.42701886908166390810001519162952219004,2.78,2.78,1,1001,63.24,3131.64,176.4
185271527,GB / Yarmouth 14th Jul,TO BE PLACED,14-07-2021 19:05,36193202,Desert Gulf,1,3.05012642541842,2.94191366354493848997404802310853157461,1,3.05,2.8,1,1001,0,3046.2,395.16
185271532,GB / Yarmouth 14th Jul,TO BE PLACED,14-07-2021 19:35,34266623,Lady Amalthea,0,3.25,3.15452255964550660404180222827127090058,2.51473191524040200753452286139406136037,3.3,2.96,910,900,19,2703.06,.96
185271542,GB / Yarmouth 14th Jul,TO BE PLACED,14-07-2021 20:35,38480221,Pretty Shiftwell,1,1.53,1.48056746876549477089723476341696498194,1.34499906275254618891618677769258726847,1.55,1.45,1,1001,48,14586.34,643.8
185271558,GB / Wolverhampton 14th Jul,TO BE PLACED,14-07-2021 18:15,39580323,Bungle Bay,0,4.6,4.69623869107252340894167857729132285143,5.26463098592075112971554804658134360276,5,4.4,910,910,6,2158.36,10.56
185271578,GB / Wolverhampton 14th Jul,TO BE PLACED,14-07-2021 20:15,36468518,Poets Park,0,2.875537080417852,2.7749699730187409327035378300128214584,1,2.84,2.7,1,1001,0,1917.88,113.3
185271563,GB / Wolverhampton 14th Jul,TO BE PLACED,14-07-2021 18:45,39422525,War Brave,0,1.1982410881260512,1.22584110379195521307279139953969298537,1.29998006014894304084493207216226215552,1.27,1.21,1,1001,1.7,19042.42,428.1
185271563,GB / Wolverhampton 14th Jul,TO BE PLACED,14-07-2021 18:45,40008667,Whitcliffe,1,1.42,1.44133262465763162955243766964713552476,1,1.46,1.4,1,1001,0,8783.06,481.02
185271568,GB / Wolverhampton 14th Jul,TO BE PLACED,14-07-2021 19:15,38863059,Swiss Flamingo,0,40.770995039374114,28.981928708294402847894055551286258083,15.9998822509243302440075845404613573783,70,28,1,1001,4,568.92,12.08
185271568,GB / Wolverhampton 14th Jul,TO BE PLACED,14-07-2021 19:15,38649452,Twilight Secret,1,1.13,1.09884504359435475392227443794949604234,1.31177823472528950663965820216648524002,1.16,1.1,1,1001,14.94,29401.64,490.5
185271568,GB / Wolverhampton 14th Jul,TO BE PLACED,14-07-2021 19:15,39992949,Havana Cabana,0,49.704471327820805,30.0498593986588795154661475232532987238,15.9999185004428142607091834801030914399,75,38,1,1001,6,462.3,0
185271568,GB / Wolverhampton 14th Jul,TO BE PLACED,14-07-2021 19:15,40166657,Due Dilly,0,86.83617427669465,50.213094245204336947456213511259382819,1,100,50,1,1001,0,287.76,0
185271573,GB / Wolverhampton 14th Jul,TO BE PLACED,14-07-2021 19:45,7560100,Coldstream,0,5.341615596197838,4.39217124238008003545308635821670637284,4.31848456866574428173528616802927282027,5.2,5,1,1001,32.02,1305.22,101.78
185272376,GB / Uttoxeter 14th Jul,TO BE PLACED,14-07-2021 15:40,10819072,Brelan Das,0,6.4,5.01104281749366936644006597961710817926,1,6.8,6,1,1001,0,2139.12,42.98
185272381,GB / Uttoxeter 14th Jul,TO BE PLACED,14-07-2021 16:15,12349,African Sun,0,8,9.03996982907768245886721792584936342762,7.66315246588909387581209327980146930741,23,6.61,1,1001,143.64,1943.1,32.68
185272381,GB / Uttoxeter 14th Jul,TO BE PLACED,14-07-2021 16:15,27207451,Foxs Socks,1,2.66,2.0972884408657011447894705888828692427,2.53999310083090827753091666149335650976,2.74,2.52,2.5,2.5,20,5087.94,1293.94
185272381,GB / Uttoxeter 14th Jul,TO BE PLACED,14-07-2021 16:15,33353359,Rickety Gate,0,5.1,3.05273554249456143786042538053343559226,1,4.9,3.4,1,1001,0,3269.16,64.46
185272386,GB / Uttoxeter 14th Jul,TO BE PLACED,14-07-2021 16:50,26830886,White Walker,1,3,2.2343117335723121424456774267700827885,2.74917475231205285975616463287593496546,2.84,2.66,1,1001,101.02,5421.16,917.98
185272386,GB / Uttoxeter 14th Jul,TO BE PLACED,14-07-2021 16:50,38162387,Zip Pearl,0,2.5,2.06302078168636088761761594018585540993,2.17620182895440334387403628095379117483,2.68,2.5,1,1001,12.88,5543.02,445.62
185272386,GB / Uttoxeter 14th Jul,TO BE PLACED,14-07-2021 16:50,26672573,Legal Beagle,0,5.818761298492317,3.64079582918556058908115393514782196036,3.39998534522222828904850050030667954328,5.3,4.9,1000,4.3,9.04,2250.74,314.12
185272386,GB / Uttoxeter 14th Jul,TO BE PLACED,14-07-2021 16:50,20377712,Major Snugfit,0,4.3,3.24429813363783038078085473888506070221,4.1583257796708436205656741470959981954,4.5,4.1,3.2,3.2,24,3226.5,309.3
185272391,GB / Uttoxeter 14th Jul,TO BE PLACED,14-07-2021 17:20,10647879,My Son John,0,22,23.1638316831607877863721558120793732963,12.9998848011059093832699206087621558833,32,21,1,1001,4,673.3,22.76
185272391,GB / Uttoxeter 14th Jul,TO BE PLACED,14-07-2021 17:20,18484285,Unique Company,0,7.6,8.24507174509353093009007037879361984207,1,9.4,8,7.2,7.2,0,1092.82,161.02
185272366,GB / Uttoxeter 14th Jul,TO BE PLACED,14-07-2021 14:30,13617957,Monty Massini,0,4.9,3.8802845369309960042606852906954313668,4.2346125880673428972045604260582794531,5.3,4.2,1,1001,396.7,3407.94,208.32
185271276,GB / Catterick 14th Jul,TO BE PLACED,14-07-2021 17:10,28618400,Oreillys Pass,0,3.9,3.82634166636921837578961701876517857493,3.49238329176275289217720315127964747018,4.3,4.3,760,760,93.76,1987.18,117.58
185271251,GB / Catterick 14th Jul,TO BE PLACED,14-07-2021 14:20,40166599,Le Beau Garcon,1,8.290864611819558,8.29820347553961886589552819906091157356,1,9,7.4,1,1001,0,498.18,1421.36
185271251,GB / Catterick 14th Jul,TO BE PLACED,14-07-2021 14:20,1410235,Loose Lips,0,6.274510205428815,5.15474367223638386733684014373940633637,4.40360465260516478836986197435045563149,5.3,5.3,910,910,110.38,1252.56,6.42
185271256,GB / Catterick 14th Jul,TO BE PLACED,14-07-2021 14:55,40166607,Nosey Rosie Posey,0,5.721444,6.75461532413962338759448731797385834592,5.2091808893961018267413616423761537096,9.63,6.27,910,910,14.12,1062.32,.92
185271281,GB / Lingfield 14th Jul,TO BE PLACED,14-07-2021 13:00,28575481,Doonbeg Farmer,0,1.4949280836516667,1.49841409797685519297853801990117708975,1.48973038204701396263021461129775203027,1.54,1.45,1,1001,4058.52,14770.58,473.9
185271281,GB / Lingfield 14th Jul,TO BE PLACED,14-07-2021 13:00,36179684,Dusk Chorus,1,2.646563243,2.71192485925155740965460802559787396403,2.88473294972830857095311797106141055602,2.74,2.74,1,1001,230.06,2621.8,542.08
185271296,GB / Lingfield 14th Jul,TO BE PLACED,14-07-2021 14:45,40166615,Ower Independence,0,4.6,4.46860783812798864875821884479425876756,1,4.7,4.5,1,1001,0,4025.34,42.22
185271296,GB / Lingfield 14th Jul,TO BE PLACED,14-07-2021 14:45,40166617,Pearl Glory,1,2.56,2.18912827610637542750524980683328324821,2.28753048602886419162464579298660267612,2.5,2.42,1,1001,40.88,9476.78,546.06
185271306,GB / Lingfield 14th Jul,TO BE PLACED,14-07-2021 15:55,8156058,Album,1,7.8073253251548165,7.05242870559487783798101131499096261362,3.81988793087965583507302588744920171742,9,9,1,1001,10,795.98,238.3
185271291,GB / Lingfield 14th Jul,TO BE PLACED,14-07-2021 14:10,9160200,Be My Sea,1,2.6833133235515563,2.86316751301384822538167748371903458819,2.60300492033197890340600308343938715407,3.3,2.64,1,1001,393.7,4847.72,403.38
185271291,GB / Lingfield 14th Jul,TO BE PLACED,14-07-2021 14:10,25479108,Russian Rumour,0,2.82,2.46815994174370245708577858931757598992,2.54547848386872986631778705132670693048,2.8,1.97,930,910,212.84,6471.2,268.48
185271507,GB / Yarmouth 14th Jul,TO BE PLACED,14-07-2021 17:00,39257928,Natural Colour,1,2.179509897679054,1.93046853747695413620702497230695139091,1.61520933383146162418456483970795774617,2.18,1.77,1,1001,694.66,12429.74,843.36
185271512,GB / Yarmouth 14th Jul,TO BE PLACED,14-07-2021 17:30,39449905,Baileys Liberty,0,1.7,1.6441972470366784861394145721632060276,1.52691892068627982803232566322595407008,1.73,1.62,1,1001,191.9,9469.94,377.68
185271522,GB / Yarmouth 14th Jul,TO BE PLACED,14-07-2021 18:35,23467320,Delta River,0,6.180218446442797,6.56906396420340169591182139140701364485,5.89996913019447977477741890226091575623,6.6,6.6,1,1001,8,1155.56,44.98
185271522,GB / Yarmouth 14th Jul,TO BE PLACED,14-07-2021 18:35,36690026,Super Over,0,3.2162417294888304,2.76495817247639251385462886286007971094,2.46666011558481705448382330558923503475,3.25,2.46,1,1001,24,4654.24,133.12
185271532,GB / Yarmouth 14th Jul,TO BE PLACED,14-07-2021 19:35,28569315,Cazeva Princess,1,3.1,3.086378920590085206044750620461796416,1,1,1001,1,1001,0,1091.88,669.46
185271532,GB / Yarmouth 14th Jul,TO BE PLACED,14-07-2021 19:35,19031400,Lincoln Red,0,1.751896049330294,1.7834594196088658220518373865049436316,1.70999695884635960809301200159859315269,1.85,1.7,1,1001,24,7420.56,358.84
185271542,GB / Yarmouth 14th Jul,TO BE PLACED,14-07-2021 20:35,34992077,Coleys Koko,0,1.5,1.47675288519883298645077559069846153495,1,1.78,1.48,1,1001,0,10226.46,262.74
185271548,GB / Wolverhampton 14th Jul,TO BE PLACED,14-07-2021 17:15,13605906,Agent Of Fortune,0,3.55,3.39163255599347703513502693991368453033,5.71155287526511781594390883448338678016,8.2,3.4,3.4,3.4,49.48,3549.24,193.86
185271553,GB / Wolverhampton 14th Jul,TO BE PLACED,14-07-2021 17:45,26781760,Must Be An Angel,0,1.4158190841630498,1.4802063683318667482083593013260588365,1.68076532909663048111322851774916128574,1.45,1.4,2,2,35.14,12309.4,911.32
185271578,GB / Wolverhampton 14th Jul,TO BE PLACED,14-07-2021 20:15,37389228,Cayman Moon,1,2.160571939,2.44531483891907788017915250258440089034,2.60998253168953116858682083299396201551,2.66,2.34,1,1001,8,4537.92,619.04
185271578,GB / Wolverhampton 14th Jul,TO BE PLACED,14-07-2021 20:15,28575499,Fields Of Berries,0,47.984774855,26.8853814827406993750596002271526386914,1,42,30,910,910,0,217.26,.92
185271578,GB / Wolverhampton 14th Jul,TO BE PLACED,14-07-2021 20:15,36413498,Camassia,0,20,17.8721964995261050171301957187866652483,11.4999475002624986875065624671876640617,21,19,1,1001,4,321.28,4.04
185271573,GB / Wolverhampton 14th Jul,TO BE PLACED,14-07-2021 19:45,36826712,Perthshire,0,32.702779588438574,30.129640257236269287325170529789840717,13.9999428002516788926128725033609852117,40,19,28,28,6,279.98,142.8
185271583,GB / Wolverhampton 14th Jul,TO BE PLACED,14-07-2021 20:45,23604253,Aleatoric,1,1.9788892312328974,1.97028055637646874492134446233550292758,1,2.16,1.72,1,1001,0,7787.1,963.74
185271583,GB / Wolverhampton 14th Jul,TO BE PLACED,14-07-2021 20:45,11490104,Bartholomew J,0,5.7,5.64475397316477045392181264155916183,3.6233264954241691003395153139335923249,5.8,5.4,1,1001,47.28,1676.02,64.04
185271583,GB / Wolverhampton 14th Jul,TO BE PLACED,14-07-2021 20:45,26757124,Stormy Night,0,5.104261326118721,4.22338743070617228100961494612456198275,1,5,3.45,5.5,5.5,0,1469.2,311.42
185272371,GB / Uttoxeter 14th Jul,TO BE PLACED,14-07-2021 15:05,969861,Catchmeifyoucan,1,3.35,2.8848099800817217632607823525689181739,2.69587020182394878101735221021566849849,1,1001,1,1001,69.66,1052.4,421.42
185272371,GB / Uttoxeter 14th Jul,TO BE PLACED,14-07-2021 15:05,18286516,All Hail Caesar,0,2.5207290802343776,2.55039627194305465404829676410947434151,2.69653819631096204406868026929833211338,2.62,2.48,1000,1000,190.12,5529.36,259.26
185272376,GB / Uttoxeter 14th Jul,TO BE PLACED,14-07-2021 15:40,18443380,Yccs Portocervo,1,1.43,1.31911006791951336898693237472119706524,1.44094775341641146613538537358370186488,1.45,1.3,1.62,1.62,6.48,13344.02,1516.48
185272386,GB / Uttoxeter 14th Jul,TO BE PLACED,14-07-2021 16:50,318174,Lady P,1,11.513385209440013,6.21198045302437406656902962970301456223,8.99561696507623499391130738416553386515,1,1001,2.8,2.8,10.1,1003.94,473.1
185272386,GB / Uttoxeter 14th Jul,TO BE PLACED,14-07-2021 16:50,12622498,Lambs Lane,0,3.15,2.44624185485426132472204239852869683044,3.09677552916511246461253666100892182976,1,1001,1,1001,301.54,3410.26,70.62
185272356,GB / Uttoxeter 14th Jul,TO BE PLACED,14-07-2021 13:20,36910043,Pasqualita,0,1.51,1.4335979005767767202663964644538309489,1.29327034530045226857991421662784009635,1.51,1.51,930,1.4,109.4,6465.98,612.62
185272391,GB / Uttoxeter 14th Jul,TO BE PLACED,14-07-2021 17:20,11448380,Mileva Roller,0,39.260704856242526,42.9691888876830307354669941259237960232,1,55,40,23,23,0,189.04,43.74
185272391,GB / Uttoxeter 14th Jul,TO BE PLACED,14-07-2021 17:20,26615567,Brickadank,0,4,3.4454785844002663789178519973513501373,4.4324608543662866064213464598533279817,3.7,3.1,1,1001,30,2409.62,84.82
185272366,GB / Uttoxeter 14th Jul,TO BE PLACED,14-07-2021 14:30,9533202,Jonjoela,0,6,5.54041214718275759503250816982906929668,6.08892338503505477853728142455454192007,7,6,1,1001,23.86,2740.46,56.02
185272366,GB / Uttoxeter 14th Jul,TO BE PLACED,14-07-2021 14:30,18100849,Scaramucci,1,2.695970981,2.27843163992795890885835284991126084036,2.73675424968716802097921905812049494302,2.82,2.44,1,1001,386.7,6823.48,845
185271276,GB / Catterick 14th Jul,TO BE PLACED,14-07-2021 17:10,36452425,Capla Lass,0,3.964279430642418,3.75918400357287803733704380010201532822,6.76936029377007138413979686912888456333,4.1,3.2,1,1001,53.34,2350.58,35.6
185271276,GB / Catterick 14th Jul,TO BE PLACED,14-07-2021 17:10,13015230,Murchison River,0,122.27497534342112,45.0967121196520590061326675124124217369,16.9999624000883597923544879669532776598,70,38,760,55,4,58.7,6.9
185271256,GB / Catterick 14th Jul,TO BE PLACED,14-07-2021 14:55,39716276,Homer Stokes,0,1.51372499783031,1.53096510742791891089208532753727204587,1.48102185310664776146673970525151090809,1.66,1.44,1,1001,128.14,27698.6,264.46
185271261,GB / Catterick 14th Jul,TO BE PLACED,14-07-2021 15:30,9438225,Bossipop,0,4.9,4.99625059275227528279317433950875236293,4.30140901216194648416275375409210229442,5.3,5.3,1,1001,14.08,1390.72,14
185271261,GB / Catterick 14th Jul,TO BE PLACED,14-07-2021 15:30,28575736,Ready Freddie Go,0,4.001997748781146,3.82044958207960887373054130777760812387,3.86314203717694242552632603847717271398,4.1,3.9,1,1001,37.96,2353.34,8.02
185271271,GB / Catterick 14th Jul,TO BE PLACED,14-07-2021 16:40,40166608,Ryton,0,6.4,6.1454843000904872379729154612564698018,1,1,1001,1,1001,0,784,6
185271271,GB / Catterick 14th Jul,TO BE PLACED,14-07-2021 16:40,40166609,Rainbow Applause,0,5.7,5.12098493904961967142646194850064965983,1,4.7,4.7,1,1001,0,876.14,82
185271296,GB / Lingfield 14th Jul,TO BE PLACED,14-07-2021 14:45,39641086,Shes The Danger,0,1.52,1.46751802831302374518237388897082372628,1.71831765933901757001397193733071367345,1.6,1.47,1,1001,153.66,16120.1,168.06
185271301,GB / Lingfield 14th Jul,TO BE PLACED,14-07-2021 15:20,36544986,Miss Trixie,1,1.886642389480166,1.89783260758773639957277041129183951579,2.17486909911691237864389598873631880714,1.98,1.79,1,1001,196.88,9980.64,440.2
185271301,GB / Lingfield 14th Jul,TO BE PLACED,14-07-2021 15:20,39352328,Dutch Angel,0,69.42844054264948,26.2742275136600053018749398797187928886,16.8095617556311015103619214046734645018,55,25,20,20,4.1,513.72,92.74
185271306,GB / Lingfield 14th Jul,TO BE PLACED,14-07-2021 15:55,13696796,Captain Jameson,1,1.5930872355912284,1.60212094149720104809111327361411790837,1.70965654400801181390858818209779292175,1.68,1.54,1.56,1.56,18.88,8224.2,883.44
185271306,GB / Lingfield 14th Jul,TO BE PLACED,14-07-2021 15:55,28677687,Flip Mode,0,1.55,1.58183839356152881016070920593969832441,1.4683763626226782195328218315320327824,1.59,1.59,1,1001,42.16,6352.44,741.12
185271291,GB / Lingfield 14th Jul,TO BE PLACED,14-07-2021 14:10,11896781,Clongowes,0,12.5,11.5385278039275333582847807124424528105,5.33993494722425763342801138753293642536,14.5,12.5,1,1001,34.12,895.67,207.24
185271291,GB / Lingfield 14th Jul,TO BE PLACED,14-07-2021 14:10,28677460,Anisoptera,1,2.02,2.25272333723220006982685702830847473046,2.36447761550800137181198159800409949128,1,1001,1.22,1.22,89.66,3859.34,859.06
185271311,GB / Lingfield 14th Jul,TO BE PLACED,14-07-2021 16:30,28642825,Holbache,0,1.39,1.30723561852862389086275832346992076821,1.55498955235697374896654987853503322441,1.51,1.37,1.7,1.7,169.42,18531.6,268.98
185271311,GB / Lingfield 14th Jul,TO BE PLACED,14-07-2021 16:30,28536532,Ascot Jungle,0,13,7.98885825593545649076900340577491973228,8.34729729024678509707854395841319248047,16,13.5,1,1001,15.64,1220.1,10.48
185271286,GB / Lingfield 14th Jul,TO BE PLACED,14-07-2021 13:35,153416,Yesyes,1,1.2737529443099627,1.25120806547072428161589375559334662925,1.34640340542714263605384260955098626868,1.37,1.24,1.33,1.33,579.84,26841.56,1051.02
185271286,GB / Lingfield 14th Jul,TO BE PLACED,14-07-2021 13:35,40166612,Absolutely Divine,0,4.12691561312764,3.01849223341183726452502356128098401315,3.60807841977653089324750884738158622881,3.75,3.65,1,1001,98.76,3113.36,103.22
185271517,GB / Yarmouth 14th Jul,TO BE PLACED,14-07-2021 18:05,16416943,El Picaro,0,1.23,1.22301846647016567481692087200251659366,1.2021859745961549658288542864759043174,1.26,1.18,1,1001,29.72,41887.42,230.68
185271517,GB / Yarmouth 14th Jul,TO BE PLACED,14-07-2021 18:05,39726706,Magna Of Illusion,0,183.49023752288224,129.77308043228460413140667105610384731,1,220,70,1,1001,0,279,9.44
185271507,GB / Yarmouth 14th Jul,TO BE PLACED,14-07-2021 17:00,348143,Missile,0,1.76,1.86489067402678390011123474371817432689,1.86283044189535826468706561688561055435,1.98,1.84,1.54,1.54,33.18,6138.26,726.74
185271512,GB / Yarmouth 14th Jul,TO BE PLACED,14-07-2021 17:30,1282021,Swayze,1,4,3.47415456906523177193267069226047810535,2.95997197240079466863623850178942441123,3.5,3.5,1,1001,4,1487.88,540.36
185271512,GB / Yarmouth 14th Jul,TO BE PLACED,14-07-2021 17:30,40035115,Thatsthefinest,0,58.7155781056732,41.3844546626608572552225677253822219498,1,55,40,910,910,0,206.52,1.16
185271522,GB / Yarmouth 14th Jul,TO BE PLACED,14-07-2021 18:35,36000059,Shamfizz,0,4.207465440580614,4.1660014495302892614621647057940796444,1,1,1001,1,1001,0,1501.22,52.32
185271522,GB / Yarmouth 14th Jul,TO BE PLACED,14-07-2021 18:35,36110943,Dashing Dick,1,1.84,1.97830921488172145798444395178644691766,2.24884481581314912171029335776742787148,2.16,1.84,1,1001,18.3,7698.34,949.34
185271542,GB / Yarmouth 14th Jul,TO BE PLACED,14-07-2021 20:35,8367109,Expert Opinion,1,2.801825700689345,2.74190051336093376534539690593153413923,2.15996967798561055158382701925861937995,2.9,1.69,1,1001,3.42,3280.36,497.46
185271558,GB / Wolverhampton 14th Jul,TO BE PLACED,14-07-2021 18:15,40166648,El Bello,0,3.95,3.9637675785622286820606413858167389447,6.55996652900149541099762579429271835784,4.3,3.75,910,910,10,3215.36,10.92
185271548,GB / Wolverhampton 14th Jul,TO BE PLACED,14-07-2021 17:15,26641052,Hachert,1,1.7058426813094498,1.49626250729981492804072364053801639708,1.74361384441915863832949671892157798589,1.72,1.63,1.49,1.49,52.16,11687.82,1586.56
185271553,GB / Wolverhampton 14th Jul,TO BE PLACED,14-07-2021 17:45,21470722,Musee Dorsay,0,9.4,7.69327657885399820211928880115891004214,7.00891934259047141659867822435703204009,1,1001,1,1001,39.44,766.4,25.52
185271578,GB / Wolverhampton 14th Jul,TO BE PLACED,14-07-2021 20:15,10587456,Ghostly,1,4.6,4.8821127266671683472116687425716751345,3.75571311025050959843879922435901017117,4.7,4.7,1,1001,27.1,1681.92,419.58
185271563,GB / Wolverhampton 14th Jul,TO BE PLACED,14-07-2021 18:45,40166655,Flying One,0,11,10.5794473456342501477707676361609154305,1,13,8.8,1,1001,0,758.56,.16
185271573,GB / Wolverhampton 14th Jul,TO BE PLACED,14-07-2021 19:45,35435789,Ladywood,0,3.15,3.20535158002121083157292192930499926414,2.96333124729388308358255702686649228769,3.25,3.15,2.8,2.8,48,1877.88,352.62
185271583,GB / Wolverhampton 14th Jul,TO BE PLACED,14-07-2021 20:45,17612765,Thawry,0,4.8,4.60751092029889727531037892829669877369,1,4.9,4.1,1,1001,0,2434.8,70.72
185271583,GB / Wolverhampton 14th Jul,TO BE PLACED,14-07-2021 20:45,19701566,Coqueta,1,2.78,2.75580100485458153598047154877103719888,2.91027855074114900640551169361686322248,2.86,2.54,1,1001,28,3840.36,570.84
185271583,GB / Wolverhampton 14th Jul,TO BE PLACED,14-07-2021 20:45,866292,Tigray,0,6.4,5.86586789646431200979972483816521050715,1,6.4,6.4,1,1001,0,614.04,145.96
185272371,GB / Uttoxeter 14th Jul,TO BE PLACED,14-07-2021 15:05,35577252,Terrafirma Lady,1,4.06436404585258,3.8813484198105494552512975574525531541,1,4.1,4.1,1,1001,0,1044.06,398.24
185272376,GB / Uttoxeter 14th Jul,TO BE PLACED,14-07-2021 15:40,8124145,Princeton Royale,0,2.62,2.21907225265610422039742906618506334493,2.61688174863107562121868793123251060907,3.05,2.64,1,1001,66.1,5056.16,145.26
185272376,GB / Uttoxeter 14th Jul,TO BE PLACED,14-07-2021 15:40,10365567,Tanarpino,0,2.14,2.01686922843232742572592621920225082543,3.52776393124868771552173608649010400421,2.78,2.2,1,1001,18,8750.64,368.58
185272376,GB / Uttoxeter 14th Jul,TO BE PLACED,14-07-2021 15:40,15214444,Siannes Star,0,2.18,1.74636268948285125567015280351066868063,1.95450279502008628242139481608188514579,2.02,1.92,1,1001,112.66,7930.5,841.66
185272381,GB / Uttoxeter 14th Jul,TO BE PLACED,14-07-2021 16:15,36972753,Alfoski,0,1.95,1.74152912091244567507570994779959123048,2.3946143041355973857736504519032671735,1.97,1.85,1.92,1.92,63.6,9206.16,753.18
185272386,GB / Uttoxeter 14th Jul,TO BE PLACED,14-07-2021 16:50,23110035,Chat To Charlie,0,4.5,2.98422888402703697434565744730500326361,3.72898588371895610262327082870770256741,4.9,4.6,1,1001,44.52,2746.86,92.3
185272356,GB / Uttoxeter 14th Jul,TO BE PLACED,14-07-2021 13:20,8753815,Rubheira,0,150,128.421829308760498209038040814049521452,25.0599593581767598365543301447125933909,150,130,1000,910,5.92,54.78,1.92
185272361,GB / Uttoxeter 14th Jul,TO BE PLACED,14-07-2021 13:55,341046,Zafar,1,3.55,3.18573028469605251872440869077615085981,2.53160871168506424773046352712278323493,3.5,3.05,3.65,3.65,85.1,3045.14,1064.4
185272361,GB / Uttoxeter 14th Jul,TO BE PLACED,14-07-2021 13:55,19944,Hot To Trot,0,24.001568242344074,21.7788921294937582446085452425058944298,33.3316446023105846632190820259419990318,40,14.5,1,1001,71.76,1067.54,6.92
185272366,GB / Uttoxeter 14th Jul,TO BE PLACED,14-07-2021 14:30,4931870,Thats Me,0,1.83,1.7109761272320576115708256504362388927,2.26918441039544978232759635223022046076,2.14,1.84,930,1.87,68.02,9159.2,932.1
185272366,GB / Uttoxeter 14th Jul,TO BE PLACED,14-07-2021 14:30,20969078,Three Countys,0,9.953270475594909,8.3348763486051498219210609284758609192,14.9109912111456874848050797675897868157,15,7.6,10,7.6,110.36,2987.68,593.1
185272366,GB / Uttoxeter 14th Jul,TO BE PLACED,14-07-2021 14:30,19436210,Lissitzky,0,3.75,2.95749370253355566454692332934613999257,4.23410287020775671863558624116754869929,4.2,3.5,930,3.35,102.92,3206.68,424.78
185271276,GB / Catterick 14th Jul,TO BE PLACED,14-07-2021 17:10,7535707,Les Fremantle,0,127.90134494043888,27.9166957398692613614533946124669927087,9.48640842748997761173296608872966334223,80,9,1,1001,139.8,227.38,.2
185271251,GB / Catterick 14th Jul,TO BE PLACED,14-07-2021 14:20,39113920,Mystic Moonshadow,0,3.217317968,3.15486809103351463955335261416333264897,2.48431535797147667952845996124422618704,3.55,3.55,1,1001,43.64,1850.1,660.98
185271256,GB / Catterick 14th Jul,TO BE PLACED,14-07-2021 14:55,39311137,Mrs Bagerran,0,50.03038,49.220646154130799018972561768308860703,1,63.65,40.04,910,910,0,71.56,10.06
185271266,GB / Catterick 14th Jul,TO BE PLACED,14-07-2021 16:05,18930325,Eldelbar,0,4.5,4.6226797179582478051326520596222580934,4.49997316687238731169727698754309550293,4.4,4.4,1,1001,6,1531.22,257.64
185271271,GB / Catterick 14th Jul,TO BE PLACED,14-07-2021 16:40,40055317,Iyaa,1,7.8,7.46289269629525756350620867749344392643,3.8984464327120663324458090463511557805,8.2,5.5,1,1001,.1,1551.52,344.12
185271271,GB / Catterick 14th Jul,TO BE PLACED,14-07-2021 16:40,40166610,Will He Dance,0,2.1488244014561495,2.28115398106785010928822237388608257645,2.29496191075622929441184215324795195424,2.44,2.12,1,1001,22.88,3231.5,176.12
185271296,GB / Lingfield 14th Jul,TO BE PLACED,14-07-2021 14:45,40166613,Outside World,1,5.110622665573609,3.58688003350757888477333997660127884108,3.04999130662712375890211124606119148836,5.1,4.5,1,1001,20.94,3534.14,722.52
185271301,GB / Lingfield 14th Jul,TO BE PLACED,14-07-2021 15:20,28066,Silver Reflection,0,6.6,7.6031353550187215590960337992940372423,7.47924396448109449493541048717707439523,7.8,6.8,1,1001,13.32,1544.07,93.92
185271301,GB / Lingfield 14th Jul,TO BE PLACED,14-07-2021 15:20,28677682,Rania,0,2.4867829206067835,2.45385059038669444348848981074719347469,2.46687405640596157431737773669599141355,2.5,2.36,1,1001,39.84,5080.32,119.24
185271301,GB / Lingfield 14th Jul,TO BE PLACED,14-07-2021 15:20,30334502,Silver Nemo,1,2.08,2.09082778005938736391015605489916676367,2.0131579864077706710917970923818764597,2.1,2.08,1,1001,40.62,6625.42,515.26
185271301,GB / Lingfield 14th Jul,TO BE PLACED,14-07-2021 15:20,35900675,Youllovemewheniwin,0,3.91742863,3.91657563115103522655719801330010407697,2.80721725237477819158219537118495146361,4.2,3.8,1,1001,36,3553.32,169.7
185271301,GB / Lingfield 14th Jul,TO BE PLACED,14-07-2021 15:20,39389772,Jessie Pye,1,1.9319402814966724,1.95499075636073101840119438931587588441,1.95225939765934727222290701724357349411,2.14,1.78,1,1001,181.72,19816.54,923.28
185271306,GB / Lingfield 14th Jul,TO BE PLACED,14-07-2021 15:55,229747,Golden Age,0,6.2,5.2157602645084162797515683664044542764,4.44821957262239990505339980729467374262,4.7,4.7,910,910,27.04,1327.36,20.92
185271311,GB / Lingfield 14th Jul,TO BE PLACED,14-07-2021 16:30,28743249,Aventurina,0,6.996373268726382,4.31414007324225790728760367071509203503,2.80884044489723850499486117802917302438,7,5,1,1001,18,1957.5,.04
185271311,GB / Lingfield 14th Jul,TO BE PLACED,14-07-2021 16:30,34668595,Rivers Lad,0,6.305226350584999,3.13687507107551952884383696138245040055,3.39997252031464239734455040489786391946,5.8,5,6.4,6.4,4,2508.74,102.72
185271286,GB / Lingfield 14th Jul,TO BE PLACED,14-07-2021 13:35,35387928,Oceans Meet,0,3.3037710837470327,2.81940592985185427205275577774393027949,3.63963012518658638728868429589638347392,3.4,3.4,1,1001,243.42,4887.32,44.2
185271537,GB / Yarmouth 14th Jul,TO BE PLACED,14-07-2021 20:05,12819187,Rockesbury,0,5.068959629,4.78079303425709608614011674819496020399,4.19998362449694506258160462934720193216,5.3,4.3,1,1001,8.52,1572.36,.92
185271517,GB / Yarmouth 14th Jul,TO BE PLACED,14-07-2021 18:05,35537119,Tilsworth Taibo,0,17.562393355202605,18.2865597830059837940365913732682543045,7.4418232170601817510788905140951362974,26,7,1,1001,135.8,1353.36,13.78
185271507,GB / Yarmouth 14th Jul,TO BE PLACED,14-07-2021 17:00,35808417,Jebel Dukhan,1,2.32,2.34483570868182058654398792428626521679,2.72332284978599713518409429675969471186,1,1001,1,1001,12,2400.16,938.3
185271512,GB / Yarmouth 14th Jul,TO BE PLACED,14-07-2021 17:30,39947003,Sassy Rascal,1,1.49,1.63148600786732689982444553359472269772,1.31236954403579378912849710198539430956,1.97,1.45,1.44,1.44,141.7,9648.3,878.72
185271512,GB / Yarmouth 14th Jul,TO BE PLACED,14-07-2021 17:30,39554759,Charming Wally,0,8.4,6.6396328125594126132874814039085347869,8.67458900788590486462811308076289590192,1,1001,1,1001,176,1327.58,11.58
185271532,GB / Yarmouth 14th Jul,TO BE PLACED,14-07-2021 19:35,26900499,Ethel Rose,0,6.2,5.74920205157606131847870629121050460518,1,1,1001,1,1001,0,798.94,4.82
185271532,GB / Yarmouth 14th Jul,TO BE PLACED,14-07-2021 19:35,30152374,Love Baileys,1,1.88,1.95519797113457865632150632895695976273,1.33997972120957020563596971333592219852,2.18,1.88,2.08,2.08,1.7,8172.14,1292.72
185271558,GB / Wolverhampton 14th Jul,TO BE PLACED,14-07-2021 18:15,39933317,Power Of Beauty,1,1.119999990463257,1.14316053246671811415912208620120782994,1.21972429006892694224110559857491095626,1.17,1.12,1,1001,3.7,21473.08,480.56
185271548,GB / Wolverhampton 14th Jul,TO BE PLACED,14-07-2021 17:15,7615282,Exchequer,0,2.8983621224925447,2.46964769753352728963589224772835650123,3.34750754348814353994818982527578885839,3.65,3.05,1,1001,21.72,3788.94,96.44
185271548,GB / Wolverhampton 14th Jul,TO BE PLACED,14-07-2021 17:15,11271117,Sfumato,0,3.366101737,2.67388763884995402668967375174618229642,3.00121114132592788464287394756298855326,3.55,3.35,1,1001,179.72,4734.56,321.76
185271548,GB / Wolverhampton 14th Jul,TO BE PLACED,14-07-2021 17:15,35323716,Inexplicable,0,3.5119830668479506,2.68030076372002479603111187801493402111,4.07917891854684006712452219546572536925,4,3.4,1,1001,29.4,2862.5,78.44
185271548,GB / Wolverhampton 14th Jul,TO BE PLACED,14-07-2021 17:15,28652766,Heart Of A Hunter,0,20,12.4414928337425868069258754231891436518,3.72424012462954821788771015705068069128,17,14.5,1,1001,8,832.48,4.18
185271548,GB / Wolverhampton 14th Jul,TO BE PLACED,14-07-2021 17:15,31597917,Send In The Clouds,1,3.1,2.4255263038879236790391715787036106759,3.01107187518606379300920883596969201985,3.05,2.88,1,1001,27.86,3999.7,368.68
185271553,GB / Wolverhampton 14th Jul,TO BE PLACED,14-07-2021 17:45,9086185,Deftera Lad,0,8.2,10.8833053402622012445596271733324211598,4.69995419759301864404429491634917679272,15.5,7.6,1,1001,5.38,1416.28,161.36
185271563,GB / Wolverhampton 14th Jul,TO BE PLACED,14-07-2021 18:45,765620,Fighting Chance,0,130,81.2935788530422901791907319001626391766,16.9999400002249991562531640506348101195,150,46,1,1001,4,130.72,.02
185271563,GB / Wolverhampton 14th Jul,TO BE PLACED,14-07-2021 18:45,40166653,Perceivable,0,8.4,6.54823983857607824905830952968105432665,1,9.8,5.6,1,1001,0,2622.72,10.34
185271563,GB / Wolverhampton 14th Jul,TO BE PLACED,14-07-2021 18:45,40166654,Caramello,0,8.4,8.55230384468683173999872068834730996828,1,8.2,7.8,1,1001,0,2724.34,.16
185271568,GB / Wolverhampton 14th Jul,TO BE PLACED,14-07-2021 19:15,28652802,Fernando Rah,1,1.211158591172934,1.19630201693755983420296465613586022057,1.19999928000259199066883359219906808335,1.29,1.22,1,1001,30,23903.36,578.74
185271573,GB / Wolverhampton 14th Jul,TO BE PLACED,14-07-2021 19:45,38612559,Maketh Believeth,1,3.3,3.91092522891158526100459351274352672921,3.84997420735743737200478634190724870221,3.7,3.6,1,1001,7.58,1838.88,447.92
185271573,GB / Wolverhampton 14th Jul,TO BE PLACED,14-07-2021 19:45,5778281,Punta Arenas,0,2.0604792967405956,2.1807754242539169189344176391013884218,2.39419450707499592862382361099763326888,2.04,2.04,2.06,1.7,17.72,2565.08,1167.64
185271583,GB / Wolverhampton 14th Jul,TO BE PLACED,14-07-2021 20:45,22387074,Pour Joie,0,9,9.11799267394053684645091500547752489325,1,10.5,8.4,1,1001,0,1191.56,117.84
185271583,GB / Wolverhampton 14th Jul,TO BE PLACED,14-07-2021 20:45,10436766,Mister Parma,0,17.5,20.3238914514935247343945739724949811091,1,25,20,930,910,0,493.34,6.78
185271583,GB / Wolverhampton 14th Jul,TO BE PLACED,14-07-2021 20:45,19936762,Juriste,0,17.866048005800696,16.9371233064493255038039134005782489543,1,17.5,13.5,1,1001,0,672.76,3.64
185272371,GB / Uttoxeter 14th Jul,TO BE PLACED,14-07-2021 15:05,125359,Dawn Raider,0,3.52665952924879,3.81361223102725673478057506864535403063,4.47782026940252170159782833075364657829,4.2,3.75,1,1001,122.56,4370.08,312.12
185272371,GB / Uttoxeter 14th Jul,TO BE PLACED,14-07-2021 15:05,9370967,Wicked Willy,1,5.240900962,4.7576845388663097786166709787876187619,3.60083281664605386292604880086781587976,4.6,4.6,1,1001,55.04,1721.04,317.2
185272376,GB / Uttoxeter 14th Jul,TO BE PLACED,14-07-2021 15:40,17574771,Dr Sanderson,0,6.182540660407394,4.27128277636680485738692684419591125427,3.90435454159295212566167479307083639752,6.8,6,30,30,4.1,2095.68,112.18
185272361,GB / Uttoxeter 14th Jul,TO BE PLACED,14-07-2021 13:55,38251360,Saturday Song,0,4.5,4.05089421998562482715941911333665140117,3.06957996413144727569755817469077074818,4.5,3.6,1,1001,22.72,2534.72,108.38
185272391,GB / Uttoxeter 14th Jul,TO BE PLACED,14-07-2021 17:20,12362969,Naasik,0,63.08368582,39.9633194724696368417409048732597601115,1,80,18.5,60,30,0,289.42,114.72
185272391,GB / Uttoxeter 14th Jul,TO BE PLACED,14-07-2021 17:20,24270706,Pillar Of Steel,1,2.7124484792900327,2.86485081439781351760892654615023600905,3.14993829677088267566720835112032284673,2.82,2.64,1,1001,4,4890.04,819.12
185272366,GB / Uttoxeter 14th Jul,TO BE PLACED,14-07-2021 14:30,23187980,Pakies Dream,0,3.1,2.7884599750658905575223515148930453579,3.02250721701951148995316740165794084795,3.2,3,930,910,228,5915.28,154.78
185272366,GB / Uttoxeter 14th Jul,TO BE PLACED,14-07-2021 14:30,31103740,Le Pogues Storm,0,2.7,2.04525424301305329592861057652227621257,2.60880172153946982100447344100524631097,2.7,2.7,1,1001,288.98,4124.58,238.9
185272366,GB / Uttoxeter 14th Jul,TO BE PLACED,14-07-2021 14:30,5190746,Capricia,1,2.02,1.79340434718054960307643401324666369284,2.9506504513316036653955600641919946091,2.08,1.9,1,1001,150.68,8799.76,1194.58
185271276,GB / Catterick 14th Jul,TO BE PLACED,14-07-2021 17:10,10226977,Bigbadboy,0,6,5.37937213319339447033313085228078080429,2.90121150780524436413809746543038522852,5.9,5.7,6,6,64,1094.96,51.32
185271276,GB / Catterick 14th Jul,TO BE PLACED,14-07-2021 17:10,29109817,Make A Spark,0,6.2998777883371195,5.88688987409789735655248811083073281616,5.19865642994241842610364683301343570058,6,6,1,1001,.1,849.14,24.46
185271276,GB / Catterick 14th Jul,TO BE PLACED,14-07-2021 17:10,11082749,Edgar Allan Poe,1,5.7,5.36503909551073882801674373343464570773,5.36634943182335247336937662529056777519,1,1001,1,1001,38.46,1262.74,237.96
185271251,GB / Catterick 14th Jul,TO BE PLACED,14-07-2021 14:20,40166601,Ayling,1,3.9,3.93265657069818791168606644187820470178,1,3.8,3.8,1,1001,0,1262.28,229.74
185271256,GB / Catterick 14th Jul,TO BE PLACED,14-07-2021 14:55,26658430,Yukon Mission,1,1.47167188242433,1.53265866615954769309850125097422876328,1.70194392311239562582323060298880597354,1.78,1.46,1,1001,758.22,13308.74,1118.36
185271256,GB / Catterick 14th Jul,TO BE PLACED,14-07-2021 14:55,39835477,Meccas Diamond,0,24.86196054147301136615,22.2240360325748445650097513306318188602,1,26.42,16.89,910,50,0,296.06,76.68
185271266,GB / Catterick 14th Jul,TO BE PLACED,14-07-2021 16:05,11238580,Parys Mountain,0,3.2,3.46625144939019949065783820879833648503,3.0542591857676305095053916500361716918,3.85,3.15,1,1001,243.68,3560.58,600.32
185271261,GB / Catterick 14th Jul,TO BE PLACED,14-07-2021 15:30,18227447,Look Out Louis,1,1.78,1.73479727131447405830250952717955910987,1.66655218715388483275375197907495270408,1.89,1.64,1.5,1.5,253,13871.56,724.8
185271271,GB / Catterick 14th Jul,TO BE PLACED,14-07-2021 16:40,40017200,Cover Name,1,1.264416624309206,1.27746146427951057213879143234707488067,1.22171270352762684157283119596695708004,1.31,1.22,1,1001,140,15987.82,610.02
185271271,GB / Catterick 14th Jul,TO BE PLACED,14-07-2021 16:40,10159997,Entwistle,1,1.24,1.30179232782900590163303948643635532214,1.71228689998641156825156191003735107196,1.35,1.24,1,1001,52,16693.46,967.9
185271281,GB / Lingfield 14th Jul,TO BE PLACED,14-07-2021 13:00,22109326,My Lady Claire,0,9.69991396863712,9.34466731139045700845428735766352330394,8.49029301516229448787560771063459432777,11,7.8,1,1001,77.96,1503.36,8.78
185271281,GB / Lingfield 14th Jul,TO BE PLACED,14-07-2021 13:00,27914031,Productive,0,4.5,4.04121598610634469556578681094940484313,3.02063100095319581478780582699935532052,4.1,4.1,1,1001,53.12,1527.12,33.5
185271281,GB / Lingfield 14th Jul,TO BE PLACED,14-07-2021 13:00,28633350,Angels Roc,1,2.5,2.98397067728532574176916059265800945767,3.6057965190554305224114584027951264569,3.75,3.75,1,1001,400.04,2266.68,576.34
185271281,GB / Lingfield 14th Jul,TO BE PLACED,14-07-2021 13:00,24648609,Calidus Mirabilis,0,18.53575874925592,13.2199690630815193135267901228115666482,8.39795353561057890141567797860240127714,20,11,1,1001,35.32,859.88,22.38
185271296,GB / Lingfield 14th Jul,TO BE PLACED,14-07-2021 14:45,39835427,Meydan Rose,0,1.96,1.66420723109988082407111983780912330346,1.8084013244908877023529218541082973166,1.95,1.71,1,1001,122.54,13150.82,100.88
185271301,GB / Lingfield 14th Jul,TO BE PLACED,14-07-2021 15:20,28583491,Greycious Girl,0,1.92,1.91273665695383937400701406050207992123,2.08229640068336557250640699550322628643,1.96,1.84,1,1001,39.48,9540.14,117.28
185271306,GB / Lingfield 14th Jul,TO BE PLACED,14-07-2021 15:55,10340734,True Belief,0,3.35,3.10164178248605499862969115696796145264,3.29444069381306011911474483466915588337,3.15,3.15,910,910,70,2212.18,36.3
185271306,GB / Lingfield 14th Jul,TO BE PLACED,14-07-2021 15:55,28770589,Rubee Forty,0,13.5,13.4219265475307000898687110812438429143,1,16,10.5,1,1001,0,900.44,197.48
185271311,GB / Lingfield 14th Jul,TO BE PLACED,14-07-2021 16:30,24506717,Hyba,1,6.7975424442806975,3.83854425208969113344339420967068410867,4.03146434698516797171299941441297032624,6.8,6.4,1,1001,27.88,2589.78,339.28
185271311,GB / Lingfield 14th Jul,TO BE PLACED,14-07-2021 16:30,12988873,Katherine Place,0,3.35,2.47609963729561153679985280892414474486,2.99997350035112034765539356603525003294,3.5,3.5,1,1001,4,3256.48,242.42
185271537,GB / Yarmouth 14th Jul,TO BE PLACED,14-07-2021 20:05,18154308,Knockabout Queen,1,1.93,2.00735689576520018059907300207296390413,2.25703124153211963697060297530058412603,2.08,2,1,1001,65.8,6555.4,715.98
185271537,GB / Yarmouth 14th Jul,TO BE PLACED,14-07-2021 20:05,28583478,Portelet Bay,1,2.08,2.01659356162004839974577933031564367974,1.66165709704643403590470383758490472499,2.1,1.88,1,1001,45.7,6881.64,545.26
185271517,GB / Yarmouth 14th Jul,TO BE PLACED,14-07-2021 18:05,40166689,Jonathans Princess,0,65.1630271493843,68.0765782588373342695490969132090584912,1,120,50,1,1001,0,695.68,17.38
185271507,GB / Yarmouth 14th Jul,TO BE PLACED,14-07-2021 17:00,36600789,Moraweth,0,6.021187102226532,5.71425652143090308678135443587801466278,3.54999114213603258009735334603574534952,5.8,5.8,1,1001,9.5,879.08,39.72
185271527,GB / Yarmouth 14th Jul,TO BE PLACED,14-07-2021 19:05,36468488,Emperor Spirit,1,1.417230161710432,1.4691243729024280278679619828476086236,1.73355966334449510771592216872230419367,1.57,1.42,1,1001,13.96,17375.36,483.46
185271527,GB / Yarmouth 14th Jul,TO BE PLACED,14-07-2021 19:05,37033456,Alphonse Karr,0,4.438494662710511,4.23578369704242140313367162582139342409,3.59995112091892672417758546139332580547,4.7,3.55,1,1001,4,2180.98,118.66
185271532,GB / Yarmouth 14th Jul,TO BE PLACED,14-07-2021 19:35,11076920,At Your Service,0,2.22,2.40807095512389247633522704653220061899,1,3.2,2.14,910,910,0,8838.66,62.74
185271542,GB / Yarmouth 14th Jul,TO BE PLACED,14-07-2021 20:35,28569301,Mehmo,0,2,1.90498049306151372599822893524962648274,1,2.3,2.3,910,910,0,2824.52,57.48
185271558,GB / Wolverhampton 14th Jul,TO BE PLACED,14-07-2021 18:15,40166650,Malakye,0,1.8625042068116202,1.9929934941932792542342904462541288486,1,1.99,1.9,1,1001,0,6016.34,33.86
185271558,GB / Wolverhampton 14th Jul,TO BE PLACED,14-07-2021 18:15,40166649,Heerathetrack,0,59.033631225116544,40.7393130267669749380582377454751379478,1,55,38,1,1001,0,135.88,0
185271548,GB / Wolverhampton 14th Jul,TO BE PLACED,14-07-2021 17:15,24905195,Outtake,0,4.168257951,3.31323649965236409750078527695954779822,26.9993522195294456222870379331226832145,4.8,3.7,910,910,2.36,4228.68,24.6
185271553,GB / Wolverhampton 14th Jul,TO BE PLACED,14-07-2021 17:45,9438226,Dodgy Bob,0,46.394211367592206,28.5344240337641687484832795435981639862,27.4345591266469880587269622265430172195,40,21,760,760,11.78,424.32,1.12
185271553,GB / Wolverhampton 14th Jul,TO BE PLACED,14-07-2021 17:45,12988791,Puchita,1,1.87,1.96912646334530090111122939152184338633,2.05647586550193074710788795226767112296,2.12,1.88,1,1001,213.54,12231.78,1019.62
185271553,GB / Wolverhampton 14th Jul,TO BE PLACED,14-07-2021 17:45,24989003,Trevie Fountain,0,4.6,4.04330027746269337007921981668387960005,1,4.3,3.35,760,760,0,3555.28,5.12
185271553,GB / Wolverhampton 14th Jul,TO BE PLACED,14-07-2021 17:45,21809896,My Town Chicago,1,5.510234215,5.41047311564838601166299079750403432723,3.80926194973230914777435274291388131222,5.8,3.9,1,1001,77.5,2597.04,534.14
185271578,GB / Wolverhampton 14th Jul,TO BE PLACED,14-07-2021 20:15,36078363,Almadrina,1,1.467738612,1.40396971570861690090502198674067860557,1.45617316333280113130944506534680564742,1.47,1.36,1,1001,2.42,15633.28,1198.54
185271578,GB / Wolverhampton 14th Jul,TO BE PLACED,14-07-2021 20:15,4988175,Fury,0,4.679702676656553,3.88108702645184103713716326607656799879,2.36476264246157681426377799132874286316,4.5,4,1,1001,16.7,1636,30.88
185272371,GB / Uttoxeter 14th Jul,TO BE PLACED,14-07-2021 15:05,7437567,Always Resolute,0,2.241856351,2.34918228475406352382614682780565113606,2.90187998455332142011492386240324949921,2.22,2.22,1,1001,19.52,2623.82,353.02
185272371,GB / Uttoxeter 14th Jul,TO BE PLACED,14-07-2021 15:05,12230398,Faint Hope,0,2.32,2.31402965979015575372750837140768679568,2.28879862528146636643587580173247815202,2.4,2.22,930,910,78,6537.14,313.46
185272371,GB / Uttoxeter 14th Jul,TO BE PLACED,14-07-2021 15:05,17801248,Jens Boy,0,2.9777143274456646,3.03852810479626859955251402448783292201,2.33751873054721998121393066968928639421,3.35,3,1,1001,8.42,2713.12,312.28
185272381,GB / Uttoxeter 14th Jul,TO BE PLACED,14-07-2021 16:15,232465,Danger Money,1,4.3,2.91567733344072771417270212241607368609,3.14972183864391376472968204116526073508,4.7,3.55,4.3,4.3,4,2252.88,837.4
185272356,GB / Uttoxeter 14th Jul,TO BE PLACED,14-07-2021 13:20,27284911,Ms Intrigue,0,130,103.84631796826093011535515477164678349,72.6308302226850860075377579231548402828,150,55,1,1001,22.16,59.9,31.18
185272356,GB / Uttoxeter 14th Jul,TO BE PLACED,14-07-2021 13:20,36972668,Solway Mouse,0,74.6546193202282,56.5530395924722180204361591864402207938,17.6303899528618661984476389672340883255,110,65,1,1001,4.6,104.4,0
185272361,GB / Uttoxeter 14th Jul,TO BE PLACED,14-07-2021 13:55,3131925,Kings Counsel,0,4.974815383408323,4.61963975252153988288515829284798421436,4.08093352871277855717092644588269038277,5.1,5,1,1001,4.1,1624.18,37.88
185272361,GB / Uttoxeter 14th Jul,TO BE PLACED,14-07-2021 13:55,36600746,Liquidiser,0,78.64570476412774,76.0984511669901987702033622719285992211,1,110,46,120,120,0,119.58,4.04
185272391,GB / Uttoxeter 14th Jul,TO BE PLACED,14-07-2021 17:20,18241598,Decoration Of War,1,5.230984761589196,4.32992662072930622102396120238445470525,4.12143927277550289607311609152161053461,5.1,5.1,5.7,5.7,115.76,1707.92,625.26
185271251,GB / Catterick 14th Jul,TO BE PLACED,14-07-2021 14:20,39223379,Wee Loch Lass,0,1.3300421093679664,1.38996741042175310389764445451361242632,1.47169496444975800539623223398049354786,1.45,1.31,1,1001,620.64,10041.24,136.62
185271251,GB / Catterick 14th Jul,TO BE PLACED,14-07-2021 14:20,40166600,Taj Alriyadh,1,1.81938474,1.57955534075493489131804477553338484794,1.73556500420086127155266188292039069242,1.82,1.56,1,1001,188.7,14353.18,483.08
185271251,GB / Catterick 14th Jul,TO BE PLACED,14-07-2021 14:20,40166603,South Of Winter,0,21.91798369143516,19.6359437391937022171314373909452869893,1,24,16.5,910,910,0,145.2,.92
185271251,GB / Catterick 14th Jul,TO BE PLACED,14-07-2021 14:20,40166602,Act Of Passion,0,3.05,3.24804522504592241014303348367406424595,2.94197915686865837309942897991982773634,3,3,1,1001,241.08,1104.06,44.64
185271256,GB / Catterick 14th Jul,TO BE PLACED,14-07-2021 14:55,36452424,Blazing Son,0,4.359489,4.36214314322807809247213854247752852793,4.23700991699077932772363077542531865517,4.36,4.09,910,4.4,29.02,1459.54,110.92
185271266,GB / Catterick 14th Jul,TO BE PLACED,14-07-2021 16:05,8902727,Magical Effect,0,4.9,4.63149604025856106563929872163210364972,4.54985431286622440186997422997246456906,4.3,4.3,910,910,7.98,1854,80.92
185271271,GB / Catterick 14th Jul,TO BE PLACED,14-07-2021 16:40,39660531,Mehraki Star,0,4.4,4.11307248222382235920958623686449418589,4.81866300931264244891476389383396348835,4.5,4.3,1,1001,131.8,2224.34,133.34
185271301,GB / Lingfield 14th Jul,TO BE PLACED,14-07-2021 15:20,28575454,Bungledupinblue,0,7.245264232361213,7.24807850223352474885105845419797628566,4.14753763292758284041109694416889805565,8,7,1,1001,20.4,1593.08,368.06
185271291,GB / Lingfield 14th Jul,TO BE PLACED,14-07-2021 14:10,23815699,Van Meegeren,0,1.7741580264845833,1.86828478018154341032822308215186038714,1.81771254586247035522885481142411094769,2.04,1.7,50,1.64,733.18,12572.92,610.76
185271291,GB / Lingfield 14th Jul,TO BE PLACED,14-07-2021 14:10,24608298,Vorashann,0,3.6682427423815924,3.79142238372549128352555099914528503006,4.01081462743626247623217003972413039283,3.8,3.6,930,930,49.14,2274.44,90.92
185271311,GB / Lingfield 14th Jul,TO BE PLACED,14-07-2021 16:30,19186417,Starchant,1,4.237241080570312,2.89879143298688431961945626327537978808,5.5997739652793565188421033536950180862,6,3.65,1,1001,10,3369.38,339.82
185271311,GB / Lingfield 14th Jul,TO BE PLACED,14-07-2021 16:30,20018144,Fairy Fast,0,5.849442050224426,2.92286519877601402632595398631519424637,4.49998720694331255202998223523734706349,5.9,5.9,1,1001,8.7,1769.5,13.72
185271286,GB / Lingfield 14th Jul,TO BE PLACED,14-07-2021 13:35,39511380,Far Too Beautiful,0,32,12.297392966189665161715625998792424498,5.98466316569928084076119749582943139821,30,29,910,910,73.04,758.76,4.32
185271537,GB / Yarmouth 14th Jul,TO BE PLACED,14-07-2021 20:05,35505060,Admirable Lad,0,2.06,2.0648169059327798265093953308360887127,1.88997597064879248260296971981756492575,2.26,1.94,1,1001,4,8032.74,496.58
185271537,GB / Yarmouth 14th Jul,TO BE PLACED,14-07-2021 20:05,38983375,Miss Prancealot,0,4.795314927590665,4.82394586041170828786083252293296522149,1,4.1,4.1,1,1001,0,1348.28,31.52
185271507,GB / Yarmouth 14th Jul,TO BE PLACED,14-07-2021 17:00,39522942,Liberty Warrior,0,4.4,4.10621189233429318857607151344440005204,3.49996852980791888855046177653998943778,4.5,3.85,1,1001,3.4,2267.38,12.52
185271522,GB / Yarmouth 14th Jul,TO BE PLACED,14-07-2021 18:35,24959426,Old News,1,5.4,5.94409650212543818217579294818850912505,1,6.4,6.4,1,1001,0,1026,455.42
185271527,GB / Yarmouth 14th Jul,TO BE PLACED,14-07-2021 19:05,35414370,Noorban,0,2.5014421671462053,2.51743569106681167125110948286794183432,1.95501707246432984597116872620566953895,2.74,2.36,1,1001,63.52,6627.2,73.46
185271542,GB / Yarmouth 14th Jul,TO BE PLACED,14-07-2021 20:35,10227602,Moonshiner,1,1.25,1.25060532346804433552334427001617075413,1.44099338242591567389259821608844076929,1.32,1.2,1,1001,45.86,10399.96,775.96
185271558,GB / Wolverhampton 14th Jul,TO BE PLACED,14-07-2021 18:15,40017203,Mystical Music,1,2.3257458624917495,2.28659706792024262685352533313921826335,1.94532360574654849732167912535084345211,2.3,2.04,1,1001,30.9,5740.32,812.6
185271558,GB / Wolverhampton 14th Jul,TO BE PLACED,14-07-2021 18:15,3093017,Green Beret,0,19.025842889156184,15.9850793654880862939440798156899041538,1,19.5,14.5,910,910,0,420.98,5.88
185271548,GB / Wolverhampton 14th Jul,TO BE PLACED,14-07-2021 17:15,11194756,Peachey Carnehan,0,3.059213719773706,2.206827729305043482875030536132667842,2.40611858452077141390598939517115183609,3.15,2.5,1,1001,36.4,4665.26,221.8
185271553,GB / Wolverhampton 14th Jul,TO BE PLACED,14-07-2021 17:45,36245531,Duke Of Prussia,1,3.733105241,3.54006602145415956767506927409747555014,1,3.85,3.35,2.86,2.86,0,2946.64,950.82
185271578,GB / Wolverhampton 14th Jul,TO BE PLACED,14-07-2021 20:15,35536843,The Fast Lion,0,8,7.11102548527866499249168742665183064481,1,8.2,7.2,1,1001,0,1064.58,21.54
185271563,GB / Wolverhampton 14th Jul,TO BE PLACED,14-07-2021 18:45,40017206,Ribble Bridge,0,33.69679018162191,24.5471479517153358825108693332758412818,14.0789373010811564046361885366180343138,30,28,1,1001,30.4,181.08,73.66
185271568,GB / Wolverhampton 14th Jul,TO BE PLACED,14-07-2021 19:15,39511384,Fabricated,1,1.59,1.57019783463625013034872932135465389776,1.53364635703335213114210928761767532819,1.72,1.53,1,1001,498.06,26678.53,1203.62
185271573,GB / Wolverhampton 14th Jul,TO BE PLACED,14-07-2021 19:45,237715,Countessa,0,2.5061147116459317,2.26504876419026828586608046753502219583,2.02247898352401910666880849865961496451,2.26,2.1,1,1001,170.36,4344.08,134.82
185271573,GB / Wolverhampton 14th Jul,TO BE PLACED,14-07-2021 19:45,444664,Red Glory,0,5.108674755392605,5.48726024475000185964180568209278600248,5.09998114447174200161432412663770637205,1,1001,1,1001,7.48,658.46,331.24
185271583,GB / Wolverhampton 14th Jul,TO BE PLACED,14-07-2021 20:45,13180675,Bird For Life,1,1.76,1.78970703212217762922361176339974271066,2.32834029022441723288090489973688020829,1.83,1.78,2.06,2.06,45.16,7756.94,693.34
185272376,GB / Uttoxeter 14th Jul,TO BE PLACED,14-07-2021 15:40,4442482,Nevilles Cross,1,2.08,1.76706275641717794422340714175705229481,2.30893174176243801921870054394517517599,2.04,1.77,1.24,1.24,12.88,8253.58,1238.8
185272356,GB / Uttoxeter 14th Jul,TO BE PLACED,14-07-2021 13:20,35577251,All Clenched Up,1,1.39,1.41399634229800392000721012381550144313,1.40555663430997584516722441700212101997,1.44,1.39,1,1001,397.86,7939.88,1012.78
185272361,GB / Uttoxeter 14th Jul,TO BE PLACED,14-07-2021 13:55,11799686,Percys Word,1,1.28,1.36647915315590362132995649747027374102,1.44945115230255101011864910150625031307,1.35,1.29,1,1001,44.18,7358.38,1316.04
185272391,GB / Uttoxeter 14th Jul,TO BE PLACED,14-07-2021 17:20,5662976,Tingo In The Tale,0,12.936962440237403,15.0037637743384103351455179803901924779,12.4998999508704274272813826519709278529,16,12.5,1,1001,4,642.54,2.64
185272391,GB / Uttoxeter 14th Jul,TO BE PLACED,14-07-2021 17:20,23706808,Fort De Locean,0,2.52,2.67311572784882145333632780466130336025,2.59999743200412163338477841743064002382,2.86,2.54,1,1001,40,3576.6,41.54
185271276,GB / Catterick 14th Jul,TO BE PLACED,14-07-2021 17:10,12919644,Winfola,1,4.9,5.03817980687987584214400456891453341508,6.99990460151683588230947127940665743415,5.4,4.9,1,1001,4,1884.12,892.48
185271276,GB / Catterick 14th Jul,TO BE PLACED,14-07-2021 17:10,36836876,One More Su,0,3.3215520434749477,3.31612032733627545354346766325630167756,2.6097819715129053930844189960075100525,3.55,3.55,1,1001,38.88,1767.9,239.28
185271276,GB / Catterick 14th Jul,TO BE PLACED,14-07-2021 17:10,8463539,Framley Garth,0,6.142898431672556,5.50650152080136351371713276178697538875,6.73532898652502053435915274758436323635,6,5.3,1,1001,24.28,1189.82,12.76
185271276,GB / Catterick 14th Jul,TO BE PLACED,14-07-2021 17:10,18824924,Point Of Honour,0,6.6,6.43679312243824350188234538605763426,1,1,1001,1,1001,0,418.82,44.94
185271276,GB / Catterick 14th Jul,TO BE PLACED,14-07-2021 17:10,11437404,Never Surrender,0,9.2,10.237669223059949465260372891590217668,8.96166826728784035362759760419571322278,10,9.2,1,1001,26.2,955.3,57.72
185271261,GB / Catterick 14th Jul,TO BE PLACED,14-07-2021 15:30,18873851,Jill Rose,1,2.52,2.46825619722647844018562236888091212452,2.94782884335725872627232877078437663573,2.52,2.42,1,1001,152.9,4593.76,313.48
185271261,GB / Catterick 14th Jul,TO BE PLACED,14-07-2021 15:30,25253491,Intrinsic Bond,1,2.18,2.42488932574575298542577246285989803766,2.64800637739671716598425798355553905754,2.62,2.26,1,1001,94.88,5574.5,576.76
185271261,GB / Catterick 14th Jul,TO BE PLACED,14-07-2021 15:30,25954456,Seas Of Elzaam,0,2.12,2.28342125438417145048977597920179809789,2.1444816624724537829736119893524878935,2.6,2.18,1,1001,417.32,6568.42,125.76
185271261,GB / Catterick 14th Jul,TO BE PLACED,14-07-2021 15:30,35765711,Cottam Lane,0,2.4747455762982007,2.0902704789143705292510261394548195574,1.71218757254741354876900123907678183224,2.36,1.87,1,1001,288.5,8407.38,228.02
185271271,GB / Catterick 14th Jul,TO BE PLACED,14-07-2021 16:40,15945828,Maylah,0,30.730108716,25.7583231396058917012454280553018284554,1,34,22,1,1001,0,336.12,47.94
185271281,GB / Lingfield 14th Jul,TO BE PLACED,14-07-2021 13:00,36600791,Roby Mill,1,6.4,6.27491876632131853824295656341336606009,4.93608402752043757563252568888626291352,6.6,6.6,1,1001,115.78,1097.84,605.94
185271281,GB / Lingfield 14th Jul,TO BE PLACED,14-07-2021 13:00,37128354,Sognatore,0,2.3,2.30060397946922220780822142816601288379,2.22407680460735625846442727858675269419,2.38,2.22,1,1001,227.12,3259.3,560.64
185271281,GB / Lingfield 14th Jul,TO BE PLACED,14-07-2021 13:00,11934897,Sea Tide,0,22.994880545736333,24.7647742306511126600494109868700311085,11.133908649739223650710923457142222316,34,20,1,1001,20.46,368.08,36.66
185271306,GB / Lingfield 14th Jul,TO BE PLACED,14-07-2021 15:55,25149257,Jack Ryan,0,1.97,2.13245098714736858099756409497575644649,2.85661981095237689685493457322652500014,2.32,1.97,2.88,2.88,12,6888.16,313.08
185271286,GB / Lingfield 14th Jul,TO BE PLACED,14-07-2021 13:35,39597132,Fantasising,1,2.2247262024980223,2.04617062786311217186128228804262389895,2.26272364508148788081870093387105071098,2.36,2.18,1.98,1.88,373.12,9665.82,1892.1
185271286,GB / Lingfield 14th Jul,TO BE PLACED,14-07-2021 13:35,39823333,For Love Of Louise,0,9.4,6.61832276981612178534066188125850232168,12.7635421099855830954279468450439404993,9.6,9.6,910,910,10.38,824.76,32.78
185271286,GB / Lingfield 14th Jul,TO BE PLACED,14-07-2021 13:35,40027967,Summertime Romance,0,15,9.65506434475685746464919777036375202438,1,15.5,13.5,16.5,16.5,0,1272.98,59.98
185271537,GB / Yarmouth 14th Jul,TO BE PLACED,14-07-2021 20:05,23886830,Kelinda Dice,0,4.4,4.48410102533545297047274421504356798188,6.65226016043508888880286786838485053021,1,1001,1,1001,11.78,2013.42,.22
185271537,GB / Yarmouth 14th Jul,TO BE PLACED,14-07-2021 20:05,37509849,Lasting Beauty,0,6.168036206449909,6.14903486802590745164995672187332257633,1,6.4,6.4,1,1001,0,1188.94,29.96
185271537,GB / Yarmouth 14th Jul,TO BE PLACED,14-07-2021 20:05,18637504,Tilsworth Rose,0,14.5,11.8837392640888082489137536803707748026,7.59994522045467022623712223188547535055,14.5,13.5,910,910,4,528.34,11.56
185271517,GB / Yarmouth 14th Jul,TO BE PLACED,14-07-2021 18:05,40166688,Imagine Freedom,1,4.1208712182069736,4.19607863562639291485132965225824512405,1,4.3,4.1,1,1001,0,4318.54,962.98
185271507,GB / Yarmouth 14th Jul,TO BE PLACED,14-07-2021 17:00,35839678,Reams Of Love,0,3.35,3.28357052259578898296212553510393156465,3.22856826082082926182126355406109101316,1,1001,1,1001,28,1048.62,33.42
185271512,GB / Yarmouth 14th Jul,TO BE PLACED,14-07-2021 17:30,40035114,Ideal Guest,0,5.7,5.80588117317006452635197898109786088299,1,6.8,4.8,910,910,0,2751.76,14.52
185271522,GB / Yarmouth 14th Jul,TO BE PLACED,14-07-2021 18:35,35526803,Noble Patron,0,2.72,2.60523375103900129541544084969208173636,2.69067854764720172663405429899924004292,2.74,2.4,1,1001,48.64,4460.68,165.02
185271532,GB / Yarmouth 14th Jul,TO BE PLACED,14-07-2021 19:35,24232224,Sparkling Diamond,0,11.5,11.0538373922720848386679859116823840845,1,14,9.6,1,1001,0,1167.5,1.38
185271548,GB / Wolverhampton 14th Jul,TO BE PLACED,14-07-2021 17:15,30152371,Whatitizz,0,9,4.46070247714724529932660897271153461457,1,9.2,9.2,1,1001,0,847.64,112.1
185271548,GB / Wolverhampton 14th Jul,TO BE PLACED,14-07-2021 17:15,35579405,Liberty Blaze,0,78.40720511276274,32.0171993609960841215856026572931721274,1,80,60,170,170,0,166.26,5.12
185271553,GB / Wolverhampton 14th Jul,TO BE PLACED,14-07-2021 17:45,13168806,Christmas Night,0,8.4,10.1826568566161324044003007578446246791,9.81538879243378968058581565099086045466,13,7.8,1,1001,24.92,1860.5,20.18
185271578,GB / Wolverhampton 14th Jul,TO BE PLACED,14-07-2021 20:15,38941755,Amalfi Salsa,0,3.1283123143221006,3.28328066706659766087559825612226654194,3.79995870060916601480128168109520384574,3.25,3.25,1,1001,4,1875.34,312.06
185271578,GB / Wolverhampton 14th Jul,TO BE PLACED,14-07-2021 20:15,36666992,Barbara Ann,0,3.2,3.06189034691094073048594364396457701823,1,3.15,3.1,1,1001,0,1537.08,254.8
185271578,GB / Wolverhampton 14th Jul,TO BE PLACED,14-07-2021 20:15,33359008,Ambarella,0,4.3,4.06303088590913931269730518353334882122,3.5698858142303054487139230991444927224,4.2,3.65,910,910,10,2667.72,26.92
185271563,GB / Wolverhampton 14th Jul,TO BE PLACED,14-07-2021 18:45,40166656,Outgate,1,2.598344815609307,2.55867813612252483150466183915318327082,1,2.94,2.64,1,1001,0,4628.18,898.3
185271563,GB / Wolverhampton 14th Jul,TO BE PLACED,14-07-2021 18:45,2368872,Say Grace,1,1.412401825833513,1.46322668835757203085780759351642252846,1,1.56,1.4,1,1001,0,14065.96,685.28
185271573,GB / Wolverhampton 14th Jul,TO BE PLACED,14-07-2021 19:45,36062664,Shalanez,0,6,4.20789602682432586355366830784744380848,4.02739848801309162388940514959855681735,4.7,3.35,1,1001,29.34,1663.96,52.08
185271573,GB / Wolverhampton 14th Jul,TO BE PLACED,14-07-2021 19:45,28732344,Spirit Of Rowdown,0,14,10.4211810768009183086939908994197215487,12.6515257274091286879318434256321901622,13.5,8.8,1,1001,14.78,967.34,18.36
185271583,GB / Wolverhampton 14th Jul,TO BE PLACED,14-07-2021 20:45,13507643,Party Planner,0,2.28,2.48914728355843631694899086671573845263,1,2.74,2.3,1,1001,0,4724.42,131.36
185272371,GB / Uttoxeter 14th Jul,TO BE PLACED,14-07-2021 15:05,10919296,Neetside,0,2.7057818247645633,2.54172532870058639755337984015855921863,2.71579809770210906940081435996668786302,2.46,2.46,1,1001,46,2070,124.88
185272381,GB / Uttoxeter 14th Jul,TO BE PLACED,14-07-2021 16:15,14389210,Watchman,0,6.177502300713385,4.59176590922762824070097977266799314143,5.41476248022621558012161192158896327457,7.8,5.5,1,1001,13.94,2214.46,36.24
185272381,GB / Uttoxeter 14th Jul,TO BE PLACED,14-07-2021 16:15,20821428,Alramz,0,2.18,1.68195327551717049127150148895292281557,2.00632717911141611841990822347493643103,1.97,1.87,1,1001,81.92,6449.86,354.66
185272386,GB / Uttoxeter 14th Jul,TO BE PLACED,14-07-2021 16:50,18045786,Cosheston,0,2.357765315,1.94638059997867151726333863387461208222,1,2.36,2.36,930,2.28,0,4134.34,869.5
185272386,GB / Uttoxeter 14th Jul,TO BE PLACED,14-07-2021 16:50,23306983,Bizerta,0,2.2,1.80400162324054116913265257393579171654,1,2.18,1.88,2.4,2.4,0,7686.22,309.66
185272356,GB / Uttoxeter 14th Jul,TO BE PLACED,14-07-2021 13:20,27182030,Ginger Du Val,1,1.26,1.30647380907134221609144253935911216628,1.34925071878151981716864976822830202305,1.36,1.27,1.27,1.27,411.12,12752.66,3522.18
185272356,GB / Uttoxeter 14th Jul,TO BE PLACED,14-07-2021 13:20,24420206,Decora,1,1.5550841871767265,1.59044651026451054481404192388751947967,1.92079391762858194180953179910704663342,1.67,1.5,1.08,1.08,149.28,7375.22,893.24
185272361,GB / Uttoxeter 14th Jul,TO BE PLACED,14-07-2021 13:55,8997940,Crystal Gazing,0,2.24,2.37086935281799177223041575792184781933,2.39921543373324558619381032018351704782,2.3,2.3,1,1001,18.48,2898.96,199.36
185272391,GB / Uttoxeter 14th Jul,TO BE PLACED,14-07-2021 17:20,10200239,Throckley,0,3.1788324038184514,3.4252876326667457979687444839449953977,3.18332598280252456483396505898430141952,3.6,3.2,2.9,2.9,18,2151.9,643.36
185272391,GB / Uttoxeter 14th Jul,TO BE PLACED,14-07-2021 17:20,20473724,Olympic Honour,0,2.7123468533103727,2.72418349124098204454925367589562697081,1,2.68,2.68,1,1001,0,2657.34,214.62
185272366,GB / Uttoxeter 14th Jul,TO BE PLACED,14-07-2021 14:30,9486866,Push Ahead,0,32,13.774968473530012632432576818520080656,1,42,28,1,1001,0,622.58,16.68
185272366,GB / Uttoxeter 14th Jul,TO BE PLACED,14-07-2021 14:30,3505801,Maison Dor,0,8.6,6.45348043137052379596060553663238812509,16.709002099675629674707236740337746386,8.8,7.6,1,1001,7.04,1550.02,12.8
185272366,GB / Uttoxeter 14th Jul,TO BE PLACED,14-07-2021 14:30,12175307,An Siltean,0,20.779136437117117,12.8300502644073985075508961067702325201,1,26,20,930,27,0,891.5,18.9
185271251,GB / Catterick 14th Jul,TO BE PLACED,14-07-2021 14:20,39862456,Steponit,0,3.65,4.05992526104931416937160613052262091423,4.56999681178445165557472805265885506162,4,4,1,1001,93.86,795.12,79.72
185271256,GB / Catterick 14th Jul,TO BE PLACED,14-07-2021 14:55,39459038,Dulla Bhatti,1,2.483011718413044126825,2.45982828780373555100473936389448587359,2.13782959843323027472036308420568269777,2.58,2.4,1,1001,70.72,3093.88,686.74
185271256,GB / Catterick 14th Jul,TO BE PLACED,14-07-2021 14:55,39580335,Improvised,1,1.9261294,1.8143671204385164830417263048577027007,2.01996784268051548930332335355538096229,1.78,1.69,1,1001,2.88,7138.64,560.14
185271266,GB / Catterick 14th Jul,TO BE PLACED,14-07-2021 16:05,14725041,Fennaan,0,7.45785138664418,5.87861723560540353817615402699483546,3.1331760553774076563168878374396178892,6,4.1,1,1001,66.54,797.36,68
185271266,GB / Catterick 14th Jul,TO BE PLACED,14-07-2021 16:05,20011444,Gometra Ginty,0,1.94,1.93177832085748904131709509308607264261,2.39157514617104809066337339846950628593,2.14,1.81,1,1001,38,7929.32,187.1
185271261,GB / Catterick 14th Jul,TO BE PLACED,14-07-2021 15:30,8766906,Wentworth Falls,0,4.4,3.76541238347481637389938443023114345245,3.261341679366806861003507079153732384,3.9,3.9,1,1001,22.44,1567.92,21.1
185271291,GB / Lingfield 14th Jul,TO BE PLACED,14-07-2021 14:10,25170325,Tigerten,1,1.32,1.35841885152985400334061043922350051067,1.41559340003309754906843904347942988521,1.42,1.31,1,1001,1726.06,13196.68,1592.22
185271311,GB / Lingfield 14th Jul,TO BE PLACED,14-07-2021 16:30,24434006,Kodiak Attack,1,1.72,1.52040084244195549298062878129000616853,1.67997388711391847243644046169615847391,1.82,1.74,1.03,1.03,2.88,9221.42,1317.76
185271507,GB / Yarmouth 14th Jul,TO BE PLACED,14-07-2021 17:00,661590,The Thunderer,1,1.68,1.8037731788698450264128270004286567057,2.05487900044273913735024103563967145719,1.74,1.68,1,1001,153.54,5131.92,440.58
185271512,GB / Yarmouth 14th Jul,TO BE PLACED,14-07-2021 17:30,39590061,Josies Kid,1,1.99,1.97764806189487027936718845881246852531,2.1964513086748238618168276488268135377,2.02,1.92,1,1001,158.46,9272,403.78
185271512,GB / Yarmouth 14th Jul,TO BE PLACED,14-07-2021 17:30,15778694,Poderoso,0,1.5327255956338197,1.55375307536002297865089633234501215651,1,1.64,1.48,1,1001,0,14305.16,287.36
185271522,GB / Yarmouth 14th Jul,TO BE PLACED,14-07-2021 18:35,15038317,Foreseeable Future,0,5,5.01300187430655736232514896569786772829,4.51427366534743309451510451964164694292,5.3,5.1,1,1001,14,1401.3,85.32
185271532,GB / Yarmouth 14th Jul,TO BE PLACED,14-07-2021 19:35,11423458,Oakenshield,1,2.38,2.29984225580419060466852899105129952734,3.01999352339576561232650547814181070782,2.42,2.16,1,1001,32,6361.74,670
185271532,GB / Yarmouth 14th Jul,TO BE PLACED,14-07-2021 19:35,28663441,Fille Dor,0,6.2,5.73979069389494906530738855108740336881,1,1,1001,1,1001,0,944.38,4.76
185271558,GB / Wolverhampton 14th Jul,TO BE PLACED,14-07-2021 18:15,39202001,Goldenhurst,1,2.94,2.72610090808018015819019872289594982346,2.30794532485345514423328170257929706029,3.1,2.54,1,1001,10,5072.58,883.1
185271558,GB / Wolverhampton 14th Jul,TO BE PLACED,14-07-2021 18:15,39716271,Zain Nibras,0,3.85,3.46064014139026191687219460269271890644,1,3.8,2.94,1,1001,0,2860.92,22.32
185271548,GB / Wolverhampton 14th Jul,TO BE PLACED,14-07-2021 17:15,35751554,Russco,1,6.35798126235226,4.49999099919977934963543712291058610139,3.84998015922903503231592335086853821185,7,5.2,1,1001,8.36,2048.04,513.56
185271553,GB / Wolverhampton 14th Jul,TO BE PLACED,14-07-2021 17:45,27041229,Laurentia,0,3.2201409257100044,3.55540575490921867824507920413145050047,1,1,1001,1,1001,0,2037.8,50.98
185271553,GB / Wolverhampton 14th Jul,TO BE PLACED,14-07-2021 17:45,14239965,Harbour Storm,0,2.3606492475708354,2.10812147251228992091464102356324447906,2.67776416875380940355667856152701322351,2.52,1.93,1,1001,17.06,7263.32,5.12
185271568,GB / Wolverhampton 14th Jul,TO BE PLACED,14-07-2021 19:15,39982677,Anasadontia,0,8.49974033,7.47160029111657766457453126003747233838,1,9.6,7.8,1,1001,0,2624.26,56.12
185271568,GB / Wolverhampton 14th Jul,TO BE PLACED,14-07-2021 19:15,35625351,Zartaj,0,2.06,1.74749942685067704873059066348355926906,1,2.1,1.68,1,1001,0,15295.22,69.8
185271573,GB / Wolverhampton 14th Jul,TO BE PLACED,14-07-2021 19:45,36289309,Twilight Twist,1,2.147949348314594,2.22670280952108910976731254815703374914,3.29998901982643077212427997165776242481,1,1001,1,1001,14.16,2280.5,837.02
185271573,GB / Wolverhampton 14th Jul,TO BE PLACED,14-07-2021 19:45,27281,Geremia,1,2.657675104128023,2.79892347158918447309058816866294630587,1,3.2,2.52,4.4,4.4,0,6962.86,323.74
185271583,GB / Wolverhampton 14th Jul,TO BE PLACED,14-07-2021 20:45,2744673,Cold Harbour,0,6.408843895,6.77074263301739899038512160427245779908,1,8.2,6,930,910,0,2137.26,30.48
185272376,GB / Uttoxeter 14th Jul,TO BE PLACED,14-07-2021 15:40,17801262,Vinnie The Hoddie,1,4.583566489144577,3.17550690526308000644248831745921159167,3.47385231748425290520146627144387149436,4.4,4.4,1,1001,62.06,2549.4,269.08
185272381,GB / Uttoxeter 14th Jul,TO BE PLACED,14-07-2021 16:15,815104,Midnight Jewel,1,1.5760080642245888,1.41795264755378177231025388304103277631,2.29072577526972794101813782722049269993,1.85,1.85,1,1001,44.74,7822.34,845.18
185272381,GB / Uttoxeter 14th Jul,TO BE PLACED,14-07-2021 16:15,11683778,Red Caravel,0,10,8.60009786591886887268886349058939227956,9.43564300108891320932478779045454227079,13.5,11.5,1,1001,14.02,1140.54,26.26
185272381,GB / Uttoxeter 14th Jul,TO BE PLACED,14-07-2021 16:15,23088543,Lady In Hiding,0,4.5,3.21556313661253272591917001879977639481,5.86517731119257706078309322325796035931,5.2,4,7.4,7.4,111.14,2098.86,213.36
185272386,GB / Uttoxeter 14th Jul,TO BE PLACED,14-07-2021 16:50,18172987,Andapa,1,2.66,2.23628395301348249756949947046437531515,3.8449749642203148612292211828535908884,2.66,2.66,2.04,2.04,8,4101.62,877.48
185272356,GB / Uttoxeter 14th Jul,TO BE PLACED,14-07-2021 13:20,24506546,Madalli,0,6.2,6.45637308506876100527518723634416019579,5.57307464472915760548807270303782424335,7.4,5.6,6.4,6.4,101.48,2553.08,511.58
185272391,GB / Uttoxeter 14th Jul,TO BE PLACED,14-07-2021 17:20,8966068,Diamond Joel,0,13.5,13.6140127039386865817174458931178484687,1,15.5,10,1,1001,0,629.74,86.86
185272391,GB / Uttoxeter 14th Jul,TO BE PLACED,14-07-2021 17:20,18797450,White Turf,1,3.35,2.94240463083152554230700920952913182287,3.15754605605019675515898400311895420444,1,1001,1,1001,110.32,1467.06,735.02
185272391,GB / Uttoxeter 14th Jul,TO BE PLACED,14-07-2021 17:20,21433612,Shannon Hill,0,11.310130171554093,10.1153395580033237445215915244693097389,12.932900117434507782004315064205264093,12,9.2,8,8,34.88,1008.98,73.72
185272391,GB / Uttoxeter 14th Jul,TO BE PLACED,14-07-2021 17:20,21865414,Bempton Cliffs,0,2.88,3.1169499496791767143657600894233332263,5.05485156171189406614871985499211318048,3.25,2.98,910,760,25.52,1815,138.74
185272366,GB / Uttoxeter 14th Jul,TO BE PLACED,14-07-2021 14:30,10761029,Zen Master,0,27.802517586,12.8926954702454860225385036353611538907,8.99572228857561204755455831130345265283,30,20,930,910,.04,628.4,8.58
185272366,GB / Uttoxeter 14th Jul,TO BE PLACED,14-07-2021 14:30,12232709,Lawtop Legend,1,1.949979572,1.59672742026677638837813576585473785102,1.72136916614079665649032954511764622377,1.86,1.67,1,1001,1046.86,11048.82,1297.7
185272366,GB / Uttoxeter 14th Jul,TO BE PLACED,14-07-2021 14:30,36204542,Go On Chez,1,2.6089689671280207,2.0982696143525733542189311433256539082,2.21992171616394788804477147589524940772,2.8,2.46,1.07,1.07,279.44,4595.52,1174.7
185272366,GB / Uttoxeter 14th Jul,TO BE PLACED,14-07-2021 14:30,12151030,West Class,0,38,10.0786297128596329680130899497317912934,1,36,29,1,1001,0,373.14,19.7
