EVENT_ID,MENU_HINT,EVENT_NAME,EVENT_DT,SELECTION_ID,SELECTION_NAME,WIN_LOSE,BSP,PPWAP,MORNINGWAP,PPMAX,PPMIN,IPMAX,IPMIN,MORNINGTRADEDVOL,PPTRADEDVOL,IPTRADEDVOL
136573332,USA / TPara (US) 7th Nov,R8 6f Claim,07-11-2017 23:20,10108347,Ambidextrous Duke,0,10.063961213,7.73652187659218628795713553057864100852,1,12.5,6.4,1,1001,0,2160.98,11.2
136574229,USA / FingL (US) 7th Nov,R9 6f Claim,07-11-2017 20:51,10028566,Miss Turbina,0,268.00409413027114,69.430673695496783416726233023588277341,1,280,3.05,1,1001,0,222.84,0
136573128,USA / Parx (US) 7th Nov,R4 7f Claim,07-11-2017 18:46,10134492,Silent Prayer,0,15,13.1450917990276289445724308531288003723,1,15.5,15.5,1,1001,0,95.9,24.92
136573326,USA / TPara (US) 7th Nov,R6 1m Mdn Claim,07-11-2017 22:21,10159937,Banjo Creek,0,11.803757413154091,12.6979583824502478829476038840239487861,1,17.5,12.5,1,1001,0,802.72,10.04
136548807,USA / MountP (US) 6th Nov,R6 6f Claim,07-11-2017 01:50,10168399,Supersambdancing,0,3.9638655393000235,3.2148049585729178623755787689332041566,4.09765537563995713775449458268841528753,1,1001,1,1001,671.92,624.64,0
136573140,USA / Parx (US) 7th Nov,R8 1m Claim,07-11-2017 20:34,10790679,Speightman,0,150.38104280856032,109.160059853586526264169138074502253201,1,160,60,1,1001,0,64.58,0
136568384,USA / DoverD (Harness) (US) 7th Nov,R2 1m Stks,07-11-2017 21:50,3844464,Gypsy Rose,1,1.6784590442989789,.846807906784374688021449862372891025001,1,2.92,1.61,1,1001,0,5608.36,0
136607208,USA / Plain (Harness) (US) 7th Nov,R3 1m Stks,07-11-2017 18:40,11197636,City Pie,0,3,1.76786977160154100165107319757842597688,1,1,1001,1,1001,0,580.44,0
136575379,USA / ZiaP (US) 7th Nov,R2 5f Claim,07-11-2017 19:37,11234555,Scavenger Hunt,0,1.8,.692291222920112719986010337443274498393,1,1.8,1.65,1,1001,0,13952.16,0
136549536,USA / Woodb (Harness) (US) 6th Nov,R5 1m Stks,07-11-2017 01:50,11391716,Makasi,1,13.5,7.25160891089108910891089108910891089109,8.56364027538726333907056798623063683305,1,1001,1,1001,23.24,23.24,0
136549524,USA / Woodb (Harness) (US) 6th Nov,R1 1m Claim,07-11-2017 00:30,11375396,Its A Big Secret,0,15.280653139304501,5.2188006122165020175316543759565882844,6.23701759285115889416364144093828539514,1,1001,1,1001,286.48,286.48,0
136549539,USA / Woodb (Harness) (US) 6th Nov,R6 1m Hcap,07-11-2017 02:10,11362297,Andovers Choice,0,6,4.02323714026291895306146618767518060874,5.03119417744551244017246153237609271785,1,1001,1,1001,505.62,505.62,0
136549539,USA / Woodb (Harness) (US) 6th Nov,R6 1m Hcap,07-11-2017 02:10,11325849,Girl Drama,0,19.1942602166906,7.9511460554371002132196162046908315565,9.16886637458926615553121577217962760131,1,1001,1,1001,36.52,36.52,0
136574229,USA / FingL (US) 7th Nov,R9 6f Claim,07-11-2017 20:51,11468888,Deputys Daughter,0,70.9505585805513,61.7266150526716588399543089224520878284,1,150,60,1,1001,0,156.58,0
136575385,USA / ZiaP (US) 7th Nov,R4 6f Claim,07-11-2017 20:32,12165821,Sky Harbor,0,10,7.60089382373351839000693962526023594726,1,10,8.4,1,1001,0,1440,0
136539138,USA / Dover (Harness) (US) 6th Nov,R12 1m Stks,07-11-2017 01:10,12454860,Born Runner,0,24,9.26921875,10.6460162601626016260162601626016260163,1,1001,1,1001,24.6,24.6,0
136568399,USA / DoverD (Harness) (US) 7th Nov,R7 1m Claim,07-11-2017 23:30,12454904,Spunky Vic,0,39,1.58490566037735849056603773584905660377,1,1,1001,1,1001,0,.06,0
136539138,USA / Dover (Harness) (US) 6th Nov,R12 1m Stks,07-11-2017 01:10,12580369,Dedododo Dedadada,1,77.805140236,21.9565756823821339950372208436724565757,24.4087301587301587301587301587301587302,1,1001,1,1001,15.12,15.12,0
136549533,USA / Woodb (Harness) (US) 6th Nov,R4 1m Claim,07-11-2017 01:30,12611872,Prince Giovanni,0,11.636980905495584,6.75403817914831130690161527165932452276,8.28922345483359746434231378763866877971,1,1001,1,1001,12.62,12.62,0
136568381,USA / DoverD (Harness) (US) 7th Nov,R1 1m Stks,07-11-2017 21:30,12667588,Takeittotheface,0,7.2468220524443305,6.65130808744474973121490861306892844344,1,10,6.6,1,1001,0,333.84,0
136568381,USA / DoverD (Harness) (US) 7th Nov,R1 1m Stks,07-11-2017 21:30,13000999,Fast Talking Steve,0,49.797858878,31.3312143227815256875973015049299429165,1,55,34,1,1001,0,76.08,0
136573320,USA / TPara (US) 7th Nov,R4 6f Claim,07-11-2017 21:23,13067680,Beach Mode,1,3.139386847491151,2.10726598557501538414808921350252594337,1,3.35,2.8,1.01,1.01,0,10701.24,2146.4
136568384,USA / DoverD (Harness) (US) 7th Nov,R2 1m Stks,07-11-2017 21:50,13144920,Lil Miss Gorgeous,0,5.136678963,2.170188004381552768649542843091230188,1,4.7,2.92,1,1001,0,893.66,0
136607220,USA / Plain (Harness) (US) 7th Nov,R7 1m Stks,07-11-2017 20:00,13221708,Rushing Hero,0,15.250706554237404,12.0808310585380649074916590840157719139,1,1,1001,1,1001,0,64.94,0
136573119,USA / Parx (US) 7th Nov,R1 7f Mdn,07-11-2017 17:25,13197838,Bird Of Prey,1,1.759698439,1.2507713946459111735906600681475467137,1,3.9,1.91,1.05,1.01,0,20382.82,9151.26
136539135,USA / Dover (Harness) (US) 6th Nov,R11 1m Stks,07-11-2017 00:50,13300347,Nothin Fancy,0,7.257039169,5.49091374456104427949833631942667007934,6.56209489240342234897588799585169821104,1,1001,1,1001,77.14,77.14,0
136573140,USA / Parx (US) 7th Nov,R8 1m Claim,07-11-2017 20:34,13556917,Unpredictable,1,7.805749737,6.44921338570942470434591828873084036112,1,7.2,7.2,1,1001,0,388.96,513
136573128,USA / Parx (US) 7th Nov,R4 7f Claim,07-11-2017 18:46,13593863,Survive,0,2.4632517484213894,1.53866270568514313198022967515542048293,1,2.66,2.48,2.4,2.4,0,3651.3,1326.5
136575382,USA / ZiaP (US) 7th Nov,R3 5f Mdn Claim,07-11-2017 20:05,13724984,Bluff Runner,0,15.905215534284949,12.4619128741786322706254563154052080798,1,17.5,16,1,1001,0,492.08,0
136607214,USA / Plain (Harness) (US) 7th Nov,R5 1m Stks,07-11-2017 19:20,13783032,Prydwen,0,26,15.523214522326752351927918378163508679,1,25,25,1,1001,0,149.94,0
136575400,USA / ZiaP (US) 7th Nov,R9 6f Mdn,07-11-2017 22:46,14594994,Doras Champagne,0,50,21.5044680851063829787234042553191489362,1,44,42,1,1001,0,93,0
136548792,USA / MountP (US) 6th Nov,R1 6f Mdn,07-11-2017 00:00,14883142,Dance Even,0,3.8,3.65374267229829615571524765797210550663,3.69337548414481014449180269883097819359,4.8,4.5,1,1001,1130.86,750.52,213.54
136607214,USA / Plain (Harness) (US) 7th Nov,R5 1m Stks,07-11-2017 19:20,15348021,Southwind Rich,0,38,15.0631536604987932421560740144810941271,1,1,1001,1,1001,0,23.86,0
136549536,USA / Woodb (Harness) (US) 6th Nov,R5 1m Stks,07-11-2017 01:50,15613576,D J Power,0,23.343404649123542,8.41545893719806763285024154589371980676,12.0955414012738853503184713375796178344,1,1001,1,1001,3.14,3.14,0
136549533,USA / Woodb (Harness) (US) 6th Nov,R4 1m Claim,07-11-2017 01:30,15736675,Windsong Leopold,0,95,50.5264298093587521663778162911611785095,52.6452612931798051372896368467670504872,80,44,1,1001,45.16,45.16,0
136568390,USA / DoverD (Harness) (US) 7th Nov,R4 1m Stks,07-11-2017 22:30,15792241,Miss Real Estate,0,12.5,5.23459259259259259259259259259259259259,1,1,1001,1,1001,0,26,0
136568396,USA / DoverD (Harness) (US) 7th Nov,R6 1m Stks,07-11-2017 23:10,15842593,Southwind Sapphire,0,3.35,2.90614827135558987762860876796958536296,1,1,1001,1,1001,0,167.34,0
136549542,USA / Woodb (Harness) (US) 6th Nov,R7 1m Stks,07-11-2017 02:30,55868,Think Again,0,142.14533303234728,1.50666666666666666666666666666666666667,5.52,1,1001,1,1001,.5,.5,0
136548807,USA / MountP (US) 6th Nov,R6 6f Claim,07-11-2017 01:50,9969488,Loadherupletherrip,0,130,87.5394943315902751836234122974343662037,88.264,130,70,1,1001,47.5,45.82,0
136548804,USA / MountP (US) 6th Nov,R5 6f Claim,07-11-2017 01:28,10005512,Stormin Greeley,0,8.388526392,5.51595995775187375470277820041054824041,6.63017683585313174946004319654427645788,7.8,7.8,1,1001,296.32,282.08,.04
136548807,USA / MountP (US) 6th Nov,R6 6f Claim,07-11-2017 01:50,10106685,Aisle Altar Hymn,0,4.5,2.99259775085792236242327379099065573895,3.84613260530421216848673946957878315133,4.4,4.3,1,1001,1282,1209.18,0
136548816,USA / MountP (US) 6th Nov,R9 1m Claim,07-11-2017 02:56,10111821,Kerf,0,3.2,1.95719558925205643406330050270035016285,2.8879747274978109242428817295208188653,3.1,3.05,3.15,3.15,2649.52,2334.84,107.46
136574220,USA / FingL (US) 7th Nov,R6 1m Claim,07-11-2017 19:30,9990903,Miroc,1,3.073655561821651,1.99924472499164257762570546477100662694,1,3.45,2.94,1,1001,0,5084.3,0
136575394,USA / ZiaP (US) 7th Nov,R7 1m Claim,07-11-2017 21:54,10138577,Rising Giant,0,8.6,5.56839229874190967929605119627663442659,1,7.8,5.7,1,1001,0,2199.16,0
136573332,USA / TPara (US) 7th Nov,R8 6f Claim,07-11-2017 23:20,10137796,Tribal Zen,0,4.321100838638374,3.33177567978520768561323926171006189927,1,5.5,3.9,1,1001,0,6072.4,260.8
136573131,USA / Parx (US) 7th Nov,R5 1m Claim,07-11-2017 19:13,10600012,U. Tee,0,19.74645198515732,21.8872782248802269415432212140409812446,1,24,24,1,1001,0,61.82,1.1
136549542,USA / Woodb (Harness) (US) 6th Nov,R7 1m Stks,07-11-2017 02:30,11379761,Continual Hanover,0,3.477492278372811,2.55324452901998097050428163653663177926,3.56195035460992907801418439716312056738,1,1001,1,1001,293.28,293.28,0
136575391,USA / ZiaP (US) 7th Nov,R6 6f Allw,07-11-2017 21:26,11317643,Attilas Apollo,0,2.78,1.59417482865285015753485236061065861399,1,3.15,2.3,1,1001,0,17411.02,0
136549545,USA / Woodb (Harness) (US) 6th Nov,R8 1m Hcap,07-11-2017 02:50,11362266,Powerful Glare,0,27.846616332,11.9527044025157232704402515723270440252,13.754899328859060402684563758389261745,1,1001,1,1001,14.9,14.9,0
136549536,USA / Woodb (Harness) (US) 6th Nov,R5 1m Stks,07-11-2017 01:50,11387304,Harry Terror,0,24,19.6743418966064065968918490326673009832,20.9913631969062197873026103770544634225,25,24,1,1001,62.06,62.06,0
136574205,USA / FingL (US) 7th Nov,R1 6f Allw,07-11-2017 17:15,11444044,Lands Down Street,0,5.854474946149567,5.77206506364922206506364922206506364922,1,7,6.4,1,1001,0,960.52,0
136573131,USA / Parx (US) 7th Nov,R5 1m Claim,07-11-2017 19:13,11488797,Ledbetter,1,2.331583957,1.32645524956060336687875654292905655832,1,2.3,2.3,1.01,1.01,0,1534.7,1586.32
136573323,USA / TPara (US) 7th Nov,R5 1m Allw,07-11-2017 21:52,11780316,Eye Of The Hunter,1,3.906969859,3.25284466128399764543683107672430522441,1,4.8,3.8,1,1001,0,8296.42,479.28
136574229,USA / FingL (US) 7th Nov,R9 6f Claim,07-11-2017 20:51,11958995,Easy Way Out,0,1.4867231413019542,.492204131394758210404618827686096022873,1,1.6,1.4,1,1001,0,33940.08,0
136549539,USA / Woodb (Harness) (US) 6th Nov,R6 1m Hcap,07-11-2017 02:10,11969469,Swan For Dee,0,374.6680081052333,34.675,209.05,1,1001,1,1001,.2,.2,0
136607229,USA / Plain (Harness) (US) 7th Nov,R10 1m Stks,07-11-2017 21:00,12213581,Winning Design,0,28.461912790279605,11.1157461809635722679200940070505287897,1,1,1001,1,1001,0,16.02,0
136607208,USA / Plain (Harness) (US) 7th Nov,R3 1m Stks,07-11-2017 18:40,12369519,Moonlight Artist,0,17.789953542663717,15.5225533526960474807425179946963000379,1,23,17.5,1,1001,0,157.38,0
136568393,USA / DoverD (Harness) (US) 7th Nov,R5 1m Stks,07-11-2017 22:50,12461747,Sugar Crisp,0,23,7.07142857142857142857142857142857142857,1,1,1001,1,1001,0,1.8,0
136539129,USA / Dover (Harness) (US) 6th Nov,R9 1m Stks,07-11-2017 00:10,12570761,Moonshine Lavec,0,280,23.3902857142857142857142857142857142857,25.5598,1,1001,1,1001,20,20,0
136575382,USA / ZiaP (US) 7th Nov,R3 5f Mdn Claim,07-11-2017 20:05,12653355,Psychotic Storm,0,6.4,4.76679174005156086479311841131276003778,1,7.4,6,1,1001,0,2349.62,0
136539141,USA / Dover (Harness) (US) 6th Nov,R13 1m Stks,07-11-2017 01:15,12616837,Gimmethreestepsmr,0,32,18.3438436482084690553745928338762214984,19.9614814814814814814814814814814814815,1,1001,1,1001,29.7,29.7,0
136549524,USA / Woodb (Harness) (US) 6th Nov,R1 1m Claim,07-11-2017 00:30,12660152,Terra Cotta Lad,0,49.525886587,31.425523349436392914653784219001610306,32.745018300122000813338755591703944693,70,27,1,1001,98.36,98.36,0
136548798,USA / MountP (US) 6th Nov,R3 1m Mdn Claim,07-11-2017 00:44,13008759,Soy Chiquilin,0,66.0282041755124,54.1691936147631527648422101410037037839,34.9450682518714222809335094671950682519,65,46,1,1001,181.68,78.78,0
136607211,USA / Plain (Harness) (US) 7th Nov,R4 1m Stks,07-11-2017 19:00,13144470,Awesum Ace,0,4.7,3.97895315938384155925809493869852247721,1,1,1001,1,1001,0,253.48,0
136607220,USA / Plain (Harness) (US) 7th Nov,R7 1m Stks,07-11-2017 20:00,13239588,Impulse Hall,0,42.414148187372184,24.3875134553283100107642626480086114101,1,42,42,1,1001,0,36.16,0
136607217,USA / Plain (Harness) (US) 7th Nov,R6 1m Stks,07-11-2017 19:40,13239736,Crazyblond,0,18.536252429723397,5.85705882352941176470588235294117647059,1,1,1001,1,1001,0,16,0
136575382,USA / ZiaP (US) 7th Nov,R3 5f Mdn Claim,07-11-2017 20:05,13281052,Blue Duck,0,97.0996764885727,51.2127699530516431924882629107981220657,1,100,46,1,1001,0,212,0
136607223,USA / Plain (Harness) (US) 7th Nov,R8 1m Stks,07-11-2017 20:20,13450494,Daydreamermistirae,0,110,31.5178546808217289397490693506135392252,1,120,2.3,1,1001,0,144.06,0
136607205,USA / Plain (Harness) (US) 7th Nov,R2 1m Stks,07-11-2017 18:20,13558985,Fearless Agent,0,25.358289781666535,15.6581959262851600387972841901066925315,1,25,25,1,1001,0,102.1,0
136575376,USA / ZiaP (US) 7th Nov,R1 6f Mdn Claim,07-11-2017 19:10,13569819,Hadtahaveanother,1,2.2025879764948337,1.12640555732835857532094553130906502369,1,2.42,2.1,1,1001,0,12220.7,0
136607226,USA / Plain (Harness) (US) 7th Nov,R9 1m Stks,07-11-2017 20:40,14204516,Tuff Lil Tune,0,6.8475678697274995,4.61102855339958984066887521691118472945,1,1,1001,1,1001,0,125.78,0
136607211,USA / Plain (Harness) (US) 7th Nov,R4 1m Stks,07-11-2017 19:00,14204518,Pembroke Bambino,0,37.001969898380345,12.4384561891515994436717663421418636996,1,1,1001,1,1001,0,56.52,0
136607226,USA / Plain (Harness) (US) 7th Nov,R9 1m Stks,07-11-2017 20:40,15617915,Bruizn,0,6.8,2.86325059680479892269082450878374242517,1,4.1,3.2,1,1001,0,1305.96,0
136568402,USA / DoverD (Harness) (US) 7th Nov,R8 1m Stks,07-11-2017 23:50,15724103,Nf Happenstance,1,3.55,2.86578103046951999496718183152641181035,1,5.2,3.65,1,1001,0,952.74,0
136607226,USA / Plain (Harness) (US) 7th Nov,R9 1m Stks,07-11-2017 20:40,15739225,Happy Hooligan,1,7.53984486167843,6.11717922978645738273407556123380178865,1,1,1001,1,1001,0,218.16,0
136568390,USA / DoverD (Harness) (US) 7th Nov,R4 1m Stks,07-11-2017 22:30,15842591,Tell Me The Truth,1,7.842869469337164,2.98748696558915537017726798748696558916,1,1,1001,1,1001,0,18.18,0
136548795,USA / MountP (US) 6th Nov,R2 1m Claim,07-11-2017 00:22,9550347,Electro Peg,0,3.508396479422809,1.70600836453675287438315105451522878159,2.63800055165018160633315030920766020411,2.9,2.42,2.7,2.7,7758.54,6935.44,247.3
136573125,USA / Parx (US) 7th Nov,R3 7f Claim,07-11-2017 18:19,10028805,Estrickator,1,12,7.80535764078210296762252160800181214568,1,12,11,1,1001,0,400.76,1890.8
136574220,USA / FingL (US) 7th Nov,R6 1m Claim,07-11-2017 19:30,9978886,Chinatowner,0,13.219498522,10.2228710738178931851683864383716974714,1,14.5,12.5,1,1001,0,528.14,0
136574229,USA / FingL (US) 7th Nov,R9 6f Claim,07-11-2017 20:51,10077506,Henry Ella,0,151.378428502,60.1809664694280078895463510848126232742,1,450,70,1,1001,0,80.12,0
136573311,USA / TPara (US) 7th Nov,R1 4f Allw,07-11-2017 19:55,10205493,Wallstreet Stick Up,1,8.140282179540662,7.04967891036139956193831093447187422616,1,8.6,7.6,1.01,1.01,0,787.56,1708.6
136574226,USA / FingL (US) 7th Nov,R8 6f Claim,07-11-2017 20:24,10557009,Bamboo Stick,0,7.700181120540947,4.33982805112293144208037825059101654846,1,7.6,3.3,1,1001,0,2164.76,0
136575379,USA / ZiaP (US) 7th Nov,R2 5f Claim,07-11-2017 19:37,11112488,Rock N Roll Me,0,55,31.8187171733248448193538118733089288556,1,65,44,1,1001,0,250.32,0
136607202,USA / Plain (Harness) (US) 7th Nov,R1 1m Stks,07-11-2017 18:00,11163401,Le Gambe,0,3.3381432896063776,2.18856878042818439225112546087877615041,1,3.25,3.25,1,1001,0,980.82,0
136568399,USA / DoverD (Harness) (US) 7th Nov,R7 1m Claim,07-11-2017 23:30,11278738,Spider Blue Chip,1,1.684970382111496,.988876586629615156383425238446731217345,1,2.2,2.12,1,1001,0,1380.86,0
136549539,USA / Woodb (Harness) (US) 6th Nov,R6 1m Hcap,07-11-2017 02:10,11325845,Justcallmeronald,0,13.5,11.8192091774469123749084696119111545033,12.9652335063009636767976278724981467754,1,1001,1,1001,80.94,80.94,0
136549527,USA / Woodb (Harness) (US) 6th Nov,R2 1m Stks,07-11-2017 00:50,11325860,Wild And Crazy Guy,1,2.3,1.11003549542639390947442289332604385113,2.11048856744026579374862246022481449131,2.32,2.04,1,1001,2450.02,2450.02,0
136549527,USA / Woodb (Harness) (US) 6th Nov,R2 1m Stks,07-11-2017 00:50,11325864,Burnin Money,0,10.5,5.42964589099933186981006013171709458815,6.45568236309580895751414596720053706723,1,1001,1,1001,208.54,208.54,0
136575385,USA / ZiaP (US) 7th Nov,R4 6f Claim,07-11-2017 20:32,11450371,Solid Convictions,1,16.932422395683027,10.3547183961202909781766367522435817314,1,13.5,10.5,1,1001,0,799.06,0
136549530,USA / Woodb (Harness) (US) 6th Nov,R3 1m Stks,07-11-2017 01:10,11484016,Parkhill Nonstop,1,9.8,5.37213004484304932735426008968609865471,6.43303854875283446712018140589569160998,1,1001,1,1001,88.2,88.2,0
136539129,USA / Dover (Harness) (US) 6th Nov,R9 1m Stks,07-11-2017 00:10,11487960,Trust Fund Baby,0,19.58988564129919,10.2686440677966101694915254237288135593,12.2194444444444444444444444444444444444,1,1001,1,1001,10.8,10.8,0
136549530,USA / Woodb (Harness) (US) 6th Nov,R3 1m Stks,07-11-2017 01:10,11468040,Kendras Coco,0,37.23477405235637,24.3609501738122827346465816917728852839,26.0877088305489260143198090692124105012,28,28,1,1001,33.52,33.52,0
136573311,USA / TPara (US) 7th Nov,R1 4f Allw,07-11-2017 19:55,11478892,Dash Till Done,0,24.781890541347675,30.0382395604346579710506196072558164224,1,44,30,1,1001,0,157.7,1.22
136573131,USA / Parx (US) 7th Nov,R5 1m Claim,07-11-2017 19:13,11616829,Cheyne Of Events,0,16.5,15.0349933545156763058277113376875307877,1,17,16.5,1,1001,0,209.88,.04
136574214,USA / FingL (US) 7th Nov,R4 6f Claim,07-11-2017 18:32,12022821,Colins Go Go,0,149.21604633189477,52.7602785702299043463668400738378922638,1,140,70,1,1001,0,237.36,0
136568387,USA / DoverD (Harness) (US) 7th Nov,R3 1m Stks,07-11-2017 22:10,12454875,Sonny The Shark,0,22.942234092792503,12.0856392950881139857517810273715785527,1,1,1001,1,1001,0,52.34,0
136607202,USA / Plain (Harness) (US) 7th Nov,R1 1m Stks,07-11-2017 18:00,12514272,Denver Dolly,1,7.709977160446288,4.78636592583265126235597808978152741925,1,5.5,5.5,1,1001,0,634.32,0
136568384,USA / DoverD (Harness) (US) 7th Nov,R2 1m Stks,07-11-2017 21:50,12754961,So Many Friends,0,72.74355460544116,38.4231067459291806668389764797105195141,1,65,55,1,1001,0,76.38,0
136575382,USA / ZiaP (US) 7th Nov,R3 5f Mdn Claim,07-11-2017 20:05,12833032,Kumbaya King,0,39.634162337,31.6923440453686200378071833648393194707,1,55,32,1,1001,0,337.56,0
136539132,USA / Dover (Harness) (US) 6th Nov,R10 1m Stks,07-11-2017 00:30,12774356,Nothing But Nice,1,2.86,1.19773867465368775739423436915013103706,2.20337032160993041188640210645100620651,1,1001,1,1001,212.68,212.68,0
136575400,USA / ZiaP (US) 7th Nov,R9 6f Mdn,07-11-2017 22:46,12762666,Infinite Bloom,1,16,9.63050623895322763605666499591104545335,1,11.5,10,1,1001,0,757.14,0
136573320,USA / TPara (US) 7th Nov,R4 6f Claim,07-11-2017 21:23,12960634,Curly Creek,0,4,2.78284019407329657546788924472846877236,1,4.1,3.4,1.31,1.31,0,6709.58,180.76
136568390,USA / DoverD (Harness) (US) 7th Nov,R4 1m Stks,07-11-2017 22:30,13050410,Bigwalls,0,9.367024340769278,1.88988235294117647058823529411764705882,1,1,1001,1,1001,0,16,0
136573332,USA / TPara (US) 7th Nov,R8 6f Claim,07-11-2017 23:20,13095679,Lolo El Canonero,0,13.832865349201017,8.72684656424785000317004697860882292687,1,13,8.6,1,1001,0,1463.3,.04
136574208,USA / FingL (US) 7th Nov,R2 6f Mdn Claim,07-11-2017 17:42,13311617,Iampoe,0,44,26.3208271421495789995047052996532937098,1,60,38,1,1001,0,160.52,0
136549548,USA / Woodb (Harness) (US) 6th Nov,R9 1m Hcap,07-11-2017 03:10,14372282,Savannah Splendor,0,27,11.8192567567567567567567567567567567568,13.0453328232593726090283091048201989288,1,1001,1,1001,52.28,52.28,0
136607223,USA / Plain (Harness) (US) 7th Nov,R8 1m Stks,07-11-2017 20:20,15492289,Pownal Bay Saul,0,25.275723880214493,18.4699530516431924882629107981220657277,1,28,28,1,1001,0,41.6,0
136549524,USA / Woodb (Harness) (US) 6th Nov,R1 1m Claim,07-11-2017 00:30,15856227,Montana Ben,0,19.127682232,6.07974137931034482758620689655172413793,7.13988919667590027700831024930747922438,18,18,1,1001,101.08,101.08,0
136539138,USA / Dover (Harness) (US) 6th Nov,R12 1m Stks,07-11-2017 01:10,15828598,Loopingforaliving,0,17,5.21672002510985561833019460138104205901,6.29989477040816326530612244897959183673,1,1001,1,1001,62.72,62.72,0
136574208,USA / FingL (US) 7th Nov,R2 6f Mdn Claim,07-11-2017 17:42,7627281,Bull,0,11,7.77265006148302782464468529268780920244,1,1,1001,1,1001,0,698.38,0
136573140,USA / Parx (US) 7th Nov,R8 1m Claim,07-11-2017 20:34,9552220,Chief Kitten,0,4.1,3.24430276739515825492308724733341969566,1,5.5,3.9,1,1001,0,3072.3,209.66
136548813,USA / MountP (US) 6th Nov,R8 6f Allw,07-11-2017 02:34,9556603,Coopers Crescent,0,5.99640303628774,4.82765790229760586288878710262522391276,5.70939384998688696564384998688696564385,7.8,5.1,1,1001,1220.16,1151,22.74
136549545,USA / Woodb (Harness) (US) 6th Nov,R8 1m Hcap,07-11-2017 02:50,9677731,Air Glider,0,28,9.05277777777777777777777777777777777778,13.5346153846153846153846153846153846154,1,1001,1,1001,2.6,2.6,0
136574220,USA / FingL (US) 7th Nov,R6 1m Claim,07-11-2017 19:30,10119936,Talk Time,0,3.818776161245623,2.90711220125786163522012578616352201258,1,5.2,3.7,1,1001,0,3974,0
136548813,USA / MountP (US) 6th Nov,R8 6f Allw,07-11-2017 02:34,10119856,Chairman Garey,0,60,58.156478159767887653127991005816132312,56.6049382716049382716049382716049382716,65,60,1,1001,45.36,40.28,0
136548816,USA / MountP (US) 6th Nov,R9 1m Claim,07-11-2017 02:56,10028695,Sunshine Valentino,0,23.100761587,23.9748813961552397596364676898408269087,20.9254019292604501607717041800643086817,1,1001,1,1001,31.1,22.1,0
136574217,USA / FingL (US) 7th Nov,R5 6f Claim,07-11-2017 19:03,10073454,Beantown Saint,0,3.8188517116760696,2.53954205950777519284927145830782417044,1,4.2,3.45,1,1001,0,4899.2,0
136548816,USA / MountP (US) 6th Nov,R9 1m Claim,07-11-2017 02:56,10040116,Father Mick,0,6.929717744424705,4.82443540027116408705731017345468696448,5.49986478425134221515211771724000795387,6,6,1,1001,502.9,437.62,5.62
136548795,USA / MountP (US) 6th Nov,R2 1m Claim,07-11-2017 00:22,10108366,Broadway Kate,0,61.64608707786512,54.6352986226889670931372526470345755563,44.4423857420151755779071819304746779601,120,40,60,50,113.34,77.26,12
136573131,USA / Parx (US) 7th Nov,R5 1m Claim,07-11-2017 19:13,10080953,Guyana Express,0,27.517953610664698,31.8054222134302067568789846521281745086,1,34,29,1,1001,0,61.4,.04
136548804,USA / MountP (US) 6th Nov,R5 6f Claim,07-11-2017 01:28,10134587,Joes Keeper,0,6.431232514465229,4.77016225286312411492285108932116621316,5.78485435450312097493312196571881502031,6.4,5.6,1,1001,1211.16,1189.44,.7
136574226,USA / FingL (US) 7th Nov,R8 6f Claim,07-11-2017 20:24,10072675,Charis,0,6.696182594212731,5.5836594822521899191916554614169527813,1,7.6,6.6,1,1001,0,1531.02,0
136575388,USA / ZiaP (US) 7th Nov,R5 6f Claim,07-11-2017 20:59,10159643,Artaksez,0,47.66857851611451,17.1752774738158511802407378458652493356,1,70,23,1,1001,0,510.76,0
136548798,USA / MountP (US) 6th Nov,R3 1m Mdn Claim,07-11-2017 00:44,10223860,Sandlot Sam,1,1.7531809718379003,.722331770685019723793235990424355572998,1.57183785553334360807774906599198344941,2,1.67,1.7,1.01,17778.22,12612.58,3730.08
136548798,USA / MountP (US) 6th Nov,R3 1m Mdn Claim,07-11-2017 00:44,10298390,Kinda Kirky,0,39.868946307685675,25.1957461335246400466373006738755565938,24.0500597983939859900905518537502135657,28,28,1,1001,117.06,75.32,.06
136574223,USA / FingL (US) 7th Nov,R7 6f Claim,07-11-2017 19:57,10861740,Phantom Cat,0,19.86778689570143,14.7645577122536672099570306712105497111,1,1,1001,1,1001,0,133.98,0
136575397,USA / ZiaP (US) 7th Nov,R8 6f Allw Claim,07-11-2017 22:20,10891609,Seams Discreet,0,10.323638355,7.26742374206418741322837617436547197024,1,10.5,8.2,1,1001,0,1482.78,0
136573134,USA / Parx (US) 7th Nov,R6 1m Allw,07-11-2017 19:40,10998919,Gritngrind,0,21,18.4498926147345825809906848086537647144,1,20,19,1,1001,0,145.9,.04
136549536,USA / Woodb (Harness) (US) 6th Nov,R5 1m Stks,07-11-2017 01:50,11169172,Rollaroundtheworld,0,50,21.9513626834381551362683438155136268344,25.5217798594847775175644028103044496487,1,1001,1,1001,8.54,8.54,0
136575382,USA / ZiaP (US) 7th Nov,R3 5f Mdn Claim,07-11-2017 20:05,11181745,Superbad Warning,0,86.09490214759485,47.2902083956526074384285571841659188354,1,120,25,1,1001,0,400.16,0
136575379,USA / ZiaP (US) 7th Nov,R2 5f Claim,07-11-2017 19:37,11392405,Fast T B,0,19.307110563255847,14.5383762843884653629433211799801126947,1,24,13,1,1001,0,964.44,0
136573140,USA / Parx (US) 7th Nov,R8 1m Claim,07-11-2017 20:34,11379930,Bitumen,0,2.089715556277879,1.11585221241227956844982550990894335189,1,2.14,1.87,11,1.9,0,8968.5,957.22
136539135,USA / Dover (Harness) (US) 6th Nov,R11 1m Stks,07-11-2017 00:50,11406052,Jet Blue Miracle,0,21.475141990650442,7.28564231738035264483627204030226700252,9.33544668587896253602305475504322766571,1,1001,1,1001,6.94,6.94,0
136549551,USA / Woodb (Harness) (US) 6th Nov,R10 1m Claim,07-11-2017 03:30,11325854,Charmbo Orbit,1,8.6,6.79345085470085470085470085470085470085,8.17682844243792325056433408577878103837,1,1001,1,1001,17.72,17.72,0
136549548,USA / Woodb (Harness) (US) 6th Nov,R9 1m Hcap,07-11-2017 03:10,11325875,Lisvinnie,0,3.825,1.51600102488550107292700893572046247958,2.51843261797067975491611330317903313765,1,1001,1,1001,623.46,623.46,0
136607217,USA / Plain (Harness) (US) 7th Nov,R6 1m Stks,07-11-2017 19:40,12054048,Tuukka,0,16.664256593808524,10.537037037037037037037037037037037037,1,1,1001,1,1001,0,26,0
136549542,USA / Woodb (Harness) (US) 6th Nov,R7 1m Stks,07-11-2017 02:30,12182967,Luke And Duke,0,50,40.5560646900269541778975741239892183288,44.486416184971098265895953757225433526,95,95,1,1001,13.84,13.84,0
136573323,USA / TPara (US) 7th Nov,R5 1m Allw,07-11-2017 21:52,12229387,Patience Ofa Saint,0,6.240889602595706,5.49627093628195358433865662211382424597,1,7.6,5.7,1,1001,0,2681.82,57.9
136568387,USA / DoverD (Harness) (US) 7th Nov,R3 1m Stks,07-11-2017 22:10,12430788,Lifeonafastjet,0,71.15670747224007,35.1826347305389221556886227544910179641,1,65,65,1,1001,0,19.04,0
136549527,USA / Woodb (Harness) (US) 6th Nov,R2 1m Stks,07-11-2017 00:50,12534612,Cue Hall,0,5.251026478201384,4.30571600203317776442863083960999953791,5.3156870918438238154786716687508684174,1,1001,1,1001,431.82,431.82,0
136539141,USA / Dover (Harness) (US) 6th Nov,R13 1m Stks,07-11-2017 01:15,12450544,Winbak Carl,0,8.210360533408242,5.14233735917994519435704861463513650665,6.1685657451800469244108946240946648985,6.6,6.6,1,1001,196.06,196.06,0
136539141,USA / Dover (Harness) (US) 6th Nov,R13 1m Stks,07-11-2017 01:15,12450596,Shootin To Kill,0,3.2016410917867337,1.58546714888487040385774562989752863171,2.59079430145823533364693232981654458706,1,1001,1,1001,297.62,297.62,0
136539132,USA / Dover (Harness) (US) 6th Nov,R10 1m Stks,07-11-2017 00:30,12445785,Nebraska Jack,0,18.567152151446788,7.94840707964601769911504424778761061947,9.31638888888888888888888888888888888889,1,1001,1,1001,21.6,21.6,0
136539129,USA / Dover (Harness) (US) 6th Nov,R9 1m Stks,07-11-2017 00:10,12654042,Hullaba Lulu,0,45.79530338171869,13.7178510998307952622673434856175972927,15.0142610198789974070872947277441659464,1,1001,1,1001,46.28,46.28,0
136548795,USA / MountP (US) 6th Nov,R2 1m Claim,07-11-2017 00:22,10143844,Katieafterdark,0,66.08881712251618,58.5293867937327079228675985971152810977,18.6671070013210039630118890356671070013,1,1001,1,1001,30.28,8.14,0
136568387,USA / DoverD (Harness) (US) 7th Nov,R3 1m Stks,07-11-2017 22:10,12943690,Vegas Art,0,11,6.6984,1,1,1001,1,1001,0,29,0
136549524,USA / Woodb (Harness) (US) 6th Nov,R1 1m Claim,07-11-2017 00:30,12896466,Oforpetesake,0,13.602741240621546,7.03500185391175380051909529106414534668,8.06118347599553405284704131001116486788,1,1001,1,1001,268.7,268.7,0
136573320,USA / TPara (US) 7th Nov,R4 6f Claim,07-11-2017 21:23,13008748,This Time I Win,0,50.016016124,42.5306720498143691894175475162360307335,1,60,25,1,1001,0,157.66,4.52
136607223,USA / Plain (Harness) (US) 7th Nov,R8 1m Stks,07-11-2017 20:20,13239734,City Sight,0,9.557063670801002,7.21897051941974730931211979410388394946,1,10,9.6,1,1001,0,212.7,0
136607223,USA / Plain (Harness) (US) 7th Nov,R8 1m Stks,07-11-2017 20:20,13239738,Toe Tag,0,6.8,7.12155397833395592080687336570788195742,1,9.4,9.4,1,1001,0,213.16,0
136573134,USA / Parx (US) 7th Nov,R6 1m Allw,07-11-2017 19:40,132869,Stadium,0,6.694589913720266,5.10874302655167318670748349445694703554,1,6.2,6.2,1,1001,0,215.38,12.32
136539129,USA / Dover (Harness) (US) 6th Nov,R9 1m Stks,07-11-2017 00:10,191189,Moon Rocket,0,108.37811252765357,27.3609498680738786279683377308707124011,29.102439024390243902439024390243902439,22,22,1,1001,36.9,36.9,0
136575394,USA / ZiaP (US) 7th Nov,R7 1m Claim,07-11-2017 21:54,9556692,Tulie Creek Crypt,0,130.75323695119468,57.8909157509157509157509157509157509158,1,140,40,1,1001,0,217.4,0
136575388,USA / ZiaP (US) 7th Nov,R5 6f Claim,07-11-2017 20:59,9691265,Alakazam,0,65,34.9625386996904024767801857585139318885,1,70,46,1,1001,0,192.8,0
136575379,USA / ZiaP (US) 7th Nov,R2 5f Claim,07-11-2017 19:37,9992013,Foxy Barbara,0,62.051170870191406,19.6442301075268817204301075268817204301,1,85,60,1,1001,0,278,0
136574226,USA / FingL (US) 7th Nov,R8 6f Claim,07-11-2017 20:24,10092538,Shopper,0,27.53189143085649,22.9528273586320683965801709914504274786,1,42,27,1,1001,0,265.68,0
136548816,USA / MountP (US) 6th Nov,R9 1m Claim,07-11-2017 02:56,9969256,Fiery Dream,0,19.914605391486543,16.7313988545345067548735567953965495683,14.40642575928008998875140607424071991,16,16,1,1001,142.24,86.38,.04
136548813,USA / MountP (US) 6th Nov,R8 6f Allw,07-11-2017 02:34,10084369,Balk,0,29,18.5022486201727309947744839598887448532,17.8380914032615260720756996174753372257,27,27,1,1001,99.34,86,.04
136574217,USA / FingL (US) 7th Nov,R5 6f Claim,07-11-2017 19:03,10073617,Snipers Hide,0,23.54701371659758,15.8157575341210955390675093890262892736,1,24,17.5,1,1001,0,872.36,0
136573317,USA / TPara (US) 7th Nov,R3 6f Claim,07-11-2017 20:54,10107393,Mysterious Storm,0,3.2,2.06819277474311937379978020250411819796,1,3.3,3,2.1,2.1,0,3185.26,726.76
136573125,USA / Parx (US) 7th Nov,R3 7f Claim,07-11-2017 18:19,10111766,Malibu High,0,6.6,5.21482276623083818497428906061571500013,1,6.4,6.4,1,1001,0,361.14,14.62
136573332,USA / TPara (US) 7th Nov,R8 6f Claim,07-11-2017 23:20,10138441,Legion Of Boom,1,4.936504047827331,3.95427535699499801892022493498040772105,1,5.3,4.8,1.01,1.01,0,3218.86,1895.3
136573311,USA / TPara (US) 7th Nov,R1 4f Allw,07-11-2017 19:55,10138226,Intrepid Jess,0,34.093815319,38.075173172382587326904075680706095462,1,48,40,40,40,0,133.06,8.44
136574217,USA / FingL (US) 7th Nov,R5 6f Claim,07-11-2017 19:03,10134351,Carls Birthday,0,5.3,3.80414308608235849713936222100071999814,1,5.8,3.95,1,1001,0,2582.34,0
136574226,USA / FingL (US) 7th Nov,R8 6f Claim,07-11-2017 20:24,10140101,Passion Police,0,32.66914881747739,22.2853800814243179194263839095825484596,1,38,22,1,1001,0,328.14,0
136573329,USA / TPara (US) 7th Nov,R7 1m Claim,07-11-2017 22:51,10513216,Pipers Purse,0,50.16302912350307,40.8292183177953078578014547689785882594,1,65,38,1,1001,0,194.22,0
136575385,USA / ZiaP (US) 7th Nov,R4 6f Claim,07-11-2017 20:32,10627289,George Henry,0,7,5.90246901414619191521044102833618009022,1,9,6.6,1,1001,0,1825.64,0
136573128,USA / Parx (US) 7th Nov,R4 7f Claim,07-11-2017 18:46,10715621,Hearty Jones,0,11.055930177467815,9.56570635037771900304796901318774887391,1,11,11,70,70,0,179.28,35.12
136575397,USA / ZiaP (US) 7th Nov,R8 6f Allw Claim,07-11-2017 22:20,10939667,Babes Cylver Slew,0,11.344749575241005,8.4770567441006335506381415847947846846,1,13.5,7.6,1,1001,0,1305.92,0
136573317,USA / TPara (US) 7th Nov,R3 6f Claim,07-11-2017 20:54,11207904,Royal Privacy,0,9.889182810693747,8.79185593787486919415906029738182706724,1,10,8.6,1,1001,0,758.88,4.92
136573131,USA / Parx (US) 7th Nov,R5 1m Claim,07-11-2017 19:13,11290997,Majestic Woody,0,8.572242745607507,7.47731045813050110098241244057027867506,1,12.5,7.6,1,1001,0,728.78,24.28
136539129,USA / Dover (Harness) (US) 6th Nov,R9 1m Stks,07-11-2017 00:10,11362454,Petrossian As,1,6.4,3.8477180820335066435586366262276140959,4.96216537775133848899464604402141582391,1,1001,1,1001,33.62,33.62,0
136574214,USA / FingL (US) 7th Nov,R4 6f Claim,07-11-2017 18:32,11401476,Chambord Lace,0,16,11.7564057079785556606748659728792179123,1,17,17,1,1001,0,506.36,0
136573122,USA / Parx (US) 7th Nov,R2 1m Claim,07-11-2017 17:52,11459378,Exotic Appeal,0,8.98124949,7.80546461379094866905319815405049804075,1,11.5,7.8,1,1001,0,950.86,47.36
136573122,USA / Parx (US) 7th Nov,R2 1m Claim,07-11-2017 17:52,11785520,Fautive,0,5.5678112473245704,4.73090214756271963910938073425165200634,1,6.6,5.2,4.9,4.9,0,1256.7,154.48
136549551,USA / Woodb (Harness) (US) 6th Nov,R10 1m Claim,07-11-2017 03:30,11845099,Terror Suspect,0,40.660430300363785,14.9509475539885412075804319083296606435,16.2878323569175304191077061739522307346,1,1001,1,1001,44.38,44.38,0
136574205,USA / FingL (US) 7th Nov,R1 6f Allw,07-11-2017 17:15,12284927,More Stones,0,1.95,.68960199399457374229068055751867646197,1,1.83,1.62,1,1001,0,5800.42,0
136568381,USA / DoverD (Harness) (US) 7th Nov,R1 1m Stks,07-11-2017 21:30,12713373,Trueys Last Dragon,0,26.095618991893712,12.3116057233704292527821939586645468998,1,24,24,1,1001,0,61.9,0
136548801,USA / MountP (US) 6th Nov,R4 6f Claim,07-11-2017 01:06,12970478,Grin N Bear,1,2.84,1.84307233214706760750991365136835280398,2.22676593715015531133220857444694974851,2.93,2.69,1.01,1.01,5073.68,3311.42,1610.4
136549524,USA / Woodb (Harness) (US) 6th Nov,R1 1m Claim,07-11-2017 00:30,12938039,Aphro Star,0,7.488554925846308,4.52001474770883809122511324133572105762,5.53194972539079002957329953527672158851,7,7,1,1001,378.72,378.72,0
136573128,USA / Parx (US) 7th Nov,R4 7f Claim,07-11-2017 18:46,13008235,Letthemooseloose,0,3.55,2.31544970022185785829781560671849761713,1,3.65,3.05,6,6,0,1900.32,179.82
136539132,USA / Dover (Harness) (US) 6th Nov,R10 1m Stks,07-11-2017 00:30,13104386,Nefarious,0,12.82940452412702,7.00582726326742976066597294484911550468,8.39034028540065861690450054884742041712,1,1001,1,1001,18.22,18.22,0
136607202,USA / Plain (Harness) (US) 7th Nov,R1 1m Stks,07-11-2017 18:00,13239606,Blackmalin,0,5.8409091995737965,3.78298914681941513415737111848055471812,1,4.8,4.8,1,1001,0,264.36,0
136607217,USA / Plain (Harness) (US) 7th Nov,R6 1m Stks,07-11-2017 19:40,13239731,Spy In The Camp,0,60,54.2105809128630705394190871369294605809,1,85,55,1,1001,0,56.84,0
136607205,USA / Plain (Harness) (US) 7th Nov,R2 1m Stks,07-11-2017 18:20,13339061,Dms Sugarland,1,30,9.29130619770245355268756204793646291306,1,48,48,1,1001,0,140.02,0
136568381,USA / DoverD (Harness) (US) 7th Nov,R1 1m Stks,07-11-2017 21:30,13274051,Marvalous Cut,1,1.981246040350961,.975937544004581170263698919482177557898,1,2.04,1.96,1,1001,0,4259.92,0
136568387,USA / DoverD (Harness) (US) 7th Nov,R3 1m Stks,07-11-2017 22:10,13548509,Jack Roger,1,1.57,.913813331148155085221951676343884622589,1,2.2,1.97,1,1001,0,1707.48,0
136549545,USA / Woodb (Harness) (US) 6th Nov,R8 1m Hcap,07-11-2017 02:50,13596709,Holiday Holly,0,18,13.2298971861471861471861471861471861472,14.4113274821722435545803620405924300603,1,1001,1,1001,72.92,72.92,0
136549551,USA / Woodb (Harness) (US) 6th Nov,R10 1m Claim,07-11-2017 03:30,14057235,Craven The Beach,0,6.4,4.08769723480706139665677237931573191689,5.11987875925051173043615178712013856086,1,1001,1,1001,127.02,127.02,0
136548810,USA / MountP (US) 6th Nov,R7 6f Allw,07-11-2017 02:12,14616729,Sky Energy,0,9.299285632218236,6.85662433179369980298423377844901152897,7.78890674228103339634530560806553245117,11,8.4,1,1001,634.8,617.92,0
136607229,USA / Plain (Harness) (US) 7th Nov,R10 1m Stks,07-11-2017 21:00,15091587,Duke Of Delray,0,11.5,1.33329383886255924170616113744075829384,1,1,1001,1,1001,0,32.76,0
136549548,USA / Woodb (Harness) (US) 6th Nov,R9 1m Hcap,07-11-2017 03:10,15343274,False Advertising,0,70,32.1314907872696817420435510887772194305,34.5358391608391608391608391608391608392,29,29,1,1001,22.88,22.88,0
136574208,USA / FingL (US) 7th Nov,R2 6f Mdn Claim,07-11-2017 17:42,15563593,Debonnaire Party,0,110,62.3325573661456601263717991353508480213,1,120,90,1,1001,0,119.28,0
136573326,USA / TPara (US) 7th Nov,R6 1m Mdn Claim,07-11-2017 22:21,15634404,Bribe The Judge,0,3.6007116494589715,2.60532966830017916804075667101665481932,1,4.3,3.4,1,1001,0,9493.72,94.54
136607223,USA / Plain (Harness) (US) 7th Nov,R8 1m Stks,07-11-2017 20:20,15739224,Bigtimescoop,0,2.68,1.47119559678994522525582777801367245552,1,2.6,2.34,1,1001,0,1883.08,0
136607223,USA / Plain (Harness) (US) 7th Nov,R8 1m Stks,07-11-2017 20:20,15739227,Persephonie,0,4,2.59237779618889809444904722452361226181,1,3.65,3.65,1,1001,0,674.92,0
136539138,USA / Dover (Harness) (US) 6th Nov,R12 1m Stks,07-11-2017 01:10,15828597,Friendsrforever,0,95.0290972752683,37.1221789883268482490272373540856031128,39.6251012145748987854251012145748987854,90,85,1,1001,24.7,24.7,0
136573134,USA / Parx (US) 7th Nov,R6 1m Allw,07-11-2017 19:40,35512,Royal Marine,0,22,23.3959479339227867971015435907855736419,1,28,28,1,1001,0,73.68,.04
136549551,USA / Woodb (Harness) (US) 6th Nov,R10 1m Claim,07-11-2017 03:30,861675,Independent Spirit,0,3.9,2.53537310364675410105661308226781235867,3.54059572364355456680262019527870473365,4,3.15,1,1001,485.46,485.46,0
136549533,USA / Woodb (Harness) (US) 6th Nov,R4 1m Claim,07-11-2017 01:30,6710055,Rockin Ronnie,0,5.052184226131068,3.75301242890246471455656203918264166842,4.77288225328250741211351122405760271072,5,5,1,1001,188.88,188.88,0
136574223,USA / FingL (US) 7th Nov,R7 6f Claim,07-11-2017 19:57,9552217,Gran The Man,0,4.547224843876901,3.78532024484920871902060316512391758734,1,5.4,4.4,1,1001,0,1606.52,0
136575394,USA / ZiaP (US) 7th Nov,R7 1m Claim,07-11-2017 21:54,9556687,Desert Mystery,1,2.218086482709478,1.24493916991347586394890329130105793498,1,2.76,2.08,1,1001,0,21276.3,0
136574223,USA / FingL (US) 7th Nov,R7 6f Claim,07-11-2017 19:57,9991429,Hepplewhite,0,4.7,3.67000822006843684884632295310737703351,1,5.1,5.1,1,1001,0,1045.22,0
136574220,USA / FingL (US) 7th Nov,R6 1m Claim,07-11-2017 19:30,10080815,Western Tryst,0,4.3,2.97371259501322043067139915764604573883,1,4.6,4.1,1,1001,0,3622.18,0
136575388,USA / ZiaP (US) 7th Nov,R5 6f Claim,07-11-2017 20:59,10107391,Malibu Park,0,48,29.1980188853915941492316237733753008702,1,50,36,1,1001,0,215.04,0
136548801,USA / MountP (US) 6th Nov,R4 6f Claim,07-11-2017 01:06,10205312,Gee Pea Ess,0,5.729125320308011,4.40801479104142329933285186523041841764,5.14758981659827485135248304162130474835,5.96,5.77,1,1001,1432.92,1296.62,21.2
136574223,USA / FingL (US) 7th Nov,R7 6f Claim,07-11-2017 19:57,10645133,Caelifera,0,5.366081835720106,1.96680889994876674229671375247017492498,1,6.8,2.54,1,1001,0,5464.2,0
136573134,USA / Parx (US) 7th Nov,R6 1m Allw,07-11-2017 19:40,10691730,Tactical Plan,0,12.5,10.3113537869318801962090044296672134458,1,12,12,1,1001,0,182.7,1.3
136548816,USA / MountP (US) 6th Nov,R9 1m Claim,07-11-2017 02:56,10703703,Country Flavor,0,14.5,11.7771890976616482088415271815443869098,12.3204873125720876585928489042675893887,1,1001,1,1001,138.72,125.7,8.04
136575385,USA / ZiaP (US) 7th Nov,R4 6f Claim,07-11-2017 20:32,11287011,St Domeinator,0,21,18.3976470588235294117647058823529411765,1,40,21,1,1001,0,492,0
136574229,USA / FingL (US) 7th Nov,R9 6f Claim,07-11-2017 20:51,11304408,Song For The Soul,1,4.326683127633878,3.22277591121971085318672368153125636327,1,5,4.4,1,1001,0,3927.8,0
136549545,USA / Woodb (Harness) (US) 6th Nov,R8 1m Hcap,07-11-2017 02:50,11325863,Mego Moss,1,7.6,1.95327188940092165898617511520737327189,3.04763285024154589371980676328502415459,1,1001,1,1001,20.7,20.7,0
136549536,USA / Woodb (Harness) (US) 6th Nov,R5 1m Stks,07-11-2017 01:50,11488219,Mach Messier,0,62.44127975963056,38.080459770114942528735632183908045977,39.8503841488071168621107966033158107562,65,27,1,1001,49.46,49.46,0
136573119,USA / Parx (US) 7th Nov,R1 7f Mdn,07-11-2017 17:25,11635277,Courageous Sadie,0,9.05792315474391,7.13746287530167873197350775149193767232,1,10,5.6,1,1001,0,1981.88,10.36
136573332,USA / TPara (US) 7th Nov,R8 6f Claim,07-11-2017 23:20,11628910,Outlaw By Nature,0,30,21.8777208051853808998464021525777869693,1,30,21,1,1001,0,474.56,.04
136573323,USA / TPara (US) 7th Nov,R5 1m Allw,07-11-2017 21:52,12031825,General Info,0,14,12.5336557981068532238225808367645759324,1,15.5,11,13,13,0,765.2,87.78
136574229,USA / FingL (US) 7th Nov,R9 6f Claim,07-11-2017 20:51,12022823,Frosterica,0,117.43913236269029,79.3237755734655920644761314321140731556,1,160,80,1,1001,0,128.04,0
136568387,USA / DoverD (Harness) (US) 7th Nov,R3 1m Stks,07-11-2017 22:10,12279047,Roman,0,80,35.3798219584569732937685459940652818991,1,1,1001,1,1001,0,12.48,0
136549542,USA / Woodb (Harness) (US) 6th Nov,R7 1m Stks,07-11-2017 02:30,12355172,Koultons Rocket,0,42,23.6096636665087636191378493604926575083,25.1824357108199902959728287239204269772,25,25,1,1001,41.22,41.22,0
136548804,USA / MountP (US) 6th Nov,R5 6f Claim,07-11-2017 01:28,12416170,Haynesfield Best,0,22,15.5587228120387355263619037524915103307,16.1044455503027287053164137015841419922,25,25,1,1001,241.14,223.1,18.04
136568402,USA / DoverD (Harness) (US) 7th Nov,R8 1m Stks,07-11-2017 23:50,12443774,Someway Same Hall,0,36.42315457222226,24.7443408788282290279627163781624500666,1,85,85,1,1001,0,29.04,0
136539132,USA / Dover (Harness) (US) 6th Nov,R10 1m Stks,07-11-2017 00:30,12445775,Make A Muscle K,0,6.12619769743178,3.07432638535841382816471784443314692425,4.15451225873761085028690662493479394888,1,1001,1,1001,38.34,38.34,0
136575376,USA / ZiaP (US) 7th Nov,R1 6f Mdn Claim,07-11-2017 19:10,12640407,Mirka Dome,0,16.97321163145826,9.08380251878505661974812149433802518785,1,16,9,1,1001,0,1132.88,0
136573326,USA / TPara (US) 7th Nov,R6 1m Mdn Claim,07-11-2017 22:21,12673111,Badly Needed,1,8.126469643626919,7.07892087551108474034493025886179824197,1,8.8,7.8,1.01,1.01,0,1752.46,1765.9
136574229,USA / FingL (US) 7th Nov,R9 6f Claim,07-11-2017 20:51,12974874,Nanas Meatballs,0,110.95025413640076,84.250893828695787346494637027825275921,1,180,95,1,1001,0,127.66,0
136607208,USA / Plain (Harness) (US) 7th Nov,R3 1m Stks,07-11-2017 18:40,13239594,Big Bad George,0,7,4.93944177169893841199157091169337203292,1,6.8,4.8,1,1001,0,502.02,0
136548810,USA / MountP (US) 6th Nov,R7 6f Allw,07-11-2017 02:12,13223052,Onlyattheshoe,0,50,30.0247282706193557745910943945854396908,30.0935408677344161215128957064440935409,42,23,1,1001,265.98,255.36,0
136607202,USA / Plain (Harness) (US) 7th Nov,R1 1m Stks,07-11-2017 18:00,13290468,The Date Rocker,0,34.16183005455707,23.7483636363636363636363636363636363636,1,36,19,1,1001,0,136.5,0
136568393,USA / DoverD (Harness) (US) 7th Nov,R5 1m Stks,07-11-2017 22:50,13733927,Apple Heir,0,210,87.7822822822822822822822822822822822823,1,110,70,1,1001,0,12.32,0
136575400,USA / ZiaP (US) 7th Nov,R9 6f Mdn,07-11-2017 22:46,14594995,Indian Medicine,0,24,12.5712722412496867429621585498287528193,1,1,1001,1,1001,0,238.42,0
136575400,USA / ZiaP (US) 7th Nov,R9 6f Mdn,07-11-2017 22:46,15385884,Mcgoldie,0,12.361917938,8.86892985720153671442723560538333293063,1,15,15,1,1001,0,826.74,0
136607223,USA / Plain (Harness) (US) 7th Nov,R8 1m Stks,07-11-2017 20:20,15617917,Poocham Princess,1,60.809480647575114,33.3212201591511936339522546419098143236,1,65,28,1,1001,0,36.7,0
136539141,USA / Dover (Harness) (US) 6th Nov,R13 1m Stks,07-11-2017 01:15,15704580,Als Hammered,1,4.064518104,1.9564569816643159379407616361071932299,2.98444635193133047210300429184549356223,1,1001,1,1001,69.9,69.9,0
136568396,USA / DoverD (Harness) (US) 7th Nov,R6 1m Stks,07-11-2017 23:10,15776925,Sharky Babe,0,17.5,16.5332005312084993359893758300132802125,1,1,1001,1,1001,0,14.06,0
136573314,USA / TPara (US) 7th Nov,R2 1m Mdn Claim,07-11-2017 20:25,15901848,Film Actress,0,7.2,6.22938708079498027262299666830856354025,1,7,7,5.2,5.2,0,214.32,154.36
136568390,USA / DoverD (Harness) (US) 7th Nov,R4 1m Stks,07-11-2017 22:30,15842590,Cheyenne Zone,0,11.073817498,3.37046594982078853046594982078853046595,1,1,1001,1,1001,0,26.9,0
136568393,USA / DoverD (Harness) (US) 7th Nov,R5 1m Stks,07-11-2017 22:50,15842592,Toms Tarzan,0,7.450125313283062,6.26688463334890238206445586174684726763,1,7.8,7.8,1,1001,0,84.64,0
136539138,USA / Dover (Harness) (US) 6th Nov,R12 1m Stks,07-11-2017 01:10,15828595,America First,0,3.35,2.14614716106604866743916570104287369641,3.16180332652465713451998832798365917712,3.4,3.4,1,1001,137.08,137.08,0
136568384,USA / DoverD (Harness) (US) 7th Nov,R2 1m Stks,07-11-2017 21:50,10695,Wonderful World,0,31.875840813,5.55967276227141482194417709335899903754,1,1,1001,1,1001,0,40.56,0
136575400,USA / ZiaP (US) 7th Nov,R9 6f Mdn,07-11-2017 22:46,2241526,Money Order,0,2.56,1.80505758407544242020772119786625026158,1,3.45,2.5,1,1001,0,16342.06,0
136607211,USA / Plain (Harness) (US) 7th Nov,R4 1m Stks,07-11-2017 19:00,5612345,Gatewood,0,12,7.34776022505951092837048257952824064055,1,1,1001,1,1001,0,91.42,0
136574211,USA / FingL (US) 7th Nov,R3 1m Mdn Claim,07-11-2017 18:05,8844927,Scipios Dream,0,14,9.32459482430174965563729081797133729961,1,13,10.5,1,1001,0,681.42,0
136574214,USA / FingL (US) 7th Nov,R4 6f Claim,07-11-2017 18:32,9556493,Malibu Ice,0,3.7405497434720743,2.7821097308651493576480399021327815846,1,4.5,3.9,1,1001,0,5083.44,0
136575379,USA / ZiaP (US) 7th Nov,R2 5f Claim,07-11-2017 19:37,10080872,Andele Sunrise,0,120,56.2352352352352352352352352352352352352,1,160,130,1,1001,0,98.9,0
136573119,USA / Parx (US) 7th Nov,R1 7f Mdn,07-11-2017 17:25,10134141,Love For Scarlett,0,24.880849353345106,25.2616473896430087461844943829800970489,1,34,19,1,1001,0,827.36,11.24
136575394,USA / ZiaP (US) 7th Nov,R7 1m Claim,07-11-2017 21:54,10216438,Veils Vengeance,0,10.097204049632348,7.72169339966548012179954539606295835656,1,14,7.8,1,1001,0,1864.36,0
136574214,USA / FingL (US) 7th Nov,R4 6f Claim,07-11-2017 18:32,10237999,Dr Ruthless,1,3.9,2.30207073694697842398580279585292194651,1,3.8,3.25,1,1001,0,6422.8,0
136573140,USA / Parx (US) 7th Nov,R8 1m Claim,07-11-2017 20:34,10228322,Winters Gift,0,15.792050406715717,12.5274249755997395705704847905345620338,1,12.5,12.5,1.01,1.01,0,214.02,2277.76
136573320,USA / TPara (US) 7th Nov,R4 6f Claim,07-11-2017 21:23,10288281,Little Mustard,0,4.677306996477489,3.68463009838880750233582448313173882018,1,5.4,3.6,1,1001,0,4806.6,26.92
136548807,USA / MountP (US) 6th Nov,R6 6f Claim,07-11-2017 01:50,10382153,Dont Shush Me,0,60.54838597055525,18.166630436919356571083761371416068401,24.6566985645933014354066985645933014354,1,1001,1,1001,8.36,6.02,0
136568384,USA / DoverD (Harness) (US) 7th Nov,R2 1m Stks,07-11-2017 21:50,11334710,Gorgeous Halie,0,28,12.4687512878631774160313208324747578817,1,8.6,8.6,1,1001,0,193.12,0
136539132,USA / Dover (Harness) (US) 6th Nov,R10 1m Stks,07-11-2017 00:30,11362401,Powerful Peace,0,50.62141148231926,13.7957437275985663082437275985663082437,15.1118698441796516956920256645279560037,1,1001,1,1001,43.64,43.64,0
136568402,USA / DoverD (Harness) (US) 7th Nov,R8 1m Stks,07-11-2017 23:50,11379834,Tymal Signature,0,3.35,3.67345191040843214756258234519104084321,1,1,1001,1,1001,0,29.36,0
136549536,USA / Woodb (Harness) (US) 6th Nov,R5 1m Stks,07-11-2017 01:50,11362282,Big Yellow,0,580,30.3643634037108125399872040946896992962,31.8579323797139141742522756827048114434,28,25,1,1001,61.52,61.52,0
136549539,USA / Woodb (Harness) (US) 6th Nov,R6 1m Hcap,07-11-2017 02:10,11325848,Excuse Me Please,0,42,30.4122541603630862329803328290468986384,33.9009819967266775777414075286415711948,36,36,1,1001,12.22,12.22,0
136539129,USA / Dover (Harness) (US) 6th Nov,R9 1m Stks,07-11-2017 00:10,11422644,Summajestic,0,159.40446695663044,24.0208497246262785208497246262785208497,25.5028089887640449438202247191011235955,48,34,1,1001,49.84,49.84,0
136607220,USA / Plain (Harness) (US) 7th Nov,R7 1m Stks,07-11-2017 20:00,11479389,Windsong Gorgeous,0,3.95,2.34800320953690967446125630444750114626,1,1,1001,1,1001,0,435.2,0
136573140,USA / Parx (US) 7th Nov,R8 1m Claim,07-11-2017 20:34,11540404,Unto Thou,0,120,88.626188408893208811096764251949285574,1,130,75,50,50,0,147.48,5.9
136607229,USA / Plain (Harness) (US) 7th Nov,R10 1m Stks,07-11-2017 21:00,11667724,Bass Player,0,12.79640845070593,7.22391874180865006553079947575360419397,1,1,1001,1,1001,0,29.52,0
136549542,USA / Woodb (Harness) (US) 6th Nov,R7 1m Stks,07-11-2017 02:30,11744025,Audreys Dream,1,5.8,4.08402737562516451697815214530139510397,5.11108108108108108108108108108108108108,5.9,5.9,1,1001,150.96,150.96,0
136575391,USA / ZiaP (US) 7th Nov,R6 6f Allw,07-11-2017 21:26,11851511,Rhythmn Song,0,5,4.56380239286553120618358588195101814222,1,8.2,5.7,1,1001,0,2809.02,0
136575382,USA / ZiaP (US) 7th Nov,R3 5f Mdn Claim,07-11-2017 20:05,12165819,Irish Missile,0,64.5168007432483,37.89677540659960515182852307981573752,1,80,42,1,1001,0,211.74,0
136573134,USA / Parx (US) 7th Nov,R6 1m Allw,07-11-2017 19:40,12416166,Tempestuous Angel,0,29.271548888273536,14.8778124382873808747318849690622614581,1,28,12.5,1,1001,0,272.06,4.04
136568387,USA / DoverD (Harness) (US) 7th Nov,R3 1m Stks,07-11-2017 22:10,12454859,Little Tj,0,5.902516710702329,3.19598445595854922279792746113989637306,1,1,1001,1,1001,0,184.28,0
136539132,USA / Dover (Harness) (US) 6th Nov,R10 1m Stks,07-11-2017 00:30,12461765,Photo Message,0,31.823933690788692,15.3573022312373225152129817444219066937,17.1776709401709401709401709401709401709,17,17,1,1001,18.72,18.72,0
136568402,USA / DoverD (Harness) (US) 7th Nov,R8 1m Stks,07-11-2017 23:50,12445783,Marleys Guy,0,10.83520552,5.08068493150684931506849315068493150685,1,1,1001,1,1001,0,57.4,0
136548810,USA / MountP (US) 6th Nov,R7 6f Allw,07-11-2017 02:12,12896681,Cutler,1,5.3,5.05889089118883340210464385862406677036,1.95197555231770127405801030089455136893,1,1001,2.4,1.01,2360.96,287.72,1953.34
136568384,USA / DoverD (Harness) (US) 7th Nov,R2 1m Stks,07-11-2017 21:50,13102436,Afk Hanover,0,28.80198669756443,11.7918519581121790273992253622148902597,1,30,28,1,1001,0,138.42,0
136574211,USA / FingL (US) 7th Nov,R3 1m Mdn Claim,07-11-2017 18:05,13102881,Act Surprised,0,1.63,.655311180636154143748633328287160855158,1,1.75,1.61,1,1001,0,21401.36,0
136607214,USA / Plain (Harness) (US) 7th Nov,R5 1m Stks,07-11-2017 19:20,13221690,Monty Hanover,0,84.16272948974279,43.5912815470337594231399541134054408391,1,85,70,1,1001,0,60.02,0
136607226,USA / Plain (Harness) (US) 7th Nov,R9 1m Stks,07-11-2017 20:40,14934686,Cowboy Blue,0,17.82277857979759,8.52430518504147063103264296454382305864,1,18.5,7.6,1,1001,0,411.34,0
136607220,USA / Plain (Harness) (US) 7th Nov,R7 1m Stks,07-11-2017 20:00,15091586,Title Town,0,5.6,4.16450875256268727330074120801135467592,1,5.7,5.7,1,1001,0,252.64,0
136549536,USA / Woodb (Harness) (US) 6th Nov,R5 1m Stks,07-11-2017 01:50,15285079,Preppy Art,0,9.75912408759124,3.53511053315994798439531859557867360208,4.78094575799721835883171070931849791377,1,1001,1,1001,14.38,14.38,0
136568396,USA / DoverD (Harness) (US) 7th Nov,R6 1m Stks,07-11-2017 23:10,15704569,Miss Bandolito,1,3.575,2.55,1,1,1001,1,1001,0,102.04,0
136568381,USA / DoverD (Harness) (US) 7th Nov,R1 1m Stks,07-11-2017 21:30,15724106,True Cut,0,10.038436179125835,5.36493116395494367959949937421777221527,1,1,1001,1,1001,0,78.9,0
136548792,USA / MountP (US) 6th Nov,R1 6f Mdn,07-11-2017 00:00,15891282,Royal Morn,0,9.933515911325811,6.84507737875031480949458271259129004001,5.49091975368976639624670120222852116118,7.4,7.4,1,1001,409.24,211.16,28.04
136548792,USA / MountP (US) 6th Nov,R1 6f Mdn,07-11-2017 00:00,15891284,Lil Deuce Coop,0,130,88.4056231402749325769135238857775940889,114.997419830446000737191301142646516771,130,65,390,390,54.26,47.12,5
136539138,USA / Dover (Harness) (US) 6th Nov,R12 1m Stks,07-11-2017 01:10,15828596,Teggers Hanover,0,2.300922062,1.24735416958654519971969166082690960056,2.24910484210526315789473684210526315789,2.42,2.28,1,1001,712.5,712.5,0
136548813,USA / MountP (US) 6th Nov,R8 6f Allw,07-11-2017 02:34,159107,Plumbago,0,22.43196254572831,14.3629605512444285110822761062331935875,12.3417903378591727186611935585727818124,14,14,1,1001,126.68,61.7,0
136607220,USA / Plain (Harness) (US) 7th Nov,R7 1m Stks,07-11-2017 20:00,421882,Free Love,1,2.94,2.29362490080239837756811568644740322723,1,3.35,3.15,1,1001,0,1359.92,0
136573131,USA / Parx (US) 7th Nov,R5 1m Claim,07-11-2017 19:13,10007026,Paper Street,0,23,18.2277812410584801238512696822231433461,1,22,22,1,1001,0,87.24,.04
136573125,USA / Parx (US) 7th Nov,R3 7f Claim,07-11-2017 18:19,10073841,The Morning Guys,0,5,3.1123009884704088824391950354783861895,1,5.5,4,5.5,3,0,3248.4,965.6
136548813,USA / MountP (US) 6th Nov,R8 6f Allw,07-11-2017 02:34,10073098,Courts Ruling,0,30,39.6952563515675086459850421706905973362,30.5262919310970081595648232094288304624,48,32,1,1001,44.12,31.16,0
136573311,USA / TPara (US) 7th Nov,R1 4f Allw,07-11-2017 19:55,10092179,Sprinkled Ivory,0,1.6745254598518657,.630441380345841480376572873571643557926,1,1.7,1.51,1.01,1.01,0,13534.8,2477.74
136575388,USA / ZiaP (US) 7th Nov,R5 6f Claim,07-11-2017 20:59,10064721,Find Water,0,120,63.4924063295743906875227355401964350673,1,330,3.1,1,1001,0,218.92,0
136548807,USA / MountP (US) 6th Nov,R6 6f Claim,07-11-2017 01:50,10186116,Nanjing Road,1,21,16.05799456956845158952518116211802431,4.86749272130335129777612587499225670569,16.5,15.5,1,1001,645.72,140.02,494.72
136574226,USA / FingL (US) 7th Nov,R8 6f Claim,07-11-2017 20:24,10403544,Victorias Fire,0,2.6778590745646946,1.69502691203310819451064275002615640367,1,3.1,2.6,1,1001,0,8601.1,0
136574229,USA / FingL (US) 7th Nov,R9 6f Claim,07-11-2017 20:51,10513146,Marakovits,0,11.474680942185227,7.67357913426095682883995599899646834051,1,15,8,1,1001,0,2071.68,0
136574226,USA / FingL (US) 7th Nov,R8 6f Claim,07-11-2017 20:24,10454961,Andromedas Risk,0,5.95179969354591,4.27406915139096564582525705635856823762,1,6.6,6,1,1001,0,1082.42,0
136548801,USA / MountP (US) 6th Nov,R4 6f Claim,07-11-2017 01:06,10849785,Bourbon City,0,7.8127077837893735,5.9503334972696703017415605596255413397,6.80241775302204313818440388717705617445,7.6,6.6,1,1001,1687.6,1597.1,14.52
136573122,USA / Parx (US) 7th Nov,R2 1m Claim,07-11-2017 17:52,11099470,Cold Hearted Pearl,1,4.018324016442056,3.18099321872859152597580818248917159781,1,4.5,4,1.01,1.01,0,3058.06,2487.7
136549533,USA / Woodb (Harness) (US) 6th Nov,R4 1m Claim,07-11-2017 01:30,11379740,Notetoself Hanover,0,300.9699241818581,31.6495901639344262295081967213114754098,33.7687411598302687411598302687411598303,23,23,1,1001,28.28,28.28,0
136549527,USA / Woodb (Harness) (US) 6th Nov,R2 1m Stks,07-11-2017 00:50,11306271,Its Huw You Know,0,14.591492602226788,5.83631072308036713678083725095142153571,6.90237717908082408874801901743264659271,1,1001,1,1001,88.34,88.34,0
136549539,USA / Woodb (Harness) (US) 6th Nov,R6 1m Hcap,07-11-2017 02:10,11405697,Deuce Deuce Deuce,0,4.402876240632031,2.91825545491972004940304652120214079868,3.9333509207531553900268984067866749431,1,1001,1,1001,193.32,193.32,0
136607226,USA / Plain (Harness) (US) 7th Nov,R9 1m Stks,07-11-2017 20:40,11338173,Donomoni,0,2.48,2.06588859921216388513577803573807303659,1,3.75,3.2,1,1001,0,1049.98,0
136539135,USA / Dover (Harness) (US) 6th Nov,R11 1m Stks,07-11-2017 00:50,11375348,Stompin Tom Creek,1,30.04072265743278,10.2470588235294117647058823529411764706,15.5166666666666666666666666666666666667,1,1001,1,1001,2.4,2.4,0
136607229,USA / Plain (Harness) (US) 7th Nov,R10 1m Stks,07-11-2017 21:00,11362285,Carolina Hurricane,0,33.51873643740545,8.38537079292641186537364517969195664575,1,26,2.3,1,1001,0,139.24,0
136607229,USA / Plain (Harness) (US) 7th Nov,R10 1m Stks,07-11-2017 21:00,11520733,Treasure Mach,1,1.81,.809093538963502541922755899537142423553,1,1.81,1.71,1,1001,0,2107.64,0
136548798,USA / MountP (US) 6th Nov,R3 1m Mdn Claim,07-11-2017 00:44,11582536,Three Sock General,0,80,85.7780633140605443707365234276877240271,33.6124328472755180353031465848042977744,110,85,1,1001,78.18,28.3,0
136549527,USA / Woodb (Harness) (US) 6th Nov,R2 1m Stks,07-11-2017 00:50,11488223,Jetpedia,0,32,10.7711245235069885641677255400254129606,11.9449644932214331826985151710781149129,32,32,1,1001,61.96,61.96,0
136573134,USA / Parx (US) 7th Nov,R6 1m Allw,07-11-2017 19:40,11588133,Thirst For Victory,0,6.4,4.19013746292782953085858911317243187622,1,5.6,5.6,1,1001,0,342.54,8.46
136607217,USA / Plain (Harness) (US) 7th Nov,R6 1m Stks,07-11-2017 19:40,12461748,Stonebridge Rocks,0,15,12.1177584248390761075350246118894358198,1,1,1001,1,1001,0,51.82,0
136539141,USA / Dover (Harness) (US) 6th Nov,R13 1m Stks,07-11-2017 01:15,12450552,Seacoast,0,22.788975912109017,11.458788826815642458100558659217877095,12.5882666666666666666666666666666666667,1,1001,1,1001,88.5,88.5,0
136539141,USA / Dover (Harness) (US) 6th Nov,R13 1m Stks,07-11-2017 01:15,12661041,Rocknroll Power,0,194.4778205447085,22.3794117647058823529411764705882352941,23.7429499675113710201429499675113710201,48,20,1,1001,61.56,61.56,0
136573128,USA / Parx (US) 7th Nov,R4 7f Claim,07-11-2017 18:46,12763135,Richies Lady,1,16.877129679,16.8733384972314644422286157001890984766,1,18.5,17.5,1.01,1.01,0,378.62,1940.82
136548810,USA / MountP (US) 6th Nov,R7 6f Allw,07-11-2017 02:12,12937792,Custom Infinity,0,7.2,7.6543007903692840640051423653999946708,8.15647146587094367773218948153674002238,10,7.8,1,1001,536.2,482.6,5.4
136548810,USA / MountP (US) 6th Nov,R7 6f Allw,07-11-2017 02:12,12937813,Madeye,0,6.8,4.95784882737604031778058912923750137894,4.7921909396361951106476653921909396362,1,1001,1,1001,172.62,100.4,12.22
136573314,USA / TPara (US) 7th Nov,R2 1m Mdn Claim,07-11-2017 20:25,13251366,Confed,0,15,10.1294985752332004585454316266548939541,1,15,8.6,1,1001,0,447.54,66.74
136607229,USA / Plain (Harness) (US) 7th Nov,R10 1m Stks,07-11-2017 21:00,13239590,Forever Worth It,0,5.627562811,5.35426635320149356935416954778038998755,1,1,1001,1,1001,0,143.62,0
136574214,USA / FingL (US) 7th Nov,R4 6f Claim,07-11-2017 18:32,13255664,Indian Legacy,0,5.835879109199159,3.84823055292791333532026279301810265514,1,5.9,4.6,1,1001,0,1542.42,0
136575376,USA / ZiaP (US) 7th Nov,R1 6f Mdn Claim,07-11-2017 19:10,13332493,Andrews Speedracer,0,21,14.0219271776302554817944075638704486019,1,40,19.5,1,1001,0,297.26,0
136548798,USA / MountP (US) 6th Nov,R3 1m Mdn Claim,07-11-2017 00:44,14045913,Ks Prideofdenali,0,7.7456820504664226,6.89907587371055569452029421667824100627,7.18296015704076311995828604729626108027,8.8,6.8,1,1001,1304.12,1126.88,8.04
136574211,USA / FingL (US) 7th Nov,R3 1m Mdn Claim,07-11-2017 18:05,15385878,Le Brown James,0,31.68473969263141,20.1671537112799532437171244886031560491,1,36,22,1,1001,0,341.2,0
136575400,USA / ZiaP (US) 7th Nov,R9 6f Mdn,07-11-2017 22:46,15385885,Southwest Queen,0,4,2.54777056492562575917481431330771222047,1,4.2,3.4,1,1001,0,5020.9,0
136607205,USA / Plain (Harness) (US) 7th Nov,R2 1m Stks,07-11-2017 18:20,15617919,A World Apart,0,1.82,1.05322161274327507127804636172059005826,1,2.76,1.82,1,1001,0,7743.32,0
136549533,USA / Woodb (Harness) (US) 6th Nov,R4 1m Claim,07-11-2017 01:30,15613574,Home Matters,0,18,15.8540793689918659107715060389450332758,17.0519091589717993511355128525081108061,19,19,1,1001,80.14,80.14,0
136549536,USA / Woodb (Harness) (US) 6th Nov,R5 1m Stks,07-11-2017 01:50,15736674,Linkjack Hanover,0,21.71765843255445,9.3208955223880597014925373134328358209,10.9389920424403183023872679045092838196,1,1001,1,1001,15.08,15.08,0
136568393,USA / DoverD (Harness) (US) 7th Nov,R5 1m Stks,07-11-2017 22:50,1337959,Legato,0,24.5,19.2309090909090909090909090909090909091,1,1,1001,1,1001,0,10,0
136607220,USA / Plain (Harness) (US) 7th Nov,R7 1m Stks,07-11-2017 20:00,2475309,Soggy Dollar,0,14.37231579210376,8.94614468085106382978723404255319148936,1,11.5,11.5,1,1001,0,116.5,0
136573329,USA / TPara (US) 7th Nov,R7 1m Claim,07-11-2017 22:51,10119827,Cause Im Gold,0,6.275762576223351,4.30189212433355686995830206686951338626,1,6.2,5.6,1,1001,0,2129.92,20.94
136548816,USA / MountP (US) 6th Nov,R9 1m Claim,07-11-2017 02:56,10088347,Carsons Ten,0,20,14.6021185611440985287912310235040645674,13.0468480523342253939934582218257508177,1,1001,1,1001,134.52,102.72,0
136575388,USA / ZiaP (US) 7th Nov,R5 6f Claim,07-11-2017 20:59,9979071,Classy Cam,1,3.6202019532804472,2.4963097592327087556236713303999604489,1,4.6,3.2,1,1001,0,8089.8,0
136548804,USA / MountP (US) 6th Nov,R5 6f Claim,07-11-2017 01:28,10028919,Lonesome Highway,0,12,6.76460767697191390485740003282390023488,7.88773667346344305272356539469851441888,1,1001,1,1001,68.66,68.62,.04
136575388,USA / ZiaP (US) 7th Nov,R5 6f Claim,07-11-2017 20:59,10084524,Silent Dehere,0,16.5,14.4591820898953902747442234739625244281,1,19,17,1,1001,0,694.92,0
136575391,USA / ZiaP (US) 7th Nov,R6 6f Allw,07-11-2017 21:26,10111889,Mercedes Starlett,0,4.900634344871489,3.44500801809482998546582259468199308191,1,5.5,3.95,1,1001,0,4526.26,0
136573329,USA / TPara (US) 7th Nov,R7 1m Claim,07-11-2017 22:51,10074221,Pasamonte,0,67.733344678,52.2920402064656343384949741917957076881,1,80,60,1,1001,0,146.24,0
136574217,USA / FingL (US) 7th Nov,R5 6f Claim,07-11-2017 19:03,10134354,Shirakuma,1,2.10312110034287,1.24913564596909337689607060031997097692,1,2.62,2.14,1,1001,0,18963.22,0
136573326,USA / TPara (US) 7th Nov,R6 1m Mdn Claim,07-11-2017 22:21,10007479,Distorted King,0,102.266995696,100.815564706912061769444587511189487112,1,150,85,1,1001,0,157.24,0
136573317,USA / TPara (US) 7th Nov,R3 6f Claim,07-11-2017 20:54,10163558,Botch,0,7.4,4.90586078191936152846259174759491937907,1,7.4,5.5,1,1001,0,2818.7,11.38
136574214,USA / FingL (US) 7th Nov,R4 6f Claim,07-11-2017 18:32,10378792,Angelicas Indy,0,36.681332441474375,26.8928509607062489181235935606716288731,1,46,30,1,1001,0,345.62,0
136607205,USA / Plain (Harness) (US) 7th Nov,R2 1m Stks,07-11-2017 18:20,11082630,Waves,0,14.122163843187735,6.34713720189243989572269962344308197354,1,6.2,6.2,1,1001,0,620.42,0
136549551,USA / Woodb (Harness) (US) 6th Nov,R10 1m Claim,07-11-2017 03:30,11338087,Idole Duharas,0,3.6,2.88250673620165145588874402433724467623,3.89508860759493670886075949367088607595,1,1001,1,1001,229.1,229.1,0
136549542,USA / Woodb (Harness) (US) 6th Nov,R7 1m Stks,07-11-2017 02:30,11326373,Bugger Bruiser,0,30.603234981,9.69501084598698481561822125813449023861,11.8744525547445255474452554744525547445,1,1001,1,1001,8.22,8.22,0
136539129,USA / Dover (Harness) (US) 6th Nov,R9 1m Stks,07-11-2017 00:10,11405696,The Muscle Touch,0,19,8.60306209637357178340784898161947342275,9.6460129805292061907139291063404892661,10,10,1,1001,200.3,200.3,0
136549530,USA / Woodb (Harness) (US) 6th Nov,R3 1m Stks,07-11-2017 01:10,11375416,Zorgwijk Rocket,0,42,23.6948207171314741035856573705179282869,25.2311453146220009053870529651425984608,50,50,1,1001,44.18,44.18,0
136549524,USA / Woodb (Harness) (US) 6th Nov,R1 1m Claim,07-11-2017 00:30,11455284,Four Card Major,1,1.6154627327668138,.601289054316005639789583754084034374782,1.6013458057184709215734761409476420321,1.87,1.33,1,1001,10595.14,10595.14,0
136549536,USA / Woodb (Harness) (US) 6th Nov,R5 1m Stks,07-11-2017 01:50,11957328,Dubious Claim,0,9.2,7.06485311553155052035304966407587933079,8.11169606153030102108473677231136454051,1,1001,1,1001,150.82,150.82,0
136548795,USA / MountP (US) 6th Nov,R2 1m Claim,07-11-2017 00:22,12087672,My Lani Rose,0,14.86622031187829,19.7451030617463358151806290729638960836,12.8342989300565341307293370088305377751,32,18,1,1001,428.06,255.46,.04
136548798,USA / MountP (US) 6th Nov,R3 1m Mdn Claim,07-11-2017 00:44,12198735,Bahaha,0,24,26.0778646963083715922916918972162519218,24.2167152309840344806653311479390517817,32,25,1,1001,658.92,581.66,5.04
136573134,USA / Parx (US) 7th Nov,R6 1m Allw,07-11-2017 19:40,12329278,Exclusive Zip,0,21,17.9534146861429881637751059214337781262,1,20,20,1,1001,0,176.76,35.54
136568390,USA / DoverD (Harness) (US) 7th Nov,R4 1m Stks,07-11-2017 22:30,12541895,Madgie May,0,12.35681909466395,6.03264248704663212435233160621761658031,1,1,1001,1,1001,0,26.02,0
136568390,USA / DoverD (Harness) (US) 7th Nov,R4 1m Stks,07-11-2017 22:30,12541900,Controlled Chaos,0,8.221964632887392,4.36858006042296072507552870090634441088,1,1,1001,1,1001,0,65.2,0
136568381,USA / DoverD (Harness) (US) 7th Nov,R1 1m Stks,07-11-2017 21:30,12580368,A Farmboys Success,0,5.879256393,3.12761296779280645356947898344149936313,1,4.7,4.2,1,1001,0,658.48,0
136607229,USA / Plain (Harness) (US) 7th Nov,R10 1m Stks,07-11-2017 21:00,12585352,Beachchip Hanover,0,17.887358009560266,10.1094060795011691348402182385035074045,1,1,1001,1,1001,0,127.3,0
136607217,USA / Plain (Harness) (US) 7th Nov,R6 1m Stks,07-11-2017 19:40,12754759,Academic Hanover,0,7.348702123165131,3.54483394833948339483394833948339483395,1,1,1001,1,1001,0,42.36,0
136549530,USA / Woodb (Harness) (US) 6th Nov,R3 1m Stks,07-11-2017 01:10,12984133,Mr Shanahan,0,18,12.2906429026098026734563971992361553151,13.6946745562130177514792899408284023669,1,1001,1,1001,30.42,30.42,0
136573314,USA / TPara (US) 7th Nov,R2 1m Mdn Claim,07-11-2017 20:25,13347244,Tomorrows Mine,0,1.9897560392927338,1.06043340778168574846134974332213217231,1,2.26,1.88,2.04,1.9,0,8118.48,4878.1
136575400,USA / ZiaP (US) 7th Nov,R9 6f Mdn,07-11-2017 22:46,13598071,Allaboutthat Bull,0,24.2020692845757,20.4308056231413895647472289808056231414,1,26,21,1,1001,0,738.8,0
136575376,USA / ZiaP (US) 7th Nov,R1 6f Mdn Claim,07-11-2017 19:10,14803175,Please Do Tell,0,22.066997956817538,12.8605993951058564751168545504536706076,1,23,23,1,1001,0,217.22,0
136573119,USA / Parx (US) 7th Nov,R1 7f Mdn,07-11-2017 17:25,15405410,Primed To Fire,0,12,9.82414066492231889540710486624891416802,1,13,9.2,1,1001,0,597.96,28.72
136607217,USA / Plain (Harness) (US) 7th Nov,R6 1m Stks,07-11-2017 19:40,15492292,Ramblin Art,1,4.35,3.54679884292983678554084584362661261375,1,1,1001,1,1001,0,946.22,0
136549545,USA / Woodb (Harness) (US) 6th Nov,R8 1m Hcap,07-11-2017 02:50,15489883,Stirling Boudica,0,5.9,3.80240799636528850522489777373920945025,4.84609375,1,1001,1,1001,87.04,87.04,0
136607226,USA / Plain (Harness) (US) 7th Nov,R9 1m Stks,07-11-2017 20:40,15739226,Knella Bella,0,14.627828935792207,7.12530408773678963110667996011964107677,1,1,1001,1,1001,0,99.3,0
136607229,USA / Plain (Harness) (US) 7th Nov,R10 1m Stks,07-11-2017 21:00,107131,Ardeen,0,37.22360782535745,24.8508149568552253116011505273250239693,1,36,36,1,1001,0,103.3,0
136575397,USA / ZiaP (US) 7th Nov,R8 6f Allw Claim,07-11-2017 22:20,513738,Naomi,0,62.97773827877152,25.273695754347485508381638727870907097,1,60,34,1,1001,0,126.66,0
136573119,USA / Parx (US) 7th Nov,R1 7f Mdn,07-11-2017 17:25,574049,Bayberry,0,19,14.8688495057985348260916288743668977856,1,19,9.2,1,1001,0,644.22,5
136607220,USA / Plain (Harness) (US) 7th Nov,R7 1m Stks,07-11-2017 20:00,3544462,Private Equity,0,42,10.0732843137254901960784313725490196078,1,42,42,1,1001,0,141.8,0
136568384,USA / DoverD (Harness) (US) 7th Nov,R2 1m Stks,07-11-2017 21:50,4114566,Shes My Rock,0,36.16706060047029,17.2299408783783783783783783783783783784,1,42,30,1,1001,0,188.44,0
136568402,USA / DoverD (Harness) (US) 7th Nov,R8 1m Stks,07-11-2017 23:50,9673830,Mr Right,0,39.448924518860885,18.6469135802469135802469135802469135803,1,1,1001,1,1001,0,15.2,0
136607205,USA / Plain (Harness) (US) 7th Nov,R2 1m Stks,07-11-2017 18:20,9991139,Silver Chrome,0,3.528458974571549,1.79937311383965049516816106856090731803,1,2.98,2.96,1,1001,0,1834.74,0
136573323,USA / TPara (US) 7th Nov,R5 1m Allw,07-11-2017 21:52,10106496,Flower Beach,0,2.3897689531954898,1.27072350936906820290291106611048918328,1,2.42,2.12,2.36,2.26,0,21352.36,1433.4
136549533,USA / Woodb (Harness) (US) 6th Nov,R4 1m Claim,07-11-2017 01:30,10103480,The Big Beast,0,3.7,2.47310749056228889330419233061792171667,3.48545327476038338658146964856230031949,3.8,3.8,1,1001,200.32,200.32,0
136548801,USA / MountP (US) 6th Nov,R4 6f Claim,07-11-2017 01:06,10185845,Late Act Here,0,300.1102648,131.733961128226989841887648568192833605,189.904128239649949511948838774823291821,150,100,480,480,118.84,91.16,20
136575388,USA / ZiaP (US) 7th Nov,R5 6f Claim,07-11-2017 20:59,10601674,Lil Bit Of Thunder,0,12.708195333443584,9.45457684618646634761010480402253589386,1,16,9.2,1,1001,0,989.42,0
136573329,USA / TPara (US) 7th Nov,R7 1m Claim,07-11-2017 22:51,10649028,El Bongo,0,120,87.0382754297063294328629322281595160727,1,120,60,1,1001,0,82.6,.94
136573131,USA / Parx (US) 7th Nov,R5 1m Claim,07-11-2017 19:13,10679432,Only The Truth,0,4.5,3.01075406520935775410444149191301615359,1,1,1001,1,1001,0,301.66,125.08
136575388,USA / ZiaP (US) 7th Nov,R5 6f Claim,07-11-2017 20:59,10962256,Since Forever,0,2.135918675139255,1.10284657668809502665103187793265562445,1,2.52,1.95,1,1001,0,22069.44,0
136573122,USA / Parx (US) 7th Nov,R2 1m Claim,07-11-2017 17:52,11392384,One Tough Angel,0,8.332024971232752,7.04269174299066432427144546656141264598,1,8.4,8.4,1,1001,0,688.02,51.64
136549542,USA / Woodb (Harness) (US) 6th Nov,R7 1m Stks,07-11-2017 02:30,11341122,Mr Carrotts,0,4.1,2.27505618912844418546574544243735952718,3.28456490846777564156148123380422970827,1,1001,1,1001,239.26,239.26,0
136539135,USA / Dover (Harness) (US) 6th Nov,R11 1m Stks,07-11-2017 00:50,11375353,Cobble Beach,0,32.28204608784988,10.8571428571428571428571428571428571429,16.7477477477477477477477477477477477478,1,1001,1,1001,2.22,2.22,0
136573329,USA / TPara (US) 7th Nov,R7 1m Claim,07-11-2017 22:51,11395356,Wallys Got Class,0,7.8,6.27798572740775585730361514895220886622,1,8,7.2,1,1001,0,3050.84,10.4
136575385,USA / ZiaP (US) 7th Nov,R4 6f Claim,07-11-2017 20:32,11423441,Storm Lord,0,4.818859866204903,3.97511386826772352193073260181597704889,1,5.9,5.2,1,1001,0,2703.88,0
136548798,USA / MountP (US) 6th Nov,R3 1m Mdn Claim,07-11-2017 00:44,11474149,Ambrosini,0,4.4,3.42663491423551011058678409650952123658,3.99424872609503023049099245777852095013,4.9,4,1,1001,2272.54,1883.36,10
136549548,USA / Woodb (Harness) (US) 6th Nov,R9 1m Hcap,07-11-2017 03:10,11745524,Jojo Jove,0,23,6.61044864226682408500590318772136953955,7.70946674655482324745356500898741761534,1,1001,1,1001,66.76,66.76,0
136607217,USA / Plain (Harness) (US) 7th Nov,R6 1m Stks,07-11-2017 19:40,11925010,Shelbys Ideal,0,25,15.7210551444258772976844115540701838148,1,1,1001,1,1001,0,82.78,0
136607208,USA / Plain (Harness) (US) 7th Nov,R3 1m Stks,07-11-2017 18:40,11890456,Hot Roddy,0,46,25.2499269219526454253142356036246711488,1,46,29,1,1001,0,67.42,0
136568393,USA / DoverD (Harness) (US) 7th Nov,R5 1m Stks,07-11-2017 22:50,12454917,Better To Believe,0,13.5,8.4,1,1,1001,1,1001,0,4,0
136568390,USA / DoverD (Harness) (US) 7th Nov,R4 1m Stks,07-11-2017 22:30,12537070,Maggies Way,0,17.5,3.36219081272084805653710247349823321555,1,1,1001,1,1001,0,15.98,0
136548792,USA / MountP (US) 6th Nov,R1 6f Mdn,07-11-2017 00:00,12897028,Prairies Gift,0,144.31071332581342,176.721529071015129518957955827444815848,87.744634525660964230171073094867807154,300,65,1,1001,64.3,16.12,.24
136548810,USA / MountP (US) 6th Nov,R7 6f Allw,07-11-2017 02:12,12937796,Peekacho,0,4.7,3.46003014568545793735289941220314247708,4.22047580731681150091191932196116296535,4.5,4.5,1,1001,745.68,672.5,1.2
136575394,USA / ZiaP (US) 7th Nov,R7 1m Claim,07-11-2017 21:54,10165609,Dr. Jessop,0,5.645949634321734,3.4367813699643864761111881966606539938,1,5.4,4.7,1,1001,0,2161.1,0
136549533,USA / Woodb (Harness) (US) 6th Nov,R4 1m Claim,07-11-2017 01:30,13596715,Gotameeting,0,7,4.84184834123222748815165876777251184834,5.87797075499850790808713816771113100567,1,1001,1,1001,134.04,134.04,0
136607223,USA / Plain (Harness) (US) 7th Nov,R8 1m Stks,07-11-2017 20:20,13780033,Pictonian Spartan,0,44.976539569,23.078530259365994236311239193083573487,1,46,29,1,1001,0,54.52,0
136607211,USA / Plain (Harness) (US) 7th Nov,R4 1m Stks,07-11-2017 19:00,14202404,Wish Granted,1,2.688913043478261,1.32426967363325318051333114413736851583,1,2.48,2.16,1,1001,0,3775.12,0
136575382,USA / ZiaP (US) 7th Nov,R3 5f Mdn Claim,07-11-2017 20:05,15276341,Fico Score,0,104.29894222272094,39.8830807655609810854801593983274400853,1,120,30,1,1001,0,355.34,0
136607214,USA / Plain (Harness) (US) 7th Nov,R5 1m Stks,07-11-2017 19:20,15617918,Breezn,0,6.8,6.10612135139099398621229159536498313206,1,9.8,6.4,1,1001,0,817.12,0
136549530,USA / Woodb (Harness) (US) 6th Nov,R3 1m Stks,07-11-2017 01:10,15856228,Mary Leah,0,35.60492708254606,17.9899408284023668639053254437869822485,19.6807987711213517665130568356374807988,1,1001,1,1001,26.04,26.04,0
136548792,USA / MountP (US) 6th Nov,R1 6f Mdn,07-11-2017 00:00,15891283,Blowing Strong,0,40,26.6939355756867810626842362964839191771,25.1886645572798955351313344382502134499,38,19.5,1,1001,398.22,357.26,.04
136575394,USA / ZiaP (US) 7th Nov,R7 1m Claim,07-11-2017 21:54,78444,Desert Boot,0,16,12.9666598902215897540150437080707460866,1,23,16,1,1001,0,490.9,0
136573329,USA / TPara (US) 7th Nov,R7 1m Claim,07-11-2017 22:51,2016768,Parched,1,3.3,1.93652120901678161574076543491321401458,1,4.4,2.5,1,1001,0,19341.92,1604.3
136549545,USA / Woodb (Harness) (US) 6th Nov,R8 1m Hcap,07-11-2017 02:50,2597474,Amicus,0,2.52,.728466555390702274975272007912957467854,1.729594142777536994613336635502445669,2.52,2.52,1,1001,646.04,646.04,0
136574208,USA / FingL (US) 7th Nov,R2 6f Mdn Claim,07-11-2017 17:42,6692632,Born To Run,0,23.74412583662197,16.358585109852640317846235953390458683,1,26,18,1,1001,0,673.54,0
136548816,USA / MountP (US) 6th Nov,R9 1m Claim,07-11-2017 02:56,10074371,Shot For Shot,0,6.6,6.26217119195940829240886607648781958802,6.69595115420503874396527242484482129092,7.8,6,1,1001,492.98,431.32,.44
136548804,USA / MountP (US) 6th Nov,R5 6f Claim,07-11-2017 01:28,10088355,Swipernoswiping,0,8.2,7.55788350097845645941665913260053603665,8.55303026928302559191037263068801924405,9,8.8,1,1001,897.94,885.02,5.02
136575397,USA / ZiaP (US) 7th Nov,R8 6f Allw Claim,07-11-2017 22:20,10051340,Super Humor,0,2.48,1.06959437257390172697060884003520257687,1,2.3,2,1,1001,0,16043.28,0
136573137,USA / Parx (US) 7th Nov,R7 6f Allw,07-11-2017 20:07,10073847,Red Razzo,0,14.855752219,11.5620277130794621551135332998591417287,1,1,1001,1,1001,0,121.1,.92
136573317,USA / TPara (US) 7th Nov,R3 6f Claim,07-11-2017 20:54,10134218,Success Rate,1,2.48,1.52904549753986640482500427649675378128,1,2.74,2.38,3,3,0,8842.5,1751.3
136573329,USA / TPara (US) 7th Nov,R7 1m Claim,07-11-2017 22:51,11392304,One Macho Gambler,0,8.4,6.42920482760599115347684926243389256452,1,8.2,7.6,1,1001,0,1926.9,.04
136549527,USA / Woodb (Harness) (US) 6th Nov,R2 1m Stks,07-11-2017 00:50,11326109,Myretirementticket,0,24.60247085633513,11.0801268498942917547568710359408033827,12.1985042735042735042735042735042735043,1,1001,1,1001,93.6,93.6,0
136568399,USA / DoverD (Harness) (US) 7th Nov,R7 1m Claim,07-11-2017 23:30,11424416,Sweet Jesse T,0,19,11.7867374005305039787798408488063660478,1,1,1001,1,1001,0,6.54,0
136575385,USA / ZiaP (US) 7th Nov,R4 6f Claim,07-11-2017 20:32,11423440,Alis Ruckas,0,8,5.83095558094214098514884752368792419864,1,9,4.9,1,1001,0,2379.96,0
136549548,USA / Woodb (Harness) (US) 6th Nov,R9 1m Hcap,07-11-2017 03:10,11559146,Think On It,1,2.72,2.13149264169301873023595232303575772318,3.13311414052277637464625871040379758391,2.86,2.86,1,1001,1314.52,1314.52,0
136574208,USA / FingL (US) 7th Nov,R2 6f Mdn Claim,07-11-2017 17:42,11611297,Where Eagles Fly,0,6.371154847652652,3.6837214384576160066046669742369424277,1,5,4.9,1,1001,0,1646.32,0
136573122,USA / Parx (US) 7th Nov,R2 1m Claim,07-11-2017 17:52,11780321,Preziosa,0,6.8989700891818195,4.88298669458861063982163477853042932006,1,6.6,4.5,180,180,0,2150.98,39.46
136568393,USA / DoverD (Harness) (US) 7th Nov,R5 1m Stks,07-11-2017 22:50,11713830,Mississippi Rabbit,1,1.58,.454818039924422903146307401626550562721,1,1,1001,1,1001,0,242.46,0
136549530,USA / Woodb (Harness) (US) 6th Nov,R3 1m Stks,07-11-2017 01:10,11903089,Alert Hanover,0,11,2.67164179104477611940298507462686567164,3.91320072332730560578661844484629294756,1,1001,1,1001,11.06,11.06,0
136575379,USA / ZiaP (US) 7th Nov,R2 5f Claim,07-11-2017 19:37,11977727,Runaway Nonny,0,6.012499748,3.44782408586145439589494506355392780901,1,5.9,4.2,1,1001,0,2041.36,0
136575385,USA / ZiaP (US) 7th Nov,R4 6f Claim,07-11-2017 20:32,12006409,Fortyfoursmokeless,0,8.409755982859059,5.44706503548447721923410805537905297166,1,8.6,5.9,1,1001,0,2233.78,0
136575397,USA / ZiaP (US) 7th Nov,R8 6f Allw Claim,07-11-2017 22:20,12169490,Kell Paso,1,4.210415530359606,3.29201009232127989401682666875198373453,1,6.4,4,1,1001,0,4346.86,0
136575385,USA / ZiaP (US) 7th Nov,R4 6f Claim,07-11-2017 20:32,12282044,Street Tower,0,12.134302059411858,9.53370375156135590300211052246198905974,1,16,12.5,1,1001,0,463.34,0
136568402,USA / DoverD (Harness) (US) 7th Nov,R8 1m Stks,07-11-2017 23:50,12524160,Classic Belisima,0,37.52977146761843,25.2559281605163462887610495299565034376,1,25,25,1,1001,0,141.54,0
136549533,USA / Woodb (Harness) (US) 6th Nov,R4 1m Claim,07-11-2017 01:30,12718469,Trisun,0,14,.342494714587737843551797040169133192389,1.38297872340425531914893617021276595745,1,1001,1,1001,8.46,8.46,0
136539129,USA / Dover (Harness) (US) 6th Nov,R9 1m Stks,07-11-2017 00:10,12745857,Master Clave,0,25,11.2897196261682242990654205607476635514,12.7905944986690328305235137533274179237,1,1001,1,1001,22.54,22.54,0
136549551,USA / Woodb (Harness) (US) 6th Nov,R10 1m Claim,07-11-2017 03:30,12795554,Lively Freddie,0,7.4,5.88475474683544303797468354430379746835,6.94353176188573711546144626448262085497,1,1001,1,1001,100.12,100.12,0
136575376,USA / ZiaP (US) 7th Nov,R1 6f Mdn Claim,07-11-2017 19:10,13208379,One Man Posse,0,7.542622959436996,4.92655914677765493919490147623073421344,1,7.4,4.9,1,1001,0,1844.24,0
136575400,USA / ZiaP (US) 7th Nov,R9 6f Mdn,07-11-2017 22:46,13642141,Leona Who,0,32,15.4266666666666666666666666666666666667,1,29,29,1,1001,0,167,0
136568396,USA / DoverD (Harness) (US) 7th Nov,R6 1m Stks,07-11-2017 23:10,15842596,Bambini Hanover,0,4.9,3.70874512353706111833550065019505851756,1,1,1001,1,1001,0,60.52,0
136575400,USA / ZiaP (US) 7th Nov,R9 6f Mdn,07-11-2017 22:46,15901904,Fireflower,0,78.03474854415862,38.5306306306306306306306306306306306306,1,80,65,1,1001,0,132.2,0
136549530,USA / Woodb (Harness) (US) 6th Nov,R3 1m Stks,07-11-2017 01:10,2560255,Burlington,0,31.77958442157134,7.18989010989010989010989010989010989011,9.0775308641975308641975308641975308642,1,1001,1,1001,8.1,8.1,0
136549530,USA / Woodb (Harness) (US) 6th Nov,R3 1m Stks,07-11-2017 01:10,5479449,Lady Grey,0,1.6,.625944271768156546863371711246333668958,1.62663007274958366202121132439302305198,1,1001,1,1001,912.72,912.72,0
136539138,USA / Dover (Harness) (US) 6th Nov,R12 1m Stks,07-11-2017 01:10,6751849,Jawsome,0,36,18.6595744680851063829787234042553191489,21.0839694656488549618320610687022900763,1,1001,1,1001,13.1,13.1,0
136573140,USA / Parx (US) 7th Nov,R8 1m Claim,07-11-2017 20:34,9905753,Power Generation,0,103.497456738,106.94043997192432413450032026714320207,1,200,95,1,1001,0,29.64,0
136548816,USA / MountP (US) 6th Nov,R9 1m Claim,07-11-2017 02:56,10098015,Falcon Point,0,49.57418775867671,26.424223327493570235244514942587707258,26.9854176964903608502224419179436480475,29,29,1,1001,40.46,34.24,4
136574220,USA / FingL (US) 7th Nov,R6 1m Claim,07-11-2017 19:30,10108288,Patriot Star,0,41.24380057581004,18.7174959871589085072231139646869983949,1,44,29,1,1001,0,310.5,0
136573137,USA / Parx (US) 7th Nov,R7 6f Allw,07-11-2017 20:07,10074120,Lewys Vaporizer,0,2.755442929694353,1.46632709634209152141698210741512538865,1,2.96,2.28,55,4.5,0,6297.16,339.82
136574223,USA / FingL (US) 7th Nov,R7 6f Claim,07-11-2017 19:57,10262779,Thunderbird Wings,1,22.808400385769787,14.6302640192013964651974689068295876064,1,23,19.5,1,1001,0,182.32,0
136573125,USA / Parx (US) 7th Nov,R3 7f Claim,07-11-2017 18:19,10894827,Faras Kid,0,2.3006567842976406,1.26342837648527234810866839547142689146,1,2.34,2.26,2.32,1.78,0,5229.86,2539.8
136607220,USA / Plain (Harness) (US) 7th Nov,R7 1m Stks,07-11-2017 20:00,11163417,Totally Dreamy,0,18.662531817793493,11.0684433676559660811629315566323440339,1,1,1001,1,1001,0,32.02,0
136575379,USA / ZiaP (US) 7th Nov,R2 5f Claim,07-11-2017 19:37,11286839,Swingen Charlie,0,21.121759842708713,11.8846978328537029423856228343219592412,1,22,13.5,1,1001,0,680.08,0
136539138,USA / Dover (Harness) (US) 6th Nov,R12 1m Stks,07-11-2017 01:10,11380134,Silent Bet,0,30,10.2352941176470588235294117647058823529,15.5,1,1001,1,1001,2.4,2.4,0
136607208,USA / Plain (Harness) (US) 7th Nov,R3 1m Stks,07-11-2017 18:40,11338011,Autotune Hanover,0,4.4,1.93611946404827656745422931369540758924,1,2.84,2.84,1,1001,0,781.16,0
136607202,USA / Plain (Harness) (US) 7th Nov,R1 1m Stks,07-11-2017 18:00,11338112,Northview Punter N,0,2.76,1.94431449421628755531402841394301684652,1,2.8,2.72,1,1001,0,1029.48,0
136549527,USA / Woodb (Harness) (US) 6th Nov,R2 1m Stks,07-11-2017 00:50,11391734,Ramas Last Son,0,8.053311410667655,5.21041185999705463649305385106278533209,6.22323212440332660794252251365582402441,8,7.2,1,1001,406.42,406.42,0
136549524,USA / Woodb (Harness) (US) 6th Nov,R1 1m Claim,07-11-2017 00:30,11484026,Galagher Seelster,0,95.63262978066632,35.7505419281232173416999429549343981746,37.2677662037037037037037037037037037037,220,26,1,1001,69.12,69.12,0
136607214,USA / Plain (Harness) (US) 7th Nov,R5 1m Stks,07-11-2017 19:20,11474489,Grandmas Moni,1,1.42,.644434690577686314861090695281493458768,1,1,1001,1,1001,0,3400.5,0
136568399,USA / DoverD (Harness) (US) 7th Nov,R7 1m Claim,07-11-2017 23:30,11578158,Donnie Darko,0,4.45,2.63823850829861348268560890649545796052,1,1,1001,1,1001,0,1170.28,0
136539132,USA / Dover (Harness) (US) 6th Nov,R10 1m Stks,07-11-2017 00:30,11745065,Angel Cindy,0,6,3.67334235453315290933694181326116373478,4.80196078431372549019607843137254901961,1,1001,1,1001,28.56,28.56,0
136573137,USA / Parx (US) 7th Nov,R7 6f Allw,07-11-2017 20:07,11856076,Red Dragon Tattoo,1,7.8924628376945805,5.91006852419897791664332799547887954121,1,7.8,6.4,1.01,1.01,0,1446.74,1712.86
136549539,USA / Woodb (Harness) (US) 6th Nov,R6 1m Hcap,07-11-2017 02:10,12355163,Summit City Turbo,0,21.98843841589987,8.62280701754385964912280701754385964912,12.0449438202247191011235955056179775281,1,1001,1,1001,3.56,3.56,0
136573320,USA / TPara (US) 7th Nov,R4 6f Claim,07-11-2017 21:23,12329282,Duplicate Copy,0,6.8,6.05182457344374030537501141828142308976,1,7.6,6.8,42,42,0,2291.88,14.12
136568393,USA / DoverD (Harness) (US) 7th Nov,R5 1m Stks,07-11-2017 22:50,12454865,Ic A Life Force,0,92.5,63.0571428571428571428571428571428571429,1,75,75,1,1001,0,6,0
136568399,USA / DoverD (Harness) (US) 7th Nov,R7 1m Claim,07-11-2017 23:30,12445778,Dribble Drive,0,38,1.58490566037735849056603773584905660377,1,1,1001,1,1001,0,.06,0
136574211,USA / FingL (US) 7th Nov,R3 1m Mdn Claim,07-11-2017 18:05,12591479,Greenhouse Effect,1,8.4,6.76093869377447865983609853389414764,1,9.4,7,1,1001,0,2485.86,0
136575376,USA / ZiaP (US) 7th Nov,R1 6f Mdn Claim,07-11-2017 19:10,12640404,Rock N Randle,0,30,26.8184869976359338061465721040189125296,1,38,28,1,1001,0,422,0
136549545,USA / Woodb (Harness) (US) 6th Nov,R8 1m Hcap,07-11-2017 02:50,12580373,Northern Stormont,0,5.9,2.45754469606674612634088200238379022646,3.61328263624841571609632446134347275032,1,1001,1,1001,15.78,15.78,0
136549542,USA / Woodb (Harness) (US) 6th Nov,R7 1m Stks,07-11-2017 02:30,12958578,Mr Destruction,0,15,.106222222222222222222222222222222222222,1.1195,1,1001,1,1001,8,8,0
136607223,USA / Plain (Harness) (US) 7th Nov,R8 1m Stks,07-11-2017 20:20,13239739,Cant Touch Him,0,25.76379917557351,13.1017391304347826086956521739130434783,1,1,1001,1,1001,0,22,0
136548792,USA / MountP (US) 6th Nov,R1 6f Mdn,07-11-2017 00:00,14960070,Maximus Luck,1,10.205561248889799,7.76979206891613187305557863949717981794,3.63547171206705287809688154813262664859,9.4,8,1,1001,811.3,231.22,539.16
136607226,USA / Plain (Harness) (US) 7th Nov,R9 1m Stks,07-11-2017 20:40,15617916,Ccs Dusty,0,29.060841794386505,21.8061485909479077711357813834329632793,1,1,1001,1,1001,0,69.26,0
136549539,USA / Woodb (Harness) (US) 6th Nov,R6 1m Hcap,07-11-2017 02:10,15613573,Lodi Dorian Blues,0,5.9,3.41402623612512613521695257315842583249,4.50238095238095238095238095238095238095,1,1001,1,1001,38.64,38.64,0
136575400,USA / ZiaP (US) 7th Nov,R9 6f Mdn,07-11-2017 22:46,15901905,Cant Hide My Crazy,0,21.99669211733933,12.1166666666666666666666666666666666667,1,22,22,1,1001,0,180.2,0
136568387,USA / DoverD (Harness) (US) 7th Nov,R3 1m Stks,07-11-2017 22:10,1299823,Honor Me,0,38,11.6016771488469601677148846960167714885,1,1,1001,1,1001,0,18.08,0
136539135,USA / Dover (Harness) (US) 6th Nov,R11 1m Stks,07-11-2017 00:50,1518044,Weekend Fling,0,12.5,2.68115015974440894568690095846645367412,3.91388888888888888888888888888888888889,1,1001,1,1001,11.52,11.52,0
136575385,USA / ZiaP (US) 7th Nov,R4 6f Claim,07-11-2017 20:32,6419332,Told You So,0,24.376497146839974,9.04107631459508526227063476625818582636,1,30,7.2,1,1001,0,1541.3,0
136549548,USA / Woodb (Harness) (US) 6th Nov,R9 1m Hcap,07-11-2017 03:10,9276449,Rockabella,0,6.8,4.68327205882352941176470588235294117647,5.78092160133444537114261884904086738949,1,1001,1,1001,47.96,47.96,0
136548813,USA / MountP (US) 6th Nov,R8 6f Allw,07-11-2017 02:34,9556570,Judge Carr,0,2.3219949712406383,.980409933259269779760991338603289633496,1.9457094127015897215325716183816609247,2.3,1.86,1,1001,4696.42,4470.34,25.94
136573332,USA / TPara (US) 7th Nov,R8 6f Claim,07-11-2017 23:20,10059647,Barrel Knot,0,21.62623119084164,22.1158451785548364557637640567169487888,1,30,14,22,22,0,687.58,33.58
136573131,USA / Parx (US) 7th Nov,R5 1m Claim,07-11-2017 19:13,10088383,Papamac,0,23.74704598338343,22.6568604907258677832015243333689757211,1,26,24,1,1001,0,73.2,.04
136574226,USA / FingL (US) 7th Nov,R8 6f Claim,07-11-2017 20:24,10084388,Cognac Cutie,1,7.718252534,6.17291711927004127742776450141212252879,1,7.6,7.4,1,1001,0,735.48,0
136548804,USA / MountP (US) 6th Nov,R5 6f Claim,07-11-2017 01:28,10028687,Leestowns Omega,1,2.06,1.16310317517562270389334320899304884977,1.86388102544889559837135883548850970518,2.48,2.1,2.24,1.01,7260.04,4982.22,2254.06
136574217,USA / FingL (US) 7th Nov,R5 6f Claim,07-11-2017 19:03,10102644,Patriots Way,0,39.528437359803355,21.8396215257244234180958013010053222945,1,46,34,1,1001,0,337.2,0
136548807,USA / MountP (US) 6th Nov,R6 6f Claim,07-11-2017 01:50,10163977,Rosebuds Tiger,0,3.501658925,2.58397374891323371471119226647769273183,3.42130082487772830133586393167384480619,1,1001,1,1001,1369.9,1281.9,.04
136573134,USA / Parx (US) 7th Nov,R6 1m Allw,07-11-2017 19:40,10244020,Dunk A Din,0,8.8,7.30713632354371166424062222125557836951,1,9.2,7.2,1,1001,0,1451.54,.04
136575394,USA / ZiaP (US) 7th Nov,R7 1m Claim,07-11-2017 21:54,10281571,G M Gage,0,46.776413609129385,32.1555101732092882535360411466606156872,1,55,38,1,1001,0,263.42,0
136573332,USA / TPara (US) 7th Nov,R8 6f Claim,07-11-2017 23:20,10748412,Storm Reveler,0,82.84903910710943,95.9058339970584888780728345851254192645,1,110,80,50,50,0,118,18
136548813,USA / MountP (US) 6th Nov,R8 6f Allw,07-11-2017 02:34,11017860,B Rod Maclean,1,7.2,6.41182567356316701301489782959986303048,5.66540679743399950653836664199358499877,1,1001,1,1001,648.48,450.02,164.88
136568399,USA / DoverD (Harness) (US) 7th Nov,R7 1m Claim,07-11-2017 23:30,11341660,Bob N Tony,0,32,15.4755381604696673189823874755381604697,1,1,1001,1,1001,0,9.22,0
136549533,USA / Woodb (Harness) (US) 6th Nov,R4 1m Claim,07-11-2017 01:30,11405714,Down On My Luck,1,9,.384475806451612903225806451612903225807,1.42757847533632286995515695067264573991,1,1001,1,1001,8.92,8.92,0
136539129,USA / Dover (Harness) (US) 6th Nov,R9 1m Stks,07-11-2017 00:10,11489069,Common Parlance,0,1.87535014,.838517016918717207710221374259981482001,1.83910559860736747529200359389038634322,1,1001,1,1001,1424.64,1424.64,0
136574229,USA / FingL (US) 7th Nov,R9 6f Claim,07-11-2017 20:51,11515109,Hope This Helps,0,120.351113441,83.9888701517706576728499156829679595278,1,410,70,1,1001,0,117.6,0
136573134,USA / Parx (US) 7th Nov,R6 1m Allw,07-11-2017 19:40,11667656,Degrom,0,7.2,6.06275818754950901853780610632328759324,1,1,1001,1,1001,0,231.7,8.44
136549527,USA / Woodb (Harness) (US) 6th Nov,R2 1m Stks,07-11-2017 00:50,11608564,Meadowbranch Memo,0,29.49688232628628,27.3836608066184074457083764219234746639,29.1104033970276008492569002123142250531,60,40,1,1001,37.68,37.68,0
136573128,USA / Parx (US) 7th Nov,R4 7f Claim,07-11-2017 18:46,11685290,Fairybrook,0,9,8.36527924020381191919969438929354590178,1,10.5,8.8,1,1001,0,555.86,95.02
136573320,USA / TPara (US) 7th Nov,R4 6f Claim,07-11-2017 21:23,11724717,Jonwains Justice,0,29.767241982,27.4946597243967909286868230823085290522,1,40,18,1,1001,0,347.76,26.04
136573329,USA / TPara (US) 7th Nov,R7 1m Claim,07-11-2017 22:51,11780326,Divine Mandate,0,34,23.1779710754417487005445086722669233997,1,40,34,1,1001,0,190.94,5.08
136549545,USA / Woodb (Harness) (US) 6th Nov,R8 1m Hcap,07-11-2017 02:50,11837988,Taurus Du Parc,0,27,21.1177446102819237147595356550580431177,22.2781406653501443111043597144159197934,1,1001,1,1001,131.66,131.66,0
136568402,USA / DoverD (Harness) (US) 7th Nov,R8 1m Stks,07-11-2017 23:50,11965726,Gillie The Kid,0,6.8571428571428985,5.19094339622641509433962264150943396226,1,7.6,7.6,1,1001,0,94.4,0
136568399,USA / DoverD (Harness) (US) 7th Nov,R7 1m Claim,07-11-2017 23:30,12454905,Keystone Orion,0,27,1.13207547169811320754716981132075471698,1,1,1001,1,1001,0,.06,0
136575397,USA / ZiaP (US) 7th Nov,R8 6f Allw Claim,07-11-2017 22:20,12718785,Find Fault,0,17,12.8518573847226371875311223981675131959,1,20,10.5,1,1001,0,1003.1,0
136549539,USA / Woodb (Harness) (US) 6th Nov,R6 1m Hcap,07-11-2017 02:10,15285081,The Power Of Many,1,9.077786088292488,5.63622710116910614010862560986836048974,6.64922817863074367964569108691640524082,8,7.6,1,1001,433.52,433.52,0
136549551,USA / Woodb (Harness) (US) 6th Nov,R10 1m Claim,07-11-2017 03:30,15856244,Jds Double Dose,0,55.966024236530075,40.1023299161230195712954333643988816403,42.0589694656488549618320610687022900763,50,48,1,1001,41.92,41.92,0
136575376,USA / ZiaP (US) 7th Nov,R1 6f Mdn Claim,07-11-2017 19:10,15901874,Wild Hurricane,0,6.244550511,5.09611008744991371998479131935304612325,1,7.8,6.4,1,1001,0,2050.46,0
136575376,USA / ZiaP (US) 7th Nov,R1 6f Mdn Claim,07-11-2017 19:10,15901875,Sebastian Cape,0,26,15.5132447337492089322846035620649127565,1,26,24,1,1001,0,220.22,0
136575400,USA / ZiaP (US) 7th Nov,R9 6f Mdn,07-11-2017 22:46,15901906,Prissy Bay,0,204.19427493641902,66.2704389125450376678676711431378971503,1,160,60,1,1001,0,121.12,0
136574214,USA / FingL (US) 7th Nov,R4 6f Claim,07-11-2017 18:32,9556483,Lucky Sociano,0,4.93402663285553,3.74734662478363997692159753830373741907,1,5.2,4.9,1,1001,0,1558.9,0
136548807,USA / MountP (US) 6th Nov,R6 6f Claim,07-11-2017 01:50,10059522,Meloveda,0,6.2,5.72252679058001935664130166752312501056,6.35269802596971123231540186605387746062,9.8,6.2,1,1001,722.38,652.26,20
136573137,USA / Parx (US) 7th Nov,R7 6f Allw,07-11-2017 20:07,10116361,Eighty Three,0,6.7313552633533265,6.16956658200348054439109547839498632236,1,1,1001,1,1001,0,264.64,30.92
136573329,USA / TPara (US) 7th Nov,R7 1m Claim,07-11-2017 22:51,10005299,Game On Justice,0,5,4.78904972196629009108207483628238880889,1,7.8,7.8,4.9,4.9,0,1937.22,74.92
136574220,USA / FingL (US) 7th Nov,R6 1m Claim,07-11-2017 19:30,10040006,Southbeachsandy,0,23.118587194690477,16.6636446350815623578345356469747189186,1,26,22,1,1001,0,306.74,0
136548813,USA / MountP (US) 6th Nov,R8 6f Allw,07-11-2017 02:34,10134216,Saint Prado,0,13.146199513381994,15.0582458576604830364846616172435991698,14.9909401876465989053948397185301016419,1,1001,1,1001,204.64,187.44,2.22
136548795,USA / MountP (US) 6th Nov,R2 1m Claim,07-11-2017 00:22,10066675,Synfull Tale,0,5.4,4.1388007421202969762788515910034676192,4.77262267595236596489822545479516334857,6.6,4.4,8,2.18,3494.98,2957.8,308.24
136573311,USA / TPara (US) 7th Nov,R1 4f Allw,07-11-2017 19:55,10159682,Coulson,0,6.303704674548934,4.59852595818479305117935046772766263275,1,6,5.3,200,40,0,1787.48,31.84
136574223,USA / FingL (US) 7th Nov,R7 6f Claim,07-11-2017 19:57,10386793,Haudenosaunee,0,34,33.9319877139096094778411584028082492321,1,55,36,1,1001,0,90.16,0
136575382,USA / ZiaP (US) 7th Nov,R3 5f Mdn Claim,07-11-2017 20:05,10613180,King Pacal,1,1.3666294732152227,.394439844035192601723654486104424469757,1,1.44,1.33,1,1001,0,18900.7,0
136573140,USA / Parx (US) 7th Nov,R8 1m Claim,07-11-2017 20:34,10674868,Country Money,0,21.187372474194277,20.5445844720014895917491458716204491264,1,1,1001,1,1001,0,69.72,.22
136574208,USA / FingL (US) 7th Nov,R2 6f Mdn Claim,07-11-2017 17:42,11052444,Refinance,1,1.5297859886385412,.589767562282235963257267982317215925523,1,1.8,1.49,1,1001,0,21782.9,0
136607205,USA / Plain (Harness) (US) 7th Nov,R2 1m Stks,07-11-2017 18:20,11337714,Sheadealer,0,30.371727238,18.0433242067965856015461426960863263005,1,50,30,1,1001,0,123.18,0
136573122,USA / Parx (US) 7th Nov,R2 1m Claim,07-11-2017 17:52,11560225,Hasty Nic,0,10,9.44723785606274075398051872497076238043,1,12,10,30,30,0,573.52,209.38
136574229,USA / FingL (US) 7th Nov,R9 6f Claim,07-11-2017 20:51,11616792,Tzi Pink Freud,0,312.95499437352646,122.236791080950072709646146388754241396,1,460,95,1,1001,0,81.52,0
136574223,USA / FingL (US) 7th Nov,R7 6f Claim,07-11-2017 19:57,11588137,Schout Bay,0,7.8,5.222489662978448176295303873784389365,1,7.8,7,1,1001,0,864.82,0
136549551,USA / Woodb (Harness) (US) 6th Nov,R10 1m Claim,07-11-2017 03:30,11845098,Oakrock Eldorado,0,26,9.07230769230769230769230769230769230769,10.6428930817610062893081761006289308176,1,1001,1,1001,15.9,15.9,0
136575397,USA / ZiaP (US) 7th Nov,R8 6f Allw Claim,07-11-2017 22:20,12438313,Mighty Nice,0,38.53927194416056,28.0807371291628791009007520039666143294,1,40,30,1,1001,0,241.02,0
136568399,USA / DoverD (Harness) (US) 7th Nov,R7 1m Claim,07-11-2017 23:30,12445805,Winmando,0,80,27.3276283618581907090464547677261613692,1,1,1001,1,1001,0,7.18,0
136539132,USA / Dover (Harness) (US) 6th Nov,R10 1m Stks,07-11-2017 00:30,12445819,Cougar Lady,0,70,23.10781893004115226337448559670781893,25.0995708154506437768240343347639484979,22,22,1,1001,23.3,23.3,0
136574208,USA / FingL (US) 7th Nov,R2 6f Mdn Claim,07-11-2017 17:42,12540459,Tap City,0,46.97839574970479,26.344355112671271656664024459291133507,1,65,29,1,1001,0,175.62,0
136539135,USA / Dover (Harness) (US) 6th Nov,R11 1m Stks,07-11-2017 00:50,12450564,View Land,0,41.309260512,25.1263020833333333333333333333333333333,27.876044568245125348189415041782729805,29,29,1,1001,14.36,14.36,0
136539135,USA / Dover (Harness) (US) 6th Nov,R11 1m Stks,07-11-2017 00:50,12570765,Vodka Is Terror,0,2.6579007796826777,1.02588317374777462349035269210412356253,2.02835720831524622582356629527805913278,1,1001,1,1001,414.66,414.66,0
136568387,USA / DoverD (Harness) (US) 7th Nov,R3 1m Stks,07-11-2017 22:10,12580372,Juliana The Baron,0,50.739447998,7.10969793322734499205087440381558028617,1,1,1001,1,1001,0,11.58,0
136573323,USA / TPara (US) 7th Nov,R5 1m Allw,07-11-2017 21:52,12901051,Gee For Three,0,10.431180925752267,9.04771054484078432440509854983371239749,1,11.5,9.4,10,10,0,1047.14,113.08
136548810,USA / MountP (US) 6th Nov,R7 6f Allw,07-11-2017 02:12,12937814,Two Grand,0,57.10394160583942,62.4646055321491463844848143426843803201,50.3932651834034876728803367408298256164,65,65,1,1001,33.26,25.3,0
136607214,USA / Plain (Harness) (US) 7th Nov,R5 1m Stks,07-11-2017 19:20,13221691,Coauthor,0,65.30744891636074,19.8873626373626373626373626373626373626,1,65,65,1,1001,0,20.84,0
136548792,USA / MountP (US) 6th Nov,R1 6f Mdn,07-11-2017 00:00,13449977,Overcriticized,0,2.51715221825998,1.41651759239150451497284505553381899073,2.32626375424618266767484115609023914049,2.52,2.2,1,1001,3544.36,3078.22,141.26
136607208,USA / Plain (Harness) (US) 7th Nov,R3 1m Stks,07-11-2017 18:40,13645103,Fear Itself,1,9.333878680383787,3.34651522973670624677336086732059886422,1,1,1001,1,1001,0,37.74,0
136573119,USA / Parx (US) 7th Nov,R1 7f Mdn,07-11-2017 17:25,14771155,Mercy,0,4.9,2.88865707501230420061303376274381431324,1,4.5,3.7,160,160,0,3691.56,65.64
136549548,USA / Woodb (Harness) (US) 6th Nov,R9 1m Hcap,07-11-2017 03:10,708673,Stars Above,0,57.709451575262555,18.0363828662083553675304071919619249075,19.526235741444866920152091254752851711,1,1001,1,1001,36.82,36.82,0
136575385,USA / ZiaP (US) 7th Nov,R4 6f Claim,07-11-2017 20:32,6331986,Prince Bob,0,18.38395522,12.6382688044542970562458112079187503222,1,30,17.5,1,1001,0,386.94,0
136575397,USA / ZiaP (US) 7th Nov,R8 6f Allw Claim,07-11-2017 22:20,9385018,Super One,0,48,27.7466453280807583405145882063277114367,1,55,36,1,1001,0,161.46,0
136548795,USA / MountP (US) 6th Nov,R2 1m Claim,07-11-2017 00:22,9556526,Keri This Day Lori,0,7.618886818155197,7.00065117386172508999523201661987722793,6.69873563728317288496517457078213034027,9,9,1,1001,450.82,345.7,36.04
136574217,USA / FingL (US) 7th Nov,R5 6f Claim,07-11-2017 19:03,10059542,Southern Proper,0,65,35.5226864169123463004242467821960163946,1,65,30,1,1001,0,277.14,0
136573134,USA / Parx (US) 7th Nov,R6 1m Allw,07-11-2017 19:40,10097541,Vinceremos,1,6.2,8.06998925704141656832487165635151701512,1,1,1001,1,1001,0,257.02,784.76
136573125,USA / Parx (US) 7th Nov,R3 7f Claim,07-11-2017 18:19,10103509,Gato Pimiento,0,17.29207895,11.4930063454485350764112122819425137395,1,18.5,18.5,1,1001,0,173.48,40.6
136548795,USA / MountP (US) 6th Nov,R2 1m Claim,07-11-2017 00:22,10298462,Abatare,1,4.4,3.20502289846203857666759256047923632525,3.05035690501956214101390160659285773745,4.8,3.7,3.3,1.01,4805.2,2797.42,1559
136573137,USA / Parx (US) 7th Nov,R7 6f Allw,07-11-2017 20:07,10624882,Flashy Kyem,0,15.5,17.7450276641478422003416654605229171845,1,20,19.5,1,1001,0,236.52,1.62
136574211,USA / FingL (US) 7th Nov,R3 1m Mdn Claim,07-11-2017 18:05,10583610,Stephen Got Mad,0,9.8,7.109459120623264977164860750425360437,1,10,8,1,1001,0,2232.4,0
136573122,USA / Parx (US) 7th Nov,R2 1m Claim,07-11-2017 17:52,10939603,Likeagirl,0,10.220248779,8.42169315767638656239960337521636196399,1,11,8.6,1000,1000,0,1422.56,14.74
136575379,USA / ZiaP (US) 7th Nov,R2 5f Claim,07-11-2017 19:37,11083658,American Raisa,1,13,8.16039846025801081980857261756138160633,1,1,1001,1,1001,0,383.48,0
136573140,USA / Parx (US) 7th Nov,R8 1m Claim,07-11-2017 20:34,11264078,Refuseing,0,36,36.7774824418909607274736167161773929935,1,36,34,1,1001,0,63.18,4.04
136573311,USA / TPara (US) 7th Nov,R1 4f Allw,07-11-2017 19:55,11281505,Sheridans Corona,0,31.67588424045593,22.4928586351175355397815417853790309956,1,30,21,1,1001,0,566.04,.24
136574205,USA / FingL (US) 7th Nov,R1 6f Allw,07-11-2017 17:15,11380048,Christmas Dinner,1,2.92,2.07075542090942242419142191926842267665,2.13390820366541932022645693929060877909,2.98,2.98,1,1001,23.48,1424.96,0
136607217,USA / Plain (Harness) (US) 7th Nov,R6 1m Stks,07-11-2017 19:40,11352788,Fast N Victorious,0,1.99,1.37931064366186086819506814779799889703,1,1,1001,1,1001,0,252.86,0
136549548,USA / Woodb (Harness) (US) 6th Nov,R9 1m Hcap,07-11-2017 03:10,11484021,Bringhome Theblue,0,8.6,5.08284789644012944983818770226537216828,7.06409266409266409266409266409266409266,1,1001,1,1001,5.18,5.18,0
136549536,USA / Woodb (Harness) (US) 6th Nov,R5 1m Stks,07-11-2017 01:50,11498399,Hurricane Beach,0,2.053069502587313,1.10032434596903363587827015483182060865,2.10179497460572039561614541566426089281,1,1001,1,1001,748.2,748.2,0
136575385,USA / ZiaP (US) 7th Nov,R4 6f Claim,07-11-2017 20:32,11770970,Roll Lyndee Eyes,0,77.75304483410784,37.8406106870229007633587786259541984733,1,100,65,1,1001,0,130,0
136549527,USA / Woodb (Harness) (US) 6th Nov,R2 1m Stks,07-11-2017 00:50,12130582,See R Chin Win,0,72.85167946151924,46.0152784622966978807294233612617052735,48.1778676099039919151086407276402223345,80,65,1,1001,39.58,39.58,0
136549551,USA / Woodb (Harness) (US) 6th Nov,R10 1m Claim,07-11-2017 03:30,12815550,J J Mystic Storm,0,28,10.5808823529411764705882352941176470588,15.0162337662337662337662337662337662338,1,1001,1,1001,3.08,3.08,0
136574211,USA / FingL (US) 7th Nov,R3 1m Mdn Claim,07-11-2017 18:05,13008609,N Y Utopia,0,13.347192047159918,8.31143799560205237555807289931365362831,1,15.5,12.5,1,1001,0,599.28,0
136549530,USA / Woodb (Harness) (US) 6th Nov,R3 1m Stks,07-11-2017 01:10,13249994,Moni Justice,0,60.548812070377174,18.0847457627118644067796610169491525424,32.3823529411764705882352941176470588235,1,1001,1,1001,1.36,1.36,0
136607214,USA / Plain (Harness) (US) 7th Nov,R5 1m Stks,07-11-2017 19:20,13450479,Misters Daughter,0,17.5,10.2758780592528982395878059252898239588,1,12.5,12.5,1,1001,0,231.9,0
136573314,USA / TPara (US) 7th Nov,R2 1m Mdn Claim,07-11-2017 20:25,13778103,Mighty Ghostly,1,5.433325192331104,4.81937375849913083633816939175120339906,1,6.8,6.4,1,1001,0,887.96,2444.76
136575400,USA / ZiaP (US) 7th Nov,R9 6f Mdn,07-11-2017 22:46,14001954,Wanna Be Blond,0,38,16.6865348750466243938828795225662066393,1,38,32,1,1001,0,159.86,0
136607214,USA / Plain (Harness) (US) 7th Nov,R5 1m Stks,07-11-2017 19:20,14618510,Broadway Giant,0,70,33.3138584032709274800946847428448461373,1,70,34,1,1001,0,91.94,0
136573326,USA / TPara (US) 7th Nov,R6 1m Mdn Claim,07-11-2017 22:21,14645481,One Last Hit,0,14.985039525658358,14.8092977377800065596113929623778013955,1,18,14.5,1,1001,0,765.96,6.26
136548792,USA / MountP (US) 6th Nov,R1 6f Mdn,07-11-2017 00:00,14799317,Grizzly,0,8.8,7.84238008348500899687339021672532712473,7.22878274817323115309214043842452325789,10,9,9.2,9.2,448.88,261.38,88.6
136568402,USA / DoverD (Harness) (US) 7th Nov,R8 1m Stks,07-11-2017 23:50,15842597,Bluebird Rambo,0,6.6,4.36900418862315903256316713957573300905,1,1,1001,1,1001,0,147.02,0
136573332,USA / TPara (US) 7th Nov,R8 6f Claim,07-11-2017 23:20,1045609,Fusaichi Samurai,0,3.65,2.70302839629610006146023970177095184901,1,5,3.45,1,1001,0,11663.52,16.14
136574223,USA / FingL (US) 7th Nov,R7 6f Claim,07-11-2017 19:57,9924300,Stable Boy Kelly,0,164.40005731934968,38.9103560796885733913441722005953743989,1,180,3.05,1,1001,0,173.68,0
136574220,USA / FingL (US) 7th Nov,R6 1m Claim,07-11-2017 19:30,10097164,Lesson In Deceit,0,19.190023150172777,13.2934410758523062404152412410050725493,1,18.5,15.5,1,1001,0,338.08,0
136573125,USA / Parx (US) 7th Nov,R3 7f Claim,07-11-2017 18:19,10007299,Aiken Prep,0,13,8.22444393568099103589025033836994241889,1,1,1001,1,1001,0,151.02,2.82
136573317,USA / TPara (US) 7th Nov,R3 6f Claim,07-11-2017 20:54,10102231,Let The Boy Sing,0,33.60931509834131,27.9880991842417786512018295822603493649,1,32,25,110,36,0,375.6,18.8
136574217,USA / FingL (US) 7th Nov,R5 6f Claim,07-11-2017 19:03,10065709,Roode Dude,0,68.04579280719544,32.6664474765740588525398651980930461943,1,75,36,1,1001,0,363.98,0
136548801,USA / MountP (US) 6th Nov,R4 6f Claim,07-11-2017 01:06,10134546,Couldnt Wait,0,2.98,2.21691488335855301859234345173368732415,3.05866342048159036819263614727705445891,3.7,3.12,1,1001,4571.52,4220.94,17.26
136575388,USA / ZiaP (US) 7th Nov,R5 6f Claim,07-11-2017 20:59,10190715,Way Best,0,40,19.324211393596986817325800376647834275,1,28,21,1,1001,0,338.84,0
136548816,USA / MountP (US) 6th Nov,R9 1m Claim,07-11-2017 02:56,10140267,Won Fast Bullet,1,6.771114781383658,5.27501919870014107792065241783988179403,4.64727289539112745803110937596317833439,6.2,6.2,1,1001,973.34,640.96,239.74
136575391,USA / ZiaP (US) 7th Nov,R6 6f Allw,07-11-2017 21:26,10276131,Ballinouttacontrol,1,7.833352807826305,4.83226897384113478567416737371685328808,1,7.6,3.95,1,1001,0,1672.62,0
136549542,USA / Woodb (Harness) (US) 6th Nov,R7 1m Stks,07-11-2017 02:30,11169180,Highlandbeachycove,0,11.5,4.11697211155378486055776892430278884462,5.40978662873399715504978662873399715505,1,1001,1,1001,14.06,14.06,0
136573137,USA / Parx (US) 7th Nov,R7 6f Allw,07-11-2017 20:07,11223838,Struth,0,4.513784952313628,4.28294521244636767296768301942199389263,1,6,4.7,1,1001,0,1649.58,44.94
136549524,USA / Woodb (Harness) (US) 6th Nov,R1 1m Claim,07-11-2017 00:30,11379747,Red Dog Saloon,0,34,9.79037467700258397932816537467700258398,10.9510833880499015101772816808929743927,32,32,1,1001,60.92,60.92,0
136607211,USA / Plain (Harness) (US) 7th Nov,R4 1m Stks,07-11-2017 19:00,11352784,Stellas Phella,0,5.8,3.43191284369673163862743644852886681983,1,4.7,4.7,1,1001,0,268.86,0
136539135,USA / Dover (Harness) (US) 6th Nov,R11 1m Stks,07-11-2017 00:50,11379855,Fashion Maven,0,5.941632546372712,3.40166473093302361595044521873790166473,4.43491008600469116497263487099296325254,1,1001,1,1001,102.32,102.32,0
136607211,USA / Plain (Harness) (US) 7th Nov,R4 1m Stks,07-11-2017 19:00,11439074,Big Bad Jason,0,11.338016007,5.94090127051349920592906299629433562732,1,1,1001,1,1001,0,150.12,0
136575394,USA / ZiaP (US) 7th Nov,R7 1m Claim,07-11-2017 21:54,11508193,Jokers Touch,0,20.639266282,12.7958098338317120254362390703660244521,1,18,15,1,1001,0,527.38,0
136575379,USA / ZiaP (US) 7th Nov,R2 5f Claim,07-11-2017 19:37,11766501,Gold Slipper,0,20,16.0951964403094503716438286898922991354,1,30,20,1,1001,0,394.54,0
136539141,USA / Dover (Harness) (US) 6th Nov,R13 1m Stks,07-11-2017 01:15,12445752,Cool Reward,0,4.9,2.54553651938683498647430117222723174031,3.60424354243542435424354243542435424354,1,1001,1,1001,43.36,43.36,0
136549542,USA / Woodb (Harness) (US) 6th Nov,R7 1m Stks,07-11-2017 02:30,12611874,Evasive Card Shark,0,41.72314090949017,30.2486591906387128230131643100926377377,32.0044977511244377811094452773613193403,55,19.5,1,1001,40.02,40.02,0
136549539,USA / Woodb (Harness) (US) 6th Nov,R6 1m Hcap,07-11-2017 02:10,12739435,Supreme Monarch,0,78.39889747987272,38.7057707509881422924901185770750988142,40.486129032258064516129032258064516129,90,22,1,1001,49.6,49.6,0
136568387,USA / DoverD (Harness) (US) 7th Nov,R3 1m Stks,07-11-2017 22:10,12713369,Rocking River,0,48.23028684241087,.380530973451327433628318584070796460177,1,1,1001,1,1001,0,8.04,0
136548810,USA / MountP (US) 6th Nov,R7 6f Allw,07-11-2017 02:12,12825400,Mugrosito,0,4.901189295559133,4.04499176888587389125554090581725075616,4.63341601955708944492378487201610583837,5.2,5.1,1,1001,556.32,473.44,6.08
136607226,USA / Plain (Harness) (US) 7th Nov,R9 1m Stks,07-11-2017 20:40,13082340,Odetta Hall,0,48.88992054,29.8393640350877192982456140350877192983,1,1,1001,1,1001,0,35.48,0
136574208,USA / FingL (US) 7th Nov,R2 6f Mdn Claim,07-11-2017 17:42,13116675,Lischin To Garry,0,85,60.2646383467278989667049368541905855339,1,140,48,1,1001,0,138.36,0
136573326,USA / TPara (US) 7th Nov,R6 1m Mdn Claim,07-11-2017 22:21,13199048,El Sundar,0,2.5655090337246653,1.43681533071903537122701195721339259641,1,2.64,2.38,2.34,2.12,0,9428.48,1459.9
136607208,USA / Plain (Harness) (US) 7th Nov,R3 1m Stks,07-11-2017 18:40,13239608,Fox Ridge Joey,0,11.07771309647011,4.47863777089783281733746130030959752322,1,1,1001,1,1001,0,50.68,0
136607202,USA / Plain (Harness) (US) 7th Nov,R1 1m Stks,07-11-2017 18:00,13221652,He Said,0,21.492457137502498,15.1802791802791802791802791802791802792,1,24,24,1,1001,0,133.68,0
136607205,USA / Plain (Harness) (US) 7th Nov,R2 1m Stks,07-11-2017 18:20,13239740,Mikey Boy,0,20.218343528,14.1530144167758846657929226736566186108,1,36,36,1,1001,0,121.08,0
136573314,USA / TPara (US) 7th Nov,R2 1m Mdn Claim,07-11-2017 20:25,14441598,Pasz The Pepper,0,7.142110745616956,6.4277438475236363413855181812352714006,1,1,1001,1,1001,0,269.96,28.7
136607226,USA / Plain (Harness) (US) 7th Nov,R9 1m Stks,07-11-2017 20:40,14448887,Mary Girl,0,51.65315477378667,26.0784960422163588390501319261213720317,1,1,1001,1,1001,0,29.32,0
136573326,USA / TPara (US) 7th Nov,R6 1m Mdn Claim,07-11-2017 22:21,14645480,Mobutu,0,20.792869931592733,24.0428261228525662611975793397564643991,1,29,22,1,1001,0,266.56,20.16
136575391,USA / ZiaP (US) 7th Nov,R6 6f Allw,07-11-2017 21:26,15145937,Z Zendarella,0,11.010561253874329,5.91961591621405906285892269656796900855,1,9,5.1,1,1001,0,2053.76,0
136568381,USA / DoverD (Harness) (US) 7th Nov,R1 1m Stks,07-11-2017 21:30,15724111,Right It Write,0,37.34914641060634,23.5365777080062794348508634222919937206,1,38,36,1,1001,0,62.7,0
136568384,USA / DoverD (Harness) (US) 7th Nov,R2 1m Stks,07-11-2017 21:50,15724112,Banana Leaf,0,20.429137493893506,12.1951147733961153619776339022954679223,1,1,1001,1,1001,0,134.92,0
136568390,USA / DoverD (Harness) (US) 7th Nov,R4 1m Stks,07-11-2017 22:30,15792242,Tobins Secret,0,3.9,2.08844756948289225999335621747314804562,1,1,1001,1,1001,0,179.62,0
