EVENT_ID,MENU_HINT,EVENT_NAME,EVENT_DT,SELECTION_ID,SELECTION_NAME,WIN_LOSE,BSP,PPWAP,MORNINGWAP,PPMAX,PPMIN,IPMAX,IPMIN,MORNINGTRADEDVOL,PPTRADEDVOL,IPTRADEDVOL
112827460,GB / Ling 15th Feb,TO BE PLACED,15-02-2014 14:50,7337757,Lone Warrior,0,5.21382434540894,4.28518625799916683623952562693843982288,5.26496853683824404628348024992751801547,4.6,3.9,5,5,69.66,3259.7,281.32
112827462,GB / Ling 15th Feb,TO BE PLACED,15-02-2014 15:25,3760030,Lowther,0,8.289490566410763,7.22527720718843975963416248995972077629,6.67132937276532877052847940352159384764,9.4,6.63,1,1001,257.3,4375.7,8.24
112827462,GB / Ling 15th Feb,TO BE PLACED,15-02-2014 15:25,5742461,George Guru,1,2.4998944007600947,2.32304834140820771498387913863905968254,2.57548829718256676113794028271137203887,2.69,2.36,2.3,2,701.5,23952.54,2152.52
112827468,GB / Ling 15th Feb,TO BE PLACED,15-02-2014 17:00,4136655,Haadeeth,0,4.2,3.83534958736423331929876850987237167988,4.18636222563489119943582014512312474848,4.4,4,2.64,2.64,251.32,8933.14,403.9
112827468,GB / Ling 15th Feb,TO BE PLACED,15-02-2014 17:00,5580086,Roys Legacy,1,4.099630638785383,3.5248690018312878985258657569279925246,4.2063525268843295039573296464178351916,5,4,1,1001,122.08,11228.74,1534
112827456,GB / Ling 15th Feb,TO BE PLACED,15-02-2014 13:40,7572793,Coiste Bodhar,1,2.9525319855121053,2.61652642127110686176264232234879930296,2.65832854780505412919838834513942443383,3,2.26,1,1001,291.82,9141.76,443.06
112827458,GB / Ling 15th Feb,TO BE PLACED,15-02-2014 14:15,7431696,Sagesse,0,2.5946335445819564,2.52218356626257419351577499759751536177,2.68659785961729862746814295096605011695,2.96,2.24,1,1001,1049.32,19382.08,583.5
112827458,GB / Ling 15th Feb,TO BE PLACED,15-02-2014 14:15,4104728,Knockgraffon Lad,0,6.255576723,4.98331875833544980536064062590562597316,5.54697736489885259498819679629482759987,6.2,4,5.7,5.7,92.42,6651.58,183.62
112827466,GB / Ling 15th Feb,TO BE PLACED,15-02-2014 16:30,200783,Commissar,1,4.206087493,5.31093354446225285278373789094393779062,4.48928617675771475195499591148728721995,13.5,3.96,1,1001,372.2,9554.66,733.38
112827466,GB / Ling 15th Feb,TO BE PLACED,15-02-2014 16:30,3082968,Hellbender,0,6.876047844,4.91508030820234748248365591294436669164,5.90269637268886998864790763699822473143,7.8,6.2,1,1001,53.12,3759.44,14.16
112827565,GB / Hayd 15th Feb,TO BE PLACED,15-02-2014 13:45,6848208,Handiwork,0,1.7,1.67121013492042522013429960006888933296,1.69491572269176950360996557183428326521,1.7,1.63,1.57,1.57,470.02,19075.58,1935.4
112827567,GB / Hayd 15th Feb,TO BE PLACED,15-02-2014 14:20,6340908,Mickie,1,1.7811710042537152,1.91959438481686120009244813387855178261,2.00894423525207813621412767949590671,1.97,1.8,1.79,1.01,707.34,16330.54,5421.3
112827569,GB / Hayd 15th Feb,TO BE PLACED,15-02-2014 14:55,5905303,Merry King,0,2.42,2.47402922507263977944758850718315720615,2.97184724727216155059294227411947597941,3.2,2.34,1000,2.28,3112.96,36092.32,5815.7
112827569,GB / Hayd 15th Feb,TO BE PLACED,15-02-2014 14:55,3719038,Well Refreshed,0,7.74282431825879,7.18438016202841566221258859223854060615,5.35717240145646940737371294579141014,8.6,5.6,8,6,649.64,5740.04,479
112827571,GB / Hayd 15th Feb,TO BE PLACED,15-02-2014 15:30,4844345,American Life,0,5.4,4.5862300902524039050105166920652853666,6.16394438792610306817592482965282884882,6.23,4.8,4.8,4.8,183.72,5443.88,218.8
112827575,GB / Hayd 15th Feb,TO BE PLACED,15-02-2014 16:35,6935870,Bob Ford,0,2.64,2.83731367535365604591840631830595515592,3.29289317851844818929973484112913825141,3,2.68,3.95,2.82,95.54,6074.58,754.16
112853035,GB / Ascot 15th Feb,TO BE PLACED,15-02-2014 13:30,6815401,Un Temps Pour Tout,1,1.16,1.16910789827147607802376125540167025437,1.27362216190900035085987710845062781538,1.29,1.15,1.42,1.14,2196.52,34376.88,10140.02
112853037,GB / Ascot 15th Feb,TO BE PLACED,15-02-2014 14:05,6871013,Ofaolains Boy,1,4.1,3.94190215270761440806040968950939572895,3.86934273464884793803135914836240013584,4.3,3.7,3.9,1.01,207.74,7744.94,2560.56
112853041,GB / Ascot 15th Feb,TO BE PLACED,15-02-2014 15:15,3887611,Bourne,0,2.363086149,2.26297678144806240461948463898321194691,2.43446738192437926078091649292320552293,2.54,2.2,30,1.5,1319.94,31005.44,5212.8
112853041,GB / Ascot 15th Feb,TO BE PLACED,15-02-2014 15:15,5273687,Bygones Sovereign,0,2.6058328428471245,2.66170583700438627752441419103886360134,3.97896989844123340200157776959522407876,3.7,2.68,7,2.42,539.72,10162.22,1353.66
112853041,GB / Ascot 15th Feb,TO BE PLACED,15-02-2014 15:15,6635597,Foxcub,0,9.90258868370671,8.97142217914778507205743732554672632832,7.81948829735528591349583388725748058433,14,9.4,1,1001,100.14,3471.58,74.36
112829041,GB / Ascot 15th Feb,TO BE PLACED,15-02-2014 15:50,4512035,Captain Chris,1,1.1934582214967873,1.19957800307971682718327913589476623926,1.26098169753467143356851618058324341459,1.25,1.19,1.29,1.02,1845.72,82394.18,11217.02
112853045,GB / Ascot 15th Feb,TO BE PLACED,15-02-2014 16:20,7265664,Mountain King,1,1.4,1.4408589093956060326112633506175878965,1.54164900747883662661604557893874304361,1.48,1.41,5,1.03,477.56,20398.66,7273.88
112853045,GB / Ascot 15th Feb,TO BE PLACED,15-02-2014 16:20,6886109,Wadswick Court,1,3.8967225995552868,3.88248328215222063561870565935825033999,2.82416587239728125718950736793061221779,4.1,3.8,3.6,1.01,139.76,4312.02,2836.7
112853045,GB / Ascot 15th Feb,TO BE PLACED,15-02-2014 16:20,7070952,Wilde Blue Yonder,0,1.9264997152935388,1.89374414165268557952186771746432546506,1.94750464645552143374640991856396697117,1.97,1.81,1000,1.16,70.42,9912.04,4587.02
112853047,GB / Ascot 15th Feb,TO BE PLACED,15-02-2014 16:50,8299444,Medburn Cutler,0,12,7.12749208078978842109123876530506615813,6.41816986537072124277253109574958271001,10.5,6.8,1,1001,16.5,1456.56,54.78
112853047,GB / Ascot 15th Feb,TO BE PLACED,15-02-2014 16:50,8162730,Golden Milan,0,2.2,2.21857563359541871519420955708441687825,2.8412557715417913578201323650524976952,2.54,2.2,2.08,1.61,8.5,6608.34,941.2
112853091,GB / Winc 15th Feb,TO BE PLACED,15-02-2014 15:05,2601277,Quaddick Lake,0,6,6.36148271777761113373434397349864383155,5.29795702869934995501162927356675212302,6.8,5.8,1000,1000,46.58,1719.54,160.8
112853091,GB / Winc 15th Feb,TO BE PLACED,15-02-2014 15:05,7835156,Aldopicgros,1,2.8,2.64641499167946229901573999394209854662,2.61244993186732310748121264591042991563,2.82,2.48,2.82,2.02,109.16,8471.6,3759.54
112853091,GB / Winc 15th Feb,TO BE PLACED,15-02-2014 15:05,4850432,Seventh Sky,1,4,4.26475919398393700214406310931930959613,5.13019142500892686406241761376010581486,4.6,4.4,1.88,1.14,30.36,1483.68,2067.56
112853095,GB / Winc 15th Feb,TO BE PLACED,15-02-2014 16:15,7432885,Brother Du Berlais,1,1.9105982454716104,1.85900613960078226586361680257169829296,2.20265781143839088866876122727470923959,2.04,1.71,1.96,1.42,248.44,6828.56,2545.7
112853095,GB / Winc 15th Feb,TO BE PLACED,15-02-2014 16:15,8144285,Genson,0,108.694924979,83.6659350465898295458155337822044726877,1,120,55,80,50,0,113.64,15.92
112853095,GB / Winc 15th Feb,TO BE PLACED,15-02-2014 16:15,7076674,Allow Dallow,0,3.36041126875687,3.2164758929890530056358450952686055786,2.41785923911869676370711082009706006179,3.6,3,1,1001,35.92,3782.58,461.62
112853097,GB / Winc 15th Feb,TO BE PLACED,15-02-2014 16:45,69490,Benbecula,0,5.005634275751655,4.57806977774012047244394448898991763579,4.34899423924591655548935110230414663596,4.8,4,3.95,3.95,4,2541.54,1077.52
112853097,GB / Winc 15th Feb,TO BE PLACED,15-02-2014 16:45,6453116,No No Cardinal,0,110,90.4052126831894123780918744741701553235,17.7601522335661343365171409261483604772,200,60,65,65,4,79.8,18
112853085,GB / Winc 15th Feb,TO BE PLACED,15-02-2014 13:20,5938559,Cropley,0,3.6,3.09582324303822667433365963707276831497,3.39519208074815412520995948627464541566,3.35,2.8,3.4,3.2,44.4,11888.6,409.58
112853085,GB / Winc 15th Feb,TO BE PLACED,15-02-2014 13:20,2357091,Mic Aubin,0,7.68652521588374,6.23610294085760409836123347891314398739,5.63494833278673327616963444467092827325,7,5.2,5.5,5.5,124.52,2343.78,487.92
112853089,GB / Winc 15th Feb,TO BE PLACED,15-02-2014 14:30,7044470,Tinker Time,0,3.4,3.76005134436977341518847421887725067238,4.09427423815000468338237665846988710041,4.3,3.4,3.65,3.05,27.7,4499.62,729.16
112853089,GB / Winc 15th Feb,TO BE PLACED,15-02-2014 14:30,4672494,Lamps,0,5.301132534,3.00754721938557033222953882778675507456,2.57373631047102568190027930419646081212,5.3,2.56,7,1.66,345.44,14721.58,6618.84
112827460,GB / Ling 15th Feb,TO BE PLACED,15-02-2014 14:50,655604,Golden Amber,1,3.4,3.09811773914372400136268697632165792954,3.20199469754046732176530224058434183153,3.3,2.92,1,1001,326.36,6716.16,667.04
112827462,GB / Ling 15th Feb,TO BE PLACED,15-02-2014 15:25,6445644,Royal Prize,0,3.1283769832660617,2.76575982114102721454300849709204201663,2.59279499807642034608032284616580064234,3.15,2.64,3.45,3,224.76,10203.94,590.86
112827468,GB / Ling 15th Feb,TO BE PLACED,15-02-2014 17:00,6310865,Temple Road,1,2.4641311382891025,2.51481866888596559867025959318373615116,2.32895197685875782504393839973499817495,3.35,2.48,1,1001,91,14935.46,964.78
112827458,GB / Ling 15th Feb,TO BE PLACED,15-02-2014 14:15,873629,Music Man,0,3.246234852,2.95574405197445517260462624673327943905,2.71891176438932609398125400949789509965,3.2,2.48,1.72,1.72,399.52,7069.4,927.82
112827458,GB / Ling 15th Feb,TO BE PLACED,15-02-2014 14:15,5801923,Deia Sunrise,0,31.98768630821955,22.6100929635519389308525403701877254849,10.0607799459935831607995308218954880314,32,15.5,1,1001,45.14,724.04,20.52
112827458,GB / Ling 15th Feb,TO BE PLACED,15-02-2014 14:15,4216246,St Ignatius,0,8.927822972,7.58877480682456849281322755326228251022,7.05022818236242561011986799921180000388,8.6,6.4,6.2,6.2,107.26,2519.08,402.72
112827567,GB / Hayd 15th Feb,TO BE PLACED,15-02-2014 14:20,6789478,Lienosus,0,2.644967021256191,2.57325135909187007826151525089634191547,2.58047751973521168487372000675934294178,2.62,2.5,4,3.3,122.8,9138.3,1550.14
112827569,GB / Hayd 15th Feb,TO BE PLACED,15-02-2014 14:55,6246000,Wychwoods Brook,0,4.420690456712617,3.49449215104452239820409650465511833672,3.97311167661109950542456929084725419413,4.8,4,3.05,2.92,1218.28,11102.5,1874.92
112827571,GB / Hayd 15th Feb,TO BE PLACED,15-02-2014 15:30,6171051,Horatio Hornblower,0,2.797452253347,2.37105342932774068921909955796949618843,2.56646102866787660079065496362195915989,2.82,2.52,2.9,2.9,454.94,14182.66,769.76
112827575,GB / Hayd 15th Feb,TO BE PLACED,15-02-2014 16:35,5964649,Bobcatbilly,1,2.4402395308969305,2.52096873295273262006780695455500055786,2.785422700259883160228873597206881567,2.72,2.36,2.32,1.01,532.74,11595.96,3700.82
112827577,GB / Hayd 15th Feb,TO BE PLACED,15-02-2014 17:05,6256324,Current Exchange,1,2.9,3.06055369006717901276454360803428723723,4.8713693335339084303379406512960671583,3.3,2.78,1.01,1.01,12.94,7634.66,1897.38
112827577,GB / Hayd 15th Feb,TO BE PLACED,15-02-2014 17:05,3813787,Bens Folly,0,7.8,8.46619558176287763116635778341273242827,1,12.5,4,6.4,6.4,0,3488.92,69.7
112827577,GB / Hayd 15th Feb,TO BE PLACED,15-02-2014 17:05,3649765,Carronhills,0,22,17.4868077979593529297790523263433481847,9.99994015039799985330097554851260239119,22,17,19.5,19.5,4,611.8,35.12
112853039,GB / Ascot 15th Feb,TO BE PLACED,15-02-2014 14:40,3893959,Restless Harry,1,1.8886300358029893,1.87905671167157227407530052704133597441,1.78184977177098743155314778663498341435,2.1,1.83,1.88,1.01,1031.94,23405.78,5251.9
112853041,GB / Ascot 15th Feb,TO BE PLACED,15-02-2014 15:15,5161238,Kaylif Aramis,1,2.143333714,2.06555669966951812436491049967552926179,2.63012678784859586555738847927297508547,2.68,2.02,2.16,1.82,2002.26,24694.96,3049.3
112829041,GB / Ascot 15th Feb,TO BE PLACED,15-02-2014 15:50,3970078,Hunt Ball,1,5.3,4.90537219220540925237791293377775826911,5.67055521707754248850158519634642515124,6.8,4.9,5.2,1.01,256.78,9872.08,3909.26
112829041,GB / Ascot 15th Feb,TO BE PLACED,15-02-2014 15:50,2857728,Riverside Theatre,0,2.173074929201042,1.95433746664297690163478071592938876755,1.88082147697062881130942393302243587984,2.22,1.85,55,2.6,608.86,35801.88,2166.2
112829041,GB / Ascot 15th Feb,TO BE PLACED,15-02-2014 15:50,5079908,Cloudy Too,1,2.0204129195328644,2.07380042531784465255272650494585244505,2.21241063435501526355872567664809039693,2.38,2,2.12,1.03,3356,32195.64,5279.72
112853047,GB / Ascot 15th Feb,TO BE PLACED,15-02-2014 16:50,8299453,The Wexfordian,0,4.067201590686892,3.54398244840355029921174635574082275667,2.4007868172664629353587062554830762314,4.3,3.55,2.36,2.36,54.82,2948.56,267.9
112853087,GB / Winc 15th Feb,TO BE PLACED,15-02-2014 13:55,7222716,Blue Buttons,0,2.1012065652272582,1.97316222280044979540005189317404259406,2.09309828739573490343556019195055906218,2.16,2,1000,2,147.98,11730.56,2047.28
112853091,GB / Winc 15th Feb,TO BE PLACED,15-02-2014 15:05,4209686,George Nympton,0,42.78536443648859,26.0217766497057111296222552463040761786,11.7499773450890661346126915187079564419,36,28,42,36,9.68,223.2,52
112853095,GB / Winc 15th Feb,TO BE PLACED,15-02-2014 16:15,8001073,Castarnie,0,50.55730015963523,57.9768009205479746315813684498638726504,36.3254916743843583178608188445918243964,75,30,60,60,19.66,283.04,74.9
112853085,GB / Winc 15th Feb,TO BE PLACED,15-02-2014 13:20,3423447,Tarabela,1,1.852336905131851,1.99153211828455294240262532913419819697,1.99232730360980627870408137540587352107,2.02,1.9,1.86,1.02,629.3,20359.66,3582.58
112853085,GB / Winc 15th Feb,TO BE PLACED,15-02-2014 13:20,5138204,Just Benny,0,4.2,4.17800659819425403347387916135060163154,4.12841738193895920330471854092838835007,4.5,3.9,1,1001,56.4,5839.54,117.94
112853085,GB / Winc 15th Feb,TO BE PLACED,15-02-2014 13:20,1246925,Warsaw Pact,0,8.4,7.93231814924378650654831473880346150816,5.29242880400219427585698798326419554002,9.6,5.6,100,12.5,159.76,1647.44,61.74
112853085,GB / Winc 15th Feb,TO BE PLACED,15-02-2014 13:20,7059682,Sweet Boy Vic,1,1.56,1.66777078117630574100928633821358261872,2.14795349562210739886485766084061216408,2.14,1.52,1.68,1.12,1132.7,32314.44,5653.9
112853085,GB / Winc 15th Feb,TO BE PLACED,15-02-2014 13:20,7933927,The Wealerdealer,1,2.8,2.4060881901252224212211051585315183283,2.14477879158214783647643139055603834232,2.78,2.04,2.54,1.01,258.28,11554.04,2935.48
112827462,GB / Ling 15th Feb,TO BE PLACED,15-02-2014 15:25,6382912,Birdman,0,4.233502278315138,3.44495287923745632813338255466012917384,4.19370626414366578290448577212199181294,4.5,3.8,1,1001,633.44,7032.22,49.18
112827468,GB / Ling 15th Feb,TO BE PLACED,15-02-2014 17:00,2442153,Shifting Star,0,6,4.51332427750081900116929358485650745446,4.20450507096160571732442114716266325256,6.2,3.6,6,6,137.98,6822.42,141.3
112827456,GB / Ling 15th Feb,TO BE PLACED,15-02-2014 13:40,8088108,Rosie Prospects,0,4.056562125285854,3.28093175622263172115355394874285880153,3.00530199294537598148468366770220974772,3.55,3.2,1,1001,178.06,3372.96,73.6
112827458,GB / Ling 15th Feb,TO BE PLACED,15-02-2014 14:15,5816019,Thecornishcowboy,0,15.607064939523113,13.576951241871571425630347171909039936,8.55557401045950467990051476067605616038,18,7.4,1,1001,98.06,1153.9,30.92
112827464,GB / Ling 15th Feb,TO BE PLACED,15-02-2014 16:00,7785660,Premium Pressure,0,1.3016238916040312,1.26236726485341614204132855038367603803,1.43172074804991777093208872108930873019,1.31,1.22,1.35,1.12,266.24,28145.94,5623.44
112827466,GB / Ling 15th Feb,TO BE PLACED,15-02-2014 16:30,6378382,Run It Twice,0,2.7301036073025213,2.69932076755024590294228572957195673288,3.22976822761882054754979447209540780604,3.5,2.72,1,1001,493.38,15868.76,535.22
112827565,GB / Hayd 15th Feb,TO BE PLACED,15-02-2014 13:45,6948003,Cafe Au Lait,0,3.879861132886872,4.30562467881856277017139323760978013253,6.16994474390535679169298766811746466177,7.17,3.85,5,2.54,620.96,10035.2,842
112827569,GB / Hayd 15th Feb,TO BE PLACED,15-02-2014 14:55,5234724,Our Father,0,2.8628918738945535,2.62969487663859515051038230427172539654,2.73219165213192046679756039329117252974,3,2.6,7,1.4,2963.76,33863.8,7601.66
112827571,GB / Hayd 15th Feb,TO BE PLACED,15-02-2014 15:30,5326997,Quel Elite,0,3.9244281484363457,4.19584009864127442705933478024445258177,7.29016218028401256564063493577426652739,7.78,3.75,5.7,3.4,129.64,12573.08,492.32
112827573,GB / Hayd 15th Feb,TO BE PLACED,15-02-2014 16:05,6331982,Kaki De La Pree,1,3.1715906492029897,3.20841211281583624683660768292746146053,2.86701183233424680053939333065733341318,3.55,3.05,3.65,2.12,68.82,13616.96,2004.98
112827573,GB / Hayd 15th Feb,TO BE PLACED,15-02-2014 16:05,7904829,Straidnahanna,0,3.3789723585617315,3.56822450426415587191205346685149066523,4.3737683758250513517172842677927967222,3.8,3.35,2.9,2.9,112.32,6546.76,572.02
112827573,GB / Hayd 15th Feb,TO BE PLACED,15-02-2014 16:05,8039691,Wuff,0,2.282591654533203,2.30063294398847876463228804397520881231,1.96304942230279555887468439879213778096,2.42,1.95,1,1001,447.04,20916.94,1333.64
112827575,GB / Hayd 15th Feb,TO BE PLACED,15-02-2014 16:35,5959454,Sixty Something,1,3.55,3.39945553072643419896462980626913608106,4.45069463725092369134826901309185656622,3.65,3.2,3.7,1.6,35.96,3380.66,1415.02
112827575,GB / Hayd 15th Feb,TO BE PLACED,15-02-2014 16:35,4679819,Sergeant Dick,0,4.9,4.54649592573304804569332567525776261535,3.63404266091472178306430810063225267812,4.9,4.3,4.7,4.7,29.84,2746.42,842.02
112827577,GB / Hayd 15th Feb,TO BE PLACED,15-02-2014 17:05,5281145,Chiquilline,0,6.7382822813634995,6.14704744766059739912472388027407663809,5.42755395564446073514311489892700391092,7,5.8,6.8,2.64,12.84,1421.74,710.84
112827577,GB / Hayd 15th Feb,TO BE PLACED,15-02-2014 17:05,5473450,Bobs Law,0,3.115980849,3.23262103712665990383478310536261462558,3.82056648019238162285945136412017415144,3.45,3.2,250,250,115.52,3604.9,182.2
112853035,GB / Ascot 15th Feb,TO BE PLACED,15-02-2014 13:30,5415376,Our Pollyanna,0,8.2,6.65424326616447893829951267075445227323,5.00925660114675306328262986262544593029,8,5.8,5,5,183.74,4275.82,498.68
112853037,GB / Ascot 15th Feb,TO BE PLACED,15-02-2014 14:05,5256929,Baby Shine,0,3.176978678838349,2.92910368977248076534595520463530859075,3.13360608112470986115813215215995998962,3.24,2.78,6.2,6.2,498.62,13630.58,774.26
112853037,GB / Ascot 15th Feb,TO BE PLACED,15-02-2014 14:05,5459097,Ely Brown,0,5.542877420413464,5.23843444248669485985941588192404413212,4.26966584222228092252001848322128055982,6,3,5.2,5,692.3,5002.3,420.62
112853039,GB / Ascot 15th Feb,TO BE PLACED,15-02-2014 14:40,2664171,Chance Du Roy,0,4.4,3.19092445525474545814891104865115677939,3.82672293339527304486504595912123757859,4.2,4.1,4.6,1.16,89,3787,2707.44
112853039,GB / Ascot 15th Feb,TO BE PLACED,15-02-2014 14:40,2719028,Tullamore Dew,0,3.234274156872653,2.99505581422512824146559471434921312481,4.23431381503742277484712275474236442626,4.45,3.2,3.8,3.4,570.62,9476.74,1413.46
112853041,GB / Ascot 15th Feb,TO BE PLACED,15-02-2014 15:15,3534707,Stopped Out,0,6.502077958718516,5.4152283657209144054193288798008712029,5.17023372666168746691330212650564142677,7.4,4.9,1,1001,232.46,4959.6,348.28
112829041,GB / Ascot 15th Feb,TO BE PLACED,15-02-2014 15:50,5178281,Sunny Ledgend,0,55.52200722447741,41.6310054055964069169394096526036282229,27.9145320657905840666963216753214287083,75,29,190,32,40.28,2492.24,187.54
112853047,GB / Ascot 15th Feb,TO BE PLACED,15-02-2014 16:50,7107638,Devenish Island,0,3.982549372,3.63907000663854564159267537918352432473,3.29192777229173275546580109174857654914,4.1,3.65,4.1,4.1,82.28,8412.46,321.5
112853087,GB / Winc 15th Feb,TO BE PLACED,15-02-2014 13:55,6936078,Woodland Walk,0,11.466459288216722,9.50635499540204840143338402488671608505,1,13,9.4,11,4,0,1376.8,413.32
112853087,GB / Winc 15th Feb,TO BE PLACED,15-02-2014 13:55,6982650,Mollys A Diva,0,3.4,3.08761478565241144686208822683351852153,3.67400242682871441302561968140092309021,3.7,3.15,3.55,3.55,105.94,4325.74,634.28
112853093,GB / Winc 15th Feb,TO BE PLACED,15-02-2014 15:35,5296412,Zarkandar,1,1.27,1.34270470796984697107659102715365113827,1.45351082432483247370719534338014045453,1.43,1.27,1.21,1.2,2541.32,32649.4,3639.82
112853097,GB / Winc 15th Feb,TO BE PLACED,15-02-2014 16:45,6180985,Electric Mayhem,0,23.113526357482197,26.5334881034886399223588919324178369415,1,36,22,23,23,0,318.66,34.12
112827460,GB / Ling 15th Feb,TO BE PLACED,15-02-2014 14:50,7330498,Intermath,0,11.642743897,11.0719053472038608605329252671422518789,6.65523057516211515954969812181952844874,12.5,9.4,12.5,12.5,14.48,1258.78,42.74
112827462,GB / Ling 15th Feb,TO BE PLACED,15-02-2014 15:25,7256975,Tellovoi,1,14.164120411777406,14.8773461359838369760051728784902015628,14.9284628237359058867817784796560606502,32,13,1,1001,11.28,2043.86,772.42
112827468,GB / Ling 15th Feb,TO BE PLACED,15-02-2014 17:00,6204227,Compton Prince,0,7.197902909185504,6.84344339607287370810097539398592705468,4.96359348233330881671206774527353470078,7.8,6,1,1001,53.24,2488.42,2.14
112827468,GB / Ling 15th Feb,TO BE PLACED,15-02-2014 17:00,6432517,Meridius,0,5.301810418406872,7.19951804624068769259439475520984718558,5.02488368805634444712591128747800295027,10.5,5.4,1,1001,15.9,3976.72,59.58
112827456,GB / Ling 15th Feb,TO BE PLACED,15-02-2014 13:40,7534081,Katja,1,2.1746629244750153,2.02151809422354868519903859649569193261,2.19177966269606362265899903055836440421,2.32,1.82,1,1001,895.7,18179.52,994.5
112827456,GB / Ling 15th Feb,TO BE PLACED,15-02-2014 13:40,7817203,Monsieur Lavene,1,1.2,1.21707860728282530190243761618077178167,1.22024865055396920745300809953194111668,1.3,1.17,1.01,1.01,577.36,50170.82,2176.8
112827456,GB / Ling 15th Feb,TO BE PLACED,15-02-2014 13:40,7928043,Sylvan Spirit,0,5.261771647721762,4.48459637590260753085472795081567687944,3.57655844587544499492333591950116493678,4.9,4.3,4,4,75.78,4102.78,537.2
112827458,GB / Ling 15th Feb,TO BE PLACED,15-02-2014 14:15,4800307,Scottish Star,1,2.5873708078439073,2.55241790752095636413841291544863383426,2.99286275282762957831774048251977134686,2.72,2.16,2.56,1.88,472.48,15983.32,2991.28
112827458,GB / Ling 15th Feb,TO BE PLACED,15-02-2014 14:15,6705870,Lilac Tree,0,1.6801342306495917,1.83409607650508493983996546614103511463,1.99856696105971678370151876223286470109,2,1.66,46,1.5,540.14,34004.98,5473.82
112827458,GB / Ling 15th Feb,TO BE PLACED,15-02-2014 14:15,6356576,Ocean Applause,1,6.447827422512926,6.56656113760288354743280505723740477093,6.20560382612809076067987607568234577722,6.8,6.4,1.01,1.01,95.92,3260.74,1315.54
112827464,GB / Ling 15th Feb,TO BE PLACED,15-02-2014 16:00,8298628,Diamond Back,0,44.65544303425945,44.2969645821681362304028207777465267794,12.2760138122277852706494802408672621434,70,36,42,42,13.44,580.76,27.76
112827466,GB / Ling 15th Feb,TO BE PLACED,15-02-2014 16:30,7287068,Tee It Up Tommo,0,1.55,1.59926305560073844006904058392614793606,1.86489823607410933099615039091111566268,1.9,1.55,1,1001,565.56,28167.18,553.92
112827565,GB / Hayd 15th Feb,TO BE PLACED,15-02-2014 13:45,7005148,Sea Claria,0,2.16,2.36082648473898392065662657015023415227,2.24483334556761626877815125796739690841,2.56,2.18,5,3.7,219.16,12597.16,773.3
112827565,GB / Hayd 15th Feb,TO BE PLACED,15-02-2014 13:45,6707882,Hawk High,0,2.3317674217916102,2.16169860521725418434126331045294587228,2.06804639986815124255207571798548187914,2.34,2.1,1,1001,325.42,8990.36,1803.12
112827569,GB / Hayd 15th Feb,TO BE PLACED,15-02-2014 14:55,5342518,Hawkes Point,0,4.017423762609578,3.51020028969549773854772629060684245339,3.14612556845742915740987344100978464067,4.3,2.44,5.3,3.35,1784.62,14509.82,1520.88
112827569,GB / Hayd 15th Feb,TO BE PLACED,15-02-2014 14:55,5125991,Red Rocco,0,6.261311676729237,5.46341818103177921891515222555888331435,6.06359377492691671946671873165973338692,6.8,5.7,4.8,1.06,1223.82,7675.92,2146.08
112827569,GB / Hayd 15th Feb,TO BE PLACED,15-02-2014 14:55,3394546,Wellforth,0,17.5,14.3157426177761256964499102242866441642,13.6131822863814529919872465512953877496,22,12,22,10.5,349.78,3027.4,154.04
112827569,GB / Hayd 15th Feb,TO BE PLACED,15-02-2014 14:55,3644183,Rigadin De Beauchene,1,6.456686526343475,4.60839489849096841760698168071832554113,4.87455053275622292848669932483895604226,6.6,5.2,6.2,1.01,1183.78,7036.24,5079.96
112827571,GB / Hayd 15th Feb,TO BE PLACED,15-02-2014 15:30,6109960,Top Wood,1,9.4,8.45965664472605855584323146119648297729,4.76416438855953951999444603141306811501,12,9,8.2,1.01,65.36,2956.44,5307.7
112827575,GB / Hayd 15th Feb,TO BE PLACED,15-02-2014 16:35,6440106,Gardefort,0,2.0398889264444735,2.15713357977718061550637252786870755582,2.28006507513211141134153005463969698344,2.66,2,110,1.28,106.9,25688.24,2733.96
112827577,GB / Hayd 15th Feb,TO BE PLACED,15-02-2014 17:05,5084420,What A Laugh,0,3.238666068,2.92306677442703046973531588174945701711,2.27764501459809057312862923956190765477,3.4,2.18,3,2.08,45.74,5895.82,1346.74
112827577,GB / Hayd 15th Feb,TO BE PLACED,15-02-2014 17:05,8299454,Flan The Man,0,19.408386249729993,15.8062261532969884637778252549792870385,9.01691090743266362219006863953356178266,19,17,5,5,49.42,582.82,158.24
112827577,GB / Hayd 15th Feb,TO BE PLACED,15-02-2014 17:05,4326683,Onetwobeat,1,32,27.9069613272510740982005408188544134663,12.6299870131811686143617139627527415928,32,23,32,30,24,368.26,195.04
112853035,GB / Ascot 15th Feb,TO BE PLACED,15-02-2014 13:30,7146160,Cole Harden,1,1.4845514394965722,1.48382130713987621354116905251120120048,1.62550940164546843356366313879437826033,1.56,1.45,1.58,1.45,390.84,23874.4,6334.12
112853037,GB / Ascot 15th Feb,TO BE PLACED,15-02-2014 14:05,6041856,Gevrey Chambertin,0,1.79,1.77714914810420064616761183279776001556,1.88496848359550900231366241316031293162,1.88,1.7,1.78,1.43,457.68,34434.92,4404.14
112853041,GB / Ascot 15th Feb,TO BE PLACED,15-02-2014 15:15,3472484,Like Minded,0,2.64,2.31692367778144160605090241893334103318,2.54556179351158213257336341928363309706,2.66,2.44,2.66,1.5,326.4,14967.92,1348.18
112853041,GB / Ascot 15th Feb,TO BE PLACED,15-02-2014 15:15,3799247,Dan Breen,0,6.926197608,5.81872053663871712487593676699085917583,6.48776332150708904760075184402732621393,7,5.9,4,3.55,241.44,4948.14,354.6
112853041,GB / Ascot 15th Feb,TO BE PLACED,15-02-2014 15:15,4593265,Seymour Eric,0,9.694229924231985,8.20686056267644251741710618329868471503,7.30264365228839672788203496296218620136,12.5,10,6,6,247.18,3581.58,140.22
112853041,GB / Ascot 15th Feb,TO BE PLACED,15-02-2014 15:15,6817864,Heath Hunter,1,2.040245327,1.92500409325972044095286730647337034388,2.04012766321463239481337994652112525603,2.16,1.85,2,1.01,1267.92,52717.8,11331.04
112853045,GB / Ascot 15th Feb,TO BE PLACED,15-02-2014 16:20,7388728,Art Mauresque,0,2.673165717,2.43719679176030240780732904009276781687,2.90968151445720842226678080737092030556,2.62,2.38,1,1001,99.8,8624.22,1238.92
112853045,GB / Ascot 15th Feb,TO BE PLACED,15-02-2014 16:20,7860567,Garrahalish,0,9.2,8.23972486020153477724843251138679929947,6.55715627002678320736936781734801644754,10,7.2,23,23,164.7,2724.42,99.36
112853047,GB / Ascot 15th Feb,TO BE PLACED,15-02-2014 16:50,8001072,A Vos Gardes,1,1.71,1.73628537104226937281187198141629213841,1.80601729096383588711020515157861746986,1.94,1.46,2.1,1.35,54.46,12886.78,4278.98
112853091,GB / Winc 15th Feb,TO BE PLACED,15-02-2014 15:05,6810844,Ubaldo Des Menhies,0,7.52440497210744,7.7477296352770937308685842089315367467,5.49131230636232046315924695705575534,8.2,7.4,8.2,8.2,30.54,1097.06,398.76
112853095,GB / Winc 15th Feb,TO BE PLACED,15-02-2014 16:15,6851093,Boondooma,0,1.81,1.84393536882261713792209850844561297555,2.15240322658699189174800284095906894924,1.9,1.81,1.95,1.73,199.94,6917.88,2273.96
112853095,GB / Winc 15th Feb,TO BE PLACED,15-02-2014 16:15,8303841,Knight of Noir,1,1.64,1.63948665735405163830942798392206194099,1.49925759675980651288281518362464326124,1.75,1.59,1.88,1.01,181.1,12452.9,3997.54
112853097,GB / Winc 15th Feb,TO BE PLACED,15-02-2014 16:45,5813028,Anton Chigurh,0,2.3,2.16274560225942228639447391772900237235,1.86619773761665291289687541880847032292,2.36,1.78,1.74,1.7,567.54,20255.14,1586.74
112853097,GB / Winc 15th Feb,TO BE PLACED,15-02-2014 16:45,7163250,Flemensmix,0,4.7,5.13616899074539911465060167444119046274,6.45598804863252968333696163655174995381,8.6,4.4,1,1001,6,1987.5,83.86
112853097,GB / Winc 15th Feb,TO BE PLACED,15-02-2014 16:45,5181472,Saint Breiz,1,23.206003002356738,19.6198826355324768138179724154332498098,10.8247456716722829712123588691367324015,25,21,1,1001,7.82,353.24,800.52
112853085,GB / Winc 15th Feb,TO BE PLACED,15-02-2014 13:20,4286370,Master Cardor Visa,0,4.203404180661308,5.05526473966892132737401755051092552561,8.22042765771354741489964486568238569157,7.8,4.3,1,1001,181.7,2439.02,8
112827462,GB / Ling 15th Feb,TO BE PLACED,15-02-2014 15:25,4053942,Spas Dancer,1,7.4,5.27339478215449180570619704742733476526,5.12532469706513557033488639817427795035,8,6.6,1.06,1.06,160.1,3321.06,722.72
112827468,GB / Ling 15th Feb,TO BE PLACED,15-02-2014 17:00,6023833,Spellmaker,1,4.2,3.10708162321956852270199290973758922665,2.88643284701398276275117668233021626587,4.2,2.72,3.25,3.25,141.38,13863.08,1083.54
112827571,GB / Hayd 15th Feb,TO BE PLACED,15-02-2014 15:30,5491527,Astigos,1,2.9,3.06259794404206414099988557233938470717,3.76693860609931637497658647239341862424,3.65,2.88,3.4,2.82,231.68,11501.1,2114.16
112827571,GB / Hayd 15th Feb,TO BE PLACED,15-02-2014 15:30,5696451,San Telm,0,3.35,3.20731542274557071271782583288254805595,4.43400513309314089730584244764468886609,4.4,3.1,3.15,3.15,246.04,13391.42,251.72
112827571,GB / Hayd 15th Feb,TO BE PLACED,15-02-2014 15:30,3348812,The Knoxs,0,11.729320905418136,7.63533698780187356983346510562361942002,6.10459553399302454651819707065503629137,11,6.03,9.2,9.2,197.28,3422.5,97.54
112827577,GB / Hayd 15th Feb,TO BE PLACED,15-02-2014 17:05,2347989,Ninetieth Minute,0,5.2,4.69130280728620314495127731702869658628,3.48290217092203679886017013350809634891,5.4,3.6,6.8,6.4,74,5065.7,362.68
112853039,GB / Ascot 15th Feb,TO BE PLACED,15-02-2014 14:40,4625451,Teaforthree,1,2.04,2.03882835352577294407531492300253566799,2.33893151654156824670408709571978877239,2.34,2.04,2.02,1.01,745.78,14578.36,5357.74
112853039,GB / Ascot 15th Feb,TO BE PLACED,15-02-2014 14:40,5943183,Highland Lodge,0,1.5535879285721466,1.49782280327251749894066933792465859039,1.63266311489766589417914562354760051417,1.59,1.48,2.06,1.55,1357.46,34579.5,3653.98
112853091,GB / Winc 15th Feb,TO BE PLACED,15-02-2014 15:05,6936077,Quick Decisson,0,1.79,1.86182121583099791243097390494174001027,2.31879344312926024520661862033700512165,2.1,1.7,6.2,1.8,524,22762.08,4138.44
112853091,GB / Winc 15th Feb,TO BE PLACED,15-02-2014 15:05,4119553,Dragons Den,0,7.76014664760907,7.30729551951218561030124495639444287973,5.84944964145617818586946416695526581412,8,7.6,1,1001,27.44,601.06,351.28
112853093,GB / Winc 15th Feb,TO BE PLACED,15-02-2014 15:35,6256294,Melodic Rendezvous,1,1.32376424818066,1.35118117340909366788013876875669389444,1.3801899272778903932590130146976973054,1.45,1.28,1.28,1.14,627.34,19774.32,3703.74
112853093,GB / Winc 15th Feb,TO BE PLACED,15-02-2014 15:35,4880542,Red Riverman,0,90,72.965165067148990728983333361243256138,33.7530285912512850467579600938856464092,120,46,90,70,16.12,420.4,37
112853095,GB / Winc 15th Feb,TO BE PLACED,15-02-2014 16:15,6005120,Tidal Dance,1,1.375212122231332,1.35591388292948221687983841139629016966,1.45431873130087351621898850243982743282,1.46,1.31,2.04,1.03,800.82,22531.52,15421.94
112853095,GB / Winc 15th Feb,TO BE PLACED,15-02-2014 16:15,8043480,Saddlers Encore,0,17.5,15.5046453244167172086828099623466830838,7.59995083036631377096240633007284095733,17.5,13.5,240,17.5,4,614.98,112.12
112853097,GB / Winc 15th Feb,TO BE PLACED,15-02-2014 16:45,6293462,Fascino Rustico,0,1.170612246,1.19234692345720509778374280785054940279,1.3799428265352217155873998614936651976,1.23,1.17,1000,1.04,340.44,35697.32,11835.2
112853085,GB / Winc 15th Feb,TO BE PLACED,15-02-2014 13:20,3594002,Russian Song,0,8.6,9.3296486363379272797244395862256332424,13.17095594113949307503506837305248955,8.2,8.2,1,1001,10,948.02,12
112853085,GB / Winc 15th Feb,TO BE PLACED,15-02-2014 13:20,3372824,Advisor,0,24.872047900741453,25.2491192383898114291331458064860149887,8.23397098938188337748329994083622720348,48,19.5,1,1001,8.66,528.4,30.7
112853085,GB / Winc 15th Feb,TO BE PLACED,15-02-2014 13:20,6966307,Dukes Affair,0,5.2,5.35719540882613435026911782111486150629,5.33421421618807567591579266887387868109,5.8,5,1,1001,81.96,2518.56,23
112853085,GB / Winc 15th Feb,TO BE PLACED,15-02-2014 13:20,6391813,Ballyhilty Bridge,0,4.483847780568177,4.36182362087041022226774277679454022265,4.68260491524595976635600020419930841676,5,4,1,1001,177.36,5867.22,14
112853085,GB / Winc 15th Feb,TO BE PLACED,15-02-2014 13:20,7435023,Snapchat,0,3.1189515095606843,2.91326026292200536784741331388924513968,2.97138935429653769255206578501982899304,3.15,2.68,4,1.85,564.72,8743.84,1446.98
112853089,GB / Winc 15th Feb,TO BE PLACED,15-02-2014 14:30,4968411,Experimentalist,0,5.389927021400943,5.39476808749096653961035602867869220801,4.38997963011335163670974200759414486274,5.9,4.8,1,1001,22.3,2617.38,156.74
112853089,GB / Winc 15th Feb,TO BE PLACED,15-02-2014 14:30,6739276,Bob Tucker,1,1.92,2.10130329155779831333684516104295515681,2.69150919071494639377720684700596280381,2.38,1.92,1.95,1.1,38.86,22533.96,4906.86
112827460,GB / Ling 15th Feb,TO BE PLACED,15-02-2014 14:50,972584,Drive On,1,2.0439885874476205,2.0441036997243053175800210248239670255,2.58121461092575761804310886283927294266,2.42,1.9,1.22,1.01,346.54,21104.34,2037.02
112827460,GB / Ling 15th Feb,TO BE PLACED,15-02-2014 14:50,7364729,Scruffy Tramp,0,2.083252526300367,2.01983230207955939743358149150165993734,2.14002028393400905427400381857520722353,2.26,1.94,1.63,1.61,1116.32,21375.12,766.14
112827460,GB / Ling 15th Feb,TO BE PLACED,15-02-2014 14:50,8063020,National Service,0,1.520503974,1.66811015326554893581184318947995374647,1.7266796845068946478321630701001346372,1.87,1.48,1.52,1.5,990.32,34949.3,2321.32
112827462,GB / Ling 15th Feb,TO BE PLACED,15-02-2014 15:25,5595318,Rebellious Guest,0,1.82,1.71622787529588709885712495204842204215,1.76334893176900235815608722507370219496,1.86,1.66,1.72,1.67,1493.42,55118.04,1467.24
112827462,GB / Ling 15th Feb,TO BE PLACED,15-02-2014 15:25,6368771,Luhaif,0,2.859527085501104,2.60464375303279964082642607995392041897,3.27849340805001850104500220751811745331,3.45,2.84,2.96,2.74,1662.88,14059.6,534.16
112827468,GB / Ling 15th Feb,TO BE PLACED,15-02-2014 17:00,6475449,El Mirage,0,10.668602598444561,6.52539880182703697631439215413441061917,7.58086829089247995922524525197421373752,8.4,5,1,1001,112.3,3400.94,45.3
112827468,GB / Ling 15th Feb,TO BE PLACED,15-02-2014 17:00,7730367,Ex Ex,0,1.2555589452574893,1.28702464039375999314180804130817069019,1.59682096108842877597815400290899675739,1.59,1.24,1.37,1.27,619.92,75601.36,2128.32
112827458,GB / Ling 15th Feb,TO BE PLACED,15-02-2014 14:15,5739928,Presburg,0,2.6758766113305508,2.60735528624250861657861533066903296987,2.61209007013683875593766356768414970835,2.7,2.5,2.68,2.28,905.5,10641.9,940.48
112827464,GB / Ling 15th Feb,TO BE PLACED,15-02-2014 16:00,8298630,Watersmeet,1,3.385880540566286,3.40555953038764172185450092729332767746,3.2560657257806637896689973011673542953,3.6,3.15,3,1.15,71.98,4561.4,2123.84
112827466,GB / Ling 15th Feb,TO BE PLACED,15-02-2014 16:30,5559044,Alices Dancer,0,6.719761640123081,4.53112591193788491051482147042097499199,5.96649747584752779853059207256705332524,6.4,4.7,4.7,4.7,107.66,5018.24,377.8
112827466,GB / Ling 15th Feb,TO BE PLACED,15-02-2014 16:30,3893844,Jewelled,0,28,14.3989000587144895621661167892317203081,17.1522701727649201777854351503041255918,26,17,1,1001,15.1,1213.06,6.96
112827567,GB / Hayd 15th Feb,TO BE PLACED,15-02-2014 14:20,3505791,Cross Kennon,0,2.724860461877891,2.70212199120029964465366721039268909937,2.66154776950717828279354574617549253602,2.84,2.52,3.1,2,329.36,16627.38,4472.7
112827569,GB / Hayd 15th Feb,TO BE PLACED,15-02-2014 14:55,6825004,Le Reve,0,7.039520652822683,6.26975672131135544050421133926134014303,7.31222569421922995295799169085650179488,8,6,9.6,5.4,792.22,5542.4,637.22
112827569,GB / Hayd 15th Feb,TO BE PLACED,15-02-2014 14:55,5259144,Soll,0,8.424320161114448,6.98610404301926899024051170187230607229,6.90705296742466101856396745403365623884,9.6,6,7,5.2,699.76,5424.92,454.92
112827571,GB / Hayd 15th Feb,TO BE PLACED,15-02-2014 15:30,5004838,Chavoy,0,5.6,3.90798827191868736304550416734921039773,4.11980295382128319241617521738633426221,5.6,3.6,5.2,5.2,173.56,9288.66,122.38
112827573,GB / Hayd 15th Feb,TO BE PLACED,15-02-2014 16:05,6730945,Caledonia,0,5.477561162,5.68398742878417840930278637742815164213,6.28356731641181305765227870115970609452,7.6,4.9,4.1,3.85,663.96,5785.66,947.38
112827577,GB / Hayd 15th Feb,TO BE PLACED,15-02-2014 17:05,6031419,Pentiffic,0,4.059261888840118,3.92873962529292814909638870988568890199,4.28102767078705969702505885379594746773,4.1,3.65,3.65,3.65,50.4,3869.04,129.06
112827577,GB / Hayd 15th Feb,TO BE PLACED,15-02-2014 17:05,2610559,Radetsky March,0,4.68644551375066,3.87959602991153404562472733139408068879,4.20640732051654206823305904729604333365,4.5,3.4,250,3.35,68.16,6888.38,357
112827577,GB / Hayd 15th Feb,TO BE PLACED,15-02-2014 17:05,3043033,Always Right,0,1.572075682147029,1.59017771612851999191165998634521912918,1.82817414077527314604612205177183464428,1.76,1.54,890,250,451.28,23837.86,2867.98
112853037,GB / Ascot 15th Feb,TO BE PLACED,15-02-2014 14:05,4231769,Third Intention,0,8,8.07070215432449248826609310582042913298,6.79348430664673833344658587507956010961,9.2,6.79,5.5,5.2,464.74,3553.98,1585.42
112853039,GB / Ascot 15th Feb,TO BE PLACED,15-02-2014 14:40,5235990,Houblon Des Obeaux,1,1.93,1.82479701022894841904428777900091709104,1.8536619859841017241068730918178336931,2,1.79,8,1.77,487.72,22233.84,6974.8
112853041,GB / Ascot 15th Feb,TO BE PLACED,15-02-2014 15:15,2303535,Art Professor,1,4,4.22795396396471511912728216591465406239,4.90281875548661540874173716555810566889,5.1,4.3,3.65,2.5,131.82,6905.4,2142.6
112829041,GB / Ascot 15th Feb,TO BE PLACED,15-02-2014 15:50,4241848,Kauto Stone,0,3.7,3.58998817021338998736849029735475503625,4.48572519819753850088047530234492873394,4.3,3.55,36,2.6,205.86,15497.62,1983.28
112853047,GB / Ascot 15th Feb,TO BE PLACED,15-02-2014 16:50,8145920,Be A Dreamer,0,14.143822295514983,13.4652926078538787086298345739530884233,12.0447896190966345282336321182818256922,16.5,13.5,1,1001,14.28,810.22,132.22
112853047,GB / Ascot 15th Feb,TO BE PLACED,15-02-2014 16:50,8299448,Onderun,1,4.6,3.58485641006457234850642599356878602654,4.09993422748247776308050507450102797819,4.4,3.65,3.75,3.75,2.3,2366.1,855.14
112853047,GB / Ascot 15th Feb,TO BE PLACED,15-02-2014 16:50,8299451,Royal Vacation,0,2.12,1.90052618123440352506236383829382188681,1.93797812544103630449525245023286716877,2.12,1.78,2.12,2,63.44,9269.56,1525.8
112853087,GB / Winc 15th Feb,TO BE PLACED,15-02-2014 13:55,8073994,Tagrita,1,2.16,2.02481199820081679161093423576538830845,1.76415221586419075448943986540100509791,2.2,1.85,2.1,1.15,471.52,22352.32,5792.02
112853087,GB / Winc 15th Feb,TO BE PLACED,15-02-2014 13:55,6363298,Clara Peggotty,0,48.36198234258714,27.2415107249835400742562768561971537544,26.9897491989202304197764491572656323867,85,40,1000,44,4,1100.98,148.98
112853091,GB / Winc 15th Feb,TO BE PLACED,15-02-2014 15:05,5921067,Xaarcet,0,4.775343716,5.33916699360712107448875395218473768653,4.64987207123879181359980314440865020029,5.8,4.9,3.85,3.85,70.58,1596.06,1728.66
112853091,GB / Winc 15th Feb,TO BE PLACED,15-02-2014 15:05,3486470,Zafranagar,0,3.5,3.37853957608847754149775693256845906293,3.6034720331872654643790857003288173267,3.55,3,4,4,233.08,3602.46,493.38
112853091,GB / Winc 15th Feb,TO BE PLACED,15-02-2014 15:05,4187105,Headlys Bridge,1,3.25,3.04728112081516272919035581777759738302,3.27011219361947316304321915973690373189,3.05,2.94,3.3,2,57.54,2299.5,1538.8
112853093,GB / Winc 15th Feb,TO BE PLACED,15-02-2014 15:35,6062491,Notarfbad,0,28.0797910456908,29.7837929721953124924797227071580613595,25.3641881183518204387326952004697574427,38,23,38,36,32.26,891.34,73.48
112853093,GB / Winc 15th Feb,TO BE PLACED,15-02-2014 15:35,4949803,Grumeti,0,2.9864270436698277,2.82711765228715822819358594916176461185,3.10011081264832052540991248987773369738,5,2.46,3.05,3.05,250.92,7626.16,746.76
112853095,GB / Winc 15th Feb,TO BE PLACED,15-02-2014 16:15,6806711,Hells Spirit,0,4.92561318535369,5.55111305712969430152337029766107249485,4.05889434104546906588222811787798192573,5.9,5.3,1,1001,20,1193.42,235.16
112853097,GB / Winc 15th Feb,TO BE PLACED,15-02-2014 16:45,7231754,Millers Maverick,0,15,13.4642060862742597633387521769655271092,12.9471112105043040133114587165626396368,21,10.5,1,1001,48.2,1060.22,16
112853097,GB / Winc 15th Feb,TO BE PLACED,15-02-2014 16:45,6878479,Calusa Star,0,13.703137370161713,11.7555592642375903483122811184971927615,10.812413650759873313114844589367613565,14,9.8,70,70,4,886.76,30
112853085,GB / Winc 15th Feb,TO BE PLACED,15-02-2014 13:20,7306004,Henwood,0,2.854981260292788,2.963589862856970339170043210979291255,2.55816652532485907275587758270577309903,3.2,2.62,2.58,2.58,471.52,5717.4,517.46
112853089,GB / Winc 15th Feb,TO BE PLACED,15-02-2014 14:30,6792790,Milan Bound,0,3.5549378645879908,3.13974670646180461801176587120311347791,2.97370063572878369661427715482109648964,3.55,2.82,1,1001,103.94,5516.32,218.06
112853089,GB / Winc 15th Feb,TO BE PLACED,15-02-2014 14:30,3949880,Oscar Prairie,1,4.033067066157457,4.12309304380693443998047709820397178394,3.42357289152474609591183854373518935711,4.9,4.1,5.3,1.01,81.6,4294.14,9940.26
112827460,GB / Ling 15th Feb,TO BE PLACED,15-02-2014 14:50,7142974,Vodka Time,0,9,8.33849999724821249912392556533097056656,6.49033687050798381044922804394001495419,9.4,7.6,1,1001,100,2103.36,36.42
112827460,GB / Ling 15th Feb,TO BE PLACED,15-02-2014 14:50,7382565,Harwoods Volante,1,2.14,2.32259694705859077642449420377127762916,2.53967477119931322179388763979068120734,2.38,2.18,1.61,1.3,266.16,9619.64,1479.06
112827462,GB / Ling 15th Feb,TO BE PLACED,15-02-2014 15:25,2079536,Mias Boy,0,8.276045210864538,7.25697142543000974961770054873855205275,5.36520173162993894600692496017741111007,10,7,1,1001,131.42,5454.86,87.24
112827462,GB / Ling 15th Feb,TO BE PLACED,15-02-2014 15:25,6799576,Consign,0,2.2525805385605064,2.26120669214222695844743974903891061396,3.07031094115733207805859029933574614802,3.06,2.12,3,3,301.26,21008.1,485.88
112827462,GB / Ling 15th Feb,TO BE PLACED,15-02-2014 15:25,7093296,Talented Kid,0,3.8021051442631864,2.78333890275353818578753804378093284286,3.75397348126581906596682775289798166562,3.45,2.58,3.95,3.7,228.94,9118.28,995.46
112827468,GB / Ling 15th Feb,TO BE PLACED,15-02-2014 17:00,6773806,Multitask,0,1.77,1.83852186038755468243969251255809294016,2.035457050485949780294921014910531466,2.1,1.73,1,1001,1180.16,37165,344.14
112827458,GB / Ling 15th Feb,TO BE PLACED,15-02-2014 14:15,4858096,Mawaakef,0,3.9566003414511215,3.93771372465959812412144230978237351743,4.1262643147077605723588550661747661007,4.6,3.6,1,1001,404.34,6720.62,95.94
112827458,GB / Ling 15th Feb,TO BE PLACED,15-02-2014 14:15,5825707,Gabrials Star,1,6,6.64935810928275915378476543362661396697,5.77016913046903516296294964785732847093,8,6,5.8,5.8,147.98,2245.52,1329.28
112827464,GB / Ling 15th Feb,TO BE PLACED,15-02-2014 16:00,8212317,Jaahiez,1,1.96,1.90879976165485091430592335779045616494,2.03967964253634596544541553351147213829,2.08,1.75,3.55,1.85,193.58,30040.2,2104.36
112827464,GB / Ling 15th Feb,TO BE PLACED,15-02-2014 16:00,8298631,Kiss of Spring,0,4,3.80889796896262503314192661783864746737,3.64582669102990548199539985991212120086,4.2,3.6,3.4,3.4,60.9,3666.3,573.98
112827466,GB / Ling 15th Feb,TO BE PLACED,15-02-2014 16:30,6400225,Club House,1,1.4116244701055203,1.38414567297222887467869384485278081208,1.34198589014052741767747513011686900474,1.54,1.34,1.43,1.43,1935.2,59909.34,2371.66
112827466,GB / Ling 15th Feb,TO BE PLACED,15-02-2014 16:30,6467996,Swift Cedar,1,3.35,2.68113354630619148414520039549801714311,2.39630472237701117087879988507134117062,3.35,2.22,3.5,3.4,869.8,10204.76,931.82
112827565,GB / Hayd 15th Feb,TO BE PLACED,15-02-2014 13:45,7288668,The Green Ogre,1,6.078094017245169,4.50149901503979165263223535415319968407,3.04796371914373667457781917836382529549,5.3,4.3,5.3,1.6,225.3,3425.86,953.36
112827565,GB / Hayd 15th Feb,TO BE PLACED,15-02-2014 13:45,7785648,Abracadabra Sivola,1,2.7,2.87492816587745461961428520970567236257,3.45253859608488343303489421517966247893,3.05,2.72,2.26,2.08,302.5,7848.62,2210.2
112827565,GB / Hayd 15th Feb,TO BE PLACED,15-02-2014 13:45,8093688,Aurore Destruval,1,1.322377309362571,1.35946803429216164033898483200757980522,1.32790520054005525275935571425400827134,1.39,1.32,1.25,1.1,2829.9,35993.68,6298.2
112827567,GB / Hayd 15th Feb,TO BE PLACED,15-02-2014 14:20,2026876,Celestial Halo,1,1.35,1.30801290405342950621594726253235493713,1.22601635081265986748203279170469035315,1.35,1.23,1.8,1.06,1652.72,51388.58,14345.66
112827567,GB / Hayd 15th Feb,TO BE PLACED,15-02-2014 14:20,3618394,Quartz De Thaix,0,2.140810397,2.22182918880225070204398060276364410103,2.49673259514680521005019557280171431626,2.42,2.1,300,2.16,336.72,17404.92,1490.08
112827569,GB / Hayd 15th Feb,TO BE PLACED,15-02-2014 14:55,5320752,Emperors Choice,1,2.7870049392470175,2.89738978380143649953265007808589895031,3.80924539683398900929662656862714521096,3.7,2.7,3.2,1.5,1696.78,16459.6,5811.2
112827571,GB / Hayd 15th Feb,TO BE PLACED,15-02-2014 15:30,4360451,Open Day,0,4.9,3.69122708370091433556467576957083952975,2.76043067318278553839882864431606926768,5.1,3.05,1.4,1.4,310.06,10983.86,1706.14
112827571,GB / Hayd 15th Feb,TO BE PLACED,15-02-2014 15:30,6092374,Wolf Shield,1,7.4,7.29101928232509895714387578443288439762,6.6489099592234155557676490393642942535,9.6,7.8,7.2,7.2,124.4,2932,137.78
112827571,GB / Hayd 15th Feb,TO BE PLACED,15-02-2014 15:30,7821477,Flemenson,0,2.3,2.25567240508924209337183986356721838458,2.19437892357552588866516617347876675689,2.38,2.16,5.8,2.38,790.86,36048.8,1156.94
112827571,GB / Hayd 15th Feb,TO BE PLACED,15-02-2014 15:30,3766554,Viking Blond,0,7.2,5.20203499211870622359520148617446099111,6.76085040937162439242077745585341207556,7,4.8,1,1001,162.98,8747.9,74.74
112827573,GB / Hayd 15th Feb,TO BE PLACED,15-02-2014 16:05,5327223,Toubeera,1,1.96729247,2.0606541542762542278854152220193128468,2.36709086804214742558807750734537264716,2.52,1.92,1.2,1.02,451.78,36436.66,3913.6
112827573,GB / Hayd 15th Feb,TO BE PLACED,15-02-2014 16:05,7909085,Sego Success,0,5.5,4.17492242577734790827935634587924457262,2.76184826627210954728359211410765541338,5.2,3.85,5.3,2.02,218.04,5172.6,2229.54
112853035,GB / Ascot 15th Feb,TO BE PLACED,15-02-2014 13:30,7198612,Irish Cavalier,0,3.0056080773235396,2.84659925146611606198589724028037516406,2.33385722456168051277042701131035871581,3.1,2.34,24,2,258.68,14696.02,3079.62
112853037,GB / Ascot 15th Feb,TO BE PLACED,15-02-2014 14:05,6180526,Many Clouds,1,1.7972895744329258,1.80438808602342675717077186694036801231,1.76104189722960831940976045279614976761,1.93,1.76,1.74,1.03,794.9,27247.16,6278.84
112853041,GB / Ascot 15th Feb,TO BE PLACED,15-02-2014 15:15,3603112,Changing The Guard,0,11,7.097935460571732972251299252553880008,6.39967372908603873929169635353964651311,11,6,1,1001,283.52,4253.94,263.8
112853041,GB / Ascot 15th Feb,TO BE PLACED,15-02-2014 15:15,5099865,Kuilsriver,0,6.8,6.05507646273296017232308333448827212536,6.1449101857720688497885710331024633054,7.4,6.8,6.4,6.4,120.32,4071.5,317.92
112853041,GB / Ascot 15th Feb,TO BE PLACED,15-02-2014 15:15,6506527,Leo Luna,1,12.092824809709567,7.80042048331753167405253128798334209128,4.89065228878564159636760676799434331116,12.5,5.8,4,1.3,213.14,3364.06,1554.56
112829041,GB / Ascot 15th Feb,TO BE PLACED,15-02-2014 15:50,3460702,Medermit,0,3.847333237474886,3.21399034437047476782235215170337538598,3.17129143380328521372878336919750375471,3.9,3.1,5.5,5.5,598.44,13090.64,950.14
112853047,GB / Ascot 15th Feb,TO BE PLACED,15-02-2014 16:50,8299447,No Dice,1,1.6322497517523058,1.69919401695600227195384870580233721461,2.06270100601813015362829688736315000803,2.08,1.64,2.2,1.57,60,15217.02,6893.92
112853087,GB / Winc 15th Feb,TO BE PLACED,15-02-2014 13:55,7084580,Cannon Fodder,1,3.7969592693605234,3.66272229723842796747472956233129736416,4.35319524879036382985545439415893451246,4,4,5.8,2.6,50.3,3584.76,2158.32
112853091,GB / Winc 15th Feb,TO BE PLACED,15-02-2014 15:05,3730311,Dalrymple,0,6.738444936657324,6.26767579537692738995977239661787101182,6.13526809906598959321336462503698261798,6,5.9,11,5,102.2,1185.9,888.9
112853091,GB / Winc 15th Feb,TO BE PLACED,15-02-2014 15:05,6789517,Ut Majeur Aulmes,0,2.4348059355296265,2.15753992494286853608112055098287968169,2.10995733344200287630898217683335221944,2.46,1.66,2.42,1.62,528.3,9903.42,2457.42
112853093,GB / Winc 15th Feb,TO BE PLACED,15-02-2014 15:35,4331941,Golden Chieftain,0,14.104112492827628,10.2266894687080017069219675929752099968,10.0805565505845710702097407361750902428,15.5,6.6,1,1001,203.08,2362.02,87.24
112853097,GB / Winc 15th Feb,TO BE PLACED,15-02-2014 16:45,6750060,Carry On Sydney,1,1.34,1.37289936720335870427464787209162998476,1.40649988363952723960987405817584831888,1.51,1.3,3,1.03,737.82,32272.94,3799.46
112853097,GB / Winc 15th Feb,TO BE PLACED,15-02-2014 16:45,6246135,Indiana Oscar,0,129.28839517414067,87.893467267345890477385419109458339764,1,200,60,44,44,0,78.88,18
112853085,GB / Winc 15th Feb,TO BE PLACED,15-02-2014 13:20,6232734,General Girling,1,6.544668586353656,6.14610860311408059881499603778299681808,8.43538208072918544266308318196953145343,6,5.3,1.6,1.06,20,1420.76,1530.6
112853085,GB / Winc 15th Feb,TO BE PLACED,15-02-2014 13:20,6614043,See More Power,0,32.51687981676254,32.2686201815323603527949297288039554454,1,65,34,1,1001,0,317.28,10.38
112853089,GB / Winc 15th Feb,TO BE PLACED,15-02-2014 14:30,6183509,Angles Hill,0,3.2,2.87360777717585914592261272712024344675,2.57646139097859524611504299917264403864,3.2,2.4,1,1001,99.12,7669.32,268.12
112853089,GB / Winc 15th Feb,TO BE PLACED,15-02-2014 14:30,6218742,Seebright,0,3.7581850487878548,4.00324364534238066823126778826640687203,3.48740873386468018455625464189004142377,4.5,3.65,4.5,3.75,25.22,3067.9,663.6
112827460,GB / Ling 15th Feb,TO BE PLACED,15-02-2014 14:50,7443042,Three D Alexander,0,4.463174425607212,4.28372846065466580782309391977639382824,2.35666539994438579858955273046831502049,4.8,4.1,4.5,4.5,416.3,6877.44,278.26
112827456,GB / Ling 15th Feb,TO BE PLACED,15-02-2014 13:40,7995007,Deavin,0,2.231772096,2.46411551873357679637918190151772714352,5.18517788079799683650475870948807430256,4.5,2.06,2.2,1.7,42,16724.88,1683
112827456,GB / Ling 15th Feb,TO BE PLACED,15-02-2014 13:40,8176615,Apophenia,0,2.26,2.43709409515267315189881210520547320918,1.7283926038456301920797049405155692909,2.82,2.06,1,1001,243.8,11420.8,97.72
112827464,GB / Ling 15th Feb,TO BE PLACED,15-02-2014 16:00,8298629,Khutze,0,11,9.40070888856412616426137739275059812033,7.50365168966798222327176034623257543575,10.5,8.4,11.5,11.5,96.32,1189.34,55.1
112827466,GB / Ling 15th Feb,TO BE PLACED,15-02-2014 16:30,5549886,Intomist,0,8.261197260534392,5.31938483790193071922547112926411280495,6.53175052584439919978653302726151065834,8,5.5,1,1001,255.7,3428.8,198.16
112827466,GB / Ling 15th Feb,TO BE PLACED,15-02-2014 16:30,6831943,Captain Starlight,0,3.3864960944314957,2.90928622677073391772923850234670130012,3.17964991845740478039892749529030824698,3.25,3.15,2.8,2.8,119.34,6882.76,331.3
112827567,GB / Hayd 15th Feb,TO BE PLACED,15-02-2014 14:20,8117643,Seeyouatmidnight,1,2.094433041,2.08170458945993671034468670608250882784,1.9776136165650218059196502564971245649,2.16,2,1.88,1.3,641.46,23025.2,4303.6
112827567,GB / Hayd 15th Feb,TO BE PLACED,15-02-2014 14:20,3739581,Quincy Des Pictons,0,36,27.5047136129068749773081344726453968396,10.7047200840102634174022631358036148093,36,28,20,7.4,12,808.88,573.8
112827569,GB / Hayd 15th Feb,TO BE PLACED,15-02-2014 14:55,4593473,Nuts N Bolts,0,4.996617232704301,4.3211694314383597479075586711054151355,4.52681136153353179435375610355405030944,5.5,4.3,4.5,3.5,1392,10576.64,964.12
112827569,GB / Hayd 15th Feb,TO BE PLACED,15-02-2014 14:55,5099919,Loch Ba,1,3.35,2.8282920566112497997437445017562295001,3.62550925839362489882793518323877170084,3.85,3.05,21,3.4,1198.96,13035.66,1459.8
112827569,GB / Hayd 15th Feb,TO BE PLACED,15-02-2014 14:55,2989204,Across The Bay,0,7.041588367,5.20991021887651986396492297902238692248,6.23588848704828921515403709576856559763,7.2,5.6,7,6.6,648.24,6725.22,756.54
112827571,GB / Hayd 15th Feb,TO BE PLACED,15-02-2014 15:30,3890812,Extreme Impact,0,4.326339403454912,3.70179086828116109600367281657127780333,4.87679127624179597228199928705575815775,5.1,4.1,10,10,83.46,5830.32,177.2
112827573,GB / Hayd 15th Feb,TO BE PLACED,15-02-2014 16:05,6794534,Oscar Rock,1,1.3975305808297434,1.35711188630185526394918335344174287077,1.5362612352388080626398899802758162396,1.46,1.32,23,1.01,342.18,41091.6,14613.48
112827573,GB / Hayd 15th Feb,TO BE PLACED,15-02-2014 16:05,6826884,Copper Birch,0,4.032095022402062,4.27983638285893187667101967850290258183,4.58866147465590495223066207409359016805,6.2,3.8,5.6,3.4,76.94,6096.3,704.6
112827573,GB / Hayd 15th Feb,TO BE PLACED,15-02-2014 16:05,8079325,Knockanrawley,0,7.2,6.10731626950528142909243173102302512592,5.15833367206038681182235452953052270388,7.6,4.7,1,1001,110,3089.6,168.76
112827575,GB / Hayd 15th Feb,TO BE PLACED,15-02-2014 16:35,6879874,Dungeel,0,4.239948093612767,3.40069750617064488898843637629006366084,2.31805100441241869851992198480440360153,3.95,3.01,160,2.3,88.94,4903.04,956.5
112827577,GB / Hayd 15th Feb,TO BE PLACED,15-02-2014 17:05,3498483,Ockey De Neulliac,1,2.850998014,3.73239124800732047047890709284567398299,3.57079541571118702049677073600377712693,4.5,2.96,2.82,1.22,151.22,6734.64,2925.66
112853039,GB / Ascot 15th Feb,TO BE PLACED,15-02-2014 14:40,5170965,Wetak,0,3.25,2.62934806646301708187890472584751002851,2.55022661650726923395379230290510565737,3.85,3.1,1000,2.02,125.56,6299.92,1389.66
112853041,GB / Ascot 15th Feb,TO BE PLACED,15-02-2014 15:15,5922802,Lough Kent,0,2.62,2.33115764661254187252353123012804979008,2.78220258086487159862922329284679263345,2.82,2.24,2.8,2.22,508.8,23736.4,1549.1
112853041,GB / Ascot 15th Feb,TO BE PLACED,15-02-2014 15:15,6878093,Two Rockers,0,2.328741637814966,2.18588817469900871426513934773352140068,2.18759736398907776328807816371044655837,2.36,2.02,900,2.7,1274.04,33834.7,1219.42
112829041,GB / Ascot 15th Feb,TO BE PLACED,15-02-2014 15:50,5961786,Rolling Aces,0,2.04,2.05499462730333551922137757634837281888,2.07169203323618414435514721805299259142,2.24,1.97,3.05,2.02,2050.7,53412.04,1647.2
112853087,GB / Winc 15th Feb,TO BE PLACED,15-02-2014 13:55,7131184,The Pirates Queen,0,2.477856216287746,2.32934589106855546537882819413829656012,2.81183032652645490829239248178272055093,2.72,2.32,1,1001,14.66,8316.42,1305.7
112853097,GB / Winc 15th Feb,TO BE PLACED,15-02-2014 16:45,6352806,Strong Conviction,0,30.000352068,22.3418644568492658201063903865454977103,1,27,19,1,1001,0,352.56,8.2
112853097,GB / Winc 15th Feb,TO BE PLACED,15-02-2014 16:45,6968590,Somerset Lias,1,4,4.34420525402895065489262518655788535692,1,4.7,3.7,1,1001,0,3062.02,329.5
112853097,GB / Winc 15th Feb,TO BE PLACED,15-02-2014 16:45,8006502,Castanum,0,130,98.6043657716656129362087570402951424827,1,150,65,80,80,0,92.56,4
112853097,GB / Winc 15th Feb,TO BE PLACED,15-02-2014 16:45,5687773,Fuse Wire,0,98.26945541812813,64.6109499601994234355307363574062444417,27.3894393042896001339196919847084351706,190,50,70,70,4,94.78,12
112853085,GB / Winc 15th Feb,TO BE PLACED,15-02-2014 13:20,2193187,Pimbury,0,20.20737268687328,22.2563630989725149536832077782140230101,14.0105441525092244393336643753489399942,26,21,1,1001,8.5,602.5,0
112853089,GB / Winc 15th Feb,TO BE PLACED,15-02-2014 14:30,7062733,Minellahalfcentury,1,1.57,1.72058071838044206049212003584437698751,2.23950033118017565977586790376153146274,2.16,1.57,1.43,1.2,650.18,24589.82,6181.2
