EVENT_ID,MENU_HINT,EVENT_NAME,EVENT_DT,SELECTION_ID,SELECTION_NAME,WIN_LOSE,BSP,PPWAP,MORNINGWAP,PPMAX,PPMIN,IPMAX,IPMIN,MORNINGTRADEDVOL,PPTRADEDVOL,IPTRADEDVOL
153430735,GB / Newc  12th Jan,1m Hcap,12-01-2019 16:30,9456739,Totally Magic,0,6.970716853497798,5.97355083187016676770063321643078409412,8.07917124216583203930725294799860104323,8.82,5.4,360,6.4,656.82,63965.08,2729.32
153430735,GB / Newc  12th Jan,1m Hcap,12-01-2019 16:30,9556698,I Am Dandy,0,11,7.90978169516176024773110767758593009929,4.52557393236234898300624813478820788709,11,4.14,960,10,1448.46,43153.74,1860.3
153430735,GB / Newc  12th Jan,1m Hcap,12-01-2019 16:30,15102508,Kavora,0,25,17.3962850067809223057113628516409686576,11.4343259575421395035953118916351511848,26,9,1000,15,705.66,15097.26,1329.72
153430760,GB / Newc  12th Jan,5f Hcap,12-01-2019 19:00,19315118,Gunnabedun,0,19.5,15.567112306562091577774035220495078434,34.9357480409983157021479571067931248071,40,15,23,12.5,115.44,13819.64,635.16
153430725,GB / Newc  12th Jan,1m4f Hcap,12-01-2019 15:30,8279725,Highway Robber,0,9.33514662238049,8.70354291315220807658994822680890920266,19.2176719189411224104924295555145731435,20,8.8,1000,9,357.42,20535.54,2899.86
153430740,GB / Newc  12th Jan,6f Nov Stks,12-01-2019 17:00,21809957,Firsteen,0,538.1995290574882,496.719383744812061775095010751544030696,89.831152622370570942169112974602384589,740,90,1000,420,13.14,1021.98,35.24
153430740,GB / Newc  12th Jan,6f Nov Stks,12-01-2019 17:00,20066380,Comptons Finale,0,6.351418292266464,6.10422106642962621346475939486803843354,7.16345914442516428903686111165297868989,9.4,5.1,800,5,58.08,88171.3,3286.7
153430745,GB / Newc  12th Jan,1m Hcap,12-01-2019 17:30,9098027,Qaffaal,0,12.5,8.03042785663115372010185905985636045275,9.56455707272393241846791009099101389172,13.5,7.6,1000,7.6,280.08,39760.18,3997.66
153430730,GB / Newc  12th Jan,1m Hcap,12-01-2019 16:00,10398150,Paparazzi,1,3.9543869883914393,4.1714481993658661030416946371898169285,4.20328844692771623829136970751593511726,4.8,3.65,3.95,1.01,2364.5,75235.52,50671.04
153430730,GB / Newc  12th Jan,1m Hcap,12-01-2019 16:00,8600757,Muqarred,0,65,60.1083876822144512670229362479145469724,22.0080984738734779967130751596332073838,80,21,1000,30,137.08,6326.38,1055.46
153430909,GB / Ling  12th Jan,1m Hcap,12-01-2019 12:50,9008800,Black Lace,0,85,50.9796367349998051956890948138974323576,21.1536606491749852876737779637000704242,95,40,1000,27,198.56,6748.72,1083.16
153430909,GB / Ling  12th Jan,1m Hcap,12-01-2019 12:50,11244905,Dashing Poet,0,2.9203215772788873,2.7948447247101676805700475460633956211,3.3426656860543876160127786365769368638,3.73,2.72,1000,2.8,4711.94,276614.6,18642.38
153430924,GB / Ling  12th Jan,1m Hcap,12-01-2019 14:35,8688404,Chevallier,0,6.6,5.49278816669315544608118843584709547899,4.49643002911843707052862599866750502157,7.6,4.55,1000,4,1792.06,77408.32,9371.6
153430929,GB / Ling  12th Jan,1m Nov Stks,12-01-2019 15:10,19186421,Oneovdem,0,4.347315296196522,4.37966537180780803254183902511054090658,3.70148995907503763027600016921177549242,5.1,3.45,400,2,3439.92,77698.62,29559.74
153430929,GB / Ling  12th Jan,1m Nov Stks,12-01-2019 15:10,16227585,Beyond The Fringe,0,27.971791322331036,20.5144570456584471239593723536422188073,14.853501110939312820042089155744115906,29,12.5,1000,11,1650.18,18503.06,2039.64
153430929,GB / Ling  12th Jan,1m Nov Stks,12-01-2019 15:10,22216054,Dubai Eye,0,130,65.9754131291114240462390874331070265645,23.6586938398735442813903256920426329564,140,18.5,1000,90,415.44,9861.38,381.38
153430914,GB / Ling  12th Jan,6f Hcap,12-01-2019 13:25,11896656,Gorgeous Noora,0,4.1,4.85945254552116678530987190652329442948,4.27866876545267783257699423353230849858,7,3.85,1000,3.95,3698.74,90209.64,12125.32
153430919,GB / Ling  12th Jan,1m4f Sell Stks,12-01-2019 14:00,19381612,Contingency Fee,0,18,19.4385197645885306583998244366542208494,31.962235177928573704163879065914810921,48,16.5,1000,2.4,196.18,30949.42,22803.96
153430934,GB / Ling  12th Jan,1m2f Hcap,12-01-2019 15:40,11695176,Sharp Operator,0,6.00185148078468,6.0739876830982558374920839449667720982,6.17545534774598106798028852709892336433,7.4,5.8,450,1.09,759.58,38982.88,24369.18
153430934,GB / Ling  12th Jan,1m2f Hcap,12-01-2019 15:40,13429011,Ahfad,0,65,34.6289223832260654105501074368970093514,30.6156680344081388720704219023679268728,80,28,1000,28,155.8,6430.96,1596.54
153451025,GB / Kemp  12th Jan,2m Juv Hrd,12-01-2019 12:20,14871086,Tiffin Top,0,3,3.04193629336073213605172709763232405901,3.47407181116565477324167260893462015686,3.85,2.86,1000,1.58,9467.36,103227.08,48095.56
153451035,GB / Kemp  12th Jan,2m4f Hcap Chs,12-01-2019 13:30,8890499,Amour De Nuit,0,3.4,3.50758189026764589304333215810812652055,3.20359415802330756783373675033755575647,3.95,2.66,1000,3.4,12543.18,176919.4,25831.38
153451050,GB / Kemp  12th Jan,3m Hcap Chs,12-01-2019 15:15,9375207,Glen Rocco,1,4.0193514465671285,3.96344028637660478673307640145882529964,4.09042366771550162942814871689856258541,4.4,3.6,4.2,1.01,16320.22,186415.24,152378.86
153451040,GB / Kemp  12th Jan,2m4f Listed Chs,12-01-2019 14:05,140424,Top Notch,1,2.58,2.5468493849408042198983926041902737551,2.60069782713535933828599288927247103997,2.82,2.5,2.94,1.01,44222.08,435879.64,198394.1
153451045,GB / Kemp  12th Jan,2m5f Listed Hcap Hrd,12-01-2019 14:40,14367170,Canyon City,0,27,23.8243686036319920370071468359753008841,39.1051635583519798762522897410609407088,48,19.5,1000,14,1600.7,24771.5,2228.32
153451070,GB / Warw  12th Jan,3m Listed Nov Chs,12-01-2019 13:50,12124875,Secret Investor,0,4.415799309243242,4.8681918793672193751200467184218168826,6.51011280372563483552736930234268884253,7.2,4.5,1000,1.92,8261.5,125940.8,67126.56
153451085,GB / Warw  12th Jan,3m1f Hcap Hrd,12-01-2019 15:35,11911768,Perfect Man,0,10.5,8.91791441729852614879479711290387323627,16.7122335877656845511959603305176552171,18,8.8,1000,8,707.12,39896.26,8600.46
153451085,GB / Warw  12th Jan,3m1f Hcap Hrd,12-01-2019 15:35,16002369,First Assignment,0,3.25,3.60391453841990065719312266834144139248,4.56815225987419440001698529237456949831,4.8,3.1,1000,2.86,30094.58,291175.92,67212.96
153451075,GB / Warw  12th Jan,2m5f Grd2 Nov Hrd,12-01-2019 14:25,12567464,Rockpoint,0,16.950879721830717,13.5647631061111579788373039399472700189,8.84446885684856956426754722086321567608,17,6.88,1000,13.5,6343.32,41305.2,9707.32
153451075,GB / Warw  12th Jan,2m5f Grd2 Nov Hrd,12-01-2019 14:25,18663092,Finawn Bawn,0,18,17.9555592224315040372372564871293712873,15.8447917944129653216989127756551546433,22,14.5,1000,11.5,772.88,24181.4,10944.78
153451080,GB / Warw  12th Jan,3m5f Grd3 Hcap Chs,12-01-2019 15:00,8414414,Ibis Du Rheu,0,9.010857121148728,7.5886404469543406252478570798537569627,8.91251182293377409841565707023741057683,10,6.8,1000,9,6527.2,127978.76,15041.86
153485199,GB / Weth 12th Jan,2m3f Hcap Chs,12-01-2019 15:25,16472552,Lord County,0,11.5,9.55445497489302571775020773047227252591,8.42894956352489909332996709339698105003,11.5,8.4,1000,7.8,536.52,21108.46,11241.34
153485194,GB / Weth 12th Jan,2m3f Hcap Hrd,12-01-2019 14:50,17352135,Thosedaysaregone,1,2.2503516536878645,2.53313402374446575300278344505095174375,5.06342639186653589996998291713252112382,5.8,2.2,2.36,1.01,1471.22,376609.66,203690.1
153485194,GB / Weth 12th Jan,2m3f Hcap Hrd,12-01-2019 14:50,12327651,Bordeaux Bill,0,7.4,7.00074897972855272708822724897263799024,8.34530032506019563394814405032316825289,12,6.4,1000,3.05,1814.8,51284.5,17136.38
153485184,GB / Weth 12th Jan,2m Hcap Hrd,12-01-2019 13:40,9052306,Wishfull Dreaming,0,2.68,2.77016183375398963481549256465056616481,2.93775854821774321705960589159401618353,3.3,2.56,1000,1.12,3761.86,155500.56,120065.2
153485174,GB / Weth 12th Jan,2m Mdn Hrd,12-01-2019 12:30,10604592,Start Seven,0,1000,821.947336975060347207021200624946651249,314.224258624907079390431073612928202556,1000,175.61,1000,1000,61.68,248.74,32.04
153485174,GB / Weth 12th Jan,2m Mdn Hrd,12-01-2019 12:30,11261670,Archippos,0,25,22.6147758996390934817867750104171460809,29.1914781517817603517892396861533191419,34,17.5,1000,29,175.86,7519.46,1229.8
153485174,GB / Weth 12th Jan,2m Mdn Hrd,12-01-2019 12:30,21664622,Piccalilli Pie,0,1000,968.268801606229872925480670938787707633,878.045323396199166446305161728290452139,1000,878.05,1000,1000,12.04,130.84,34.04
153485179,GB / Weth 12th Jan,2m3f Nov Chs,12-01-2019 13:05,14818233,Minnies Secret,0,3.25,2.78914571233028719076498632735707607173,2.63612708810197720147039128752536752918,3.15,2.19,1000,1.3,1645.24,121069.34,77339.38
153430750,GB / Newc  12th Jan,7f Hcap,12-01-2019 18:00,9090648,Luis Vaz De Torres,0,24.547808139582628,15.5408752496393513748191354892392393953,10.3491855815064019310436861700102284116,26,9.4,1000,1.16,405.54,24824.22,17163.36
153430735,GB / Newc  12th Jan,1m Hcap,12-01-2019 16:30,8854989,Highwayman,0,6.8,5.90441888131801454525753692379399552845,8.98231774214700512424251849248345456426,10.35,5.7,42,5,1984.88,80110.16,3588.2
153430760,GB / Newc  12th Jan,5f Hcap,12-01-2019 19:00,8469284,Global Myth,0,7.685374419286489,7.37803025109602388634682922474693384508,9.33831767210439100579557179139809524459,11,6.8,1000,3.2,462.96,58236.48,5259.84
153430760,GB / Newc  12th Jan,5f Hcap,12-01-2019 19:00,12294073,Klopp,0,6.1760761287416965,5.6062432878793187764549853381346437923,5.37707014955918806125371014529648581327,8.4,5,1000,6.4,1079.9,71802,2019.16
153430760,GB / Newc  12th Jan,5f Hcap,12-01-2019 19:00,19044458,Sing Bertie,0,46,36.2663080465716046661878509551966509325,52.0571554451421800648975692548080985991,65,25,65,20,50.74,6949.52,354.1
153430725,GB / Newc  12th Jan,1m4f Hcap,12-01-2019 15:30,9447133,Clive Clifton,0,11.430446164,10.792617421784950839820079996055242375,12.4507554799390287866862452177176817342,18,9.2,820,11,666.22,16681.58,1606.64
153430745,GB / Newc  12th Jan,1m Hcap,12-01-2019 17:30,10604594,Ballard Down,0,6.6,6.25681068123385641776468519310621988529,8.0551883676661320232560358982610959264,8.8,5.1,1000,1.37,1306.4,51987.22,10791.66
153430909,GB / Ling  12th Jan,1m Hcap,12-01-2019 12:50,8990137,Bubbly,0,4.1,4.58231755300310358903258151190468679416,5.68541864583368500413834188151035834415,7.2,4,1000,2,735.18,69114.58,13148.12
153430924,GB / Ling  12th Jan,1m Hcap,12-01-2019 14:35,6753980,Breden,0,3.26066131,3.16405349367169666729016874653328753684,3.77873285129606705563858338561735918248,4.01,3.1,1000,2.4,3300.18,208333.04,25209.04
153430929,GB / Ling  12th Jan,1m Nov Stks,12-01-2019 15:10,21125771,Yimou,0,5.643050544,4.52342584458267158470022420204669391394,3.79470895818187303980828747305117250297,6.2,3.05,1000,2.66,5229.72,100614.78,15227.12
153430914,GB / Ling  12th Jan,6f Hcap,12-01-2019 13:25,8950536,Merhoob,0,3.7717208986652295,3.87764762063037026198494700152162202856,4.60362508264803439203366455838619497323,4.5,3.6,1000,1.52,3631.68,134835.36,26116.7
153430914,GB / Ling  12th Jan,6f Hcap,12-01-2019 13:25,11065747,Alsvinder,1,11.440043494665117,10.0367131991107791638734357302274224176,7.60219372057726594293840598121361273655,12.5,5.8,11,1.01,2088.14,42903.14,59881.62
153430934,GB / Ling  12th Jan,1m2f Hcap,12-01-2019 15:40,9556296,Diamond Reflection,0,8.4,6.64041272805248347713482293410978764071,9.37146764832342363779451023531972895942,11,6.6,1000,4,584.9,30044.2,6082.52
153430934,GB / Ling  12th Jan,1m2f Hcap,12-01-2019 15:40,16727046,Voice Of Dubai,0,105.864181074,65.0160014037373131755474833984309694543,57.0653522886123801445359016649031465655,150,50,1000,90,115.24,2503.26,186.82
153451025,GB / Kemp  12th Jan,2m Juv Hrd,12-01-2019 12:20,13211375,Running Cloud,0,14.92233097640684,14.9433900668037294516296247637805353109,12.1625125987939441105686802135711511236,19.5,9.6,1000,8,2136.9,22103.22,10128.9
153451030,GB / Kemp  12th Jan,3m Nov Hrd,12-01-2019 12:55,22386729,Mister Tickle,0,23.423218056795445,21.0947715413727556141160978471319714946,18.4177976637336547409275423746328330991,38,19,1000,6,322.1,15531.84,7607.62
153451030,GB / Kemp  12th Jan,3m Nov Hrd,12-01-2019 12:55,16289768,Larkbarrow Lad,0,1.75,1.85818443337730277810382702162050127379,2.3597993077129801825768053719051851821,2.64,1.72,1000,1.1,11840.7,358987.34,189000.94
153451040,GB / Kemp  12th Jan,2m4f Listed Chs,12-01-2019 14:05,5406193,Hammersly Lake,0,55,30.3148828484662751769432350791440220552,25.9491488451952255480312812252075885504,55,23,1000,55,1334.58,22360.94,2112.06
153451045,GB / Kemp  12th Jan,2m5f Listed Hcap Hrd,12-01-2019 14:40,12630180,Doux Pretender,0,10.046637748554637,8.26256880045537868158269334939505694965,8.50388163316280758117194535688960536944,11.5,8,1000,5.7,13939.9,111462.58,14216.22
153451085,GB / Warw  12th Jan,3m1f Hcap Hrd,12-01-2019 15:35,10539153,Keeper Hill,1,7.35721932028875,6.37824751967057396343043159893942174298,5.63601605344213551630563377290424454472,9,5.3,7.4,1.01,10541.44,122664,158471.54
153451085,GB / Warw  12th Jan,3m1f Hcap Hrd,12-01-2019 15:35,8419071,Blaklion,0,15.726279664195026,11.2368694380088944738928847570369264658,8.04143611302138877789818494220638661522,16,7.2,1000,5.3,2495.88,25978.18,20035.8
153451075,GB / Warw  12th Jan,2m5f Grd2 Nov Hrd,12-01-2019 14:25,16333098,Stoney Mountain,0,4.2,4.20903083901060250108713611530283685481,4.75625426054407655027923402231304815354,5.3,3.7,1000,3,13482.08,165799.46,40093.58
153451060,GB / Warw  12th Jan,2m Nov Hcap Hrd,12-01-2019 12:40,12077918,Sensible Friend,0,9.863179018,9.84220358845377937035365579542234284293,10.1615273901395956430614631480641655065,12,8.8,1000,3.5,783.92,26750.24,7181.62
153485204,GB / Weth 12th Jan,1m4f NHF,12-01-2019 15:55,22121331,Little Lady Lu,0,10.5,10.7275146448474504006217559703672023282,10.4218331642098635690629284049374029353,12.5,9.2,1000,6,220.82,20839.32,6031.42
153485204,GB / Weth 12th Jan,1m4f NHF,12-01-2019 15:55,22403664,Eleanor Bob,0,4.4,5.29057181553195416453730338271210612955,8.94935753025329819009701470620821490026,9.2,4.3,1000,4.2,383.66,75292.38,28555.64
153485184,GB / Weth 12th Jan,2m Hcap Hrd,12-01-2019 13:40,9677730,Zig Zag,1,7.6,7.4617960391819240788042092423830572413,6.77702884596495639743472680921862700829,8.6,5.7,9,1.01,1074.72,25311.8,94432.44
153485174,GB / Weth 12th Jan,2m Mdn Hrd,12-01-2019 12:30,11596985,City Limits,0,130,89.6253828542722816910383341600934887478,48.0973752084445047068135726331742558192,150,52.68,1000,110,97.84,1717.34,269.1
153485189,GB / Weth 12th Jan,1m7f Hcap Chs,12-01-2019 14:15,9517702,Kauto Riko,0,3.2907713771410183,3.29129340328140889368758622751693454596,3.38736244979441747254011207927938968471,3.7,2.66,1000,2.8,3870.3,158068.9,42199.44
153430750,GB / Newc  12th Jan,7f Hcap,12-01-2019 18:00,11733088,Helovaplan,0,7.09071337846064,5.24995458446006535575229280213146656681,5.23972742720355874796684624724773523609,7.2,4.6,800,6.4,318.74,70367.74,3029.6
153430750,GB / Newc  12th Jan,7f Hcap,12-01-2019 18:00,5832376,Custard The Dragon,0,4.3,3.76293113969115978233052107679555063808,4.12538574339384519530465451588630226001,4.5,3.65,1000,4.2,902.44,96878.98,3316.12
153430735,GB / Newc  12th Jan,1m Hcap,12-01-2019 16:30,5549774,Molten Lava,0,4.941027283821898,5.41639794121871970395719989297988938333,5.34074012266361979794941125314081304079,6.8,4.9,1000,4,774.88,89556.72,5802.9
153430735,GB / Newc  12th Jan,1m Hcap,12-01-2019 16:30,5742450,Top Offer,0,20,12.3295497958560061622306277452120726184,13.1635939989709329971052189311743645913,22,9,1000,3.1,524.5,22251.96,4588.02
153430735,GB / Newc  12th Jan,1m Hcap,12-01-2019 16:30,10139617,Thecornishbarron,0,7.3579655775654835,7.65424115364455658115467669295990713136,16.8640394744056446994545545680416669382,15.75,6.8,800,3,130.08,51137.58,6404.62
153430735,GB / Newc  12th Jan,1m Hcap,12-01-2019 16:30,13676145,Betty Grable,1,13.948389883706696,11.314880416964441153654959348863670907,18.3659762216782634619032059221242772915,24.3,10,11,1.01,181.3,23855.14,48673.18
153430725,GB / Newc  12th Jan,1m4f Hcap,12-01-2019 15:30,140371,Going Native,0,29.72626566013889,17.8517475634368707079191103894308016587,18.2305462452067846076785932666862562514,30,15.5,890,15,297.96,7841.18,1204.28
153430725,GB / Newc  12th Jan,1m4f Hcap,12-01-2019 15:30,8810921,Traditional Dancer,0,9.8,7.20983033110608837766727459711686737779,6.97865519339435072078536426377453602789,10.5,6.2,350,3.15,1149.9,34593.4,7199.3
153430725,GB / Newc  12th Jan,1m4f Hcap,12-01-2019 15:30,9648657,Rajapur,0,42,24.9433517550773952888571582072810204587,36.3056691453324526951003421311392747164,44,28,1000,30,55.12,4915.58,477.14
153430725,GB / Newc  12th Jan,1m4f Hcap,12-01-2019 15:30,19105900,Fields Of Fire,0,243.997799942,153.662049891437496452942214473476485047,58.5467482078160170369341555157553577506,290,100,1000,50,8.68,1248.04,366.78
153430740,GB / Newc  12th Jan,6f Nov Stks,12-01-2019 17:00,19332302,Petite Magician,0,155.49074936948256,159.55913930424866136259640098742146961,34.9655286889495475563985276464741907829,230,48,700,30,29.86,1405.42,255.84
153430755,GB / Newc  12th Jan,6f Hcap,12-01-2019 18:30,7262660,Duke Cosimo,0,16.883685080230862,16.3784098108840904896634665434419593712,12.9497258876509019249329182075037151446,19,12.5,510,10,267.26,9012.96,3031.18
153430755,GB / Newc  12th Jan,6f Hcap,12-01-2019 18:30,7294261,Kommander Kirkup,0,40.80590913730383,41.653508500713297339762847434148913108,24.0509997304265998255965950506119495016,50,26,1000,40,155.9,6335.1,342.54
153430745,GB / Newc  12th Jan,1m Hcap,12-01-2019 17:30,7289894,Steel Train,0,24.808283821293365,22.9751696129823939042460284733374329097,18.7395375482280922060337061267066909657,34,17.5,1000,28,93.1,12762.14,747.58
153430745,GB / Newc  12th Jan,1m Hcap,12-01-2019 17:30,12988835,Tough Remedy,1,1.98,2.02025531210084770650818028738775346309,2.56898769240276426045133348863214152758,2.56,1.93,5.8,1.01,1170.26,327343.92,65279.3
153430730,GB / Newc  12th Jan,1m Hcap,12-01-2019 16:00,12942992,Mont Kinabalu,0,18.85108155037633,18.168331878626475876001146240201192368,11.7822367707894036024996397345710787604,22,11,1000,13,409.7,20328.72,2519.34
153430909,GB / Ling  12th Jan,1m Hcap,12-01-2019 12:50,13038464,Lady Alavesa,1,4.083640369219914,3.70874513748396495451390182057877362135,4.99198841992186296078928478320114515273,5.2,3.6,5,1.01,1697.22,94466.52,56843.48
153430909,GB / Ling  12th Jan,1m Hcap,12-01-2019 12:50,15362978,Mrs Benson,0,9.4,7.40144495318919143499647631428511354678,6.97519767033220999198766603134510240931,9.8,6.4,1000,2.5,1272,54064.08,13463.92
153430924,GB / Ling  12th Jan,1m Hcap,12-01-2019 14:35,11153327,Isomer,0,10,6.78789770062354261120204800175794796975,6.31161438031900828687597357056041670289,11,5.8,1000,6.4,1163.66,56054.88,4409.38
153430914,GB / Ling  12th Jan,6f Hcap,12-01-2019 13:25,14708482,Desert Doctor,0,4,3.65861433399750465382854813653642466447,4.55832591779191137507730219606238164848,4.8,3.1,1000,4,4269.62,155333.98,4527.9
153430934,GB / Ling  12th Jan,1m2f Hcap,12-01-2019 15:40,11466746,Feel The Vibes,0,33.74863705246738,24.686680284666649303115970688909209944,30.7053224051876661164818568919065947606,55,25,950,38,55.74,3753.84,340.34
153430934,GB / Ling  12th Jan,1m2f Hcap,12-01-2019 15:40,13819971,Affluence,0,7.601131403428154,5.64451676357121533483698600501374765792,5.24178659331136703749766672341757387555,8.2,5,1000,2.62,1749.24,55218.08,15798.66
153451050,GB / Kemp  12th Jan,3m Hcap Chs,12-01-2019 15:15,10283582,Barney Dwan,0,4.376788576837898,4.41420026773627694177944106196217333787,4.62416006828059108792237214209647047536,5.2,4,1000,3.2,16951.4,176479.14,47023.68
153451045,GB / Kemp  12th Jan,2m5f Listed Hcap Hrd,12-01-2019 14:40,8487845,Kloud Gate,0,5.3,4.72336369395366007296444527440741633374,4.78576908767546229764211488588021013558,5.8,4.07,1000,5,86753.2,415866.64,28139.78
153451045,GB / Kemp  12th Jan,2m5f Listed Hcap Hrd,12-01-2019 14:40,11015596,Lord Napier,0,8.92820973,7.80055043954584509993328556047972931376,6.80349666248755211423889081115999615316,10.5,5.9,1000,3,23278.1,148057.66,16322.5
153451070,GB / Warw  12th Jan,3m Listed Nov Chs,12-01-2019 13:50,12146459,Rockys Treasure,0,2.26,2.30529415003309129284519409953375734257,2.61995097290323057904216715525288870641,2.74,2.24,1000,1.9,20085.66,398950.44,115097.7
153451085,GB / Warw  12th Jan,3m1f Hcap Hrd,12-01-2019 15:35,10769491,Ritual Of Senses,0,36.961234331526214,28.4793375635197015612645484682875580394,53.5882649847418895084463724621288881163,70,32,1000,16,179.14,8033.5,3612.42
153451080,GB / Warw  12th Jan,3m5f Grd3 Hcap Chs,12-01-2019 15:00,6581038,Ultragold,0,33.25162203148743,28.0344021929098849323312349706242489985,25.0123329634924367705215254638524897896,44,21,1000,9,2057.2,17589.02,9576.84
153451060,GB / Warw  12th Jan,2m Nov Hcap Hrd,12-01-2019 12:40,15684275,Sammylou,0,36.51986519185827,35.8228766146960195861550505103668563946,65.784481912401030022976910219791831033,80,29,1000,26,105,4792.34,1310.76
153451060,GB / Warw  12th Jan,2m Nov Hcap Hrd,12-01-2019 12:40,9664790,Boutan,0,109.83401554316296,90.4432402580953969130332707433899979019,76.4529333874865827980292028981422501778,190,65,1000,3.35,69.86,1905.48,5274.28
153451065,GB / Warw  12th Jan,2m Hcap Chs,12-01-2019 13:15,6002662,Bright New Dawn,0,15.5,12.110086093791766079827446225234105734,9.57499696680962094932574946460965748871,15.5,6.82,1000,16.5,1507.88,32355.22,4334.7
153485194,GB / Weth 12th Jan,2m3f Hcap Hrd,12-01-2019 14:50,6175725,Jet Set,0,6.297976448,4.99651253143053745678712054988673261248,5.38137245040811328646264975431458513576,6.6,3.85,1000,3.85,1900.98,82353.84,33772.68
153485184,GB / Weth 12th Jan,2m Hcap Hrd,12-01-2019 13:40,7590878,Apterix,0,5.442848738,5.62666193160157606404147408992034730146,6.10976077030232707738582212488907119003,6.8,4.9,1000,4.5,539.64,35257.94,9584.4
153485184,GB / Weth 12th Jan,2m Hcap Hrd,12-01-2019 13:40,12533638,Iolani,0,10,8.23353079262474131241689634547069546562,9.88298122858024386942023508876659690301,10.5,6.2,1000,9.6,419.28,22160.18,5485
153485174,GB / Weth 12th Jan,2m Mdn Hrd,12-01-2019 12:30,2432901,Splash The Cash,0,213.2985512398393,214.54957251394341848850082028929731469,103.771946882602429084771673923003143938,290,57.07,1000,100,49.44,558.16,264.46
153485174,GB / Weth 12th Jan,2m Mdn Hrd,12-01-2019 12:30,15888966,Doctor Dex,1,5.433305415534062,5.44579196840220570142156536041600147087,6.83740233143248423030470576323043300391,7.38,4.7,5.4,1.01,1411.86,51755.98,122228.9
153485174,GB / Weth 12th Jan,2m Mdn Hrd,12-01-2019 12:30,11896776,Constancio,0,6,6.85400784765671153253677725422277057283,8.94748294314431016059715227527946790863,11,5.8,1000,3.05,941.52,30923.14,32761.02
153485189,GB / Weth 12th Jan,1m7f Hcap Chs,12-01-2019 14:15,8381211,Caraline,0,23.796952053,23.6124847020097598654371591779564127167,18.0942085632851738118515110235416210135,29,17.5,1000,19.5,250.46,14479.1,3269.6
153430750,GB / Newc  12th Jan,7f Hcap,12-01-2019 18:00,11466739,Portledge,1,5,4.50424835323820330536945425964853288685,5.37985222477698120438483075746411491145,9,4.3,7,1.01,236.84,55640.9,42316
153430735,GB / Newc  12th Jan,1m Hcap,12-01-2019 16:30,13038461,Cardaw Lily,0,46.75428067661777,50.2044516717546728451931101172719473047,60.9359760436733304274383217815806509666,130,46,1000,42,42.56,4408.34,464
153430760,GB / Newc  12th Jan,5f Hcap,12-01-2019 19:00,18910496,Hanakotoba,0,6.852890074538081,5.56795807673740827575088274597883091006,7.71755410745700231267629057694784067312,8,5.8,800,5.7,544.8,45867.28,1693.96
153430760,GB / Newc  12th Jan,5f Hcap,12-01-2019 19:00,19148745,Pink Flamingo,0,22,12.3335683109928620925478284602653650816,10.4387570363129013137308682509766988238,22,9,140,26,190.58,23662.6,235
153430760,GB / Newc  12th Jan,5f Hcap,12-01-2019 19:00,19902428,Cool Walk,0,294.2654878941364,152.958130792678488424489787801359663977,101.11982501848348650656616742332303992,340,110,320,260,2.66,1641.3,24
153430725,GB / Newc  12th Jan,1m4f Hcap,12-01-2019 15:30,8487860,Good Man,0,4.643251674,3.96179513988145920649416268711009812164,4.92203837654419458595623234992410896112,5.1,4,850,3.15,1602.64,88867.16,21001.1
153430725,GB / Newc  12th Jan,1m4f Hcap,12-01-2019 15:30,10226977,Bigbadboy,0,74.50658503819257,51.8718677812279806447893260523316474123,39.4094346543802707163513022190903123893,85,26,1000,34,153.2,3399.7,727.72
153430725,GB / Newc  12th Jan,1m4f Hcap,12-01-2019 15:30,12988791,Puchita,0,50.69703827287364,31.0082084247275172959586315906470795814,40.6513718463676107488712747807061398707,60,29,1000,21,186.26,5520.08,1024.4
153430725,GB / Newc  12th Jan,1m4f Hcap,12-01-2019 15:30,21052477,Sweetest Smile,0,10,8.48475362423928830149496002391112868899,13.5703412804830741587999768333990216332,14.5,8.6,1000,6,652.86,23185.7,2757.92
153430740,GB / Newc  12th Jan,6f Nov Stks,12-01-2019 17:00,22386665,Plumette,0,36.16362377970361,35.3406818023903651343560428181723621477,16.591032797424340882151085532689672717,46,29,1000,11,32,6442.58,1268.12
153430755,GB / Newc  12th Jan,6f Hcap,12-01-2019 18:30,9487361,Avenue Of Stars,0,7.075832058527978,6.66489782175926764240249921437437121954,6.20623449145695318454668619879488153681,8.4,5.2,1000,4.1,2281.76,50965.92,4907.06
153430755,GB / Newc  12th Jan,6f Hcap,12-01-2019 18:30,17748163,Capla Demon,0,11.872428574132112,9.52102957039950286227002536055202891878,7.97775464879488275427702352826685034163,12.5,6.6,75,9.8,977.1,26885.38,774.16
153430730,GB / Newc  12th Jan,1m Hcap,12-01-2019 16:00,11252610,Dubai Elegance,0,141.398924292,117.696055639511153807346290606332311306,40.1177029037146750833536928574171111971,160,60,1000,50,16.34,3138.76,616.12
153430909,GB / Ling  12th Jan,1m Hcap,12-01-2019 12:50,12859752,Peace Prevails,0,65,32.656771659221032496130211436609231898,20.7084115054830271297602768737679142525,75,18.5,1000,12,91.12,13712.68,4043.68
153430924,GB / Ling  12th Jan,1m Hcap,12-01-2019 14:35,160363,Contrast,0,30.366862143264157,20.5751775734283802843054474880408405392,20.1220823850496773467180669402763356182,32,17.5,1000,11,155.52,14969.4,3527.66
153430914,GB / Ling  12th Jan,6f Hcap,12-01-2019 13:25,9434508,Reflektor,0,9.889298356820365,8.35243949681906699044767887748256502252,6.81150503260931095079905663776037994369,11,6.2,1000,4.9,3416.82,46235.94,9530.7
153430934,GB / Ling  12th Jan,1m2f Hcap,12-01-2019 15:40,2744673,Cold Harbour,1,17.120280878348275,13.1948070782750823358587786165993532109,24.6466743342003609552064433701692167546,25,14,48,1.01,228.02,18743.6,88396.32
153451025,GB / Kemp  12th Jan,2m Juv Hrd,12-01-2019 12:20,22386727,Flaminger,0,20,13.244425457220724025592517037961276697,9.38924396635118951021450873531706197775,23,9.2,1000,4,5022.34,30486.2,10659.08
153451030,GB / Kemp  12th Jan,3m Nov Hrd,12-01-2019 12:55,11562443,Bailarico,1,13.636058409168616,8.05403051590144200891664830605957283689,7.44970427314483157404619083594343508383,14,6,21,1.01,5429.6,63841.14,128515.8
153451030,GB / Kemp  12th Jan,3m Nov Hrd,12-01-2019 12:55,21548471,Ector,0,150,160.816688430039164813144640970029955169,224.185316758582490373796143839850629688,360,110,1000,120,48.8,4390.02,1815.74
153451050,GB / Kemp  12th Jan,3m Hcap Chs,12-01-2019 15:15,6832837,Bally Longford,0,13,11.3229165825505519204848393465183685072,11.1626813779781643460986480438974750591,13.5,9.2,1000,2,3431.42,24383.94,40738.88
153451045,GB / Kemp  12th Jan,2m5f Listed Hcap Hrd,12-01-2019 14:40,10460784,Milrow,0,60,42.3049901128952262307449087516138937304,40.57378134034811564284494132485803485,60,30,1000,38,891.26,9827.58,824.32
153451045,GB / Kemp  12th Jan,2m5f Listed Hcap Hrd,12-01-2019 14:40,9456593,And The New,0,17.04694615126646,13.6564034848057063233179602581921599025,14.0928273943069035180215245011356712058,19,13,340,11,4340.54,41362.14,6406.68
153451045,GB / Kemp  12th Jan,2m5f Listed Hcap Hrd,12-01-2019 14:40,15431635,Mellow Ben,0,11.336816564807588,11.8746949236390075637454766197929061491,20.4221558200015376444234358068045213169,23,9.2,1000,9,4922.12,64645.6,6317
153451045,GB / Kemp  12th Jan,2m5f Listed Hcap Hrd,12-01-2019 14:40,16510570,Star Of Lanka,0,13,12.8760308044242028613436406881838802421,16.7647452259778333770679694722630318276,20,10.5,1000,8.4,5597,50078.46,5383.08
153451055,GB / Kemp  12th Jan,2m Hcap Hrd,12-01-2019 15:45,7686275,John Constable,0,29.928060940874566,22.5991531805057297346233899810910061343,13.4951729159535670856996706452192060736,42,11,1000,25,1864.22,19403.9,2089.14
153451055,GB / Kemp  12th Jan,2m Hcap Hrd,12-01-2019 15:45,11980157,Old Harry Rocks,0,70,46.1036826721457772819746796695890623782,60.1195877421457741962184924618393169141,80,38,1000,60,99.94,6093.8,1121.26
153451085,GB / Warw  12th Jan,3m1f Hcap Hrd,12-01-2019 15:35,9093926,Oh Land Abloom,0,55,37.5007176020994992437878735253744130738,22.5076639768948289959879113230999548775,60,20,1000,1.89,467.94,7420.24,26713.72
153451075,GB / Warw  12th Jan,2m5f Grd2 Nov Hrd,12-01-2019 14:25,17106914,Beakstown,1,8,8.3626802453409264889032928393288912813,8.94429130381700538500964931179327819983,9.6,7.6,7.8,1.01,4386.32,61222.34,148012.62
153451080,GB / Warw  12th Jan,3m5f Grd3 Hcap Chs,12-01-2019 15:00,7860571,Cogry,0,5.811559481566982,6.3901582235402983711286146705390190081,8.24384665013314361150727732766709990791,11.5,5.7,1000,5.1,13762.6,152058.52,31501.08
153451080,GB / Warw  12th Jan,3m5f Grd3 Hcap Chs,12-01-2019 15:00,10533325,Crosspark,0,14,11.2053037554350903928190983187689375343,22.1184277670981815411069459230428624512,32,10,1000,4.4,3941.98,49699.88,14540.18
153451080,GB / Warw  12th Jan,3m5f Grd3 Hcap Chs,12-01-2019 15:00,12053007,Calett Mad,0,8.8,8.71165644407703128126902136674310550527,10.1077037103246983724207900767320801735,13,8.4,1000,1.17,4926.2,56002.22,62156.72
153451065,GB / Warw  12th Jan,2m Hcap Chs,12-01-2019 13:15,9210551,Movie Legend,0,2.88,3.17825565658045493750982516633303038376,3.58292932658525908398894229139744953236,4.1,2.88,1000,2,7418,187601.94,75460.74
153451090,GB / Warw  12th Jan,2m NHF,12-01-2019 16:05,22387064,Frau Georgia,0,9.29495366054325,6.4283229176093669853217977333949373632,6.30342585459437201253660239592927225349,10,6,1000,1.29,85.08,31029.76,31108.26
153485199,GB / Weth 12th Jan,2m3f Hcap Chs,12-01-2019 15:25,4304284,Astracad,0,8.363048235,7.75459704795145546107133469051665202104,6.94275173725677457292427931307507418244,9,6.8,1000,3.15,399.74,30521.7,20203.86
153485194,GB / Weth 12th Jan,2m3f Hcap Hrd,12-01-2019 14:50,7093293,Simply A Legend,0,30.16558128213277,17.1291544360977776105602183029474712337,6.47446204073605183962124993515061954239,32,6,1000,4,657.48,19493.34,15695.24
153485174,GB / Weth 12th Jan,2m Mdn Hrd,12-01-2019 12:30,12011459,Garbanzo,0,2.641107984342012,2.81278881463976146667672449701867442227,4.34078025036841130862434244854668132068,5.09,2.56,1000,2.46,2665.28,241287.02,71457.24
153485189,GB / Weth 12th Jan,1m7f Hcap Chs,12-01-2019 14:15,9417341,Nuts Well,0,7.757428903835679,6.77233964287972212993778368021745189206,6.8223986549493220200620543815255247812,8.2,5.4,1000,5.5,882.74,50324.18,18171.68
153430735,GB / Newc  12th Jan,1m Hcap,12-01-2019 16:30,13092233,Benaras,0,171.53528186418114,80.5479163125793505701958217459346506835,40.0126376810980396931912103213197062041,180,41.4,1000,60,40.8,3013.78,291.66
153430760,GB / Newc  12th Jan,5f Hcap,12-01-2019 19:00,19137565,Giacomo Casanova,1,8.741473918576958,8.37599077478737151439908575175354993753,18.5222723588237618504091326416409913609,23,7.6,7,1.01,277.34,38841.84,46627.64
153430725,GB / Newc  12th Jan,1m4f Hcap,12-01-2019 15:30,8780622,Splash Of Verve,1,34,24.9769625320448955057874694558481800525,13.4524696725288239577232073769585085724,46,18.5,40,1.01,169.02,13813.48,49619.32
153430725,GB / Newc  12th Jan,1m4f Hcap,12-01-2019 15:30,13020245,Hugoigo,0,8.657854042287058,8.36403754987144654748238883978451878513,10.0034471672638045961218278627149382879,14,7.8,800,6,861.74,24393.18,4649.78
153430740,GB / Newc  12th Jan,6f Nov Stks,12-01-2019 17:00,22386662,Call Me Ginger,0,50.14653597034513,45.8402753384827765436918006270195727589,32.6513640153401818374703866246764545906,70,32,1000,60,31.24,5637.54,113.04
153430740,GB / Newc  12th Jan,6f Nov Stks,12-01-2019 17:00,22386663,Gatesy,0,156.95028097447153,161.72473434884757490641638481425152611,62.9413240380642288117808244024998325394,230,70,1000,170,25.14,2014.08,106.22
153430755,GB / Newc  12th Jan,6f Hcap,12-01-2019 18:30,9928388,Athollblair Boy,1,3.25,3.5820435172603161659879008381195662026,4.02845107549515897540328661158077365347,4.7,3.05,4.1,1.01,3208.36,151689.76,88866.42
153430745,GB / Newc  12th Jan,1m Hcap,12-01-2019 17:30,11238816,Azzeccagarbugli,0,4.6,4.04618766454999291221277631250648936281,2.84084100854868286524611831294667343028,5.5,2.9,1000,3.5,825.72,87784.56,7990.12
153430924,GB / Ling  12th Jan,1m Hcap,12-01-2019 14:35,7700046,My Target,0,3.6425321521886342,3.50543057386290437287215861237952858782,3.8536839893289100064313770904721606371,4.01,3.16,1000,3.25,3476.34,187844.44,10604.64
153451030,GB / Kemp  12th Jan,3m Nov Hrd,12-01-2019 12:55,18286519,Lomachenko,0,3.35,3.1133298325525362931196738050787640571,2.59894390802338224421860743973902256012,3.75,2.38,1000,2.88,5259.2,155524.36,34400.14
153451030,GB / Kemp  12th Jan,3m Nov Hrd,12-01-2019 12:55,21039970,Browndodd,0,55,46.8337805320614521148094381180527688402,59.3972356547275707329648995769302893345,140,30,1000,16,118.34,7589.48,2970.48
153451035,GB / Kemp  12th Jan,2m4f Hcap Chs,12-01-2019 13:30,21648,Poker School,0,3.96580843370325,3.80581258887365149789077156051378246555,3.74937180850584679426990295306054001535,4.1,3.5,1000,3.6,4819.5,115144.58,36906.52
153451050,GB / Kemp  12th Jan,3m Hcap Chs,12-01-2019 15:15,10612435,Minella Daddy,0,9.616559905,9.22785825162027221465952061082088958414,11.4196324805491517507824914031538557315,14,8.2,1000,8.8,3659.44,36894.26,8734.82
153451050,GB / Kemp  12th Jan,3m Hcap Chs,12-01-2019 15:15,9066086,Ballykan,0,6.6,6.14618514846588539942081210409816066898,4.75062005139720169719731677144104649752,7.2,4.5,1000,6.2,11851.54,106203.26,21738
153451040,GB / Kemp  12th Jan,2m4f Listed Chs,12-01-2019 14:05,9281221,Charbel,0,3.07683344786805,2.82552002584316697192703555345562239873,2.7463420375298902121692316566688661041,3.1,2.62,1000,1.9,19883.48,304143.28,89827.76
153451045,GB / Kemp  12th Jan,2m5f Listed Hcap Hrd,12-01-2019 14:40,7203812,Theatrebar,0,150,92.4450028367218165953773469862596510233,88.4549253420666432452473859573483254684,170,49.76,1000,110,903.26,6901.68,423.76
153451045,GB / Kemp  12th Jan,2m5f Listed Hcap Hrd,12-01-2019 14:40,11076337,Big Time Dancer,1,23.899895420713577,21.609948716878621817094529877951666455,25.0611834593922067045377309402682644788,29,22,23,1.01,2894.92,23466.66,102385.8
153451045,GB / Kemp  12th Jan,2m5f Listed Hcap Hrd,12-01-2019 14:40,12262405,Solomon Grey,0,17.415389679153453,12.1522086503637306889908301564926153792,13.4758562467705311261369054710013073527,28.95,12,1000,3.2,18041.62,78940.54,16737.58
153451045,GB / Kemp  12th Jan,2m5f Listed Hcap Hrd,12-01-2019 14:40,16472547,Cotswold Way,0,11.5,12.2041722487770698935914348647833941098,18.9693197297661905816386819972517240709,24,10,1000,9.2,4018.48,58419.36,7685.58
153451055,GB / Kemp  12th Jan,2m Hcap Hrd,12-01-2019 15:45,10142160,Speed Company,0,4.7,4.65819166526502633797466813153985289349,4.53425422529508540547904178527196570215,5.9,4,1000,2.2,17161.58,145190.52,50618.84
153451085,GB / Warw  12th Jan,3m1f Hcap Hrd,12-01-2019 15:35,9257584,Holly Bush Henry,0,12.703436400172798,10.2789758661226440015886184558758651811,12.9152704224921130082423485728279746552,15,10,1000,10.5,2495.6,38014.52,5547.12
153451080,GB / Warw  12th Jan,3m5f Grd3 Hcap Chs,12-01-2019 15:00,5433602,Milansbar,0,20.306157263540282,17.0499443212540319907853618921593633688,17.751876322402225740595706641740230421,30,13,1000,6,2752.86,28650.9,16624.28
153451080,GB / Warw  12th Jan,3m5f Grd3 Hcap Chs,12-01-2019 15:00,6835804,Caroles Destrier,0,17.5,12.908212925709735983174991940363339125,13.5873803189406544193905974073541048953,17.5,9,1000,2.66,3768.14,35412.74,23186.98
153451060,GB / Warw  12th Jan,2m Nov Hcap Hrd,12-01-2019 12:40,16927447,Mercers Troop,0,3.54016448522361,3.72715988187321360007731362666856799685,4.26913667344606988307755574675317268304,6,3.45,1000,3.5,11331.56,256767.46,25184.54
153451060,GB / Warw  12th Jan,2m Nov Hcap Hrd,12-01-2019 12:40,15140630,Percy Prosecco,0,9.690909378619544,8.6705011688644450949553178322662425901,6.36233563005332245086970240520403934517,12,5.7,1000,2,8561.3,56079.74,18585.42
153451060,GB / Warw  12th Jan,2m Nov Hcap Hrd,12-01-2019 12:40,13617959,Wenceslaus,0,36.186787175835335,37.839094323495044223526893108701727252,30.8213774949373988100643712996386452988,55,20,1000,27,367.34,6307.32,2640.34
153451090,GB / Warw  12th Jan,2m NHF,12-01-2019 16:05,2919889,Dont Tell The Wife,0,3.65,4.57142725031107346817286669957311296007,14.8785453352803159074386225048204131807,15.5,3.65,1000,2.74,74.54,81678.68,46293.08
153485204,GB / Weth 12th Jan,1m4f NHF,12-01-2019 15:55,22403666,Puppetonastring,0,29.712496071,29.9028469213434752943107896663058541671,25.9718227906739644132324758828084272681,38,21,1000,13,107.08,6250.08,5084.66
153485184,GB / Weth 12th Jan,2m Hcap Hrd,12-01-2019 13:40,15576178,Val Mome,0,5.571501975395919,5.29349434428427153206622988307524313077,4.69298085698032948283729727099899496922,6,4.2,1000,4.4,604.72,46839.24,10321.84
153485174,GB / Weth 12th Jan,2m Mdn Hrd,12-01-2019 12:30,71906,Oscar Wilde,0,9.882980498799732,8.90065368689319487536513196297941851364,4.82490465920054736892491715882521835783,12.5,4.5,1000,10,3038.46,29517.56,5707.22
153430750,GB / Newc  12th Jan,7f Hcap,12-01-2019 18:00,8706065,Call Out Loud,0,2.6735925477158164,2.90733730383970462677375995660519563626,3.43593467622824036175649916405750408486,3.65,2.58,1000,2.16,1861.72,216216.82,15534.88
153430735,GB / Newc  12th Jan,1m Hcap,12-01-2019 16:30,467105,Deolali,0,180,95.8958286243906033486624070239951575685,78.1685418988323552638905336000771685419,190,65,1000,180,2.04,2680.98,57.74
153430735,GB / Newc  12th Jan,1m Hcap,12-01-2019 16:30,11324567,Glorious Rocket,0,161.1243256477663,87.708292072173922051335461695225408419,26.5440612187870365845506117774906892392,190,32.4,1000,140,34.48,2678.82,90.38
153430760,GB / Newc  12th Jan,5f Hcap,12-01-2019 19:00,18227451,Willow Brook,0,4.829511801202461,4.94490482484503489326722541094655002296,5.65646410516276635200585420943874898491,6.8,4.4,1000,5.7,9163.94,156694.74,2184.16
153430760,GB / Newc  12th Jan,5f Hcap,12-01-2019 19:00,21194880,Madame Vitesse,0,13.194324543439851,9.05330706770085732978948862626913429895,5.7106235138386516618854685104790720318,14.5,5,880,4,1391.84,36170.34,3203.22
153430725,GB / Newc  12th Jan,1m4f Hcap,12-01-2019 15:30,5542918,Manomine,0,13.988925413740796,11.1696311385357967397845280164881962739,14.7479949021000270886961496710498103461,24,9.8,830,12,757.88,35230.14,2020.04
153430740,GB / Newc  12th Jan,6f Nov Stks,12-01-2019 17:00,19252840,Kareena Kapoor,1,1.6431353161015887,1.64327078720324090552887681952008062638,1.81773546867776655853066144067800080169,1.85,1.5,1.69,1.01,1396.96,482260.78,60709.88
153430755,GB / Newc  12th Jan,6f Hcap,12-01-2019 18:30,6275609,Lucky Lodge,0,10.5,8.81726606061629171369767456777033454793,5.4805404500563126757452089996623143086,11,5.1,1000,9,1600.94,32405.98,1527.02
153430755,GB / Newc  12th Jan,6f Hcap,12-01-2019 18:30,5473684,Johnny Cavagin,0,16,14.2852555687619560281853867366498902212,18.8053338655276239564080303188320983092,27,10.5,590,9.8,446.04,18299.82,1435.1
153430755,GB / Newc  12th Jan,6f Hcap,12-01-2019 18:30,12890675,Katheefa,0,5.5,6.39232191558052078261900848748154261235,9.32046327126347323577260292177196999204,11.5,5.3,150,5.2,264.62,56070.32,3348.12
153430730,GB / Newc  12th Jan,1m Hcap,12-01-2019 16:00,7369669,Newmarket Warrior,0,6.6,6.86132646761858434192125516639171893184,5.11062792651826408373646685724457263419,8,5.2,1000,3.2,1353.1,37900.82,8108.76
153430730,GB / Newc  12th Jan,1m Hcap,12-01-2019 16:00,14057064,Glory Of Paris,0,3.86021599977168,3.80251690943456856932884337858591941782,6.17492291663081610709736398376838120879,6.4,3.5,1000,4,715.62,92608.94,16256.8
153430929,GB / Ling  12th Jan,1m Nov Stks,12-01-2019 15:10,12943007,Pheidippides,0,7.2,7.23219098229959910144137318858696059799,8.5206531680394307291547823869333729246,8.6,6.2,1000,2,689.32,37985.14,16281.62
153430914,GB / Ling  12th Jan,6f Hcap,12-01-2019 13:25,7272305,Zac Brown,0,18.749458496738665,17.8120396015084366510815243116036549941,13.0394664969260736993666514947786599612,23,11.5,1000,6.2,1180.28,15789.64,4888.82
153430919,GB / Ling  12th Jan,1m4f Sell Stks,12-01-2019 14:00,11261673,London Grammar,0,199.34903353161405,280.390802261032112422275833276638951564,96.0809013827500184091280538947428918316,450,80,1000,50,17.26,2302.46,890.44
153430934,GB / Ling  12th Jan,1m2f Hcap,12-01-2019 15:40,9253847,Tabla,0,128.439304458,81.3381791698011175370554584723483095318,42.2804921578246690923029541346727428209,150,36,1000,70,267.22,1995.7,315
153430934,GB / Ling  12th Jan,1m2f Hcap,12-01-2019 15:40,14691302,Tesorina,0,4.970638252858734,4.57363521024729471246645336162997172934,5.09322010248329598208921348687020797445,9,4.5,1000,2.76,1794.16,103637.24,21711.96
153451025,GB / Kemp  12th Jan,2m Juv Hrd,12-01-2019 12:20,13484884,Chaparral Prince,0,1.9194661881498654,1.95056949409200036446268131572375585832,1.94501145801707553451388167682380194506,2.1,1.84,1000,1.6,30600,300901.38,118261.58
153451035,GB / Kemp  12th Jan,2m4f Hcap Chs,12-01-2019 13:30,12322066,Casse Tete,0,6.6,5.28057288919089467387056306263495104773,6.02272066668920886164558460704043683618,7,4.1,1000,6.2,7666.64,103218.22,17607.78
153451040,GB / Kemp  12th Jan,2m4f Listed Chs,12-01-2019 14:05,9215427,Speredek,0,11,10.4644841965213972987777219906956349286,11.962371928002933065815451468163405207,15.5,9.8,1000,4,4958.54,75672.66,46946.56
153451055,GB / Kemp  12th Jan,2m Hcap Hrd,12-01-2019 15:45,6374334,Minellaforleisure,0,11.5,9.83347401331060330898351825827701484754,20.1953389674578579007985556187044921527,23,9.8,1000,10,344.2,23880.76,5449.4
153451070,GB / Warw  12th Jan,3m Listed Nov Chs,12-01-2019 13:50,2578078,Ok Corral,1,4.3,3.61268164726705380856636332758011738838,3.11591566205190522337541613094027928395,4.4,2.86,6.8,1.01,8489.56,159450.34,149018.08
153451085,GB / Warw  12th Jan,3m1f Hcap Hrd,12-01-2019 15:35,6879875,Malapie,0,60,33.455519285872410868560392781796975707,53.8957730300999989020333455182251158836,65,27,1000,46,155.76,7249.1,2095.14
153451075,GB / Warw  12th Jan,2m5f Grd2 Nov Hrd,12-01-2019 14:25,12925623,Tidal Flow,0,2.164454441,2.24708361624381392468132103419105214027,2.29526590854330927453089522257504083044,2.52,2.14,1000,2.14,13566.14,462580.32,94723.54
153451080,GB / Warw  12th Jan,3m5f Grd3 Hcap Chs,12-01-2019 15:00,46807,Step Back,0,7.8,7.64467395392602869892055455197423563764,7.77659959544501427502763784737834181165,11,7.2,1000,2.94,14349.74,119897.26,53801.28
153451060,GB / Warw  12th Jan,2m Nov Hcap Hrd,12-01-2019 12:40,16058315,Dyliev,1,12.340781174649603,10.8073758699870134730058785212346161574,9.27785542078705858934788957131606133572,13,6.4,24,1.01,2221.4,23619.44,108960.46
153451060,GB / Warw  12th Jan,2m Nov Hcap Hrd,12-01-2019 12:40,21063961,Three Bullet Gate,0,22.2009208476497,16.8298328984203476241017204523318552135,10.452854883474735689879280349574471902,24,10,1000,14.5,1320.94,13038.58,3642.2
153451065,GB / Warw  12th Jan,2m Hcap Chs,12-01-2019 13:15,12011583,Generous Day,1,3.4219608968478865,3.24131009264373147757367011149983311772,3.12002977891227987529273848247600111378,3.6,2.82,3.65,1.01,11963.78,165448.04,145610.72
153485199,GB / Weth 12th Jan,2m3f Hcap Chs,12-01-2019 15:25,11875597,Manwell,1,2.295425393133506,2.13266928215939004500992467255296690918,2.05493291736486822852059000369657863483,2.46,1.75,3.05,1.01,11439.1,236610.56,213081.68
153485204,GB / Weth 12th Jan,1m4f NHF,12-01-2019 15:55,22403663,Zoutoise,1,13.5,10.0173141049200660525303522333960056639,7.64745297148959428607658120097167172469,15,7.2,15,1.01,448.46,30798.52,85032.36
153485194,GB / Weth 12th Jan,2m3f Hcap Hrd,12-01-2019 14:50,9357587,Braavos,0,40.799302886398515,34.7069333405750988392539899248429190543,11.7717014752548247128421286793176231553,80,8.4,1000,19,620.58,9834.48,7328.9
153485184,GB / Weth 12th Jan,2m Hcap Hrd,12-01-2019 13:40,7634709,Pershing,0,58.07622395041399,35.0069401097798987484720133921417569597,14.7505090950624638950085710448354543488,55,14.5,1000,20,111.18,6386.06,2634.92
153485174,GB / Weth 12th Jan,2m Mdn Hrd,12-01-2019 12:30,8680391,Leader Writer,0,16.500564171650986,14.9175827163029649276452779117899784507,17.0205811406744139809533560662266586533,20,12,1000,15.5,310.5,10214.66,2016.56
153485174,GB / Weth 12th Jan,2m Mdn Hrd,12-01-2019 12:30,8884817,Ingleby Hollow,0,40.06652226225822,49.0470544689516412229642463153003408503,35.888108033880311203698490533341879325,80,35.12,1000,8.2,96.5,2061.62,4649.26
153485179,GB / Weth 12th Jan,2m3f Nov Chs,12-01-2019 13:05,12519013,Mistercobar,0,70.444698687,93.4573154914267627760412928347556661298,89.3432490729011564816571027922270033576,180,50,1000,4.4,16.42,4199.74,8390.1
153485189,GB / Weth 12th Jan,1m7f Hcap Chs,12-01-2019 14:15,12067371,Tree Of Liberty,0,3.562899013127643,3.86496999708782468278717432839540081502,3.16471604824113772271914510040935470953,4.5,3,1000,3.65,1593.08,112117,21563.36
153430735,GB / Newc  12th Jan,1m Hcap,12-01-2019 16:30,14569148,Golden Guide,0,12.67336795,9.86717599270026039748140754249913936687,11.2088715069779412047115212423836418257,14,10.35,880,17.5,231.62,16614.86,280.1
153430740,GB / Newc  12th Jan,6f Nov Stks,12-01-2019 17:00,21052549,Eufemia,0,35.10790329689625,23.9641673813621639988655360121192174086,14.0670973458342938561048722810676720374,36,14.5,800,30,80.08,12628.76,304.78
153430740,GB / Newc  12th Jan,6f Nov Stks,12-01-2019 17:00,21915388,Amourie,0,131.16580599636245,119.226721654222552952238503802152523644,57.0914959006986866740690039532338374835,180,60,920,600,15.14,2087.54,32.52
153430740,GB / Newc  12th Jan,6f Nov Stks,12-01-2019 17:00,20473751,Zaula,0,8.2,9.26102955321590547810174593851379855029,7.27184947484012930443152324774074785879,17.5,7,1000,8,99.42,38410.2,2094.38
153430730,GB / Newc  12th Jan,1m Hcap,12-01-2019 16:00,11985860,Rey Loopy,0,3.9435408315345555,3.57931659076215992568742701597470155901,3.71709267886758849945588932121173551502,3.9,3.3,1000,3.05,1658.76,114691.02,15047.28
153430909,GB / Ling  12th Jan,1m Hcap,12-01-2019 12:50,10253579,Spiced,0,31.42638329670532,17.0741309204601744722543116709837611443,8.43276052453349671656449991282293145873,34,7.45,1000,21,714.28,28941.12,2411.54
153430924,GB / Ling  12th Jan,1m Hcap,12-01-2019 14:35,11238575,Apex King,1,7.992154599194004,10.0865663764710676090310228559229519186,19.7461059148819011512124729928445161254,23.17,8,8,1.01,642.9,43539.94,58186.12
153430929,GB / Ling  12th Jan,1m Nov Stks,12-01-2019 15:10,18976889,Shamlahar,1,2.564574748315012,2.78552221671972623934815435252448560465,3.94571923996362780474592937387190920585,4.4,2.38,8,1.01,2267.92,200080.68,90322.94
153430919,GB / Ling  12th Jan,1m4f Sell Stks,12-01-2019 14:00,8928576,Dutch Uncle,1,1.449794905,1.38760696754258644104230841901368503731,1.39534657770822077400543552369699885652,1.48,1.3,1.69,1.01,4318.28,535241.02,120421.66
153430919,GB / Ling  12th Jan,1m4f Sell Stks,12-01-2019 14:00,11817077,Sea Tea Dea,0,117.00090111534254,108.412003395497421528423660151916343164,69.4299844364457166088313472431198900569,210,60,910,100,35.96,4281.84,633.1
153430934,GB / Ling  12th Jan,1m2f Hcap,12-01-2019 15:40,1070223,Prerogative,0,6.937144880747909,6.50435781315673891195433959502659925608,9.4175503569901117614288190324251441719,13.5,6.6,1000,3.2,1432.84,51618.38,8746.98
153430934,GB / Ling  12th Jan,1m2f Hcap,12-01-2019 15:40,13349072,Lady Of Authority,0,17.948682159565656,14.9809231014500918204854587238939731253,17.1374116582046160610152843493689556322,22,11.5,1000,12.5,262.72,8841.44,1775.4
153430934,GB / Ling  12th Jan,1m2f Hcap,12-01-2019 15:40,6505027,Gracious George,0,75,48.8656923025350638085786945162466332666,42.5698528488515943414833939616112838623,80,20,1000,60,191.3,2751.32,324.24
153451025,GB / Kemp  12th Jan,2m Juv Hrd,12-01-2019 12:20,18227679,Vlannon,1,42.400287911,44.4261676825826629198021653830889592318,39.0744425953047873592694773354937518605,90,29,210,1.01,831.78,9492.92,96511.18
153451035,GB / Kemp  12th Jan,2m4f Hcap Chs,12-01-2019 13:30,12129149,Mercian Prince,1,3.2279592506699006,3.72599345287526086048309494687349819274,3.99514645154861183800440011010189374594,4.2,3.25,3.2,1.01,7110.16,129455.82,219140.28
153451050,GB / Kemp  12th Jan,3m Hcap Chs,12-01-2019 15:15,7265651,Josses Hill,0,6.105979028144354,7.58413479725902898103972351360369987351,9.25194636896675041762120004122934912624,9.8,6.2,1000,4,3391.4,70049.86,32947.5
153451050,GB / Kemp  12th Jan,3m Hcap Chs,12-01-2019 15:15,6867552,Cold March,0,30,27.225193045865100574252198103568650529,20.2455103201276241988173842013544296912,36,19,1000,27,702.12,9229,2139.8
153451045,GB / Kemp  12th Jan,2m5f Listed Hcap Hrd,12-01-2019 14:40,15062921,Darling Maltaix,0,14.061266653,10.8113335128282147619278099276048332821,10.0600647939071276470201129047448117395,15.5,6.88,1000,2.5,6863.72,61045.7,35345.12
153451055,GB / Kemp  12th Jan,2m Hcap Hrd,12-01-2019 15:45,7407540,Eddiemaurice,0,5.97740643615399,5.27316297264482024314073990967480007415,6.01980984236021739054130650818889094211,7.2,5.2,1000,3.1,2228.78,65650.62,23292.46
153451070,GB / Warw  12th Jan,3m Listed Nov Chs,12-01-2019 13:50,11916116,White Moon,0,9.518607468853357,7.04522599822119148299816130264034568876,6.83039953408019592256987395893770450128,9.8,6.2,1000,9.2,5077.8,67714.84,13801.68
153451085,GB / Warw  12th Jan,3m1f Hcap Hrd,12-01-2019 15:35,7597203,Lungarno Palace,0,6.284561837258035,5.88184910328419804191913168660790523528,7.34927893108088714054097546959939772371,7.8,5.9,1000,5.8,2904.9,73860.7,15841.78
153451080,GB / Warw  12th Jan,3m5f Grd3 Hcap Chs,12-01-2019 15:00,8162733,Sizing Codelco,0,53.76515317735642,31.9284140032995161271378850747759922359,19.3327158929674148553336247146324338469,55,11.5,1000,48,1806.24,13338.82,2054.52
153451060,GB / Warw  12th Jan,2m Nov Hcap Hrd,12-01-2019 12:40,13877786,Star Of Rory,0,13.315961399872872,17.0724551990126717021398490434447443093,16.3201766575492139689608268092887532027,24,11.5,1000,3.65,1765.86,18989.18,9787.08
153451060,GB / Warw  12th Jan,2m Nov Hcap Hrd,12-01-2019 12:40,13617958,Texan Nomad,0,4.481377089254256,4.53626483591429388591964796512973197249,5.81652119040771514040861981176684489378,6.2,4.1,1000,3,3488.26,124584.2,19878.12
153451060,GB / Warw  12th Jan,2m Nov Hcap Hrd,12-01-2019 12:40,10436769,Incus,0,50,38.6138817056635452313718927217542091929,29.1262881944857149724577530998740400975,55,23,1000,24,405,4282.94,1732.78
153451065,GB / Warw  12th Jan,2m Hcap Chs,12-01-2019 13:15,10414716,Robinshill,0,7.925224046558106,7.48032172530461054114639397711385427153,7.6009877019478288535714367182471513803,8.8,7,1000,6.6,1492.08,48883.98,11068.02
153451090,GB / Warw  12th Jan,2m NHF,12-01-2019 16:05,22387072,Millstone,0,3.7,3.17008159043573926802223895340006399963,3.2600310110249112079312838931984782294,4.6,2.98,1000,3.5,735.96,100936.66,16920.88
153451090,GB / Warw  12th Jan,2m NHF,12-01-2019 16:05,22387074,Pour Joie,1,6.032375191877801,4.82176054900242874965767395416804210784,6.22620905222329459862798916279790006138,7,4.5,9.4,1.01,452.5,45991.6,66051.68
153485199,GB / Weth 12th Jan,2m3f Hcap Chs,12-01-2019 15:25,12111719,Agamemmon,0,5.379242345869826,5.51984885180663183155280517952716944557,7.64572271380280201485447600181567797658,9.6,4.6,1000,4.5,321.34,60067.86,14962.96
153485199,GB / Weth 12th Jan,2m3f Hcap Chs,12-01-2019 15:25,10460782,Thyne For Gold,0,6.8,8.01580723528388706713106123192345337809,7.21755012618584784994532322557263073594,12.5,6.6,1000,2.52,227.68,40653.52,34638.64
153485204,GB / Weth 12th Jan,1m4f NHF,12-01-2019 15:55,22403667,Fourshoes,0,2.471044563,2.38207157244320685647138016044703547734,2.95172284753815461224920026074927337581,3.15,2.02,1000,1.77,4151.2,255625.98,55402.52
153485204,GB / Weth 12th Jan,1m4f NHF,12-01-2019 15:55,22403665,Andorns Legacy,0,17.5,17.9768019843017229665172084359529120595,18.2539235156842378776340950644867349919,22,13.5,1000,11,195.3,11316.9,2290.88
153485174,GB / Weth 12th Jan,2m Mdn Hrd,12-01-2019 12:30,17557984,The Big Galloper,0,22.141676464548798,14.3164131036660216231173091892759090743,6.23964085366539175944096717891466073335,22,5.27,1000,18,2156.8,13925.74,2341
153485179,GB / Weth 12th Jan,2m3f Nov Chs,12-01-2019 13:05,16058314,Just Dont Ask,1,2.0597328264192996,2.08393128874260244372704076572556368504,2.46464259484793193962154864554890763527,2.54,1.98,6.8,1.01,2112.62,206155.9,215112.06
153485179,GB / Weth 12th Jan,2m3f Nov Chs,12-01-2019 13:05,16149309,Storm Control,0,5.8,6.59503538983977043788281811697096527225,4.78693684925726632154784330999564157702,8.8,4.46,1000,1.35,922.74,39300.16,65020.52
153430760,GB / Newc  12th Jan,5f Hcap,12-01-2019 19:00,18241666,Oxygenic,0,44.050287164,25.848042606288964488771839708030019973,15.2703051895150050492090349238657338567,48,17.5,890,42,175.78,9332.22,174.16
153430725,GB / Newc  12th Jan,1m4f Hcap,12-01-2019 15:30,7579008,Glasgon,0,13.4334835231553,8.66931487641300981351819975342607995463,7.99014097896277471342335206275532109798,13.5,7.2,1000,11,1318.98,30287.02,2453.8
153430755,GB / Newc  12th Jan,6f Hcap,12-01-2019 18:30,10001007,Kentuckyconnection,0,19.688027670620713,20.7312914894676206718094101301371639199,24.5512694620578810501055151369214539291,29,17,1000,22,385.78,10954.06,662.34
153430929,GB / Ling  12th Jan,1m Nov Stks,12-01-2019 15:10,21835895,The Celtic Machine,0,170,171.293586822865892049184138332153139387,76.213282223090548029791045422875949281,460,60,1000,160,24.72,2015.48,255.76
153430919,GB / Ling  12th Jan,1m4f Sell Stks,12-01-2019 14:00,15383100,Noble Expression,0,4.314681277,4.5304105489363988038465885942587483972,4.23520994136502338015732009756912001741,5.8,3.7,1000,3.6,916.36,160126.16,18917.44
153430934,GB / Ling  12th Jan,1m2f Hcap,12-01-2019 15:40,7334240,Dove Mountain,0,106.83809736864642,59.6004055975652919680610940680665341248,37.7620874503817475701661082737318693388,130,38,1000,48,161.94,2931.66,433.34
153430934,GB / Ling  12th Jan,1m2f Hcap,12-01-2019 15:40,17279998,Stay In The Light,0,25.423329543151482,17.7734921763081157538699735740452797417,23.4466064836935425292011602095395290388,29,18,1000,11,275.62,7077.22,1567.78
153451040,GB / Kemp  12th Jan,2m4f Listed Chs,12-01-2019 14:05,10844153,Black Corton,0,5.8,6.55069943869038198903940516214229204665,7.79193659402437768981510643178606569671,8.2,5.6,1000,4.7,15442.54,184858.52,26790.24
153451045,GB / Kemp  12th Jan,2m5f Listed Hcap Hrd,12-01-2019 14:40,8834425,Sleep Easy,0,23,25.2152381677611551256385916876255134939,26.2885488784074903155360338758527601741,38,20.81,1000,9,3073.74,25103.92,3873.3
153451055,GB / Kemp  12th Jan,2m Hcap Hrd,12-01-2019 15:45,56513,Magic Dancer,0,6.8,5.81640262772639584868559972903113248027,7.93781034376670152840911244042067521763,8.4,6,1000,1.7,988.78,38716.7,30296.32
153451055,GB / Kemp  12th Jan,2m Hcap Hrd,12-01-2019 15:45,11830175,Dino Velvet,0,5.780902462530575,4.80309205816512143713622559660934056086,7.40470820188037198398464530506569204103,8.4,4.9,1000,4.2,2669.5,71934.1,19998.52
153451055,GB / Kemp  12th Jan,2m Hcap Hrd,12-01-2019 15:45,17691143,Oakley,1,6.2,5.67313724274935234812309026020188136069,4.54694285429170177794037140709183939645,7.6,4.5,6,1.01,5111.34,76999.68,65231.46
153451085,GB / Warw  12th Jan,3m1f Hcap Hrd,12-01-2019 15:35,9428464,Notwhatiam,0,10.630298963,7.89996703522439819357799212198003099306,7.01634494057998633129365229763324332359,11,6.8,1000,7,3642.28,48107.24,11967.16
153451075,GB / Warw  12th Jan,2m5f Grd2 Nov Hrd,12-01-2019 14:25,21339428,Champagne Court,0,16,13.3714370497431745906138235741866214499,13.380968383478597423508832467115910147,19.5,11,1000,5,3576.22,27269.68,12519.08
153451080,GB / Warw  12th Jan,3m5f Grd3 Hcap Chs,12-01-2019 15:00,6815401,Un Temps Pour Tout,0,22.51410851789531,17.2731805791727043136918855367313663796,19.1660850274947258130034800105322272463,24,17,1000,20,2392.06,26438.72,2462.32
153451080,GB / Warw  12th Jan,3m5f Grd3 Hcap Chs,12-01-2019 15:00,10973319,Impulsive Star,1,10,9.67751222266593994734972559515068881955,8.82132785837265387907072744117252519072,15.5,8.2,70,1.01,14886.28,80384.72,131537.26
153451080,GB / Warw  12th Jan,3m5f Grd3 Hcap Chs,12-01-2019 15:00,10203862,Duel At Dawn,0,9.4,7.39529262605540046784604038985888766081,8.01624603381359654805170794659401587892,11,6.2,990,9,15161.12,149179.48,11304.3
153451060,GB / Warw  12th Jan,2m Nov Hcap Hrd,12-01-2019 12:40,9408857,Spader,0,185.28466039961455,117.969262809755444780662950990872994307,57.3227302979691630866124562099390348015,190,42,1000,130,258.98,2405.08,347.1
153451065,GB / Warw  12th Jan,2m Hcap Chs,12-01-2019 13:15,1349906,Baby King,0,18.628249161,14.9110694799422425603105211186474875204,13.8981165081215750312246393827188833956,17.5,12,1000,3.2,718.38,13089.68,15389.32
153451065,GB / Warw  12th Jan,2m Hcap Chs,12-01-2019 13:15,8255406,Rock On Rocky,0,8.788225492,10.0127568701420905950000673576990144984,10.0600640672178883142331294976067992304,13.79,9,1000,4,1860.92,27490.54,17322.9
153451090,GB / Warw  12th Jan,2m NHF,12-01-2019 16:05,22387068,Jumpsuit,0,11,10.2791350171489584403089205353644335872,6.31442990022302899696457714848371632724,14,9.8,1000,6,64.1,20609.78,7643.96
153451090,GB / Warw  12th Jan,2m NHF,12-01-2019 16:05,22387075,Saint Dalina,0,11.382178367,8.59850175076926136823310292605489723817,7.21005346644830519611091077826228697685,12.5,6,1000,9,213.12,26654.66,7942.88
153485204,GB / Weth 12th Jan,1m4f NHF,12-01-2019 15:55,21973413,Artichoke Heart,0,9.403622306822943,9.41239543000339660668243249449669786289,3.89066605670614295427173185746810447948,15,3.7,1000,8.6,1746.34,29520.4,4840.86
153485194,GB / Weth 12th Jan,2m3f Hcap Hrd,12-01-2019 14:50,7909274,Blue Hussar,0,7.285368267243029,5.78042159449682515958838301457666233287,7.01147922168405606909640740169314151806,7.6,4.3,1000,6.4,1601.52,74979.22,10242.9
153485194,GB / Weth 12th Jan,2m3f Hcap Hrd,12-01-2019 14:50,17352128,Kapgarry,0,16.532082396856275,9.7000520972957920759013253201507050324,7.8288968723783274383163776378721090956,16.5,7,1000,10.5,1954.64,30369.84,7481.74
153485179,GB / Weth 12th Jan,2m3f Nov Chs,12-01-2019 13:05,4687752,Noble Call,0,190,179.699920787182107758899143935910492089,45.1835487091310557779318306886511017677,260,40,1000,110,213.22,2569.26,656.2
153485189,GB / Weth 12th Jan,1m7f Hcap Chs,12-01-2019 14:15,8395297,Beau Bay,1,4.3,3.84213693526493243097515341467669740877,5.03392285644892491325609629003369157453,4.8,3.5,4.1,1.01,569.62,91443.18,150812.94
