EVENT_ID,MENU_HINT,EVENT_NAME,EVENT_DT,SELECTION_ID,SELECTION_NAME,WIN_LOSE,BSP,PPWAP,MORNINGWAP,PPMAX,PPMIN,IPMAX,IPMIN,MORNINGTRADEDVOL,PPTRADEDVOL,IPTRADEDVOL
111848331,USA / ZiaP (US) 18th Nov,R7 6f Claim,18-11-2013 21:51,8026072,1. Looks Pro,0,11,1,1,1,1001,1,1001,0,0,0
111848319,USA / ZiaP (US) 18th Nov,R1 3f Allw,18-11-2013 19:15,6115367,4. Dancin Tres,0,6.568574636,1,1,1,1001,1,1001,0,0,0
111848325,USA / ZiaP (US) 18th Nov,R4 1f Mdn Claim,18-11-2013 20:33,8026056,4. Luck N Fury,1,3,1,1,1,1001,1,1001,0,0,0
111848325,USA / ZiaP (US) 18th Nov,R4 1f Mdn Claim,18-11-2013 20:33,8026055,3. Whosinthe Den,0,20,1,1,1,1001,1,1001,0,0,0
111848325,USA / ZiaP (US) 18th Nov,R4 1f Mdn Claim,18-11-2013 20:33,8026059,7. Raise Regard,0,7.2,1,1,1,1001,1,1001,0,0,0
111848333,USA / ZiaP (US) 18th Nov,R8 6f Claim,18-11-2013 22:17,7936521,7. Patriot Joe,0,34,1,1,1,1001,1,1001,0,0,0
111848333,USA / ZiaP (US) 18th Nov,R8 6f Claim,18-11-2013 22:17,8026077,1. Formal Joker,0,5,1,1,1,1001,1,1001,0,0,0
111848333,USA / ZiaP (US) 18th Nov,R8 6f Claim,18-11-2013 22:17,8026080,5. Bulldacious,0,55,1,1,1,1001,1,1001,0,0,0
111848335,USA / ZiaP (US) 18th Nov,R9 5f Claim,18-11-2013 22:43,8026084,1. King Bill,0,22.181611649,1,1,1,1001,1,1001,0,0,0
111848323,USA / ZiaP (US) 18th Nov,R3 1f Claim,18-11-2013 20:07,8026046,6. Think Rich Brook,0,6.942918166621823,1,1,1,1001,1,1001,0,0,0
111848323,USA / ZiaP (US) 18th Nov,R3 1f Claim,18-11-2013 20:07,8026044,3. Fly Hob Fly,1,55,1,1,1,1001,1,1001,0,0,0
111848323,USA / ZiaP (US) 18th Nov,R3 1f Claim,18-11-2013 20:07,8026045,4. Hm Tresaces,0,28.361078333,1,1,1,1001,1,1001,0,0,0
111867173,USA / FingL (US) 18th Nov,R2 6f Claim,18-11-2013 17:42,3076646,6. Smokin Racer,0,12.5,1,1,1,1001,1,1001,0,0,0
111867183,USA / FingL (US) 18th Nov,R7 1m Claim,18-11-2013 19:57,4996291,7. Skiptothegold,1,8.471223150294243,1,1,1,1001,1,1001,0,0,0
111867183,USA / FingL (US) 18th Nov,R7 1m Claim,18-11-2013 19:57,5745389,8. Black Mandate,0,39.30705450819107,1,1,1,1001,1,1001,0,0,0
111867171,USA / FingL (US) 18th Nov,R1 6f Claim,18-11-2013 17:15,6379196,4. Marvelous Margaret,0,5.59863317376934,1,1,1,1001,1,1001,0,0,0
111867171,USA / FingL (US) 18th Nov,R1 6f Claim,18-11-2013 17:15,7283576,5. Maybrys Girl,1,3.775834842,1,1,1,1001,1,1001,0,0,0
111867179,USA / FingL (US) 18th Nov,R5 1m Claim,18-11-2013 19:03,6372903,11. No More Taxes,0,7.613418433765402,1,1,1,1001,1,1001,0,0,0
111867186,USA / FingL (US) 18th Nov,R8 1m Allw,18-11-2013 20:24,2123495,4. I Do Believe,0,4.421859777278277,1,1,1,1001,1,1001,0,0,0
111867177,USA / FingL (US) 18th Nov,R4 6f Claim,18-11-2013 18:36,2478556,6. Estimator,0,9.18334452,1,1,1,1001,1,1001,0,0,0
111867177,USA / FingL (US) 18th Nov,R4 6f Claim,18-11-2013 18:36,5751705,4. Seek To Destroy,1,2.2924298237117178,1,1,1,1001,1,1001,0,0,0
111868013,USA / TPara (US) 18th Nov,R6 1m Claim,18-11-2013 21:54,8026018,1. Latin Coffee,0,69.43792995552067,1,1,1,1001,1,1001,0,0,0
111868015,USA / TPara (US) 18th Nov,R7 7f Mdn,18-11-2013 22:25,8026023,4. Baranof,1,3.3,1,1,1,1001,1,1001,0,0,0
111868015,USA / TPara (US) 18th Nov,R7 7f Mdn,18-11-2013 22:25,8026021,2. Timber Topper,0,20.69152490167297,1,1,1,1001,1,1001,0,0,0
111867942,USA / TPara (US) 18th Nov,R3 1m Claim,18-11-2013 20:29,8026008,2. Palisades Dawn,1,2.583811251237349,1,1,1,1001,1,1001,0,0,0
111867944,USA / TPara (US) 18th Nov,R4 6f Claim,18-11-2013 20:56,6078898,5. A J Tango,0,4.5,1,1,1,1001,1,1001,0,0,0
111903542,USA / MountP (US) 17th Nov,R3 1m Mdn,18-11-2013 00:50,8023909,6. Williamthewarrior,0,1.86,1,1.72017711565158248781805815654377579637,1,1001,1,1001,17172.96,0,0
111903542,USA / MountP (US) 17th Nov,R3 1m Mdn,18-11-2013 00:50,7997502,2. Bad Wagon,0,570,1,104.201754385964912280701754385964912281,1,1001,1,1001,63.84,0,0
111903556,USA / MountP (US) 17th Nov,R9 6f Allw,18-11-2013 03:20,6744308,7. Take It Out,1,15.128464246829969,1,12.1917487446890691386635766705291618386,1,1001,1,1001,414.24,0,0
111903552,USA / MountP (US) 17th Nov,R7 1m Claim,18-11-2013 02:30,6213787,6. Casual Gab,0,96.5743552341312,1,47.9296977660972404730617608409986859396,1,1001,1,1001,121.76,0,0
111903538,USA / MountP (US) 17th Nov,R1 6f Mdn Claim,18-11-2013 00:00,7438465,3. Fitchville,0,34,1,28.2404396073410157917200170721297481861,1,1001,1,1001,468.6,0,0
111903540,USA / MountP (US) 17th Nov,R2 1m Claim,18-11-2013 00:25,5598444,5. Cinco Estrella,0,11.5,1,10.2469643619291506615450277422108408024,1,1001,1,1001,374.88,0,0
111903540,USA / MountP (US) 17th Nov,R2 1m Claim,18-11-2013 00:25,8023901,1. Gifts For A King,1,4.7,1,4.67509906634455155037832579870994490556,1,1001,1,1001,2508.42,0,0
111919009,USA / Parx (US) 18th Nov,R2 5f Claim,18-11-2013 17:52,6142620,2. Our Mama Dear,0,,1,1,1,1001,1,1001,0,0,0
111919009,USA / Parx (US) 18th Nov,R2 5f Claim,18-11-2013 17:52,7588007,1. Chrisis Moglie,0,,1,1,1,1001,1,1001,0,0,0
111919011,USA / Parx (US) 18th Nov,R3 5f Mdn Claim,18-11-2013 18:19,7846610,7. Shelovestheband,0,,1,1,1,1001,1,1001,0,0,0
111919013,USA / Parx (US) 18th Nov,R4 5f Claim,18-11-2013 18:46,8025976,8. Redneck Bride,0,,1,1,1,1001,1,1001,0,0,0
111919013,USA / Parx (US) 18th Nov,R4 5f Claim,18-11-2013 18:46,6533428,7. Tourliani,0,,1,1,1,1001,1,1001,0,0,0
111919013,USA / Parx (US) 18th Nov,R4 5f Claim,18-11-2013 18:46,4451479,4. Allegheny Moon,0,,1,1,1,1001,1,1001,0,0,0
111919020,USA / Parx (US) 18th Nov,R7 7f Claim,18-11-2013 20:07,6713761,1A. Y To Kat,0,,1,1,1,1001,1,1001,0,0,0
111919015,USA / Parx (US) 18th Nov,R5 6f Claim,18-11-2013 19:13,8025978,1. Sir Allison,1,,1,1,1,1001,1,1001,0,0,0
111919022,USA / Parx (US) 18th Nov,R8 6f Allw,18-11-2013 20:34,6420130,1. Bestbandever,0,,1,1,1,1001,1,1001,0,0,0
111919022,USA / Parx (US) 18th Nov,R8 6f Allw,18-11-2013 20:34,7381800,3. Primal Love,0,,1,1,1,1001,1,1001,0,0,0
111848331,USA / ZiaP (US) 18th Nov,R7 6f Claim,18-11-2013 21:51,7641934,3. Run Like An Outlaw,1,1.9191208194877936,1,1,1,1001,1,1001,0,0,0
111848339,USA / ZiaP (US) 18th Nov,R11 5f Mdn,18-11-2013 23:35,8026106,7. Quintons Who,0,15.5,1,1,1,1001,1,1001,0,0,0
111848319,USA / ZiaP (US) 18th Nov,R1 3f Allw,18-11-2013 19:15,7857266,1. Attilas Payoff,0,9.474275435302625,1,1,1,1001,1,1001,0,0,0
111848321,USA / ZiaP (US) 18th Nov,R2 1f Claim,18-11-2013 19:41,8026039,1. Call A Fast Corona,0,2.8072382571027994,1,1,1,1001,1,1001,0,0,0
111848321,USA / ZiaP (US) 18th Nov,R2 1f Claim,18-11-2013 19:41,8026041,6. Lady Of Fury,1,3.812873902639839,1,1,1,1001,1,1001,0,0,0
111848329,USA / ZiaP (US) 18th Nov,R6 1m Allw,18-11-2013 21:25,8026071,7. Vince Carter,0,5.927783224233425,1,1,1,1001,1,1001,0,0,0
111848337,USA / ZiaP (US) 18th Nov,R10 5f Mdn Claim,18-11-2013 23:09,8026098,10. Toms Diamond Boy,0,7.2,1,1,1,1001,1,1001,0,0,0
111848333,USA / ZiaP (US) 18th Nov,R8 6f Claim,18-11-2013 22:17,8026083,9. Lesis More,1,80,1,1,1,1001,1,1001,0,0,0
111848323,USA / ZiaP (US) 18th Nov,R3 1f Claim,18-11-2013 20:07,8026049,9. Absolut One,0,22.60212366013787,1,1,1,1001,1,1001,0,0,0
111848323,USA / ZiaP (US) 18th Nov,R3 1f Claim,18-11-2013 20:07,8026050,10. Slump Buster,0,19.5,1,1,1,1001,1,1001,0,0,0
111867173,USA / FingL (US) 18th Nov,R2 6f Claim,18-11-2013 17:42,5652897,7. Shahzadi,0,3.85,1,1,1,1001,1,1001,0,0,0
111867183,USA / FingL (US) 18th Nov,R7 1m Claim,18-11-2013 19:57,4203761,1. Sherrys Tiger,0,1.73,1,1,1,1001,1,1001,0,0,0
111867183,USA / FingL (US) 18th Nov,R7 1m Claim,18-11-2013 19:57,4290276,2. Crafty Netti,0,15.10324311649136,1,1,1,1001,1,1001,0,0,0
111867171,USA / FingL (US) 18th Nov,R1 6f Claim,18-11-2013 17:15,7338138,1A. Hooktheedge,0,10.323429787794597,1,1,1,1001,1,1001,0,0,0
111867179,USA / FingL (US) 18th Nov,R5 1m Claim,18-11-2013 19:03,7747394,3. Reserved Power,0,5.8,1,1,1,1001,1,1001,0,0,0
111867179,USA / FingL (US) 18th Nov,R5 1m Claim,18-11-2013 19:03,6624478,5. Brobdingnagian,0,37.30140335954724,1,1,1,1001,1,1001,0,0,0
111867186,USA / FingL (US) 18th Nov,R8 1m Allw,18-11-2013 20:24,6869012,3. Paddy Kunuckles,0,19.04276561516039,1,1,1,1001,1,1001,0,0,0
111867177,USA / FingL (US) 18th Nov,R4 6f Claim,18-11-2013 18:36,5431868,8. Buddy Red,0,20.157892390731142,1,1,1,1001,1,1001,0,0,0
111867181,USA / FingL (US) 18th Nov,R6 5f Allw,18-11-2013 19:30,5369822,1. Swinging At Siros,0,11.406973548214882,1,1,1,1001,1,1001,0,0,0
111867181,USA / FingL (US) 18th Nov,R6 5f Allw,18-11-2013 19:30,7075048,6. Starship Captain,1,7.8,1,1,1,1001,1,1001,0,0,0
111867188,USA / FingL (US) 18th Nov,R9 6f Claim,18-11-2013 20:51,6377393,2. Catoneras,0,6,1,1,1,1001,1,1001,0,0,0
111867188,USA / FingL (US) 18th Nov,R9 6f Claim,18-11-2013 20:51,8025936,10. Goonsquad,0,24.700305178142152,1,1,1,1001,1,1001,0,0,0
111867188,USA / FingL (US) 18th Nov,R9 6f Claim,18-11-2013 20:51,8025935,7. Reading Glasses,0,70,1,1,1,1001,1,1001,0,0,0
111868013,USA / TPara (US) 18th Nov,R6 1m Claim,18-11-2013 21:54,8026019,2. Gaul,0,2.8408365285088077,1,1,1,1001,1,1001,0,0,0
111867939,USA / TPara (US) 18th Nov,R2 5f Claim,18-11-2013 20:02,7805024,2. Finer Shiner,0,9.557430258199748,1,1,1,1001,1,1001,0,0,0
111867939,USA / TPara (US) 18th Nov,R2 5f Claim,18-11-2013 20:02,7947082,5. Dawngonegold,0,40,1,1,1,1001,1,1001,0,0,0
111868015,USA / TPara (US) 18th Nov,R7 7f Mdn,18-11-2013 22:25,8026027,8. Mystery Tour,0,20.030943206436667,1,1,1,1001,1,1001,0,0,0
111868011,USA / TPara (US) 18th Nov,R5 6f Mdn Claim,18-11-2013 21:23,8026012,3. Chevalier Noir,0,130,1,1,1,1001,1,1001,0,0,0
111867942,USA / TPara (US) 18th Nov,R3 1m Claim,18-11-2013 20:29,8026010,7. Big Panchos Star,0,4.43952761,1,1,1,1001,1,1001,0,0,0
111868017,USA / TPara (US) 18th Nov,R8 5f Claim,18-11-2013 22:56,2508591,9. Engineer,0,7.214011427,1,1,1,1001,1,1001,0,0,0
111868017,USA / TPara (US) 18th Nov,R8 5f Claim,18-11-2013 22:56,3594702,1. Melo,0,93.54161264450289,1,1,1,1001,1,1001,0,0,0
111868017,USA / TPara (US) 18th Nov,R8 5f Claim,18-11-2013 22:56,2601751,7. Devils Afleet,0,6.8,1,1,1,1001,1,1001,0,0,0
111868084,USA / TPara (US) 18th Nov,R9 5f Claim,18-11-2013 23:27,4563069,7. Shinen Time,1,4.415590351264437,1,1,1,1001,1,1001,0,0,0
111868084,USA / TPara (US) 18th Nov,R9 5f Claim,18-11-2013 23:27,8026032,10. Button Em Up,0,13.108034704,1,1,1,1001,1,1001,0,0,0
111868084,USA / TPara (US) 18th Nov,R9 5f Claim,18-11-2013 23:27,4761449,6. Lucky High,0,65,1,1,1,1001,1,1001,0,0,0
111903542,USA / MountP (US) 17th Nov,R3 1m Mdn,18-11-2013 00:50,8023908,4. Uncle Ang,0,18.5,1,16.4455553419214253669166185989873742229,1,1001,1,1001,1248.24,0,0
111903547,USA / MountP (US) 17th Nov,R5 6f Claim,18-11-2013 01:40,1182515,5. Duty Roster,0,18.5,1,17.0517277818873507344393955405262601712,1,1001,1,1001,189.26,0,0
111903556,USA / MountP (US) 17th Nov,R9 6f Allw,18-11-2013 03:20,7309900,6. Wild For Love,0,4.8,1,4.7337806434719994763198376591496743364,1,1001,1,1001,611.06,0,0
111903556,USA / MountP (US) 17th Nov,R9 6f Allw,18-11-2013 03:20,8023921,1. Sassy Brunette,0,15,1,12.26484375,1,1001,1,1001,51.2,0,0
111903552,USA / MountP (US) 17th Nov,R7 1m Claim,18-11-2013 02:30,6350575,5. This Moment,0,36,1,22.5874411163452137587769976002133143721,1,1001,1,1001,675.06,0,0
111903552,USA / MountP (US) 17th Nov,R7 1m Claim,18-11-2013 02:30,6293698,1. Petulant,0,4.3,1,4.2991243738777053208581419525564691428,1,1001,1,1001,2116.2,0,0
111903540,USA / MountP (US) 17th Nov,R2 1m Claim,18-11-2013 00:25,6807660,8. Cathys Breeze,0,46,1,23.4571580627993613624268227780734433209,1,1001,1,1001,112.74,0,0
111919009,USA / Parx (US) 18th Nov,R2 5f Claim,18-11-2013 17:52,404657,8. Black Lagoon,0,,1,1,1,1001,1,1001,0,0,0
111919011,USA / Parx (US) 18th Nov,R3 5f Mdn Claim,18-11-2013 18:19,6749198,8. Desert Recon,0,,1,1,1,1001,1,1001,0,0,0
111919011,USA / Parx (US) 18th Nov,R3 5f Mdn Claim,18-11-2013 18:19,7846613,10. Fasterlizfaster,0,,1,1,1,1001,1,1001,0,0,0
111919011,USA / Parx (US) 18th Nov,R3 5f Mdn Claim,18-11-2013 18:19,5593917,2. Halos Got Even,0,,1,1,1,1001,1,1001,0,0,0
111919013,USA / Parx (US) 18th Nov,R4 5f Claim,18-11-2013 18:46,7368722,6. Briannas Song,0,,1,1,1,1001,1,1001,0,0,0
111919020,USA / Parx (US) 18th Nov,R7 7f Claim,18-11-2013 20:07,3101904,4. Im Sure,0,,1,1,1,1001,1,1001,0,0,0
111919025,USA / Parx (US) 18th Nov,R9 6f Mdn Claim,18-11-2013 21:01,8025996,9. Heres Nino,0,,1,1,1,1001,1,1001,0,0,0
111919007,USA / Parx (US) 18th Nov,R1 1m Claim,18-11-2013 17:25,7770470,5. Party Girl Appeal,0,,1,1,1,1001,1,1001,0,0,0
111919015,USA / Parx (US) 18th Nov,R5 6f Claim,18-11-2013 19:13,6922165,6. M J Plus,0,,1,1,1,1001,1,1001,0,0,0
111919017,USA / Parx (US) 18th Nov,R6 7f Claim,18-11-2013 19:40,8025983,8. Torpedo Cat,0,,1,1,1,1001,1,1001,0,0,0
111919017,USA / Parx (US) 18th Nov,R6 7f Claim,18-11-2013 19:40,6884410,7. Swains Country Lad,0,,1,1,1,1001,1,1001,0,0,0
111919017,USA / Parx (US) 18th Nov,R6 7f Claim,18-11-2013 19:40,7279993,4. Baby Face Aiden,0,,1,1,1,1001,1,1001,0,0,0
111919022,USA / Parx (US) 18th Nov,R8 6f Allw,18-11-2013 20:34,1033550,4. Golden Punch,0,,1,1,1,1001,1,1001,0,0,0
111848331,USA / ZiaP (US) 18th Nov,R7 6f Claim,18-11-2013 21:51,6952107,8. Elway,0,6.8,1,1,1,1001,1,1001,0,0,0
111848339,USA / ZiaP (US) 18th Nov,R11 5f Mdn,18-11-2013 23:35,8026111,12. Lytle Lake,0,10.542292141343058,1,1,1,1001,1,1001,0,0,0
111848339,USA / ZiaP (US) 18th Nov,R11 5f Mdn,18-11-2013 23:35,8026101,1. Sheet Secrets,0,111.67780746527018,1,1,1,1001,1,1001,0,0,0
111848339,USA / ZiaP (US) 18th Nov,R11 5f Mdn,18-11-2013 23:35,8026102,2. Joe Daddy,0,24.70146967,1,1,1,1001,1,1001,0,0,0
111848321,USA / ZiaP (US) 18th Nov,R2 1f Claim,18-11-2013 19:41,7857195,2. Caught On Tape,0,21.492177357,1,1,1,1001,1,1001,0,0,0
111848327,USA / ZiaP (US) 18th Nov,R5 1m Claim,18-11-2013 20:59,7136165,4. Letshaveonemore,0,9.469032041562023,1,1,1,1001,1,1001,0,0,0
111848327,USA / ZiaP (US) 18th Nov,R5 1m Claim,18-11-2013 20:59,8026065,2. St Clair,0,1.956949071,1,1,1,1001,1,1001,0,0,0
111848327,USA / ZiaP (US) 18th Nov,R5 1m Claim,18-11-2013 20:59,8026067,7. Chapelbellegirl,0,11.534813263858666,1,1,1,1001,1,1001,0,0,0
111848337,USA / ZiaP (US) 18th Nov,R10 5f Mdn Claim,18-11-2013 23:09,365217,2. Shady Deal,0,64.27244729515516,1,1,1,1001,1,1001,0,0,0
111848337,USA / ZiaP (US) 18th Nov,R10 5f Mdn Claim,18-11-2013 23:09,7172603,1. Cruiserweight,0,5.917375172177164,1,1,1,1001,1,1001,0,0,0
111848337,USA / ZiaP (US) 18th Nov,R10 5f Mdn Claim,18-11-2013 23:09,8026093,4. After Its Over,0,4.743093843287934,1,1,1,1001,1,1001,0,0,0
111848337,USA / ZiaP (US) 18th Nov,R10 5f Mdn Claim,18-11-2013 23:09,8026095,6. Peaceful Dome,0,70,1,1,1,1001,1,1001,0,0,0
111848335,USA / ZiaP (US) 18th Nov,R9 5f Claim,18-11-2013 22:43,8026086,4. Scatter Doodle,0,10.121205138,1,1,1,1001,1,1001,0,0,0
111848335,USA / ZiaP (US) 18th Nov,R9 5f Claim,18-11-2013 22:43,8026087,6. Robindip,0,4.623204058611883,1,1,1,1001,1,1001,0,0,0
111848323,USA / ZiaP (US) 18th Nov,R3 1f Claim,18-11-2013 20:07,8026047,7. Big Bad Bok,0,7.591084268336127,1,1,1,1001,1,1001,0,0,0
111867173,USA / FingL (US) 18th Nov,R2 6f Claim,18-11-2013 17:42,5640898,4. Potnias Song,0,28,1,1,1,1001,1,1001,0,0,0
111867179,USA / FingL (US) 18th Nov,R5 1m Claim,18-11-2013 19:03,6144590,2. Imperials Catch,0,9.130693202249823,1,1,1,1001,1,1001,0,0,0
111867181,USA / FingL (US) 18th Nov,R6 5f Allw,18-11-2013 19:30,6595492,1A. Le Freak,0,18.5,1,1,1,1001,1,1001,0,0,0
111867181,USA / FingL (US) 18th Nov,R6 5f Allw,18-11-2013 19:30,3049581,4. Too Tough Pete,0,14.774483595730853,1,1,1,1001,1,1001,0,0,0
111867188,USA / FingL (US) 18th Nov,R9 6f Claim,18-11-2013 20:51,6564149,8. Johns Mariah,1,1.4036859148735488,1,1,1,1001,1,1001,0,0,0
111868013,USA / TPara (US) 18th Nov,R6 1m Claim,18-11-2013 21:54,5198263,7. Chatty Lou,0,40,1,1,1,1001,1,1001,0,0,0
111868013,USA / TPara (US) 18th Nov,R6 1m Claim,18-11-2013 21:54,7813330,4. Sleipnirs Rule,0,36.569208218485,1,1,1,1001,1,1001,0,0,0
111867882,USA / TPara (US) 18th Nov,R1 1f Claim,18-11-2013 19:35,6344227,9. Choosy Two,0,25.924725879554167,1,1,1,1001,1,1001,0,0,0
111867939,USA / TPara (US) 18th Nov,R2 5f Claim,18-11-2013 20:02,6952121,7. Deputy Innovator,0,15.5,1,1,1,1001,1,1001,0,0,0
111867939,USA / TPara (US) 18th Nov,R2 5f Claim,18-11-2013 20:02,8026006,4. Ruler Of The Tribe,1,3.220806469,1,1,1,1001,1,1001,0,0,0
111868015,USA / TPara (US) 18th Nov,R7 7f Mdn,18-11-2013 22:25,8026024,5. Tundra Leap,0,12.400226595643911,1,1,1,1001,1,1001,0,0,0
111868015,USA / TPara (US) 18th Nov,R7 7f Mdn,18-11-2013 22:25,8026026,7. Cavour,0,7.03453828558344,1,1,1,1001,1,1001,0,0,0
111868015,USA / TPara (US) 18th Nov,R7 7f Mdn,18-11-2013 22:25,7936453,1A. Rebellious Diana,0,12,1,1,1,1001,1,1001,0,0,0
111868015,USA / TPara (US) 18th Nov,R7 7f Mdn,18-11-2013 22:25,8026028,9. Hayaku Josan,0,8.4,1,1,1,1001,1,1001,0,0,0
111868011,USA / TPara (US) 18th Nov,R5 6f Mdn Claim,18-11-2013 21:23,7810156,1. Streamofsteam,1,12,1,1,1,1001,1,1001,0,0,0
111868011,USA / TPara (US) 18th Nov,R5 6f Mdn Claim,18-11-2013 21:23,8026014,5. Gitano Sky,0,27.44818547626287,1,1,1,1001,1,1001,0,0,0
111868011,USA / TPara (US) 18th Nov,R5 6f Mdn Claim,18-11-2013 21:23,8026017,8. Honored Hero,0,5.461249928100587,1,1,1,1001,1,1001,0,0,0
111867944,USA / TPara (US) 18th Nov,R4 6f Claim,18-11-2013 20:56,4996135,6. Dillys Dancer,1,4.019978688441916,1,1,1,1001,1,1001,0,0,0
111867944,USA / TPara (US) 18th Nov,R4 6f Claim,18-11-2013 20:56,5861226,1. J Js Junction,0,13.56485901332897,1,1,1,1001,1,1001,0,0,0
111867944,USA / TPara (US) 18th Nov,R4 6f Claim,18-11-2013 20:56,5986350,4. Lidges Slider,0,18.002829154282384,1,1,1,1001,1,1001,0,0,0
111868017,USA / TPara (US) 18th Nov,R8 5f Claim,18-11-2013 22:56,4985774,6. Stonewall Riot,1,3.2696802672889307,1,1,1,1001,1,1001,0,0,0
111868084,USA / TPara (US) 18th Nov,R9 5f Claim,18-11-2013 23:27,6266437,8. Keyed To Rock,0,3.6,1,1,1,1001,1,1001,0,0,0
111868084,USA / TPara (US) 18th Nov,R9 5f Claim,18-11-2013 23:27,5447857,2. Ariat Gold,0,22.821472080357488,1,1,1,1001,1,1001,0,0,0
111868084,USA / TPara (US) 18th Nov,R9 5f Claim,18-11-2013 23:27,8026030,1. Queens Well,0,21.902595828254707,1,1,1,1001,1,1001,0,0,0
111903545,USA / MountP (US) 17th Nov,R4 5f Mdn Claim,18-11-2013 01:15,8023912,3. Ur Alwaysonmymind,0,10.468594328823968,1,9.40128129634476140626363081217831283259,1,1001,1,1001,1834.08,0,0
111903545,USA / MountP (US) 17th Nov,R4 5f Mdn Claim,18-11-2013 01:15,7882990,4. Seeking The Grail,0,3.816929431484314,1,3.5649727971906916932512303088755347825,1,1001,1,1001,4852.44,0,0
111903545,USA / MountP (US) 17th Nov,R4 5f Mdn Claim,18-11-2013 01:15,8023910,1. Halles Song,1,8,1,7.6023316525408575617780638701140793191,1,1001,1,1001,1677.78,0,0
111903558,USA / MountP (US) 17th Nov,R10 5f Claim,18-11-2013 03:45,8023924,2. Start The Band,0,37.10409817267209,1,14.6933713471133285816108339272986457591,1,1001,1,1001,140.3,0,0
111903558,USA / MountP (US) 17th Nov,R10 5f Claim,18-11-2013 03:45,2323538,3. Tuatara,0,10.445383316670778,1,10.4564076977904490377761938702779757662,1,1001,1,1001,140.3,0,0
111903542,USA / MountP (US) 17th Nov,R3 1m Mdn,18-11-2013 00:50,8023907,3. Skiptothelane,0,10.918778773522938,1,12.763181635305768754642238177766773954,1,1001,1,1001,2584.96,0,0
111903547,USA / MountP (US) 17th Nov,R5 6f Claim,18-11-2013 01:40,108548,3. Saturday Hero,0,16,1,18.7150626625679829746985102861196500355,1,1001,1,1001,507.48,0,0
111903547,USA / MountP (US) 17th Nov,R5 6f Claim,18-11-2013 01:40,5851840,7. Fuhrlang,0,7.419465454146268,1,6.15108699205596783157344143319493935729,1,1001,1,1001,1223.56,0,0
111903549,USA / MountP (US) 17th Nov,R6 6f Claim,18-11-2013 02:05,7717459,8. Gold Coast Striker,0,86.15055841244758,1,42.6352388730093915884034299714169048591,1,1001,1,1001,146.94,0,0
111903552,USA / MountP (US) 17th Nov,R7 1m Claim,18-11-2013 02:30,8023915,4. Kid Rockette,0,4.46413956217264,1,5.20348805107410922267276335087567940644,1,1001,1,1001,2318.2,0,0
111903554,USA / MountP (US) 17th Nov,R8 1m Claim,18-11-2013 02:55,8023917,4. Bonita Muneca,1,6.6,1,5.4457111614465359681324689525892368976,1,1001,1,1001,512.12,0,0
111903538,USA / MountP (US) 17th Nov,R1 6f Mdn Claim,18-11-2013 00:00,6051064,1. War Talk,0,7.2,1,7.47564384943828520099915096777368984484,1,1001,1,1001,1625.38,0,0
111903538,USA / MountP (US) 17th Nov,R1 6f Mdn Claim,18-11-2013 00:00,525051,4. Blown Away,0,3.9524629802780695,1,3.70386518947618732043520464051956354791,1,1001,1,1001,15391.38,0,0
111903538,USA / MountP (US) 17th Nov,R1 6f Mdn Claim,18-11-2013 00:00,6731642,7. Tough Grind,1,4.752954597787465,1,4.35612377944542636108133167212354764871,1,1001,1,1001,1380.52,0,0
111903538,USA / MountP (US) 17th Nov,R1 6f Mdn Claim,18-11-2013 00:00,8023896,2. Armed Conflict,0,54.954963571,1,40.570655848546315077755240027045300879,1,1001,1,1001,207.06,0,0
111903540,USA / MountP (US) 17th Nov,R2 1m Claim,18-11-2013 00:25,8023905,10. The Pack Is Back,0,100,1,75.0069721115537848605577689243027888446,1,1001,1,1001,40.16,0,0
111919020,USA / Parx (US) 18th Nov,R7 7f Claim,18-11-2013 20:07,8025988,8. Exchange Can Rate,0,,1,1,1,1001,1,1001,0,0,0
111919020,USA / Parx (US) 18th Nov,R7 7f Claim,18-11-2013 20:07,8025986,2X. Royal Affair,0,,1,1,1,1001,1,1001,0,0,0
111919025,USA / Parx (US) 18th Nov,R9 6f Mdn Claim,18-11-2013 21:01,5604100,4. Undiscovered,0,,1,1,1,1001,1,1001,0,0,0
111919025,USA / Parx (US) 18th Nov,R9 6f Mdn Claim,18-11-2013 21:01,6578627,8. T D Bob,0,,1,1,1,1001,1,1001,0,0,0
111919025,USA / Parx (US) 18th Nov,R9 6f Mdn Claim,18-11-2013 21:01,8025998,11. Brother Leo,1,,1,1,1,1001,1,1001,0,0,0
111919007,USA / Parx (US) 18th Nov,R1 1m Claim,18-11-2013 17:25,2274131,4. Little Miss,0,,1,1,1,1001,1,1001,0,0,0
111919017,USA / Parx (US) 18th Nov,R6 7f Claim,18-11-2013 19:40,8025985,11. Imperial Bluegrazz,0,,1,1,1,1001,1,1001,0,0,0
111919017,USA / Parx (US) 18th Nov,R6 7f Claim,18-11-2013 19:40,5905691,5. Sublime Twist,0,,1,1,1,1001,1,1001,0,0,0
111919017,USA / Parx (US) 18th Nov,R6 7f Claim,18-11-2013 19:40,6978349,1. Sabas Boy,0,,1,1,1,1001,1,1001,0,0,0
111919017,USA / Parx (US) 18th Nov,R6 7f Claim,18-11-2013 19:40,6636110,9. Cluck For Bucks,0,,1,1,1,1001,1,1001,0,0,0
111919022,USA / Parx (US) 18th Nov,R8 6f Allw,18-11-2013 20:34,4786931,6. Achilles Quest,0,,1,1,1,1001,1,1001,0,0,0
111848339,USA / ZiaP (US) 18th Nov,R11 5f Mdn,18-11-2013 23:35,8026108,9. Clyde A,0,9.200924615,1,1,1,1001,1,1001,0,0,0
111848339,USA / ZiaP (US) 18th Nov,R11 5f Mdn,18-11-2013 23:35,8026105,5. Synfully High,0,77.88853397360535,1,1,1,1001,1,1001,0,0,0
111848339,USA / ZiaP (US) 18th Nov,R11 5f Mdn,18-11-2013 23:35,8026107,8. Zippin Through,0,16.922321099385158,1,1,1,1001,1,1001,0,0,0
111848319,USA / ZiaP (US) 18th Nov,R1 3f Allw,18-11-2013 19:15,8026037,8. Jesse Lady,0,10.21927054723172,1,1,1,1001,1,1001,0,0,0
111848321,USA / ZiaP (US) 18th Nov,R2 1f Claim,18-11-2013 19:41,8026040,3. Jesse Jr,0,21.70641211,1,1,1,1001,1,1001,0,0,0
111848325,USA / ZiaP (US) 18th Nov,R4 1f Mdn Claim,18-11-2013 20:33,8026054,2. Dashin Fred B,0,14.831888646399602,1,1,1,1001,1,1001,0,0,0
111848327,USA / ZiaP (US) 18th Nov,R5 1m Claim,18-11-2013 20:59,6919031,6. Dont Ask Ghost,1,8.598783560511254,1,1,1,1001,1,1001,0,0,0
111848327,USA / ZiaP (US) 18th Nov,R5 1m Claim,18-11-2013 20:59,8026066,5. Spooky Night,0,12.5,1,1,1,1001,1,1001,0,0,0
111848329,USA / ZiaP (US) 18th Nov,R6 1m Allw,18-11-2013 21:25,7078454,4. Bo Jack,0,9.992386732641027,1,1,1,1001,1,1001,0,0,0
111848337,USA / ZiaP (US) 18th Nov,R10 5f Mdn Claim,18-11-2013 23:09,8026094,5. Untie The Wagon,1,9.489616039356113,1,1,1,1001,1,1001,0,0,0
111848337,USA / ZiaP (US) 18th Nov,R10 5f Mdn Claim,18-11-2013 23:09,8026096,7. Can Do This,0,37.566140533540455,1,1,1,1001,1,1001,0,0,0
111848337,USA / ZiaP (US) 18th Nov,R10 5f Mdn Claim,18-11-2013 23:09,8026097,9. Santiagos Pride,0,12.945711863,1,1,1,1001,1,1001,0,0,0
111848335,USA / ZiaP (US) 18th Nov,R9 5f Claim,18-11-2013 22:43,6172078,9. Dannys Prayer,0,3.95,1,1,1,1001,1,1001,0,0,0
111848323,USA / ZiaP (US) 18th Nov,R3 1f Claim,18-11-2013 20:07,6053955,1. Cadillac Cartel,0,11.418351977,1,1,1,1001,1,1001,0,0,0
111867173,USA / FingL (US) 18th Nov,R2 6f Claim,18-11-2013 17:42,3036795,1. Ty Wonder,0,4.918979184817001,1,1,1,1001,1,1001,0,0,0
111867183,USA / FingL (US) 18th Nov,R7 1m Claim,18-11-2013 19:57,7239523,5. Lost Badge,0,16.278843037169434,1,1,1,1001,1,1001,0,0,0
111867171,USA / FingL (US) 18th Nov,R1 6f Claim,18-11-2013 17:15,6869029,6. Apple Walk,0,7,1,1,1,1001,1,1001,0,0,0
111867171,USA / FingL (US) 18th Nov,R1 6f Claim,18-11-2013 17:15,8025922,3. Lazulite,0,7.4,1,1,1,1001,1,1001,0,0,0
111867175,USA / FingL (US) 18th Nov,R3 1m Claim,18-11-2013 18:09,6813577,5. Bulldog On A Bone,0,5.6,1,1,1,1001,1,1001,0,0,0
111867186,USA / FingL (US) 18th Nov,R8 1m Allw,18-11-2013 20:24,7747399,2. Chardsey,0,5.774940421322027,1,1,1,1001,1,1001,0,0,0
111867188,USA / FingL (US) 18th Nov,R9 6f Claim,18-11-2013 20:51,8025937,11. Wild Child,0,25.767695652,1,1,1,1001,1,1001,0,0,0
111867188,USA / FingL (US) 18th Nov,R9 6f Claim,18-11-2013 20:51,7239520,6. Beezie Star,0,88.59192596954645,1,1,1,1001,1,1001,0,0,0
111868013,USA / TPara (US) 18th Nov,R6 1m Claim,18-11-2013 21:54,7887326,3. Plenty Due,1,3,1,1,1,1001,1,1001,0,0,0
111868013,USA / TPara (US) 18th Nov,R6 1m Claim,18-11-2013 21:54,6983633,8. San Giuseppe,0,5.270650235,1,1,1,1001,1,1001,0,0,0
111867882,USA / TPara (US) 18th Nov,R1 1f Claim,18-11-2013 19:35,8026000,2. Ur Rose Creek,0,19.729217265560287,1,1,1,1001,1,1001,0,0,0
111867942,USA / TPara (US) 18th Nov,R3 1m Claim,18-11-2013 20:29,4366875,5. Quiet Advice,0,19,1,1,1,1001,1,1001,0,0,0
111867942,USA / TPara (US) 18th Nov,R3 1m Claim,18-11-2013 20:29,6131157,6. Mollys Risk,0,31.65841689684079,1,1,1,1001,1,1001,0,0,0
111867944,USA / TPara (US) 18th Nov,R4 6f Claim,18-11-2013 20:56,5444270,8. Littlemissgogo,0,7.2,1,1,1,1001,1,1001,0,0,0
111868017,USA / TPara (US) 18th Nov,R8 5f Claim,18-11-2013 22:56,7839210,3. Cats Boy Burn,0,150,1,1,1,1001,1,1001,0,0,0
111868084,USA / TPara (US) 18th Nov,R9 5f Claim,18-11-2013 23:27,7253322,5. Dee Storm,0,13,1,1,1,1001,1,1001,0,0,0
111903545,USA / MountP (US) 17th Nov,R4 5f Mdn Claim,18-11-2013 01:15,8023911,2. In Rennicks Honor,0,7.640275428227978,1,5.891546769283444112808985418791077104,1,1001,1,1001,2687.02,0,0
111903558,USA / MountP (US) 17th Nov,R10 5f Claim,18-11-2013 03:45,8023926,5. Assume Nothing,0,50,1,22.4664741738851459736926531921719602182,1,1001,1,1001,62.34,0,0
111903547,USA / MountP (US) 17th Nov,R5 6f Claim,18-11-2013 01:40,2341074,2. Taxicab,0,4.959288478,1,4.22017527568195008705745792222867092281,1,1001,1,1001,1895.3,0,0
111903547,USA / MountP (US) 17th Nov,R5 6f Claim,18-11-2013 01:40,3151680,4. Personal Good,0,50,1,34.5370749939715456956836267181094767302,1,1001,1,1001,165.88,0,0
111903549,USA / MountP (US) 17th Nov,R6 6f Claim,18-11-2013 02:05,5130205,7. Tomisue Got Even,0,16.48483211131709,1,13.3726188779630421357655218279416654791,1,1001,1,1001,421.02,0,0
111903554,USA / MountP (US) 17th Nov,R8 1m Claim,18-11-2013 02:55,526716,3. Heartless,0,8.6,1,7.58587536656891495601173020527859237537,1,1001,1,1001,272.8,0,0
111903554,USA / MountP (US) 17th Nov,R8 1m Claim,18-11-2013 02:55,8023920,8. Feud,0,12,1,9.36792650418888042650418888042650418888,1,1001,1,1001,210.08,0,0
111903538,USA / MountP (US) 17th Nov,R1 6f Mdn Claim,18-11-2013 00:00,8023897,5. Kiss My Stars,0,7.871776766505208,1,5.92471613052729149550232783500811055636,1,1001,1,1001,1898.76,0,0
111903538,USA / MountP (US) 17th Nov,R1 6f Mdn Claim,18-11-2013 00:00,8023900,9. Uptonow,0,19.873356125541022,1,14.2030480438620946008735247653563795186,1,1001,1,1001,215.22,0,0
111903540,USA / MountP (US) 17th Nov,R2 1m Claim,18-11-2013 00:25,5038711,4. Afleets Secret,0,19.309366288668237,1,19.8285782010946860319786234538637245184,1,1001,1,1001,464.06,0,0
111903540,USA / MountP (US) 17th Nov,R2 1m Claim,18-11-2013 00:25,8023902,2. Dont Meswit Goldie,0,5.4,1,4.70883272953606026269171228394963213585,1,1001,1,1001,2506.36,0,0
111919009,USA / Parx (US) 18th Nov,R2 5f Claim,18-11-2013 17:52,6631238,5. Vendor Financing,1,,1,1,1,1001,1,1001,0,0,0
111919009,USA / Parx (US) 18th Nov,R2 5f Claim,18-11-2013 17:52,7368725,9. Elite Honor,0,,1,1,1,1001,1,1001,0,0,0
111919009,USA / Parx (US) 18th Nov,R2 5f Claim,18-11-2013 17:52,7590352,7. Bugsky,0,,1,1,1,1001,1,1001,0,0,0
111919009,USA / Parx (US) 18th Nov,R2 5f Claim,18-11-2013 17:52,8025969,3. Hard Note,0,,1,1,1,1001,1,1001,0,0,0
111919009,USA / Parx (US) 18th Nov,R2 5f Claim,18-11-2013 17:52,8025970,6. Rachy Nicole,0,,1,1,1,1001,1,1001,0,0,0
111919011,USA / Parx (US) 18th Nov,R3 5f Mdn Claim,18-11-2013 18:19,8025973,5. Shrimp Coctail,0,,1,1,1,1001,1,1001,0,0,0
111919013,USA / Parx (US) 18th Nov,R4 5f Claim,18-11-2013 18:46,6942984,1. Casino Cat,0,,1,1,1,1001,1,1001,0,0,0
111919013,USA / Parx (US) 18th Nov,R4 5f Claim,18-11-2013 18:46,7533424,3. Artful Persuasion,0,,1,1,1,1001,1,1001,0,0,0
111919022,USA / Parx (US) 18th Nov,R8 6f Allw,18-11-2013 20:34,8025990,8. Tucked In Front,0,,1,1,1,1001,1,1001,0,0,0
111848331,USA / ZiaP (US) 18th Nov,R7 6f Claim,18-11-2013 21:51,8026074,4. Pecos Valley Wind,0,16.961234704160013,1,1,1,1001,1,1001,0,0,0
111848339,USA / ZiaP (US) 18th Nov,R11 5f Mdn,18-11-2013 23:35,2578909,6. Risk It All,0,71.95748839963343,1,1,1,1001,1,1001,0,0,0
111848339,USA / ZiaP (US) 18th Nov,R11 5f Mdn,18-11-2013 23:35,8026110,11. Windchaser,0,7.702974461556879,1,1,1,1001,1,1001,0,0,0
111848339,USA / ZiaP (US) 18th Nov,R11 5f Mdn,18-11-2013 23:35,8026104,4. Stylish Punch,0,67.832805301,1,1,1,1001,1,1001,0,0,0
111848321,USA / ZiaP (US) 18th Nov,R2 1f Claim,18-11-2013 19:41,6159412,8. Jess One Ace,0,16,1,1,1,1001,1,1001,0,0,0
111848321,USA / ZiaP (US) 18th Nov,R2 1f Claim,18-11-2013 19:41,8026042,7. Native Major Rime,0,10.624545157433023,1,1,1,1001,1,1001,0,0,0
111848325,USA / ZiaP (US) 18th Nov,R4 1f Mdn Claim,18-11-2013 20:33,8026060,8. Rave N Teller,0,2.898180571,1,1,1,1001,1,1001,0,0,0
111848327,USA / ZiaP (US) 18th Nov,R5 1m Claim,18-11-2013 20:59,6846955,1. One Foxy Private,0,24.923926797378805,1,1,1,1001,1,1001,0,0,0
111848329,USA / ZiaP (US) 18th Nov,R6 1m Allw,18-11-2013 21:25,8026069,3. Tulie Creek Crypt,0,12.913234975154046,1,1,1,1001,1,1001,0,0,0
111848337,USA / ZiaP (US) 18th Nov,R10 5f Mdn Claim,18-11-2013 23:09,8026100,12. Ocate,0,10.073300953,1,1,1,1001,1,1001,0,0,0
111848333,USA / ZiaP (US) 18th Nov,R8 6f Claim,18-11-2013 22:17,8026081,6. Celtic Drama,0,6.8,1,1,1,1001,1,1001,0,0,0
111848335,USA / ZiaP (US) 18th Nov,R9 5f Claim,18-11-2013 22:43,8026088,8. So Far So Fast,0,18.438460626,1,1,1,1001,1,1001,0,0,0
111848323,USA / ZiaP (US) 18th Nov,R3 1f Claim,18-11-2013 20:07,7186179,5. Streakin Bedarina Rf,0,27,1,1,1,1001,1,1001,0,0,0
111848323,USA / ZiaP (US) 18th Nov,R3 1f Claim,18-11-2013 20:07,7846756,2. Dancing Boldly,0,11.463219748521226,1,1,1,1001,1,1001,0,0,0
111867173,USA / FingL (US) 18th Nov,R2 6f Claim,18-11-2013 17:42,6149804,2. Black And White,0,21,1,1,1,1001,1,1001,0,0,0
111867183,USA / FingL (US) 18th Nov,R7 1m Claim,18-11-2013 19:57,4103520,3. Your Fantasy,0,10.803656114800837,1,1,1,1001,1,1001,0,0,0
111867171,USA / FingL (US) 18th Nov,R1 6f Claim,18-11-2013 17:15,6580087,1. Rainbow Express,0,16,1,1,1,1001,1,1001,0,0,0
111867171,USA / FingL (US) 18th Nov,R1 6f Claim,18-11-2013 17:15,8025923,7. Bonaventure Magic,0,9.370037800853314,1,1,1,1001,1,1001,0,0,0
111867171,USA / FingL (US) 18th Nov,R1 6f Claim,18-11-2013 17:15,6696090,2. Proud Shoppin Keri,0,71.52942246713559,1,1,1,1001,1,1001,0,0,0
111867175,USA / FingL (US) 18th Nov,R3 1m Claim,18-11-2013 18:09,5994706,6. Stage Debut,0,10.961101448106344,1,1,1,1001,1,1001,0,0,0
111867175,USA / FingL (US) 18th Nov,R3 1m Claim,18-11-2013 18:09,6546681,1. Snap Call,0,7.73173105319147,1,1,1,1001,1,1001,0,0,0
111867175,USA / FingL (US) 18th Nov,R3 1m Claim,18-11-2013 18:09,7230088,3. Jet Set Cat,0,8.39634449,1,1,1,1001,1,1001,0,0,0
111867175,USA / FingL (US) 18th Nov,R3 1m Claim,18-11-2013 18:09,8025924,1A. Always For You,0,19.89378548918524,1,1,1,1001,1,1001,0,0,0
111867179,USA / FingL (US) 18th Nov,R5 1m Claim,18-11-2013 19:03,8025929,8. Alpha Zumba,1,7.4,1,1,1,1001,1,1001,0,0,0
111867181,USA / FingL (US) 18th Nov,R6 5f Allw,18-11-2013 19:30,4335084,7. Idol Image,0,64.38964462251286,1,1,1,1001,1,1001,0,0,0
111868013,USA / TPara (US) 18th Nov,R6 1m Claim,18-11-2013 21:54,7154734,5. Magical Saturday,0,31.271733144,1,1,1,1001,1,1001,0,0,0
111867882,USA / TPara (US) 18th Nov,R1 1f Claim,18-11-2013 19:35,7248739,6. Pancho Pantera,1,5.140238106725738,1,1,1,1001,1,1001,0,0,0
111867882,USA / TPara (US) 18th Nov,R1 1f Claim,18-11-2013 19:35,8026003,8. Brown Bruiser,0,3.85,1,1,1,1001,1,1001,0,0,0
111867939,USA / TPara (US) 18th Nov,R2 5f Claim,18-11-2013 20:02,6813687,1. Naughtical (Gb),0,4.7500655708617945,1,1,1,1001,1,1001,0,0,0
111868011,USA / TPara (US) 18th Nov,R5 6f Mdn Claim,18-11-2013 21:23,6879173,2. Collective Concept,0,3.55,1,1,1,1001,1,1001,0,0,0
111868011,USA / TPara (US) 18th Nov,R5 6f Mdn Claim,18-11-2013 21:23,8026015,6. Wicked Good,0,4.387860471,1,1,1,1001,1,1001,0,0,0
111868084,USA / TPara (US) 18th Nov,R9 5f Claim,18-11-2013 23:27,8026031,9. Dixie Hawks,0,39.35527114529767,1,1,1,1001,1,1001,0,0,0
111903545,USA / MountP (US) 17th Nov,R4 5f Mdn Claim,18-11-2013 01:15,7665835,7. Uptown Diamond Dot,0,4.344618020335909,1,4.1130155064335202903332233586275156714,1,1001,1,1001,3334.1,0,0
111903545,USA / MountP (US) 17th Nov,R4 5f Mdn Claim,18-11-2013 01:15,7702455,6. Winterfell,0,119.43601930920758,1,59.0500528388894226150446728792391199923,1,1001,1,1001,208.18,0,0
111903545,USA / MountP (US) 17th Nov,R4 5f Mdn Claim,18-11-2013 01:15,8023913,8. Steelersoverravens,0,15.5,1,16.1279874711298130161040275888252602272,1,1001,1,1001,632.14,0,0
111903542,USA / MountP (US) 17th Nov,R3 1m Mdn,18-11-2013 00:50,7846570,5. Lord Unbridled,0,24,1,19.2679231242113437085449898081340796583,1,1001,1,1001,618.14,0,0
111903547,USA / MountP (US) 17th Nov,R5 6f Claim,18-11-2013 01:40,4912090,9. Justifier,0,12,1,9.69540537430231889061511019045975027332,1,1001,1,1001,695.16,0,0
111903547,USA / MountP (US) 17th Nov,R5 6f Claim,18-11-2013 01:40,5628555,6. Purely Amature,0,5.3,1,5.38128879528756017228274638966303521662,1,1001,1,1001,1263.04,0,0
111903552,USA / MountP (US) 17th Nov,R7 1m Claim,18-11-2013 02:30,5008741,2. Anna Mae Jones,1,6.840954968,1,5.98677065634360384662544448142374187672,1,1001,1,1001,2283.56,0,0
111903538,USA / MountP (US) 17th Nov,R1 6f Mdn Claim,18-11-2013 00:00,6679356,10. Ideologist,0,11.234004002439324,1,9.9203943764834763556691619499726127442,1,1001,1,1001,766.78,0,0
111903540,USA / MountP (US) 17th Nov,R2 1m Claim,18-11-2013 00:25,6909743,3. Canoe In A Slew,0,10.5,1,8.72911449940085120449568199661171025991,1,1001,1,1001,968.04,0,0
111903540,USA / MountP (US) 17th Nov,R2 1m Claim,18-11-2013 00:25,8023903,6. Giant Trust,0,8.439272724,1,7.59844755022631620741681886762487096006,1,1001,1,1001,1007.44,0,0
111903540,USA / MountP (US) 17th Nov,R2 1m Claim,18-11-2013 00:25,8023904,9. Anarchy,0,5.858964236572792,1,4.58420786820152905731352641019835948521,1,1001,1,1001,1148.42,0,0
111919009,USA / Parx (US) 18th Nov,R2 5f Claim,18-11-2013 17:52,7589268,4. Golden Heart City,0,,1,1,1,1001,1,1001,0,0,0
111919011,USA / Parx (US) 18th Nov,R3 5f Mdn Claim,18-11-2013 18:19,8025972,4. Avas Saphire,0,,1,1,1,1001,1,1001,0,0,0
111919011,USA / Parx (US) 18th Nov,R3 5f Mdn Claim,18-11-2013 18:19,8025971,1. Alittle Bit Ofluck,0,,1,1,1,1001,1,1001,0,0,0
111919011,USA / Parx (US) 18th Nov,R3 5f Mdn Claim,18-11-2013 18:19,7031674,6. Rich Chocolate,0,,1,1,1,1001,1,1001,0,0,0
111919020,USA / Parx (US) 18th Nov,R7 7f Claim,18-11-2013 20:07,5751655,2. Bruceandmike,1,,1,1,1,1001,1,1001,0,0,0
111919025,USA / Parx (US) 18th Nov,R9 6f Mdn Claim,18-11-2013 21:01,8025994,2. Rovin Man,0,,1,1,1,1001,1,1001,0,0,0
111919025,USA / Parx (US) 18th Nov,R9 6f Mdn Claim,18-11-2013 21:01,7186088,7. Troubadour Tango,0,,1,1,1,1001,1,1001,0,0,0
111919015,USA / Parx (US) 18th Nov,R5 6f Claim,18-11-2013 19:13,8025979,2. Money In Action,0,,1,1,1,1001,1,1001,0,0,0
111919015,USA / Parx (US) 18th Nov,R5 6f Claim,18-11-2013 19:13,7764831,4. Dover Point,0,,1,1,1,1001,1,1001,0,0,0
111919017,USA / Parx (US) 18th Nov,R6 7f Claim,18-11-2013 19:40,8025982,3. Rangitoto,0,,1,1,1,1001,1,1001,0,0,0
111848331,USA / ZiaP (US) 18th Nov,R7 6f Claim,18-11-2013 21:51,8026073,2. Gator Gulch,0,19,1,1,1,1001,1,1001,0,0,0
111848339,USA / ZiaP (US) 18th Nov,R11 5f Mdn,18-11-2013 23:35,8026109,10. Infinite Bull,1,4.5,1,1,1,1001,1,1001,0,0,0
111848327,USA / ZiaP (US) 18th Nov,R5 1m Claim,18-11-2013 20:59,6038522,3. Ima Wild Flower,0,27.51708144843345,1,1,1,1001,1,1001,0,0,0
111848333,USA / ZiaP (US) 18th Nov,R8 6f Claim,18-11-2013 22:17,6639468,2. Physical Gold,0,3.95,1,1,1,1001,1,1001,0,0,0
111848335,USA / ZiaP (US) 18th Nov,R9 5f Claim,18-11-2013 22:43,1462073,7. Pack Your Bags,1,13,1,1,1,1001,1,1001,0,0,0
111848335,USA / ZiaP (US) 18th Nov,R9 5f Claim,18-11-2013 22:43,8026089,10. Turning Tables,0,4.363746321194194,1,1,1,1001,1,1001,0,0,0
111848323,USA / ZiaP (US) 18th Nov,R3 1f Claim,18-11-2013 20:07,8026048,8. Iba Jp,0,2.7735449712067197,1,1,1,1001,1,1001,0,0,0
111867173,USA / FingL (US) 18th Nov,R2 6f Claim,18-11-2013 17:42,5774835,5. Speak Frankly,1,6.779336984716938,1,1,1,1001,1,1001,0,0,0
111867175,USA / FingL (US) 18th Nov,R3 1m Claim,18-11-2013 18:09,7167783,2. Winning Pal,1,2.82,1,1,1,1001,1,1001,0,0,0
111867179,USA / FingL (US) 18th Nov,R5 1m Claim,18-11-2013 19:03,949012,10. Vice Squad,0,24.513338812272714,1,1,1,1001,1,1001,0,0,0
111867179,USA / FingL (US) 18th Nov,R5 1m Claim,18-11-2013 19:03,6811072,6. Spectacular Act,0,63.10695438938217,1,1,1,1001,1,1001,0,0,0
111867177,USA / FingL (US) 18th Nov,R4 6f Claim,18-11-2013 18:36,8025925,1A. Romans Touch,0,3.1544755825771427,1,1,1,1001,1,1001,0,0,0
111867177,USA / FingL (US) 18th Nov,R4 6f Claim,18-11-2013 18:36,8025927,10. Outoftheclouds,0,32.028039639,1,1,1,1001,1,1001,0,0,0
111867177,USA / FingL (US) 18th Nov,R4 6f Claim,18-11-2013 18:36,7304821,7. Butler Cabin,0,13.458339598,1,1,1,1001,1,1001,0,0,0
111867181,USA / FingL (US) 18th Nov,R6 5f Allw,18-11-2013 19:30,6263290,5. Khan Of Khans,0,16.5,1,1,1,1001,1,1001,0,0,0
111867882,USA / TPara (US) 18th Nov,R1 1f Claim,18-11-2013 19:35,8025999,1. Coronas At Noon,0,3.783929176493257,1,1,1,1001,1,1001,0,0,0
111867882,USA / TPara (US) 18th Nov,R1 1f Claim,18-11-2013 19:35,8026002,4. The Big Truck,0,10,1,1,1,1001,1,1001,0,0,0
111867939,USA / TPara (US) 18th Nov,R2 5f Claim,18-11-2013 20:02,7764920,8. Dontknowthatsong,0,7,1,1,1,1001,1,1001,0,0,0
111868015,USA / TPara (US) 18th Nov,R7 7f Mdn,18-11-2013 22:25,8026025,6. Boomwacker,0,119.44462282141437,1,1,1,1001,1,1001,0,0,0
111867942,USA / TPara (US) 18th Nov,R3 1m Claim,18-11-2013 20:29,8026009,3. Society Rose,0,5.8,1,1,1,1001,1,1001,0,0,0
111868017,USA / TPara (US) 18th Nov,R8 5f Claim,18-11-2013 22:56,4292776,5. Jubilaem,0,19,1,1,1,1001,1,1001,0,0,0
111903558,USA / MountP (US) 17th Nov,R10 5f Claim,18-11-2013 03:45,8023925,4. Givinitmyall,0,14,1,9.40738495453292918159272526866905483604,1,1001,1,1001,290.32,0,0
111903558,USA / MountP (US) 17th Nov,R10 5f Claim,18-11-2013 03:45,8023927,6. Money Mo Money,0,65,1,29.4142814989672469755089997049277072883,1,1001,1,1001,67.78,0,0
111903542,USA / MountP (US) 17th Nov,R3 1m Mdn,18-11-2013 00:50,8023906,1. Catfive,1,3.7086411032601614,1,3.63980519105150586739117868084860396555,1,1001,1,1001,3805.78,0,0
111903556,USA / MountP (US) 17th Nov,R9 6f Allw,18-11-2013 03:20,8023922,1A. Truly Marie,0,6,1,4.86037557398396271674319786169556575971,1,1001,1,1001,291.82,0,0
111903549,USA / MountP (US) 17th Nov,R6 6f Claim,18-11-2013 02:05,7219766,9. Toes On The Curb,0,12,1,8.55821389441674306285356527961004404892,1,1001,1,1001,894.46,0,0
111903552,USA / MountP (US) 17th Nov,R7 1m Claim,18-11-2013 02:30,8023916,7. Tavernier Blue,0,4.602423568574157,1,3.47424482183058015693402474591775516629,1,1001,1,1001,3367.02,0,0
111903554,USA / MountP (US) 17th Nov,R8 1m Claim,18-11-2013 02:55,6604561,1. What Outa Who,0,2.561284110263805,1,2.53592933740869294928249494897166243589,1,1001,1,1001,3860.6,0,0
111919013,USA / Parx (US) 18th Nov,R4 5f Claim,18-11-2013 18:46,8025975,5. Lady Nitro,1,,1,1,1,1001,1,1001,0,0,0
111919013,USA / Parx (US) 18th Nov,R4 5f Claim,18-11-2013 18:46,8025977,9. Rising Ember,0,,1,1,1,1001,1,1001,0,0,0
111919020,USA / Parx (US) 18th Nov,R7 7f Claim,18-11-2013 20:07,8025987,3C. Dapper Devil,0,,1,1,1,1001,1,1001,0,0,0
111919025,USA / Parx (US) 18th Nov,R9 6f Mdn Claim,18-11-2013 21:01,8025995,3. Bobrovsky,0,,1,1,1,1001,1,1001,0,0,0
111919025,USA / Parx (US) 18th Nov,R9 6f Mdn Claim,18-11-2013 21:01,7050598,5. Elusive Tiger T,0,,1,1,1,1001,1,1001,0,0,0
111919025,USA / Parx (US) 18th Nov,R9 6f Mdn Claim,18-11-2013 21:01,7296614,6. Textbook Blues,0,,1,1,1,1001,1,1001,0,0,0
111919007,USA / Parx (US) 18th Nov,R1 1m Claim,18-11-2013 17:25,5810663,1. Becky Belle,0,,1,1,1,1001,1,1001,0,0,0
111919017,USA / Parx (US) 18th Nov,R6 7f Claim,18-11-2013 19:40,7216400,6. Prohibition,1,,1,1,1,1001,1,1001,0,0,0
111919017,USA / Parx (US) 18th Nov,R6 7f Claim,18-11-2013 19:40,8025984,10. Handsup Moneydown,0,,1,1,1,1001,1,1001,0,0,0
111848331,USA / ZiaP (US) 18th Nov,R7 6f Claim,18-11-2013 21:51,8026076,7. Penny Ante Cat,0,9.267805950822659,1,1,1,1001,1,1001,0,0,0
111848339,USA / ZiaP (US) 18th Nov,R11 5f Mdn,18-11-2013 23:35,8026103,3. Dans Pot Of Gold,0,4.759354706191224,1,1,1,1001,1,1001,0,0,0
111848319,USA / ZiaP (US) 18th Nov,R1 3f Allw,18-11-2013 19:15,8026033,3. Famous Flying Eagle,0,10.11259109,1,1,1,1001,1,1001,0,0,0
111848319,USA / ZiaP (US) 18th Nov,R1 3f Allw,18-11-2013 19:15,8026034,5. Heavenly Six,0,8.847740218896941,1,1,1,1001,1,1001,0,0,0
111848319,USA / ZiaP (US) 18th Nov,R1 3f Allw,18-11-2013 19:15,8026036,7. Msg Mite B Streakin,1,4.260784108883527,1,1,1,1001,1,1001,0,0,0
111848319,USA / ZiaP (US) 18th Nov,R1 3f Allw,18-11-2013 19:15,6934397,2. Bandofire,0,6.356808768154588,1,1,1,1001,1,1001,0,0,0
111848325,USA / ZiaP (US) 18th Nov,R4 1f Mdn Claim,18-11-2013 20:33,8026053,1. Rgr Chicsluvme,0,55,1,1,1,1001,1,1001,0,0,0
111848325,USA / ZiaP (US) 18th Nov,R4 1f Mdn Claim,18-11-2013 20:33,8026058,6. Too Much Dash,0,17.5,1,1,1,1001,1,1001,0,0,0
111848329,USA / ZiaP (US) 18th Nov,R6 1m Allw,18-11-2013 21:25,7663372,5. Monkeywithamusket,1,3.1,1,1,1,1001,1,1001,0,0,0
111848337,USA / ZiaP (US) 18th Nov,R10 5f Mdn Claim,18-11-2013 23:09,7732189,8. My Concho,0,29,1,1,1,1001,1,1001,0,0,0
111848333,USA / ZiaP (US) 18th Nov,R8 6f Claim,18-11-2013 22:17,8026078,3. Big Hands Al,0,13.011405616828398,1,1,1,1001,1,1001,0,0,0
111848335,USA / ZiaP (US) 18th Nov,R9 5f Claim,18-11-2013 22:43,8026091,12. Follow Through,0,75.28025130761557,1,1,1,1001,1,1001,0,0,0
111867183,USA / FingL (US) 18th Nov,R7 1m Claim,18-11-2013 19:57,4481453,6. Sweet Argument,0,17.582958300757753,1,1,1,1001,1,1001,0,0,0
111867186,USA / FingL (US) 18th Nov,R8 1m Allw,18-11-2013 20:24,7412885,1. Beckers Galaxy,1,2.78,1,1,1,1001,1,1001,0,0,0
111867186,USA / FingL (US) 18th Nov,R8 1m Allw,18-11-2013 20:24,195008,5. Copywriter,0,13.944669955,1,1,1,1001,1,1001,0,0,0
111867177,USA / FingL (US) 18th Nov,R4 6f Claim,18-11-2013 18:36,8025926,9. Thundering Roar,0,56.65840542311547,1,1,1,1001,1,1001,0,0,0
111867181,USA / FingL (US) 18th Nov,R6 5f Allw,18-11-2013 19:30,3430560,2. William Thomas,0,1.67,1,1,1,1001,1,1001,0,0,0
111867882,USA / TPara (US) 18th Nov,R1 1f Claim,18-11-2013 19:35,6828498,7. Mortons,0,10.285027774760968,1,1,1,1001,1,1001,0,0,0
111868015,USA / TPara (US) 18th Nov,R7 7f Mdn,18-11-2013 22:25,8026022,3. Slew Dee Slew,0,34,1,1,1,1001,1,1001,0,0,0
111867942,USA / TPara (US) 18th Nov,R3 1m Claim,18-11-2013 20:29,7136262,4. Jordans Sorority,0,6.965532481366825,1,1,1,1001,1,1001,0,0,0
111867944,USA / TPara (US) 18th Nov,R4 6f Claim,18-11-2013 20:56,6048421,3. Barilla,0,16.955107803,1,1,1,1001,1,1001,0,0,0
111868017,USA / TPara (US) 18th Nov,R8 5f Claim,18-11-2013 22:56,3609987,10. Sedona Slick,0,60.05496176954475,1,1,1,1001,1,1001,0,0,0
111868017,USA / TPara (US) 18th Nov,R8 5f Claim,18-11-2013 22:56,3658804,4. Giants Win,0,85,1,1,1,1001,1,1001,0,0,0
111868084,USA / TPara (US) 18th Nov,R9 5f Claim,18-11-2013 23:27,3715204,3. Meet Anzi,0,85,1,1,1,1001,1,1001,0,0,0
111903556,USA / MountP (US) 17th Nov,R9 6f Allw,18-11-2013 03:20,3505165,5. Regal Melody,0,22.769958613235506,1,18.8515515515515515515515515515515515516,1,1001,1,1001,99.9,0,0
111903556,USA / MountP (US) 17th Nov,R9 6f Allw,18-11-2013 03:20,8023923,2. In A Jif,0,5,1,4.28024135619193563834881716310698208984,1,1001,1,1001,1044.1,0,0
111903549,USA / MountP (US) 17th Nov,R6 6f Claim,18-11-2013 02:05,5790357,2. Amazing Light,1,2.7299409777310215,1,2.81516944316506333660661782810331992156,1,1001,1,1001,6904.38,0,0
111903549,USA / MountP (US) 17th Nov,R6 6f Claim,18-11-2013 02:05,3927839,6. Helens Trollie,0,19.906918214426845,1,12.4927543786488740617180984153461217681,1,1001,1,1001,191.84,0,0
111903549,USA / MountP (US) 17th Nov,R6 6f Claim,18-11-2013 02:05,4872141,10. Puzzle Dream,0,57.641528926650075,1,47.4582131223825034899953466728711028385,1,1001,1,1001,429.8,0,0
111903552,USA / MountP (US) 17th Nov,R7 1m Claim,18-11-2013 02:30,5285080,3. Book Value,0,9.8,1,7.26289621748092028299259094200880173806,1,1001,1,1001,718.04,0,0
111903554,USA / MountP (US) 17th Nov,R8 1m Claim,18-11-2013 02:55,6875093,2. Stormy Voyage,0,14,1,13.0011024062674874090654728595411303861,1,1001,1,1001,107.22,0,0
111903554,USA / MountP (US) 17th Nov,R8 1m Claim,18-11-2013 02:55,8023918,5. Corydonmaria,0,23,1,20.1057339955849889624724061810154525386,1,1001,1,1001,72.48,0,0
111903538,USA / MountP (US) 17th Nov,R1 6f Mdn Claim,18-11-2013 00:00,8023898,6. Zoom On,0,20,1,14.7952368541082947807389066267022870919,1,1001,1,1001,306.94,0,0
111919011,USA / Parx (US) 18th Nov,R3 5f Mdn Claim,18-11-2013 18:19,6021128,3. Wicked Lady,1,,1,1,1,1001,1,1001,0,0,0
111919020,USA / Parx (US) 18th Nov,R7 7f Claim,18-11-2013 20:07,5708081,7. Disco Rhythm,0,,1,1,1,1001,1,1001,0,0,0
111919025,USA / Parx (US) 18th Nov,R9 6f Mdn Claim,18-11-2013 21:01,8025997,10. Hazelnut Expresso,0,,1,1,1,1001,1,1001,0,0,0
111919007,USA / Parx (US) 18th Nov,R1 1m Claim,18-11-2013 17:25,7695215,3. Perfectly Lovely,0,,1,1,1,1001,1,1001,0,0,0
111919007,USA / Parx (US) 18th Nov,R1 1m Claim,18-11-2013 17:25,8025968,1A. Silent Indian,0,,1,1,1,1001,1,1001,0,0,0
111919007,USA / Parx (US) 18th Nov,R1 1m Claim,18-11-2013 17:25,6791874,7. Take Me Away Today,0,,1,1,1,1001,1,1001,0,0,0
111919007,USA / Parx (US) 18th Nov,R1 1m Claim,18-11-2013 17:25,7279779,6. Bird Fu,0,,1,1,1,1001,1,1001,0,0,0
111919022,USA / Parx (US) 18th Nov,R8 6f Allw,18-11-2013 20:34,7031779,5. Royal Daddy,0,,1,1,1,1001,1,1001,0,0,0
111919022,USA / Parx (US) 18th Nov,R8 6f Allw,18-11-2013 20:34,7141489,7. Desire To Acquire,0,,1,1,1,1001,1,1001,0,0,0
111919022,USA / Parx (US) 18th Nov,R8 6f Allw,18-11-2013 20:34,8025991,9. Domissme,1,,1,1,1,1001,1,1001,0,0,0
111919022,USA / Parx (US) 18th Nov,R8 6f Allw,18-11-2013 20:34,8025989,2. Chicanery,0,,1,1,1,1001,1,1001,0,0,0
111848319,USA / ZiaP (US) 18th Nov,R1 3f Allw,18-11-2013 19:15,8026035,6. Rbig Slick,0,15.234339722,1,1,1,1001,1,1001,0,0,0
111848321,USA / ZiaP (US) 18th Nov,R2 1f Claim,18-11-2013 19:41,5957788,9. Fearless Freddy,0,14,1,1,1,1001,1,1001,0,0,0
111848321,USA / ZiaP (US) 18th Nov,R2 1f Claim,18-11-2013 19:41,8026043,10. A Royal Debt,0,7.5728778082621275,1,1,1,1001,1,1001,0,0,0
111848325,USA / ZiaP (US) 18th Nov,R4 1f Mdn Claim,18-11-2013 20:33,8026057,5. Kiaras Rainbow,0,23,1,1,1,1001,1,1001,0,0,0
111848329,USA / ZiaP (US) 18th Nov,R6 1m Allw,18-11-2013 21:25,7087208,2. Vic Tories,0,3.25,1,1,1,1001,1,1001,0,0,0
111848337,USA / ZiaP (US) 18th Nov,R10 5f Mdn Claim,18-11-2013 23:09,8026092,3. Chill It,0,5.804573376,1,1,1,1001,1,1001,0,0,0
111848337,USA / ZiaP (US) 18th Nov,R10 5f Mdn Claim,18-11-2013 23:09,8026099,11. Payinmyway,0,130.3311592691003,1,1,1,1001,1,1001,0,0,0
111848333,USA / ZiaP (US) 18th Nov,R8 6f Claim,18-11-2013 22:17,8026082,8. Another Atticus,0,3.95,1,1,1,1001,1,1001,0,0,0
111848335,USA / ZiaP (US) 18th Nov,R9 5f Claim,18-11-2013 22:43,8026090,11. Thrice The Vice,0,115.810097702,1,1,1,1001,1,1001,0,0,0
111848335,USA / ZiaP (US) 18th Nov,R9 5f Claim,18-11-2013 22:43,8026085,3. Jennas Ruler,0,44,1,1,1,1001,1,1001,0,0,0
111867173,USA / FingL (US) 18th Nov,R2 6f Claim,18-11-2013 17:42,4764634,3. Aprilmayjune,0,4.241551676570669,1,1,1,1001,1,1001,0,0,0
111867175,USA / FingL (US) 18th Nov,R3 1m Claim,18-11-2013 18:09,7641841,4. Portland Point,0,7.169271351,1,1,1,1001,1,1001,0,0,0
111867179,USA / FingL (US) 18th Nov,R5 1m Claim,18-11-2013 19:03,8025930,9. Runningforthemoney,0,5.4,1,1,1,1001,1,1001,0,0,0
111867179,USA / FingL (US) 18th Nov,R5 1m Claim,18-11-2013 19:03,6857002,4. A. M. Mayhem,0,5.614254595439416,1,1,1,1001,1,1001,0,0,0
111867186,USA / FingL (US) 18th Nov,R8 1m Allw,18-11-2013 20:24,7747398,1A. Shimmy Coco Puff,0,6.4,1,1,1,1001,1,1001,0,0,0
111867177,USA / FingL (US) 18th Nov,R4 6f Claim,18-11-2013 18:36,5998045,5. Zippys Tiger,0,154.4279966834933,1,1,1,1001,1,1001,0,0,0
111867181,USA / FingL (US) 18th Nov,R6 5f Allw,18-11-2013 19:30,5589856,3. Check The Cites,0,117.184672476,1,1,1,1001,1,1001,0,0,0
111867188,USA / FingL (US) 18th Nov,R9 6f Claim,18-11-2013 20:51,6692891,5. Lori Corleone,0,29,1,1,1,1001,1,1001,0,0,0
111868013,USA / TPara (US) 18th Nov,R6 1m Claim,18-11-2013 21:54,6212212,6. Rons Alibi,0,25.012638033798428,1,1,1,1001,1,1001,0,0,0
111867939,USA / TPara (US) 18th Nov,R2 5f Claim,18-11-2013 20:02,8026005,3. Babs N Marty,0,7.3492886962741615,1,1,1,1001,1,1001,0,0,0
111868015,USA / TPara (US) 18th Nov,R7 7f Mdn,18-11-2013 22:25,8026020,1. Proud Chrome,0,9.2,1,1,1,1001,1,1001,0,0,0
111868011,USA / TPara (US) 18th Nov,R5 6f Mdn Claim,18-11-2013 21:23,8026016,7. Majestic Lombardia,0,50,1,1,1,1001,1,1001,0,0,0
111868011,USA / TPara (US) 18th Nov,R5 6f Mdn Claim,18-11-2013 21:23,8026011,1A. Tribal Dancer,0,6.6,1,1,1,1001,1,1001,0,0,0
111867942,USA / TPara (US) 18th Nov,R3 1m Claim,18-11-2013 20:29,7013741,1. Golondrina,0,28.398573907166718,1,1,1,1001,1,1001,0,0,0
111867944,USA / TPara (US) 18th Nov,R4 6f Claim,18-11-2013 20:56,6101347,7. Shes A Sweetie,0,4.4,1,1,1,1001,1,1001,0,0,0
111868017,USA / TPara (US) 18th Nov,R8 5f Claim,18-11-2013 22:56,7136258,2. Shorty Small,0,3.45,1,1,1,1001,1,1001,0,0,0
111868084,USA / TPara (US) 18th Nov,R9 5f Claim,18-11-2013 23:27,7217259,4. Aintnomisbehavin,0,4.566029962594694,1,1,1,1001,1,1001,0,0,0
111903545,USA / MountP (US) 17th Nov,R4 5f Mdn Claim,18-11-2013 01:15,7663216,5. Sweetz Girl,0,18.170943618388847,1,16.154594536804404768268562570160902336,1,1001,1,1001,374.14,0,0
111903558,USA / MountP (US) 17th Nov,R10 5f Claim,18-11-2013 03:45,8023929,8. Pajamaparty,1,8,1,6.42161707557566266457862072965605243315,1,1001,1,1001,1034.46,0,0
111903558,USA / MountP (US) 17th Nov,R10 5f Claim,18-11-2013 03:45,6420180,1. Whistlin Sarah,0,2.6,1,2.14489377895602515183556297919507996588,1,1001,1,1001,3915.42,0,0
111903558,USA / MountP (US) 17th Nov,R10 5f Claim,18-11-2013 03:45,7421147,10. Step Up N Dance,0,9.63404585,1,9.06685894074462506554798112218143681175,1,1001,1,1001,305.12,0,0
111903547,USA / MountP (US) 17th Nov,R5 6f Claim,18-11-2013 01:40,8023914,8. Dylan Dangerous,0,5.394517339754383,1,5.77409365558912386706948640483383685801,1,1001,1,1001,900.32,0,0
111903547,USA / MountP (US) 17th Nov,R5 6f Claim,18-11-2013 01:40,5727960,1. Robbs Holme,1,14.5,1,13.3096828932018241595079011560080602397,1,1001,1,1001,754.32,0,0
111903556,USA / MountP (US) 17th Nov,R9 6f Allw,18-11-2013 03:20,7550956,4. Lead Me Not,0,4.082192555668296,1,3.81569014151845477146681965959074392809,1,1001,1,1001,836.64,0,0
111903549,USA / MountP (US) 17th Nov,R6 6f Claim,18-11-2013 02:05,1501755,1. Cow Town Kid,0,12.57979309575428,1,10.3063141867685693814186768569381418677,1,1001,1,1001,669.92,0,0
111903549,USA / MountP (US) 17th Nov,R6 6f Claim,18-11-2013 02:05,6889740,3. Jenny Redi Made,0,7,1,6.20049076371657016818307140887786049076,1,1001,1,1001,725.4,0,0
111903549,USA / MountP (US) 17th Nov,R6 6f Claim,18-11-2013 02:05,5455457,4. Wanaday,0,8.2,1,8.79429636147197350033642151027379535221,1,1001,1,1001,386.42,0,0
111903549,USA / MountP (US) 17th Nov,R6 6f Claim,18-11-2013 02:05,5525974,5. Flower Girl,0,13,1,13.9828172978505629477993858751279426817,1,1001,1,1001,781.6,0,0
111903554,USA / MountP (US) 17th Nov,R8 1m Claim,18-11-2013 02:55,7318217,7. Free Song,0,8.195787341352158,1,4.88232958556014923868105273772310174448,1,1001,1,1001,793.36,0,0
111903540,USA / MountP (US) 17th Nov,R2 1m Claim,18-11-2013 00:25,7147855,7. Not Any Price,0,21,1,20.4796131366546061786807681603117172279,1,1001,1,1001,431.16,0,0
111919020,USA / Parx (US) 18th Nov,R7 7f Claim,18-11-2013 20:07,5254873,3. Forest Meadow,0,,1,1,1,1001,1,1001,0,0,0
111919007,USA / Parx (US) 18th Nov,R1 1m Claim,18-11-2013 17:25,6782923,2. Ebbycalvin Laloosh,1,,1,1,1,1001,1,1001,0,0,0
111919015,USA / Parx (US) 18th Nov,R5 6f Claim,18-11-2013 19:13,8025981,9. Show Ya Luv,0,,1,1,1,1001,1,1001,0,0,0
111919015,USA / Parx (US) 18th Nov,R5 6f Claim,18-11-2013 19:13,6670084,8. Whistle Included,0,,1,1,1,1001,1,1001,0,0,0
111919015,USA / Parx (US) 18th Nov,R5 6f Claim,18-11-2013 19:13,7647208,3. Proud Trick,0,,1,1,1,1001,1,1001,0,0,0
111919017,USA / Parx (US) 18th Nov,R6 7f Claim,18-11-2013 19:40,6827489,2. Quality Harbor,0,,1,1,1,1001,1,1001,0,0,0
