EVENT_ID,MENU_HINT,EVENT_NAME,EVENT_DT,SELECTION_ID,SELECTION_NAME,WIN_LOSE,BSP,PPWAP,MORNINGWAP,PPMAX,PPMIN,IPMAX,IPMIN,MORNINGTRADEDVOL,PPTRADEDVOL,IPTRADEDVOL
100735475,GB / Kemp 17th Aug,TO BE PLACED,17-08-2009 14:30,3317700,Beautiful Filly,1,3.6,3.37610896789718441360089514612856419734,3.78239165182763903269061001653407112978,4.3,3.25,1,1001,123.36,7171.57,987.42
100735475,GB / Kemp 17th Aug,TO BE PLACED,17-08-2009 14:30,3036434,Calahonda,0,3.75,3.25057099948609547314973581315828425739,3.22187007741207738991305068278693268738,3.9,3.15,1,1001,158.2,6012.79,0
100735475,GB / Kemp 17th Aug,TO BE PLACED,17-08-2009 14:30,3129042,Russian Rave,0,2.4772496924349987,2.57346522556486644832292314695424231765,3.2328368200739553246805646900920121557,3.52,2.46,1,1001,278.06,11452.98,113.56
100735475,GB / Kemp 17th Aug,TO BE PLACED,17-08-2009 14:30,3176419,Respite,1,3.450595255,2.7414942895837239947743156280622496501,2.17325881413216402124307797719777933593,3.45,2.09,4.3,1.03,617.92,12304.42,2492.18
100735475,GB / Kemp 17th Aug,TO BE PLACED,17-08-2009 14:30,3335427,Allexes,0,18,13.607978917823640673028311417461573058,6.25141796959712237452622167574110009766,18.5,15.5,1,1001,16.9,1537.42,44.24
100735475,GB / Kemp 17th Aug,TO BE PLACED,17-08-2009 14:30,3394553,Sarasota Sunshine,1,1.4412921572259778,1.50948600602956579235620779588973018844,1.65953876956896104503904410723711899148,1.74,1.42,1.11,1.01,2046.6,79191.61,4024.06
100735475,GB / Kemp 17th Aug,TO BE PLACED,17-08-2009 14:30,3394815,Rafta,0,2.4321132072294134,2.14722288983534015391399042537196694481,2.22688325976005931874313860418414625647,2.5,2.02,1000,2.44,1204.4,31103.31,228.44
100735475,GB / Kemp 17th Aug,TO BE PLACED,17-08-2009 14:30,3699112,Super Academy,0,4.2,4.01722150595193103810981774812123799253,2.7008951037300199450606101781945384265,5,4,3.7,3.65,291.44,7351.03,438.5
100735475,GB / Kemp 17th Aug,TO BE PLACED,17-08-2009 14:30,3823503,Steel Free,0,2.76,2.53085908349120521968669864804644020447,2.5350756603275047906027395667858521284,2.78,2.52,3,3,676.46,10680.18,231.46
100735477,GB / Kemp 17th Aug,TO BE PLACED,17-08-2009 15:00,715422,Point To Prove,1,9.82503216128098,8.3441676929705161943528596275123137977,10.6509532323451544180159891668741034837,12,9.4,1.01,1.01,32.92,1952.94,2369.2
100735477,GB / Kemp 17th Aug,TO BE PLACED,17-08-2009 15:00,4029900,Royal Box,0,3.8,3.61618952250732795264833801098965938147,2.3181890519849890313605518448891798203,4.4,3.35,1,1001,78.02,6014.74,24.52
100735477,GB / Kemp 17th Aug,TO BE PLACED,17-08-2009 15:00,3847844,Tuckers Law,0,6.8,6.07274712954768505722640734380870092779,7.656004039053819000837188619478909616,8.2,6.8,7,7,23.92,3209.83,108
100735477,GB / Kemp 17th Aug,TO BE PLACED,17-08-2009 15:00,3847879,Ejaab,0,1.9771514723087333,1.76582418160470604478336295180476004782,1.68390813389378058710061171527260532417,2.02,1.62,1,1001,995.9,27646.69,555.86
100735477,GB / Kemp 17th Aug,TO BE PLACED,17-08-2009 15:00,4006867,Seeking Dubai,1,1.6,1.640556280051250824530926576306142638,2.05365065241461202306440493414888277458,2.24,1.59,1.12,1.01,703.18,26459.45,3811.6
100735477,GB / Kemp 17th Aug,TO BE PLACED,17-08-2009 15:00,4020170,Deloria,0,2.64,2.45919933546680344658238378159502512859,2.52781150044393795286511016363691590352,2.84,2.5,2.56,2.56,242.86,7847,217.42
100735479,GB / Kemp 17th Aug,TO BE PLACED,17-08-2009 15:30,3032910,Agente Parmigiano,0,5.350572963260712,4.4437013939278379482145983495304626179,4.02623131388145564170802896969725324946,5.5,3.7,4,4,247.68,7859.41,160
100735479,GB / Kemp 17th Aug,TO BE PLACED,17-08-2009 15:30,3082990,Khor Dubai,1,1.6945666755700217,1.54214563111332827570267255155042403434,1.48291316478136183792897237885895723984,1.73,1.4,1.52,1.01,1582.86,39684.88,4927.32
100735479,GB / Kemp 17th Aug,TO BE PLACED,17-08-2009 15:30,3212645,Feeling Fab,1,3.7,3.75226605670088125526656060399425795319,3.27663473727646255100850545423200044375,4.5,3.45,2.4,1.55,182.68,6542.46,1152.3
100735479,GB / Kemp 17th Aug,TO BE PLACED,17-08-2009 15:30,3251795,Mishrif,0,4.959932824,3.96071596533347376667394966430785214543,2.73905410456175929474443372892060380139,6.4,2.8,1,1001,412.66,5701.59,65.38
100735479,GB / Kemp 17th Aug,TO BE PLACED,17-08-2009 15:30,3339035,Macs Power,0,1.6864725496623212,1.74341226130800592451616757405468135255,2.22529276014324736501274583481140005379,2.2,1.64,1.66,1.65,104.34,35552.89,1450.68
100735479,GB / Kemp 17th Aug,TO BE PLACED,17-08-2009 15:30,3344464,Son Of The Cat,0,2.62,2.57995480593214473032418281560658914567,2.61523835393059679882274235623387366077,3.2,2.36,4.7,4.7,133.1,22105.51,236.66
100735479,GB / Kemp 17th Aug,TO BE PLACED,17-08-2009 15:30,4034888,Penitent,1,1.253410632,1.28364041595570949895698678933791466852,1.3408641753460507799835950077479997554,1.45,1.24,1.35,1.01,1875.94,62160.41,4979.32
100735481,GB / Kemp 17th Aug,TO BE PLACED,17-08-2009 16:00,3448943,Moonbeam Dancer,0,1.2955067063645358,1.2763133529762492600837635394172149602,1.35750470563305354076872719881196377237,1.34,1.24,2.02,1.1,264.2,44701.83,7161.48
100735481,GB / Kemp 17th Aug,TO BE PLACED,17-08-2009 16:00,3455627,Beauchamp Xenia,1,2.646645128,2.63904051685814032271652553855021480498,2.51868472062900371826765904232554622466,3.1,2.44,3.05,1.08,203.88,15153.77,2538.8
100735481,GB / Kemp 17th Aug,TO BE PLACED,17-08-2009 16:00,3531417,Opera Wings,0,2.609900854710886,2.53443690180751082640474405217352497731,2.94307800595562982155817387166487442028,2.8,2.34,1,1001,77.58,12620.08,420.96
100735481,GB / Kemp 17th Aug,TO BE PLACED,17-08-2009 16:00,3766001,Sana Abel,1,2.907441858709717,2.87559880255382480276293716680694817116,2.38747868555263682027507789015584271433,3.2,2.7,2.42,1.01,82.24,15057.34,5210.9
100735481,GB / Kemp 17th Aug,TO BE PLACED,17-08-2009 16:00,3817240,Princess Aliuska,0,10,11.0380247829591914698363463789921964512,19.4995676731467688526844209619014338252,29,10,1,1001,1.84,1606.74,12
100735481,GB / Kemp 17th Aug,TO BE PLACED,17-08-2009 16:00,3965651,Brief Look,1,1.083256585111821,1.095738812918809922521500639349447535,1.1369359795682573160943131283432335147,1.14,1.08,1.08,1.01,2759.52,108660.1,7247.48
100735481,GB / Kemp 17th Aug,TO BE PLACED,17-08-2009 16:00,4060056,Ingenue,0,19,16.8565483082464942750546764441013765599,7.88237398462633811244193496948581534362,22,13,1,1001,10,932.76,0
100735481,GB / Kemp 17th Aug,TO BE PLACED,17-08-2009 16:00,4087676,Katya Kabanova,0,9.239278767150825,8.02376081134828178292649222597289250393,7.10732801769598459793933142317450205182,9.8,8.6,1,1001,54,1984.61,14
100735483,GB / Kemp 17th Aug,TO BE PLACED,17-08-2009 16:30,1507989,Alnwick,1,1.9920901614539797,1.97263432606512967840974364319107868647,1.96995287375187326229106400631065825548,2.1,1.76,5,1.04,299.82,22620.16,5065.44
100735483,GB / Kemp 17th Aug,TO BE PLACED,17-08-2009 16:30,2019316,Actodos,0,7.103281827605533,6.75165477006684078221890396157158249922,3.47139111071757796266232491689013511147,7.6,5.9,1,1001,12.1,2887.66,150.64
100735483,GB / Kemp 17th Aug,TO BE PLACED,17-08-2009 16:30,2378608,Haarth Sovereign,0,2.6563548817878475,2.52417998178685977410733739100114422123,2.00889842444093708529563398148627058885,2.66,2.34,2.68,2.34,72.34,10720.82,629.02
100735483,GB / Kemp 17th Aug,TO BE PLACED,17-08-2009 16:30,2567194,Sufad,0,13.487572308406234,9.16307397250877757292121291494188939561,7.39992442300304493891655048294655816879,10.5,7.8,1,1001,3.98,1691.5,52.54
100735483,GB / Kemp 17th Aug,TO BE PLACED,17-08-2009 16:30,2617132,Black Or Red,0,1.745510163606077,1.67779974000494070463171442354401985627,1.95297171770735298994386987908372330559,1.95,1.59,1.67,1.06,305.96,52637.86,4829.48
100735483,GB / Kemp 17th Aug,TO BE PLACED,17-08-2009 16:30,2705893,Relative Strength,0,1.6331464861913076,1.70198585731811769678218619750088873175,1.96421357515834503206537996386093856248,2.02,1.6,1.57,1.53,211.24,27920.86,2589.2
100735483,GB / Kemp 17th Aug,TO BE PLACED,17-08-2009 16:30,3236804,Eighteenfifty,1,4.08253542137274,3.92367899842620165207901333408784698433,2.87075615691958940438825266562382026489,4.3,3.75,3,1.01,53.46,6885,3830.62
100735483,GB / Kemp 17th Aug,TO BE PLACED,17-08-2009 16:30,3379898,Warrior Conquest,1,2.212191918192074,2.34207184785504918784252339258289314378,2.54408433475110282353960346707492707807,2.58,2.06,2.16,1.01,398.16,16908.4,4736.1
100735485,GB / Kemp 17th Aug,TO BE PLACED,17-08-2009 17:00,405766,Prince Of Thebes,0,2.24,2.52980991904688372133716512307714752044,2.77450976092990244765319601734524513368,3.25,2.22,8,2.2,116.94,21661.78,673.88
100735485,GB / Kemp 17th Aug,TO BE PLACED,17-08-2009 17:00,1267494,Marmooq,0,5.3,4.000003863720767803735433404109059359,3.20446066104003813794332449742581354502,5.3,3.1,5.4,5.4,44.58,4089.84,491
100735485,GB / Kemp 17th Aug,TO BE PLACED,17-08-2009 17:00,1423940,Carlitos Spirit,0,2.6604495273157225,2.4627808356997272349995974387750655737,2.60331565270019296614657912551701905477,2.8,2.5,1,1001,67.82,8508.42,314.62
100735485,GB / Kemp 17th Aug,TO BE PLACED,17-08-2009 17:00,1438158,Magic Rush,1,3.35,2.94178968073354261048739017064199668126,2.79924780364508346411015363479449573158,3.45,2.7,1.11,1.01,30,11501.93,2120.74
100735485,GB / Kemp 17th Aug,TO BE PLACED,17-08-2009 17:00,2445638,Quick Release,0,3.65,2.87730464553329605960829400157858184028,2.2106315201493051835224366280683308184,3.65,2.28,1,1001,18.22,10507.72,181.58
100735485,GB / Kemp 17th Aug,TO BE PLACED,17-08-2009 17:00,2983405,Mohathab,1,2.825676998,2.80431622829982566773474490226772160379,2.74120817666988357372556156096800690656,3.45,2.58,1.11,1.03,252.66,7477.63,2304.78
100735485,GB / Kemp 17th Aug,TO BE PLACED,17-08-2009 17:00,3020213,Fancy Footsteps,1,1.48,1.51337846508956108936527015019801219271,1.81547368447990112150607565154409433293,1.79,1.48,1.54,1.01,620.54,61218.18,6957
100735485,GB / Kemp 17th Aug,TO BE PLACED,17-08-2009 17:00,3207335,La Diosa,0,13.662594029274768,9.84760470936887048285753636747894889318,6.0799247313274549521762809814975379975,13.5,9.4,1,1001,30,2105.59,0
100735485,GB / Kemp 17th Aug,TO BE PLACED,17-08-2009 17:00,3286822,Omnium Duke,0,3.3,3.20534285044572340234317802933482389964,3.6289858472928554067950600865932005066,3.5,3.15,1,1001,12,5636.68,79.12
100735487,GB / Wind 17th Aug,TO BE PLACED,17-08-2009 17:35,3946179,Blue Sparkle,0,1.867501726305791,1.98767052559993116935678454898195494687,2.15331394487904062390164380990325801223,2.28,1.79,1,1001,53.98,22571.9,25.02
100735487,GB / Wind 17th Aug,TO BE PLACED,17-08-2009 17:35,3973842,Lake Nakuru,0,95,60.5194603757084883911079033254571781905,30.1456713999406543730371368167843981601,130,38,1,1001,14,411,0
100735487,GB / Wind 17th Aug,TO BE PLACED,17-08-2009 17:35,3974569,Filwa,1,5.276964089418763,4.7117153148886963833151803766843662409,3.94972404242842662984565735821524770582,5.1,4.4,1,1001,4,1183.46,1016.76
100735487,GB / Wind 17th Aug,TO BE PLACED,17-08-2009 17:35,4000751,Fair Nella,0,2.8,2.74379530332994336208306087426291119972,2.95879319211283923820817157519663697005,3.15,2.5,1,1001,186.9,13958.02,24
100735487,GB / Wind 17th Aug,TO BE PLACED,17-08-2009 17:35,4048951,In The Slips,1,6.666467074165411,7.58681397159644893119411848178169959274,3.99989380375934691911906318516324522112,7.8,7,1,1001,1,1126.7,1209.4
100735487,GB / Wind 17th Aug,TO BE PLACED,17-08-2009 17:35,4061024,Candleshoe,0,1.39,1.47135196103602419618327335624446110934,1.63018233340223381750887433217600279582,1.66,1.4,1.59,1.59,292.38,38128.86,1596.82
100735487,GB / Wind 17th Aug,TO BE PLACED,17-08-2009 17:35,4068685,Emirates Hills,1,2.64,2.46284710137856946511245058069872794974,2.20261611455972054384584030100677805516,2.66,2.22,1.8,1.14,140.02,12065.82,2018.5
100735487,GB / Wind 17th Aug,TO BE PLACED,17-08-2009 17:35,4079739,Nom De La Rosa,0,9.525415179334814,6.52510335239345936565575650569797968634,7.95400083883887502766409510683836889075,7.6,5.2,1,1001,26.2,1125.18,8
100735487,GB / Wind 17th Aug,TO BE PLACED,17-08-2009 17:35,4121538,Theladyisatramp,0,3.43790911,3.9943174129603729125808077804629435914,1.77686999763685666751143889752944538405,4.8,3.4,1,1001,26.92,7312.16,72
100735487,GB / Wind 17th Aug,TO BE PLACED,17-08-2009 17:35,4121539,Old Money,0,7.2,7.06484942114886344012243163615945327044,1,7.8,6.6,1,1001,0,867.3,6
100735487,GB / Wind 17th Aug,TO BE PLACED,17-08-2009 17:35,4121540,No Explaining,0,10.05488110765349,8.67387147082728893683740982332113333124,1,11,8.4,1,1001,0,1825.48,10
100735487,GB / Wind 17th Aug,TO BE PLACED,17-08-2009 17:35,4121541,Jemimaville,0,29.945734140833963,22.5940750475148951232847865715134166408,9.05359487213312783096203862807840528098,34,19,1,1001,8.02,577.3,0
100735489,GB / Wind 17th Aug,TO BE PLACED,17-08-2009 18:05,280870,Nawamees,0,1.79,1.84495637488156915013855581311315933776,1.92800704526386464445153834563985190369,1.94,1.74,1,1001,455.84,13388.72,618
100735489,GB / Wind 17th Aug,TO BE PLACED,17-08-2009 18:05,899872,Foxhaven,1,1.2344549506761768,1.18059906276161401933467207597981098412,1.13985679967887281975320866106798593386,1.23,1.15,1.11,1.02,251.5,46047.2,3674.22
100735489,GB / Wind 17th Aug,TO BE PLACED,17-08-2009 18:05,2429467,Still Dreaming,0,27,26.1876336022699514140813002304756428445,14.5498936333349783204201847015500928318,40,18.5,50,27,4,639.54,45
100735489,GB / Wind 17th Aug,TO BE PLACED,17-08-2009 18:05,2456645,Phoenix Flight,1,1.22,1.21667349124994480156910072478395128989,1.25205403382104115711408230944376852631,1.27,1.17,1.24,1.02,184.6,60541.44,4202.04
100735489,GB / Wind 17th Aug,TO BE PLACED,17-08-2009 18:05,3004092,The Saucy Snipe,0,3.145799959,3.14083184766248061501525855585807486294,5.69997866209687408019167592979127874759,3.25,2.96,1,1001,10,4559.36,98.26
100735489,GB / Wind 17th Aug,TO BE PLACED,17-08-2009 18:05,3294401,Urban Space,1,2.2978656064168903,2.24120434796275130073793910423390384365,2.16984439105055359040582690379372382389,2.38,2.12,2.98,1.11,66,7541.04,2123.66
100735491,GB / Wind 17th Aug,TO BE PLACED,17-08-2009 18:35,451767,The Jobber,0,3.446543977525271,3.44370224714049286649504361837925004034,3.08434712206357306152228309300606461289,3.93,2.98,1,1001,47.86,6550.96,0
100735491,GB / Wind 17th Aug,TO BE PLACED,17-08-2009 18:35,548441,Misaro,0,4.9,4.54058172737977353234580391110918622519,4.63325587295208171728242284563167238873,4.8,4.3,1,1001,12.72,2444.52,30.38
100735491,GB / Wind 17th Aug,TO BE PLACED,17-08-2009 18:35,924666,Efistorm,1,2.16,2.12061226136069654717314112795796176088,1.93487282820266655594299376381004278901,2.24,2,2.14,1.7,302.88,20280.68,1041.86
100735491,GB / Wind 17th Aug,TO BE PLACED,17-08-2009 18:35,1502095,Rocker,0,3.6175304516297184,3.58683193063506146054273108289158670721,2.90694578023079498217053669594365022692,3.85,3.1,1,1001,55.78,9343.7,388.68
100735491,GB / Wind 17th Aug,TO BE PLACED,17-08-2009 18:35,1519601,Ocean Blaze,0,3.2443010116191227,3.80382949670947061584932973482996604234,5.26289234653775374473858091573961611278,5.65,3.2,1,1001,306.62,8511.72,137.04
100735491,GB / Wind 17th Aug,TO BE PLACED,17-08-2009 18:35,2446701,Good Gorsoon,0,2.54,2.39034737093099060478513728343933304489,2.66309461680978834729099125418504733331,2.65,2.26,1,1001,460.88,11739.38,66.08
100735491,GB / Wind 17th Aug,TO BE PLACED,17-08-2009 18:35,2969639,Miss Chamanda,1,4,3.56219070865251040452598057681141846823,2.6193310874900415214999186934005496945,4.1,3.2,3.6,3.6,114.72,8917,1731.56
100735491,GB / Wind 17th Aug,TO BE PLACED,17-08-2009 18:35,3112338,Rocket Rob,1,1.537324594131824,1.65272331135094033755497210310534791893,1.57981791479075195132825427577614094978,1.75,1.58,1.52,1.01,579.36,32393.82,4045.86
100735491,GB / Wind 17th Aug,TO BE PLACED,17-08-2009 18:35,3264545,Sharp Bullet,0,5.2,4.3076581334497274801839536536233388543,2.87402218856313276223195692225478805602,5.4,3.25,1,1001,97.08,3877.18,80
100735493,GB / Wind 17th Aug,TO BE PLACED,17-08-2009 19:05,1527084,Flying Valentino,0,5.2,5.01666025354904575851799597455919763005,3.46231024358083598258846658835776133324,5.6,5.2,1,1001,15.18,2715.32,50
100735493,GB / Wind 17th Aug,TO BE PLACED,17-08-2009 19:05,2379417,Shamrock Lady,0,14.137136564245445,10.6801414475969790083965696211037986895,1,14.5,10.5,22,22,0,992.32,20
100735493,GB / Wind 17th Aug,TO BE PLACED,17-08-2009 19:05,2522789,Trumpet Lily,1,2.84,2.64779871247471388928319281239176041129,2.64519863050146875180298519300695487501,3.09,2.42,2.8,1.14,528.8,10753.69,2452.62
100735493,GB / Wind 17th Aug,TO BE PLACED,17-08-2009 19:05,2921602,Toolentidhaar,0,3.75,3.04413149872553051435100109065486208919,2.80011244767112148199695431937462583163,3.75,2.72,2.92,2.92,86.3,5226.57,472
100735493,GB / Wind 17th Aug,TO BE PLACED,17-08-2009 19:05,3045838,Full Of Nature,0,5,5.22705310727119314817652432511557910109,4.88332595501401880669760060789217833819,6,4.7,1,1001,24,2501.89,158.74
100735493,GB / Wind 17th Aug,TO BE PLACED,17-08-2009 19:05,3102958,Young Dottie,0,4.5,3.93515938081630696375032613432980282575,3.49986950681174442694091368430567924354,4.5,3.85,1,1001,1,3398.04,17.46
100735493,GB / Wind 17th Aug,TO BE PLACED,17-08-2009 19:05,3145902,Resort,1,2.02,1.87474173922436253761356883194192916664,2.02333149235352699771178546791324330901,2.02,1.84,2.02,1.1,135.46,15172.66,4942.34
100735493,GB / Wind 17th Aug,TO BE PLACED,17-08-2009 19:05,3287962,Perfect Class,0,3.21812428916106,2.78570230806983311244959663247220212597,2.37595135902546532007778991147935590964,3.05,2.74,3.05,3.05,10,5097.89,636
100735493,GB / Wind 17th Aug,TO BE PLACED,17-08-2009 19:05,3291984,Desert Kiss,0,2.32,2.21739744546367420001094857893127036687,2.07008687751353204612595234668991706788,2.4,2.3,1,1001,279.52,9323.84,1124.44
100735493,GB / Wind 17th Aug,TO BE PLACED,17-08-2009 19:05,3317003,Cumana Bay,1,2.1,2.25841974655894260758489028066357493228,2.74709406901563507256504893153713826508,2.58,2.1,1.5,1.03,62,11488.65,2787.04
100735495,GB / Wind 17th Aug,TO BE PLACED,17-08-2009 19:35,570808,Stoic,1,2.540844781,2.36771195674779104680122872516578600696,1.88854827465082746357143476567293638428,2.46,2.22,2.04,1.02,176.8,11099.22,2790.64
100735495,GB / Wind 17th Aug,TO BE PLACED,17-08-2009 19:35,2506253,Karoush,0,1.4440777947352532,1.44658899011689957556460722614514704604,1.39377187892569855238348148589468243315,1.59,1.4,3.1,1.45,37,24904.84,3656.64
100735495,GB / Wind 17th Aug,TO BE PLACED,17-08-2009 19:35,3255790,Free Falling,0,32,21.8286103275009555301278164259845094426,14.8165065119389297038195035068440383651,40,8.2,1,1001,20,857.66,4
100735495,GB / Wind 17th Aug,TO BE PLACED,17-08-2009 19:35,3379892,Absinthe,0,5.2001466067961895,4.99997827448452194593298171587049262999,4.96753229660366220046335004925607730979,5.1,4.8,4.9,4.9,26,2126.9,108.86
100735495,GB / Wind 17th Aug,TO BE PLACED,17-08-2009 19:35,3415970,Jesse James,1,1.5246522672062763,1.49825851076311434022253952400834331479,1.45022069660176460200456804593251575896,1.53,1.45,1.43,1.05,424.8,24746.24,3617.1
100735497,GB / Wind 17th Aug,TO BE PLACED,17-08-2009 20:05,3363400,Speed Dating,0,1.2424189701910615,1.223249760597092300042058007121577306,1.28859711014545926720272692783416615249,1.28,1.19,16,1.21,564.86,36086.46,5072.5
100735497,GB / Wind 17th Aug,TO BE PLACED,17-08-2009 20:05,2976832,The Dial House,0,9.771376449584494,8.55825524205752966596704293609107205824,6.39997822008784564568922905344281778063,10,7.8,1,1001,6,937.32,4.92
100735497,GB / Wind 17th Aug,TO BE PLACED,17-08-2009 20:05,3210114,Caster Sugar,1,2.981056756228063,2.44462061380326874568028379111888336395,1.78253973191225225755681070265262325275,3.05,1.71,1.14,1.03,341.26,11603.56,2839.82
100735497,GB / Wind 17th Aug,TO BE PLACED,17-08-2009 20:05,3228843,Kings La Mont,0,3.4203787465475024,3.21240563559946448574051180429181053399,2.57200821470296457499200940503092824082,3.4,2.52,2.34,2.34,204.72,3869.78,182
100735497,GB / Wind 17th Aug,TO BE PLACED,17-08-2009 20:05,3328573,Featherweight,1,2.14,2.37698100614466992026823923306913678576,3.38990352832940319383822710308660783312,2.92,2.06,1,1001,207.6,11387.14,2176.52
100735497,GB / Wind 17th Aug,TO BE PLACED,17-08-2009 20:05,3340413,Hawks Eye,1,1.7634654776400929,1.84888878401381093586988798999646462048,2.06421830820397924737458497602254063783,1.9,1.76,1.84,1.04,133.82,26227.86,3820.46
100735497,GB / Wind 17th Aug,TO BE PLACED,17-08-2009 20:05,3435359,Mellow Mixture,0,7.884566919648641,8.70956985517595825849516277465264377896,7.72081291419687526991020426587245611667,10.5,8.4,1,1001,11.52,1398.1,60.66
100735497,GB / Wind 17th Aug,TO BE PLACED,17-08-2009 20:05,3816637,Shared Moment,0,3.108888879,3.3569435544323390516388157435190324836,3.7449457575972765322373911990992244898,3.9,3.1,5.8,3.7,85.52,8142.18,613.98
100735499,GB / Wolv 17th Aug,TO BE PLACED,17-08-2009 14:15,3255789,Implication,1,1.38,1.35553685421705385083925847040687823912,1.36534516336585445118914968846587241027,1.44,1.28,1.3,1.01,966.4,29689.34,3260.78
100735499,GB / Wolv 17th Aug,TO BE PLACED,17-08-2009 14:15,3294899,Smart Tazz,0,96.94999877159894,63.9326858221399216410128393849107709841,39.181738567099313589187126773561859649,150,32,150,95,168.58,1677.99,16
100735499,GB / Wolv 17th Aug,TO BE PLACED,17-08-2009 14:15,3415973,Nbhan,0,1.138018419210731,1.14464386219276435281872374669015259408,1.24252637127233110956026397453154860421,1.27,1.12,3,1.1,795.12,51985.43,5001.74
100735499,GB / Wolv 17th Aug,TO BE PLACED,17-08-2009 14:15,3451138,Formula,1,2.58,2.48891773759980782612867702668516902863,2.3824650174204936403592368098416501803,2.68,2.2,2,1.03,911.42,12927.06,2796.82
100735501,GB / Wolv 17th Aug,TO BE PLACED,17-08-2009 14:45,834051,Our Kes,0,2.76,2.73810517071598309183008607612729645531,2.2408400741821528166391881249510619595,2.98,2.23,7,2.34,585.48,20397,1081.52
100735501,GB / Wolv 17th Aug,TO BE PLACED,17-08-2009 14:45,857925,Hits Only Cash,0,3.7398233531046934,3.79003976822625305704278423227728409928,3.12724710043364632468769155594341233291,4,3.5,4,3.8,100.96,4953.12,345.14
100735501,GB / Wolv 17th Aug,TO BE PLACED,17-08-2009 14:45,1190947,The Grey One,1,6.619067996373597,6.88292274913566682896481434477748131836,5.95384022864701623269683259578929756174,8,5.5,1.01,1.01,178.12,3304.56,2332.84
100735501,GB / Wolv 17th Aug,TO BE PLACED,17-08-2009 14:45,2256703,Johnstons Baby,0,4.537844331152736,4.14991135702033671603140509067222816302,4.2766184904436608458697598990219212538,4.6,3.6,4.4,4.4,97,4929.48,148
100735501,GB / Wolv 17th Aug,TO BE PLACED,17-08-2009 14:45,2440445,King Of Connacht,1,2.48,2.62258528084488327762363541824751286062,2.72525786197532278614940067439614198692,3.1,2.4,1.5,1.03,313.32,13797.12,2739.68
100735501,GB / Wolv 17th Aug,TO BE PLACED,17-08-2009 14:45,2475472,Quick Off The Mark,0,2.4591581318112734,2.37187833074899817402882968056847991302,2.11874708053530713718213750754297577261,2.52,2,2.26,1.3,1298.38,27760.46,1380.98
100735501,GB / Wolv 17th Aug,TO BE PLACED,17-08-2009 14:45,2541586,Benitez Bond,0,7.19223809786854,6.49498521392084651254863041783166375671,4.6997254893186332640546256381051475534,7,5.9,1,1001,8,2488.68,42
100735501,GB / Wolv 17th Aug,TO BE PLACED,17-08-2009 14:45,2544632,Seader,0,4,3.26687751354348135637452806992960501224,3.41559271956563332779133232918994782495,4.2,2.84,4.4,4.4,367.44,10017.26,206
100735501,GB / Wolv 17th Aug,TO BE PLACED,17-08-2009 14:45,2976788,Cheers For Thea,1,2.3,2.4755209348696304032036932085907477526,2.72583387285868378754342000663537968305,2.96,2.2,2.32,1.01,156.56,19468.92,7069.9
100735501,GB / Wolv 17th Aug,TO BE PLACED,17-08-2009 14:45,3518723,Wellesley,0,3.6748603184126836,3.93006455438684648728256442624715585628,2.89536228174106731496221054376009305715,4.6,3.4,16,16,54.92,4572.9,135.98
100735501,GB / Wolv 17th Aug,TO BE PLACED,17-08-2009 14:45,3861946,Tisifone,0,8.627594786,7.81002713674441852406853226586952320319,4.86815653250513756574809312249048424832,8.6,7.2,8.6,8.6,19.72,1939.52,151.04
100735503,GB / Wolv 17th Aug,TO BE PLACED,17-08-2009 15:15,504548,Mutamared,0,4.953644764206509,4.81122876664411062756239154408584976991,4.54290746982220401660749196721225922541,6,4.8,1,1001,240.94,6114.33,8
100735503,GB / Wolv 17th Aug,TO BE PLACED,17-08-2009 15:15,819244,Bond City,1,6.03818858,5.61079644078004764905573224607907290037,7.33643011866503079744982026072847920759,7,5.1,1,1001,122.56,6160.08,864.76
100735503,GB / Wolv 17th Aug,TO BE PLACED,17-08-2009 15:15,904439,Something,0,2.3162250615436637,2.42015753594143018711562956247463581129,2.4372363719391416421554053467031528132,2.82,2.3,1,1001,273.92,28777.14,780.98
100735503,GB / Wolv 17th Aug,TO BE PLACED,17-08-2009 15:15,1466829,Luscivious,0,4.513912520755895,4.02789622287961440625129509308383876277,3.48554882150752244114360957434319022683,5,3.2,3.2,2.16,758.66,11876.68,549.68
100735503,GB / Wolv 17th Aug,TO BE PLACED,17-08-2009 15:15,1466834,Xpres Maite,0,10.208392659321321,10.0915670433021457709570100095050697112,7.19889038485788007509629914327319544519,14,10,1,1001,24.5,2323.6,20
100735503,GB / Wolv 17th Aug,TO BE PLACED,17-08-2009 15:15,1479451,Baby Strange,0,6.973232430163771,4.22671248045369864653553498881465243122,4.31017036200586781200685959199822646521,8.6,3.85,1,1001,158.16,10692.56,0
100735503,GB / Wolv 17th Aug,TO BE PLACED,17-08-2009 15:15,1509079,Hurricane Spirit,0,7,7.06824386467468561683575811921576796482,7.41951677900066867153962478244175086394,9.2,7,7,7,8,2050.71,70
100735503,GB / Wolv 17th Aug,TO BE PLACED,17-08-2009 15:15,2119488,Princess Valerina,0,6.963017846316214,6.40353705577769681918615688844378504331,8.05327872331621867760655866360954102926,7.8,6.2,1,1001,67.38,3560.13,12
100735503,GB / Wolv 17th Aug,TO BE PLACED,17-08-2009 15:15,2501114,Jaconet,1,2.5999667152918846,2.64886983888271527439762229977857981396,2.64768647681247583073281889434349538843,2.82,2.5,1.7,1.01,636.04,26849.19,3983.76
100735503,GB / Wolv 17th Aug,TO BE PLACED,17-08-2009 15:15,2525239,Baunagain,0,4.7,5.26528972435742810690997578902622861492,6.54711123026722603989172452554325346892,7.6,4.2,1,1001,61.42,7800.4,64
100735503,GB / Wolv 17th Aug,TO BE PLACED,17-08-2009 15:15,3265132,Prescription,1,1.2488101514956567,1.22989392807727944773228704139126675434,1.30768607322649664993509186939485495685,1.32,1.21,1.2,1.01,1802.94,89011.84,8154.86
100735503,GB / Wolv 17th Aug,TO BE PLACED,17-08-2009 15:15,3377198,Aroundthebay,0,8.06065274349145,7.39833130932274814899602337865106067668,6.94335489971221601204900340578814465585,9,7.4,1,1001,45.34,2658.41,36
100735505,GB / Wolv 17th Aug,TO BE PLACED,17-08-2009 15:45,3086444,What A Fella,0,2.1787513123149624,2.06488112528051515645014683316081356876,2.14393381425156896405913000677214360704,2.46,2,1,1001,75.92,18942.39,172.22
100735505,GB / Wolv 17th Aug,TO BE PLACED,17-08-2009 15:45,3138955,Bold Ring,0,1.7602664672829995,1.74642901343252402099326876303712184048,1.88952145133408016735316951747703139033,1.96,1.7,1,1001,212.96,38111.44,888.12
100735505,GB / Wolv 17th Aug,TO BE PLACED,17-08-2009 15:45,3233861,Badtanman,0,4.368732876511205,3.95350216810145121800801082264633844503,3.90576264234442759943955283485910458167,4.5,3.65,1,1001,47.52,4219.66,163.98
100735505,GB / Wolv 17th Aug,TO BE PLACED,17-08-2009 15:45,3339413,Shirley High,0,5.8495774185664775,4.0705066820558422398185976221633059133,4.93608164140777159442870039060544393809,6.2,5.7,1,1001,22,4053.8,30
100735505,GB / Wolv 17th Aug,TO BE PLACED,17-08-2009 15:45,3424736,First Blade,1,1.7841230885412007,1.70807319444817520960794338927409563242,1.78866594554497906315931849257479858994,1.84,1.68,1.05,1.01,132.32,32702.63,2329.42
100735505,GB / Wolv 17th Aug,TO BE PLACED,17-08-2009 15:45,3428417,Thumberlina,0,7.024676245450975,6.75673717128946229533364456429621909154,4.77925079759283317635591379244470953294,8,7,1,1001,5.02,1998.76,10
100735505,GB / Wolv 17th Aug,TO BE PLACED,17-08-2009 15:45,3445874,Yourelikemefrank,1,2.58,2.44033954228564373682470278745058146089,2.50756197190881394617098407399003360041,3,2.34,2.26,1.01,123.28,16107.46,2365.56
100735505,GB / Wolv 17th Aug,TO BE PLACED,17-08-2009 15:45,3474190,Jolly Ranch,1,3.05,2.80017355696806225615911072709548745346,2.65351218653185940509104541645084282436,3.25,2.06,2.62,2.6,134,12345.03,1629.42
100735505,GB / Wolv 17th Aug,TO BE PLACED,17-08-2009 15:45,3750832,Chenin,0,13.954400467,17.261118470870677954282491413673045362,1,30,14,1,1001,0,1363.71,14
100735505,GB / Wolv 17th Aug,TO BE PLACED,17-08-2009 15:45,3822501,Hello Sunshine,0,11.5,10.4643212627904777934812074936455748895,5.97805472626165438617750535955938061844,15,10.5,1,1001,12.22,1335.67,4
100735507,GB / Wolv 17th Aug,TO BE PLACED,17-08-2009 16:15,4022300,Logos Astra,1,1.28,1.32088865479565863525810965171497039402,1.36376178767842519575950641136104157655,1.46,1.28,2.1,1.01,2035.82,81046,11840.82
100735507,GB / Wolv 17th Aug,TO BE PLACED,17-08-2009 16:15,3957790,Blade Of Glory,0,20.679926374547364,20.725553100874248886051636425937949729,18.2486779867694052377331324641719620821,28,20,10.5,10.5,8,743.06,136
100735507,GB / Wolv 17th Aug,TO BE PLACED,17-08-2009 16:15,4009776,Timely Jazz,1,1.065211852389118,1.07328140423270790460324127352217068995,1.09325558694792983624028169977589413083,1.1,1.06,1.06,1.01,1789.78,134523.32,3982.54
100735507,GB / Wolv 17th Aug,TO BE PLACED,17-08-2009 16:15,4034181,Kit Kat,0,15.148446732,14.0468906107509438967563890453708285539,12.897881021189788102118978810211897881,22,10,1,1001,5,1491.34,16
100735507,GB / Wolv 17th Aug,TO BE PLACED,17-08-2009 16:15,4060064,Chandrayaan,0,9.660432177789772,9.57121263287687540418459853943644822509,8.0822492245166746434669774592263531846,11.5,9,1,1001,32.92,2044.1,228
100735507,GB / Wolv 17th Aug,TO BE PLACED,17-08-2009 16:15,4060068,Carlcol Girl,0,47.91840335555899,45.1093881862919597483364187558692040564,17.4906004702318005301967113323918930671,65,36,1,1001,16,609.48,4
100735507,GB / Wolv 17th Aug,TO BE PLACED,17-08-2009 16:15,4079921,Green Community,0,3.4982754758569348,3.50012152584025070390699012130521281309,3.48361198656919514787289204868819184206,4,3.35,3.45,3.45,338.92,9914.27,439.24
100735507,GB / Wolv 17th Aug,TO BE PLACED,17-08-2009 16:15,4103238,James Barrymore,1,2.159958083695365,2.21707997122512235035903513756614227996,2.25885266880082508197485165492630826653,2.58,2.04,2.34,1.01,313.08,23836.22,4016.08
100735507,GB / Wolv 17th Aug,TO BE PLACED,17-08-2009 16:15,4121871,Temple Fair,0,2.62,2.42940260259209535370814714243226054009,2.27214314448549979167751543784018651186,2.7,2.2,2.08,2.08,214.74,19312.05,881.94
100735509,GB / Wolv 17th Aug,TO BE PLACED,17-08-2009 16:45,774097,Cornus,0,4.7165500378047,4.06861487659777240776827577148259662675,5.34586062542897614074016195804730871271,5,3.35,1,1001,59.22,6594.4,267.14
100735509,GB / Wolv 17th Aug,TO BE PLACED,17-08-2009 16:45,786713,Fiefdom,0,7.48371469683865,7.2034711661459430583349899100915985486,4.60373261070282766986070474002662943875,8,6.4,1,1001,79.3,2221.7,21.18
100735509,GB / Wolv 17th Aug,TO BE PLACED,17-08-2009 16:45,957328,Chief Exec,0,3.486949646411122,3.43597546568750399487604081712830700693,2.17399829807540526298816739456903754464,3.75,2.7,6,3.5,162.44,7411.4,606.6
100735509,GB / Wolv 17th Aug,TO BE PLACED,17-08-2009 16:45,1122244,Carmenero,0,5.5,5.04101910819419749823105360095840905531,4.74828871880414628536794794032228917921,5.8,4.4,5.4,5.4,211.58,5897.42,209.64
100735509,GB / Wolv 17th Aug,TO BE PLACED,17-08-2009 16:45,1170322,Ninth House,1,1.7051112686019727,1.8073353184096696881049143271327826711,1.92683266253011437451472658370025139334,2.16,1.64,1.65,1.01,778.26,53131.32,6912.92
100735509,GB / Wolv 17th Aug,TO BE PLACED,17-08-2009 16:45,1509086,Gazboolou,1,3.3,3.81436023278437432654740613349572827567,3.53055195109028074165267682532419534101,8.2,3.1,3.3,3.15,34.74,9512.26,752.8
100735509,GB / Wolv 17th Aug,TO BE PLACED,17-08-2009 16:45,2001426,Captain Jacksparra,0,5,5.0981479865782710671116823394978560356,4.04875766748298944294621087739869140179,5.6,4.6,3,3,20.12,3617.24,393.98
100735509,GB / Wolv 17th Aug,TO BE PLACED,17-08-2009 16:45,2413319,Dream Express,0,3.832685895650794,3.37004659633812523144319032941979064253,2.9649487326854762403688391662922523856,3.85,2.96,1.1,1.1,362,7139.16,1280.62
100735509,GB / Wolv 17th Aug,TO BE PLACED,17-08-2009 16:45,2485360,Jonny Lesters Hair,0,2.7744953201443883,2.72438117476312111042898957991939796974,2.80421543175647826209525504874760751501,2.82,2.58,1,1001,66,12300.76,590.54
100735509,GB / Wolv 17th Aug,TO BE PLACED,17-08-2009 16:45,2555756,Tourist,0,3.2524398512806507,3.16398890181425785250138049423305773913,2.94569100219020065882664713841673958352,3.5,3.05,3.25,2.42,55.92,6616.92,432.38
100735509,GB / Wolv 17th Aug,TO BE PLACED,17-08-2009 16:45,2986888,Mark Of Meydan,1,5.534941334833858,4.71651550818339466227701639646349025447,4.24904498418995953776841255721763324781,5.6,3.85,1,1001,130,3712.32,42.38
100735511,GB / Yarm 17th Aug,TO BE PLACED,17-08-2009 17:20,919165,Theocritus,1,1.47,1.47372938874542583477371623778711005054,1.60411140276639587793998989149300138135,1.6,1.42,1.8,1.01,334.12,41267,4525.16
100735511,GB / Yarm 17th Aug,TO BE PLACED,17-08-2009 17:20,2541566,Solo River,0,2.1827298718320005,2.34144571037584717055131623266187905458,2.68744221005429612287609101551591107623,2.5,2.24,1.75,1.75,44,15053.84,406.98
100735511,GB / Yarm 17th Aug,TO BE PLACED,17-08-2009 17:20,2552975,Torch Of Freedom,0,4.7,4.47138229510282036864147279366969004283,2.09998916510672369877156710006406436897,4.7,4.4,1,1001,4,2793.24,39.22
100735511,GB / Yarm 17th Aug,TO BE PLACED,17-08-2009 17:20,3207412,Equipe De Nuit,1,2.84,2.86718044422501091562475171592460164691,2.0517588998099537290772100141559931934,3.05,2.74,1.21,1.01,13.48,8772.26,3002.8
100735511,GB / Yarm 17th Aug,TO BE PLACED,17-08-2009 17:20,3246904,Intikama,0,5.4,5.02173661270227960793124949419156211071,2.736647510805234512497198754015119245,5.4,4.7,1,1001,24,2605.26,4
100735511,GB / Yarm 17th Aug,TO BE PLACED,17-08-2009 17:20,3255793,Sairaam,0,25.147759412585295,23.8977026177144091391436002186767039728,8.28289537236167219985578448731073718566,28,22,1,1001,21.7,370.9,19.04
100735511,GB / Yarm 17th Aug,TO BE PLACED,17-08-2009 17:20,3978899,Watchoverme,0,12.09960924586834,11.5839578463296300306079395120574284995,1,13,10.5,1,1001,0,994.9,10
100735513,GB / Yarm 17th Aug,TO BE PLACED,17-08-2009 17:50,932012,Power Of Dreams,0,4.6,4.84390856079932182783918245442182880923,5.49619502421083987333720684015776355874,5.6,4.5,3.45,3.45,30,2419.48,211.7
100735513,GB / Yarm 17th Aug,TO BE PLACED,17-08-2009 17:50,2657751,George Baker,1,1.48,1.46978521845676787006778406801057479683,1.87319452542478332405368570347987577673,1.74,1.4,1.14,1.01,37.9,51470.44,4501.6
100735513,GB / Yarm 17th Aug,TO BE PLACED,17-08-2009 17:50,3431264,Buffett,0,4.3,3.92802299852321840627041850561522767564,1,4.2,3.6,1,1001,0,3906.04,14
100735513,GB / Yarm 17th Aug,TO BE PLACED,17-08-2009 17:50,4083424,New Christmas,0,1.13,1.16166533955509647798480703460632105055,1.36436476525515678739901041001119963112,1.28,1.13,1000,100,123.98,87616.12,218.46
100735513,GB / Yarm 17th Aug,TO BE PLACED,17-08-2009 17:50,4105823,Young Simon,1,14.550475203315727,17.33379150042155143551670311946192149,8.59890577356840775174387837590813873908,60,13.5,2.62,1.01,4,1112.22,2564.88
100735513,GB / Yarm 17th Aug,TO BE PLACED,17-08-2009 17:50,4121351,Marrayah,1,2.64,2.87652531535250343343742385575690416196,2.099977560457766661560104173874852953,3.4,2.64,1.01,1.01,4,8985.84,2769.2
100735513,GB / Yarm 17th Aug,TO BE PLACED,17-08-2009 17:50,4121352,Via Aurelia,0,2.879003696153523,2.87854628259984480008738881126764065352,2.35628735050498447811417790512383235171,3.4,2.02,1,1001,42.26,10933.72,217.88
100735513,GB / Yarm 17th Aug,TO BE PLACED,17-08-2009 17:50,4121353,Captain Clint,0,10.587077317130753,9.48726321659064619243370381489838914615,4.13979127138026556286173524437602063466,12.5,9,1,1001,10,1161.06,10
100735513,GB / Yarm 17th Aug,TO BE PLACED,17-08-2009 17:50,4121354,Teeraha,0,8.091001747375119,8.23896891788042681824532781951314680851,1,9.2,7.2,4.5,4.5,0,1539.48,50
100735513,GB / Yarm 17th Aug,TO BE PLACED,17-08-2009 17:50,4121355,Clumber Pursuits,0,49.23092742789652,40.1193631816296022911284538668906913169,1,55,30,1,1001,0,328.74,4
100735515,GB / Yarm 17th Aug,TO BE PLACED,17-08-2009 18:20,3286800,Timeless Dream,1,3.95,3.23503057254845239362628368262656874306,2.72419713238792718639478473288433899236,4,2.76,1.14,1.01,38,5250.29,4472.06
100735515,GB / Yarm 17th Aug,TO BE PLACED,17-08-2009 18:20,2976835,Hay Fever,0,2.56,2.74762005843794900950301797576952052989,2.91348972310047151475901914776360764204,3.1,2.56,3.8,3.8,80.38,7170.65,276
100735515,GB / Yarm 17th Aug,TO BE PLACED,17-08-2009 18:20,3264544,Albaseet,0,1.82801918789105,1.65541820801050409526761572403062082972,1.59227756374620868415678819755930839003,1.84,1.6,1.73,1.46,39.76,16514.33,741.7
100735515,GB / Yarm 17th Aug,TO BE PLACED,17-08-2009 18:20,3858917,Hightime Heroine,1,1.33,1.31464958553956989836282467198127625546,1.42800549126333649609476839917063881425,1.4,1.3,1.17,1.04,106.12,44028.41,3515.64
100735515,GB / Yarm 17th Aug,TO BE PLACED,17-08-2009 18:20,4034890,Distant Dreamer,0,26.400210731,21.6034527994239097060367476795365743405,7.68426200510865388614309066789839562513,65,18.5,1,1001,11.58,928.51,4
100735517,GB / Yarm 17th Aug,TO BE PLACED,17-08-2009 18:50,848211,Union Jack Jackson,0,3,2.85641095622975443708152076209909057993,2.55746729242602622860580388178773900519,3.1,2.6,1,1001,120,8842.28,61.46
100735517,GB / Yarm 17th Aug,TO BE PLACED,17-08-2009 18:50,1275180,Al Rayanah,0,3.354523518640489,3.45806099999466498549494365382213287811,3.07829818720264321368478993669613671959,4,3.15,1,1001,60.38,10135.68,37.28
100735517,GB / Yarm 17th Aug,TO BE PLACED,17-08-2009 18:50,1485743,Gifted Heir,1,5.4,5.71870842556640149411167135195785525449,1,6.4,5.4,1.11,1.11,0,3623.14,1286.38
100735517,GB / Yarm 17th Aug,TO BE PLACED,17-08-2009 18:50,1509922,Astroangel,0,3.42135750684436,3.42631526678599043882108470786819836243,3.02136240298471236027715746591870700562,3.85,3.15,1,1001,26.92,5776.56,56
100735517,GB / Yarm 17th Aug,TO BE PLACED,17-08-2009 18:50,2009036,Memphis Marie,0,7.186575543446089,7.05837550590702991733445291288980168574,5.75493328640342144866350242456664712217,7.6,6.4,1,1001,22.38,1824.18,17.92
100735517,GB / Yarm 17th Aug,TO BE PLACED,17-08-2009 18:50,2046699,Kassuta,1,1.663388637,1.74202665411942702649983941933804638802,1.96505928076190406499220895576076149054,2.06,1.67,2.12,1.36,94.02,26231.72,3470.76
100735517,GB / Yarm 17th Aug,TO BE PLACED,17-08-2009 18:50,2424986,Kings Icon,1,1.5745505281761143,1.64417360248265886845394041154962785112,1.67754222580129658425119755229869017087,1.77,1.56,1.99,1.1,459.64,28628.52,3618.26
100735517,GB / Yarm 17th Aug,TO BE PLACED,17-08-2009 18:50,3049371,Black Salix,0,7,5.41068227854171809032553320864288198258,4.29484936050298594703304275712169354722,7,4.2,1,1001,98.04,3570.26,8.64
100735517,GB / Yarm 17th Aug,TO BE PLACED,17-08-2009 18:50,3105732,Gun For Sale,0,3.4,3.32013961175956118905827042972351755041,2.81751564725458335686326281318596806747,3.8,2.9,3,3,82.48,6127.36,508.04
100735517,GB / Yarm 17th Aug,TO BE PLACED,17-08-2009 18:50,3409588,Roleplay,0,9.773857752708716,7.64764543748608829940049674514122276789,3.87591485211241471877765338800043547922,8.8,6.4,1,1001,20,1502.62,16.04
100735519,GB / Yarm 17th Aug,TO BE PLACED,17-08-2009 19:20,3071000,Dance Club,1,2.3,2.34796664733036317069211200108302537441,1.91093636359469458382069570243125645634,2.5,2.22,2.06,2.06,30.02,11818.36,2587.34
100735519,GB / Yarm 17th Aug,TO BE PLACED,17-08-2009 19:20,3076426,Mutually Mine,0,2.44,2.52540365814015953561874093390036617194,2.21480837739220537705966276882893591206,2.86,2.16,1,1001,89.74,11961.14,112.28
100735519,GB / Yarm 17th Aug,TO BE PLACED,17-08-2009 19:20,3144756,Granny Mcphee,0,7.225776303,7.07159917311978708603841557970111443511,1,8.2,6.2,1,1001,0,2307.48,42
100735519,GB / Yarm 17th Aug,TO BE PLACED,17-08-2009 19:20,3195908,Davids Matador,0,3.819014410281832,4.16465716922573120467337463334234855974,1,5.4,3.9,1,1001,0,3190.92,20
100735519,GB / Yarm 17th Aug,TO BE PLACED,17-08-2009 19:20,3212879,Summers Target,0,4.9,4.70608018963650513252700936588870421838,1,5.5,4.2,1,1001,0,2932.88,27.28
100735519,GB / Yarm 17th Aug,TO BE PLACED,17-08-2009 19:20,3303982,Kuanyao,1,1.42,1.43054167672905207859832021046209706715,1.70877722833046575528753046035722216594,1.74,1.39,1.44,1.44,453.14,29386.38,1991.38
100735519,GB / Yarm 17th Aug,TO BE PLACED,17-08-2009 19:20,3339036,Wicklewood,0,14.163292258,10.9219343084195001853812512608539324428,9.5197733740282508485274291703840677838,14.5,6,1,1001,2,1724.02,179.64
100735519,GB / Yarm 17th Aug,TO BE PLACED,17-08-2009 19:20,3451154,Regeneration,1,1.440533362,1.41661724563482417897156238517402415762,1.52489894141387343909889763323800014336,1.47,1.37,1.41,1.05,237.26,35646.48,4059.76
100735519,GB / Yarm 17th Aug,TO BE PLACED,17-08-2009 19:20,3823508,Fantasy Land,0,9.4,9.71278708597299500031581916319459259206,4.97303912026209951611002163718331552901,12,8.4,1,1001,6,1931.96,14.1
100735521,GB / Yarm 17th Aug,TO BE PLACED,17-08-2009 19:50,1297220,Prince Zafonic,0,4.3,4.17256830736732477257421171341451573581,3.6749410656968405725524876746911665315,4.5,3.6,1,1001,20,3638.54,233.82
100735521,GB / Yarm 17th Aug,TO BE PLACED,17-08-2009 19:50,2522987,Harting Hill,0,3.3,2.89425590809051867958658472585804747211,2.83768764279290675646746435182126076141,3.2,2.5,2.82,2.82,26,7139.18,320.14
100735521,GB / Yarm 17th Aug,TO BE PLACED,17-08-2009 19:50,3358870,Veiled,1,1.476623995,1.61159044859264413055797470410444042197,1,1.8,1.46,8,1.03,0,36205.64,4510.42
100735521,GB / Yarm 17th Aug,TO BE PLACED,17-08-2009 19:50,3363401,Penolva,1,1.5949612176762873,1.55504021592006586265892876741021574875,1.75444827817850768289999013798404950514,1.65,1.39,1.3,1.3,69,27006.72,1887.48
100735521,GB / Yarm 17th Aug,TO BE PLACED,17-08-2009 19:50,3446105,Theola,1,2.2576781124939593,2.15838605493325669998818783086967114465,1.87230417761724234018462928598090630286,2.3,2.04,2.04,1.1,78,11926.7,2949.08
100735521,GB / Yarm 17th Aug,TO BE PLACED,17-08-2009 19:50,3451150,Royal Bet,0,1.43,1.41971290163533133018725775880438885289,1.24228579339944274267518128169184708305,1.48,1.37,1.43,1.35,16.26,30954.84,2326.48
