EVENT_ID,MENU_HINT,EVENT_NAME,EVENT_DT,SELECTION_ID,SELECTION_NAME,WIN_LOSE,BSP,PPWAP,MORNINGWAP,PPMAX,PPMIN,IPMAX,IPMIN,MORNINGTRADEDVOL,PPTRADEDVOL,IPTRADEDVOL
202262071,AUS / Pakenham (AUS) 22nd Aug,TO BE PLACED,22-08-2022 06:00,474339,9. Kasparov,0,2.5,1,1.83839372876119864071671300586963237566,1,1001,1,1001,3884.4,0,0
202262075,AUS / Pakenham (AUS) 22nd Aug,TO BE PLACED,22-08-2022 06:30,46809222,6. Be Alert,0,3.95,1,2.17346937302921630455959072640290936379,1,1001,1,1001,1385.87,0,0
202262075,AUS / Pakenham (AUS) 22nd Aug,TO BE PLACED,22-08-2022 06:30,37506575,1. Summer Heat,0,8.4,1,2.4471391257918813224237701487798894613,1,1001,1,1001,692.97,0,0
202262075,AUS / Pakenham (AUS) 22nd Aug,TO BE PLACED,22-08-2022 06:30,16023455,4. Pufnstuf,0,8.242120385696179,1,3.55357078812875459517618577961086703129,1,1001,1,1001,892.24,0,0
202262079,AUS / Pakenham (AUS) 22nd Aug,TO BE PLACED,22-08-2022 07:00,28082063,6. Edinburgh,1,1.9495397061120459,1,1.40886665685480903672087718007211715358,1,1001,1,1001,2717.8,0,0
202262051,AUS / Pakenham (AUS) 22nd Aug,TO BE PLACED,22-08-2022 03:30,47692729,7. Perfectly Timed,0,5.8,1,2.27775394588116735438711171031308303033,1,1001,1,1001,1468.62,0,0
202262055,AUS / Pakenham (AUS) 22nd Aug,TO BE PLACED,22-08-2022 04:00,47692735,9. Artzino,1,1.601495396,1,1.34763261163456757656321267581905071067,1,1001,1,1001,4867.22,0,0
202262055,AUS / Pakenham (AUS) 22nd Aug,TO BE PLACED,22-08-2022 04:00,47692734,7. Margarets Banter,0,21,1,7.37648074056640778222326821997332705735,1,1001,1,1001,254.94,0,0
202262063,AUS / Pakenham (AUS) 22nd Aug,TO BE PLACED,22-08-2022 05:00,755738,6. Prado,0,2.2561186976717726,1,1.99141799349801522971634872370069839378,1,1001,1,1001,4564.76,0,0
202262063,AUS / Pakenham (AUS) 22nd Aug,TO BE PLACED,22-08-2022 05:00,47692758,7. Andiron,0,5.3,1,2.42865978327540380290329176037620118585,1,1001,1,1001,782.56,0,0
202300499,AUS / Lismore (AUS) 22nd Aug,TO BE PLACED,22-08-2022 04:15,39811455,1. Arivakova,1,6,1,2.75609947438613006982034988624774456735,1,1001,1,1001,254.94,0,0
202300511,AUS / Lismore (AUS) 22nd Aug,TO BE PLACED,22-08-2022 07:50,13178688,8. Holbrook,0,5.670386,1,2.45362259794934474095199293814082976845,1,1001,1,1001,294.54,0,0
202300511,AUS / Lismore (AUS) 22nd Aug,TO BE PLACED,22-08-2022 07:50,25017516,3. Lucap,0,3.718040940959603828336,1,3.08147483285140457156315011317693545644,1,1001,1,1001,1528.58,0,0
202300511,AUS / Lismore (AUS) 22nd Aug,TO BE PLACED,22-08-2022 07:50,46314863,7. Boogie Wonderland,1,1.52787531432346590636,1,1.42492203683171529787176505584250520566,1,1001,1,1001,3697.9,0,0
202300511,AUS / Lismore (AUS) 22nd Aug,TO BE PLACED,22-08-2022 07:50,40100599,12. My Zebrinka,0,7.290724,1,4.33522554485554992397364419665484034465,1,1001,1,1001,434.06,0,0
202300505,AUS / Lismore (AUS) 22nd Aug,TO BE PLACED,22-08-2022 06:05,47662665,1. Dazzling Charm,0,3.2902922805561676,1,1.97865127582017010935601458080194410693,1,1001,1,1001,329.2,0,0
202300509,AUS / Lismore (AUS) 22nd Aug,TO BE PLACED,22-08-2022 07:15,38408438,1. Brazen Breccia,1,1.23,1,1.14221927219477480189957437490591085139,1,1001,1,1001,4384.14,0,0
202304080,AUS / Bathurst (AUS) 22nd Aug,TO BE PLACED,22-08-2022 07:35,28338975,12. Kimmylee,1,3.55,1,3.02781224594583030251165974926190578067,1,1001,1,1001,467.42,0,0
202304070,AUS / Bathurst (AUS) 22nd Aug,TO BE PLACED,22-08-2022 04:35,47663032,1. Snitzyka,1,1.5691890514711853,1,1.35710969039960820129981866073674039365,1,1001,1,1001,1510.98,0,0
202304072,AUS / Bathurst (AUS) 22nd Aug,TO BE PLACED,22-08-2022 05:10,9593862,10. Just Ace,0,15,1,11.5160464946268002046933255354923605527,1,1001,1,1001,136.79,0,0
202304074,AUS / Bathurst (AUS) 22nd Aug,TO BE PLACED,22-08-2022 05:45,47663047,14. Saradawn,0,17.955590048724552,1,9.34487977131326719354296283840591895073,1,1001,1,1001,178.41,0,0
202304082,AUS / Bathurst (AUS) 22nd Aug,TO BE PLACED,22-08-2022 08:10,36864521,4. Unearthed,0,3.313795,1,2.73871749313519625262477790340817315458,1,1001,1,1001,247.64,0,0
202304399,AUS / Redcliffe (AUS) 22nd Aug,TO BE PLACED,22-08-2022 12:24,18528276,2. Mustang Dude,0,3.75,1,1,1,1001,1,1001,0,0,0
202304385,AUS / Redcliffe (AUS) 22nd Aug,TO BE PLACED,22-08-2022 08:52,2315131,3. Sharp Shooter,1,2.1399641341906133,1,1.05096896179157253707887240939004027109,1,1001,1,1001,814.48,0,0
202304389,AUS / Redcliffe (AUS) 22nd Aug,TO BE PLACED,22-08-2022 10:03,42335848,5. For No Reason,0,2.9024329375673554,1,1.18467024077657583351838340259493068553,1,1001,1,1001,1260.92,0,0
202304395,AUS / Redcliffe (AUS) 22nd Aug,TO BE PLACED,22-08-2022 11:31,13688328,3. Lets Save The Day,0,96.15384615384615,1,1.05108798486281929990539262062440870388,1,1001,1,1001,21.14,0,0
202304395,AUS / Redcliffe (AUS) 22nd Aug,TO BE PLACED,22-08-2022 11:31,41151972,7. Captain Oh Captain,1,9.392759419,1,2.02998384491114701130856219709208400646,1,1001,1,1001,185.7,0,0
202304397,AUS / Redcliffe (AUS) 22nd Aug,TO BE PLACED,22-08-2022 11:59,22347624,7. Mach Torque,0,8.577862500388786,1,9.99999854838733090526920882754696329888,1,1001,1,1001,6.2,0,0
202304397,AUS / Redcliffe (AUS) 22nd Aug,TO BE PLACED,22-08-2022 11:59,24730225,3. Ima Beach Babe,1,3.713057210335974,1,4.19476303678937273737992470049481988407,1,1001,1,1001,130.04,0,0
202304405,AUS / Shepparton (AUS) 22nd Aug,TO BE PLACED,22-08-2022 05:20,46652857,2. Itzmineontheline,0,1.5543561523096563,1,1.20197526708802373561713851178677836369,1,1001,1,1001,1604.34,0,0
202304407,AUS / Shepparton (AUS) 22nd Aug,TO BE PLACED,22-08-2022 05:55,41653964,5. Bee Gee Cee,1,2.58,1,1.85691042158108026371499425391640960503,1,1001,1,1001,1322.64,0,0
202304415,AUS / Shepparton (AUS) 22nd Aug,TO BE PLACED,22-08-2022 08:25,24417499,1. Artistic Cowboy,0,3.65,1,2.52071242163050146081785005042680834694,1,1001,1,1001,1923.58,0,0
202304415,AUS / Shepparton (AUS) 22nd Aug,TO BE PLACED,22-08-2022 08:25,28459823,9. Heaven Attracts,0,4.124494935388649,1,2.36920581093527589382902118395712969941,1,1001,1,1001,955.44,0,0
202304415,AUS / Shepparton (AUS) 22nd Aug,TO BE PLACED,22-08-2022 08:25,43747071,5. Write About Angus,0,3.949064899466176,1,1.54805979993404419039243706716499945037,1,1001,1,1001,545.82,0,0
202304415,AUS / Shepparton (AUS) 22nd Aug,TO BE PLACED,22-08-2022 08:25,22503195,2. Casting Shadow,0,8.209478443130255,1,1.0100043497172683775554588951718138321,1,1001,1,1001,321.86,0,0
202304417,AUS / Shepparton (AUS) 22nd Aug,TO BE PLACED,22-08-2022 09:03,38382013,9. Major Mal,0,4.738064535143785,1,3.07885259732433409666144389538387368929,1,1001,1,1001,829.7,0,0
202307011,AUS / Globe Derby (AUS) 22nd Aug,TO BE PLACED,22-08-2022 05:13,28638266,7. Kyvalley Surfergirl,1,1.5599801837465548,1,1.21824719070845347489827265622894715568,1,1001,1,1001,1484.36,0,0
202307013,AUS / Globe Derby (AUS) 22nd Aug,TO BE PLACED,22-08-2022 05:48,47664779,1. Barely A Glimpse,0,1.57,1,1.0409715052057797133216047068324056182,1,1001,1,1001,1386.92,0,0
202307013,AUS / Globe Derby (AUS) 22nd Aug,TO BE PLACED,22-08-2022 05:48,47664781,3. Eyeknowtheface,0,27.523274084185253,1,5.75225550342836521111512089498376037532,1,1001,1,1001,110.84,0,0
202307015,AUS / Globe Derby (AUS) 22nd Aug,TO BE PLACED,22-08-2022 06:23,8801200,8. Ghent,0,9.805210912162439,1,3.38912572666134731562749344579961244728,1,1001,1,1001,350.92,0,0
202307015,AUS / Globe Derby (AUS) 22nd Aug,TO BE PLACED,22-08-2022 06:23,16922348,1. Caesar Moment,0,2.4565075402507253,1,1.60520284217211813274055255636710066688,1,1001,1,1001,1007.68,0,0
202307015,AUS / Globe Derby (AUS) 22nd Aug,TO BE PLACED,22-08-2022 06:23,21060094,2. Kyvalley Kid,0,3.0792062005277048,1,1.03458915083543144884412909132524605173,1,1001,1,1001,524.28,0,0
202307015,AUS / Globe Derby (AUS) 22nd Aug,TO BE PLACED,22-08-2022 06:23,25463712,6. Super Angus,1,2.186164852385118,1,1.02122885171318894839107151319842661485,1,1001,1,1001,844.04,0,0
202307015,AUS / Globe Derby (AUS) 22nd Aug,TO BE PLACED,22-08-2022 06:23,43883250,7. Kabayo King,0,2.12,1,1.02306783178590933915892954669579464773,1,1001,1,1001,915.5,0,0
202307017,AUS / Globe Derby (AUS) 22nd Aug,TO BE PLACED,22-08-2022 07:03,10155541,6. Celestial Daybreak,1,2.4342815226284653,1,1.5753488796327262777051473047338177617,1,1001,1,1001,657.82,0,0
202307019,AUS / Globe Derby (AUS) 22nd Aug,TO BE PLACED,22-08-2022 07:38,38858904,2. The Sneaky Fox,0,1.22,1,1.12952928583874741741965997062703806039,1,1001,1,1001,2410.38,0,0
202307019,AUS / Globe Derby (AUS) 22nd Aug,TO BE PLACED,22-08-2022 07:38,11440113,1. Barney Fella,0,22.671485359699,1,8.16461872063606794362125045175280086737,1,1001,1,1001,110.68,0,0
202307021,AUS / Globe Derby (AUS) 22nd Aug,TO BE PLACED,22-08-2022 08:17,35994313,6. Im Lady Madeleine,1,1.4524475408414586,1,1.17404836551710366036304091698783872836,1,1001,1,1001,2003.08,0,0
202307021,AUS / Globe Derby (AUS) 22nd Aug,TO BE PLACED,22-08-2022 08:17,36342621,5. Sunfine,0,1.739995803483109,1,1.08613116698662421376285683070343837305,1,1001,1,1001,1281.42,0,0
202307023,AUS / Globe Derby (AUS) 22nd Aug,TO BE PLACED,22-08-2022 08:44,42352143,9. Final Round,0,4.668707431606466,1,1.77663365103095994518158599638696816794,1,1001,1,1001,321.06,0,0
202307023,AUS / Globe Derby (AUS) 22nd Aug,TO BE PLACED,22-08-2022 08:44,17684497,1. Little Growl,0,5.208218743359906,1,3.18535993369642434288420554108453705896,1,1001,1,1001,675.68,0,0
202307023,AUS / Globe Derby (AUS) 22nd Aug,TO BE PLACED,22-08-2022 08:44,47664784,7. Village Character,0,8,1,1.8326123296692163517552302314978977762,1,1001,1,1001,394.82,0,0
202307779,AUS / Pinjarra (AUS) 22nd Aug,TO BE PLACED,22-08-2022 06:08,43658845,5. Chaco Eagle,0,4.700034638,1,3.4375472717450027012425715829281469476,1,1001,1,1001,555.3,0,0
202307779,AUS / Pinjarra (AUS) 22nd Aug,TO BE PLACED,22-08-2022 06:08,47672016,8. Heez Good As Gold,0,1.57,1,1.01582871527060282155805609302500328743,1,1001,1,1001,1064.66,0,0
202307783,AUS / Pinjarra (AUS) 22nd Aug,TO BE PLACED,22-08-2022 07:18,27870813,7. Just Roc,1,1.71,1,1.17367064794931407173407634834152661189,1,1001,1,1001,1126.94,0,0
202307783,AUS / Pinjarra (AUS) 22nd Aug,TO BE PLACED,22-08-2022 07:18,44563667,3. Chasing Cooper,0,2.934457596790731,1,1.08070064977585251599254520727345993049,1,1001,1,1001,397.06,0,0
202307791,AUS / Pinjarra (AUS) 22nd Aug,TO BE PLACED,22-08-2022 09:44,20846526,2. One Bid Buys,0,6.64148646934433,1,3.65749068824425239903854975138070861085,1,1001,1,1001,1090.02,0,0
202307791,AUS / Pinjarra (AUS) 22nd Aug,TO BE PLACED,22-08-2022 09:44,24368835,7. Peachee,0,5.832022269307635,1,1.44516926223396322887151409275868680628,1,1001,1,1001,469.39,0,0
202307781,AUS / Pinjarra (AUS) 22nd Aug,TO BE PLACED,22-08-2022 06:43,47672021,9. First Airborne,0,9.66495035460219,1,1.13240136385776911836337067705796395519,1,1001,1,1001,205.3,0,0
202307789,AUS / Pinjarra (AUS) 22nd Aug,TO BE PLACED,22-08-2022 09:11,27408229,4. Troopingofthecolor,0,5.3,1,1.18307891447955722192465631137296911266,1,1001,1,1001,448.08,0,0
202307785,AUS / Pinjarra (AUS) 22nd Aug,TO BE PLACED,22-08-2022 07:57,42024226,4. Wheresthetowrope,1,2.197036261,1,1.59656916475029909662074548489472515349,1,1001,1,1001,2791.74,0,0
202307787,AUS / Pinjarra (AUS) 22nd Aug,TO BE PLACED,22-08-2022 08:33,39307836,9. Carabao,0,2.593423829,1,1.43303789684064878161272964870474287032,1,1001,1,1001,1040.72,0,0
202307793,AUS / Pinjarra (AUS) 22nd Aug,TO BE PLACED,22-08-2022 10:19,36682178,4. Under The Alta,0,4,1,2.22462950699883543031991414152946817985,1,1001,1,1001,875.86,0,0
202307793,AUS / Pinjarra (AUS) 22nd Aug,TO BE PLACED,22-08-2022 10:19,47672025,7. Alcippes Delight,0,4.08212127986081,1,1.11562361076809088663867621634971597925,1,1001,1,1001,404.9,0,0
202262067,AUS / Pakenham (AUS) 22nd Aug,TO BE PLACED,22-08-2022 05:30,47692766,1. Squizzy Mizzy,1,1.436384359,1,1.25359447559709241952232606438213914849,1,1001,1,1001,4815,0,0
202262067,AUS / Pakenham (AUS) 22nd Aug,TO BE PLACED,22-08-2022 05:30,23503878,10. Little Red Rooster,0,80,1,18.3883955002960331557134399052693901717,1,1001,1,1001,67.56,0,0
202262071,AUS / Pakenham (AUS) 22nd Aug,TO BE PLACED,22-08-2022 06:00,3711028,12. Hanabi,0,2.68,1,1.99246604337620127199406135264731256144,1,1001,1,1001,1993.72,0,0
202262071,AUS / Pakenham (AUS) 22nd Aug,TO BE PLACED,22-08-2022 06:00,47692768,2. Draft Day,1,2.4094026036992373,1,1.60156319535712891514528490936772111543,1,1001,1,1001,3073.96,0,0
202262071,AUS / Pakenham (AUS) 22nd Aug,TO BE PLACED,22-08-2022 06:00,47692769,3. Wheres Poppy,0,3.75,1,1.62201949696648406667844731106791541497,1,1001,1,1001,1358.16,0,0
202262075,AUS / Pakenham (AUS) 22nd Aug,TO BE PLACED,22-08-2022 06:30,5163564,7. Helicopter,0,2.8918391417955718,1,1.86439802311012111930948071836280105805,1,1001,1,1001,2873.2,0,0
202262075,AUS / Pakenham (AUS) 22nd Aug,TO BE PLACED,22-08-2022 06:30,10713182,8. Bishop Rock,1,3.6632801548179845,1,2.2639648506439670669742166914293688384,1,1001,1,1001,2436.46,0,0
202262079,AUS / Pakenham (AUS) 22nd Aug,TO BE PLACED,22-08-2022 07:00,47692777,11. Derugle Diamond,0,19.42444191746413,1,6.17985593263328767818191041444731902805,1,1001,1,1001,394.26,0,0
202262051,AUS / Pakenham (AUS) 22nd Aug,TO BE PLACED,22-08-2022 03:30,47295366,11. Laurie Blue,0,1.9613018643743452,1,1.47378861266376224493496132905785877465,1,1001,1,1001,3860.78,0,0
202262051,AUS / Pakenham (AUS) 22nd Aug,TO BE PLACED,22-08-2022 03:30,47692724,1. Aigle,0,5.2,1,1.89679004363989009212865686116049781801,1,1001,1,1001,618.7,0,0
202262051,AUS / Pakenham (AUS) 22nd Aug,TO BE PLACED,22-08-2022 03:30,39218513,12. Rocket Boy,1,3.210566755,1,1.76869818093191234794939401324972857997,1,1001,1,1001,1805.32,0,0
202262051,AUS / Pakenham (AUS) 22nd Aug,TO BE PLACED,22-08-2022 03:30,47692728,6. Lenys Ready,0,44.118793830564236,1,13.6009983588621444201312910284463894967,1,1001,1,1001,146.24,0,0
202262055,AUS / Pakenham (AUS) 22nd Aug,TO BE PLACED,22-08-2022 04:00,42501132,5. Sonofthebeast,0,2.7343567312021326,1,1.81262449208350847695109990191957405072,1,1001,1,1001,4282.2,0,0
202262055,AUS / Pakenham (AUS) 22nd Aug,TO BE PLACED,22-08-2022 04:00,40187338,3. Not Bluffing,1,5.023142076388468,1,2.71391318564538543284558162347747895038,1,1001,1,1001,978.64,0,0
202262059,AUS / Pakenham (AUS) 22nd Aug,TO BE PLACED,22-08-2022 04:30,47692748,7. Shunme,0,5.8,1,2.77586957874432207081077717628025636239,1,1001,1,1001,642.84,0,0
202300499,AUS / Lismore (AUS) 22nd Aug,TO BE PLACED,22-08-2022 04:15,41749921,4. Harvesta,0,1.3291744465890414,1,1.21787305736334862548454781464490202354,1,1001,1,1001,2249.52,0,0
202300499,AUS / Lismore (AUS) 22nd Aug,TO BE PLACED,22-08-2022 04:15,36772701,2. Beg Me,0,2.6000846294252553,1,1.88680718246245364080343700657290786913,1,1001,1,1001,1089.32,0,0
202300507,AUS / Lismore (AUS) 22nd Aug,TO BE PLACED,22-08-2022 06:40,47016515,14. Stoinka,1,1.7130510045223124,1,1.58771041653110065143989183639531773059,1,1001,1,1001,2766.18,0,0
202300507,AUS / Lismore (AUS) 22nd Aug,TO BE PLACED,22-08-2022 06:40,28396512,11. Shukkas,0,4.959204081,1,4.24719603350486421515231191075385944484,1,1001,1,1001,532.46,0,0
202300497,AUS / Lismore (AUS) 22nd Aug,TO BE PLACED,22-08-2022 03:40,38014736,4. Volfoni,1,1.52,1,1.40524185325380973000153646306203120417,1,1001,1,1001,1431.86,0,0
202300511,AUS / Lismore (AUS) 22nd Aug,TO BE PLACED,22-08-2022 07:50,38276450,2. Franklin Corners,0,2.7537776,1,2.06361497745540090178396392864144285434,1,1001,1,1001,714.14,0,0
202300511,AUS / Lismore (AUS) 22nd Aug,TO BE PLACED,22-08-2022 07:50,39388597,1. Night Guy,1,1.741836411278231676226,1,1.52410313763312880917690997516980977201,1,1001,1,1001,1949.24,0,0
202300503,AUS / Lismore (AUS) 22nd Aug,TO BE PLACED,22-08-2022 05:25,45758380,5. Victory Beans,0,6.4,1,2.3593593348820149162489301870644333048,1,1001,1,1001,327.16,0,0
202300503,AUS / Lismore (AUS) 22nd Aug,TO BE PLACED,22-08-2022 05:25,47662661,4. Over The Falls,1,4,1,3.44191702479338842975206611570247933884,1,1001,1,1001,605,0,0
202300505,AUS / Lismore (AUS) 22nd Aug,TO BE PLACED,22-08-2022 06:05,41774529,7. Nanakorobi Yaoki,0,2.72,1,2.23950366510642055992228208072065706968,1,1001,1,1001,452.92,0,0
202300505,AUS / Lismore (AUS) 22nd Aug,TO BE PLACED,22-08-2022 06:05,38092875,9. Noteably,1,4.316514047317907,1,2.98691398287810843864655523848348960457,1,1001,1,1001,343.42,0,0
202304070,AUS / Bathurst (AUS) 22nd Aug,TO BE PLACED,22-08-2022 04:35,3119302,2. Wasserman,1,1.6461586941477437,1,1.32123737099402498642042368278109722977,1,1001,1,1001,736.4,0,0
202304070,AUS / Bathurst (AUS) 22nd Aug,TO BE PLACED,22-08-2022 04:35,39308780,4. Ogrim,0,1.5403526603663344,1,1.38886320691695455499780505029297806959,1,1001,1,1001,1047.86,0,0
202304072,AUS / Bathurst (AUS) 22nd Aug,TO BE PLACED,22-08-2022 05:10,47663035,4. Lord Finland,1,1.8220681036904174,1,1.53947846930913449190993921753274548412,1,1001,1,1001,2336.2,0,0
202304074,AUS / Bathurst (AUS) 22nd Aug,TO BE PLACED,22-08-2022 05:45,39308161,5. Dungassen,0,4.6,1,2.97517998560115190784737221022318214543,1,1001,1,1001,333.36,0,0
202304076,AUS / Bathurst (AUS) 22nd Aug,TO BE PLACED,22-08-2022 06:20,28338720,2. Nobby,0,38.93540514238178,1,3.93172790105492906511458712259003273918,1,1001,1,1001,54.98,0,0
202304076,AUS / Bathurst (AUS) 22nd Aug,TO BE PLACED,22-08-2022 06:20,47663054,14. Guzzler,1,9.8,1,4.30540244416350611040876527602191319005,1,1001,1,1001,189.84,0,0
202304078,AUS / Bathurst (AUS) 22nd Aug,TO BE PLACED,22-08-2022 06:55,47441363,10. Irene Of Athens,0,3.871453840542986640725,1,2.49065774042220484753713838936669272869,1,1001,1,1001,204.64,0,0
202304078,AUS / Bathurst (AUS) 22nd Aug,TO BE PLACED,22-08-2022 06:55,22659776,9. Club Town,0,7.62264,1,3.16889765481465470658164919485572246839,1,1001,1,1001,185.06,0,0
202304078,AUS / Bathurst (AUS) 22nd Aug,TO BE PLACED,22-08-2022 06:55,24415168,8. Dexluther,0,4.642452,1,2.3123862108699827155751872479354714807,1,1001,1,1001,208.28,0,0
202304391,AUS / Redcliffe (AUS) 22nd Aug,TO BE PLACED,22-08-2022 10:35,24417129,7. Shezaluckylady,1,2.4044672888514462,1,1.78576089036290579756362012883474711397,1,1001,1,1001,1254.32,0,0
202304399,AUS / Redcliffe (AUS) 22nd Aug,TO BE PLACED,22-08-2022 12:24,24315027,6. Beyonski,0,6.845929360494258,1,1,1,1001,1,1001,0,0,0
202304389,AUS / Redcliffe (AUS) 22nd Aug,TO BE PLACED,22-08-2022 10:03,38744598,3. Bustaballoon,0,13.755322792511432,1,1.56849683034275276673471580530783281401,1,1001,1,1001,186.14,0,0
202304389,AUS / Redcliffe (AUS) 22nd Aug,TO BE PLACED,22-08-2022 10:03,39436506,1. Office Bad Boy,1,3.6,1,2.34092871615795826866701155371615795827,1,1001,1,1001,1855.68,0,0
202304393,AUS / Redcliffe (AUS) 22nd Aug,TO BE PLACED,22-08-2022 11:03,23429211,5. Go Jo Jolt,1,2.7100494233937398,1,1.05077379761190047361750383563471416183,1,1001,1,1001,599.64,0,0
202304401,AUS / Redcliffe (AUS) 22nd Aug,TO BE PLACED,22-08-2022 12:49,13072902,1. Willsintown,0,9.03157203973242,1,1,1,1001,1,1001,0,0,0
202304401,AUS / Redcliffe (AUS) 22nd Aug,TO BE PLACED,22-08-2022 12:49,8413602,2. Nolonga Your Choice,0,3.6122244095413967,1,1,1,1001,1,1001,0,0,0
202304401,AUS / Redcliffe (AUS) 22nd Aug,TO BE PLACED,22-08-2022 12:49,28081740,7. Feel The Thrill,1,1.7183262201180334,1,1,1,1001,1,1001,0,0,0
202304407,AUS / Shepparton (AUS) 22nd Aug,TO BE PLACED,22-08-2022 05:55,10256739,2. Ace Duigan,0,4.313714416322054,1,1.96151496956395709967286430079920493602,1,1001,1,1001,965.96,0,0
202304407,AUS / Shepparton (AUS) 22nd Aug,TO BE PLACED,22-08-2022 05:55,28249580,1. The Constitution,0,3.965553011,1,2.64029045218123669804126879346254965116,1,1001,1,1001,1757.26,0,0
202304409,AUS / Shepparton (AUS) 22nd Aug,TO BE PLACED,22-08-2022 06:33,47663489,1. Roarforroscoe,1,1.390926252,1,1.0917724704547136759517406429646443463,1,1001,1,1001,810.62,0,0
202304411,AUS / Shepparton (AUS) 22nd Aug,TO BE PLACED,22-08-2022 07:10,45874973,7. Occiano,1,5.0415477211633695,1,1.66139600031125982413819936191736051669,1,1001,1,1001,514.04,0,0
202304411,AUS / Shepparton (AUS) 22nd Aug,TO BE PLACED,22-08-2022 07:10,46790915,5. Stylish In Black,0,11.014907382504322,1,1.12877251698001771827935820454769170194,1,1001,1,1001,203.18,0,0
202304413,AUS / Shepparton (AUS) 22nd Aug,TO BE PLACED,22-08-2022 07:45,22033111,2. Island Rocknroll,0,9.643049286,1,,1,1001,1,1001,212.18,0,0
202304415,AUS / Shepparton (AUS) 22nd Aug,TO BE PLACED,22-08-2022 08:25,47663492,6. Yareadyfreddy,1,1.8929550943049256,1,1.08439477603390995532134265093366937794,1,1001,1,1001,1745.8,0,0
202304415,AUS / Shepparton (AUS) 22nd Aug,TO BE PLACED,22-08-2022 08:25,22185315,11. Spencer,0,1.8,1,1.2640258362168396770472895040369088812,1,1001,1,1001,1300.5,0,0
202304417,AUS / Shepparton (AUS) 22nd Aug,TO BE PLACED,22-08-2022 09:03,15724116,1. Stormont Star,0,5.085518089176331,1,2.3235208900735933244480500666396245002,1,1001,1,1001,690.28,0,0
202307009,AUS / Globe Derby (AUS) 22nd Aug,TO BE PLACED,22-08-2022 04:39,6700338,5. Major Lincoln,1,1.1911436944027163,1,1.03706720542383417676026924907482054918,1,1001,1,1001,2059.06,0,0
202307011,AUS / Globe Derby (AUS) 22nd Aug,TO BE PLACED,22-08-2022 05:13,22970746,5. Dee,0,3.391179034466285,1,1.31577715161811627232420337297476484482,1,1001,1,1001,965.32,0,0
202307017,AUS / Globe Derby (AUS) 22nd Aug,TO BE PLACED,22-08-2022 07:03,12059099,1. Liberty Tee Jay,0,1.4987278247236244,1,1.37308130493576741041244083840432724814,1,1001,1,1001,3549.6,0,0
202307019,AUS / Globe Derby (AUS) 22nd Aug,TO BE PLACED,22-08-2022 07:38,18818339,4. Boss Major,0,21.193436755221338,1,1.46773843145774494894633934390614816424,1,1001,1,1001,92.06,0,0
202307779,AUS / Pinjarra (AUS) 22nd Aug,TO BE PLACED,22-08-2022 06:08,47672012,1. Lukes Mistake,1,3.655092962168614,1,1.78797988199516544069867179580485015465,1,1001,1,1001,769.46,0,0
202307779,AUS / Pinjarra (AUS) 22nd Aug,TO BE PLACED,22-08-2022 06:08,47672014,6. Leni Rose,0,52.238261884,1,,1,1001,1,1001,4.98,0,0
202307791,AUS / Pinjarra (AUS) 22nd Aug,TO BE PLACED,22-08-2022 09:44,37228489,1. Elish Star,0,2.6779779697695627,1,1.96794133209561383151543281503829194709,1,1001,1,1001,2154.5,0,0
202307789,AUS / Pinjarra (AUS) 22nd Aug,TO BE PLACED,22-08-2022 09:11,4880488,3. Call To Arms,0,4.5,1,1.70096699860093819438729322689490576907,1,1001,1,1001,486.04,0,0
202307789,AUS / Pinjarra (AUS) 22nd Aug,TO BE PLACED,22-08-2022 09:11,24611291,1. Hesacharmer,0,9.395980239,1,4.0164353094562466446813405936038039727,1,1001,1,1001,782.34,0,0
202307789,AUS / Pinjarra (AUS) 22nd Aug,TO BE PLACED,22-08-2022 09:11,27701364,2. Sippinonjack,0,4.74526497172511,1,1.59194285889645860185355674215920947646,1,1001,1,1001,1303.44,0,0
202307793,AUS / Pinjarra (AUS) 22nd Aug,TO BE PLACED,22-08-2022 10:19,27213007,2. Gov Starzzz,0,49.30981803141536,1,1.02015437392795883361921097770154373928,1,1001,1,1001,46.64,0,0
202307793,AUS / Pinjarra (AUS) 22nd Aug,TO BE PLACED,22-08-2022 10:19,47281818,1. Bitofdutchcourage,0,2.757813876,1,1.52659180197953024094963495034312981604,1,1001,1,1001,1186.14,0,0
202262067,AUS / Pakenham (AUS) 22nd Aug,TO BE PLACED,22-08-2022 05:30,41332144,8. Kannenbergs Road,0,8.4,1,3.04675233138147907178486228583821296899,1,1001,1,1001,737.76,0,0
202262067,AUS / Pakenham (AUS) 22nd Aug,TO BE PLACED,22-08-2022 05:30,28223991,6. Oh So Rewarding,0,4.3,1,2.71702745079684538157309681495869509256,1,1001,1,1001,1709.24,0,0
202262071,AUS / Pakenham (AUS) 22nd Aug,TO BE PLACED,22-08-2022 06:00,6762351,1. Montenegro,0,4.541324216421927,1,2.75299775645615542507995608382261683135,1,1001,1,1001,1675.92,0,0
202262075,AUS / Pakenham (AUS) 22nd Aug,TO BE PLACED,22-08-2022 06:30,41860294,2. Ferlaxing,0,3.9,1,2.2387229940836269361164661304261118128,1,1001,1,1001,1504.3,0,0
202262075,AUS / Pakenham (AUS) 22nd Aug,TO BE PLACED,22-08-2022 06:30,43378557,11. Tywina,0,17.351402532,1,4.21443281518887352949473862386097554095,1,1001,1,1001,354.47,0,0
202262079,AUS / Pakenham (AUS) 22nd Aug,TO BE PLACED,22-08-2022 07:00,28339544,5. The Turffinator,0,2.8966652133828026,1,1.4639799935463052597612132946111648919,1,1001,1,1001,1239.6,0,0
202262059,AUS / Pakenham (AUS) 22nd Aug,TO BE PLACED,22-08-2022 04:30,47295348,5. Our Goddess,1,5.930176272429526,1,2.91194929886982000837170364169108413562,1,1001,1,1001,764.48,0,0
202262063,AUS / Pakenham (AUS) 22nd Aug,TO BE PLACED,22-08-2022 05:00,42010718,2. Boldinho,1,1.3915234103741745,1,1.23333575336654318665891089758448612927,1,1001,1,1001,4572.94,0,0
202262063,AUS / Pakenham (AUS) 22nd Aug,TO BE PLACED,22-08-2022 05:00,47692757,5. Fasuto,0,2.06,1,1.5869764905146998669846108163630138439,1,1001,1,1001,6600.74,0,0
202300499,AUS / Lismore (AUS) 22nd Aug,TO BE PLACED,22-08-2022 04:15,47662653,9. Handsome Fighter,0,24,1,8.65927470305787212534748546878948698509,1,1001,1,1001,158.28,0,0
202300499,AUS / Lismore (AUS) 22nd Aug,TO BE PLACED,22-08-2022 04:15,38109827,8. Street Baby,0,7.738836579187775,1,3.16870544539627388725813215120110225843,1,1001,1,1001,166.93,0,0
202300507,AUS / Lismore (AUS) 22nd Aug,TO BE PLACED,22-08-2022 06:40,45919411,8. Entomologist,0,4.471908983317334,1,3.24369421107902336571278550800735101076,1,1001,1,1001,609.44,0,0
202300507,AUS / Lismore (AUS) 22nd Aug,TO BE PLACED,22-08-2022 06:40,47662667,13. Smart Rubick,0,2.86,1,2.42517088147370122000484770138159489375,1,1001,1,1001,495.08,0,0
202300501,AUS / Lismore (AUS) 22nd Aug,TO BE PLACED,22-08-2022 04:50,41511010,6. Bubbles N More,1,5.5,1,2.79344389210333306169016380083122809877,1,1001,1,1001,245.42,0,0
202300503,AUS / Lismore (AUS) 22nd Aug,TO BE PLACED,22-08-2022 05:25,47662664,14. Uploads,0,4.5,1,2.99864753174543541964084454128785032685,1,1001,1,1001,532.36,0,0
202300505,AUS / Lismore (AUS) 22nd Aug,TO BE PLACED,22-08-2022 06:05,38523146,10. Northern Star,0,27,1,12.6311930944779472626226794371526546057,1,1001,1,1001,169.14,0,0
202300509,AUS / Lismore (AUS) 22nd Aug,TO BE PLACED,22-08-2022 07:15,2902024,4. Daedalus,0,2.6933710718338815,1,2.11651320627849803534281691916538841378,1,1001,1,1001,951.82,0,0
202300509,AUS / Lismore (AUS) 22nd Aug,TO BE PLACED,22-08-2022 07:15,46133357,5. Snide,0,4.6,1,4.13429460555190498034888478371375082138,1,1001,1,1001,1613.14,0,0
202300509,AUS / Lismore (AUS) 22nd Aug,TO BE PLACED,22-08-2022 07:15,47662672,3. Sir Bangalow,0,5.8,1,4.2585842389690599204228279589049230952,1,1001,1,1001,336.78,0,0
202304074,AUS / Bathurst (AUS) 22nd Aug,TO BE PLACED,22-08-2022 05:45,39529822,8. Sallys Nickels,0,8.754929755339399,1,3.82543757069186971608228054368038648084,1,1001,1,1001,521.63,0,0
202304076,AUS / Bathurst (AUS) 22nd Aug,TO BE PLACED,22-08-2022 06:20,1292395,5. Beau Monde,0,2.133184968537207,1,1.59904558926371174531286423124313163942,1,1001,1,1001,1201.16,0,0
202304076,AUS / Bathurst (AUS) 22nd Aug,TO BE PLACED,22-08-2022 06:20,42208677,13. Principal Belle,0,5.47,1,2.02953670620027022969524095481158985137,1,1001,1,1001,666.1,0,0
202304078,AUS / Bathurst (AUS) 22nd Aug,TO BE PLACED,22-08-2022 06:55,14311089,2. Dragons Shadow,1,2.0099526,1,1.90619223659889094269870609981515711645,1,1001,1,1001,3440.76,0,0
202304082,AUS / Bathurst (AUS) 22nd Aug,TO BE PLACED,22-08-2022 08:10,44994074,8. Harley Fat Boy,0,3.58490760319090368823,1,2.46834311632870864461045891141942369264,1,1001,1,1001,524.72,0,0
202304391,AUS / Redcliffe (AUS) 22nd Aug,TO BE PLACED,22-08-2022 10:35,28467583,2. Joy Maker,0,1.814017853581608,1,1.17401255145116748060469701188173944452,1,1001,1,1001,2657.86,0,0
202304391,AUS / Redcliffe (AUS) 22nd Aug,TO BE PLACED,22-08-2022 10:35,1461601,1. Perfect Feeling,0,7.6,1,3.84563160351338736368651079899859973692,1,1001,1,1001,471.34,0,0
202304399,AUS / Redcliffe (AUS) 22nd Aug,TO BE PLACED,22-08-2022 12:24,21651110,9. Hit The Track,0,3.124504723720605,1,1,1,1001,1,1001,0,0,0
202304385,AUS / Redcliffe (AUS) 22nd Aug,TO BE PLACED,22-08-2022 08:52,39395733,2. Not The Kingswood,0,3.7869291553168822,1,1.15095601881824852173162415296301091976,1,1001,1,1001,463.38,0,0
202304385,AUS / Redcliffe (AUS) 22nd Aug,TO BE PLACED,22-08-2022 08:52,28506996,4. Rocknroll Da Gama,1,2.2899211945250935,1,1.20269707178025395180098471106504275719,1,1001,1,1001,771.8,0,0
202304385,AUS / Redcliffe (AUS) 22nd Aug,TO BE PLACED,22-08-2022 08:52,38483950,6. Shesherz,0,49.590050393678254,1,1.26629502572898799313893653516295025729,1,1001,1,1001,46.64,0,0
202304387,AUS / Redcliffe (AUS) 22nd Aug,TO BE PLACED,22-08-2022 09:25,12263704,3. Hot Rod Heaven,1,1.31,1,1.08023270976478258689001454436029891168,1,1001,1,1001,1196.34,0,0
202304389,AUS / Redcliffe (AUS) 22nd Aug,TO BE PLACED,22-08-2022 10:03,28863278,2. Tactfilly Miracle,1,1.788004333438003,1,1.19059340997454616654079606164862521328,1,1001,1,1001,1430.04,0,0
202304393,AUS / Redcliffe (AUS) 22nd Aug,TO BE PLACED,22-08-2022 11:03,27691524,1. Floorless,0,3.982781383464772,1,1.31330742205870148551827159810783147528,1,1001,1,1001,722.98,0,0
202304401,AUS / Redcliffe (AUS) 22nd Aug,TO BE PLACED,22-08-2022 12:49,28329838,8. Jukebox Jet,1,2.04,1,1,1,1001,1,1001,0,0,0
202304405,AUS / Shepparton (AUS) 22nd Aug,TO BE PLACED,22-08-2022 05:20,44913744,5. Rockstar Leo,0,7.6,1,4.86208386457005241535628275959767672475,1,1001,1,1001,564.72,0,0
202304407,AUS / Shepparton (AUS) 22nd Aug,TO BE PLACED,22-08-2022 05:55,23485032,4. Bobsled Boy,0,17.453215200142004,1,1.60722521137586471944657955418908531899,1,1001,1,1001,104.08,0,0
202304409,AUS / Shepparton (AUS) 22nd Aug,TO BE PLACED,22-08-2022 06:33,41419906,5. Jaxon Beach,1,4.4,1,1.01156897311591009255178492728074041428,1,1001,1,1001,181.52,0,0
202304409,AUS / Shepparton (AUS) 22nd Aug,TO BE PLACED,22-08-2022 06:33,39133862,3. Our Art Work,0,3.141795983664054,1,1.01447470817120622568093385214007782101,1,1001,1,1001,215.88,0,0
202304413,AUS / Shepparton (AUS) 22nd Aug,TO BE PLACED,22-08-2022 07:45,42729848,10. Didshedoit,0,1.97,1,1.22021400667255981065898656933474008383,1,1001,1,1001,1402.76,0,0
202304417,AUS / Shepparton (AUS) 22nd Aug,TO BE PLACED,22-08-2022 09:03,40031651,7. Balenciago,0,3.9352870143332987,1,1.80696248580352072685973878478137421919,1,1001,1,1001,1127.04,0,0
202307011,AUS / Globe Derby (AUS) 22nd Aug,TO BE PLACED,22-08-2022 05:13,39670143,4. Smart Cha Cha,0,4.2,1,1.47053676827998055690577043260884660787,1,1001,1,1001,576.04,0,0
202307015,AUS / Globe Derby (AUS) 22nd Aug,TO BE PLACED,22-08-2022 06:23,28393556,4. Quick Quaker,0,2.3404740021008403,1,1.00212105041426765903665215559612413987,1,1001,1,1001,712.1,0,0
202307017,AUS / Globe Derby (AUS) 22nd Aug,TO BE PLACED,22-08-2022 07:03,11072850,4. Glacier Heights,0,4.814856840840003,1,2.18098468424365340233582768025736065459,1,1001,1,1001,285.98,0,0
202307017,AUS / Globe Derby (AUS) 22nd Aug,TO BE PLACED,22-08-2022 07:03,38979718,3. Come On Sloopy,0,2.533241818,1,1.44712086376997177032100346322866039987,1,1001,1,1001,1374.44,0,0
202307783,AUS / Pinjarra (AUS) 22nd Aug,TO BE PLACED,22-08-2022 07:18,43658830,2. Capricorn Joe,1,1.26,1,1.18614796880271487824723650002976840183,1,1001,1,1001,4031.12,0,0
202307781,AUS / Pinjarra (AUS) 22nd Aug,TO BE PLACED,22-08-2022 06:43,47672020,7. Batavia Bob,0,14.861579893829765,1,1.35731430857447659687958394452593679157,1,1001,1,1001,149.98,0,0
202307785,AUS / Pinjarra (AUS) 22nd Aug,TO BE PLACED,22-08-2022 07:57,23178783,7. Jedrek,0,3.2032809697360007,1,1.06362128421144528351302981361037146973,1,1001,1,1001,458.18,0,0
202307785,AUS / Pinjarra (AUS) 22nd Aug,TO BE PLACED,22-08-2022 07:57,40061826,1. Nomorecheeseplease,0,8.6,1,1.7621531782104334848382063632046672546,1,1001,1,1001,294.82,0,0
202307785,AUS / Pinjarra (AUS) 22nd Aug,TO BE PLACED,22-08-2022 07:57,47672023,5. Im Themightylucy,1,1.0160526395059266,1,1.01451822633297062023939064200217627856,1,1001,1,1001,5146.4,0,0
202307793,AUS / Pinjarra (AUS) 22nd Aug,TO BE PLACED,22-08-2022 10:19,40061827,5. Strauny,1,3.07986838169309,1,1.67710323933814961547424842694010720112,1,1001,1,1001,686.56,0,0
202262067,AUS / Pakenham (AUS) 22nd Aug,TO BE PLACED,22-08-2022 05:30,38766088,4. Dio,0,1.7669443534463607,1,1.38614676030593102121314156525085381692,1,1001,1,1001,4157.8,0,0
202262067,AUS / Pakenham (AUS) 22nd Aug,TO BE PLACED,22-08-2022 05:30,42413114,2. The Superintendent,0,2.828400585,1,1.79180799406167201047455075930183407734,1,1001,1,1001,1939.94,0,0
202262067,AUS / Pakenham (AUS) 22nd Aug,TO BE PLACED,22-08-2022 05:30,46652772,9. Nixie,1,3.343218731469679,1,1.79465113285272914521112255406797116375,1,1001,1,1001,1398.24,0,0
202262067,AUS / Pakenham (AUS) 22nd Aug,TO BE PLACED,22-08-2022 05:30,42087902,3. Magic Drum,1,3.2,1,1.80045347695804918371564372804298408762,1,1001,1,1001,1548.48,0,0
202262071,AUS / Pakenham (AUS) 22nd Aug,TO BE PLACED,22-08-2022 06:00,37506561,5. Panagsama,0,6,1,2.95580885666297980418663717176682643071,1,1001,1,1001,976.44,0,0
202262071,AUS / Pakenham (AUS) 22nd Aug,TO BE PLACED,22-08-2022 06:00,41920619,8. Brillant Sapphire,0,6.722324444828557,1,3.33778385640062800446724827217843095997,1,1001,1,1001,1235.66,0,0
202262051,AUS / Pakenham (AUS) 22nd Aug,TO BE PLACED,22-08-2022 03:30,41133717,9. Typhoon Neta,0,5.8,1,2.13716683805341708123731969650648953614,1,1001,1,1001,719.62,0,0
202262059,AUS / Pakenham (AUS) 22nd Aug,TO BE PLACED,22-08-2022 04:30,46472048,4. Systemic,0,19,1,6.4304817275747508305647840531561461794,1,1001,1,1001,361.2,0,0
202262059,AUS / Pakenham (AUS) 22nd Aug,TO BE PLACED,22-08-2022 04:30,47692745,1. Machinegun Krelley,0,3.3,1,2.20208425489838932112097005021987458042,1,1001,1,1001,1537.24,0,0
202262063,AUS / Pakenham (AUS) 22nd Aug,TO BE PLACED,22-08-2022 05:00,47692761,13. Prancing Queen,1,7.4,1,4.59477743201190637261534298471113516439,1,1001,1,1001,1182.56,0,0
202262063,AUS / Pakenham (AUS) 22nd Aug,TO BE PLACED,22-08-2022 05:00,47692755,3. Callsign Viper,0,15.588976003602147,1,7.71607181021585808933532806155161359265,1,1001,1,1001,655.06,0,0
202300497,AUS / Lismore (AUS) 22nd Aug,TO BE PLACED,22-08-2022 03:40,40950741,6. Miss Juvenile,0,7.0120411204360416,1,4.55030261815708942536552193131587895274,1,1001,1,1001,294.1,0,0
202300501,AUS / Lismore (AUS) 22nd Aug,TO BE PLACED,22-08-2022 04:50,28672475,11. Shezanuisance,0,18,1,8.72437230129537821845514153206460898769,1,1001,1,1001,187.59,0,0
202300501,AUS / Lismore (AUS) 22nd Aug,TO BE PLACED,22-08-2022 04:50,47208213,1. Dempsey Rae,0,2.148271615,1,1.89030369809241787755664210453825494112,1,1001,1,1001,871.26,0,0
202300501,AUS / Lismore (AUS) 22nd Aug,TO BE PLACED,22-08-2022 04:50,47662659,9. Miss Espionage,1,3.55,1,2.82340421549174497398075699150162854255,1,1001,1,1001,534.22,0,0
202300503,AUS / Lismore (AUS) 22nd Aug,TO BE PLACED,22-08-2022 05:25,47268050,12. Reigning Bubbles,0,9.416303160542736,1,5.22303630104834924112032545767485526522,1,1001,1,1001,511.28,0,0
202300503,AUS / Lismore (AUS) 22nd Aug,TO BE PLACED,22-08-2022 05:25,47662663,7. Fivestarlily,0,40.74912778152152,1,18.8817921830314585319351763584366062917,1,1001,1,1001,62.94,0,0
202304080,AUS / Bathurst (AUS) 22nd Aug,TO BE PLACED,22-08-2022 07:35,28500309,10. Zanshin,0,4.980690426,1,3.0656039255158530447911424257674886764,1,1001,1,1001,397.4,0,0
202304080,AUS / Bathurst (AUS) 22nd Aug,TO BE PLACED,22-08-2022 07:35,36423838,3. Deshawn,1,1.7,1,1.38353951428954783308734737689520998256,1,1001,1,1001,1788.72,0,0
202304080,AUS / Bathurst (AUS) 22nd Aug,TO BE PLACED,22-08-2022 07:35,41307849,14. Tiger King,0,3.982961534517817,1,3.0454918032786885245901639344262295082,1,1001,1,1001,270.84,0,0
202304070,AUS / Bathurst (AUS) 22nd Aug,TO BE PLACED,22-08-2022 04:35,835633,9. Rhythmo,0,26,1,13.0701652271873826511453248216297408937,1,1001,1,1001,106.52,0,0
202304074,AUS / Bathurst (AUS) 22nd Aug,TO BE PLACED,22-08-2022 05:45,47663041,1. Bringonthebubbles,1,1.324320697210715,1,1.18390747442768154382488172991523222022,1,1001,1,1001,3310.22,0,0
202304074,AUS / Bathurst (AUS) 22nd Aug,TO BE PLACED,22-08-2022 05:45,47663046,10. Superwand,0,21.445316810344824,1,9.14342013369250723336326449166916092986,1,1001,1,1001,100.23,0,0
202304078,AUS / Bathurst (AUS) 22nd Aug,TO BE PLACED,22-08-2022 06:55,47663056,11. Borislav,0,4.559669,1,2.53092941902736813224500994581246999108,1,1001,1,1001,291.58,0,0
202304082,AUS / Bathurst (AUS) 22nd Aug,TO BE PLACED,22-08-2022 08:10,39457094,13. Noble Privilege,0,3.76675292706310987084,1,3.09112920738327904451682953311617806732,1,1001,1,1001,386.82,0,0
202304082,AUS / Bathurst (AUS) 22nd Aug,TO BE PLACED,22-08-2022 08:10,26530594,2. Chapelis,0,4.13504888582044,1,3.18198485123184464454785358876734956991,1,1001,1,1001,992.82,0,0
202304391,AUS / Redcliffe (AUS) 22nd Aug,TO BE PLACED,22-08-2022 10:35,27078537,9. Gosling In Flight,1,2.969894931678371,1,1.28239838274932614555256064690026954178,1,1001,1,1001,742,0,0
202304385,AUS / Redcliffe (AUS) 22nd Aug,TO BE PLACED,22-08-2022 08:52,9457722,8. Moonlight Butcher,0,3.578720168231521,1,1.23076803816338700059630292188431723315,1,1001,1,1001,335.4,0,0
202304387,AUS / Redcliffe (AUS) 22nd Aug,TO BE PLACED,22-08-2022 09:25,16793942,1. Courageous Leo,1,3.65,1,1.48180861739665274675471820271276423554,1,1001,1,1001,617.82,0,0
202304389,AUS / Redcliffe (AUS) 22nd Aug,TO BE PLACED,22-08-2022 10:03,19583061,9. Betting Baron,0,1.7871790841554223,1,1.0672695959295718007448463972863812005,1,1001,1,1001,1143.86,0,0
202304397,AUS / Redcliffe (AUS) 22nd Aug,TO BE PLACED,22-08-2022 11:59,17234751,2. Manly Boy,0,2.1484061726968506,1,1.62999971298418542861711680313585278549,1,1001,1,1001,8.78,0,0
202304401,AUS / Redcliffe (AUS) 22nd Aug,TO BE PLACED,22-08-2022 12:49,41332663,5. Lesvos Lad,0,2.7844783755519886,1,1,1,1001,1,1001,0,0,0
202304407,AUS / Shepparton (AUS) 22nd Aug,TO BE PLACED,22-08-2022 05:55,40845948,3. Lils Nightmare,0,2.8077383596395578,1,1.10606925848255094907780824864225412701,1,1001,1,1001,743.88,0,0
202304409,AUS / Shepparton (AUS) 22nd Aug,TO BE PLACED,22-08-2022 06:33,4146161,6. Sinister,0,7,1,1.55851167995523849489439082389145335012,1,1001,1,1001,285.96,0,0
202304411,AUS / Shepparton (AUS) 22nd Aug,TO BE PLACED,22-08-2022 07:10,45517206,10. Jasperine,0,24,1,4.43494897959183673469387755102040816327,1,1001,1,1001,15.68,0,0
202304411,AUS / Shepparton (AUS) 22nd Aug,TO BE PLACED,22-08-2022 07:10,46790904,6. Eric The Kicker,1,1.92,1,1.5181516050332547098184910359069880445,1,1001,1,1001,1975.66,0,0
202304411,AUS / Shepparton (AUS) 22nd Aug,TO BE PLACED,22-08-2022 07:10,41110709,8. Dallas Patrick,0,1.9140274992955222,1,1.26659300810244206470621564961187602697,1,1001,1,1001,1411.92,0,0
202304411,AUS / Shepparton (AUS) 22nd Aug,TO BE PLACED,22-08-2022 07:10,41690936,2. Really Smartie,1,1.9089741783231173,1,1.19160482389845108651486339330700342939,1,1001,1,1001,1230.54,0,0
202304413,AUS / Shepparton (AUS) 22nd Aug,TO BE PLACED,22-08-2022 07:45,42997956,8. Rolling Remona,0,5.3,1,1.3583085198347901258284506771683795985,1,1001,1,1001,416.44,0,0
202304413,AUS / Shepparton (AUS) 22nd Aug,TO BE PLACED,22-08-2022 07:45,47663491,4. Roam,0,9.6,1,2.33816575733956871914783060535203949078,1,1001,1,1001,153.96,0,0
202307009,AUS / Globe Derby (AUS) 22nd Aug,TO BE PLACED,22-08-2022 04:39,7584222,2. Sutter Man,1,1.66,1,1.2809306905459726839892033409404214404,1,1001,1,1001,1726.46,0,0
202307011,AUS / Globe Derby (AUS) 22nd Aug,TO BE PLACED,22-08-2022 05:13,36672744,6. Atego Titan,0,3.382973268643254,1,1.12813954983922829581993569131832797428,1,1001,1,1001,311,0,0
202307015,AUS / Globe Derby (AUS) 22nd Aug,TO BE PLACED,22-08-2022 06:23,38753664,5. Make Mine Muscle,1,3.0367958428571002,1,1.12627820930631447403886207150033079317,1,1001,1,1001,816.22,0,0
202307017,AUS / Globe Derby (AUS) 22nd Aug,TO BE PLACED,22-08-2022 07:03,11475337,2. Nykea Courage,1,6.216292573,1,2.58303609213469560486064929568949882111,1,1001,1,1001,330.82,0,0
202307021,AUS / Globe Derby (AUS) 22nd Aug,TO BE PLACED,22-08-2022 08:17,26721526,2. Spring Delight,0,2.789047141,1,1.87355363801001384894002343666773196975,1,1001,1,1001,938.7,0,0
202307023,AUS / Globe Derby (AUS) 22nd Aug,TO BE PLACED,22-08-2022 08:44,41833054,6. Major Jolt,1,1.356817039384676,1,1.18219145172415411108347918299166193535,1,1001,1,1001,4262.38,0,0
202307023,AUS / Globe Derby (AUS) 22nd Aug,TO BE PLACED,22-08-2022 08:44,41501028,8. Hilltop Breeze,0,1.6,1,1.28049507056582135656548841166786896769,1,1001,1,1001,2162.52,0,0
202307779,AUS / Pinjarra (AUS) 22nd Aug,TO BE PLACED,22-08-2022 06:08,47281802,2. Mister Linton,1,1.4641438598969982,1,1.06529151081476662872011709221011546593,1,1001,1,1001,1475.76,0,0
202307791,AUS / Pinjarra (AUS) 22nd Aug,TO BE PLACED,22-08-2022 09:44,24416430,8. Majestic Dream,0,1.6673555293053506,1,1.5673900834995935860489174610212074189,1,1001,1,1001,4059.9,0,0
202307791,AUS / Pinjarra (AUS) 22nd Aug,TO BE PLACED,22-08-2022 09:44,17344423,3. The Male Model,0,9.89684828473143,1,2.04440369143398012304779933743492664458,1,1001,1,1001,169.04,0,0
202307791,AUS / Pinjarra (AUS) 22nd Aug,TO BE PLACED,22-08-2022 09:44,19951126,10. Majestic Courtney,0,7.044071206568601,1,2.96669380597482307258721112294106594852,1,1001,1,1001,319.34,0,0
202307781,AUS / Pinjarra (AUS) 22nd Aug,TO BE PLACED,22-08-2022 06:43,47672019,6. Im Rockin Rod,0,2.86,1,1.07957435359324131622137918045578066564,1,1001,1,1001,743.34,0,0
202307785,AUS / Pinjarra (AUS) 22nd Aug,TO BE PLACED,22-08-2022 07:57,41121023,3. Cherry On The Cake,1,4.293579219468789,1,2.33325852076804878343879686876141849463,1,1001,1,1001,1653.02,0,0
202307793,AUS / Pinjarra (AUS) 22nd Aug,TO BE PLACED,22-08-2022 10:19,47281893,3. Noted,1,2.078736052,1,1.24120236753717055238887126243121122939,1,1001,1,1001,1828.06,0,0
202262067,AUS / Pakenham (AUS) 22nd Aug,TO BE PLACED,22-08-2022 05:30,47692767,5. Glamour And Glory,0,2.255580462,1,1.55908826117673305982821234243502187628,1,1001,1,1001,3227.24,0,0
202262071,AUS / Pakenham (AUS) 22nd Aug,TO BE PLACED,22-08-2022 06:00,28672275,4. Oxley Jack,1,6.5034283087012605,1,2.76033129526039634014136420797016608126,1,1001,1,1001,922.44,0,0
202262079,AUS / Pakenham (AUS) 22nd Aug,TO BE PLACED,22-08-2022 07:00,5166758,9. Fabiola,0,3.6,1,1.45406454998688008396746260823930726843,1,1001,1,1001,1143.3,0,0
202262051,AUS / Pakenham (AUS) 22nd Aug,TO BE PLACED,22-08-2022 03:30,47692725,2. Lets Prosper,0,6.4,1,4.03683871383465429473548553386171789419,1,1001,1,1001,1241.52,0,0
202262051,AUS / Pakenham (AUS) 22nd Aug,TO BE PLACED,22-08-2022 03:30,47692726,3. Master Polanski,0,7.285028496,1,3.38758624253856688803328251376004547921,1,1001,1,1001,773.98,0,0
202262059,AUS / Pakenham (AUS) 22nd Aug,TO BE PLACED,22-08-2022 04:30,47692751,12. Cest Magique,1,2.38,1,1.70789582437803066295634337081363166746,1,1001,1,1001,2652.06,0,0
202262063,AUS / Pakenham (AUS) 22nd Aug,TO BE PLACED,22-08-2022 05:00,47692754,1. Bankstown,0,9.395978243544235,1,3.95116961469902646373234608528726175785,1,1001,1,1001,729.3,0,0
202300499,AUS / Lismore (AUS) 22nd Aug,TO BE PLACED,22-08-2022 04:15,47662655,11. Trenches,0,7.300064898421988,1,5.17053372057385542696186459230286489879,1,1001,1,1001,685.19,0,0
202300507,AUS / Lismore (AUS) 22nd Aug,TO BE PLACED,22-08-2022 06:40,41222740,15. Timstar,0,11,1,2.64809674316339150748935000687096330906,1,1001,1,1001,291.08,0,0
202300507,AUS / Lismore (AUS) 22nd Aug,TO BE PLACED,22-08-2022 06:40,46133352,3. Hardley Grey,1,2.1,1,1.81220322535111863928294163314277648387,1,1001,1,1001,1133.52,0,0
202300507,AUS / Lismore (AUS) 22nd Aug,TO BE PLACED,22-08-2022 06:40,47662669,17. Include,0,9.832304502363982,1,4.9746601639514371692435405209089965757,1,1001,1,1001,192.74,0,0
202300507,AUS / Lismore (AUS) 22nd Aug,TO BE PLACED,22-08-2022 06:40,25977454,5. Karapiro,0,5.480623934491884,1,3.54636085228383397406659281944353945396,1,1001,1,1001,306.94,0,0
202300497,AUS / Lismore (AUS) 22nd Aug,TO BE PLACED,22-08-2022 03:40,27068275,7. Ballybrack,0,4.4,1,3.46414727759595358524248735495388277298,1,1001,1,1001,672.2,0,0
202300501,AUS / Lismore (AUS) 22nd Aug,TO BE PLACED,22-08-2022 04:50,47662656,2. Du Jour Idea,0,3.05,1,1.83960027910685805422647527910685805423,1,1001,1,1001,401.28,0,0
202300511,AUS / Lismore (AUS) 22nd Aug,TO BE PLACED,22-08-2022 07:50,38345207,13. Game Set Match,0,12.91425,1,7.65777123541598517064660342383600479773,1,1001,1,1001,183.42,0,0
202300503,AUS / Lismore (AUS) 22nd Aug,TO BE PLACED,22-08-2022 05:25,42878890,1. Baroona Road,0,12.5,1,4.80470450359953122384061610580947597522,1,1001,1,1001,238.92,0,0
202300503,AUS / Lismore (AUS) 22nd Aug,TO BE PLACED,22-08-2022 05:25,39530107,8. Inclusion,0,1.6887430068771936,1,1.44568327897831206681472116713190089672,1,1001,1,1001,3575.26,0,0
202300503,AUS / Lismore (AUS) 22nd Aug,TO BE PLACED,22-08-2022 05:25,44208679,11. Miss Spontaneous,0,32,1,10.4611273486430062630480167014613778706,1,1001,1,1001,119.75,0,0
202300505,AUS / Lismore (AUS) 22nd Aug,TO BE PLACED,22-08-2022 06:05,38697375,6. Just Cosmos,1,2.06,1,1.71586567667904151198110023624704691191,1,1001,1,1001,474.08,0,0
202300505,AUS / Lismore (AUS) 22nd Aug,TO BE PLACED,22-08-2022 06:05,40611603,2. Beef Week Princess,0,2.148181923664306,1,1.90761113825109916951636541279921836834,1,1001,1,1001,1310.08,0,0
202300509,AUS / Lismore (AUS) 22nd Aug,TO BE PLACED,22-08-2022 07:15,35372928,10. Estroncio,0,26.616047617706936,1,16.1449307726663689146940598481464939705,1,1001,1,1001,134.34,0,0
202300509,AUS / Lismore (AUS) 22nd Aug,TO BE PLACED,22-08-2022 07:15,47662675,12. Reachover,1,4.606674270557415,1,2.90103535064637913282233154101361400297,1,1001,1,1001,349.64,0,0
202304080,AUS / Bathurst (AUS) 22nd Aug,TO BE PLACED,22-08-2022 07:35,39243004,2. Chalkley,1,1.4151347831257222,1,1.34436809801341850372372408127303142692,1,1001,1,1001,3359.54,0,0
202304080,AUS / Bathurst (AUS) 22nd Aug,TO BE PLACED,22-08-2022 07:35,45542079,9. Niccourette,0,5.9,1,4.18818262411347517730496453900709219858,1,1001,1,1001,451.2,0,0
202304070,AUS / Bathurst (AUS) 22nd Aug,TO BE PLACED,22-08-2022 04:35,39890231,5. Kiss N Run,1,1.59,1,1.46785148690969658094319180245689120791,1,1001,1,1001,3710.38,0,0
202304072,AUS / Bathurst (AUS) 22nd Aug,TO BE PLACED,22-08-2022 05:10,47662686,8. Where Lambo,1,11,1,4.7845884850755588859747720744348694892,1,1001,1,1001,160.14,0,0
202304072,AUS / Bathurst (AUS) 22nd Aug,TO BE PLACED,22-08-2022 05:10,47663037,6. Power To Deceive,0,2.94354543851834,1,1.96617184755883386020372321742184755883,1,1001,1,1001,455.52,0,0
202304074,AUS / Bathurst (AUS) 22nd Aug,TO BE PLACED,22-08-2022 05:45,41307848,11. Ultra White,0,2.42,1,2.39604108228143992519869097709209911173,1,1001,1,1001,1368.96,0,0
202304074,AUS / Bathurst (AUS) 22nd Aug,TO BE PLACED,22-08-2022 05:45,42878731,9. Leipzig,0,1.993003398,1,1.45266654768885602835071259210157305662,1,1001,1,1001,2353.38,0,0
202304074,AUS / Bathurst (AUS) 22nd Aug,TO BE PLACED,22-08-2022 05:45,45565412,7. Boorowa Girl,1,2.98,1,2.80762347778387273724629731212287438289,1,1001,1,1001,1823,0,0
202304074,AUS / Bathurst (AUS) 22nd Aug,TO BE PLACED,22-08-2022 05:45,47663042,2. Ellen,0,5.8,1,4.59077984114870403346618050255801464145,1,1001,1,1001,353.79,0,0
202304076,AUS / Bathurst (AUS) 22nd Aug,TO BE PLACED,22-08-2022 06:20,47663049,3. Sennaprost,0,4.65,1,3.89971840504618157242622212209957197567,1,1001,1,1001,177.56,0,0
202304076,AUS / Bathurst (AUS) 22nd Aug,TO BE PLACED,22-08-2022 06:20,47663053,12. Borderlands,1,3.8144822631881112,1,2.78637216028362177543499556840975882819,1,1001,1,1001,428.74,0,0
202304082,AUS / Bathurst (AUS) 22nd Aug,TO BE PLACED,22-08-2022 08:10,27683709,9. Lady Of Fortune,0,5.2069,1,2.20310577495534828338956142091684858107,1,1001,1,1001,302.34,0,0
202304391,AUS / Redcliffe (AUS) 22nd Aug,TO BE PLACED,22-08-2022 10:35,27366659,8. Getaloadathisgirl,0,4.550035236,1,1.1060552933243425488873904248145650708,1,1001,1,1001,296.6,0,0
202304399,AUS / Redcliffe (AUS) 22nd Aug,TO BE PLACED,22-08-2022 12:24,24429811,1. Elpine Sally,1,1.37,1,1,1,1001,1,1001,0,0,0
202304385,AUS / Redcliffe (AUS) 22nd Aug,TO BE PLACED,22-08-2022 08:52,42140503,7. Old English,0,4.038962894734496,1,2.14980541321077007061475337665310722525,1,1001,1,1001,1135.74,0,0
202304385,AUS / Redcliffe (AUS) 22nd Aug,TO BE PLACED,22-08-2022 08:52,28223828,1. Western Showgirl,1,2.2609542226858825,1,1.43449414883412685955457890789863792532,1,1001,1,1001,1146.78,0,0
202304387,AUS / Redcliffe (AUS) 22nd Aug,TO BE PLACED,22-08-2022 09:25,41245681,2. Keayang Tara,0,1.5,1,1.1260256426531259917486512218343383053,1,1001,1,1001,1575.5,0,0
202304387,AUS / Redcliffe (AUS) 22nd Aug,TO BE PLACED,22-08-2022 09:25,10776583,5. Make Mine Joe,0,8.553945022,1,3.57369296577946768060836501901140684411,1,1001,1,1001,252.48,0,0
202304389,AUS / Redcliffe (AUS) 22nd Aug,TO BE PLACED,22-08-2022 10:03,27922115,8. Crossed Legs,0,5.2,1,1.65411155502113959892944416430704782592,1,1001,1,1001,515.62,0,0
202304393,AUS / Redcliffe (AUS) 22nd Aug,TO BE PLACED,22-08-2022 11:03,20369408,6. Wheres Tascott,0,1.748106371333124,1,1.1629325941491184930179878094216181577,1,1001,1,1001,1342.02,0,0
202304395,AUS / Redcliffe (AUS) 22nd Aug,TO BE PLACED,22-08-2022 11:31,16892419,5. Beef City Blaze,0,3.9735221674876846,1,1.70650803910479114486547628666074169831,1,1001,1,1001,495.08,0,0
202304401,AUS / Redcliffe (AUS) 22nd Aug,TO BE PLACED,22-08-2022 12:49,37515934,9. Bee Gees Best,0,65.5467605781462,1,1,1,1001,1,1001,0,0,0
202304405,AUS / Shepparton (AUS) 22nd Aug,TO BE PLACED,22-08-2022 05:20,47663488,6. Always The Showman,1,2.36,1,1.46560976735598227474150664697193500739,1,1001,1,1001,866.56,0,0
202304405,AUS / Shepparton (AUS) 22nd Aug,TO BE PLACED,22-08-2022 05:20,47663486,3. Be Dazzled,0,2.1924264866165264,1,1.05496156468182138743270880838759726369,1,1001,1,1001,850.78,0,0
202304411,AUS / Shepparton (AUS) 22nd Aug,TO BE PLACED,22-08-2022 07:10,40385118,4. Tino Tere Maori,0,3.4081400774975976,1,1.50700525849950538866038423491435414172,1,1001,1,1001,768.28,0,0
202304411,AUS / Shepparton (AUS) 22nd Aug,TO BE PLACED,22-08-2022 07:10,41298501,9. Miss Hermes,0,3.9709771784314873,1,1.41286142521059421719663049252485391212,1,1001,1,1001,527.08,0,0
202304413,AUS / Shepparton (AUS) 22nd Aug,TO BE PLACED,22-08-2022 07:45,36036885,6. Niki Nah Nah,1,1.23,1,1.10741004497751124437781109445277361319,1,1001,1,1001,2507.92,0,0
202304413,AUS / Shepparton (AUS) 22nd Aug,TO BE PLACED,22-08-2022 07:45,307983,7. Havana,1,3.6139084498277385,1,1.04493194132417074137703184881723272103,1,1001,1,1001,454.02,0,0
202304415,AUS / Shepparton (AUS) 22nd Aug,TO BE PLACED,22-08-2022 08:25,675235,7. Highclere,0,25.60881263822783,1,3.51086614173228346456692913385826771654,1,1001,1,1001,63.5,0,0
202304415,AUS / Shepparton (AUS) 22nd Aug,TO BE PLACED,22-08-2022 08:25,17733222,4. Roslyn Gaye,0,3.62633748014734,1,2.46447624366850913853205708452901411706,1,1001,1,1001,1038.46,0,0
202304417,AUS / Shepparton (AUS) 22nd Aug,TO BE PLACED,22-08-2022 09:03,47663493,3. Golfo Paradiso,1,1.68,1,1.06899036633286855114716694131068576499,1,1001,1,1001,1262.24,0,0
202307009,AUS / Globe Derby (AUS) 22nd Aug,TO BE PLACED,22-08-2022 04:39,9110000,1. Im The Mighty Judd,0,6.4,1,1.32508967962726260668783243310105966272,1,1001,1,1001,485.06,0,0
202307011,AUS / Globe Derby (AUS) 22nd Aug,TO BE PLACED,22-08-2022 05:13,39689753,2. Aldebaran Dexta,1,1.114989733,1,1.07589307598824717845110939046339549885,1,1001,1,1001,3900.34,0,0
202307011,AUS / Globe Derby (AUS) 22nd Aug,TO BE PLACED,22-08-2022 05:13,47664778,3. Majestic Tilly,0,9.8,1,1.22142498745609633718013045659809332664,1,1001,1,1001,279.02,0,0
202307013,AUS / Globe Derby (AUS) 22nd Aug,TO BE PLACED,22-08-2022 05:48,42424818,5. Mister Cheese,1,4.700020759809009,1,1.43533336950035262843812727174089947377,1,1001,1,1001,368.66,0,0
202307013,AUS / Globe Derby (AUS) 22nd Aug,TO BE PLACED,22-08-2022 05:48,47664783,6. Aces Shadow,0,1.7600153401380612,1,1.04946394425538810565548533462971965646,1,1001,1,1001,1234.2,0,0
202307017,AUS / Globe Derby (AUS) 22nd Aug,TO BE PLACED,22-08-2022 07:03,10368248,5. Manoeuver Man,0,5.3,1,2.79358578052550231839258114374034003091,1,1001,1,1001,310.56,0,0
202307021,AUS / Globe Derby (AUS) 22nd Aug,TO BE PLACED,22-08-2022 08:17,11699195,1. Ymbro Bump,0,21.758340928517278,1,8.45383125269048643994834266035299182092,1,1001,1,1001,92.92,0,0
202307023,AUS / Globe Derby (AUS) 22nd Aug,TO BE PLACED,22-08-2022 08:44,38630244,4. Lieutenant Jack,1,1.736920171705715,1,1.21566808709357305469616484735275232035,1,1001,1,1001,1027.86,0,0
202307783,AUS / Pinjarra (AUS) 22nd Aug,TO BE PLACED,22-08-2022 07:18,47064018,4. Elleofareactor,0,1.5098950731176588,1,1.10040577709451050523431535573473891172,1,1001,1,1001,1912.38,0,0
202307791,AUS / Pinjarra (AUS) 22nd Aug,TO BE PLACED,22-08-2022 09:44,12495973,9. Dark Secret,1,5.703468083896478,1,1.88689336978810663021189336978810663021,1,1001,1,1001,468.16,0,0
202307781,AUS / Pinjarra (AUS) 22nd Aug,TO BE PLACED,22-08-2022 06:43,1117217,3. Golden Move,1,6.549946294307197,1,1.00123398196487897484575225439012814428,1,1001,1,1001,252.84,0,0
202307781,AUS / Pinjarra (AUS) 22nd Aug,TO BE PLACED,22-08-2022 06:43,42769398,2. Knight Eagle,0,3.3180813063446166,1,,1,1001,1,1001,399.06,0,0
202307789,AUS / Pinjarra (AUS) 22nd Aug,TO BE PLACED,22-08-2022 09:11,11899740,7. Athabascan,1,27.637386143698848,1,1.12731481481481481481481481481481481481,1,1001,1,1001,64.8,0,0
202307785,AUS / Pinjarra (AUS) 22nd Aug,TO BE PLACED,22-08-2022 07:57,45942657,2. Love To Fly,0,4.5,1,2.53648924029996739484838604499510922726,1,1001,1,1001,490.72,0,0
202307787,AUS / Pinjarra (AUS) 22nd Aug,TO BE PLACED,22-08-2022 08:33,35620795,4. Ohoka Titan,1,1.5968892044725365,1,1.11470102656365752989734363424701026564,1,1001,1,1001,1889.8,0,0
202262075,AUS / Pakenham (AUS) 22nd Aug,TO BE PLACED,22-08-2022 06:30,47692776,5. Sycorax,1,2.1,1,1.65970482664581202751208165393330525978,1,1001,1,1001,4986.9,0,0
202262079,AUS / Pakenham (AUS) 22nd Aug,TO BE PLACED,22-08-2022 07:00,26504037,1. Big Darryl,1,1.6958432525930585,1,1.56411049728744098717289065814534983436,1,1001,1,1001,8862.48,0,0
202262079,AUS / Pakenham (AUS) 22nd Aug,TO BE PLACED,22-08-2022 07:00,46495315,10. Galaxy Turf,0,9,1,3.20357249181303959511759452217922000595,1,1001,1,1001,974.11,0,0
202262079,AUS / Pakenham (AUS) 22nd Aug,TO BE PLACED,22-08-2022 07:00,8468932,7. Pharrell,0,11,1,6.88455858355091383812010443864229765013,1,1001,1,1001,980.48,0,0
202262051,AUS / Pakenham (AUS) 22nd Aug,TO BE PLACED,22-08-2022 03:30,47692730,10. Ameerati,1,1.349158341528637,1,1.18802763858271305240584243465161520914,1,1001,1,1001,8337.62,0,0
202262055,AUS / Pakenham (AUS) 22nd Aug,TO BE PLACED,22-08-2022 04:00,47692737,11. Mission Supreme,0,2.86,1,2.05386360416877466356369523424061519781,1,1001,1,1001,1976.6,0,0
202262055,AUS / Pakenham (AUS) 22nd Aug,TO BE PLACED,22-08-2022 04:00,47692736,10. Belgian Black,0,34,1,8.76562602911150628992952644404926562603,1,1001,1,1001,303.66,0,0
202262055,AUS / Pakenham (AUS) 22nd Aug,TO BE PLACED,22-08-2022 04:00,47692738,12. Rise To Stardom,0,8.427634071686773,1,3.51032598237309009737135819574337066544,1,1001,1,1001,519.66,0,0
202262059,AUS / Pakenham (AUS) 22nd Aug,TO BE PLACED,22-08-2022 04:30,1102914,8. Gator,0,3.718474801,1,2.16938797563248821471505950049302338147,1,1001,1,1001,1480.66,0,0
202262059,AUS / Pakenham (AUS) 22nd Aug,TO BE PLACED,22-08-2022 04:30,47692747,3. Our Redente,1,3.824411312418233,1,2.82559968037149275558972967268231640207,1,1001,1,1001,2653.08,0,0
202300499,AUS / Lismore (AUS) 22nd Aug,TO BE PLACED,22-08-2022 04:15,47662652,5. Letmeletgo,1,1.70011662766221,1,1.55267843122593188021086476988073428796,1,1001,1,1001,1069.88,0,0
202300499,AUS / Lismore (AUS) 22nd Aug,TO BE PLACED,22-08-2022 04:15,47662654,10. Huckitta,0,20.91245443780719,1,4.58690963985335346128962691395298684494,1,1001,1,1001,92.74,0,0
202300499,AUS / Lismore (AUS) 22nd Aug,TO BE PLACED,22-08-2022 04:15,552718,6. Saint Martin,1,1.52,1,1.30117223449572190555236851420132065569,1,1001,1,1001,1638.58,0,0
202300507,AUS / Lismore (AUS) 22nd Aug,TO BE PLACED,22-08-2022 06:40,47662670,18. Here Comes Chum,1,5.818273615188737,1,2.65329064164341871671316256657367486685,1,1001,1,1001,315.44,0,0
202300501,AUS / Lismore (AUS) 22nd Aug,TO BE PLACED,22-08-2022 04:50,40658510,10. Miss Rinehart,0,2.3546429543689005,1,2.02505934755020280190111229999751163312,1,1001,1,1001,803.74,0,0
202300501,AUS / Lismore (AUS) 22nd Aug,TO BE PLACED,22-08-2022 04:50,44781966,13. Locktomic,0,30.12908224,1,7.293854485519190016482222745467388745,1,1001,1,1001,84.94,0,0
202300501,AUS / Lismore (AUS) 22nd Aug,TO BE PLACED,22-08-2022 04:50,47662657,3. More To Adore,1,1.569564396422575,1,1.34049764961677214036707277077993853778,1,1001,1,1001,1646.54,0,0
202300511,AUS / Lismore (AUS) 22nd Aug,TO BE PLACED,22-08-2022 07:50,47662677,10. Bonchevo,0,11.00797,1,3.66051134439552996952251947172367084321,1,1001,1,1001,236.24,0,0
202300503,AUS / Lismore (AUS) 22nd Aug,TO BE PLACED,22-08-2022 05:25,47662662,6. Spiele,1,2.92,1,2.18652530348415576225760681065741762573,1,1001,1,1001,507.44,0,0
202300505,AUS / Lismore (AUS) 22nd Aug,TO BE PLACED,22-08-2022 06:05,36611446,8. Senshi Spirit,1,2.1225339816488846,1,1.47757200171944404642498925347470984382,1,1001,1,1001,558.32,0,0
202300509,AUS / Lismore (AUS) 22nd Aug,TO BE PLACED,22-08-2022 07:15,45919412,9. Exhibitor,0,4.5,1,2.69014859399981190632935201730461769961,1,1001,1,1001,212.66,0,0
202304080,AUS / Bathurst (AUS) 22nd Aug,TO BE PLACED,22-08-2022 07:35,47663058,7. Sea Crossing,0,3.65,1,2.66872230507030251384746484874307626758,1,1001,1,1001,375.52,0,0
202304070,AUS / Bathurst (AUS) 22nd Aug,TO BE PLACED,22-08-2022 04:35,47663033,6. Shades Of Magic,0,2.724890221750174,1,2.28251354401805869074492099322799097065,1,1001,1,1001,708.8,0,0
202304072,AUS / Bathurst (AUS) 22nd Aug,TO BE PLACED,22-08-2022 05:10,47267463,3. First Grange,0,1.2295533318151142,1,1.1649420523512480058074264153491630722,1,1001,1,1001,4738.76,0,0
202304072,AUS / Bathurst (AUS) 22nd Aug,TO BE PLACED,22-08-2022 05:10,42267996,1. Power Bank,0,1.73,1,1.67735896026435670463951071263844924212,1,1001,1,1001,3165.42,0,0
202304074,AUS / Bathurst (AUS) 22nd Aug,TO BE PLACED,22-08-2022 05:45,44994070,13. Zoisite,0,5.215641909671538,1,2.91479830049491082267251844243159958913,1,1001,1,1001,856.72,0,0
202304082,AUS / Bathurst (AUS) 22nd Aug,TO BE PLACED,22-08-2022 08:10,27407882,10. Our Blue Moon,0,2.724829,1,2.52305734414059540943867888796303310355,1,1001,1,1001,264.02,0,0
202304391,AUS / Redcliffe (AUS) 22nd Aug,TO BE PLACED,22-08-2022 10:35,27185267,4. Be On The Sly,1,4.5,1,1.21729502452697967764540995094604064471,1,1001,1,1001,428.1,0,0
202304391,AUS / Redcliffe (AUS) 22nd Aug,TO BE PLACED,22-08-2022 10:35,9332186,3. Purple Shades,0,1.5038662248941257,1,1.04994209033907104916330524381964135948,1,1001,1,1001,1502.34,0,0
202304399,AUS / Redcliffe (AUS) 22nd Aug,TO BE PLACED,22-08-2022 12:24,12862931,8. Major Grandeur,0,3.5982379376718026,1,1,1,1001,1,1001,0,0,0
202304385,AUS / Redcliffe (AUS) 22nd Aug,TO BE PLACED,22-08-2022 08:52,46361515,9. Polka Dot Dance,0,1.506145172779506,1,1.04147229066902226974754753823980659259,1,1001,1,1001,1720.72,0,0
202304385,AUS / Redcliffe (AUS) 22nd Aug,TO BE PLACED,22-08-2022 08:52,27602026,5. Sugarkane,0,4.24969234555747,1,1.3773948302078053725291434363912823112,1,1001,1,1001,315.68,0,0
202304387,AUS / Redcliffe (AUS) 22nd Aug,TO BE PLACED,22-08-2022 09:25,38753257,7. Royal Princess,1,2.5947468383010257,1,1.32623994332844203815210241360117391084,1,1001,1,1001,790.52,0,0
202304387,AUS / Redcliffe (AUS) 22nd Aug,TO BE PLACED,22-08-2022 09:25,42164216,4. Sweet Jasmine,0,1.85,1,1.07404385741713122527815687816613078578,1,1001,1,1001,1729.24,0,0
202304395,AUS / Redcliffe (AUS) 22nd Aug,TO BE PLACED,22-08-2022 11:31,8581835,4. Kurahaupo Gambler,0,16.5,1,2.1,1,1001,1,1001,65.8,0,0
202304397,AUS / Redcliffe (AUS) 22nd Aug,TO BE PLACED,22-08-2022 11:59,47662205,1. Vodka En Ice,1,3.4779222182153937,1,3.94826919954266312466986949710508636607,1,1001,1,1001,112.44,0,0
202304401,AUS / Redcliffe (AUS) 22nd Aug,TO BE PLACED,22-08-2022 12:49,9305260,6. Doolittle Dandy,0,2.52,1,1,1,1001,1,1001,0,0,0
202304401,AUS / Redcliffe (AUS) 22nd Aug,TO BE PLACED,22-08-2022 12:49,18986217,3. Artistic Humma,0,11.244451403,1,1,1,1001,1,1001,0,0,0
202304405,AUS / Shepparton (AUS) 22nd Aug,TO BE PLACED,22-08-2022 05:20,47663485,1. Sporty Philtra,0,14.5,1,2.8718642181413466889259877573734001113,1,1001,1,1001,179.7,0,0
202304407,AUS / Shepparton (AUS) 22nd Aug,TO BE PLACED,22-08-2022 05:55,42270056,6. High Flux,1,1.425552202185203,1,1.1480433936786212894513995376833817774,1,1001,1,1001,1747.72,0,0
202304413,AUS / Shepparton (AUS) 22nd Aug,TO BE PLACED,22-08-2022 07:45,28281717,9. Our Bella Lucia,0,5.542935448,1,1.19870802332596018499899457068168107782,1,1001,1,1001,397.84,0,0
202304413,AUS / Shepparton (AUS) 22nd Aug,TO BE PLACED,22-08-2022 07:45,37454830,5. Fly Bye Eden,1,1.538925761,1,1.17914947520810712993123416576185305827,1,1001,1,1001,1547.28,0,0
202304413,AUS / Shepparton (AUS) 22nd Aug,TO BE PLACED,22-08-2022 07:45,21754715,1. Hidden Figure,0,5.210161282883376,1,1.69884144664466446644664466446644664466,1,1001,1,1001,581.76,0,0
202304415,AUS / Shepparton (AUS) 22nd Aug,TO BE PLACED,22-08-2022 08:25,37705466,10. Therockgod,0,5.849725244,1,1.0844556896328013494226028285973790061,1,1001,1,1001,308.28,0,0
202304415,AUS / Shepparton (AUS) 22nd Aug,TO BE PLACED,22-08-2022 08:25,825870,8. New Yorker,1,2.6750505793636195,1,1.0182326154505518054216222007928854602,1,1001,1,1001,746.64,0,0
202304417,AUS / Shepparton (AUS) 22nd Aug,TO BE PLACED,22-08-2022 09:03,31371627,10. The Last Chance,1,2.31950181,1,1.35054063326135652735454967408633180635,1,1001,1,1001,1982.12,0,0
202304417,AUS / Shepparton (AUS) 22nd Aug,TO BE PLACED,22-08-2022 09:03,24252393,6. Mongiana,1,2.507460145492931,1,1.80813645021170473697913098288548760602,1,1001,1,1001,1459.58,0,0
202307009,AUS / Globe Derby (AUS) 22nd Aug,TO BE PLACED,22-08-2022 04:39,2121013,4. Sheldon,0,5.034922880437225,1,1.40853494833453001592108138482190241314,1,1001,1,1001,640.66,0,0
202307011,AUS / Globe Derby (AUS) 22nd Aug,TO BE PLACED,22-08-2022 05:13,40100020,8. Irene Rose,1,2.22,1,1.59340857352317011999845661149052745302,1,1001,1,1001,1036.68,0,0
202307013,AUS / Globe Derby (AUS) 22nd Aug,TO BE PLACED,22-08-2022 05:48,26531446,7. Billy Rocks,0,41.992260062,1,5.62031700288184438040345821325648414986,1,1001,1,1001,55.52,0,0
202307019,AUS / Globe Derby (AUS) 22nd Aug,TO BE PLACED,22-08-2022 07:38,2931074,3. Thumbs Up,1,3.0069689776485395,1,1.59437255056682185223177884741839606513,1,1001,1,1001,760.38,0,0
202307019,AUS / Globe Derby (AUS) 22nd Aug,TO BE PLACED,22-08-2022 07:38,10791167,5. Heseversoclever,0,3.499352575,1,1.1445684027274046133758885826200493254,1,1001,1,1001,689.3,0,0
202307021,AUS / Globe Derby (AUS) 22nd Aug,TO BE PLACED,22-08-2022 08:17,38014016,4. Giftedfromtheheart,1,8.4,1,4.18881135503149459243790217151394760522,1,1001,1,1001,1177.98,0,0
202307779,AUS / Pinjarra (AUS) 22nd Aug,TO BE PLACED,22-08-2022 06:08,5438627,9. Your Grace,0,2.02,1,1.65124226165910028889806025588113908378,1,1001,1,1001,2665.3,0,0
202307783,AUS / Pinjarra (AUS) 22nd Aug,TO BE PLACED,22-08-2022 07:18,47672022,6. Brookland Boy,0,20.12632481862721,1,6.31789407047900400928465921080396708166,1,1001,1,1001,94.78,0,0
202307783,AUS / Pinjarra (AUS) 22nd Aug,TO BE PLACED,22-08-2022 07:18,43658832,5. Ziggey,0,16.39361769847571,1,1.27961165048543689320388349514563106796,1,1001,1,1001,154.5,0,0
202307791,AUS / Pinjarra (AUS) 22nd Aug,TO BE PLACED,22-08-2022 09:44,28309610,5. Beefour Bacardi,1,1.04,1,1.04584062310746248570082766973958683803,1,1001,1,1001,4755.52,0,0
202307791,AUS / Pinjarra (AUS) 22nd Aug,TO BE PLACED,22-08-2022 09:44,12238935,4. Goodtime Pe Rabbit,1,2.86,1,2.32438907747102988144407471197097135595,1,1001,1,1001,1196.06,0,0
202307785,AUS / Pinjarra (AUS) 22nd Aug,TO BE PLACED,22-08-2022 07:57,6400735,6. Middle Of The Road,0,5.419251273184194,1,1.08625942128287566541928002951562747062,1,1001,1,1001,379.46,0,0
202307787,AUS / Pinjarra (AUS) 22nd Aug,TO BE PLACED,22-08-2022 08:33,35934783,1. General Jolt,0,3.504883335323448,1,2.36178011322964794689919958352313398842,1,1001,1,1001,1229.36,0,0
202307787,AUS / Pinjarra (AUS) 22nd Aug,TO BE PLACED,22-08-2022 08:33,39519613,6. Aussie Scooter,0,1.8440109301381749,1,1.1880077667763746781056777338639712464,1,1001,1,1001,1452.34,0,0
202262071,AUS / Pakenham (AUS) 22nd Aug,TO BE PLACED,22-08-2022 06:00,39859331,7. Merle The Pearl,0,10.5,1,5.38315819443006522414328605445698312455,1,1001,1,1001,772.72,0,0
202262071,AUS / Pakenham (AUS) 22nd Aug,TO BE PLACED,22-08-2022 06:00,47692771,11. Tread Softly,0,3.6,1,2.05280133698501045439820950025031657685,1,1001,1,1001,1358.28,0,0
202262075,AUS / Pakenham (AUS) 22nd Aug,TO BE PLACED,22-08-2022 06:30,36783000,9. Vitesse Breeze,0,4.2,1,2.50669297530705328929495703398675989076,1,1001,1,1001,1398.78,0,0
202262075,AUS / Pakenham (AUS) 22nd Aug,TO BE PLACED,22-08-2022 06:30,28210965,10. Sebeat,0,7.625417614,1,3.7785183837515092373596202510709382908,1,1001,1,1001,604.61,0,0
202262079,AUS / Pakenham (AUS) 22nd Aug,TO BE PLACED,22-08-2022 07:00,41500054,8. Sacred Cove,1,4,1,1.95788789428815004262574595055413469736,1,1001,1,1001,1032.24,0,0
202262051,AUS / Pakenham (AUS) 22nd Aug,TO BE PLACED,22-08-2022 03:30,597899,5. True Patriot,1,2.13958961518197,1,1.50259954212610278871335162556595145173,1,1001,1,1001,3520.62,0,0
202262055,AUS / Pakenham (AUS) 22nd Aug,TO BE PLACED,22-08-2022 04:00,47692732,4. Sabaid,0,3.4,1,2.28920563265154470638503408943134741496,1,1001,1,1001,2153.16,0,0
202262055,AUS / Pakenham (AUS) 22nd Aug,TO BE PLACED,22-08-2022 04:00,47692739,13. Keppel Bay,0,4.2,1,2.26904961741295620182690559122637682376,1,1001,1,1001,1429.74,0,0
202262059,AUS / Pakenham (AUS) 22nd Aug,TO BE PLACED,22-08-2022 04:30,47692750,10. Social Conscience,0,3.3809647511679204,1,1.97433617468472676319476879962634283045,1,1001,1,1001,1712.8,0,0
202262059,AUS / Pakenham (AUS) 22nd Aug,TO BE PLACED,22-08-2022 04:30,41511709,11. Wilbury,0,1.862392510324544,1,1.4318878351817047101189366006226596462,1,1001,1,1001,6970.1,0,0
202262059,AUS / Pakenham (AUS) 22nd Aug,TO BE PLACED,22-08-2022 04:30,47692749,9. Rommels Wolf,0,4.050309741297388,1,1.86741349971639251276233692569483834373,1,1001,1,1001,1128.32,0,0
202262059,AUS / Pakenham (AUS) 22nd Aug,TO BE PLACED,22-08-2022 04:30,39317695,6. Powerstone,0,11.140995557806164,1,5.12796526327360668352204023304386061339,1,1001,1,1001,909.7,0,0
202262059,AUS / Pakenham (AUS) 22nd Aug,TO BE PLACED,22-08-2022 04:30,47692746,2. Magnus Red,0,4.8000234104853,1,2.97350356212161747074502343370688544732,1,1001,1,1001,2018.46,0,0
202262063,AUS / Pakenham (AUS) 22nd Aug,TO BE PLACED,22-08-2022 05:00,47692764,16. Marincanto Doll,0,4.846540007707953,1,3.69912651451112989574528036066497604959,1,1001,1,1001,1916.46,0,0
202300499,AUS / Lismore (AUS) 22nd Aug,TO BE PLACED,22-08-2022 04:15,28014785,7. Miss Pierpoint,0,27,1,4.10042294761956403860752629866608827676,1,1001,1,1001,92.21,0,0
202300507,AUS / Lismore (AUS) 22nd Aug,TO BE PLACED,22-08-2022 06:40,41500660,10. Rose Of Maher,0,7.6,1,3.14374413806040142562371037328831363722,1,1001,1,1001,106.62,0,0
202300507,AUS / Lismore (AUS) 22nd Aug,TO BE PLACED,22-08-2022 06:40,37455675,20. Hyperion Angel,0,172.352336132,1,21.3623376623376623376623376623376623377,1,1001,1,1001,15.4,0,0
202300507,AUS / Lismore (AUS) 22nd Aug,TO BE PLACED,22-08-2022 06:40,46675134,12. The White Mouse,0,2.0346175153182413,1,1.43132347132957523966823453376898495566,1,1001,1,1001,1114.04,0,0
202300507,AUS / Lismore (AUS) 22nd Aug,TO BE PLACED,22-08-2022 06:40,47662668,16. Angels View,0,17.5,1,5.39221669917573774617756244887686402819,1,1001,1,1001,317.86,0,0
202300497,AUS / Lismore (AUS) 22nd Aug,TO BE PLACED,22-08-2022 03:40,41060241,1. Star Magnum,1,1.07,1,1.05566188417371189381213339575358686972,1,1001,1,1001,2905.04,0,0
202300501,AUS / Lismore (AUS) 22nd Aug,TO BE PLACED,22-08-2022 04:50,46808984,12. Specimen Hill,0,2.668353921,1,1.68539872749579160603726211874803846044,1,1001,1,1001,700.98,0,0
202300503,AUS / Lismore (AUS) 22nd Aug,TO BE PLACED,22-08-2022 05:25,43566786,3. Kermantic,1,1.66,1,1.60166091390125100746399411290605179241,1,1001,1,1001,2282.96,0,0
202300503,AUS / Lismore (AUS) 22nd Aug,TO BE PLACED,22-08-2022 05:25,35460994,9. Miss Concheeta,0,25,1,13.119797979797979797979797979797979798,1,1001,1,1001,158.4,0,0
202300505,AUS / Lismore (AUS) 22nd Aug,TO BE PLACED,22-08-2022 06:05,36105671,5. Serene Beauty,0,3.892090546,1,3.05576148267526188557614826752618855761,1,1001,1,1001,421.94,0,0
202300509,AUS / Lismore (AUS) 22nd Aug,TO BE PLACED,22-08-2022 07:15,47662674,8. Blend,0,4.1349435098998955,1,3.10651627536320725801507999754796787838,1,1001,1,1001,326.26,0,0
202304080,AUS / Bathurst (AUS) 22nd Aug,TO BE PLACED,22-08-2022 07:35,27777767,4. Uprise,0,9.17378840750316,1,3.94977150804689052255116232863103516789,1,1001,1,1001,301.98,0,0
202304080,AUS / Bathurst (AUS) 22nd Aug,TO BE PLACED,22-08-2022 07:35,40372720,13. Valarian,0,9.2,1,1.91465541490857946554149085794655414909,1,1001,1,1001,71.1,0,0
202304080,AUS / Bathurst (AUS) 22nd Aug,TO BE PLACED,22-08-2022 07:35,41945987,15. Shes Super,0,5.6,1,2.27288320174244486795534985025864416009,1,1001,1,1001,146.92,0,0
202304080,AUS / Bathurst (AUS) 22nd Aug,TO BE PLACED,22-08-2022 07:35,46291601,8. Factorize,0,7.1639793943532295,1,3.94923985340029862902131125288448486494,1,1001,1,1001,294.68,0,0
202304072,AUS / Bathurst (AUS) 22nd Aug,TO BE PLACED,22-08-2022 05:10,47663036,5. Mike,0,3.3056470192718557,1,2.63499155246855641073775107940679556974,1,1001,1,1001,532.7,0,0
202304072,AUS / Bathurst (AUS) 22nd Aug,TO BE PLACED,22-08-2022 05:10,47663038,7. Waikato Flyer,1,7,1,3.58908323691553801129789695773497583883,1,1001,1,1001,146.93,0,0
202304072,AUS / Bathurst (AUS) 22nd Aug,TO BE PLACED,22-08-2022 05:10,47268651,9. Save Your Tears,0,8.312140600725833,1,4.41263026632225884029571568540126480805,1,1001,1,1001,449.08,0,0
202304076,AUS / Bathurst (AUS) 22nd Aug,TO BE PLACED,22-08-2022 06:20,47663048,1. Epic Poem,1,2.072747538,1,1.77997485096870342771982116244411326379,1,1001,1,1001,644.16,0,0
202304076,AUS / Bathurst (AUS) 22nd Aug,TO BE PLACED,22-08-2022 06:20,47663051,6. Camp Cove,0,4.25,1,2.48761365872859673292658925408384176343,1,1001,1,1001,203.24,0,0
202304076,AUS / Bathurst (AUS) 22nd Aug,TO BE PLACED,22-08-2022 06:20,46314657,10. Sistine Queen,0,2.0881825248835955,1,1.90458675655601896817688396274924298692,1,1001,1,1001,1750.3,0,0
202304078,AUS / Bathurst (AUS) 22nd Aug,TO BE PLACED,22-08-2022 06:55,38108521,1. Deel Street,1,1.296073746780200665724,1,1.2427765835271945581436438057657763774,1,1001,1,1001,5433.44,0,0
202304078,AUS / Bathurst (AUS) 22nd Aug,TO BE PLACED,22-08-2022 06:55,40752998,12. Wilshire Boulevard,1,2.6970515,1,2.23862105653841395521464802672275145367,1,1001,1,1001,808.3,0,0
202304078,AUS / Bathurst (AUS) 22nd Aug,TO BE PLACED,22-08-2022 06:55,42323781,7. Miss Horsbro,0,2.738443,1,2.11186341283824650905935256528256238988,1,1001,1,1001,760.54,0,0
202304078,AUS / Bathurst (AUS) 22nd Aug,TO BE PLACED,22-08-2022 06:55,21637738,5. Yak,0,4.08392447425961830377,1,2.35423989986187845303867403314917127072,1,1001,1,1001,463.36,0,0
202304082,AUS / Bathurst (AUS) 22nd Aug,TO BE PLACED,22-08-2022 08:10,39679217,3. Dream Eclipse,1,2.3134270653373,1,1.76994344713724233948966893781649273684,1,1001,1,1001,1623.26,0,0
202304082,AUS / Bathurst (AUS) 22nd Aug,TO BE PLACED,22-08-2022 08:10,47663060,7. Dawn Flight,1,1.82585805312037575712,1,1.69169533065708852736108176632157194169,1,1001,1,1001,1419.9,0,0
202304391,AUS / Redcliffe (AUS) 22nd Aug,TO BE PLACED,22-08-2022 10:35,16385191,5. Jacobs Thunder,0,2.429967735813247,1,1.22172200046959380136182202394928386945,1,1001,1,1001,851.8,0,0
202304399,AUS / Redcliffe (AUS) 22nd Aug,TO BE PLACED,22-08-2022 12:24,13522525,7. Itsmegs,1,1.45,1,1,1,1001,1,1001,0,0,0
202304399,AUS / Redcliffe (AUS) 22nd Aug,TO BE PLACED,22-08-2022 12:24,24631146,3. Littledee,1,2.9299752511282575,1,1,1,1001,1,1001,0,0,0
202304387,AUS / Redcliffe (AUS) 22nd Aug,TO BE PLACED,22-08-2022 09:25,20945862,6. Jacks N Jazz,0,17.89296506764367,1,4.78765207255773293509142565746339331245,1,1001,1,1001,274.54,0,0
202304387,AUS / Redcliffe (AUS) 22nd Aug,TO BE PLACED,22-08-2022 09:25,19583057,8. Torque Is My Girl,0,7.937959518124159,1,1.61046126017485679831172746457642447995,1,1001,1,1001,265.36,0,0
202304389,AUS / Redcliffe (AUS) 22nd Aug,TO BE PLACED,22-08-2022 10:03,23414734,4. Rollonx,1,1.6103148267907623,1,1.32613819577735124760076775431861804223,1,1001,1,1001,2240.3,0,0
202304393,AUS / Redcliffe (AUS) 22nd Aug,TO BE PLACED,22-08-2022 11:03,12408556,2. Wavedancer,1,2.803781560607791,1,1.199615453728661275831087151841868823,1,1001,1,1001,667.8,0,0
202304393,AUS / Redcliffe (AUS) 22nd Aug,TO BE PLACED,22-08-2022 11:03,23353004,3. La Belle Cheval,0,8.757820216793615,1,2.77941882164756065049320181284990669155,1,1001,1,1001,150.04,0,0
202304395,AUS / Redcliffe (AUS) 22nd Aug,TO BE PLACED,22-08-2022 11:31,12268793,2. He Said She Said,0,1.4366196327570888,1,1.13241875512047560027729344789193958364,1,1001,1,1001,952.06,0,0
202304405,AUS / Shepparton (AUS) 22nd Aug,TO BE PLACED,22-08-2022 05:20,47663487,4. Otis Rising,1,3.2,1,1.59387528808105405052832978214549723877,1,1001,1,1001,459.94,0,0
202304409,AUS / Shepparton (AUS) 22nd Aug,TO BE PLACED,22-08-2022 06:33,40112201,2. Helansin,0,1.5240063056571442,1,1.54905567255483445795905502786493030186,1,1001,1,1001,5584.08,0,0
202304411,AUS / Shepparton (AUS) 22nd Aug,TO BE PLACED,22-08-2022 07:10,27886039,1. Betterthanflyhigh,0,4.4,1,2.56645490111625569792900470191306844693,1,1001,1,1001,557.22,0,0
202304413,AUS / Shepparton (AUS) 22nd Aug,TO BE PLACED,22-08-2022 07:45,28407293,3. Favouritehighlight,0,8.4,1,2.32005844535359438924605493863237872589,1,1001,1,1001,342.2,0,0
202304415,AUS / Shepparton (AUS) 22nd Aug,TO BE PLACED,22-08-2022 08:25,441189,3. Sayitaintso Joe,1,4.900024654832347,1,1.55405137728257505416279789538842463634,1,1001,1,1001,323.1,0,0
202304417,AUS / Shepparton (AUS) 22nd Aug,TO BE PLACED,22-08-2022 09:03,46426769,2. Kurun Express,0,1.61,1,1.42386314366357534214084106164464789735,1,1001,1,1001,4216.1,0,0
202304417,AUS / Shepparton (AUS) 22nd Aug,TO BE PLACED,22-08-2022 09:03,28776843,8. Kuyomi,0,14.46637927,1,1.21814784538129160341001985285530771926,1,1001,1,1001,171.26,0,0
202304417,AUS / Shepparton (AUS) 22nd Aug,TO BE PLACED,22-08-2022 09:03,21733098,5. Shoshone Brave,0,8.553686188898283,1,2.70853941267387944358578052550231839258,1,1001,1,1001,207.04,0,0
202307011,AUS / Globe Derby (AUS) 22nd Aug,TO BE PLACED,22-08-2022 05:13,36794807,1. Jets To Jazz,0,10.188518057,1,1.58173356602675974403723094822571262362,1,1001,1,1001,137.52,0,0
202307013,AUS / Globe Derby (AUS) 22nd Aug,TO BE PLACED,22-08-2022 05:48,47664780,2. Paulis Pride,0,4.9513005334914055,1,1.81378630333452850484044460380064539261,1,1001,1,1001,334.68,0,0
202307019,AUS / Globe Derby (AUS) 22nd Aug,TO BE PLACED,22-08-2022 07:38,28339109,6. Blacktop Rock,1,1.9041642681034499,1,1.41205829199364440185816342620107462976,1,1001,1,1001,1648.94,0,0
202307021,AUS / Globe Derby (AUS) 22nd Aug,TO BE PLACED,22-08-2022 08:17,23390640,8. Midnight Sport,0,4.124176802,1,1.5622618283950831325092321295445482758,1,1001,1,1001,1153.58,0,0
202307023,AUS / Globe Derby (AUS) 22nd Aug,TO BE PLACED,22-08-2022 08:44,16325210,5. Illawong Phillipa,0,8.593984962406015,1,3.44615929203539823008849557522123893805,1,1001,1,1001,56.5,0,0
202307779,AUS / Pinjarra (AUS) 22nd Aug,TO BE PLACED,22-08-2022 06:08,47672013,4. Barbados,0,7.231729927552876,1,1.01594136509390746678882272102611085662,1,1001,1,1001,261.96,0,0
202307779,AUS / Pinjarra (AUS) 22nd Aug,TO BE PLACED,22-08-2022 06:08,47672017,10. Elwaddell,0,4.299983297143811,1,1.00156903251192759824897939107766465004,1,1001,1,1001,406.62,0,0
202307783,AUS / Pinjarra (AUS) 22nd Aug,TO BE PLACED,22-08-2022 07:18,26435638,8. Major Dazzler,0,4.353249062317578,1,1.43709030562854376987968469091411976214,1,1001,1,1001,289.24,0,0
202307787,AUS / Pinjarra (AUS) 22nd Aug,TO BE PLACED,22-08-2022 08:33,39017866,5. Rock On Top,1,2.6558952606367336,1,1.58267986127984802633032183958825738331,1,1001,1,1001,905.42,0,0
202307787,AUS / Pinjarra (AUS) 22nd Aug,TO BE PLACED,22-08-2022 08:33,21629606,2. Fireplay,0,37.84022777974839,1,2.76795787890184279804437758555848063182,1,1001,1,1001,53.18,0,0
202307787,AUS / Pinjarra (AUS) 22nd Aug,TO BE PLACED,22-08-2022 08:33,28110474,8. Cheer The Major,0,2.441307937212802,1,2.13153732264034546576187538556446637878,1,1001,1,1001,1458.9,0,0
202307787,AUS / Pinjarra (AUS) 22nd Aug,TO BE PLACED,22-08-2022 08:33,28737956,3. Allwood Wizard,0,6.8,1,1.98793628888505548847104824334425852452,1,1001,1,1001,347.82,0,0
202262071,AUS / Pakenham (AUS) 22nd Aug,TO BE PLACED,22-08-2022 06:00,47692770,10. Martini Special,0,2.193081278250321,1,1.8678986059437895019947106548926442243,1,1001,1,1001,5354.16,0,0
202262071,AUS / Pakenham (AUS) 22nd Aug,TO BE PLACED,22-08-2022 06:00,39057084,6. Sharper,1,23.28583608,1,6.86218538980969920196439533456108041743,1,1001,1,1001,390.96,0,0
202262075,AUS / Pakenham (AUS) 22nd Aug,TO BE PLACED,22-08-2022 06:30,10110850,3. Inordinate,1,1.3322246307811842,1,1.21265615352644261377423175516107255172,1,1001,1,1001,8324.82,0,0
202262079,AUS / Pakenham (AUS) 22nd Aug,TO BE PLACED,22-08-2022 07:00,17090754,3. Full Of Theories,0,3.2364154655754094,1,2.35833544804713508624263514277458825894,1,1001,1,1001,1592.02,0,0
202262079,AUS / Pakenham (AUS) 22nd Aug,TO BE PLACED,22-08-2022 07:00,42011017,4. Sir Peter,0,8.2,1,2.21373442722576724399878456396232148283,1,1001,1,1001,592.38,0,0
202262079,AUS / Pakenham (AUS) 22nd Aug,TO BE PLACED,22-08-2022 07:00,46080211,2. Bellsprout,0,2.537868125,1,1.92217185360153786232111670917566056464,1,1001,1,1001,3183.64,0,0
202262051,AUS / Pakenham (AUS) 22nd Aug,TO BE PLACED,22-08-2022 03:30,47692727,4. Toronova,0,9.558693095,1,3.6939044736739999223994102355177899352,1,1001,1,1001,515.46,0,0
202262055,AUS / Pakenham (AUS) 22nd Aug,TO BE PLACED,22-08-2022 04:00,42845193,8. Spring Valley,1,2.247573152,1,1.74330676675205516142546133824145485513,1,1001,1,1001,5824.36,0,0
202262055,AUS / Pakenham (AUS) 22nd Aug,TO BE PLACED,22-08-2022 04:00,46889653,1. Cable Glow,0,6.6,1,4.44770583367811336367397600330988829127,1,1001,1,1001,1933.6,0,0
202262055,AUS / Pakenham (AUS) 22nd Aug,TO BE PLACED,22-08-2022 04:00,47692733,6. Come Again,0,7.768921563601238,1,3.22333338590376456858075606794202532843,1,1001,1,1001,1268.14,0,0
202262063,AUS / Pakenham (AUS) 22nd Aug,TO BE PLACED,22-08-2022 05:00,13126819,10. She Can Rock,1,4.211399540632847,1,2.39948054651426841268639769888729089395,1,1001,1,1001,1056.88,0,0
202262063,AUS / Pakenham (AUS) 22nd Aug,TO BE PLACED,22-08-2022 05:00,47692756,4. Clock Strikes,0,2.5230328707143768,1,2.0084501155577180391679844301179905121,1,1001,1,1001,4110.5,0,0
202262063,AUS / Pakenham (AUS) 22nd Aug,TO BE PLACED,22-08-2022 05:00,47692759,8. Cabra Colleen,0,44,1,12.2360206977132365214488399265565014188,1,1001,1,1001,119.82,0,0
202300501,AUS / Lismore (AUS) 22nd Aug,TO BE PLACED,22-08-2022 04:50,28596963,7. Hollymede,0,15.524621992110456,1,4.55496242185853761326122076280115192807,1,1001,1,1001,142.37,0,0
202300511,AUS / Lismore (AUS) 22nd Aug,TO BE PLACED,22-08-2022 07:50,44341294,4. Gobbled,0,3.337920761319243806084,1,2.15904133961276818419675562532705389848,1,1001,1,1001,382.2,0,0
202300511,AUS / Lismore (AUS) 22nd Aug,TO BE PLACED,22-08-2022 07:50,44037892,9. Split Jete,1,2.47555212013242835611,1,1.9013880055370571289610535373564293464,1,1001,1,1001,534.58,0,0
202300503,AUS / Lismore (AUS) 22nd Aug,TO BE PLACED,22-08-2022 05:25,47662660,2. Captain Underpantz,0,2.079234979529355,1,1.62447658258633868389965950941560697658,1,1001,1,1001,1151.28,0,0
202300505,AUS / Lismore (AUS) 22nd Aug,TO BE PLACED,22-08-2022 06:05,27758250,4. Yarrinup Flyer,0,3.1627279698212805,1,2.28433659635093524518590008732018934694,1,1001,1,1001,870.36,0,0
202300509,AUS / Lismore (AUS) 22nd Aug,TO BE PLACED,22-08-2022 07:15,38407830,11. Zouly,0,6.8,1,2.54168885102757959748695559578319667767,1,1001,1,1001,187.82,0,0
202300509,AUS / Lismore (AUS) 22nd Aug,TO BE PLACED,22-08-2022 07:15,38535059,7. Selling Sunset,1,2.58,1,2.21126295914264235388730572212800923093,1,1001,1,1001,1143.98,0,0
202300509,AUS / Lismore (AUS) 22nd Aug,TO BE PLACED,22-08-2022 07:15,47662673,6. Mychyna,0,4.3,1,2.69674083537385996664182547286986763192,1,1001,1,1001,563.58,0,0
202304074,AUS / Bathurst (AUS) 22nd Aug,TO BE PLACED,22-08-2022 05:45,47663043,3. Wandjina Spirit,1,6.2,1,2.74280198102912784353227566523965415932,1,1001,1,1001,119.13,0,0
202304074,AUS / Bathurst (AUS) 22nd Aug,TO BE PLACED,22-08-2022 05:45,46701298,12. Marcelline,0,6.2,1,4.95679294686951045706141659209174372742,1,1001,1,1001,301.71,0,0
202304076,AUS / Bathurst (AUS) 22nd Aug,TO BE PLACED,22-08-2022 06:20,41818612,7. Crystal Beanz,0,1.6557630651479116,1,1.49863295073391389974459180847462842724,1,1001,1,1001,2599.76,0,0
202304082,AUS / Bathurst (AUS) 22nd Aug,TO BE PLACED,22-08-2022 08:10,35710133,12. Petain,1,2.2491095423422,1,1.81865898391671740647786506675379063516,1,1001,1,1001,1346.74,0,0
202304391,AUS / Redcliffe (AUS) 22nd Aug,TO BE PLACED,22-08-2022 10:35,41652957,6. Doolittle Days,0,31.03455042246729,1,12.5388491116414744099708300185627154601,1,1001,1,1001,75.42,0,0
202304399,AUS / Redcliffe (AUS) 22nd Aug,TO BE PLACED,22-08-2022 12:24,39377689,5. Ima Chick Magnet,0,3.890025101834908,1,1,1,1001,1,1001,0,0,0
202304389,AUS / Redcliffe (AUS) 22nd Aug,TO BE PLACED,22-08-2022 10:03,8201332,7. Rafferty Delights,0,326.09564533753326,1,151.558139534883720930232558139534883721,1,1001,1,1001,.86,0,0
202304389,AUS / Redcliffe (AUS) 22nd Aug,TO BE PLACED,22-08-2022 10:03,27693143,6. Nesters Hill,0,3.0102202806313247,1,1.0836454859032469568687818923002366088,1,1001,1,1001,701.58,0,0
202304393,AUS / Redcliffe (AUS) 22nd Aug,TO BE PLACED,22-08-2022 11:03,11542002,4. Clares Fool,1,1.710504228219095,1,1.11263092934818867169257455467342717993,1,1001,1,1001,1199.12,0,0
202304393,AUS / Redcliffe (AUS) 22nd Aug,TO BE PLACED,22-08-2022 11:03,19248653,9. Darby Brights,0,2.32,1,1.01938863298945525143705508393924397579,1,1001,1,1001,525.38,0,0
202304393,AUS / Redcliffe (AUS) 22nd Aug,TO BE PLACED,22-08-2022 11:03,31546310,8. Harry Croft,0,2.837333883878309,1,1.53442947287206194373260588024579096746,1,1001,1,1001,725.82,0,0
202304395,AUS / Redcliffe (AUS) 22nd Aug,TO BE PLACED,22-08-2022 11:31,10903102,1. Camroller,1,1.94,1,1.22992624053973747225280967612255955814,1,1001,1,1001,1144.26,0,0
202304395,AUS / Redcliffe (AUS) 22nd Aug,TO BE PLACED,22-08-2022 11:31,23828008,6. The Sportz Star,0,2.801870373,1,1.12527449522078065173677106575214169628,1,1001,1,1001,726.06,0,0
202304397,AUS / Redcliffe (AUS) 22nd Aug,TO BE PLACED,22-08-2022 11:59,29059499,4. Cheddar Made Beta,0,1.5198169246010405,1,1.50460092494490541262366580859269878153,1,1001,1,1001,249.08,0,0
202304397,AUS / Redcliffe (AUS) 22nd Aug,TO BE PLACED,22-08-2022 11:59,30463789,6. Tee Ravelling,0,10.5,1,10.1344388015990536195352775723103031144,1,1001,1,1001,41,0,0
202304401,AUS / Redcliffe (AUS) 22nd Aug,TO BE PLACED,22-08-2022 12:49,9417961,4. Many Delights,1,1.8358664344390854,1,1,1,1001,1,1001,0,0,0
202304411,AUS / Shepparton (AUS) 22nd Aug,TO BE PLACED,22-08-2022 07:10,47663490,3. Cabo Cruz,0,2.332495747,1,1.15176287558630938559420424464774996517,1,1001,1,1001,861.32,0,0
202304417,AUS / Shepparton (AUS) 22nd Aug,TO BE PLACED,22-08-2022 09:03,8901015,11. Wattlebank Flyer,0,89.036,1,1.94572368421052631578947368421052631579,1,1001,1,1001,12.16,0,0
202304417,AUS / Shepparton (AUS) 22nd Aug,TO BE PLACED,22-08-2022 09:03,22227381,4. Rockntommy Rulz,0,9.4,1,1.15075324675324675324675324675324675325,1,1001,1,1001,231,0,0
202307009,AUS / Globe Derby (AUS) 22nd Aug,TO BE PLACED,22-08-2022 04:39,20835658,3. Passionate Pursuit,0,5.43990445487608,1,1.10149543286718939455177431088836795732,1,1001,1,1001,247.42,0,0
202307013,AUS / Globe Derby (AUS) 22nd Aug,TO BE PLACED,22-08-2022 05:48,47664782,4. Triplets,1,3.39238652469336,1,1.11423346823599301971559053948687483756,1,1001,1,1001,538.66,0,0
202307015,AUS / Globe Derby (AUS) 22nd Aug,TO BE PLACED,22-08-2022 06:23,12714512,3. Meet Michaelangelo,1,2.5032031388994787,1,1.05590788949636120062275969441326622977,1,1001,1,1001,552.38,0,0
202307023,AUS / Globe Derby (AUS) 22nd Aug,TO BE PLACED,22-08-2022 08:44,17344353,2. Keayang Shakenbake,0,26,1,5.50153657037492317148125384142593730793,1,1001,1,1001,65.08,0,0
202307023,AUS / Globe Derby (AUS) 22nd Aug,TO BE PLACED,22-08-2022 08:44,39465438,3. Rocknroll Tallara,1,2.6833463477611064,1,1.65001603283524658500609247739370230232,1,1001,1,1001,935.58,0,0
202307779,AUS / Pinjarra (AUS) 22nd Aug,TO BE PLACED,22-08-2022 06:08,43332426,3. Sweet Vivienne,1,2.969727278789091,1,1.17294463950065609816647161045501294464,1,1001,1,1001,563.94,0,0
202307783,AUS / Pinjarra (AUS) 22nd Aug,TO BE PLACED,22-08-2022 07:18,38618911,1. The Dublin Xpress,1,3.15,1,1.88354170650271375410004853869122038037,1,1001,1,1001,1359.74,0,0
202307781,AUS / Pinjarra (AUS) 22nd Aug,TO BE PLACED,22-08-2022 06:43,47672018,1. Chasing Hill,1,1.41,1,1.05265476558156773117548952992772870468,1,1001,1,1001,1618.9,0,0
202307781,AUS / Pinjarra (AUS) 22nd Aug,TO BE PLACED,22-08-2022 06:43,40939223,4. Follow Rocknroll,1,1.2094334613465967,1,1.04196252488310726355261330493958613027,1,1001,1,1001,1728.08,0,0
202307781,AUS / Pinjarra (AUS) 22nd Aug,TO BE PLACED,22-08-2022 06:43,42036187,8. Four Starzzz Hawk,0,2.38,1,1.36442639386189258312020460358056265985,1,1001,1,1001,977.5,0,0
202307789,AUS / Pinjarra (AUS) 22nd Aug,TO BE PLACED,22-08-2022 09:11,24456806,5. Cooper,0,1.32,1,1.09374022446534978293544523030205925214,1,1001,1,1001,2621.34,0,0
202307789,AUS / Pinjarra (AUS) 22nd Aug,TO BE PLACED,22-08-2022 09:11,47672024,6. Master Yossi,1,1.8518578094704485,1,1.22911923776484901046748334718558402293,1,1001,1,1001,1660.38,0,0
202307785,AUS / Pinjarra (AUS) 22nd Aug,TO BE PLACED,22-08-2022 07:57,37425504,8. Rodger James,0,1.74,1,1.42248449861022022664100919392773145179,1,1001,1,1001,2244.96,0,0
202307787,AUS / Pinjarra (AUS) 22nd Aug,TO BE PLACED,22-08-2022 08:33,39218483,7. Soho Dow Jones,1,2.9734083656806614,1,1.19815928484355952864689150751726940268,1,1001,1,1001,836.74,0,0
202307793,AUS / Pinjarra (AUS) 22nd Aug,TO BE PLACED,22-08-2022 10:19,44213164,6. Sunshine Swift,0,3.65,1,1.92124195158902317253727232035258065627,1,1001,1,1001,580.86,0,0
