EVENT_ID,MENU_HINT,EVENT_NAME,EVENT_DT,SELECTION_ID,SELECTION_NAME,WIN_LOSE,BSP,PPWAP,MORNINGWAP,PPMAX,PPMIN,IPMAX,IPMIN,MORNINGTRADEDVOL,PPTRADEDVOL,IPTRADEDVOL
186160696,GB / Ayr 9th Aug,TO BE PLACED,09-08-2021 15:35,40484584,Breaking Light,1,3.4,2.82762118962346656047317157156921704022,1,3.3,3.3,1,1001,0,3940.52,713.92
186160706,GB / Ayr 9th Aug,TO BE PLACED,09-08-2021 16:35,25559774,Gweedore,1,1.3721623541075312,1.46366524908655502607735565739044679464,1.87690642168256218774837674260539144894,1.55,1.38,1,1001,186.3,16499.42,1372.94
186160701,GB / Ayr 9th Aug,TO BE PLACED,09-08-2021 16:05,39590056,Earn Your Stripes,0,26.7336283926107,24.026926961384246146745096249512783395,10.1898740987248474695896666215672845282,30,16.5,1,1001,4,1034.94,4
186161061,GB / Ripon 9th Aug,TO BE PLACED,09-08-2021 18:55,39036217,Carrigillihy,0,2.04,2.17187901600709419742876781892895752459,2.02141373289795431062799037941276192897,2.26,2.1,1,1001,154.68,6214,484
186161076,GB / Ripon 9th Aug,TO BE PLACED,09-08-2021 20:25,5470419,B Fifty Two,0,23,22.7434266295486242194549730382107163932,1,29,15.5,1,1001,0,856.42,17.42
186161076,GB / Ripon 9th Aug,TO BE PLACED,09-08-2021 20:25,22749588,Redesdale Rebel,0,3.75,3.87379141296589011305360670111496136955,3.57005411982482242502581155067136979265,3.95,3.65,1,1001,125.8,3510.54,47.28
186161076,GB / Ripon 9th Aug,TO BE PLACED,09-08-2021 20:25,23727038,City Wanderer,0,7.846148740804347,7.92946199528391474605992954372850116953,8.75759907905107410428117016015766490722,9,7.4,1,1001,11.9,2210.68,36.94
186161076,GB / Ripon 9th Aug,TO BE PLACED,09-08-2021 20:25,24420628,Wots The Wifi Code,1,4.3,4.49818436548062165175926743664485426379,1,5,4.4,3.5,3.5,0,2409.06,830.9
186161076,GB / Ripon 9th Aug,TO BE PLACED,09-08-2021 20:25,11429586,Lukoutoldmakezebak,0,4.9,4.12119727718787584612950085727770076636,3.34870807556085123880538732383626952259,4.9,3.7,1,1001,4,2577.86,.5
186161180,GB / Windsor 9th Aug,TO BE PLACED,09-08-2021 19:05,11472957,Oh Its Saucepot,1,1.2815376168927108,1.29065897182189312277055302534103961688,1.34887763863653213949148479293738976629,1.34,1.26,1,1001,82,22386.32,647.46
186161185,GB / Windsor 9th Aug,TO BE PLACED,09-08-2021 19:35,35322658,Beautiful Crown,1,1.7790671541572913,2.01383475143064258360833194982159757885,1,2.26,1.96,1,1001,0,6081.36,838.66
186161190,GB / Windsor 9th Aug,TO BE PLACED,09-08-2021 20:05,13426365,Dancing Master,0,5.430243008621787,5.068204875342560758844556480032820432,1,4.7,4.7,1,1001,0,847.94,51.96
186161165,GB / Windsor 9th Aug,TO BE PLACED,09-08-2021 17:35,38725215,Kingston Star,0,5.3,4.40299016170526842869938667284797628743,2.44999460602006560535594807587315775185,5.5,3.85,1,1001,20,3361.54,18.5
186161160,GB / Windsor 9th Aug,TO BE PLACED,09-08-2021 17:05,23760343,Amnaa,1,1.9190165595892537,2.11535872061350329327135683702150264377,2.93062476093522035132736018937023857092,2.42,1.96,1,1001,15,6552.68,371.42
186161175,GB / Windsor 9th Aug,TO BE PLACED,09-08-2021 18:35,30778250,Shrara,0,1.3598626,1.34238203806239655373790361750041029239,1.16999880536147029581808064059504274326,1.4,1.26,1,1001,17.56,13690.7,123.32
186161175,GB / Windsor 9th Aug,TO BE PLACED,09-08-2021 18:35,40254639,Strike Me A Pose,1,1.1955775,1.21118593695621770565973098638719286907,1,1.2,1.18,1.07,1.07,0,10517.22,777.86
186161221,GB / Wolverhampton 9th Aug,TO BE PLACED,09-08-2021 14:45,11785580,Cabrini,1,2.58,2.19959637616122885490167396085031741401,2.47930708445263369533110952505125195379,2.94,2.9,1,1001,95.4,4391.36,230.06
186161206,GB / Wolverhampton 9th Aug,TO BE PLACED,09-08-2021 13:00,28583477,Twentysharesofgrey,0,2.122669041,2.08339293318506100577321831391930236111,2.10545166895744054562770843054730219217,2.16,2.04,1,1001,564.98,12804.52,49.72
186161206,GB / Wolverhampton 9th Aug,TO BE PLACED,09-08-2021 13:00,33068756,Golden Cluster,0,10,12.4104272138367205760147718553047396931,8.71052319431335627818466820855259604912,13.5,11,1,1001,67.06,884.9,23.16
186161206,GB / Wolverhampton 9th Aug,TO BE PLACED,09-08-2021 13:00,39154493,Bay Beret,1,20.7836998095829,19.6722774123221980443354523887051668691,17.1649078600251978563722186783535333849,22,18,1,1001,8,485.3,210.58
186161231,GB / Wolverhampton 9th Aug,TO BE PLACED,09-08-2021 15:55,9568252,Ice Age,0,3.7,3.95428788201001317729017723052885390033,5.51587954420200032377764479256148157406,3.6,3.6,910,910,34.62,2173.94,105.5
186161231,GB / Wolverhampton 9th Aug,TO BE PLACED,09-08-2021 15:55,13361584,Bombastic,1,2.8674548563935964,2.89161927104378584326290870262670062189,1,3.05,2.8,1,1001,0,3756.84,461.86
186161216,GB / Wolverhampton 9th Aug,TO BE PLACED,09-08-2021 14:10,36666977,Natural Value,0,5.1,5.56201097545127568473871257128143351636,3.68781683718511636935818832921579535312,6.2,5.9,1,1001,22.18,1559.26,67.8
186161211,GB / Wolverhampton 9th Aug,TO BE PLACED,09-08-2021 13:35,28702300,Yorkshire Pirlo,0,2.9507107041409117,3.11756041737402008071003050512808343437,3.01156450760887397848245091860220009548,3.3,3.05,1,1001,174.52,3997,22.48
186160696,GB / Ayr 9th Aug,TO BE PLACED,09-08-2021 15:35,40484586,Merlins Lady,1,1.95,1.68903915621948730343410762719268856593,2.04117354235704070014301979977228031881,1.94,1.77,1.86,1.71,96,10275.2,1200
186160696,GB / Ayr 9th Aug,TO BE PLACED,09-08-2021 15:35,35183874,Miss Calculation,0,5.18462768,3.70036851478329446815323103889411047886,3.27182059003071281006510250051324225557,5.2,3.45,1,1001,105.72,3451.62,23.82
186160706,GB / Ayr 9th Aug,TO BE PLACED,09-08-2021 16:35,33361096,Bulls Aye,0,2.22,1.93720617216762143863117190361259193687,1.85166043472344579564394556343200867738,2.2,1.8,1,1001,48,10700.02,732.96
186160706,GB / Ayr 9th Aug,TO BE PLACED,09-08-2021 16:35,24011061,Corndavon Lad,0,4.790952550115179,3.73869259183940181213962615798409118772,2.82820298218700304519660945132908070738,4.9,3.4,1,1001,72.22,4825.8,19.62
186160706,GB / Ayr 9th Aug,TO BE PLACED,09-08-2021 16:35,25911608,Tilsitt,1,3.5101954232151993,3.70253766424926539762811474688922160528,3.32089838935903810828126696505412818054,3.7,3.7,3.35,3.35,56.34,2983.94,348.84
186160681,GB / Ayr 9th Aug,TO BE PLACED,09-08-2021 13:50,28618303,Roydmoor,1,2.52,2.52334249380229806276157644552895628692,2.09941040780650186949357890290243822345,2.72,2.4,1,1001,126.4,5085.96,622.26
186160686,GB / Ayr 9th Aug,TO BE PLACED,09-08-2021 14:25,7435030,Castle View,0,10,9.23681342303929431670002594801994572777,6.71944586229582724178955110131787345377,10.5,8.4,1,1001,22,861.9,6.94
186160686,GB / Ayr 9th Aug,TO BE PLACED,09-08-2021 14:25,21370068,The Brora Pobbles,1,8,9.94216638343805880167946686556010808394,8.79487645120824834926366417092289087218,13.5,8,8,4.6,4,1419.92,576.68
186160686,GB / Ayr 9th Aug,TO BE PLACED,09-08-2021 14:25,12787744,One Last Hug,0,7.6,7.28527813358548743165711597299410514768,6.11858466284616386328806491351622629455,7.6,6,1,1001,99.64,1495.9,17.74
186160691,GB / Ayr 9th Aug,TO BE PLACED,09-08-2021 15:00,36244152,Kolisi,1,1.4103787074495266,1.31930230772744844170096558762660897983,1.26275231212745209767666019311313363614,1.38,1.29,1,1001,114,14089.1,891.08
186160701,GB / Ayr 9th Aug,TO BE PLACED,09-08-2021 16:05,21470731,Motawaazy,0,1.74,1.72402794452281321071045239310128369239,1.84227959201408139899099887326288803434,1.77,1.67,1.83,1.83,114,12972.6,366.62
186160701,GB / Ayr 9th Aug,TO BE PLACED,09-08-2021 16:05,36545297,His Pride,0,41.510558556,24.6140814354239373257581110408117243471,7.19493681164452122588349598834091892263,55,16,910,910,4,661.7,13.8
186161051,GB / Ripon 9th Aug,TO BE PLACED,09-08-2021 17:55,40157741,Alnood,0,3.2,2.29874479686879126467391550774976594264,2.29945319165350871139971760264053522015,2.94,2.34,1,1001,22.1,4571.86,26.98
186161056,GB / Ripon 9th Aug,TO BE PLACED,09-08-2021 18:25,28763049,Master Richard,0,4.1,3.55686115434406823457426632550610837578,1,3.6,3.3,1,1001,0,3313.56,61.5
186161056,GB / Ripon 9th Aug,TO BE PLACED,09-08-2021 18:25,39580326,Just A Claim,0,5.650807387459645,5.18168765031636622314504262396675138098,2.79686505893269454504847721792014243053,5.8,5.6,870,870,29.12,1710.79,26.32
186161056,GB / Ripon 9th Aug,TO BE PLACED,09-08-2021 18:25,39604973,Straits Of Moyle,0,2.936447780291056,3.4311082240005504129946581193421411007,1,3.95,3.1,1,1001,0,2319.48,174.24
186161061,GB / Ripon 9th Aug,TO BE PLACED,09-08-2021 18:55,10159,Grantley,0,5.6,5.21888925389144754987351748910722536663,4.21595376176469077839935555026003205352,5.5,4.4,1,1001,49.5,2304.83,129.02
186161061,GB / Ripon 9th Aug,TO BE PLACED,09-08-2021 18:55,36000054,Chalk Stream,1,1.5040453942482235,1.50014650679318136858313471356644325581,1.69869198460268067307451840513891188519,1.52,1.48,1.55,1.25,69.36,14863.72,1766
186161185,GB / Windsor 9th Aug,TO BE PLACED,09-08-2021 19:35,35526804,Stay Coul,0,1.4333080574474673,1.43009762621752241925038053433834282233,1.51413617922285474157736799877107040387,1.47,1.36,2.02,1.55,397.98,18227.82,2267.7
186161190,GB / Windsor 9th Aug,TO BE PLACED,09-08-2021 20:05,39081330,Calcutta Dream,0,1.79,1.67529138215423217476233316548434097052,1.58999849705646012985945867380000989892,1.8,1.55,1.81,1.81,38,7887.26,869.12
186161170,GB / Windsor 9th Aug,TO BE PLACED,09-08-2021 18:05,40034956,Daiquiri Francais,1,1.05,1.05845988802069392238462798077442716691,1.06075418705847408400915611909580208605,1.07,1.05,1,1001,232.56,45540.72,271.7
186161160,GB / Windsor 9th Aug,TO BE PLACED,09-08-2021 17:05,10950930,Who Told Jo Jo,0,4.6,4.00697648743053115997980424100256077045,3.27010246489785689037507964777670310798,4.6,3.75,1,1001,76.6,3021.66,11.7
186161221,GB / Wolverhampton 9th Aug,TO BE PLACED,09-08-2021 14:45,25685898,Kodikova,0,1.9941789252190758,1.67689981898828815484522032765963603838,1.89920409782234300686524536121982328336,1.89,1.88,18,18,90.06,6774.06,72.18
186161221,GB / Wolverhampton 9th Aug,TO BE PLACED,09-08-2021 14:45,38747904,Retrouvailles,0,3.4447023082936363,2.87918319462548219410601246318835567345,3.3618606960208510406298536890253343273,3.55,3.2,1,1001,33.54,5145.42,397.64
186161221,GB / Wolverhampton 9th Aug,TO BE PLACED,09-08-2021 14:45,39290803,Arthurs Victory,1,1.8455870867050184,1.52667094748163886246501996723553665286,1.5870484783605584901024767996309515599,1.89,1.62,2,1.03,162.32,16065.38,3138.16
186161226,GB / Wolverhampton 9th Aug,TO BE PLACED,09-08-2021 15:20,1032853,Tyson,0,1.79,1.68521238041248544913772306956986411697,1.9924474621607037674902990950159930336,1.94,1.82,1,1001,254.5,10673.12,284.04
186161226,GB / Wolverhampton 9th Aug,TO BE PLACED,09-08-2021 15:20,20968309,Falafel,0,8.747571697175882,6.46203301790878998844110084537892285542,7.9789260949401930551132749836573963075,9.8,7.8,1,1001,18.24,1850.42,136.72
186160696,GB / Ayr 9th Aug,TO BE PLACED,09-08-2021 15:35,40105535,Amouge,0,5.755985736729363,4.83692754370053943100078506444649967394,5.3256769278291031458048382809371071935,7.2,5.7,1,1001,117.68,3564.92,253.38
186160686,GB / Ayr 9th Aug,TO BE PLACED,09-08-2021 14:25,972599,Royal Regent,1,2.1933656275608158,2.33269929595800324264782895360159150836,2.94927397655471287981195081340700721295,1,1001,2.18,2.18,142.12,4122.68,910.14
186160686,GB / Ayr 9th Aug,TO BE PLACED,09-08-2021 14:25,39101004,Hildenley,0,4.951916388771024,4.58694860292075798066716092579910153777,3.25926695240231761027360632046338733298,5.3,4.3,1,1001,134.44,2899.34,208.22
186160701,GB / Ayr 9th Aug,TO BE PLACED,09-08-2021 16:05,136326,Distinction,1,5.802446710625956,5.82462427943804239458361331263187588948,5.3278559162270695610763383714813099622,6.2,5.7,5.2,5.2,60.98,2608.66,393.04
186160701,GB / Ayr 9th Aug,TO BE PLACED,09-08-2021 16:05,15214448,Sienna Dream,0,4.003720105,4.49526699052487925588230625117847240597,4.26998190672280187315583848334446226244,4.8,4,3.9,3.9,61.24,4109.08,138.82
186161051,GB / Ripon 9th Aug,TO BE PLACED,09-08-2021 17:55,39542657,Form Of Praise,0,2.06,1.95657848798593810493927812882534782803,1.89997583564881282937553126698548143982,2.48,1.95,3.1,3.1,4,7664.7,499.86
186161056,GB / Ripon 9th Aug,TO BE PLACED,09-08-2021 18:25,39023446,Isladaay,0,2.225784262,2.39110495556376340127335113916852730749,2.28479302955851566071179243433589181542,2.48,2.24,1,1001,50,6305.1,68.3
186161056,GB / Ripon 9th Aug,TO BE PLACED,09-08-2021 18:25,39522817,May Punch,1,1.81,1.94711731669605267476025575257758846665,2.73294338001779509342964066188735112839,2.02,1.78,1,1001,72.22,7548.1,590.32
186161061,GB / Ripon 9th Aug,TO BE PLACED,09-08-2021 18:55,32880765,Barn Owl,1,1.9377357052541808,1.86819962760219613228553219043010000737,1.90997115391442091285706243112093346641,1.97,1.78,1,1001,4,8372.8,738.62
186161066,GB / Ripon 9th Aug,TO BE PLACED,09-08-2021 19:25,35808647,Blu Boy,0,1.15,1.1968640763792833282981217032057097056,1.23716504109231176788046449103713621184,1.22,1.17,1,1001,87.98,11801,306.88
186161076,GB / Ripon 9th Aug,TO BE PLACED,09-08-2021 20:25,53170,Sorbonne,0,3.9,4.10963474549161295151497316067895100481,1,4.3,3.95,1,1001,0,2025.86,41
186161165,GB / Windsor 9th Aug,TO BE PLACED,09-08-2021 17:35,206107,Willingly,1,1.620773274222843,1.7429346996719290891959546232571541234,1.84998422507662970174271117273788924494,1.85,1.63,1,1001,6.94,13249.08,362.1
186161170,GB / Windsor 9th Aug,TO BE PLACED,09-08-2021 18:05,40484787,Loves Me Likearock,1,1.7932297545570686,1.68321337959114790262278018097670873312,1,1.83,1.57,1,1001,0,6555.74,763.04
186161160,GB / Windsor 9th Aug,TO BE PLACED,09-08-2021 17:05,19528340,Glamorous Crescent,1,1.38,1.38954451416263494466969416470133051858,1.69299207210849534160718170965727669801,1.5,1.33,1,1001,40,19748.78,942.62
186161175,GB / Windsor 9th Aug,TO BE PLACED,09-08-2021 18:35,5888746,Oriental Spirit,1,1.08039855101086,1.08335096034080275390178849680873225387,1,1.09,1.06,1,1001,0,17638.7,545.04
186161226,GB / Wolverhampton 9th Aug,TO BE PLACED,09-08-2021 15:20,13158618,Hierarchy,1,1.78,1.65114883258656576540613102237377676556,2.51585240223456983450719647403071543554,1.87,1.79,1,1001,4,11650.9,594.78
186161231,GB / Wolverhampton 9th Aug,TO BE PLACED,09-08-2021 15:55,8632312,Surewecan,0,105.70815911229701,62.752787776971245272215715674133471761,1,90,55,80,48,0,291.04,71.28
186161216,GB / Wolverhampton 9th Aug,TO BE PLACED,09-08-2021 14:10,5778281,Punta Arenas,0,5,4.53289986614000351823353836920635930958,4.19695035015710627934580027886003894648,5.1,4.1,1,1001,4.02,2444.92,36.88
186161216,GB / Wolverhampton 9th Aug,TO BE PLACED,09-08-2021 14:10,32495066,Out Of Reason,0,3.1950067193675205,3.19139551336248733580698409495264063024,2.57725500376663181085272052953378268908,3.7,3.15,1,1001,98.28,3536.52,428.82
186161211,GB / Wolverhampton 9th Aug,TO BE PLACED,09-08-2021 13:35,371175,Ghost Rider,1,2.28,2.65827045497312964452968452394063778117,2.89363817502547332564029712897914601554,2.94,2.58,1,1001,271.86,2716.92,312.6
186161211,GB / Wolverhampton 9th Aug,TO BE PLACED,09-08-2021 13:35,16153532,Soaring Star,0,1.98,2.13071190632909331860041965095165051001,2.8432727278102140826895240702106657004,2.18,1.99,1,1001,445.44,8831.14,850
186160686,GB / Ayr 9th Aug,TO BE PLACED,09-08-2021 14:25,36016563,Oot Ma Way,1,2.4535922998295794,2.79721425628903077717590466809621060799,3.13593608035437405796580737476769122153,3.3,2.38,3.9,3.9,24.32,5731.84,417.28
186160686,GB / Ayr 9th Aug,TO BE PLACED,09-08-2021 14:25,10304516,Muroor,0,3.4,3.19517377134930640985748227129165156614,2.94160705823501941778827269701397060658,3.45,3.05,1,1001,171.16,3603.6,117.1
186160686,GB / Ayr 9th Aug,TO BE PLACED,09-08-2021 14:25,10587456,Ghostly,0,7.077021440691314,5.98663905644725110716465897507299810455,3.93602256916752942959421633398361577071,6.4,5.4,1,1001,52.74,1792.88,94.6
186160701,GB / Ayr 9th Aug,TO BE PLACED,09-08-2021 16:05,25574796,Motarajel,0,5.4,4.85032559358658882437727419112879232862,3.6780935100872827770151605449797435964,5.3,4.4,1,1001,84,2419.32,23.88
186160701,GB / Ayr 9th Aug,TO BE PLACED,09-08-2021 16:05,31101009,One For The Ladies,0,3.1544926341232276,3.2886382333673734672516856377576942106,3.03937034768639434041291093304693398668,3.4,3.1,1,1001,32,3115.82,143.7
186161051,GB / Ripon 9th Aug,TO BE PLACED,09-08-2021 17:55,39590061,Josies Kid,1,1.41,1.36143774316927968628445670958527967547,1.50882644685041983975192262729851850758,1.48,1.36,1,1001,159.58,22615.7,556.62
186161071,GB / Ripon 9th Aug,TO BE PLACED,09-08-2021 19:55,55342,Digital,1,1.35,1.32190993254981111894275387816753576863,1.56998524473680963581507285174311213395,1.44,1.35,1,1001,4.96,19420.14,680.9
186161076,GB / Ripon 9th Aug,TO BE PLACED,09-08-2021 20:25,27351207,Come On Linda,1,2.379606302485481,2.41419451625689275374472836962956532267,2.95079669568738210125219887206639780249,2.4,2.34,1,1001,36.36,5982.74,571.8
186161165,GB / Windsor 9th Aug,TO BE PLACED,09-08-2021 17:35,25238885,Fast Deal,1,4.8,5.2596355664581176949522146160443114411,8.70985852409608283687994325304130669202,6.13,4.5,1,1001,4,2751.12,91.62
186161165,GB / Windsor 9th Aug,TO BE PLACED,09-08-2021 17:35,28770589,Rubee Forty,0,2.84,2.87086263166710082308124775044069528128,2.82784333006882977227247687501089990059,2.88,2.88,1,1001,10,3682.06,246.5
186161160,GB / Windsor 9th Aug,TO BE PLACED,09-08-2021 17:05,24292309,Jungle Boogaloo,0,6.2,5.68797242540439827927063631627426851514,1,1,1001,1,1001,0,1195.44,23.86
186161226,GB / Wolverhampton 9th Aug,TO BE PLACED,09-08-2021 15:20,39565209,Fozzie Bear,0,2.514552511,2.09996187635245359334342904392157541948,1.79945367975297975848088717738025609176,2.6,2.36,1,1001,61.34,9818.2,91.58
186161206,GB / Wolverhampton 9th Aug,TO BE PLACED,09-08-2021 13:00,8430690,Western Music,1,4.825326041,4.76174958146216730107616169957138103854,3.40211226200315085180720197371568747522,5.1,4.3,1,1001,64.78,2657.48,403.42
186161206,GB / Wolverhampton 9th Aug,TO BE PLACED,09-08-2021 13:00,28575501,The Chain,0,3.444891729,3.6643537173194935945629654368745340372,3.71220811350561642127841809376082499939,3.95,3.3,55,55,53.56,2419.56,134.26
186161206,GB / Wolverhampton 9th Aug,TO BE PLACED,09-08-2021 13:00,29740726,Sky Blue Thinking,1,4.8,4.53575888895593289454954221128521029386,4.50867228671724020227096014322570839717,4.6,4.4,1,1001,56.94,1580.62,530.9
186161206,GB / Wolverhampton 9th Aug,TO BE PLACED,09-08-2021 13:00,37128345,Dilly Rosa,0,13.843478798,13.4109916172761573098648280623141577308,10.2500139479871516316661791446075320207,14,13.5,1,1001,32.7,1176.02,29
186161231,GB / Wolverhampton 9th Aug,TO BE PLACED,09-08-2021 15:55,28575489,Merry Secret,0,1.832744046,1.88472229668208904156041472353554550396,2.12832565813772750445100876959385189008,1.93,1.86,1,1001,98.52,8290.26,117.9
186160696,GB / Ayr 9th Aug,TO BE PLACED,09-08-2021 15:35,39914225,Chelsea Annie,0,1.7481421792976293,1.62628546312972094134368875721915174747,2.05814659938807115672510108607145864009,1.76,1.7,1.69,1.69,256.9,11892.42,710.96
186160681,GB / Ayr 9th Aug,TO BE PLACED,09-08-2021 13:50,8538075,Star Citizen,0,3.05,3.30790664975744035213441623755180523186,3.3048467699908286225971190430462321003,4.2,2.98,1,1001,255.84,3751.76,17.52
186160681,GB / Ayr 9th Aug,TO BE PLACED,09-08-2021 13:50,37065281,The Gloaming,0,4.2,4.06965499559339334957127939053717745463,4.34122615101210208234673112348723970666,3.95,3.95,1,1001,14,2528.02,14
186160686,GB / Ayr 9th Aug,TO BE PLACED,09-08-2021 14:25,35528066,Midnight Poppy,0,4.34814571644509,4.17535008240623877776825540933243109937,3.98128770835831354904655367050298885471,4.7,3.55,1,1001,332.84,3855.6,32.84
186160686,GB / Ayr 9th Aug,TO BE PLACED,09-08-2021 14:25,11995054,Motahassen,0,4.4,4.50468389224793115546647678469861490409,4.37471199100604817106673700405043311594,4.3,4.1,4.7,4.7,42.12,1421.2,213.06
186160691,GB / Ayr 9th Aug,TO BE PLACED,09-08-2021 15:00,36336693,Platinumcard,1,1.477109397614258,1.52319517043405171897431037968079327554,1.52133137478296577226025609643362077759,1.56,1.49,1,1001,44.12,12521.62,1034.8
186161051,GB / Ripon 9th Aug,TO BE PLACED,09-08-2021 17:55,39631501,Proclivity,1,2.04,1.78182712716881130852671532812752160087,2.01684334931041469183523675004525629056,1.81,1.81,2.12,2,502.92,9710.82,1486.6
186161051,GB / Ripon 9th Aug,TO BE PLACED,09-08-2021 17:55,40157743,Rockprincess,0,5.329747364171781,4.26245895917738075521243922385536642717,4.91624092737518491415494887436844104644,6,5.4,1,1001,24,2863.48,0
186161051,GB / Ripon 9th Aug,TO BE PLACED,09-08-2021 17:55,39050482,Honorah,0,6.8,4.27777445665014597285077654696458737598,3.86735987467666108061279976748122653653,6.4,5.9,1,1001,8,1641.31,10
186161056,GB / Ripon 9th Aug,TO BE PLACED,09-08-2021 18:25,39381938,Bungley,0,5.630171447475841,4.74585268045821550444511614202520417795,4.3877764257038820320866542930442116072,5.4,5.2,1,1001,33.08,1850.33,0
186161061,GB / Ripon 9th Aug,TO BE PLACED,09-08-2021 18:55,28680894,Chase The Dollar,0,6.6,6.33810129345520480335947172190630383508,4.31921335612685478065415072207082728997,7.2,5.9,1,1001,13,2096.4,97.36
186161076,GB / Ripon 9th Aug,TO BE PLACED,09-08-2021 20:25,19761454,The Big House,0,3.75,3.85696153620205378367242455685170712633,2.70233703649350115927343810795967311581,4.1,3.85,1,1001,41.54,2710.08,84.84
186161180,GB / Windsor 9th Aug,TO BE PLACED,09-08-2021 19:05,5477469,Forest Falcon,0,1.2452196881536337,1.23152890690019856480252834598641314951,1.22376698389137087938995228089367263026,1.24,1.22,1.23,1.23,131.24,11112.36,478.14
186161190,GB / Windsor 9th Aug,TO BE PLACED,09-08-2021 20:05,35676575,Star Of Epsom,1,4.080006049489457,4.5455436926814631900464380551695444345,1,4.8,4.3,1,1001,0,2649.06,98.44
186161170,GB / Windsor 9th Aug,TO BE PLACED,09-08-2021 18:05,40262716,Dansemai,0,1.9264611291058644,2.01441252417577496288628110134175438217,2.27996348339473844422673823717382180567,2.24,1.84,1,1001,3.4,6968.64,49.16
186161221,GB / Wolverhampton 9th Aug,TO BE PLACED,09-08-2021 14:45,11314105,Always Dreaming,0,3.75,3.47924015804623447836313840931171207838,4.42646485935061750876593625920191013281,5,3.65,3.5,3.5,37.7,4367.82,317.84
186161221,GB / Wolverhampton 9th Aug,TO BE PLACED,09-08-2021 14:45,35886763,Across The Nile,0,2.74,2.26141532763286116870628934082654039816,2.30182694776337709691970090612169521937,2.74,2.24,1,1001,315.2,9990.6,31.18
186161226,GB / Wolverhampton 9th Aug,TO BE PLACED,09-08-2021 15:20,40484779,Bounce This Way,0,9.08437878180412,6.01309695949713299779326882005999167371,6.06250682867618071691867908593396736854,9.4,8,1,1001,9.18,1297.24,.2
186161231,GB / Wolverhampton 9th Aug,TO BE PLACED,09-08-2021 15:55,21433708,Onebaba,0,3.4215282867834316,3.39173075008903798996902405626109741693,4.15586207262335215801950568194431912864,3.9,3.05,3.65,2.96,61.54,3667.44,426.94
186161211,GB / Wolverhampton 9th Aug,TO BE PLACED,09-08-2021 13:35,11324579,Harry George,0,7.61715721658431,6.4751527306251159474254574961891635631,4.65512202520975455118397287957782266168,7.6,5.5,1,1001,239.52,1532.3,30.2
186161211,GB / Wolverhampton 9th Aug,TO BE PLACED,09-08-2021 13:35,25561092,Calonne,0,4.391482563616444,4.45866598502163472275971666064651920818,3.9208467568226265542980519757306675895,4.8,4.1,1,1001,96.6,2807.6,4.16
186161211,GB / Wolverhampton 9th Aug,TO BE PLACED,09-08-2021 13:35,38182138,Lammas,1,2.88,2.64813527009659835828824424905180565456,2.47310666995848254234801898050946143737,2.68,2.46,1,1001,211.9,2991.82,597.3
186160696,GB / Ayr 9th Aug,TO BE PLACED,09-08-2021 15:35,40290348,Autumn Angel,0,2.8908907908851686,2.59885773084527607171574511502777618713,3.2141214454580199403115238990907534654,3.5,2.92,1,1001,286.84,6480.64,41.08
186160696,GB / Ayr 9th Aug,TO BE PLACED,09-08-2021 15:35,40105537,Nikhi,1,3.55,2.77307366592493554456095741642907097704,3.07684068426690023843667896437755068904,3.7,3.05,3.25,3.25,76,3508.7,155.56
186160706,GB / Ayr 9th Aug,TO BE PLACED,09-08-2021 16:35,5609664,Flying Moon,0,1.7187610014100212,1.89621504134395024417053417155919743804,2.50305896466687203207354058094381686673,1.78,1.69,3.75,3.75,207.92,8030.88,344.52
186160681,GB / Ayr 9th Aug,TO BE PLACED,09-08-2021 13:50,25105916,Glorious Rio,0,1.8587335583790816,1.91161427748375965033491762241001552498,1.94168391294831639677398390767828951964,2.02,1.85,1,1001,229.16,12132.42,388.64
186160701,GB / Ayr 9th Aug,TO BE PLACED,09-08-2021 16:05,10464395,Zoravan,1,2.3566924473477773,2.50992812465214912463022009793817206697,3.17975618430870277624866461943487505415,2.86,2.22,1,1001,70.98,9722,197.02
186160701,GB / Ayr 9th Aug,TO BE PLACED,09-08-2021 16:05,13538377,Retirement Beckons,0,2.282645206,2.4160530881137918110829379351696669893,2.63352839350649972316141683912566876064,2.56,2.3,1,1001,320.88,9089.06,40.78
186160701,GB / Ayr 9th Aug,TO BE PLACED,09-08-2021 16:05,8677538,Joyful Star,0,52.71240360118448,35.0953970521448511958817257279724043116,1,60,17,40,40,0,399.26,30.08
186161076,GB / Ripon 9th Aug,TO BE PLACED,09-08-2021 20:25,20034792,Deconso,0,19.875004884,24.6623536019246692435084733426224213741,1,36,18,1,1001,0,792.88,12.5
186161185,GB / Windsor 9th Aug,TO BE PLACED,09-08-2021 19:35,35549461,General Lee,1,1.47,1.45610356069975952799197184564902413093,1.38684112798030826027386878180518280796,1.51,1.4,1,1001,38,7721.38,993.06
186161185,GB / Windsor 9th Aug,TO BE PLACED,09-08-2021 19:35,36666985,Aveta,1,2.18,1.97813274258744802345040961123962947781,3.56419153767221579362845938181034136826,2.06,1.84,1,1001,14,5799.24,1132.92
186161190,GB / Windsor 9th Aug,TO BE PLACED,09-08-2021 20:05,28732202,Mister Allegro,0,5.1,5.3707545509693174067970332219724948602,1,5.6,5.3,1,1001,0,1706.88,46.14
186161190,GB / Windsor 9th Aug,TO BE PLACED,09-08-2021 20:05,7056529,He Can Dance,0,4.3,4.35061263141245650376709213987362281463,1,4.6,4.3,1,1001,0,1617.74,86.3
186161165,GB / Windsor 9th Aug,TO BE PLACED,09-08-2021 17:35,36585594,Thaki,0,1.22,1.2030259077042554707520621899913442842,1.30454018373156238482413796432593951458,1.23,1.18,910,910,44,16831.04,444.96
186161165,GB / Windsor 9th Aug,TO BE PLACED,09-08-2021 17:35,39450134,Shadow Angel,0,2.503019372565705,2.36993989305280642197357422337907655415,1,2.5,2.26,2.22,2.2,0,5462.82,438.36
186161221,GB / Wolverhampton 9th Aug,TO BE PLACED,09-08-2021 14:45,26291369,Urtzi,1,1.7058158991089112,1.64575600264600397745965301842410596978,2.30376549055250873648659358495499602133,1.96,1.71,1,1001,523.88,8272.84,1338.98
186161226,GB / Wolverhampton 9th Aug,TO BE PLACED,09-08-2021 15:20,39258078,Mohi,1,3.8427443076649612,3.25905632960058381684396576193681386536,4.54996006294929182046701974602785718661,4.4,3.5,1,1001,8,3899.02,272.04
186161206,GB / Wolverhampton 9th Aug,TO BE PLACED,09-08-2021 13:00,36110949,Tommytwohoots,0,1.38,1.40243207942521930259853942698100164816,1.5153186688045089351887735238137380466,1.48,1.35,1.2,1.2,448.9,9409.28,1026.54
186161231,GB / Wolverhampton 9th Aug,TO BE PLACED,09-08-2021 15:55,28702291,Secret Handsheikh,1,3.3621517201726485,3.30065985553115402154828273115357803208,2.04304613063234248948716867019956073181,3.5,2.94,3.05,3.05,90.84,3160.2,708.76
186161231,GB / Wolverhampton 9th Aug,TO BE PLACED,09-08-2021 15:55,1221738,Roundel,0,4.3,3.80501675932133199392724773419762944208,2.87999811216856236406862608108797690749,4.2,4.2,1,1001,48,1514.06,.68
186161211,GB / Wolverhampton 9th Aug,TO BE PLACED,09-08-2021 13:35,25106016,Giuseppe Cassioli,1,2.84,2.41854452365867483670907394826062103161,2.20122008674480168391986646514030360661,2.78,2.14,1,1001,252,6461,332.84
186160706,GB / Ayr 9th Aug,TO BE PLACED,09-08-2021 16:35,8756225,Get Knotted,0,2.6877898217945404,2.65365809118221986208631442701194131647,2.19750336361600263339847372579084992757,2.7,2.7,2.62,2.62,248.24,6273.1,126.02
186160681,GB / Ayr 9th Aug,TO BE PLACED,09-08-2021 13:50,7038431,Rory,1,2.02,1.94795485942219410560699104382329489732,2.1364736287649069071969784705029637217,1.96,1.91,1,1001,54.14,6404.7,487.76
186160686,GB / Ayr 9th Aug,TO BE PLACED,09-08-2021 14:25,36001143,Ayr Empress,0,1.8991425173045806,1.99902688041072802254669002287964201158,2.01183650451973619947552726388621543535,2.16,1.9,2.62,1.81,213.6,7276.16,1182.08
186160691,GB / Ayr 9th Aug,TO BE PLACED,09-08-2021 15:00,4678440,Khagan,0,1.63,1.71197891922892878198656916032157763841,1.85878505025377902535397203445530928412,1.71,1.71,1.75,1.75,120.9,6965.78,885.8
186160701,GB / Ayr 9th Aug,TO BE PLACED,09-08-2021 16:05,24623787,Asmund,1,2.42,2.47118583770129707845386409653095611614,2.32998423968675971189741401564391461961,2.62,2.36,1,1001,8,4677.18,896.7
186161056,GB / Ripon 9th Aug,TO BE PLACED,09-08-2021 18:25,39468507,Lethally Lovely,0,2.04,1.9424307639542123721500670580210530649,2.09476078876704358555355284087229554614,1.94,1.82,1,1001,64.16,8648.74,84.78
186161066,GB / Ripon 9th Aug,TO BE PLACED,09-08-2021 19:25,28618300,Cuban Dancer,1,2.34,2.21069841032647772977555679869104459874,1.80601072855389460198238639419856137623,2.36,2.12,1,1001,16.36,4332.06,630.52
186161066,GB / Ripon 9th Aug,TO BE PLACED,09-08-2021 19:25,38649453,Cosmos Raj,1,1.3903024706625362,1.41098559528810898995348988581698745177,1,1,1001,1,1001,0,5023.68,1272.94
186161076,GB / Ripon 9th Aug,TO BE PLACED,09-08-2021 20:25,9552308,Kodimoor,0,10.138164491490464,8.36314655107528099229644375405960124537,4.84212145103762993320465785976335274703,11.5,5.5,1,1001,14,2139.04,40.18
186161076,GB / Ripon 9th Aug,TO BE PLACED,09-08-2021 20:25,26426070,Cindy Looper,0,7.963561247,7.95617367903114464203294880382945146191,1,7.8,7.2,1,1001,0,1426.74,12.12
186161185,GB / Windsor 9th Aug,TO BE PLACED,09-08-2021 19:35,10359745,Fast Moon,0,4.930491585426757,5.10578761116732529205302272761085193625,1,4.8,4.2,1,1001,0,3049.44,69.78
186161190,GB / Windsor 9th Aug,TO BE PLACED,09-08-2021 20:05,27212704,Pump It Up,1,1.98,2.00467905074948531175790929631150668237,2.19055412053894569758341569879593328949,2.1,1.92,1,1001,34.02,7149.52,533.12
186161190,GB / Windsor 9th Aug,TO BE PLACED,09-08-2021 20:05,39450131,Sir Joseph Swan,0,4.8,4.10967550218275950885531362729397997076,2.65577873854733386448185939617350895185,4.7,3.3,1,1001,24,3709.94,14
186161165,GB / Windsor 9th Aug,TO BE PLACED,09-08-2021 17:35,30152380,Bama Lama,1,2.36,2.3461172727574653990503731560118963835,2.65611717859804853156561450092681592988,2.8,2.8,1,1001,26,4272.62,399.44
186161170,GB / Windsor 9th Aug,TO BE PLACED,09-08-2021 18:05,40105404,Burtonlodge Angel,0,3.95,3.98118646887590600247366084200220683803,3.85994403785179987288897374008141029889,4.2,4.1,1,1001,3.7,2219.9,73.4
186161170,GB / Windsor 9th Aug,TO BE PLACED,09-08-2021 18:05,40484789,Alyas Gold Award,1,1.3875051133664238,1.38201442886598469499099584482432990121,1.30745924774970717238311823597071599165,1.39,1.32,1,1001,30,7869.4,742.8
186161160,GB / Windsor 9th Aug,TO BE PLACED,09-08-2021 17:05,80133,Sovereign State,0,3.15,3.34633734751453227297964433528485948391,1,1,1001,910,2.14,0,2698.2,116.74
186161160,GB / Windsor 9th Aug,TO BE PLACED,09-08-2021 17:05,719051,Final Deal,0,3.1,2.92461699163429241363942575312560113483,3.2124925881498296980705114637865963149,1,1001,2.38,2.38,16,1900.26,194.24
186161160,GB / Windsor 9th Aug,TO BE PLACED,09-08-2021 17:05,12507764,Major Force,1,3.461137248890445,3.07755474770770934236951721513169257681,2.2334877884708941381480323344798886491,3.25,2.84,1,1001,8,3508.38,213.44
186161175,GB / Windsor 9th Aug,TO BE PLACED,09-08-2021 18:35,40105352,Thread Count,1,2.12079294129546251401,2.09732858945635247564696139532943237256,2.70664166436628370061045272353426688966,2.05,2.05,1.03,1.03,12,8424.32,1215.32
186161206,GB / Wolverhampton 9th Aug,TO BE PLACED,09-08-2021 13:00,35319571,Favourite Niece,0,3.15,3.38586427408767137013004830208925564798,4.32303899056517387904681443834723080399,3.85,3.85,1,1001,148.26,3088.14,100.62
186161216,GB / Wolverhampton 9th Aug,TO BE PLACED,09-08-2021 14:10,3160043,Evaluation,0,2.8967976594390343,2.9200370768137933664017527278275856777,3.50444775597881222609609817554945539435,2.9,2.74,1,1001,52.78,3559.46,181.98
186161216,GB / Wolverhampton 9th Aug,TO BE PLACED,09-08-2021 14:10,36573645,Mushirif,1,1.823831392,1.81363616028110186727722630659447603985,2.26554137230685406536079268067957886574,1.88,1.76,1.77,1.62,53.1,6633.04,1900.86
186161211,GB / Wolverhampton 9th Aug,TO BE PLACED,09-08-2021 13:35,21952975,Sucellus,0,2.029401228878505,2.26514758332611625158818931376540782093,2.18466180503759724467272849329136710237,2.5,2.1,1.67,1.67,787.74,5730.34,806.62
186161211,GB / Wolverhampton 9th Aug,TO BE PLACED,09-08-2021 13:35,28625715,John Jasper,0,5.3,4.33161154626475963978908665683407060464,3.5794940199029204661100050637776972258,5.5,4,3,3,147.82,4152.36,578.86
186160696,GB / Ayr 9th Aug,TO BE PLACED,09-08-2021 15:35,39933315,Ribaldry,0,1.7165853615490776,1.58819654099468583448083487543423338578,1.71837226002236896662165457910064338268,1.9,1.65,1,1001,254.28,14057.22,168.5
186160696,GB / Ayr 9th Aug,TO BE PLACED,09-08-2021 15:35,40484585,Hopedale,0,19.757753675723464,10.4748893344247245361084742712391981717,1,17,15,270,270,0,642.6,7.82
186160706,GB / Ayr 9th Aug,TO BE PLACED,09-08-2021 16:35,27264111,Ventura Rascal,1,2.499008708135661,2.43439583969706149498606619758913460158,2.09212614307232092981192276955852827259,2.62,2.22,1,1001,71.44,5147.5,723.32
186160686,GB / Ayr 9th Aug,TO BE PLACED,09-08-2021 14:25,21066775,Brazen Prince,0,6.2,5.13327390410271173500924195064965678566,4.05966626054411404552502512789996742429,6.4,4.5,1,1001,26.26,1644.34,105.44
186160701,GB / Ayr 9th Aug,TO BE PLACED,09-08-2021 16:05,12941244,Oriental Lilly,0,6.67473840586106,6.10638204346809447569003065672893297273,5.41067924688579964071104282739885596153,7,6,1,1001,55.22,1836.34,12.62
186161051,GB / Ripon 9th Aug,TO BE PLACED,09-08-2021 17:55,39947084,Lotus Rose,1,1.8247935123775831,1.81709334233803130048451425298494689353,2.2900406493965533600008400685276415635,2.34,1.86,1,1001,45.12,10055.16,876.22
186161051,GB / Ripon 9th Aug,TO BE PLACED,09-08-2021 17:55,40484748,Ardoms Lady,0,10.454605741,6.50994161539904855406690899989484169712,1,11,9.4,90,90,0,933.64,36.08
186161056,GB / Ripon 9th Aug,TO BE PLACED,09-08-2021 18:25,39422438,Woodlands Charm,1,5.52582492325552,5.50895706287189467436661040975993540625,4.93732829763690917768594454510398133851,6.2,5,1,1001,74.08,2563.73,621.24
186161056,GB / Ripon 9th Aug,TO BE PLACED,09-08-2021 18:25,39481736,Kendred Fire,1,2.5188767741392795,2.51364546488867949228636237136148535557,2.40998755223110454560229437974456669948,2.6,2.48,1,1001,9.9,4804.9,842.2
186161071,GB / Ripon 9th Aug,TO BE PLACED,09-08-2021 19:55,28562925,Lost My Sock,0,2.6,2.22064578696321405400354861375841989113,2.83725619011194354782393039423354833576,2.68,2.68,1,1001,64.56,4186.18,65.26
186161071,GB / Ripon 9th Aug,TO BE PLACED,09-08-2021 19:55,28610604,Jojo Rabbit,1,3.5402209358644905,2.61020927858273569468767657349764786046,2.05895646197300708420925080816761706083,3.3,3.05,1,1001,26.58,5878.6,174
186161071,GB / Ripon 9th Aug,TO BE PLACED,09-08-2021 19:55,28677718,Kraken Power,0,1.66,1.52779624730944138376831221686147621608,1.94280865510845338583853587722087570862,1.66,1.6,1,1001,25.6,11855.42,145.18
186161076,GB / Ripon 9th Aug,TO BE PLACED,09-08-2021 20:25,12988995,Tarnhelm,0,3.85,3.77938994368995782802649424863924471351,3.19999089203770696389316948227834336766,3.95,3.5,1,1001,20,3843.58,47.1
186161076,GB / Ripon 9th Aug,TO BE PLACED,09-08-2021 20:25,10099872,Mikmak,1,1.62,1.6551996930362482653335836984493721694,1.70717131280975508927791261996871819424,1.71,1.56,1,1001,113.46,16125.26,1814.84
186161076,GB / Ripon 9th Aug,TO BE PLACED,09-08-2021 20:25,25915591,Willing To Please,0,25.840934112756248,19.6894806599869127317479854020572680904,1,26,13,910,24,0,745.5,40.92
186161180,GB / Windsor 9th Aug,TO BE PLACED,09-08-2021 19:05,8935821,Lawn Ranger,1,2.436145548106797,2.3252913337863012528116961092812716561,1.86997738058810470927755878347162973763,2.36,2.26,1,1001,4,4164.43,1092.16
186161185,GB / Windsor 9th Aug,TO BE PLACED,09-08-2021 19:35,34898741,Tricolore,0,2.54,2.32640091224576137950464543189971779352,2.01998931561191896514884006590030969426,2.42,2.42,910,910,8,3117.7,470.66
186161190,GB / Windsor 9th Aug,TO BE PLACED,09-08-2021 20:05,35415058,Vive La Danse,1,2.6,2.68823604022233969569897153466128846339,2.88195239691231647424144406456597915344,2.6,2.56,1,1001,20,2782.12,896
186161190,GB / Windsor 9th Aug,TO BE PLACED,09-08-2021 20:05,36179684,Dusk Chorus,0,1.94,2.08832979927191784728482146545679187467,1.89999037891505044263892780857270450367,2.22,1.99,1,1001,12.46,9085.34,139
186161160,GB / Windsor 9th Aug,TO BE PLACED,09-08-2021 17:05,8756227,Excellent George,0,2.2,2.20887177031524818586569960524764129182,1.78048665140643105966377301818461734195,2.38,2.16,1,1001,55.18,11569.78,393.7
186161221,GB / Wolverhampton 9th Aug,TO BE PLACED,09-08-2021 14:45,11252610,Dubai Elegance,0,18,10.0225536058733402756980348449081489208,5.49311410296901536683631254420506548905,19,13,1,1001,24.14,1528,.3
186161226,GB / Wolverhampton 9th Aug,TO BE PLACED,09-08-2021 15:20,40484780,Miss Belladonna,0,274.7134025396035,99.7005463288886496804614646429213311777,19.9999183003513084893734956939685159354,240,90,930,910,6,234.7,.9
186161206,GB / Wolverhampton 9th Aug,TO BE PLACED,09-08-2021 13:00,35415057,Chase That Dream,0,1.8530712442327788,1.61785915016894084824878528710117637229,1.52513824172337082803896200270848484208,1.56,1.48,910,1.55,1519.38,11844.22,693.26
186161216,GB / Wolverhampton 9th Aug,TO BE PLACED,09-08-2021 14:10,38612559,Maketh Believeth,1,2.58,2.63786580644194755027676672556417549767,2.36273753497513658715080109940143064555,2.7,2.64,1,1001,200.56,4945.9,352.44
