EVENT_ID,MENU_HINT,EVENT_NAME,EVENT_DT,SELECTION_ID,SELECTION_NAME,WIN_LOSE,BSP,PPWAP,MORNINGWAP,PPMAX,PPMIN,IPMAX,IPMIN,MORNINGTRADEDVOL,PPTRADEDVOL,IPTRADEDVOL
184035211,IRE / Curragh 2nd Jun,TO BE PLACED,02-06-2021 16:30,39650733,Point Lonsdale,1,1.65,1.61889199819496240520894710873374666953,1,1.64,1.62,1,1001,0,4029.66,680.42
184035216,IRE / Curragh 2nd Jun,TO BE PLACED,02-06-2021 17:00,38872970,Missing Matron,0,3.555590464170673,3.71779724112436042277552374749738592738,3.04999539493788093664427275561917215983,3.55,3.55,930,930,13.8,936.2,31.52
184035221,IRE / Curragh 2nd Jun,TO BE PLACED,02-06-2021 17:30,34380946,Thunder Beauty,0,4.697618409613497,4.9740342346567016631634114017888606557,2.66689133216507274162174356693345194605,5.2,5.2,1,1001,8,942.98,72.66
184035221,IRE / Curragh 2nd Jun,TO BE PLACED,02-06-2021 17:30,2290839,Silver Service,0,16.64241739,21.8332256318135797181540566914336925214,1,30,16,1,1001,0,1343.76,0
184035226,IRE / Curragh 2nd Jun,TO BE PLACED,02-06-2021 18:00,28723435,Shelly Banks,1,2.56,3.00716654698723073125089884080543932668,1,3.3,2.58,1,1001,0,4658.5,270.84
184035226,IRE / Curragh 2nd Jun,TO BE PLACED,02-06-2021 18:00,35528110,Notoriously Risky,1,1.5754374506493698,1.53939099300559124543187375970337939688,1.45184060512616668257360002749949927937,1.6,1.48,1,1001,45.72,20243.22,623.88
184035226,IRE / Curragh 2nd Jun,TO BE PLACED,02-06-2021 18:00,36140414,Ferrybank,0,2.9110662903741833,2.71545850833807961363957625077413293845,2.73025482535176212177715038898628461868,2.9,2.34,930,910,15.2,4193.54,.9
184035231,IRE / Curragh 2nd Jun,TO BE PLACED,02-06-2021 18:30,12330982,Oreilly,1,1.86,1.82442625666811175927848415537561838136,2.25458184671628551588427296556251827509,1.85,1.82,1.76,1.76,21.14,7696.54,940.22
184035236,IRE / Curragh 2nd Jun,TO BE PLACED,02-06-2021 19:05,25797863,Shoshone Warrior,0,3.9,3.45451912467448744767909836874798671861,2.56665378001460487233670024062861617646,3.85,3.7,1,1001,36,2080.72,24
184035236,IRE / Curragh 2nd Jun,TO BE PLACED,02-06-2021 19:05,6454776,Barbados,1,5.4,4.78903528809682865414357220410805961804,4.41413359020882657604215074273369829425,5.1,5.1,1,1001,14,1077.86,96.2
184035246,IRE / Curragh 2nd Jun,TO BE PLACED,02-06-2021 20:10,24000997,Glow Worm,1,3.1,3.42941637691312490790649290817514370459,1,4.1,3,1,1001,0,4545.38,397.24
184035246,IRE / Curragh 2nd Jun,TO BE PLACED,02-06-2021 20:10,13185779,Roxette,0,3.7135699352154186,3.55155033190737706818486052556953261492,1,3.8,3.25,1,1001,0,2490.26,.72
184035593,IRE / Wexford 2nd Jun,TO BE PLACED,02-06-2021 16:20,8914096,Capture The Drama,0,2.374951884795035,2.47267129273464690998563797676359761054,1,1,1001,930,2.24,0,1761.98,806.74
184035593,IRE / Wexford 2nd Jun,TO BE PLACED,02-06-2021 16:20,16984061,Mary Fields,0,6.6,6.03938018177079781609427688266433337251,1,1,1001,930,42,0,821.52,66.06
184035598,IRE / Wexford 2nd Jun,TO BE PLACED,02-06-2021 16:50,24173566,Tropical Stream,0,4.654749343203806,4.39855656450395365351136235298737835029,1,4.6,4.6,1,1001,0,1199.34,4
184035578,IRE / Wexford 2nd Jun,TO BE PLACED,02-06-2021 14:40,2182377,Union Gap,0,9.475305879238295,5.93350641406256733864503991533544958245,5.1999901300231944454930530913252353857,1,1001,930,910,12,1104.26,89.48
184035578,IRE / Wexford 2nd Jun,TO BE PLACED,02-06-2021 14:40,35590010,Lyla Garrity,0,3.4,1.96343991528675685534947537815888342103,1,1,1001,930,930,0,1651.72,52.68
184035563,IRE / Wexford 2nd Jun,TO BE PLACED,02-06-2021 13:05,36179786,Paddy Wickla,0,3.95,5.4776768715049267414927545915415956263,1,5.1,5.1,1,1001,0,1050.94,61.06
184035211,IRE / Curragh 2nd Jun,TO BE PLACED,02-06-2021 16:30,24503090,Mannix,1,3.85,3.85527552062255851324034682273126256495,1,4,4,1,1001,0,1276.96,174.82
184035216,IRE / Curragh 2nd Jun,TO BE PLACED,02-06-2021 17:00,5832237,Rapidus,0,4.6524562214504,4.04078295325473437362456965728905303388,1,4.3,4,1,1001,0,1196.58,.18
184035221,IRE / Curragh 2nd Jun,TO BE PLACED,02-06-2021 17:30,23848570,Romantic Proposal,1,2.5405868494168775,2.59150380355305170881631836359395043583,2.6344420732742362494098079886822483455,2.7,2.56,1,1001,41.22,2261.86,358.56
184035221,IRE / Curragh 2nd Jun,TO BE PLACED,02-06-2021 17:30,25769040,Lustown Baba,0,2.4442788884937787,2.31994049484177883497428427499256212316,1,2.54,2.2,1,1001,0,9554.42,197.74
184035221,IRE / Curragh 2nd Jun,TO BE PLACED,02-06-2021 17:30,33068804,Loch Lein,0,4.82163069941239,4.41614681312042595601577294572461788253,5.59109825603599421032732219460896620601,1,1001,1,1001,9,533.48,18
184035236,IRE / Curragh 2nd Jun,TO BE PLACED,02-06-2021 19:05,28625705,Lugnaquilla,0,5.97717014326612,6.78419971583459353524747647365233485444,7.05857875726827098958572658825338048331,6.4,6.4,930,930,41.24,1117.1,5.94
184035246,IRE / Curragh 2nd Jun,TO BE PLACED,02-06-2021 20:10,80666,Teddy Boy,0,3.7,3.86057023098351132201763898460073437602,2.68287185455539671578494374325635263244,4.2,3.6,1,1001,52.2,2605.5,8.22
184035246,IRE / Curragh 2nd Jun,TO BE PLACED,02-06-2021 20:10,26451322,Tyrions Dream,0,13.665279971354975,13.7637786414917876959023195545015215073,1,15,12,1,1001,0,359.92,24.72
184035246,IRE / Curragh 2nd Jun,TO BE PLACED,02-06-2021 20:10,27072331,Intervention,0,11.5,11.2366082175004586592941704075516474814,1,1,1001,1,1001,0,166.06,4.56
184035598,IRE / Wexford 2nd Jun,TO BE PLACED,02-06-2021 16:50,16539722,Cash Me Outside,0,1.727328614,1.8212617924870983616024603296916508218,1.65997874254515290612151213269060984896,2,1.75,1,1001,1.72,3682.8,487.88
184035598,IRE / Wexford 2nd Jun,TO BE PLACED,02-06-2021 16:50,16800582,Ask And Answer,0,2.88,3.05851200619070537339689368518026671086,1,1,1001,1,1001,0,911.1,47.06
184035588,IRE / Wexford 2nd Jun,TO BE PLACED,02-06-2021 15:45,12793238,Shes Made It,0,2.76,2.92244395310021160122740063033833207613,1,1,1001,910,910,0,1549.8,110.5
184035573,IRE / Wexford 2nd Jun,TO BE PLACED,02-06-2021 14:10,36585557,Leac An Scail Lady,0,2.86,2.58121177129772769981901775257742244688,2.17153915619630161026678167726856592867,2.7,2.36,1,1001,22.7,1951.22,299.46
184035573,IRE / Wexford 2nd Jun,TO BE PLACED,02-06-2021 14:10,27358640,Forged In Fire,0,7.2,6.33933700461440263335559166791252955652,1,1,1001,1,1001,0,640.56,19.46
184035578,IRE / Wexford 2nd Jun,TO BE PLACED,02-06-2021 14:40,1549099,West Is Best,0,4.1,2.53461036851573227095000264062251318257,1,3.65,3.65,930,930,0,1908.3,28
184035578,IRE / Wexford 2nd Jun,TO BE PLACED,02-06-2021 14:40,20233770,Dedanann,1,2.78,2.12258983103255192919790208713683658206,1,3.25,2.68,1,1001,0,2947.32,516.6
184035578,IRE / Wexford 2nd Jun,TO BE PLACED,02-06-2021 14:40,22879696,Eileens Boy,0,12.5,12.9088761126659070056987573993202055489,9.18997433808040734805697608814159048968,1,1001,1,1001,6,270.74,80.46
184035583,IRE / Wexford 2nd Jun,TO BE PLACED,02-06-2021 15:15,23848602,Friary Rock,0,3.7,3.80059682442155861983379691168342698133,3.51869590593259605471037205722164317206,3.75,3.6,1,1001,10.64,1279.78,144.8
184035583,IRE / Wexford 2nd Jun,TO BE PLACED,02-06-2021 15:15,24883595,Gin On Lime,1,1.2076060678879883,1.22605524545671751282623324788344868206,1.25591297981346152069028500236397571015,1.24,1.24,1,1001,73.26,5358.52,1457.28
184035583,IRE / Wexford 2nd Jun,TO BE PLACED,02-06-2021 15:15,24599199,Ardaghs Choice,0,21.102272209,19.9376768735042986249262529504307153799,1,27,15,930,930,0,382.7,4.48
184035211,IRE / Curragh 2nd Jun,TO BE PLACED,02-06-2021 16:30,39650732,Adhuil,0,21,23.6699355247576905785076352802106170673,1,28,28,1,1001,0,48.6,4.1
184035216,IRE / Curragh 2nd Jun,TO BE PLACED,02-06-2021 17:00,39650734,Dr Zempf,1,2.14,2.29375541994857766858014663112776458193,1,2.38,2.08,1,1001,0,3966.02,330.3
184035226,IRE / Curragh 2nd Jun,TO BE PLACED,02-06-2021 18:00,28723432,Herb Of Grace,0,3.3364370935909387,3.37841403347198128600105259664836088234,1,3.65,2.82,1,1001,0,3112.82,50.04
184035231,IRE / Curragh 2nd Jun,TO BE PLACED,02-06-2021 18:30,20160096,Patrick Sarsfield,1,1.98,2.07279429508383861029930512339319509968,1,2.18,1.96,1,1001,0,3013.02,477.04
184035231,IRE / Curragh 2nd Jun,TO BE PLACED,02-06-2021 18:30,25395127,Agitare,0,7.266959726505522,7.0024851245642294965202714359782376398,7.41040496028268416465713731969880705366,6.2,5.6,1,1001,1026.78,3032.26,5.68
184035231,IRE / Curragh 2nd Jun,TO BE PLACED,02-06-2021 18:30,967684,Bowerman,0,6.501049036590848,6.61021186314367004652039326318348093954,1,10,5.7,1,1001,0,2256.94,29.56
184035231,IRE / Curragh 2nd Jun,TO BE PLACED,02-06-2021 18:30,30518627,Reve De Vol,1,4,3.92977038648014420912498349004396781173,1,1,1001,1,1001,0,1297.52,268.84
184035241,IRE / Curragh 2nd Jun,TO BE PLACED,02-06-2021 19:40,39650736,Kazakdaria,0,14.846957563,13.8863615552917983692867553271618556497,1,24,12.5,910,11,0,1874.34,95.94
184035246,IRE / Curragh 2nd Jun,TO BE PLACED,02-06-2021 20:10,13079063,Reverberation,0,11.65768433324993,12.1184553240251628868766614456722427808,37.8598456607447702805185298485203387079,14,11,1,1001,4.06,340.64,.72
184035246,IRE / Curragh 2nd Jun,TO BE PLACED,02-06-2021 20:10,18214062,Aloysius Lilius,0,6.2,6.70352797705957091857467462598491785318,1,8.2,5.7,1,1001,0,1817.9,.72
184035246,IRE / Curragh 2nd Jun,TO BE PLACED,02-06-2021 20:10,36299329,No More Porter,1,3.55,3.67265021204635882883494851542083177745,2.2577927551137305449120613065268744052,4.1,3.55,1,1001,10,3938.64,288.26
184035246,IRE / Curragh 2nd Jun,TO BE PLACED,02-06-2021 20:10,24612010,Upstate New York,0,12,11.0491491624964344201020246566812807042,14.2299485139934677101502905481303791971,12.5,11.5,1,1001,4.06,218.66,.98
184035593,IRE / Wexford 2nd Jun,TO BE PLACED,02-06-2021 16:20,23336475,Lessofdnegativity,0,2.175823005364945,2.31363387210108789998354027861841803546,1,2.38,2.38,930,1.88,0,2066.9,364.82
184035593,IRE / Wexford 2nd Jun,TO BE PLACED,02-06-2021 16:20,10546265,Black Samurai,1,2.413518427781673,2.35118162838779239411838491426214823826,1.47998202857986014942231232737564942336,1,1001,2.86,2.18,1.72,1779.8,1334.6
184035598,IRE / Wexford 2nd Jun,TO BE PLACED,02-06-2021 16:50,20681858,An Droichead Gorm,1,3.74982489918979,3.18495345128429256717336180728846260418,1,3.7,3.7,1.07,1.07,0,1014.88,1555
184035598,IRE / Wexford 2nd Jun,TO BE PLACED,02-06-2021 16:50,12925966,Roundstone,0,12.5,10.8121496887776622420475220541539960187,1,13,12,930,930,0,874.7,23.24
184035598,IRE / Wexford 2nd Jun,TO BE PLACED,02-06-2021 16:50,18593734,Makeyourcall,1,10.5,6.92555743772323774563819348029410001897,1,6.4,6.4,1,1001,0,316.44,683.44
184035598,IRE / Wexford 2nd Jun,TO BE PLACED,02-06-2021 16:50,9337951,Rightback Atya,0,6.6,8.28645732168383526750986651591463531916,1,7.6,7.6,930,930,0,399.08,62.44
184035573,IRE / Wexford 2nd Jun,TO BE PLACED,02-06-2021 14:10,36909379,Rockys Howya,0,2.16,2.40982445607176923719737290170600838669,2.68831208852915722625383218292196134548,2.48,2.14,1,1001,16.16,1790.54,285.52
184035578,IRE / Wexford 2nd Jun,TO BE PLACED,02-06-2021 14:40,31432243,Larry O,0,4.32908674771665,3.0458286661248390220342316763973502697,1,4.1,4.1,1,1001,0,1270.34,0
184035578,IRE / Wexford 2nd Jun,TO BE PLACED,02-06-2021 14:40,35701784,Greige,1,2.64,2.05137256937466474319680817828385952629,2.26734442983264921576124302130846340189,2.68,2.32,1,1001,247.06,4981.64,623.32
184035578,IRE / Wexford 2nd Jun,TO BE PLACED,02-06-2021 14:40,23706771,King And Queen,0,3.6,2.74461812764029378920969696148707341694,1,3.6,3.45,1,1001,0,3172.52,87.86
184035563,IRE / Wexford 2nd Jun,TO BE PLACED,02-06-2021 13:05,25182503,Larkhill Lady,0,5,5.29022406565316199133376487940856984703,4.69999607800415731559324547115980057061,5.6,5.6,1,1001,20,683.74,12
184035563,IRE / Wexford 2nd Jun,TO BE PLACED,02-06-2021 13:05,38916959,Time Budget,0,3.05,2.69474943663655073474984721292132662814,2.5297171303149690109269199467546711587,2.7,2.5,1,1001,894.58,2346.36,137.26
184035211,IRE / Curragh 2nd Jun,TO BE PLACED,02-06-2021 16:30,6597895,Adonis,0,2.9973529698108177,2.967220375623783103608583068728620974,2.66767180425110748055687261915398046973,3.2,3.2,1,1001,150.52,893.9,3.54
184035211,IRE / Curragh 2nd Jun,TO BE PLACED,02-06-2021 16:30,13297086,Geodesic,0,5.4,4.46915618070226795385612259308044562871,2.98368283996542033750915602663715808281,5.4,5.4,1,1001,126.9,863.44,0
184035236,IRE / Curragh 2nd Jun,TO BE PLACED,02-06-2021 19:05,3249797,Bold Approach,0,5.773883692268573,5.29252738999280308231055955273228349229,3.49998027226451818475446044099243842702,6.4,5,930,930,5.88,1901.4,32.84
184035241,IRE / Curragh 2nd Jun,TO BE PLACED,02-06-2021 19:40,25909109,Ubuntu,0,3.695772028216161,3.55182963792830307258693822038363484854,1,3.6,3.6,930,910,0,1196.3,45.9
184035241,IRE / Curragh 2nd Jun,TO BE PLACED,02-06-2021 19:40,39163001,Theory Of Music,0,2,1.86718604107997332293413968831419326216,1,2.02,1.7,1,1001,0,6879.8,121.46
184035246,IRE / Curragh 2nd Jun,TO BE PLACED,02-06-2021 20:10,20303779,Trueba,0,5.676390630316455,6.32522026486409441020092026954479211099,4.77998084809703630834937102985344874253,8.2,5.6,1,1001,6,946.44,.72
184035246,IRE / Curragh 2nd Jun,TO BE PLACED,02-06-2021 20:10,25314604,Majeski Man,0,3.7,4.18380577245626715654265825086485853751,8.74999008001269758374709280372121123685,8.75,3.6,1,1001,40,1714.7,38.64
184035246,IRE / Curragh 2nd Jun,TO BE PLACED,02-06-2021 20:10,18401101,Hero Of The Hour,0,17.887155335725712,24.1424899256352234990815030546113132927,1,55,16,1,1001,0,434.34,.94
184035246,IRE / Curragh 2nd Jun,TO BE PLACED,02-06-2021 20:10,17284338,Golden Days,0,19.972225254237422,16.5118897098838527472040503999766068265,1,22,13,1,1001,0,163.74,.72
184035593,IRE / Wexford 2nd Jun,TO BE PLACED,02-06-2021 16:20,20969111,Emir De Rots,1,2.48,2.51665330478277665773898735044249853297,1,2.4,2.4,1,1001,0,3109.04,532.34
184035598,IRE / Wexford 2nd Jun,TO BE PLACED,02-06-2021 16:50,11387215,Mountain Hawk,0,4.606837373,4.8693291287683833121082463759484256585,1,1,1001,930,930,0,782.12,32.62
184035598,IRE / Wexford 2nd Jun,TO BE PLACED,02-06-2021 16:50,12716028,Railway Muice,0,3.7,4.22438897278973353478824237744675452376,1,4.8,4.2,1,1001,0,1171.38,65.28
184035588,IRE / Wexford 2nd Jun,TO BE PLACED,02-06-2021 15:45,18873835,Captain Cobajay,0,10.5,13.2445077551894521797960970598605077213,1,22,9.4,310,310,0,668.18,24.74
184035588,IRE / Wexford 2nd Jun,TO BE PLACED,02-06-2021 15:45,6360264,Carried,1,3.167253406215022,2.80894741966144344463043798911270622299,1,1,1001,1,1001,0,1516.32,1133.32
184035573,IRE / Wexford 2nd Jun,TO BE PLACED,02-06-2021 14:10,570899,Boston Brahmin,0,95,68.8505844898605104689033555944471513996,1,95,55,1,1001,0,48.48,9.46
184035573,IRE / Wexford 2nd Jun,TO BE PLACED,02-06-2021 14:10,998633,Risk Factor,1,2.22,2.3579321124105694854129537363619017586,1.52998095766093985692839640994294507325,2.42,2.42,2.3,1.92,1.72,2426.08,1086.38
184035573,IRE / Wexford 2nd Jun,TO BE PLACED,02-06-2021 14:10,27388514,All About Joe,1,1.762096599,1.72820472974066581344816230182729716884,1,1.78,1.78,1,1001,0,4213.92,936.42
184035578,IRE / Wexford 2nd Jun,TO BE PLACED,02-06-2021 14:40,32878264,Porky Rush,1,3.060419595798653,1.92407927507633528020229131997491288223,1,2.42,2.28,1,1001,0,2720.66,457.96
184035583,IRE / Wexford 2nd Jun,TO BE PLACED,02-06-2021 15:15,14549653,Star Max,1,3,3.13096562321412012696300034818394397488,2.63997917226451224069454317930162286939,3.2,3.15,1.99,1.99,6,2837.54,2827.12
184035563,IRE / Wexford 2nd Jun,TO BE PLACED,02-06-2021 13:05,39223568,Margarita Baby,0,22.90881977731362,12.3140419379852325538527025730295175484,1,20,19,910,900,0,734.32,6.84
184035568,IRE / Wexford 2nd Jun,TO BE PLACED,02-06-2021 13:35,11129934,The Virginian,1,1.6180368694294884,1.49915444211107129610188712098967862743,2.05196106227122070654624363196168541266,2.2,2.2,1,1001,61.36,7025.96,1258.52
184035568,IRE / Wexford 2nd Jun,TO BE PLACED,02-06-2021 13:35,25510144,Royal Red Persian,0,8.009552195642879,4.4473008477597461909710855047542210883,1,7.8,7.8,1,1001,0,802.86,.12
184035568,IRE / Wexford 2nd Jun,TO BE PLACED,02-06-2021 13:35,26549953,Knight Of Malta,0,2.58,2.05022826490048025825227960335709658209,1.46999834978357187101431954972246986333,2.68,2.08,1,1001,18,5543.32,263.56
184035568,IRE / Wexford 2nd Jun,TO BE PLACED,02-06-2021 13:35,36424407,Vermilion Cliffs,1,5.480069117658278,4.96029607299918338478648099693568480799,4.59994042098603268115912681645118773284,7.4,5.1,7.6,7.6,4,3181.3,143.66
184035211,IRE / Curragh 2nd Jun,TO BE PLACED,02-06-2021 16:30,919129,National Gallery,0,6.4645937415150145,7.08417319896594256496978959765552064428,1,7.8,7,1,1001,0,672.04,36.06
184035211,IRE / Curragh 2nd Jun,TO BE PLACED,02-06-2021 16:30,12681854,Unconquerable,1,3.1963777976531125,3.27057808536850672374154711728907021133,1,3.35,3.35,1,1001,0,1070.8,20
184035211,IRE / Curragh 2nd Jun,TO BE PLACED,02-06-2021 16:30,39502153,Play By The Rules,0,8.2,5.97531433775430754788636455035132966157,1,8.4,8.4,1,1001,0,495.68,4
184035211,IRE / Curragh 2nd Jun,TO BE PLACED,02-06-2021 16:30,39532849,Canters Well,0,4.6,4.52519875119593481169744091608573103015,1,1,1001,1,1001,0,806.62,4
184035211,IRE / Curragh 2nd Jun,TO BE PLACED,02-06-2021 16:30,39650731,Verbal Sparring,0,9,12.1457555504640405068822258256153738712,15.4999427252262353563703423371477682663,15,10,1,1001,4,313,14.32
184035221,IRE / Curragh 2nd Jun,TO BE PLACED,02-06-2021 17:30,21214435,Sonaiyla,1,1.4728007928940408,1.52275482022222033553686664996315014171,1.36884107320018478450155146352254908303,1.6,1.35,1,1001,868.6,10769.74,972.68
184035221,IRE / Curragh 2nd Jun,TO BE PLACED,02-06-2021 17:30,24292302,Star In The Making,0,12.176382277791854,17.7412507799277327437373845098081999285,1,30,12,50,50,0,1424.68,66
184035221,IRE / Curragh 2nd Jun,TO BE PLACED,02-06-2021 17:30,31432198,Teresa Mendoza,1,4.957051263,5.1855526532303803729096958543483275956,3.99796348350056199929244503445886035157,5.6,5.6,1,1001,54.16,652.44,607.78
184035226,IRE / Curragh 2nd Jun,TO BE PLACED,02-06-2021 18:00,29291857,Sister Rosetta,1,2.087525269879989,2.07191328563443331099564353605684810613,1,2.14,2.04,1,1001,0,8339.4,604.64
184035231,IRE / Curragh 2nd Jun,TO BE PLACED,02-06-2021 18:30,25106530,Geometrical,0,29.000433435707308,19.1711946145097400713884622838902963745,12.7297387489894627953129223286947379575,32,17,1,1001,236.92,666.72,50.62
184035236,IRE / Curragh 2nd Jun,TO BE PLACED,02-06-2021 19:05,26102420,Chiricahua,0,2.2581555667511557,2.19371375981659966903701867674186485792,1.76996946981520848998894346166041555794,2.28,2.26,1,1001,1.72,3718.62,342.32
184035236,IRE / Curragh 2nd Jun,TO BE PLACED,02-06-2021 19:05,26641162,Powerful Ted,0,2.22,2.49667208282650585177198712987308600173,2.40346786471347669307804638191821653123,1,1001,1,1001,65.84,1832.66,149.62
184035241,IRE / Curragh 2nd Jun,TO BE PLACED,02-06-2021 19:40,39092009,Call Me Sweetheart,1,1.7,1.72490265925001610795670763695353597163,1.58227771994851331777097691098654630599,1.77,1.6,2.48,2.48,1241.22,5893.64,771.3
184035241,IRE / Curragh 2nd Jun,TO BE PLACED,02-06-2021 19:40,39162999,Azallya,1,2.6300237101709687,2.66893402150469724250105818115937182288,1,2.72,2.72,1,1001,0,1751.08,336.18
184035246,IRE / Curragh 2nd Jun,TO BE PLACED,02-06-2021 20:10,35549471,Stratacaster,0,46,46.2449840526559539136676999022077373549,3.35998518148839530542482640225282306367,65,36,1,1001,1.72,82.44,.72
184035246,IRE / Curragh 2nd Jun,TO BE PLACED,02-06-2021 20:10,11915,Baby Power,0,5.954999350535218,5.23019681079229918573965436431935641567,1,7,4.8,1,1001,0,919.72,.72
184035246,IRE / Curragh 2nd Jun,TO BE PLACED,02-06-2021 20:10,6684884,Eleuthera,0,7.779326311,7.57541210940576048429193164411731081015,1,8.6,7.6,1,1001,0,706.06,8.22
184035246,IRE / Curragh 2nd Jun,TO BE PLACED,02-06-2021 20:10,38114935,Resourceful Man,0,12,10.6422798293744084428413865384542257213,1,13,8,1,1001,0,441.8,.72
184035246,IRE / Curragh 2nd Jun,TO BE PLACED,02-06-2021 20:10,20393322,Miss Jabeam,0,4.510929701141843,5.32841569574827438642847647691282036551,1,5.6,5.3,1,1001,0,899.42,12.72
184035246,IRE / Curragh 2nd Jun,TO BE PLACED,02-06-2021 20:10,18749452,Noirvento,0,6.161863174311584,6.31587013305354259929695936007881142422,1,6.2,5.6,1,1001,0,536.58,4.62
184035588,IRE / Wexford 2nd Jun,TO BE PLACED,02-06-2021 15:45,15627581,Olive Dhaguenet,1,5.0498043922804925,4.72935432056698002829868475765524296444,1,5.2,4.1,1,1001,0,1190.54,343.64
184035588,IRE / Wexford 2nd Jun,TO BE PLACED,02-06-2021 15:45,28770695,Sani Pass,0,4.8,4.55251744577226814566056305661061714935,1,1,1001,1,1001,0,775.2,249.98
184035588,IRE / Wexford 2nd Jun,TO BE PLACED,02-06-2021 15:45,2876331,Our Brian,0,8.4,8.16620066197335517276383717624965370905,1,1,1001,750,750,0,232.68,7.78
184035573,IRE / Wexford 2nd Jun,TO BE PLACED,02-06-2021 14:10,38725119,Quaker Island,1,2.9,2.68643157957775593636105624274677467442,1,2.94,2.48,1,1001,0,3060.54,664.1
184035563,IRE / Wexford 2nd Jun,TO BE PLACED,02-06-2021 13:05,36530824,Taxi Rank,0,9.6,8.57724770047102472069972073039626348006,1,9.8,9.6,1,1001,0,444.98,11.28
184035568,IRE / Wexford 2nd Jun,TO BE PLACED,02-06-2021 13:35,39223565,Master Mattie,0,28,11.6295879248567650632401844951445497309,1,24,24,910,910,0,377.58,18.06
184035568,IRE / Wexford 2nd Jun,TO BE PLACED,02-06-2021 13:35,39522864,Falcon Park,0,43.656885424,12.8399736609781917933889135173482134955,1,46,46,1,1001,0,200.22,53.06
184035568,IRE / Wexford 2nd Jun,TO BE PLACED,02-06-2021 13:35,13323093,Adnap,0,4.5,3.17697225707174342586035090981912993099,4.79998746004138186343985064849285997356,4.2,4.2,1,1001,10,2055.74,45.46
184035568,IRE / Wexford 2nd Jun,TO BE PLACED,02-06-2021 13:35,16311839,Mutadaawel,0,8.6,6.88937502845524283884858289033362267575,1,19,8.6,1,1001,0,979.96,24.54
184035216,IRE / Curragh 2nd Jun,TO BE PLACED,02-06-2021 17:00,15814984,Confident Star,0,3.6,3.92798939498050096419466415297070949517,4.59997998411128834123682272326565864294,1,1001,930,910,5,810.3,26.26
184035221,IRE / Curragh 2nd Jun,TO BE PLACED,02-06-2021 17:30,8308907,More Beautiful,0,3.5,3.29850116586335908175431496386414974888,3.69995734067401735052586169138527611264,3.5,3.05,3,3,4,3184.88,360.66
184035221,IRE / Curragh 2nd Jun,TO BE PLACED,02-06-2021 17:30,23960452,Back To Brussels,0,3.1514555917520197,3.27416282415270294381365072641795874987,1,3.6,3,1,1001,0,2619.44,8.38
184035221,IRE / Curragh 2nd Jun,TO BE PLACED,02-06-2021 17:30,34380945,Sweet Gardenia,0,12.834288685504,14.4906281515438623244403163788286360189,1,15.5,13.5,1,1001,0,798.2,6.36
184035226,IRE / Curragh 2nd Jun,TO BE PLACED,02-06-2021 18:00,3025633,Swiss Ace,0,2.4161784222596903,2.34197773395639639835585081935666364484,1,2.42,2.3,930,910,0,5757.44,101.88
184035241,IRE / Curragh 2nd Jun,TO BE PLACED,02-06-2021 19:40,232416,Loyal,0,1.84,1.84975000072294105302220293040272113212,1.46998677479075588803198793708363090248,1.89,1.8,910,910,1.72,3066.64,217.82
184035241,IRE / Curragh 2nd Jun,TO BE PLACED,02-06-2021 19:40,16787613,Truce,0,7.6,8.04420591089249405675323353217479014886,1,7,7,930,910,0,705.78,25.22
184035246,IRE / Curragh 2nd Jun,TO BE PLACED,02-06-2021 20:10,35590002,Silverback Jack,0,19.187557881560366,18.3158944163647395584172057740299251002,1,36,18,1,1001,0,179.36,.72
184035246,IRE / Curragh 2nd Jun,TO BE PLACED,02-06-2021 20:10,27207454,Showmolina,0,4.3,3.1670227375364760499496487311969856301,4.68998589123041588370397407304030896352,4.8,2.2,1,1001,10.2,3306,.72
184035593,IRE / Wexford 2nd Jun,TO BE PLACED,02-06-2021 16:20,25903079,Greenway Machine,0,3.804960678,3.52599928296245948503833858646105492332,1,1,1001,930,930,0,1858.48,83.28
184035593,IRE / Wexford 2nd Jun,TO BE PLACED,02-06-2021 16:20,9328151,Wade Harper,0,4.225520307594998,4.54626954816092004111501937410030556697,1,1,1001,930,930,0,616.38,179.36
184035598,IRE / Wexford 2nd Jun,TO BE PLACED,02-06-2021 16:50,10936354,Singing Banjo,1,1.85,1.72988264176669569020214331370904157813,1.64633104830100424250402340312773220519,1.87,1.65,2.26,2.26,1425.22,8136.98,967.08
184035598,IRE / Wexford 2nd Jun,TO BE PLACED,02-06-2021 16:50,13920284,Cloudy Day,0,11,9.18438998063382698295116101255565757276,1,1,1001,1,1001,0,331.48,6
184035588,IRE / Wexford 2nd Jun,TO BE PLACED,02-06-2021 15:45,22851167,Stormy Master,0,2.12,2.18131438128861971201122357173107479026,1,2.26,2.12,2.12,2.12,0,3407.4,960.82
184035588,IRE / Wexford 2nd Jun,TO BE PLACED,02-06-2021 15:45,24058968,Whispering Waters,0,3.979077136192646,3.96022524876466671229604481784888919909,1,1,1001,930,910,0,672.14,36.02
184035588,IRE / Wexford 2nd Jun,TO BE PLACED,02-06-2021 15:45,38488658,Ask Aisling,0,9.980553252460004,12.1663073951017020978513412029055394714,1,14.5,11.5,1000,14,0,465.9,182.3
184035588,IRE / Wexford 2nd Jun,TO BE PLACED,02-06-2021 15:45,13764956,Fly De Megaudais,0,2.88,2.90096971695134604160394063746538368067,1,1,1001,930,65,0,1091.28,121.92
184035573,IRE / Wexford 2nd Jun,TO BE PLACED,02-06-2021 14:10,38488657,Imperial Tune,0,5.471277586673969,5.19014055351037742952453359408454990725,1,1,1001,1,1001,0,744.9,18.82
184035573,IRE / Wexford 2nd Jun,TO BE PLACED,02-06-2021 14:10,39650750,Blue Motion,0,20.97165292425085,15.2666411963075713216127772507631245853,1,19.5,13.5,930,930,0,1045.44,4.82
184035563,IRE / Wexford 2nd Jun,TO BE PLACED,02-06-2021 13:05,34992493,Lil Codey,0,20.619221402294933,10.7046141196705188157237887902831366581,6.86849379999177677662117076131920909172,17,12,1,1001,115.22,611.5,.5
184035563,IRE / Wexford 2nd Jun,TO BE PLACED,02-06-2021 13:05,36530799,Miss Arccol,0,1.6227468438802404,1.73947766871908005062476508223314654201,1.97695790785118773641546844868712130873,2,1.71,1,1001,55.9,3930.62,445.86
184035568,IRE / Wexford 2nd Jun,TO BE PLACED,02-06-2021 13:35,27629057,Eyewitness,0,5.6101299904962065,3.57732549026838534782774101838996560353,1,4.3,4.2,7.6,7,0,3654.14,418.88
184035568,IRE / Wexford 2nd Jun,TO BE PLACED,02-06-2021 13:35,35400237,Staging Post,1,9.4,5.09528865670508695271174439954821884994,1,8.8,8.8,920,1.14,0,1006.62,719.3
184035211,IRE / Curragh 2nd Jun,TO BE PLACED,02-06-2021 16:30,39532851,Barud,0,1.5618166958550503,1.63846691309073174846849046636817953558,1.18999262121680390552273900060160454234,1.64,1.58,1,1001,1.72,4694.24,562.1
184035216,IRE / Curragh 2nd Jun,TO BE PLACED,02-06-2021 17:00,55123,Elliptic,1,1.78,1.68274604474068905083796157054696844445,1.67574721574024961732736320176890584211,1.72,1.67,1,1001,48.78,5840.94,1260.48
184035236,IRE / Curragh 2nd Jun,TO BE PLACED,02-06-2021 19:05,23405258,Shanroe,1,1.7295479461649665,1.77319076740531272444710847968668548597,1,1.8,1.72,1.57,1.57,0,4857.72,1121.36
184035236,IRE / Curragh 2nd Jun,TO BE PLACED,02-06-2021 19:05,20838056,Travel On,0,29.72780312570452,30.9905023100964015732651790866120616223,28.9998524623158716432917257320605656809,38,23,28,25,5.2,385.66,53.38
184035241,IRE / Curragh 2nd Jun,TO BE PLACED,02-06-2021 19:40,38929312,Simply A Dream,1,3.676208806723298,3.2788478451897749452280169482173492724,1,2.84,2.84,1,1001,0,1576,205.98
184035241,IRE / Curragh 2nd Jun,TO BE PLACED,02-06-2021 19:40,39202072,Only Sky,0,3.8,4.3400633891995939222823191974381464154,1,1,1001,1,1001,0,1231.64,93.14
184035246,IRE / Curragh 2nd Jun,TO BE PLACED,02-06-2021 20:10,35537540,The Aul Dubliner,0,12.485798015,13.3272713876139478009649871971805701348,28.8869228937424627166126900672800735626,15,10,1,1001,17.16,709,27.54
184035246,IRE / Curragh 2nd Jun,TO BE PLACED,02-06-2021 20:10,36299328,Mullacash Buzz,0,23.75043866236356,20.4180393893260038940105331670944188425,1,24,17,1,1001,0,252.82,.72
184035246,IRE / Curragh 2nd Jun,TO BE PLACED,02-06-2021 20:10,28770653,Tullypole Annie,0,60,40.6709361473604502387061445776134243626,1,60,32,1,1001,0,121.2,.72
184035593,IRE / Wexford 2nd Jun,TO BE PLACED,02-06-2021 16:20,22197276,Hollybank King,1,4.9,5.94926855504139951236921649579911863993,1,7,4.8,1,1001,0,657.54,213.18
184035588,IRE / Wexford 2nd Jun,TO BE PLACED,02-06-2021 15:45,15895930,Blustery,0,13.35456004666165,8.12941212439710110800815746467269324558,1,1,1001,1,1001,0,198.34,16.74
184035588,IRE / Wexford 2nd Jun,TO BE PLACED,02-06-2021 15:45,23225587,My First Symphony,1,2.42,2.48971141476492753788481448675282413292,1,2.5,2.26,2.96,2.96,0,4346.08,561.28
184035578,IRE / Wexford 2nd Jun,TO BE PLACED,02-06-2021 14:40,17559516,Baliyad,0,3.1,2.12212076174716109449737733281251924146,2.51999730209295568187680594952076245155,1,1001,650,2.68,17.24,2081.28,931.38
184035578,IRE / Wexford 2nd Jun,TO BE PLACED,02-06-2021 14:40,17949192,Goulane Jessie,0,2.725047358835873,1.89687724951023800220227406926307037556,1,2.76,2.7,1,1001,0,2664.78,223.1
184035583,IRE / Wexford 2nd Jun,TO BE PLACED,02-06-2021 15:15,19252793,Rebel Early,0,5,5.73103584180205011847483993608534116138,1,8.6,8.6,1,1001,0,566.24,53.36
184035563,IRE / Wexford 2nd Jun,TO BE PLACED,02-06-2021 13:05,13886243,Leading Prospect,0,6.501170315,6.07812150307570959921809800127107425849,1,1,1001,1,1001,0,376,37.62
184035563,IRE / Wexford 2nd Jun,TO BE PLACED,02-06-2021 13:05,31432209,Secret Sea,1,3.6273039901682935,3.83311026113548761105237099628900268463,5.20752410255704439396453240437951784456,3.75,3.75,1.02,1.02,52.08,1107.32,1570.54
184035216,IRE / Curragh 2nd Jun,TO BE PLACED,02-06-2021 17:00,39450285,Hadman,0,5.038872903,5.19372535865264423426202265270733603813,9.19976483693297852589887988118076613652,5,5,1,1001,1.06,847.9,48.4
184035221,IRE / Curragh 2nd Jun,TO BE PLACED,02-06-2021 17:30,37563935,Linda Barrett,0,48.694886328835175,33.13037212549746551246939149501440677,10.6099233428080169071483707239791960041,55,25,1,1001,3.46,515.4,0
184035221,IRE / Curragh 2nd Jun,TO BE PLACED,02-06-2021 17:30,28925615,A Ma Chere,0,13.003049904434876,9.92857078321289652408265763890190520688,1,16,8,1,1001,0,1499.72,56.24
184035226,IRE / Curragh 2nd Jun,TO BE PLACED,02-06-2021 18:00,36140416,Rosie Bassett,0,2.2,2.28392683924515446951939389576358540246,3.52750160670436306389624275800252750161,2.34,2.26,1,1001,7.44,4397.8,619.18
184035231,IRE / Curragh 2nd Jun,TO BE PLACED,02-06-2021 18:30,612325,Lough Derg,0,1.57,1.50856276231894187604673488631177811203,1.3118162278642417801181636616347190325,1.59,1.3,1,1001,1401.02,12055.66,535.76
184035231,IRE / Curragh 2nd Jun,TO BE PLACED,02-06-2021 18:30,1177779,Bolivar,0,2.7314918357155697,2.64296120165022762656911879768581453842,2.55997964226566843302694899831557198179,2.76,2.4,1,1001,4,3283.1,30.76
184035231,IRE / Curragh 2nd Jun,TO BE PLACED,02-06-2021 18:30,33810950,Nicest,0,2.54,2.73391963573333440102648253128216660448,2.67444780647337351988068895629746725032,2.82,2.82,1,1001,40,2098.98,79.24
184035236,IRE / Curragh 2nd Jun,TO BE PLACED,02-06-2021 19:05,23210397,Pondus,1,2.18,2.19231292089219019207006297412067569132,2.25684243628719864652131290810341996859,2.22,2.18,1,1001,45.38,3259.42,798.8
184035236,IRE / Curragh 2nd Jun,TO BE PLACED,02-06-2021 19:05,23848579,Camphor,0,3.4,3.56792010252984964048258191674873806778,3.84999516236983509179283311917625527278,3.45,3.35,1,1001,27.1,1443.56,184.56
184035246,IRE / Curragh 2nd Jun,TO BE PLACED,02-06-2021 20:10,11350759,Brave Display,0,4.8,5.12088027869057755008057682031810942512,1,5.3,4.9,1,1001,0,856.58,.72
184035246,IRE / Curragh 2nd Jun,TO BE PLACED,02-06-2021 20:10,12988781,Great Midge,0,17.109580920359395,17.3567966259260085211835589940259845278,1,19.5,16.5,1,1001,0,200.98,.72
184035246,IRE / Curragh 2nd Jun,TO BE PLACED,02-06-2021 20:10,13022559,Karlsberg,1,12.926661992766892,12.5406663095041779584799710485712204252,1,14,12,1,1001,0,308.08,318.06
184035246,IRE / Curragh 2nd Jun,TO BE PLACED,02-06-2021 20:10,35665081,Massaman,0,22,14.5431022997590394599113625112420041456,1,14,12.5,50,50,0,272.12,88.72
184035246,IRE / Curragh 2nd Jun,TO BE PLACED,02-06-2021 20:10,24813913,Taggalo,0,40,48.3919735455063022796020021232246605635,1,85,38,1,1001,0,182.3,6.72
184035246,IRE / Curragh 2nd Jun,TO BE PLACED,02-06-2021 20:10,20080826,Mary Salome,1,3.94272321949349,4.40329904789654952261930764030091645496,1,4.4,4.4,2.1,2.1,0,1044.42,440.12
184035593,IRE / Wexford 2nd Jun,TO BE PLACED,02-06-2021 16:20,4663666,Go All The Way,0,6.2,5.09858914913718331522521196832689038342,1,1,1001,1,1001,0,575.76,59.6
184035593,IRE / Wexford 2nd Jun,TO BE PLACED,02-06-2021 16:20,28182159,Back On The Bridle,0,3.2,3.17838735212237241258880200476713242943,1,1,1001,1,1001,0,750.78,45.72
184035598,IRE / Wexford 2nd Jun,TO BE PLACED,02-06-2021 16:50,8292675,Anseanachai Cliste,0,7.4,10.2596700174671137526279390501194996654,12.9698933591318913704223362373680670845,8.2,7.4,930,930,4.4,1127.86,25.48
184035573,IRE / Wexford 2nd Jun,TO BE PLACED,02-06-2021 14:10,36615105,Night Combat,0,5.041495711776079,5.53497872597442960005685653305880069378,1,5.9,4.5,1,1001,0,2506.66,38.16
184035573,IRE / Wexford 2nd Jun,TO BE PLACED,02-06-2021 14:10,38488664,Merry Dreamer,0,4.2,4.38740508968689644188500907893776849442,1,4.2,3.9,1,1001,0,771.36,19
184035583,IRE / Wexford 2nd Jun,TO BE PLACED,02-06-2021 15:15,20080832,Everybreathyoutake,0,3.2,2.61863967381884163398702789522806060066,1.96115171856499697897259946745607314456,3.25,2.08,930,2.78,34.52,1727.8,825.04
184035563,IRE / Wexford 2nd Jun,TO BE PLACED,02-06-2021 13:05,27632408,Flibinight,1,4.122985597255321,4.20288807996186052677121039462984814805,1,4.5,3.8,1,1001,0,1928.06,816.6
184035563,IRE / Wexford 2nd Jun,TO BE PLACED,02-06-2021 13:05,38700647,Roisins Ciara,1,1.84,1.65511349804323377408935260402332125919,1.47973135616846752579905979324833322023,1.82,1.48,1.02,1.02,201.12,5000.24,1186.38
184035563,IRE / Wexford 2nd Jun,TO BE PLACED,02-06-2021 13:05,27937241,Can U Believe,0,5.6,5.7879202866204450272534877456920261469,1,6,5.2,1,1001,0,1225.22,16
184035568,IRE / Wexford 2nd Jun,TO BE PLACED,02-06-2021 13:35,4993058,Tucson,0,10.5,8.00702475775604686347313691082226538802,1,12,7.4,910,910,0,2006.88,30.86
184035568,IRE / Wexford 2nd Jun,TO BE PLACED,02-06-2021 13:35,36676552,Lucky Tenner,0,1.1135928713106933,1.10946439369367522179087098518230188608,1.1593374262404700823398044028356872526,1.19,1.11,1.15,1.14,1039.9,23482.56,2008.14
