EVENT_ID,MENU_HINT,EVENT_NAME,EVENT_DT,SELECTION_ID,SELECTION_NAME,WIN_LOSE,BSP,PPWAP,MORNINGWAP,PPMAX,PPMIN,IPMAX,IPMIN,MORNINGTRADEDVOL,PPTRADEDVOL,IPTRADEDVOL
100826622,GB / Hayd 25th Sep,6f Mdn Stks,25-09-2009 14:10,26440,Ramayana,0,42,31.1631795580656175620967658720283320627,30.1284814485809862871161508197754968766,65,21,1000,20,205,5655.31,185.12
100826622,GB / Hayd 25th Sep,6f Mdn Stks,25-09-2009 14:10,3888997,Hathaway,0,16,13.2065251839018405760389056265062474989,13.9822988935045097936029847573193645139,18,11.5,1000,12.5,822.16,16805.69,792.84
100826622,GB / Hayd 25th Sep,6f Mdn Stks,25-09-2009 14:10,3908701,Sweet Mirasol,0,16.5,13.7274354009426254177211303672187590176,10.267094260736027688948394304963185966,19,10.5,1000,13,338.92,21764.51,185.2
100826622,GB / Hayd 25th Sep,6f Mdn Stks,25-09-2009 14:10,4006868,Mooinooi,0,13.112055623892413,10.5567614094784200782578923032098961339,8.85647042403954632776212352931527687608,14.5,8.4,1000,10.5,798.04,30465.4,237.32
100826622,GB / Hayd 25th Sep,6f Mdn Stks,25-09-2009 14:10,4035736,Titoli Di Coda,0,62.32933375514103,49.5029578847176750463578058708707786655,19.0118483702143388394774125317364403982,65,42,1000,55,53.8,4129.05,41.28
100826622,GB / Hayd 25th Sep,6f Mdn Stks,25-09-2009 14:10,4106167,Princess Neenee,0,565.3301248158024,294.988255118550149963008142194737090701,139.85628194819477833523146442206344035,950,120,1000,530,14,1517.31,21.44
100826622,GB / Hayd 25th Sep,6f Mdn Stks,25-09-2009 14:10,4109785,Lady Compton,0,153.89851123022729,116.064543899496079764897033990278850682,89.1395591359213380855443057909306566694,800,65,1000,95,29.32,1909.82,28.36
100826622,GB / Hayd 25th Sep,6f Mdn Stks,25-09-2009 14:10,4135618,Posy Fossil,0,6.379158185358756,8.0192888163810355336916499673507797698,64.2371920053375843491527846711448933701,140,5.9,1000,3,202.3,97944.36,8336.92
100826622,GB / Hayd 25th Sep,6f Mdn Stks,25-09-2009 14:10,4157408,Shelfah,0,8.206687319897732,8.40359276683882124914798270667755066105,5.82722111544849713024091960503888469437,10.5,6.6,1000,9,1556.88,49599.31,664.64
100826622,GB / Hayd 25th Sep,6f Mdn Stks,25-09-2009 14:10,4157411,Plume,1,3.055247444612214,3.18011229725422129820374751130887468896,4.26404083017016192486776740556033947756,6.4,2.76,3.15,1.01,10357.1,495869.91,108929.8
100826622,GB / Hayd 25th Sep,6f Mdn Stks,25-09-2009 14:10,4202875,Coin From Heaven,0,8.273857017767348,6.38993730793768376483548038764227062152,4.66407484354137098052234957272788058357,8.6,3.95,1000,4,2969.58,60086.43,4688.3
100826622,GB / Hayd 25th Sep,6f Mdn Stks,25-09-2009 14:10,4202876,Princess Lexi,0,48.16759039555792,37.8993685780069552357014255265859204881,22.804295231455009968532984511668388775,60,23,1000,40,115.6,6052.11,116.54
100826622,GB / Hayd 25th Sep,6f Mdn Stks,25-09-2009 14:10,4202877,Bullet Duck,0,153.20975906372536,136.185597191044371579673632161899569172,36.0578339887330907583322098927789868125,320,48,1000,120,48.7,1786.36,51.12
100826622,GB / Hayd 25th Sep,6f Mdn Stks,25-09-2009 14:10,4202878,Bravo Blue,0,178.81445424262898,125.497292322031377208870622450208815197,48.3408184935940084606102063246975946568,300,40,1000,110,114.12,1661.32,24.14
100826624,GB / Hayd 25th Sep,6f Mdn Stks,25-09-2009 14:45,4073198,Atlaal,1,1.25,1.22549460957532908682100524102580659784,1.28117336650683551640359680405930137752,1.35,1.21,2,1.01,35646.22,1380025.22,214641.24
100826624,GB / Hayd 25th Sep,6f Mdn Stks,25-09-2009 14:45,4082051,Sharp Shoes,0,65.223922329,65.6573453703033843781482762466678895523,44.3589655864256187648675698003525780054,85,48,1000,29,74.36,4224.92,286.24
100826624,GB / Hayd 25th Sep,6f Mdn Stks,25-09-2009 14:45,4115114,Mr Prize Fighter,0,107.37476651425095,98.2924220113498110445159589738619534627,32.5025682719450282127244862660288508533,140,29,480,100,245.48,3484.62,62.38
100826624,GB / Hayd 25th Sep,6f Mdn Stks,25-09-2009 14:45,4163810,Maragna,0,17.474819507,17.8507351735917487508604801980837240336,18.6510829397008548296063412571707881117,23,16.5,150,21,304.9,28267.1,144.14
100826624,GB / Hayd 25th Sep,6f Mdn Stks,25-09-2009 14:45,4164879,Marius Maximus,0,9.461352915893656,9.83682485466130136625848726139317647704,7.99130899152145329530827564666397359169,11,7,190,2.04,755.26,72925.62,13550.6
100826624,GB / Hayd 25th Sep,6f Mdn Stks,25-09-2009 14:45,4182864,Ancient Oak,0,597.8056203253682,496.830408328959368925438190041163876226,60.9132171175499385359820279004898231984,730,70,1000,950,34.02,1322.26,14.82
100826626,GB / Hayd 25th Sep,6f Nursery,25-09-2009 15:20,3804143,Gillburg,0,10.861964294823697,11.3604626356941250458460023920900473574,14.3526452654944200308738079286897929491,15,10,1000,6,499.74,44046.85,1752.76
100826626,GB / Hayd 25th Sep,6f Nursery,25-09-2009 15:20,3830821,Bush Master,0,58.699644566844796,56.0429800301417562727048299440482404548,33.4082179029206143971801134802409840406,85,29.22,90,5.8,75.62,5693.38,764.88
100826626,GB / Hayd 25th Sep,6f Nursery,25-09-2009 15:20,3937038,Avongate,0,30,30.5205379666103081791103499328835457741,11.9812490741644684217055889690350415516,42,14.5,1000,28,306.4,13924.49,212.06
100826626,GB / Hayd 25th Sep,6f Nursery,25-09-2009 15:20,3939542,Crushing,0,11.214537132364207,13.548443792430993277854607207646068636,23.5546086148159925228093356258973941116,31.17,9.6,1000,5,381.66,29269.4,1513.96
100826626,GB / Hayd 25th Sep,6f Nursery,25-09-2009 15:20,3959490,Almuntaser,0,90,99.0604632155065960621027812915511602478,52.3854318409773707782785332622161927005,190,38,1000,85,102.88,2334.08,22.94
100826626,GB / Hayd 25th Sep,6f Nursery,25-09-2009 15:20,3966102,Ballodair,0,9,8.31655389479927267944211478489417282227,9.81361207616565274599914352398906900747,10.23,7.6,1000,9.4,613.82,43794.79,1204.7
100826626,GB / Hayd 25th Sep,6f Nursery,25-09-2009 15:20,4002251,Mister Hughie,1,5.349505093366458,4.59315272174787804502509552240815336547,4.65936081993701934766995227077136476939,5.5,4.3,9,1.01,4823.08,162803.23,57937.28
100826626,GB / Hayd 25th Sep,6f Nursery,25-09-2009 15:20,4005037,Petougg,0,18.467785300864637,19.1209923919535364426875688671322677692,19.5557979172910502279511960753377470345,25,16.5,1000,4.2,321.98,11351.34,1651.72
100826626,GB / Hayd 25th Sep,6f Nursery,25-09-2009 15:20,4045186,Coolree Star,0,30,31.893662039196115302784394277556015827,49.5101889032081147439926977476797601889,65,21,1000,2.1,57.88,7915.52,4855.88
100826626,GB / Hayd 25th Sep,6f Nursery,25-09-2009 15:20,4090290,Lava Lamp,0,11.724275127616131,10.5723045379748502566312452261627827072,8.49655916927807126469988768553668473469,15,8.2,260,14,709.02,30486.23,525.46
100826626,GB / Hayd 25th Sep,6f Nursery,25-09-2009 15:20,4151813,Five Cents,0,3.633596102291123,3.4337547854423745823577457509442706653,3.87084852507301843907857416053162530245,5,3.1,1000,2.82,7725.78,437094.96,27542.72
100826628,GB / Hayd 25th Sep,1m2f Sell Stks,25-09-2009 15:55,3076419,Buddhist Monk,1,2.626503075335372,2.72428695393287010659862789876048669801,2.53234441672956325776449115066750500715,3,2.4,3.35,1.01,9789.28,435815.06,149301.78
100826628,GB / Hayd 25th Sep,1m2f Sell Stks,25-09-2009 15:55,3095643,Pyrus Time,0,16,14.8398173108316284144332627655394019105,10.2005039939422570880633197376949734828,19.5,8,1000,2,670.54,23679.08,10985.3
100826628,GB / Hayd 25th Sep,1m2f Sell Stks,25-09-2009 15:55,3095871,Applaude,0,8.055417711175968,6.79033088694524641464851865766902633002,5.93668860498499507827706135529802112824,8.8,5.4,1000,8.2,2216.74,71274.34,5279.22
100826628,GB / Hayd 25th Sep,1m2f Sell Stks,25-09-2009 15:55,3294893,Oriental Cavalier,0,2.901796781,3.27233718776131054509411217210959371049,4.10554116738755391084855663679545680343,4.2,2.88,1000,2.38,2438.36,210230.98,37872.32
100826628,GB / Hayd 25th Sep,1m2f Sell Stks,25-09-2009 15:55,3423120,Kinetic Art,0,380.6969452876176,314.922744504969530376077701605022102587,85.9149996997613801762126001715070947398,890,85,1000,360,16.6,1333.5,39.98
100826628,GB / Hayd 25th Sep,1m2f Sell Stks,25-09-2009 15:55,3827875,Quinsman,0,34,27.5943366417701368409747961225173900313,23.5429433298341374413488945740793991875,34,16.5,390,5.2,95.42,12129.82,1540.7
100826628,GB / Hayd 25th Sep,1m2f Sell Stks,25-09-2009 15:55,3885217,Stellar Cause,0,14.1619465036015,13.4403923382315636221339551453611828891,15.082598582942348636957433255168961636,17.5,11,1000,5.2,338.68,26877.78,4880.24
100826630,GB / Hayd 25th Sep,1m Hcap,25-09-2009 16:30,1118025,Just Bond,0,24.791719205,22.1515307300674561993542971993213306486,21.7990444712302394110901571911371476188,34,18,1000,17,386.6,13464.86,712.7
100826630,GB / Hayd 25th Sep,1m Hcap,25-09-2009 16:30,1272586,The Cayterers,0,21.833949636535912,17.8167960465560881324805110759615781813,13.980389737075422559913189139940569283,24,8.54,100,21,732.84,18201.96,474.08
100826630,GB / Hayd 25th Sep,1m Hcap,25-09-2009 16:30,2303534,Faithful Ruler,0,4.09840050266368,3.87240054505659789116427161368162851772,3.42429483155819830537269531870780130245,4.6,3.1,1000,4.1,6565.3,295472.2,17573
100826630,GB / Hayd 25th Sep,1m Hcap,25-09-2009 16:30,2465824,City Of The Kings,0,32.1262529938769,29.990004604430275273447162406018234107,18.2548342109185772438708798088803054819,40,18.45,1000,21,450.36,9216.81,658.72
100826630,GB / Hayd 25th Sep,1m Hcap,25-09-2009 16:30,2511402,Reel Buddy Star,0,38,35.5027100646700331643681561331072254696,37.7158937350816012531824348100114868412,75,26,1000,4.3,210.1,9863.08,1631.38
100826630,GB / Hayd 25th Sep,1m Hcap,25-09-2009 16:30,2529893,Ezdeyaad,0,17.870130753513692,15.2818019897857960094054036831094756133,16.3369769296088439151314094227463766146,20,14,130,3.1,571.38,17173.43,6144.26
100826630,GB / Hayd 25th Sep,1m Hcap,25-09-2009 16:30,2530052,Dunno,0,7.647663356380145,6.84702911050251477171153770376750098785,7.80724924199260360940813549585063186679,9.6,5.8,1000,4.7,1152.64,73905.17,15676.2
100826630,GB / Hayd 25th Sep,1m Hcap,25-09-2009 16:30,2991495,Light From Mars,0,5.4,5.35838972029797873204469973066228063892,6.31995845738903387530011276143620763797,8.16,4.9,80,1.7,3657.6,108510.67,23762.34
100826630,GB / Hayd 25th Sep,1m Hcap,25-09-2009 16:30,3131924,Yorgunnabelucky,0,21,19.930298457721593871994252503297413703,22.4602886132977331849536019355531075758,30,18.45,1000,18,495.9,14106.61,967.06
100826630,GB / Hayd 25th Sep,1m Hcap,25-09-2009 16:30,3815247,Mull Of Killough,1,5.4,5.42570500763537892454245196290193302687,6.34785913394267148381871333393822950116,6.8,4.8,5.5,1.01,2471.22,110623.94,85334.7
100826632,GB / Hayd 25th Sep,1m Hcap,25-09-2009 17:05,158187,Nevada Desert,0,25.468285488,24.0745701014875514314514036016627707541,23.9615549174868937376047710146805258801,34,21.43,48,11,128,8961.76,567.44
100826632,GB / Hayd 25th Sep,1m Hcap,25-09-2009 17:05,466845,Tiger Dream,1,8,8.01372013715874599490329070891262900993,15.8516056011989715692251824051871585806,21.43,6.6,21,1.01,572,69946.24,45747.24
100826632,GB / Hayd 25th Sep,1m Hcap,25-09-2009 17:05,1164730,Prince Picasso,0,14,11.0474481835729174491176997845918322637,7.04883048316855606095188349597779376178,16.5,6.51,1000,2.12,543.62,27059.6,5300.42
100826632,GB / Hayd 25th Sep,1m Hcap,25-09-2009 17:05,1515611,Timber Treasure,0,32.04754934163765,24.3429512893527447508468763707886887185,22.9378063990711131848496596777343086528,41.14,21,50,25,29.94,6466.63,329.98
100826632,GB / Hayd 25th Sep,1m Hcap,25-09-2009 17:05,2079488,Handsome Falcon,0,5.238894569184887,5.32425036506746583028522176157614235359,6.66022807454988279714395761561393222611,7.71,5,55,3.95,551.5,90013.81,26002.04
100826632,GB / Hayd 25th Sep,1m Hcap,25-09-2009 17:05,2098357,Snow Dancer,0,18.860159874,16.3248288555853953488134543342670087512,17.7752353023559157754106208822346630732,26,14.5,1000,12,90.28,10682.71,2154.44
100826632,GB / Hayd 25th Sep,1m Hcap,25-09-2009 17:05,2886321,Bahamian Kid,0,79.30790674136894,75.2822481653265669188271290558037319294,34.1124468555499232619406489235572735331,120,51.42,1000,5.1,30.48,3199.75,1609.52
100826632,GB / Hayd 25th Sep,1m Hcap,25-09-2009 17:05,2981373,Johnmanderville,0,11.757526286,9.91201683751144801770256711908038431769,12.6836910216232126412454810481573943553,13.71,9.8,1000,5.5,222.4,23839.76,2879.7
100826632,GB / Hayd 25th Sep,1m Hcap,25-09-2009 17:05,3225894,Dr Jameson,0,35.89854655288087,31.0125394033093974477333643125713397797,14.8810939191637630812166401794202880971,46,14.57,400,2.24,148.52,12499.02,6343.08
100826632,GB / Hayd 25th Sep,1m Hcap,25-09-2009 17:05,3246902,Burma Rock,0,7.952320276,8.06947112165790797994228915484519042373,7.02221246273135930140634168441252915439,9.6,6.6,210,7.2,668.82,54647.71,2847.46
100826632,GB / Hayd 25th Sep,1m Hcap,25-09-2009 17:05,3455605,Entreat,0,4.3,4.16143931381246750129314312441576790523,3.93156439853284162492375075081575767194,4.7,3.69,1000,3.9,2399.3,231853.82,27717.1
100828111,GB / Ascot 25th Sep,1m2f Class Stks,25-09-2009 14:00,965275,Ballinteni,0,305.38736064548846,223.641212635669072750876070700015196761,260.293587041428662932893275152467045856,450,80,400,80,168.86,1996.07,164.62
100828111,GB / Ascot 25th Sep,1m2f Class Stks,25-09-2009 14:00,1207252,Charlie Cool,0,17,18.0694493390063489724733522608226034326,29.3375753571570911501309094894050870824,60,16,1000,10,5215.68,34172.31,1464.34
100828111,GB / Ascot 25th Sep,1m2f Class Stks,25-09-2009 14:00,2475303,Jabal Tariq,0,47.59188263949589,46.1786080579433039327972820635475977568,63.0843703588885886834785889745385232107,100,30,360,22,779.88,7834.1,882.7
100828111,GB / Ascot 25th Sep,1m2f Class Stks,25-09-2009 14:00,2530124,Greylami,0,9,9.15721018861072270903493627578529549187,9.69729698287666977704942558402307428651,13.5,7.8,1000,1.22,5056.28,61390.57,37335.26
100828111,GB / Ascot 25th Sep,1m2f Class Stks,25-09-2009 14:00,2600528,Amanjena,0,28,29.5333379698742393679083506130859948558,33.6973290523548848683671010611444366436,65,21,100,26,2462.32,15047.38,397.42
100828111,GB / Ascot 25th Sep,1m2f Class Stks,25-09-2009 14:00,2973916,Tryst,0,2.3953409333164126,2.19355416135423674594680486569638095904,2.04341629524855658303588169739985280909,2.74,1.92,1000,1.5,177623.58,941208.55,115803.18
100828111,GB / Ascot 25th Sep,1m2f Class Stks,25-09-2009 14:00,3176490,Rafiqa,0,10.114074766653065,9.83437766037821713729806402758632685033,10.7159461267368236952572713333760409592,15,8.4,1000,9.2,10863.68,78487.7,3933.1
100828111,GB / Ascot 25th Sep,1m2f Class Stks,25-09-2009 14:00,3182457,Dubai Crest,0,28.523975122,30.4637966146406436018941398331508144103,32.2112818232635694561196556156314981278,70,15.5,120,14,1396.24,12781.54,691.66
100828111,GB / Ascot 25th Sep,1m2f Class Stks,25-09-2009 14:00,3260726,Norwegian Dancer,0,112.58443135371292,109.513076893891825877099474267773198097,107.600836868536084748943217665274057212,260,42,1000,32,340.2,3186.35,273.86
100828111,GB / Ascot 25th Sep,1m2f Class Stks,25-09-2009 14:00,3861917,Rainbow Peak,1,6.4,6.52880261902101068608146962884083739733,7.71003264768290010372829375098265760175,9,6,28,1.01,8623.56,123400.31,56467
100828111,GB / Ascot 25th Sep,1m2f Class Stks,25-09-2009 14:00,4114469,Bawadi,0,15.003387970505399,14.0776519429839288139716325433050959608,11.3896830974072771518364147859456296593,26,8.6,1000,14,4994.48,29341.92,2213.38
100828113,GB / Ascot 25th Sep,6f Hcap,25-09-2009 14:35,2969636,Bonnie Charlie,0,8.6,8.79635509089736909764327578614580204008,12.8551285183027528049616425303049456839,15.1,8.4,1000,3.05,1664.74,52852.24,6206
100828113,GB / Ascot 25th Sep,6f Hcap,25-09-2009 14:35,2971589,Servoca,0,19.5,17.7110428678445163704931493684350148161,13.0028002117225180992905540724919694967,25.62,9.61,21,4.1,1624.28,24751.87,1976.94
100828113,GB / Ascot 25th Sep,6f Hcap,25-09-2009 14:35,2971594,Brenin Taran,0,8.56572314241435,10.3572974294842548365792184998610141014,10.4424539331804698866417101127586216754,14.18,8.2,190,9.2,3279.86,40795.16,796.38
100828113,GB / Ascot 25th Sep,6f Hcap,25-09-2009 14:35,3043251,Macdillon,0,15.931975664,13.4803724048220579585417818086176438227,12.9508056716414773874923386990526998922,17,11.44,1000,17,1584.96,23342.01,264.36
100828113,GB / Ascot 25th Sep,6f Hcap,25-09-2009 14:35,3067405,Thunderous Mood,0,70,70.8639422737686858437823897224825422609,59.8447887440847425743425306717125701309,109.8,34.77,120,30,360.86,6756.99,153.36
100828113,GB / Ascot 25th Sep,6f Hcap,25-09-2009 14:35,3067407,Aakef,0,17.91295925225,11.5840536364440007276681476896285912735,8.02624230456768510077312331058208504376,19.22,7.14,500,11,4948.4,46374.15,848.16
100828113,GB / Ascot 25th Sep,6f Hcap,25-09-2009 14:35,3129048,Desert Icon,0,48,42.9433238090886891112272569519329990036,58.0570971261254397595412822134733042582,77.78,32,120,40,434.22,9034.33,117.46
100828113,GB / Ascot 25th Sep,6f Hcap,25-09-2009 14:35,3235021,Noverre To Go,0,12.639851795827564,10.399439842186164600409655334849054393,11.9953285651163485231123699944323380347,13,10,85,12,2040.64,40120.03,707.06
100828113,GB / Ascot 25th Sep,6f Hcap,25-09-2009 14:35,3238792,Rulesnregulations,1,26.17432927246699,25.0229733331127118979790536772625473382,28.011655732649192984240773255471570816,68.63,16.93,23,1.01,979.84,16900.92,31767.46
100828113,GB / Ascot 25th Sep,6f Hcap,25-09-2009 14:35,3344464,Son Of The Cat,0,17.022144362728937,15.4130131899004881225167257638025885142,18.2256890053178815668740082835257199925,22.88,13.27,1000,2.3,881.72,21523.08,2639.82
100828113,GB / Ascot 25th Sep,6f Hcap,25-09-2009 14:35,3348712,Gilt Edge Girl,0,9.906251942891107,9.56459046451727849709849630748658214133,11.2869570785458449851773872591477499589,13.73,8.42,34,4.2,1689.6,58874.32,2160.5
100828113,GB / Ascot 25th Sep,6f Hcap,25-09-2009 14:35,3375687,Enact,0,3.196266302880633,3.24477715698249197832482606118523228926,3.76604563258297500791859691862239981815,5.12,2.97,30,2.2,42272.52,654862.93,47454.42
100828115,GB / Ascot 25th Sep,6f Stks,25-09-2009 15:10,946607,Magic Lantern,0,125.40069896588983,91.4957718708555684560348283642754849634,84.3454655510961259200673770946882852444,140,42,100,100,166,3926.6,25.94
100828115,GB / Ascot 25th Sep,6f Stks,25-09-2009 15:10,4115200,Born A Dancer,0,500,420.979226607888101190968007243272529191,122.097424772961689401857292842783550248,750,85,430,340,24.6,932.17,15.2
100828115,GB / Ascot 25th Sep,6f Stks,25-09-2009 15:10,3839342,Mrs Boss,0,176.88120110280212,176.239595291173463335711629491125255863,98.0224419509225092469856563813835595287,310,55,200,200,146.32,2117.53,8
100828115,GB / Ascot 25th Sep,6f Stks,25-09-2009 15:10,3845914,Perfect Chi,0,22.789401443764874,22.493577366778606895423704442692113116,28.6662747711662830481884831869620485159,36,21,42,42,902.54,20097.38,78.58
100828115,GB / Ascot 25th Sep,6f Stks,25-09-2009 15:10,3869935,Mickys Bird,0,1000,796.212654295034672316369377525995811573,999.999797675304954109953901913438594647,1000,1000,1000,1000,115.54,867.88,4
100828115,GB / Ascot 25th Sep,6f Stks,25-09-2009 15:10,3876620,Ellmollell,0,1000,849.228605476799324710146726582089922789,999.999868816640121405205747810152071894,1000,1000,1,1001,129.46,805.58,0
100828115,GB / Ascot 25th Sep,6f Stks,25-09-2009 15:10,3908791,Shes Ok,0,48,45.4918562490882144842153141901175250503,59.4711659035545044932953019404053162386,95,38,55,50,403.86,8420.54,43.74
100828115,GB / Ascot 25th Sep,6f Stks,25-09-2009 15:10,3908792,Gooseberry Bush,0,330.9410772516951,304.534249913284918992693231697871651849,136.605783992566746150047331043375416512,650,60,390,250,52.42,1433.5,29.36
100828115,GB / Ascot 25th Sep,6f Stks,25-09-2009 15:10,3932101,Cultured Pride,0,46,42.7027706104441765629778692681503871768,32.6672515463273005354873440789999628462,60,28,90,34,543.72,8206.75,97.82
100828115,GB / Ascot 25th Sep,6f Stks,25-09-2009 15:10,3974863,Dannys Choice,0,40.77979642524384,36.1827462830235927011481691205553343453,34.1806502535758506615373426940870440928,50,21,130,36,653.14,12844.05,147.96
100828115,GB / Ascot 25th Sep,6f Stks,25-09-2009 15:10,3980878,Poppy Npenny,0,186.8018834001245,171.388053572102682679143309243708385548,95.8014460053922600406735484908980425976,400,65,210,90,86.08,2170,30.86
100828115,GB / Ascot 25th Sep,6f Stks,25-09-2009 15:10,4002916,Lenkiewicz,0,112.05538472561169,86.3401432704881457579677223948144329809,69.1009871692935606196626206026594512591,140,50,75,75,334.18,4423.81,8
100828115,GB / Ascot 25th Sep,6f Stks,25-09-2009 15:10,4013981,So Surreal,0,993.5090361181087,504.139984950878848821867301514460677247,192.614714647143294696220887630701116439,1000,120,800,660,60.88,1171.59,10.64
100828115,GB / Ascot 25th Sep,6f Stks,25-09-2009 15:10,4020167,Theladyinquestion,0,13.6466087126721,13.641917926099925453217486070194137299,8.67536813290540260774318739588445650711,18.5,7.8,200,10.5,2731.02,51842.46,573.18
100828115,GB / Ascot 25th Sep,6f Stks,25-09-2009 15:10,4025236,Excelling,0,27.873391165782234,22.9611383464340500394093490717292372292,19.368333305649720199901702440110945172,36,16,80,4.8,1378.3,22053.48,2104.48
100828115,GB / Ascot 25th Sep,6f Stks,25-09-2009 15:10,4030008,Shamandar,1,1.8042178805033988,1.84388301725424105986173719819274640589,2.00385787396546056492153503034890702733,2.12,1.72,2.22,1.01,53814.62,1620758.32,178070.86
100828115,GB / Ascot 25th Sep,6f Stks,25-09-2009 15:10,4030009,Royal Record,0,320.483326777,231.714000003382273770439710136299601621,188.858789676211737352453217729030724929,450,180,320,250,23.36,1689.17,22
100828115,GB / Ascot 25th Sep,6f Stks,25-09-2009 15:10,4030010,Jozafeen,0,194.21288651966256,172.427325277743619628720120115283353354,71.5450749670786513345565418433457748741,390,44,390,16,176.4,2376.69,220.88
100828115,GB / Ascot 25th Sep,6f Stks,25-09-2009 15:10,4033554,Baby Dottie,0,65.13328918965534,57.6008172995561601154933900909671693786,29.0436058575491569041005062068264160774,90,26,90,26,1222.02,7398.58,200
100828115,GB / Ascot 25th Sep,6f Stks,25-09-2009 15:10,4035493,Dubawi Heights,0,8.618514761855366,7.63660661529166488898092748140919874409,8.0183885213208529760402740161535785359,9.6,6,55,2.12,3384.44,132963.18,7246.66
100828115,GB / Ascot 25th Sep,6f Stks,25-09-2009 15:10,4045184,Pose,0,69.98954524656351,60.7816106771350886192942324500756346096,45.7834706126443638758759869088562115366,120,30,1000,55,530.54,8338.08,202.08
100828115,GB / Ascot 25th Sep,6f Stks,25-09-2009 15:10,4083423,Fardyieh,0,30.866227415725007,34.6731528504418082493355765021440964717,39.8818204540748754641184768553539693737,65,24,55,14,474.66,14623.68,123.6
100828115,GB / Ascot 25th Sep,6f Stks,25-09-2009 15:10,4090767,Pavement Games,0,240,162.652241314156558738012113400924764638,115.323859634780341601744303909152377894,400,75,400,210,217.34,2473.57,10.52
100828115,GB / Ascot 25th Sep,6f Stks,25-09-2009 15:10,4111699,One Cool Poppy,0,160.75965650934717,149.130145286617712854826028652898335905,98.9610175559854185777213358525830347709,280,70,100,100,83.94,2349.98,8
100828115,GB / Ascot 25th Sep,6f Stks,25-09-2009 15:10,4157414,Cyan Eyed,0,420,220.335343372562355471789619103238028407,116.02577513603768084875342901799541282,660,90,300,190,88.02,1720.05,31.2
100828115,GB / Ascot 25th Sep,6f Stks,25-09-2009 15:10,4157418,Fame Is The Spur,0,200,121.987538829151999377759969380824015426,85.5840114291711856653248308739838219968,350,50,220,220,122.98,2593.32,6.1
100828115,GB / Ascot 25th Sep,6f Stks,25-09-2009 15:10,4159938,Thoughtful,0,526.8896449651993,351.024641275527601148403577213662183524,130.975610729745046356789107697323313439,620,120,460,460,32.84,1253.56,6.1
100828117,GB / Ascot 25th Sep,1m4f Listed,25-09-2009 15:45,416556,Spirit Of Dubai,1,29,26.9804552424729594925350425474709071406,24.6601518202386848928080417393218497691,36,20,120,1.21,1138.14,22672.88,151861.78
100828117,GB / Ascot 25th Sep,1m4f Listed,25-09-2009 15:45,1559110,Princess Taylor,0,6,6.36712807264991955231280739265581336341,7.43632766649091065423071098135741195292,8.6,6,1000,4.4,5222.96,115703.85,6635.1
100828117,GB / Ascot 25th Sep,1m4f Listed,25-09-2009 15:45,2674525,Mischief Making,0,19.698076938262815,17.5985356946413485689393262876414309457,20.2331608541919945310395201897589867369,27,16,220,1.68,652.28,23565.24,8948.68
100828117,GB / Ascot 25th Sep,1m4f Listed,25-09-2009 15:45,3120425,Snoqualmie Girl,0,4.3,4.45892777328029092497236249794442108951,5.38741256843326485841993764451120312443,5.8,4.1,1000,2.12,8184.04,185369.98,18767.6
100828117,GB / Ascot 25th Sep,1m4f Listed,25-09-2009 15:45,3178245,Pollys Mark,0,3.25,3.24283785375574527451603675691064570845,3.07137163006284247147509558289937977326,3.6,2.96,16,1.3,19804.3,632482.44,160219.66
100828117,GB / Ascot 25th Sep,1m4f Listed,25-09-2009 15:45,3286809,Multiplication,0,80,91.0265507356004571869506145220637565579,86.8804900028797361571498781917802770778,240,55,1000,14,72.16,7748.59,2597.78
100828117,GB / Ascot 25th Sep,1m4f Listed,25-09-2009 15:45,3286813,Uvinza,0,11.781896457216355,12.8182662245438386223732980862891573824,14.3248324629721684066545995433768816954,17,11,40,5,754.36,40055.36,2851.5
100828117,GB / Ascot 25th Sep,1m4f Listed,25-09-2009 15:45,3351449,Phillipina,0,7.800252735464274,6.0111307577311676022058322944691710387,4.899009346997589893780989133978032853,8.6,4.6,1000,6,6825.38,163717.13,5970.64
100828119,GB / Ascot 25th Sep,1m Hcap,25-09-2009 16:20,3351400,Glowing Praise,1,11.609805196,12.0533896055238134199052144345427913032,15.0513908708903344139816964053709455977,16.5,11,42,1.01,923.36,40972.2,58530.38
100828119,GB / Ascot 25th Sep,1m Hcap,25-09-2009 16:20,3015089,Paquerettza,0,21.114339001883007,20.5551266077782064064454798019315813764,18.4650668345191925847103728552406758757,27,17.5,1000,7.4,802.82,19596.19,801.78
100828119,GB / Ascot 25th Sep,1m Hcap,25-09-2009 16:20,3020896,Miss Mojito,0,43.777938603,53.2369528450681613248229467551134629047,28.9751944582576130692623746334932394914,75,20,110,20,261.96,13233.19,241.94
100828119,GB / Ascot 25th Sep,1m Hcap,25-09-2009 16:20,3140507,Capo Regime,0,85,88.4729793608481593232793534309269113454,69.3511090533444958159651142906357735701,140,50,170,80,107.8,5245.11,20.34
100828119,GB / Ascot 25th Sep,1m Hcap,25-09-2009 16:20,3190764,Brief Candle,0,25.079642781,19.2030107593844217534392142549302708558,18.6319466547273760638546338056302641158,26,16,55,16,910.1,20985.33,452.54
100828119,GB / Ascot 25th Sep,1m Hcap,25-09-2009 16:20,3218381,Albaher,0,80,57.179347401719391989856183593203268147,38.6941570035560046385920632371199202817,85,28,1000,55,343.34,7378.96,61.44
100828119,GB / Ascot 25th Sep,1m Hcap,25-09-2009 16:20,3220598,Satwa Laird,0,9.080012615587712,9.02033390315834300862193820243729283792,10.4654166562675794390621911445561437718,11,8.4,220,1.4,1429.58,75967.86,20101.46
100828119,GB / Ascot 25th Sep,1m Hcap,25-09-2009 16:20,3230305,Edgeworth,0,25,18.754608830480310984782366036404727015,15.9133372408808271985388372471218818036,28,16,85,6,425.04,19727.95,1271.46
100828119,GB / Ascot 25th Sep,1m Hcap,25-09-2009 16:20,3270187,Roar Of Applause,0,36,33.3608460945043376540097000896823857882,34.3952798009002322609106302127327792053,48,29,34,1.9,237.68,10814.44,5864.28
100828119,GB / Ascot 25th Sep,1m Hcap,25-09-2009 16:20,3310716,Star Links,0,21.754250024559884,20.543894400929147599379304675907275376,19.0286485979245978126562642924085363749,27,16.5,70,10,1265.16,18699.93,1330.88
100828119,GB / Ascot 25th Sep,1m Hcap,25-09-2009 16:20,3351443,Compton Blue,0,80,66.2036235422865077792510056188551316439,66.8737818063260487498894704815839228928,140,50,1000,40,49.9,5200.92,92.64
100828119,GB / Ascot 25th Sep,1m Hcap,25-09-2009 16:20,3377470,Laurie Grove,0,16.60564301762587,18.4666462092944119324016868618876364152,17.9759460893007000188293449104252280104,36,15.5,40,6.2,3517.78,38186.97,1571.7
100828119,GB / Ascot 25th Sep,1m Hcap,25-09-2009 16:20,3428416,The Scorching Wind,0,6.8625426803682625,6.67186175106039647637940495661532287553,7.09764934063385232699749583695897059066,7.8,6,1000,5.7,3918.86,206308.6,5980.78
100828119,GB / Ascot 25th Sep,1m Hcap,25-09-2009 16:20,3435372,Woodlark Island,0,9.45478552379878,7.96458272624825770494249006664126289332,7.74022420607122597496513690918175658043,9.8,6.8,55,3,2016.42,118243.73,8185.1
100828119,GB / Ascot 25th Sep,1m Hcap,25-09-2009 16:20,3451154,Regeneration,0,14.697532187239924,13.5978732940678776778495329091155791566,12.8755955523958916693254609246206711176,16.5,11,1000,14,719.74,33271.99,477.12
100828119,GB / Ascot 25th Sep,1m Hcap,25-09-2009 16:20,3482195,Global,0,55,43.3323568199643277733780378750532338589,40.8695564815912913981625365715707370354,55,36,90,20,197.7,8051.38,324.02
100828119,GB / Ascot 25th Sep,1m Hcap,25-09-2009 16:20,3973045,Laughing Boy,0,6.279069935325097,6.45739477923070368628426148360545915666,7.43878432689166284761569441058218412928,8.2,5.7,1000,5.4,2910.28,224481.95,10673.32
100828121,GB / Ascot 25th Sep,1m4f Hcap,25-09-2009 16:55,154448,Sky Quest,0,21,17.399694003310969949390702400280627106,12.5455687743814107675221733572013057911,23,12,1000,5.3,201.58,25139.9,2899.1
100828121,GB / Ascot 25th Sep,1m4f Hcap,25-09-2009 16:55,316657,Crossbow Creek,1,48,44.4346297966682296740958768602386187846,22.2934072792671981346895621839395117383,60,21,50,1.01,80.4,16985.91,59920.62
100828121,GB / Ascot 25th Sep,1m4f Hcap,25-09-2009 16:55,880371,Sand Repeal,0,18.68149257859053,16.2663530435134828379785375040408209676,18.3082506560927332101658680075091955897,22,14,130,11,107.04,19357.78,1936.08
100828121,GB / Ascot 25th Sep,1m4f Hcap,25-09-2009 16:55,3149600,Watsons Bay,0,6.2,6.6824911000347524011352652848256222878,8.74674635341639124760657087692656568416,9.6,5.9,55,4.3,529.92,91161.32,10351.84
100828121,GB / Ascot 25th Sep,1m4f Hcap,25-09-2009 16:55,1427819,Gloucester,0,7.108365173,5.82008667533866551853255232562777487236,6.32582870396860754439065255448413063285,7.8,5.1,75,3.1,3003.86,146047.81,13696.8
100828121,GB / Ascot 25th Sep,1m4f Hcap,25-09-2009 16:55,1502116,Drawn Gold,0,7.4,6.99485288152100465171298304455411256995,13.0175705470309618333784876443108896529,16,5.8,1000,7.6,637.1,79191.18,2210.56
100828121,GB / Ascot 25th Sep,1m4f Hcap,25-09-2009 16:55,1552989,Balnagore,0,7.5564234106037835,7.28016839777402498692994019005311172847,7.62030565258855232969409543862585662753,9.4,6.6,1000,2.1,636.06,75368.72,15432.42
100828121,GB / Ascot 25th Sep,1m4f Hcap,25-09-2009 16:55,2411315,Sagarich,0,70,69.2162715097982692867386394612189124564,38.2046799146307086222408856534159190164,130,40,1000,40,28.5,5015.59,242.34
100828121,GB / Ascot 25th Sep,1m4f Hcap,25-09-2009 16:55,2451949,Locum,0,11.808310361,12.1943095518403011675638093904807226575,8.28113474272428848325243284080312432697,17,8,120,2.42,1045.18,48740.57,7768.72
100828121,GB / Ascot 25th Sep,1m4f Hcap,25-09-2009 16:55,2558066,Safebreaker,0,4.859663499,5.00844525892497037475954179265348359021,4.40317999791645294223336462427785120378,5.6,4.1,1000,2.06,2677.36,203912.99,53314.06
100828313,GB / Wolv 25th Sep,6f Hcap,25-09-2009 17:45,527356,Rydal,0,9.6,14.2751612933976336261331075803602126641,16.5932067943256630250891608851893453019,32,9.6,1000,8.2,28,21887.48,790.42
100828313,GB / Wolv 25th Sep,6f Hcap,25-09-2009 17:45,1108533,The History Man,0,9.2,7.26505106267083857851972318542536377455,6.64961477662056086950271886707281373749,9.6,5.3,1000,5.6,317.28,53973.76,3678.7
100828313,GB / Wolv 25th Sep,6f Hcap,25-09-2009 17:45,1447135,Castano,1,5.4971497777374685,4.62686811623146741881266547229258345084,5.76157124906833966087356108746940560346,5.9,3.8,14,1.01,1208.4,112585.63,87312.52
100828313,GB / Wolv 25th Sep,6f Hcap,25-09-2009 17:45,1503393,Decider,0,4.5,4.37544895968934959114967476762546369412,4.20873822462946416210884917308419985609,5.5,4,1000,1.19,1515.68,150233.06,59449.64
100828313,GB / Wolv 25th Sep,6f Hcap,25-09-2009 17:45,2424768,Miss Firefly,0,16.5,13.4563549349982821521255268132900360709,9.78941874284863388232043921732864993111,19.5,11,220,2.76,54.02,16415.65,1752.2
100828313,GB / Wolv 25th Sep,6f Hcap,25-09-2009 17:45,2457478,Towy Boy,0,11,8.75659323501324875191175107143469945359,8.98476496979090013516173127025624171882,11.5,8,13.5,7.8,79.24,27771.59,1247.28
100828313,GB / Wolv 25th Sep,6f Hcap,25-09-2009 17:45,3031054,Well Of Echoes,0,32.248012161,34.0916371918753317175972988056927043166,18.1010609714662406817784837415598235765,50,28,55,20,8,5545.99,258.96
100828313,GB / Wolv 25th Sep,6f Hcap,25-09-2009 17:45,3052955,Admiral Bond,0,13.5,13.8387171333553632864948464092489008702,15.2321207961194621226078640033636840705,21,12.5,150,9,39.3,13685.93,681
100828313,GB / Wolv 25th Sep,6f Hcap,25-09-2009 17:45,3441685,Gracies Games,0,65,47.7929247908704483963702484487192153748,3.24263361461445314410298669893820695877,70,34,1000,65,5.48,4642.04,185.2
100828313,GB / Wolv 25th Sep,6f Hcap,25-09-2009 17:45,3552407,Bahkov,0,8.74232175,8.75216422682193418330115784264629388508,11.7876089225671131664286807071931215138,14,7.4,80,3.55,31.62,28950.56,2105.72
100828315,GB / Wolv 25th Sep,6f Sell Stks,25-09-2009 18:20,2407326,Kingsgate Castle,0,3.786516382681488,3.91587140322482320564326416718083196282,4.95031105119129044924314207447030001803,4.6,3.75,1000,1.7,650.08,223634.93,37961.24
100828315,GB / Wolv 25th Sep,6f Sell Stks,25-09-2009 18:20,2554279,Deo Valente,0,16.09072558779117,15.437561985185898493530470730643054922,35.4192784459156864097193683641415720845,61.53,14,55,10,56,12967.26,1075.8
100828315,GB / Wolv 25th Sep,6f Sell Stks,25-09-2009 18:20,3116804,Romantic Queen,1,8.641594982374372,7.23040127361178915273237716030888077235,4.58901147763840139185276540974643243144,9.6,4.4,11,1.01,365.64,44633.39,36306.58
100828315,GB / Wolv 25th Sep,6f Sell Stks,25-09-2009 18:20,3246625,Yanza,0,12,9.47648036113327343301557916255598047665,6.23049417470991904591239277908471993676,12,7.2,55,12,167.2,33649.02,197.06
100828315,GB / Wolv 25th Sep,6f Sell Stks,25-09-2009 18:20,3328781,Kinigi,0,10.5,12.6002239089943229140676653182139203043,30.1531564572186144121316931197433999589,43.95,10,55,6,52,22110.78,1262.44
100828315,GB / Wolv 25th Sep,6f Sell Stks,25-09-2009 18:20,3462106,Theta Wave,0,16,12.0036844807455788633512979457507457386,11.2071690481108507885250681872358541831,17,9.8,55,8.2,40.1,17271.88,824.82
100828315,GB / Wolv 25th Sep,6f Sell Stks,25-09-2009 18:20,3706609,Trip Switch,0,25.331926781186628,21.114049642149700943656124895293487892,47.3830311298816964856329381825624345193,65.93,19,55,26,50.16,7512.32,77.84
100828315,GB / Wolv 25th Sep,6f Sell Stks,25-09-2009 18:20,3823508,Fantasy Land,0,15.619942055221035,22.3178354663665675703286016429108631026,18.4530874132642282391280885213419100354,50,15.5,55,7.2,11.98,8862.22,286.7
100828315,GB / Wolv 25th Sep,6f Sell Stks,25-09-2009 18:20,3893948,Athaakeel,0,14,13.1034743551283298618098751164818240179,12.6373112663934804786911694445563718597,16,11.5,90,11.5,14.94,14086.41,985.34
100828315,GB / Wolv 25th Sep,6f Sell Stks,25-09-2009 18:20,3991411,Halcyon Dancer,0,7,7.64705490297023966463285727830028960651,7.83625600806518311929773641299264134539,13.5,7,1000,7,24,45492.34,1189.68
100828315,GB / Wolv 25th Sep,6f Sell Stks,25-09-2009 18:20,4031650,Fast Living,0,39.41328296561347,29.5411888221676613546015601782722104188,16.2877618166708962674361533447308890928,60,6.2,60,20,8,6418.38,455.58
100828317,GB / Wolv 25th Sep,5f Hcap,25-09-2009 18:50,165430,Cape Royal,0,22.04948443925445,17.9395294117145968778512702589720960889,7.85484530230505423949041609535753430843,29,9.48,27,12,108.76,14115.11,384.94
100828317,GB / Wolv 25th Sep,5f Hcap,25-09-2009 18:50,788847,Almaty Express,0,21.36583144888253,18.7891775025476246568372885592232315358,14.554783900316923642047523527479632446,27,13,40,32,222.88,11133.62,208.16
100828317,GB / Wolv 25th Sep,5f Hcap,25-09-2009 18:50,1110543,Garstang,0,8.104540051444786,7.13239370034759975008895786445525404004,7.31105260319637305322966621549109231022,10.5,5.8,25,4.6,146.42,40434.89,2737.36
100828317,GB / Wolv 25th Sep,5f Hcap,25-09-2009 18:50,1447138,Chjimes,0,17.950603532295432,18.3315521547012983628911685341536817882,12.6302825595685874976018736399932501338,29,11.38,42,12,111.1,16446.78,384.96
100828317,GB / Wolv 25th Sep,5f Hcap,25-09-2009 18:50,1462859,Feelin Foxy,0,10.426013024742858,7.43206765785954780371782253060755883713,7.17441606555651169690016817700480162563,11.5,6.4,10,3.5,110.7,42791.42,3714.94
100828317,GB / Wolv 25th Sep,5f Hcap,25-09-2009 18:50,2373227,Little Pete,0,10,9.66195679674842374811792312784905364382,11.8131309329523516847599321538112521512,13.5,8.6,95,10,386.58,27036.43,878.26
100828317,GB / Wolv 25th Sep,5f Hcap,25-09-2009 18:50,2702488,Ivory Silk,0,11.89629026259703,10.1065532294035585204823724001909897271,7.48922602676105909137664016342636166643,14,7.58,20,3.5,440.28,22576.28,1300.02
100828317,GB / Wolv 25th Sep,5f Hcap,25-09-2009 18:50,3029634,Mondovi,1,9.6,8.09244081840777101820039893619540919465,11.4695707956491386588339372459428670163,13,8.6,11,1.01,129.46,30135.56,30548.58
100828317,GB / Wolv 25th Sep,5f Hcap,25-09-2009 18:50,3074006,Sir Geoffrey,0,48,37.1365442326136055716124280973707302593,36.0089308369487911184107735017255451935,60,32,100,48,4,6295.55,62.28
100828317,GB / Wolv 25th Sep,5f Hcap,25-09-2009 18:50,3154956,Sirenuse,0,2.9811134236389787,3.2741295228564352670369468643281389545,4.70067220163404787242430309278505299008,5.12,2.88,1000,2.06,1776.74,279200.32,30785.48
100828319,GB / Wolv 25th Sep,7f Mdn Stks,25-09-2009 19:20,3978540,Be A Devil,0,75,68.724717530084771590993211020129040309,43.1381207178951864427881140960876461071,110,34,250,20,14,4025.25,368.6
100828319,GB / Wolv 25th Sep,7f Mdn Stks,25-09-2009 19:20,4061746,Kings Bayonet,1,4.45317406248218,3.81996487637936022577912301013489665655,3.56902877947715866408462988125742988952,5.2,3.05,4.8,1.01,1386.34,179155.15,60155.98
100828319,GB / Wolv 25th Sep,7f Mdn Stks,25-09-2009 19:20,4066570,Liebelei,0,12.730529845,13.7684966827617809968281326425215205456,22.9085760164287056466158316131356781491,51.1,10.5,44,13.5,141.14,17962.85,418.88
100828319,GB / Wolv 25th Sep,7f Mdn Stks,25-09-2009 19:20,4110777,Al Naouwee,0,4.7,3.97831496344153482465391781022185059395,3.95613635778252420160321970844791755983,5,3.7,1000,3,214.14,128242.99,8583.52
100828319,GB / Wolv 25th Sep,7f Mdn Stks,25-09-2009 19:20,4144660,Nurai,0,63.188846285,55.0235687265611388709501782911238741109,50.4740739909620319808482952164214323923,80,50,95,40,29.34,3512.02,64.36
100828319,GB / Wolv 25th Sep,7f Mdn Stks,25-09-2009 19:20,4162067,Scarboro Warning,0,8.4,8.27756491934469269084943590242393042792,7.63133522267831764505824339856085084781,10.5,7.4,50,8,327.26,30260.24,1458.98
100828319,GB / Wolv 25th Sep,7f Mdn Stks,25-09-2009 19:20,4172456,Robust Wish,0,22.438100192765706,28.9519854474215254786928025561969604088,44.8331395620545913947735966833367647048,70,18,50,8.6,18.7,5738.35,489.6
100828319,GB / Wolv 25th Sep,7f Mdn Stks,25-09-2009 19:20,4172459,Louisiana Gift,0,4.8,5.15137869418158580618351476887443773316,6.67624458944317841841313032745179188667,8,4.7,21,2,260.14,125246.54,7892.46
100828319,GB / Wolv 25th Sep,7f Mdn Stks,25-09-2009 19:20,4204707,Bona Fortuna,0,38,25.0848097210821723567330010813619024709,18.1718339390549985268421139772151039756,38,15,1000,38,74,9005.32,236.14
100828319,GB / Wolv 25th Sep,7f Mdn Stks,25-09-2009 19:20,4204708,Joury,0,38,31.06061549164258801486289197002481074,9.39968879153027380335558567555072084579,55,28,90,42,4,4338.48,59.54
100828319,GB / Wolv 25th Sep,7f Mdn Stks,25-09-2009 19:20,4204709,Major Maximus,0,48,56.498860599015726297472022210158162558,1,170,44,90,6.2,0,3676.68,556.38
100828321,GB / Wolv 25th Sep,7f Mdn Stks,25-09-2009 19:50,19009,Lord Of The Dance,0,7.2,8.66789331294602647889352909746585539282,9.43013979378858534183681060012519717972,13,7.2,1000,5,508.32,38947.36,2781.74
100828321,GB / Wolv 25th Sep,7f Mdn Stks,25-09-2009 19:50,2555758,Dark Camellia,0,19.202967790634943,16.3466072794908860676630177940978195246,11.8289472000034132641578464009796068133,22,14.5,1,1001,12,10000.22,110.68
100828321,GB / Wolv 25th Sep,7f Mdn Stks,25-09-2009 19:50,3195950,Venetian Lady,0,75,64.1228891633588093747944085492527275036,37.9990583739643826064626655251623846173,120,65,120,85,4,2263.5,10.08
100828321,GB / Wolv 25th Sep,7f Mdn Stks,25-09-2009 19:50,3361120,Cindy Incidentally,0,40,35.4149497973277987156117843060745591023,43.8208925229249421961927655836772734712,55,30,120,11,20.92,3985.92,230.84
100828321,GB / Wolv 25th Sep,7f Mdn Stks,25-09-2009 19:50,3584580,Cruise Control,0,99.298872736,79.1512025110952814550789707276617972087,75.2892110485786640945873154827095736243,170,65,170,95,10,2235.27,22.7
100828321,GB / Wolv 25th Sep,7f Mdn Stks,25-09-2009 19:50,3616278,Stylish Mover,0,30,27.2010647669334056154119772779435557925,18.9958041539520858370733865068492928088,44,20,200,29,8,7439.24,68.56
100828321,GB / Wolv 25th Sep,7f Mdn Stks,25-09-2009 19:50,3854186,Pauls Pet,0,68.36040806581408,59.3024507037206222711155489300739590386,51.0996466931165495843326188210110226619,90,46,90,55,19.2,3084.4,19.72
100828321,GB / Wolv 25th Sep,7f Mdn Stks,25-09-2009 19:50,3908720,Global Conquest,0,2.86,2.63167280386539978075781113779981027343,2.65181172235124375816182735070753176809,3.2,2.4,1000,2.6,1911.02,300458.43,12970.86
100828321,GB / Wolv 25th Sep,7f Mdn Stks,25-09-2009 19:50,4130265,Tiddliwinks,1,4.0284003373620365,3.56068600500989157259192395127822305127,4.49591240768690783630578129562276988205,4.4,3.05,3.9,1.01,161.64,136008.74,72165.5
100828321,GB / Wolv 25th Sep,7f Mdn Stks,25-09-2009 19:50,4204710,Cheers Big Ears,0,19.052468647889306,16.0646869955702966161718094032944295005,9.99464905403095531502902824829717719155,24,9,28,18.5,69.58,10399.81,246.12
100828321,GB / Wolv 25th Sep,7f Mdn Stks,25-09-2009 19:50,4204711,Lady Picola,0,26.456179801416578,20.0859681526124336298361125082290242997,17.7158218735959539515266835526931220463,27,19.5,29,25,19.4,6646.52,136.24
100828321,GB / Wolv 25th Sep,7f Mdn Stks,25-09-2009 19:50,4204712,Abbashinko,0,92.85961387551798,73.435278942240566673168996593322366681,17.7872508519741473003562642495549871865,130,19.5,200,80,30,3435.63,113.04
100828323,GB / Wolv 25th Sep,1m Hcap,25-09-2009 20:20,443405,Hamaasy,0,436.1313166291338,252.57265911969744619471548475156399213,27.9790881068219894167577135892806823129,700,70,1000,100,4,1937.12,60.74
100828323,GB / Wolv 25th Sep,1m Hcap,25-09-2009 20:20,533643,Pianoforte,1,14.194175722,12.8419435465025023189998449466488793739,12.1612904384091576801881741094967146731,17.5,11.5,13.5,1.02,499.96,32148.74,25535.22
100828323,GB / Wolv 25th Sep,1m Hcap,25-09-2009 20:20,802360,Royal Island,0,3.2626360818913955,3.47385385368019444071778873790382832023,6.13613664969902943137045956192209305231,10,2.96,23,1.4,4854.92,567561.76,49990.38
100828323,GB / Wolv 25th Sep,1m Hcap,25-09-2009 20:20,837304,Rowan Lodge,0,10.034071146653218,7.27239091416420116316514134886562409138,5.05415394809157977414531083693241545201,11.5,6,14,7,455.72,97387.92,1863.24
100828323,GB / Wolv 25th Sep,1m Hcap,25-09-2009 20:20,1131022,Vanadium,0,11.5,10.9493851729327158165359155238909124481,10.4183873178062885676115447911778231049,16,9.6,11.5,3.05,142.8,41049.02,4065.64
100828323,GB / Wolv 25th Sep,1m Hcap,25-09-2009 20:20,1170572,Headache,0,28,21.1103868879407613590277321848858499429,33.9985711618686910856759902296230573216,55,13.5,30,10,8,18349.26,424.8
100828323,GB / Wolv 25th Sep,1m Hcap,25-09-2009 20:20,1252425,Kirstys Lad,0,62.245871853,55.0081292415193590109986984757802449009,35.5991799994340134138820909944434316907,90,44,90,50,10,7218.08,74
100828323,GB / Wolv 25th Sep,1m Hcap,25-09-2009 20:20,1474564,Aggbag,0,36,33.9054102593029948681929292423083951258,13.2113134079989909191456263088376076353,75,21,70,30,25.42,14408.51,245.78
100828323,GB / Wolv 25th Sep,1m Hcap,25-09-2009 20:20,2023410,New World Order,0,3.8,3.88349258091006036409207853773459517462,4.16890858338369778502186632028873774186,4.6,3.55,48,3.8,1587.66,213370.19,4106.7
100828323,GB / Wolv 25th Sep,1m Hcap,25-09-2009 20:20,2265533,Not Now Lewis,0,35.18313494721095,29.4506672800179059945707558106480002588,13.4619209162547313696422611580025220598,60,19,34,29,39.48,11152.77,103.36
100828323,GB / Wolv 25th Sep,1m Hcap,25-09-2009 20:20,3055067,State Function,0,42.53605250468476,33.4199291118142656117041753978589098199,40.9224843080951734492332112708331282879,60,20,44,34,136.88,11473.79,90.4
100828323,GB / Wolv 25th Sep,1m Hcap,25-09-2009 20:20,3518726,Broughtons Silk,0,26,19.9511779519675232097724452475882619774,11.884430072558750482573836801716853652,42,10,26,17.5,1295.06,20502.16,138.78
100828325,GB / Wolv 25th Sep,1m1f Hcap,25-09-2009 20:50,2614652,West With The Wind,0,7.447786773,6.65905149550621233779599942367053843038,5.2007114450800410296882176773141302655,9.2,4.5,150,4.2,206.9,51821.9,3989.88
100828325,GB / Wolv 25th Sep,1m1f Hcap,25-09-2009 20:50,3092913,Diamond Twister,0,5.400407523802638,6.76401318481510126834932058332504135547,7.56268178097315996696606190131360992888,8.4,5.4,95,3,724.72,45586.59,5895.62
100828325,GB / Wolv 25th Sep,1m1f Hcap,25-09-2009 20:50,3109112,Waahej,1,32,28.677718249540107800622260418248234106,18.9586189822002687993293315744019284917,48,24,34,1.01,4,7690.8,35607.7
100828325,GB / Wolv 25th Sep,1m1f Hcap,25-09-2009 20:50,3216293,Too Tall,0,5.702713658524445,5.17939672797553746392723449100403398915,5.4956203211155126122243966693069448432,5.9,4.5,1000,5.1,249.32,140122.47,7764.98
100828325,GB / Wolv 25th Sep,1m1f Hcap,25-09-2009 20:50,3235587,Navajo Nation,0,9.576153883281513,8.72302980807914837673686671753212730104,9.99044043307975856668153124388457099901,19,7,1000,3.4,16.04,35635.56,3117.78
100828325,GB / Wolv 25th Sep,1m1f Hcap,25-09-2009 20:50,3380009,Starla Dancer,0,7.891618331804928,6.26688573020705260340677509309992656821,7.21774303721417983600690558487361455009,8.6,5.4,110,3.15,509.2,50783.67,3483.58
100828325,GB / Wolv 25th Sep,1m1f Hcap,25-09-2009 20:50,3948163,Burns Night,0,9.955468601,8.66609474124139858923185156731826039149,9.2334725378855278388677742674947904051,12,8,44,8.6,88.74,28154.78,1280.14
100828325,GB / Wolv 25th Sep,1m1f Hcap,25-09-2009 20:50,3976658,Insolence,0,6.8,6.3492760567539737613496547097788866147,5.52760214513373737633176638656650039016,8,6,10,1.62,142.28,47685.52,11473.74
100828327,GB / Wolv 25th Sep,1m6f Hcap,25-09-2009 21:20,239712,Bull Market,0,103.56921842629964,112.933279660797160328958058392242599295,56.9624022196927216418921112040086987958,150,50,160,50,30.02,2475.18,97.78
100828327,GB / Wolv 25th Sep,1m6f Hcap,25-09-2009 21:20,1199908,Remember Ramon,0,18.148411075510083,19.6729197405723579819219648682345915492,15.5622322162384656289978934145958626181,29,13.5,60,10,48.62,13208.04,1014.32
100828327,GB / Wolv 25th Sep,1m6f Hcap,25-09-2009 21:20,1222718,Jadalee,0,3.8,3.66464746317739606178494881180924137364,3.46213405339094617857378971798891860881,4,3.05,1000,3.15,4772.16,232351.8,19290.78
100828327,GB / Wolv 25th Sep,1m6f Hcap,25-09-2009 21:20,1518676,Cavendish,0,30,38.0999323029433502188162890145205947262,26.0814539301876611500426154169216423556,80,20,65,16,69.66,7421.12,452.14
100828327,GB / Wolv 25th Sep,1m6f Hcap,25-09-2009 21:20,2019316,Actodos,0,26.785139700628207,37.1440027319419459073615202366073481565,56.2813916182855745711378709756943084703,75,29,1000,3,6.92,7159.32,2363.1
100828327,GB / Wolv 25th Sep,1m6f Hcap,25-09-2009 21:20,2342024,Rose Row,0,10.911272155678741,11.2074939563391633819572925674174799245,9.14634718369529181983403864855375255697,18,9.8,21,1.4,144.34,32303.06,14326.52
100828327,GB / Wolv 25th Sep,1m6f Hcap,25-09-2009 21:20,2520995,Bushy Dell,1,16.537596022622754,21.7144716275585616849726885900716433173,25.5777506545485019479072760713959451376,36,15.5,36,1.01,40.9,13895.94,94993.7
100828327,GB / Wolv 25th Sep,1m6f Hcap,25-09-2009 21:20,3202971,No Wonga,0,11,10.0831033672324686707100734802219263625,8.38357008260221074232001452554710248195,12,8.2,1000,11.5,513.16,34899.2,1123.64
100828327,GB / Wolv 25th Sep,1m6f Hcap,25-09-2009 21:20,3358870,Veiled,0,3.3516422058897475,2.96062836565357521331503448825879758438,2.99458777847774441369237714962318089467,3.5,2.68,1000,2.3,2558.96,360285.84,31659.38
100828327,GB / Wolv 25th Sep,1m6f Hcap,25-09-2009 21:20,4012890,Sushitan,0,12.5,19.1372935769354738907782729814573166454,29.9990749295097486390184153125515296062,36,12,38,4.1,10,14842.5,1338.7
100828768,GB / Worc 25th Sep,2m4f Mdn Hrd,25-09-2009 13:50,977387,Rustler,0,208.9023238502613,169.660622338630923321586839105453893643,64.5830361751075923510977333138327036933,260,65,450,80,32.5,1483.94,96.72
100828768,GB / Worc 25th Sep,2m4f Mdn Hrd,25-09-2009 13:50,2048666,Stinker,0,60,44.6073434970970481384618128202219007219,46.9561751028779672893276267444220045835,90,34,95,24,207.16,4010.49,687.5
100828768,GB / Worc 25th Sep,2m4f Mdn Hrd,25-09-2009 13:50,2473880,Sagunt,0,7.902658555103027,6.94655709977693467440027521829287123924,9.96104855707687479440037039108687036819,15.5,6.6,17,2.1,3007.84,44968.37,9385.82
100828768,GB / Worc 25th Sep,2m4f Mdn Hrd,25-09-2009 13:50,2983791,Padalko,0,17.5,14.9203895011501364735991749410716537912,10.9266043543569788900634696829288867476,23,9,60,16,1418.24,17952.23,1270.02
100828768,GB / Worc 25th Sep,2m4f Mdn Hrd,25-09-2009 13:50,2996156,Seedless,0,7.6104762566729915,6.79148674978209809531558428935002246976,5.08282077230447670189232798517252006425,8.4,4,1000,7,3356.6,51033.47,6319.96
100828768,GB / Worc 25th Sep,2m4f Mdn Hrd,25-09-2009 13:50,3059704,Tomerose,0,450.1061696335065,258.281494763420040485545156321295739209,125.040820006679270217109285042559225292,540,100,550,400,44.42,765.63,27.48
100828768,GB / Worc 25th Sep,2m4f Mdn Hrd,25-09-2009 13:50,3101312,Penyfan Dawn,0,7.59651345117978,6.4291312922244879619706838275105640239,6.95848631329253947121992136131907537443,8.2,5.9,30,7,3937.8,52034.31,5322.64
100828768,GB / Worc 25th Sep,2m4f Mdn Hrd,25-09-2009 13:50,3531462,Scotsbrook Cloud,0,621.90247274,347.481330169249984067229078930289197751,143.362087165849469976391786766742164139,800,120,780,200,57.96,1169.83,84.08
100828768,GB / Worc 25th Sep,2m4f Mdn Hrd,25-09-2009 13:50,3751982,Williams Wishes,1,4.2,4.07774619830470245990111945558215482171,4.03024261815198649065425321452773304396,4.7,3.65,6.2,1.01,4844.84,168354.91,112018.42
100828768,GB / Worc 25th Sep,2m4f Mdn Hrd,25-09-2009 13:50,3760055,Cloak Of Silence,0,110,94.8460693030885453254187741361930019118,65.2827056755207139793248411008691341444,150,44,1000,55,46.58,2081.89,190.3
100828768,GB / Worc 25th Sep,2m4f Mdn Hrd,25-09-2009 13:50,3882724,Keoghs Bar,0,3.45,3.8682915516128123032394075087261186019,5.319744910143891962496878011171334681,6.4,3.45,110,1.5,5916.54,172466.14,89867.72
100828768,GB / Worc 25th Sep,2m4f Mdn Hrd,25-09-2009 13:50,4165199,Raise You Five,0,212.40385819114334,141.722591876111176389551388858032112271,39.6316038875403128549564036322186203576,350,46,500,150,116.44,1287.74,106.34
100828770,GB / Worc 25th Sep,2m7f Beg Chs,25-09-2009 14:20,217158,Irish Legend,1,4.9,4.76980800035527317545090949559799434823,5.40889168350090285023568951646856866513,5.7,4.1,11,1.01,1576.9,159891.29,121459.98
100828770,GB / Worc 25th Sep,2m7f Beg Chs,25-09-2009 14:20,220031,Decree Nisi,0,160,131.6670337048197671676054162576221796,69.0313623586599707149221904746822823602,220,36,1000,10,40.46,2210.42,639.12
100828770,GB / Worc 25th Sep,2m7f Beg Chs,25-09-2009 14:20,891787,Will The Till,0,7.4,6.33376596601449901889046301877426657492,6.93747918345728977238860525517149427585,7.8,5.6,1000,6.8,699.14,46533.54,5687.72
100828770,GB / Worc 25th Sep,2m7f Beg Chs,25-09-2009 14:20,1201123,Mouseen,0,10.5,10.3162476594388955121636918952105678168,13.0433675641480056830981823135241240546,14.5,10,1000,5.5,629.18,25358.96,6031.84
100828770,GB / Worc 25th Sep,2m7f Beg Chs,25-09-2009 14:20,1554671,Swordsman,0,9.2,8.76226809287022372182827894604558106446,10.8097079298507194063055764586558493341,13,8.4,1000,8,775.74,26985.48,6925.08
100828770,GB / Worc 25th Sep,2m7f Beg Chs,25-09-2009 14:20,2018109,Plane Painter,0,8.4,8.80521773694564802242527633164120411629,9.68236967322748115546121032380501046263,12,8,1000,8,488.4,25089.03,3232.34
100828770,GB / Worc 25th Sep,2m7f Beg Chs,25-09-2009 14:20,2813749,Now Listen To Me,0,6.2155657924424474,6.16316302712940041479053134633467861472,3.47210742260748474854661923794342371259,7.6,2.98,1000,1.53,4023.02,129804.49,73349.4
100828770,GB / Worc 25th Sep,2m7f Beg Chs,25-09-2009 14:20,3862091,Pallasmore,0,34,28.9512907940515111247818757196571829826,35.0480362379270560171710138073356160229,60,20,120,5.7,121.5,7497.24,3053.36
100828770,GB / Worc 25th Sep,2m7f Beg Chs,25-09-2009 14:20,3874313,Ballyvesey,0,8.8,9.28922362858612330555288086102745901987,13.512366610989863204459482015488154108,15,8.2,1000,4,386.88,37864.26,9406.9
100828770,GB / Worc 25th Sep,2m7f Beg Chs,25-09-2009 14:20,3988298,Tara Gale,0,270.176380795876,231.506163119746139897717689825976209266,92.88931884283915152969922728213149301,480,80,1000,200,40.36,1112.39,203.4
100828770,GB / Worc 25th Sep,2m7f Beg Chs,25-09-2009 14:20,4145288,Montauk Highway,0,18.5,20.5831722748585006171930529457197988329,24.9374323608189129500369517519277571658,38,15.5,1000,5.5,599.62,13067.97,4629.38
100828772,GB / Worc 25th Sep,3m Hcap Hrd,25-09-2009 14:55,928409,Tavalu,0,19.158467854,17.6760973013025294755015029197438872326,21.0632019851560105915947001303363437363,38,18.5,1000,9,241.16,14032.18,1104.42
100828772,GB / Worc 25th Sep,3m Hcap Hrd,25-09-2009 14:55,938606,Amazing Valour,0,5.4,5.52634677554269006368611537728912684751,9.500357126669013101397674270776704302,9.8,5.1,1000,5.3,721.52,117681.22,14910.68
100828772,GB / Worc 25th Sep,3m Hcap Hrd,25-09-2009 14:55,948307,Grand Bay,0,21.857549530426333,21.103860902111031777119263793477259047,17.5943565017733310322312072453648834173,50,18.5,1000,3,165.7,11232.18,8545.78
100828772,GB / Worc 25th Sep,3m Hcap Hrd,25-09-2009 14:55,1165987,Think Lucky,0,8.28408146757516,7.01860669210451014321759756403750585693,6.08787518140272474221481404310874833588,8.2,5.7,55,5.7,1727.56,46474.35,6711.86
100828772,GB / Worc 25th Sep,3m Hcap Hrd,25-09-2009 14:55,1231053,Synonymy,1,17.951393947443414,19.8473470501084675552889597512776192758,31.1379549035746599149556428264506805479,29,17.5,22,1.01,65.76,13816.39,62524.82
100828772,GB / Worc 25th Sep,3m Hcap Hrd,25-09-2009 14:55,2329496,Cloudier,0,5.046615593143125,4.42066265284836309163120561399518076317,3.42063213927117302487471020539525055862,5.2,3.5,1000,4.1,2993.48,285301.36,32895.14
100828772,GB / Worc 25th Sep,3m Hcap Hrd,25-09-2009 14:55,2662229,Quaystone Lady,0,81.27529015777665,82.5460593225524578398600145470615989219,38.8566493686778725920179969082545888241,120,70,500,32,6.96,3101.12,186.34
100828772,GB / Worc 25th Sep,3m Hcap Hrd,25-09-2009 14:55,2672067,Aspolan,0,12.600448629708936,13.1026545608813183552267515480899324908,14.2357369157462171489991139569105598597,20,12.5,190,2.02,194.52,19508.19,13276.48
100828772,GB / Worc 25th Sep,3m Hcap Hrd,25-09-2009 14:55,2976825,Sweet As Pye,0,8.398972809739744,7.14611474089414073861933853096727696984,6.90852248480076571972066082553110923035,8.6,6.2,500,1.67,3894.46,59704.1,37022.28
100828772,GB / Worc 25th Sep,3m Hcap Hrd,25-09-2009 14:55,3323961,Kielder Rise,0,64.51766590143424,51.7597801219566880610496327461763954618,20.0552534276507353058726589241656609584,70,34,100,44,42.66,4831.62,497.2
100828772,GB / Worc 25th Sep,3m Hcap Hrd,25-09-2009 14:55,3519027,Good Parade,0,8.4,9.54522846415202183458541488850968608831,12.3474185798703615673861454772149154226,14.5,8.2,30,5.3,532.58,38052.17,6929.92
100828772,GB / Worc 25th Sep,3m Hcap Hrd,25-09-2009 14:55,3618402,Rays Round,0,279.5365767211277,210.970611576351724069205547310140812913,74.8158295053840667534501418959695559579,370,120,310,50,.04,1132.14,588.8
100828774,GB / Worc 25th Sep,2m4f Mdn Hrd,25-09-2009 15:30,570888,Adage,0,80,86.6487459776935681644076617028218401106,17.6811386644092480411561794806746223002,120,65,110,44,12.08,2210.86,242.12
100828774,GB / Worc 25th Sep,2m4f Mdn Hrd,25-09-2009 15:30,2357176,Regal Angel,0,22.807744688538516,22.0458556752935259132985715615881047377,21.2335443736838713479142054807043403692,32,18,44,1.5,41.76,7465.12,20746.74
100828774,GB / Worc 25th Sep,2m4f Mdn Hrd,25-09-2009 15:30,2381590,Natural Action,0,8.8,8.17532505772467709937155457713036876189,8.63196840811863647623335363064754367775,10,6.8,110,2.72,317.28,26707.94,14228.72
100828774,GB / Worc 25th Sep,2m4f Mdn Hrd,25-09-2009 15:30,2460981,Champagne Dancer,0,221.34571555469478,234.08220423330526143279107178919082453,78.6589292444830190546274249826296242276,450,80,1000,9.8,22.54,1070.46,895.8
100828774,GB / Worc 25th Sep,2m4f Mdn Hrd,25-09-2009 15:30,2814441,Rate Field,0,4.944390217601178,4.90296116408831735382984574546195861999,5.75853656299966681498004348857706400727,6.4,4.5,1000,4.8,1376.62,117474.83,12646.3
100828774,GB / Worc 25th Sep,2m4f Mdn Hrd,25-09-2009 15:30,2870967,Directors Chair,0,38.829586844275504,35.5318470276174592088157444732855908456,28.1935040963969320610437956583574343254,44,28,1000,10,9.74,5117.72,2478.92
100828774,GB / Worc 25th Sep,2m4f Mdn Hrd,25-09-2009 15:30,3389441,Gilwen Glory,0,4.895805563499357,5.40768521975241550371606122172511718147,5.31777728620556162762706599503322942212,6.6,4.7,1000,2.9,709.58,89714.89,40239.96
100828774,GB / Worc 25th Sep,2m4f Mdn Hrd,25-09-2009 15:30,3406839,Priors Coppice,0,9.263439504327831,8.64132359581065940393827417528084095326,10.2927690394294618656159441208422096317,12.5,7.4,200,5.5,113.84,28977.57,4227.88
100828774,GB / Worc 25th Sep,2m4f Mdn Hrd,25-09-2009 15:30,3424146,Mauricetheathlete,0,65,59.9529249175830921371600478509610160078,49.2887463224618823516520843491647811009,85,40,100,50,34.68,3198.32,284.52
100828774,GB / Worc 25th Sep,2m4f Mdn Hrd,25-09-2009 15:30,3574779,The Pike,0,10.85751120311615,10.6065814052153275984242946317877348295,8.25340185572007627072161790284016906639,13,7.6,65,6.8,169.76,22026.41,6450.36
100828774,GB / Worc 25th Sep,2m4f Mdn Hrd,25-09-2009 15:30,3616295,Fred Kennet,1,6,4.79398050845489649285619522010748955252,6.22557932565040283794779537877959731128,6.6,4.2,7.8,1.01,988.32,174187.83,117250.56
100828776,GB / Worc 25th Sep,2m Hcap Hrd,25-09-2009 16:05,492788,Miss Ladybird,0,5.165970233404241,6.28339211471759336530447088919448051424,5.95034502583175741103258170017620763077,8.2,5.1,65,1.07,1554.46,77156.06,90207.48
100828776,GB / Worc 25th Sep,2m Hcap Hrd,25-09-2009 16:05,1553000,Winged Farasi,0,18.870859147537267,19.0320952673180528707649630971615931799,21.092767697116521952945770497642346237,26,16,140,16,269.98,12534.14,660.58
100828776,GB / Worc 25th Sep,2m Hcap Hrd,25-09-2009 16:05,1237751,Semi Detached,0,11,9.66271617248694891219258827526914350515,8.73735756097247792755168486130067647333,12,7.6,1000,8,793.24,27673.86,3159.68
100828776,GB / Worc 25th Sep,2m Hcap Hrd,25-09-2009 16:05,2305877,Won More Night,0,16.86567467727988,14.8088176871850892873586791772533626623,18.293155470710083142498998265153785519,29,12,120,11.5,1406.34,14645,1912.36
100828776,GB / Worc 25th Sep,2m Hcap Hrd,25-09-2009 16:05,2324889,Uffa Fox,0,4.7,4.76616765344811528389949097165012780748,5.99806537916783957603783711563048703384,13,4.4,1000,4,5635.6,186602.67,34383.36
100828776,GB / Worc 25th Sep,2m Hcap Hrd,25-09-2009 16:05,2382826,Massams Lane,0,25,22.7375537043899435952506396585440491504,25.3327743505972554999274260070035102209,40,19.5,250,25,182.24,11998.66,496.84
100828776,GB / Worc 25th Sep,2m Hcap Hrd,25-09-2009 16:05,2410110,Feeling,0,10.843671015501442,12.3611262680521655072596625945617731849,27.8893803733838157579253813544480810275,40,10,1000,10,357.34,34636.53,3303.14
100828776,GB / Worc 25th Sep,2m Hcap Hrd,25-09-2009 16:05,2548059,Commit To Memory,0,21,19.5912504805237423537423031251323016257,17.9834125938756499615222458310788716141,44,15.5,85,19,363.16,12883.77,1050.8
100828776,GB / Worc 25th Sep,2m Hcap Hrd,25-09-2009 16:05,2567020,Planetarium,0,20.630233677635122,16.0690721996445149403576656011549457789,23.9481358035331714097771959329723028662,28,19,1000,18,281.92,13058.04,855.5
100828776,GB / Worc 25th Sep,2m Hcap Hrd,25-09-2009 16:05,3149599,Anfield Road,0,29.76543863342144,27.1282588478199104662397531881475183561,32.0540902404361386265641896825543029232,40,23,220,29,142.46,9004.74,558.38
100828776,GB / Worc 25th Sep,2m Hcap Hrd,25-09-2009 16:05,3340423,King High,1,6.943478169102109,5.33380639772684712473308920423887155059,3.17256745455516040477269548278526227445,7.4,2.96,55,1.01,4888.18,222405.03,163337.5
100828776,GB / Worc 25th Sep,2m Hcap Hrd,25-09-2009 16:05,3609522,Pavo,0,80,66.5483410146116612772558610371586823076,32.0401453994901776350763007388183840161,95,55,180,50,37.76,3239.14,148.02
100828778,GB / Worc 25th Sep,3m Hcap Hrd,25-09-2009 16:40,61194,Gallant Hero,0,16.509440237334353,15.6676245837510085861573193755943087136,14.6801749499387824858344027655750876088,18.5,13,1000,15.5,157.44,14112.77,1469.54
100828778,GB / Worc 25th Sep,3m Hcap Hrd,25-09-2009 16:40,110627,Mylo,0,15.002622935,13.7525923530203103830857102377733502891,6.65407648494976001784641955936335111664,17,7,1000,14,471.88,41051.53,3043.56
100828778,GB / Worc 25th Sep,3m Hcap Hrd,25-09-2009 16:40,750244,Sheikhman,0,10,10.4194368510936325666211240473651144944,15.0038556869946742140644320146060097531,16,9.6,1000,9.8,330.82,40147.39,2851.58
100828778,GB / Worc 25th Sep,3m Hcap Hrd,25-09-2009 16:40,783804,Dovedale,1,4.8,4.70976577051871074196875798702226067159,4.43952353431977846996918162595651315537,5.3,4.2,16,1.01,1041.22,161605.92,143879.62
100828778,GB / Worc 25th Sep,3m Hcap Hrd,25-09-2009 16:40,1010594,Chamacco,0,36.041451027,27.205704248991728269498848113823145805,25.3542998598084044249437334741523091675,40,21,350,21,293.78,10342.69,1348.88
100828778,GB / Worc 25th Sep,3m Hcap Hrd,25-09-2009 16:40,2116382,Bubbs,0,20,15.2334610534867713403516438406935291816,16.4954733927025416135457114675953552442,22,12.5,1000,3.7,93.9,20244.82,4404.3
100828778,GB / Worc 25th Sep,3m Hcap Hrd,25-09-2009 16:40,2280228,Snake Hips,0,17,13.8400013716224219869203712876048237509,19.3573912775746057689650769239358974091,23,13,110,3.25,92.74,13628.21,6123.58
100828778,GB / Worc 25th Sep,3m Hcap Hrd,25-09-2009 16:40,2394065,Cool Bob,0,16.868724732311378,19.3947685464600892053144910760030919996,16.6213740976330832752163810776441360281,32,16,95,2.66,258.5,10359.81,5276.22
100828778,GB / Worc 25th Sep,3m Hcap Hrd,25-09-2009 16:40,2483178,Shuil An Burren,0,38.62105709749966,31.8931629997780359470164876295232575347,29.717225730587508058291568372178783045,42,20,1000,28,61.32,9250.25,668.64
100828778,GB / Worc 25th Sep,3m Hcap Hrd,25-09-2009 16:40,2544457,Icansingarainbow,0,5.6,6.55845092729432033741608607135165692181,11.5055563412716860340784207736056220468,12,5.4,1000,2.24,848.28,88679.86,19778.52
100828778,GB / Worc 25th Sep,3m Hcap Hrd,25-09-2009 16:40,2824430,What Luck,0,5.600974967117241,5.37694095933043700468924143015147904632,4.48072030317846832969199817090872798222,6.6,3.3,1000,1.64,5314.36,122212.3,64965.2
100828780,GB / Worc 25th Sep,2m Hcap Chs,25-09-2009 17:15,432573,Laoch Dubh,0,26,22.8222095633263024724288003728752351311,16.1891879650445222647348892970113620669,32,15.5,220,19,380.4,8830.87,573.46
100828780,GB / Worc 25th Sep,2m Hcap Chs,25-09-2009 17:15,484662,Norborne Bandit,0,5.3,5.33338565418311117840968110443649597818,7.00934579999932596971898031462611211267,8,4.8,1000,5.1,1671.2,172414.4,14769.6
100828780,GB / Worc 25th Sep,2m Hcap Chs,25-09-2009 17:15,541445,Tyup Pompey,0,75,59.0207351545997667562765314327172875667,34.7789669435931492783288163827973065182,80,36,800,70,46.16,6268.32,243.42
100828780,GB / Worc 25th Sep,2m Hcap Chs,25-09-2009 17:15,943995,Bureaucrat,0,16.796890422822038,16.6200843255480825941150614591785659302,18.9528965914053195130598936198388263794,23,16.5,250,4,231.92,9638.43,2469.54
100828780,GB / Worc 25th Sep,2m Hcap Chs,25-09-2009 17:15,1024641,Dev,0,11.5,10.5197208217914508412937888772765887217,11.8331928660079297741608907252495253134,13,9,55,1.8,422.38,29776.06,42577.84
100828780,GB / Worc 25th Sep,2m Hcap Chs,25-09-2009 17:15,1051322,Kirbys Vic,0,9.105275679775772,7.62100417307522467574970596024184848718,8.15629556538274097867825115756139726817,9.8,6.8,100,4,582.6,59237,9271.84
100828780,GB / Worc 25th Sep,2m Hcap Chs,25-09-2009 17:15,1103840,Enlightenment,0,9.8,10.5852806129482567011886653637199786297,12.2814885845013239092921675157787541525,17,9,110,3.35,222.8,24242.28,5979.02
100828780,GB / Worc 25th Sep,2m Hcap Chs,25-09-2009 17:15,1560115,Histoire De Moeurs,0,22.480606664156078,17.5264358500319617502810855680097342057,14.8106586997841760994418408994255264643,25,15,120,15,171.98,9109.82,538.74
100828780,GB / Worc 25th Sep,2m Hcap Chs,25-09-2009 17:15,2157022,Mibleu,0,24.750722343633946,17.8554516303773424855037985412111919537,18.8583241467991212397742615312647456937,28,17,55,21,311.3,10399.19,803.12
100828780,GB / Worc 25th Sep,2m Hcap Chs,25-09-2009 17:15,2264220,Beherayn,0,10.452854773842265,8.1802342962291878131863883368178946607,6.7058648728404993853637522371269862311,11.5,6.2,120,3.25,2751.02,81033.9,22273.8
100828780,GB / Worc 25th Sep,2m Hcap Chs,25-09-2009 17:15,2349466,Phar Again,0,46,39.3352708123157860140257485960603344499,43.437518937438433516055054498839558166,50,30,150,34,47.8,5510.63,143.24
100828780,GB / Worc 25th Sep,2m Hcap Chs,25-09-2009 17:15,2610556,Fit To Drive,1,10.550381365674255,9.16795721243220685365489816845924618652,9.25924585405274812471265983407295303349,12.5,8,20,1.01,435.12,28353.35,71136.46
100828780,GB / Worc 25th Sep,2m Hcap Chs,25-09-2009 17:15,3365533,Safari Journey,0,10.300306209566191,8.60264644236412080575223135258420235422,9.17499449782511982831488562034811418092,11,8.2,1000,2.12,461,30451.48,16197.88
100828782,GB / Worc 25th Sep,2m NHF,25-09-2009 17:50,3430539,Astral Boy,0,15.9672864845521,15.2696014841497176394397690102380710157,26.2389361717525112727264985944501834918,29,13,55,3.1,119.5,13392.91,4786.08
100828782,GB / Worc 25th Sep,2m NHF,25-09-2009 17:50,3558381,Princess Laila,0,13.45508154329087,13.1515509290848634813785206335735936281,15.5632900300267359620438858114058728337,18.5,10,1000,4.2,152.28,18391.79,2947.64
100828782,GB / Worc 25th Sep,2m NHF,25-09-2009 17:50,3616294,Saxon Blue,0,99.24127303579066,87.8563809908413047384479485434397124083,93.1329694081041713218566119997159344554,260,65,180,100,24,2022.06,67.62
100828782,GB / Worc 25th Sep,2m NHF,25-09-2009 17:50,3686480,Udeman,0,13.269882357500464,12.7010363166135798329263472116600945317,10.9981584674681329938892320517454408924,16,10,140,11,738.64,14493.74,1577.62
100828782,GB / Worc 25th Sep,2m NHF,25-09-2009 17:50,3885422,Lamboro Lad,0,2.02,2.0004535620097126501220647811451543285,2.22868585235690214415588508991773233852,2.64,1.82,1000,1.84,2836.4,367077.48,99383.5
100828782,GB / Worc 25th Sep,2m NHF,25-09-2009 17:50,4090912,Shannon Bob,0,29.531686321129058,25.5470613621605005301753027629405648784,23.2449535538495400166428331063398417323,34,18.5,130,1.63,118.12,5776.18,17732.32
100828782,GB / Worc 25th Sep,2m NHF,25-09-2009 17:50,4145203,Fortunelini,0,700.897522877448,473.26151876635552145178157378238379034,106.869237741488261284518751464989452076,990,85,820,650,10,1145.68,30.42
100828782,GB / Worc 25th Sep,2m NHF,25-09-2009 17:50,4155495,Tellemall Brother,0,29.981280752113094,18.9565719451775423265876476009568630291,13.6928441990057610438407338817274505274,75,9.4,120,32,929.98,11853.31,536.9
100828782,GB / Worc 25th Sep,2m NHF,25-09-2009 17:50,4155496,Brimley,0,114.745506092,85.6618273918412769588800239545199623676,58.3414079163896286164066749470439352479,160,46,760,50,60.54,3104.5,197.22
100828782,GB / Worc 25th Sep,2m NHF,25-09-2009 17:50,4198571,Secure My Position,1,6.4,6.29590176039876455675538594048632110101,4.87676443868770945512998369616832783625,9.4,4.1,18,1.01,944.94,70984.79,80523.3
100828782,GB / Worc 25th Sep,2m NHF,25-09-2009 17:50,4206029,Island Jim),0,15.5,17.3824424683261050574853105422941248075,14.7078506639886396027320620408754536025,29,15,130,11.5,70.18,10894.38,1746.06
