EVENT_ID,MENU_HINT,EVENT_NAME,EVENT_DT,SELECTION_ID,SELECTION_NAME,WIN_LOSE,BSP,PPWAP,MORNINGWAP,PPMAX,PPMIN,IPMAX,IPMIN,MORNINGTRADEDVOL,PPTRADEDVOL,IPTRADEDVOL
146858002,GB / Sthl  19th Aug,1m7f Nov Chs,19-08-2018 14:50,2618997,Shady Oaks,0,26.026247141,24.7736890759928667028136931306917964137,25.2615819686973107853941466461015013595,34,18,1000,6.6,290.74,11289.06,6271.84
146858017,GB / Sthl  19th Aug,3m Hcap Hrd,19-08-2018 16:25,11429062,Jonagold,0,41.825751090380365,29.4648628172909301197631406829098800569,34.0238684689159964181540224260393247754,50,28,1000,13,103.64,4188.58,1735.12
146858017,GB / Sthl  19th Aug,3m Hcap Hrd,19-08-2018 16:25,11710444,Cautorillo,0,30,17.8956202693520634921409965013543340874,15.577644581843250351040735109503601493,32,14,1000,14.5,461.06,9814.08,1951.14
146858012,GB / Sthl  19th Aug,3m Hcap Hrd,19-08-2018 15:55,12240306,Torrent Des Mottes,0,120,101.469610789735362754347194912241592717,35.6434662156058230415004874084592515062,170,34,1000,100,13.5,5312.12,473.74
146857996,GB / Sthl  19th Aug,2m4f Hcap Chs,19-08-2018 14:20,7772385,Stormbay Bomber,0,18.5,23.163451659369407770351724460609001962,19.201355202576473027354257240092037264,34,18.5,1000,2.52,193.56,6027.74,17332.54
146858007,GB / Sthl  19th Aug,2m4f Hcap Chs,19-08-2018 15:25,8974245,Newton Geronimo,0,9.146167620617199,8.35136025240061822958649490544697443361,15.5050540341073620452397513456777179674,16.5,7.4,1000,7,486.5,33729.2,6057.18
146858022,GB / Sthl  19th Aug,1m7f Hcap Hrd,19-08-2018 17:00,3284420,Box Office,0,8.486225452722284,7.03985426168500426270949345870158941932,8.52549296638976514792164329649667400361,10.5,5.6,1000,5.5,627.6,47622.46,8603.44
146858098,GB / Ponte  19th Aug,6f Hcap,19-08-2018 17:10,11271117,Sfumato,0,13.5,12.1811808306229249522550029680272903526,24.0159176354170865421292401367010144761,36,11,1000,6.6,609.58,22050.74,1612.38
146858098,GB / Ponte  19th Aug,6f Hcap,19-08-2018 17:10,11362262,The Amber Fort,0,9.6,8.24633589165554279208022667306620376572,12.520805405132985539443521115836413415,13.5,7.8,990,8,893.1,38440.42,1797.76
146858073,GB / Ponte  19th Aug,1m4f Hcap,19-08-2018 14:30,11773381,Armandihan,1,7.880609875,8.68498764971427982966490686404344601691,8.67851798361075033883070925501786370429,12.5,7.59,8.4,1.01,1378.64,49242.54,82744.04
146858083,GB / Ponte  19th Aug,6f Listed,19-08-2018 15:35,290672,Dance Diva,0,7.2,6.5698851336406801212131984527465307602,6.31846704284164503766107796224531950809,8.6,5.7,1000,3.5,7772.9,97869.58,8703.38
146858083,GB / Ponte  19th Aug,6f Listed,19-08-2018 15:35,12936310,Miss Bar Beach,0,17.209209245,23.2616032130790104620205854824771769601,26.5724167667682638860890945162130260847,36,17,1000,1.3,587.24,10871.4,15525.16
146903503,GB / ChelmC PA 19th Aug,1m PA,19-08-2018 16:45,19655441,1. Ishfaq,0,3.1037962158928307,3.18574498378208758134136394453983581668,2.76126479372859182749534527811840319717,3.45,2.86,960,2.94,30.1,7569.94,915.8
146903498,GB / ChelmC PA 19th Aug,1m6f PA,19-08-2018 15:40,20213821,4. Tatbeeq,0,8,8.21437838632587467170208098077772502548,1,8.8,8.2,960,6.6,0,770.38,819.38
146903498,GB / ChelmC PA 19th Aug,1m6f PA,19-08-2018 15:40,20213822,5. Makhaater,1,20,21.5580849354310362275389903702555168059,1,21,20,90,1.01,0,273.92,7374.14
146903498,GB / ChelmC PA 19th Aug,1m6f PA,19-08-2018 15:40,20213825,9. Bin Al Reeh,0,14,13.3753123041204417060526057260841598378,1,15,13,990,180,0,602.58,62.18
146903498,GB / ChelmC PA 19th Aug,1m6f PA,19-08-2018 15:40,20213823,6. Crahck,0,18,18.986723559698569439455339013526413793,1,21,17,960,15,0,302.96,64.74
146903481,GB / ChelmC PA 19th Aug,7f PA,19-08-2018 14:35,2742752,1. Conquer,0,4.625791613700496,5.17536907140178594462366947542595736339,2.73168652792798012606986227570533236129,5.7,4.8,1000,1.88,30.1,1952.72,2592.4
146903506,GB / ChelmC PA 19th Aug,1m2f PA,19-08-2018 17:15,14003213,4. Southpaw,0,4.50324485281395,4.1485447879660925565145035647987147844,1,5.2,4.07,990,200,0,2787.9,235.86
146858002,GB / Sthl  19th Aug,1m7f Nov Chs,19-08-2018 14:50,11167808,Gustave Mahler,0,3.35,3.33006361131223733465822745203561811402,3.38331177101937013322939717838560942188,5,2.88,1000,1.37,7261.64,94204.04,51533.96
146858002,GB / Sthl  19th Aug,1m7f Nov Chs,19-08-2018 14:50,12158982,Flashing Glance,0,5.5,6.30703977319899889571775969564991906485,11.6858796730142443967503869966121640087,17.5,5.4,1000,3.65,1266.56,36376.26,11462.16
146858017,GB / Sthl  19th Aug,3m Hcap Hrd,19-08-2018 16:25,11959005,Rose Tree,0,7.9340351097870645,8.14876524917713202559942194173320426435,11.5496309468923175122597302133004777359,13.5,7.8,1000,7,730.2,24465.24,6281.14
146858017,GB / Sthl  19th Aug,3m Hcap Hrd,19-08-2018 16:25,16281105,Robin De Broome,0,10.49992752748193,9.56256470960715777662987259960527307072,14.1823045984174334793809343987709636846,20.12,10,1000,8.4,488.52,17946.86,4916.2
146858012,GB / Sthl  19th Aug,3m Hcap Hrd,19-08-2018 15:55,15914190,The Devils Drop,1,1.933212613,2.1405543145559061519277087919020803083,3.55184480646607058312306454610310889958,3.65,1.88,5.3,1.01,3596.64,376687.48,120692.88
146858012,GB / Sthl  19th Aug,3m Hcap Hrd,19-08-2018 15:55,15609001,Demon Daunou,0,6.921636184,6.06251238156515653631935480882520794959,10.7262746388169076549359623556307467962,9.4,5.1,1000,1.55,110.92,56134.88,33167.52
146857996,GB / Sthl  19th Aug,2m4f Hcap Chs,19-08-2018 14:20,12666333,Rhythm Of Sound,0,10.747672498441101,11.9557215479956411455921338247804380613,16.8167597377502609839253008636784366848,23.2,10.5,1000,10.5,152.24,9308.44,2767.12
146858022,GB / Sthl  19th Aug,1m7f Hcap Hrd,19-08-2018 17:00,13315759,Railroad Junkie,0,6.4,7.09008943429419251602115290331247037056,12.1349548125425819093491838431279364996,13,5.9,1000,6.4,1241.04,44509.78,4478.78
146858027,GB / Sthl  19th Aug,1m7f Nov Hrd,19-08-2018 17:30,19879958,Pottlereaghexpress,0,42.96440304572328,39.5096306123690434527641626409404825398,19.2911649158730757743409181085225639433,90,17,1000,27,160.12,5830.78,877.28
146858078,GB / Ponte  19th Aug,2m1f Hcap,19-08-2018 15:05,10200130,Becky The Thatcher,0,2.49135454549229,2.3019143898024703572147302021268491025,2.36811529934116968605363827839981206818,2.66,2.16,1000,1.7,8368.18,319480.56,48553.12
146858098,GB / Ponte  19th Aug,6f Hcap,19-08-2018 17:10,13306149,Bibbidibobbidiboo,0,4.3,3.97429040158921834109224846393579908626,4.64400662792324340271065495059887549559,4.65,3.8,1000,4.5,3276.66,104773.18,3604.1
146858083,GB / Ponte  19th Aug,6f Listed,19-08-2018 15:35,13285056,Golden Spell,0,10.689012285375789,10.1342170373384486119088595576942533334,8.98750839179603203951244994986290491527,13,8,1000,1.5,2546.2,28088.78,13429.14
146858088,GB / Ponte  19th Aug,1m Hcap,19-08-2018 16:05,12844803,Crownthorpe,0,5.43863460959492,5.59506508607377157885098048954157754677,7.02191574532504433615050363292312006432,7.72,4.8,1000,5.7,1604.84,49012.64,5835.3
146903503,GB / ChelmC PA 19th Aug,1m PA,19-08-2018 16:45,20213129,5. Anfaas,1,8.6,8.77008499834318794287501389925898630555,1,1,1001,1,1001,0,441.48,1227.38
146903501,GB / ChelmC PA 19th Aug,1m PA,19-08-2018 16:10,20213102,5. Kayclaire,0,6.4,5.96525901614361649952457451717516611934,1,6.4,5.5,5.4,5.4,0,2637.9,683.6
146903501,GB / ChelmC PA 19th Aug,1m PA,19-08-2018 16:10,20213106,9 Synergy,0,16.5,13.909343454363571861620885943785403821,1,17,8.2,990,690,0,608.68,18.24
146903501,GB / ChelmC PA 19th Aug,1m PA,19-08-2018 16:10,20213104,7. Syrah Gris,0,12,10.6151519997580354000063772927930870501,1,11,9.8,90,90,0,721.56,105.46
146903481,GB / ChelmC PA 19th Aug,7f PA,19-08-2018 14:35,11289663,4. Callymay,1,8,7.692939978767401180643942175196866118,1,8,7.4,60,1.01,0,1095.4,8036.3
146903481,GB / ChelmC PA 19th Aug,7f PA,19-08-2018 14:35,20213109,3. Zayin Zamurai,0,5.929970107,6.22495900364382903233529233630128798919,1,6.6,6,60,15,0,1744.9,202.08
146903479,GB / ChelmC PA 19th Aug,1m PA,19-08-2018 14:05,20212743,7. Jadaayil,0,10.5,14.0156283614110844152570778897246388128,7.19993753966270451327423430046485405296,22,10.5,990,120,5.38,1173.14,58.92
146858017,GB / Sthl  19th Aug,3m Hcap Hrd,19-08-2018 16:25,9304287,Tir Dubh,0,27,19.0833732575214881754053381587597940007,22.2353673228976988509767832284370952299,29,17.5,1000,23,234.32,10182.94,627.8
146858007,GB / Sthl  19th Aug,2m4f Hcap Chs,19-08-2018 15:25,8467764,Hargam,0,5.6,5.39673420008739447361145897159299360774,4.4313304274013401718727589486533746733,8.4,3.1,1000,5,4810.46,75887.54,10521.54
146858027,GB / Sthl  19th Aug,1m7f Nov Hrd,19-08-2018 17:30,17675512,Haafaprincess,0,207.81683666282217,118.734485022982090485167607734425547453,787.239335583480117689893036025309231178,990,75,1000,140,.02,3256.5,171.7
146858027,GB / Sthl  19th Aug,1m7f Nov Hrd,19-08-2018 17:30,20192157,Dowhatudodobest,0,30.37157541673961,28.5954353486431013852124970788307770503,29.3324803890599855316724636969000262382,160,24,1000,28,19.08,13365.36,583.54
146858098,GB / Ponte  19th Aug,6f Hcap,19-08-2018 17:10,12823366,Campion,0,17.030450357118973,12.4846798413912944824337922542652944866,9.32594598067626578982160084617687605146,18,8.22,1000,1.44,3132.64,34169.58,22132.86
146858098,GB / Ponte  19th Aug,6f Hcap,19-08-2018 17:10,9107035,Tavener,0,49.83230622685272,31.8819484243706450597651039033187166303,31.7672119077716099612111354072962463194,65,16.09,1000,20,324.42,9772.66,1028.92
146858068,GB / Ponte  19th Aug,5f Nov Stks,19-08-2018 14:00,18662913,Melgate Magic,0,85,73.9324875131113394908912775642141119046,69.7960377878812359305337531602795875282,120,48,1000,44,54.48,2947.2,246.74
146858073,GB / Ponte  19th Aug,1m4f Hcap,19-08-2018 14:30,717328,Lynwood Gold,0,3.3998025184569958,3.02108834828057173903533355759906627457,2.58534463149410720445334764127544652774,3.65,2.41,1000,3.6,8108.8,143261.9,6536.24
146858093,GB / Ponte  19th Aug,1m Nov Stks,19-08-2018 16:40,20192116,Sunnyside Lady,0,181.6344245734257,72.1947998992462386908417844977896154219,68.4512464860941248729039243485425404157,230,40,1000,160,22.1,5248.16,107.72
146858083,GB / Ponte  19th Aug,6f Listed,19-08-2018 15:35,12942907,Darkanna,0,75,59.0126026157700567049708096238247398892,23.1982989194560610331114936599591317741,85,20,970,32,593.7,9390.96,774.54
146858083,GB / Ponte  19th Aug,6f Listed,19-08-2018 15:35,12942938,Foxtrot Lady,0,3.95,3.97014303010882842554322281455905585608,4.01623577146048159242691725918025126856,4.7,3.55,55,1.84,6507.38,213572.54,24520.68
146903501,GB / ChelmC PA 19th Aug,1m PA,19-08-2018 16:10,20213103,6. Fatinah,0,17.5,17.9231948051287790563248961311900785481,1,19,17,960,6.8,0,324.94,305.94
146903506,GB / ChelmC PA 19th Aug,1m2f PA,19-08-2018 17:15,2366597,9. My Boy Sam,1,3.02461167458685,3.05879895564210165599349989458906560372,1,3.21,2.9,1.04,1.01,0,7220.18,7828.98
146903506,GB / ChelmC PA 19th Aug,1m2f PA,19-08-2018 17:15,6366380,1. Cut Loose,0,6.07,5.76929814030998195520150853255449426517,2.82348852136639689854121726913126340185,6.59,3.64,990,9,22.26,3320.16,58.54
146858002,GB / Sthl  19th Aug,1m7f Nov Chs,19-08-2018 14:50,7298186,All Set To Go,1,10.343616439,12.3424714114206576645003442081027530796,14.231894918372868453797266975888164649,17,10.5,40,1.01,605.56,16457.26,62314.68
146858017,GB / Sthl  19th Aug,3m Hcap Hrd,19-08-2018 16:25,8549194,Billy Two Tongues,0,93.60233217481537,79.8386204975024259468014168552566728459,55.7472829029927809534172000903150438641,150,44.08,1000,50,79.26,3752.76,730.36
146857996,GB / Sthl  19th Aug,2m4f Hcap Chs,19-08-2018 14:20,11385076,Overtoujay,0,7.503436654509134,6.79290101487471000775030616537378180824,7.19851147176582462858876022666368591807,7.6,6,1000,6,1440.5,38582.4,5604.2
146857996,GB / Sthl  19th Aug,2m4f Hcap Chs,19-08-2018 14:20,8338642,Cernunnos,0,9.280393665282668,11.3978874537436753432824664101281520675,15.043401020001334074303995871620140804,18,9.4,1000,7,438.26,13486.78,2532.56
146857996,GB / Sthl  19th Aug,2m4f Hcap Chs,19-08-2018 14:20,6211504,Old Pride,0,5.446733937,4.95348014463789392288141305446052751654,5.28340765433126807981936083980570561436,5.5,4.2,960,5.2,2541.6,74156.64,10373.6
146858007,GB / Sthl  19th Aug,2m4f Hcap Chs,19-08-2018 15:25,5969264,Jaleo,0,5.3,5.01222613949358650382509193296555773775,5.40071716694102395457128564830304644624,5.5,4.8,1000,4,1848.62,77086.86,7616.5
146858007,GB / Sthl  19th Aug,2m4f Hcap Chs,19-08-2018 15:25,10660877,Ballycrystal,0,17.437153420207324,14.176434132124785421031768292709928547,19.5634930951272722098982847855397231441,25,13.5,1000,5.3,406.64,13309.9,3916.76
146858022,GB / Sthl  19th Aug,1m7f Hcap Hrd,19-08-2018 17:00,11284722,Benny In Milan,0,17.188467653,7.19226401107988447944523432644149744461,3.33968190636724720870157741329914595729,15,2.46,1000,12.5,13198.04,110426.5,3076.22
146858027,GB / Sthl  19th Aug,1m7f Nov Hrd,19-08-2018 17:30,15939812,Bellas Vision,0,1000,868.795953273322647856931163442204097129,685.174493248961345540275597226927079841,1000,170,1000,110,14.28,718.22,421.2
146858027,GB / Sthl  19th Aug,1m7f Nov Hrd,19-08-2018 17:30,8930745,Blackdown Hills,1,12.637269310396807,9.52880144839864681968213010412343027543,6.65856909806345298286455407037706869972,13,7,32,1.01,185.92,38152.12,71375.98
146858093,GB / Ponte  19th Aug,1m Nov Stks,19-08-2018 16:40,20192115,Pinchpoint,0,19,13.0527938976115878652408371755629926913,20.9732898323733696694339075339827521884,22,11.5,1000,2.76,122.64,18893.4,4668.04
146858093,GB / Ponte  19th Aug,1m Nov Stks,19-08-2018 16:40,9116492,Arctic Roll,0,11.02555646276625,15.3922088559181598775233890375284677012,55.8679249834503215067884995159190046905,60,10,1000,1.39,31.04,31229.06,25913.22
146903503,GB / ChelmC PA 19th Aug,1m PA,19-08-2018 16:45,20213130,6. Eqleem,0,8,7.04763465288803614819105450960868465028,1,7.8,6.4,1000,7.8,0,1319.78,283.66
146903498,GB / ChelmC PA 19th Aug,1m6f PA,19-08-2018 15:40,11168401,2. Munawwar,0,4.7,4.77367500875694409234979224512455204901,3.59008339949353278006763384089228018163,5,4.6,1000,690,22.82,3218.2,504.48
146903501,GB / ChelmC PA 19th Aug,1m PA,19-08-2018 16:10,20213100,2. Your My Sstar,0,8,7.92881772093598475513997928251115171881,3.64996735240221840466925447478487065039,8.6,7,1000,90,5,2299.74,72.02
146903501,GB / ChelmC PA 19th Aug,1m PA,19-08-2018 16:10,20213105,8. Noble Athlete,0,11,10.3936901331728044205612670669728888252,1,11,10.5,990,60,0,625.16,19.64
146903495,GB / ChelmC PA 19th Aug,1m2f PA,19-08-2018 15:10,20213812,3. Deena Bint Krayaan,0,6.076226585782932,6.42725575808855236613160403885970190486,1,7,5.9,990,90,0,2700.24,92.26
146903506,GB / ChelmC PA 19th Aug,1m2f PA,19-08-2018 17:15,20213288,6. Bey Safra,0,14.5,12.821512219180800844909157467797239246,1,14.73,12.57,990,690,0,543.46,10.86
146903506,GB / ChelmC PA 19th Aug,1m2f PA,19-08-2018 17:15,20213287,5. Paulownia,0,10,8.79792577087668257685477862400906106761,1,9.53,8.67,990,120,0,867.02,100.82
146903479,GB / ChelmC PA 19th Aug,1m PA,19-08-2018 14:05,20212742,6. Farhaa,0,9.626017623529279,9.16622328117412417989720291206474872887,1,10,8.4,130,1.72,0,916.04,881.04
146858017,GB / Sthl  19th Aug,3m Hcap Hrd,19-08-2018 16:25,16704377,Coisa Blanco,0,9.2,8.55070016929319286860209626393105811676,13.4536271110712968634493985538336283348,24.92,9,1000,12.5,1292.62,16608.14,2305.92
146858012,GB / Sthl  19th Aug,3m Hcap Hrd,19-08-2018 15:55,7535700,Mighty Leader,0,19.250213908408185,14.9532856400378223691210437414171644266,8.18895024250619377911303589130240594736,23,7.4,1000,12.5,667,26470.22,4041.74
146858012,GB / Sthl  19th Aug,3m Hcap Hrd,19-08-2018 15:55,10991117,Katy P,0,15.341640466607279,12.2355442313315812596492797541791208612,10.0522583852513305031027452355457493631,17,10,1000,4.6,176.9,18744.8,8632.66
146858007,GB / Sthl  19th Aug,2m4f Hcap Chs,19-08-2018 15:25,5838328,Strongly Suggested,0,30.728602677136507,24.6493307754143073455213531483954491172,23.8475489643524019307517144651365232799,38,22,1000,15,218.64,8530.66,1454.1
146858007,GB / Sthl  19th Aug,2m4f Hcap Chs,19-08-2018 15:25,8121410,Voix Deau,1,6.525437089230689,6.28751660383430458214789729707210233799,10.0391590861113175622105443078548734442,11,5.5,7,1.01,1708.8,61125.36,59753.02
146858078,GB / Ponte  19th Aug,2m1f Hcap,19-08-2018 15:05,8804575,Wind Place And Sho,0,4.018267381284646,4.35831830714794858753681460688543733824,6.03282631025527925577669661571548530449,6.2,3.95,1000,3.65,2006.26,95193.32,12762.48
146858083,GB / Ponte  19th Aug,6f Listed,19-08-2018 15:35,52588,Promising,0,13.514899944,12.5089654349543194935526005801138824805,10.9268217189950032004614348063821232445,14.5,9.2,990,22,1880.02,18297.86,499.32
146858083,GB / Ponte  19th Aug,6f Listed,19-08-2018 15:35,11811870,Castle Hill Cassie,1,34,31.7884086925190499574293401777466358569,43.5075349069494253533308643332771663777,50,26,710,1.01,462.86,9364.98,30913.64
146858083,GB / Ponte  19th Aug,6f Listed,19-08-2018 15:35,12899210,Tirania,0,12.694348756626713,11.0403700156950682572237052825787760737,17.4905790925118735741971050169680158293,22,9.4,990,13,1059.48,38457.56,780.14
146858083,GB / Ponte  19th Aug,6f Listed,19-08-2018 15:35,11016007,Rajar,0,27,24.3447309347816228126692756296307173841,28.7257211774517389722341240824805163535,30,20,990,21,423.84,7441.22,512.32
146858088,GB / Ponte  19th Aug,1m Hcap,19-08-2018 16:05,13722510,Georgian Manor,0,2.472165667,2.4486324421155258718330651528905350477,2.27365558734451076069773197401160367072,2.68,2.25,1000,2.42,5420.52,230750.28,21663.76
146858088,GB / Ponte  19th Aug,1m Hcap,19-08-2018 16:05,15815,Knighted,1,9.782917464,8.81117983903129807183929438821287712015,6.83554149065284546734156106735481683112,11.5,5.9,11,1.01,1140.2,55229.52,72835.44
146903501,GB / ChelmC PA 19th Aug,1m PA,19-08-2018 16:10,19451553,3. Vindetta,1,7.304823821776081,7.23151626171259818818213503004498007379,1,7.8,5.7,3.15,1.01,0,1613.74,8745.56
146903506,GB / ChelmC PA 19th Aug,1m2f PA,19-08-2018 17:15,20213289,7. Taer Al Hurr,0,9.97,9.95156901819703465274846803447186548078,1,10.4,10.4,990,560,0,485.12,723.58
146903479,GB / ChelmC PA 19th Aug,1m PA,19-08-2018 14:05,20212739,2. Alghally,0,8.366942492,7.85949331382857415117258254371987705986,3.78580464005003459378755575293083661062,9.2,7.6,990,120,20.02,2122.34,57.22
146858017,GB / Sthl  19th Aug,3m Hcap Hrd,19-08-2018 16:25,6002665,Debt To Society,0,160.19332784217355,87.7857044118348094505519647162341185938,54.7661660664167745484445583663218769845,220,26,1000,160,52.36,3547.02,315.14
146858017,GB / Sthl  19th Aug,3m Hcap Hrd,19-08-2018 16:25,8940071,Little Windmill,0,11.470073145537206,9.80678408604228049735904648312246654479,7.23012717264724512484450449032393587713,13,6.9,1000,7,2018.32,32568.48,8828.28
146858017,GB / Sthl  19th Aug,3m Hcap Hrd,19-08-2018 16:25,8971551,Beautiful People,1,10.593218729,11.5383901609960906629583415044215428345,18.3167024053356868547676922652423832883,22,10.5,11.5,1.01,237.18,15683.32,61435.5
146858012,GB / Sthl  19th Aug,3m Hcap Hrd,19-08-2018 15:55,16812779,Zebi Boy,0,5.2,4.44117282652709228849865695982491752675,3.0761091565908511733658323881335364101,5.4,2.88,1000,3.8,1794.74,98276.08,18688.58
146857996,GB / Sthl  19th Aug,2m4f Hcap Chs,19-08-2018 14:20,6062490,Foundation Man,0,11.5,12.3036510333916322302231685544032231909,12.2420494816902428256659413516167088954,14,11,990,10,333.54,10738.54,1489.18
146857996,GB / Sthl  19th Aug,2m4f Hcap Chs,19-08-2018 14:20,9471386,Royal Supremo,1,4.950844515869978,5.54488593885870189442934003979473414441,5.60924789260085448253111946970414728579,6.4,5,5,1.01,2953.58,46876.34,63055.14
146858007,GB / Sthl  19th Aug,2m4f Hcap Chs,19-08-2018 15:25,6892040,Valco De Touzaine,0,81.36107235146687,56.9194006881800278436247862162681166455,23.5458816199226768496910695879147091627,90,19,1000,70,217.56,5488.48,268.16
146858007,GB / Sthl  19th Aug,2m4f Hcap Chs,19-08-2018 15:25,7231747,Royal Macnab,0,130,82.7671324338180567203289583813651161306,32.6159818771156396532570418582069154451,160,17.5,1000,130,116.06,3160.12,172.94
146858022,GB / Sthl  19th Aug,1m7f Hcap Hrd,19-08-2018 17:00,6432347,Polished Rock,1,8,9.4275579403779182810746201246792461761,32.7812487273404272903351431815438011132,45.47,7.4,34,1.01,127.64,37961.86,70101.92
146858027,GB / Sthl  19th Aug,1m7f Nov Hrd,19-08-2018 17:30,18890007,Valjan,0,23.949252141,20.2274572417436189061727792112783790702,19.0526272351240531665433529278432495231,38,17,1000,25,179.16,15569.32,793.52
146858078,GB / Ponte  19th Aug,2m1f Hcap,19-08-2018 15:05,208151,St Andrews,0,9.912627351496614,9.75606836949394520710928750382395556479,11.5950546338000678813653895935008772113,14.5,9.2,1000,8.4,573.32,36318.58,5598.7
146858078,GB / Ponte  19th Aug,2m1f Hcap,19-08-2018 15:05,2160466,Kisumu,0,138.34202389740915,76.4327535342459034997663987717723100984,38.8199122617646231907576941481302756291,190,36.24,1000,120,111.42,4409.38,537.36
146858098,GB / Ponte  19th Aug,6f Hcap,19-08-2018 17:10,10152151,Round The Island,1,3.9184002416825106,4.79972327914914448596854546843644858586,6.12489764005346755363634820332841946538,8.4,3.85,5.1,1.01,7676.86,145712.56,72213.52
146858068,GB / Ponte  19th Aug,5f Nov Stks,19-08-2018 14:00,19810254,Highjacked,0,98.75022017232959,109.978156806084818175627545291828102576,107.140785299546822143564016081859619175,180,90,1000,80,89.72,2175.66,161.86
146858093,GB / Ponte  19th Aug,1m Nov Stks,19-08-2018 16:40,15940085,Yajooll,0,2.16,2.50526275049264164180768810470774433861,3.19631335338916805906732955577457969285,3.45,2.1,1000,1.21,3413.62,276346.66,50671.18
146858093,GB / Ponte  19th Aug,1m Nov Stks,19-08-2018 16:40,20192114,Hareeq,1,3.8,2.97783765357398193090023890100844905622,2.73370189720449062620857028048297031991,3.7,2.7,310,1.01,1791.3,149289.48,64307.76
146903503,GB / ChelmC PA 19th Aug,1m PA,19-08-2018 16:45,11621468,2. Awzaan,0,5.2,4.96428516312241799088571345464468769511,1,4.5,4.5,29,2.86,0,1552.56,1237.72
146903503,GB / ChelmC PA 19th Aug,1m PA,19-08-2018 16:45,20213127,3. Halib Des Forges,0,13.693189417460527,15.1238934931176401361580039678356555267,1,17.5,14.5,1,1001,0,688.48,94
146903498,GB / ChelmC PA 19th Aug,1m6f PA,19-08-2018 15:40,3449048,7. Kamikaze,0,7.761577968,7.83128188894585885116840807756387423101,1,8.4,7.2,1000,6.6,0,750.68,231.1
146903495,GB / ChelmC PA 19th Aug,1m2f PA,19-08-2018 15:10,20213814,5. Abiyah Athbah,0,7.6,8.09867521280148279361676699199470852646,1,8.6,8,500,500,0,1584.52,977.12
146903479,GB / ChelmC PA 19th Aug,1m PA,19-08-2018 14:05,20212741,5. Bodour Athbah,1,10.225766529419927,8.70973751259719722839928287452672637153,1,9.4,7.8,1.72,1.01,0,1082.24,8198.72
146858002,GB / Sthl  19th Aug,1m7f Nov Chs,19-08-2018 14:50,11065451,Super Charge,0,213.13996727887422,295.308598719918242167205715166028304255,252.561676396640740924535837696975339636,1000,139.09,1000,170,43.74,1807.6,237.14
146858017,GB / Sthl  19th Aug,3m Hcap Hrd,19-08-2018 16:25,8645360,Sheelbewhatsheelbe,0,2.64,2.50624394816871477319946741883594814625,2.38804297363569009450315880445427641621,2.82,1.92,1000,1.11,9355,253676.08,78690
146858012,GB / Sthl  19th Aug,3m Hcap Hrd,19-08-2018 15:55,16462382,Simply Mani,0,55,35.8949652671659155417995292648285865452,13.654313523303721744529696753000142851,60,12.5,1000,44,389.1,7454.64,1279.92
146858007,GB / Sthl  19th Aug,2m4f Hcap Chs,19-08-2018 15:25,5621925,Roman Flight,0,26,21.8042956031162454281486333154833003129,32.4859388991919239135693833612430266781,36,21,1000,14,161.08,6865.74,2747.02
146858022,GB / Sthl  19th Aug,1m7f Hcap Hrd,19-08-2018 17:00,6042376,Blazon,0,9.329999529,10.6941977385343444094523269741350791922,10.5069270781566658716954405467526056236,13.5,9.4,1000,1.64,521.54,14552.42,26393.3
146858022,GB / Sthl  19th Aug,1m7f Hcap Hrd,19-08-2018 17:00,11994732,Baron Von Chill,0,2.855344689,3.36597838741013105375044373349069134294,3.69639239535105768861712022897253210054,4,2.8,1000,2.54,2745.94,163665.36,43587.34
146858027,GB / Sthl  19th Aug,1m7f Nov Hrd,19-08-2018 17:30,13073733,Kings Reste,0,1.63,1.68758875740740077934169304126763186034,1.88980691106942568471362425068509687516,2.02,1.54,1000,1.15,6698.26,443438.12,69270.44
146858027,GB / Sthl  19th Aug,1m7f Nov Hrd,19-08-2018 17:30,12538251,Grania Omalley,0,4.87248108411538,4.7452852322552892490382195962153755585,5.25891822452063404070159016472800506459,5.7,4.5,990,4.7,762.12,104743.78,8332.92
146858078,GB / Ponte  19th Aug,2m1f Hcap,19-08-2018 15:05,12021080,Cray,1,5.621383955231066,5.16015542571932926501184169025294523646,5.0107685624891155096445097806885787306,6.4,4.5,7,1.01,2455.14,78175.4,74324.3
146858068,GB / Ponte  19th Aug,5f Nov Stks,19-08-2018 14:00,19186425,Hard Solution,0,4.526191459641414,4.44130461851929623358656145569313923534,4.43966961848870970380748423115315486374,5,4,1000,4.3,8063.18,65482.64,3923.22
146858068,GB / Ponte  19th Aug,5f Nov Stks,19-08-2018 14:00,19698551,Don Logan,0,6.2,5.87022804891183181091767570106490425067,5.30725898990104297149170642149725030275,7.2,4.9,1000,5.6,5710.76,68679.04,2952.16
146858073,GB / Ponte  19th Aug,1m4f Hcap,19-08-2018 14:30,11189327,Appointed,0,3.45,3.57477760063127326604608450266161707226,5.10377488846074366211354107094277021261,5.8,3.35,1000,2.02,4870.2,129075.02,29765.92
146858093,GB / Ponte  19th Aug,1m Nov Stks,19-08-2018 16:40,19641194,Meadow Way,0,100,58.4760839091877066074736597417886351675,34.1758789765879138256208069863904264953,130,30,1000,80,61.1,6711.54,160.1
146858083,GB / Ponte  19th Aug,6f Listed,19-08-2018 15:35,13254728,Rock On Baileys,0,23.63917805572099,19.5894110012770193294346897956967240746,11.7859575225168915110141198031633041195,25,8.6,1000,22,1600.96,15607.98,673.38
146858083,GB / Ponte  19th Aug,6f Listed,19-08-2018 15:35,11198771,Pepita,0,17.194205627356418,17.3734439541097794563873882576705898399,22.9383479671338867734064265117448692623,29,13.5,990,16.5,599.82,13717.6,411.82
146903503,GB / ChelmC PA 19th Aug,1m PA,19-08-2018 16:45,20213128,4. Emiraaty,0,5.738256051319877,5.82504607201046606494589178663110775137,1,6.6,5.5,6.8,6.8,0,2229.02,1079.28
146903498,GB / ChelmC PA 19th Aug,1m6f PA,19-08-2018 15:40,20213820,3. Samawaat,0,7.8,8.07903249182099597191450643875285749507,1,8.6,7.6,1000,2.82,0,1087.98,2720.56
146903501,GB / ChelmC PA 19th Aug,1m PA,19-08-2018 16:10,20213099,1. Pacific Athbah,0,11.991254337721038,11.1866272473224354196475587058097902426,3.52812340072469842937226165283573286332,13,10,1,1001,25.1,756.12,148.18
146903481,GB / ChelmC PA 19th Aug,7f PA,19-08-2018 14:35,20213108,5. Katwalk,0,10,9.74655046771785631358391650601899983258,1,11,9,500,85,0,1442.08,548.24
146903481,GB / ChelmC PA 19th Aug,7f PA,19-08-2018 14:35,7840320,6. Mulan,0,9.2,9.04428757144195411053408204269292077805,1,9.8,9,1,1001,0,1051.38,101.94
146903495,GB / ChelmC PA 19th Aug,1m2f PA,19-08-2018 15:10,20213810,1. Tijaary,0,4.64398334,4.70840811057445109520839357942827109965,2.71380675979732501923639103893654349881,5.1,4.3,1,1001,22.26,3878.84,2211.18
146903495,GB / ChelmC PA 19th Aug,1m2f PA,19-08-2018 15:10,20213811,2. Muhaajer,0,5.9,6.39024464949244707746060590466017778774,2.79997731661238758878905964807484313846,7,6,1000,19,7.84,2634.48,556.1
146903495,GB / ChelmC PA 19th Aug,1m2f PA,19-08-2018 15:10,20213813,4. Zephyrella Zayin,0,16.708235413328495,18.4487838794047756589433078668093462555,1,22,6.4,990,22,0,1069.06,74.68
146903495,GB / ChelmC PA 19th Aug,1m2f PA,19-08-2018 15:10,20213815,6. Thamaraat,1,3.55,3.38810285758878203424865146358779825459,1,3.55,3.25,14,1.01,0,6166.88,12512.98
146903479,GB / ChelmC PA 19th Aug,1m PA,19-08-2018 14:05,19570118,3. Ameed,0,3,3.16517949358999950281612381332899372823,2.96937853006237936754565116288643797223,3.3,2.72,960,690,15.4,8607.64,681.52
146903479,GB / ChelmC PA 19th Aug,1m PA,19-08-2018 14:05,20212738,1. Al Muthana,0,5.455500643225021,5.64125410059692220372000250766918118833,4.38033887939247266709283341709313778193,5.8,5.6,1000,6.8,23.82,2487.76,614.82
146903479,GB / ChelmC PA 19th Aug,1m PA,19-08-2018 14:05,20212740,4. Istiqraar,0,14,11.3494535719700477394483882815701646458,1,22,10.5,990,55,0,1072.9,56.98
146858002,GB / Sthl  19th Aug,1m7f Nov Chs,19-08-2018 14:50,7686275,John Constable,0,2.577271035229355,2.37492670196792781914752549978631194197,1.82347614282990897067110465084199981205,2.6,1.64,1000,1.75,11331.44,175713.26,69237.72
146857996,GB / Sthl  19th Aug,2m4f Hcap Chs,19-08-2018 14:20,7436566,Hepijeu,0,42,35.8165071975863842448043107842099957479,17.1942388753427211061429028249815856825,50,22,1000,44,84.86,4755.38,633.68
146857996,GB / Sthl  19th Aug,2m4f Hcap Chs,19-08-2018 14:20,8409538,Murray Mount,0,36.56804114776662,28.3110345158180329731186425271378431131,28.9667871740170148944567108093755797223,44,19.5,960,12,220.88,7354.28,2223.24
146857996,GB / Sthl  19th Aug,2m4f Hcap Chs,19-08-2018 14:20,9207147,Chasma,0,11.334505764694768,8.57632918527045843350509308450283636813,6.85827812800910064437361063503028779977,11,6.2,960,9.8,1208.54,24323.86,2837.52
146858007,GB / Sthl  19th Aug,2m4f Hcap Chs,19-08-2018 15:25,7246864,Too Many Diamonds,0,7.159687895876269,5.70744053758665746871757519686758974236,4.28086972747234853841843285841791840233,7.6,4,120,1.26,4905.28,87157.48,42025.06
146858007,GB / Sthl  19th Aug,2m4f Hcap Chs,19-08-2018 15:25,7812409,Cusheen Bridge,0,13.420003577303433,14.6387353585393846668766367766164422477,23.9014133186532139376414805691174332656,36,12.5,1000,11,323.7,12384.96,2646
146858022,GB / Sthl  19th Aug,1m7f Hcap Hrd,19-08-2018 17:00,7652533,Gannicus,0,39.346176372,51.1590596088969826150741119831632781754,39.6830708670264462269970162977553032051,100,28.42,1000,13,67.64,4637.54,1286.14
146858022,GB / Sthl  19th Aug,1m7f Hcap Hrd,19-08-2018 17:00,9142419,Cosmic Tigress,0,15.811208669815638,14.7160642117320291973046948138549684315,9.18892184465985362042395896725552251188,23,8,1000,18,1339.62,17111.56,1020.54
146858027,GB / Sthl  19th Aug,1m7f Nov Hrd,19-08-2018 17:30,13216321,Onelasthand,0,70.17119119073097,58.9205688720108149012691345380816769685,116.809312478351953993837428037415742761,210,42,1000,55,2.02,5071.44,849.2
146858078,GB / Ponte  19th Aug,2m1f Hcap,19-08-2018 15:05,12943653,Galileos Spear,0,12.5,11.6646325159084416980545207975545889088,8.12893384434172856955515508224277322338,17.5,6.97,1000,13,723.44,28836.74,2964.32
146858098,GB / Ponte  19th Aug,6f Hcap,19-08-2018 17:10,12988783,Power To Exceed,0,6.947187881,5.26648422364105931715366842835987942828,3.85162907387377195432519176974875720465,7.2,3.7,960,4.7,5230.48,122346.12,5757.58
146858098,GB / Ponte  19th Aug,6f Hcap,19-08-2018 17:10,9487361,Avenue Of Stars,0,25.317420397841957,21.2661107056662033182583815629226143802,9.45666788226832383610784588387941864993,34,7.69,1000,20,903.1,26265.2,652.74
146858098,GB / Ponte  19th Aug,6f Hcap,19-08-2018 17:10,14746500,Dawn Breaking,0,13.847586416200048,11.679196974035530793396932003535602929,16.4018140280768192681714369655433006693,19.66,10.5,1000,10,616.66,27020.1,1269.94
146858068,GB / Ponte  19th Aug,5f Nov Stks,19-08-2018 14:00,18416827,World Order,1,1.8929025155375894,1.94849142263400454182602801858356244827,2.03326385857146262127959469804253709327,2.2,1.84,1.86,1.01,24509.6,310177.28,62087.12
146858068,GB / Ponte  19th Aug,5f Nov Stks,19-08-2018 14:00,20192113,Alotabottle,0,16,15.0620658329414765641853255622505215692,13.8539961994531302059497245951676159795,19,11.5,1000,18,1154.88,16625.18,982.1
146858073,GB / Ponte  19th Aug,1m4f Hcap,19-08-2018 14:30,11844200,Tor,0,3.4126090597149865,3.08165099553238616870202830361296423334,3.03098073590113082125362117598016908058,3.55,2.76,1000,1.8,9566.94,133396.5,32808.22
146858093,GB / Ponte  19th Aug,1m Nov Stks,19-08-2018 16:40,19607475,Move In Faster,0,9.218558408719982,6.56800722646414878777277546389030045865,4.29676619388440098729257507993114766185,9.8,3.9,1000,3.3,2988.7,67731.32,8604.08
146858083,GB / Ponte  19th Aug,6f Listed,19-08-2018 15:35,14434767,Zain Hana,0,10.188245842357283,10.5296271416660099022941217596110011417,11.4393257842477321158317779090933345137,13.5,9,260,2.12,2616.84,50458.86,8716.56
146858088,GB / Ponte  19th Aug,1m Hcap,19-08-2018 16:05,2546503,Completion,0,2.8785738053443852,3.3465044083371779159348388249209520739,3.68348707063613285384141192250889080952,3.8,3.1,1000,1.33,5500.48,87056.12,42449.72
146903498,GB / ChelmC PA 19th Aug,1m6f PA,19-08-2018 15:40,20213819,1. Madany,0,11.573596249585972,11.5071468676281200712470073345157257684,3.52729618173667339737613677796438863439,11.5,11.5,960,55,11.28,463.98,135.3
146903498,GB / ChelmC PA 19th Aug,1m6f PA,19-08-2018 15:40,20213824,8. Zayin Zachilles,0,6.280701134,6.27242809866361055885977299121580214423,1,6.8,6,690,8,0,1128.74,664.62
146903501,GB / ChelmC PA 19th Aug,1m PA,19-08-2018 16:10,20213101,4. Popsstar,0,5.5,5.70402443544792974368594796942619775621,3.64999484576002499675138131856333539431,5.9,5.4,1,1001,40,2442.94,148.72
146903481,GB / ChelmC PA 19th Aug,7f PA,19-08-2018 14:35,801213,2. Ultimate Force,0,3.4,3.32265744304768580139612586545324309453,1,3.45,3.05,960,690,0,8988.94,451.66
146903506,GB / ChelmC PA 19th Aug,1m2f PA,19-08-2018 17:15,20213290,8. Aleeyah Seraphina,0,26,22.7453112984293077465871376961645415328,1,25.13,20.8,990,690,0,439.56,17.58
