EVENT_ID,MENU_HINT,EVENT_NAME,EVENT_DT,SELECTION_ID,SELECTION_NAME,WIN_LOSE,BSP,PPWAP,MORNINGWAP,PPMAX,PPMIN,IPMAX,IPMIN,MORNINGTRADEDVOL,PPTRADEDVOL,IPTRADEDVOL
106960214,GB / Ayr 2nd Oct,TO BE PLACED,02-10-2012 14:10,6280668,Out Of The Blocks,0,3.4267863601469433,3.82166659607750765032102506777135887781,4.02442537460966895198976460296279271165,4.4,3.05,1,1001,197.98,5471.52,35.44
106960214,GB / Ayr 2nd Oct,TO BE PLACED,02-10-2012 14:10,6347469,Mash Potato,1,3.21213528,3.27834688471802396786539389696253520619,5.07799580324525273624025572901810250115,3.7,2.94,1,1001,90.74,7885.96,822.3
106960214,GB / Ayr 2nd Oct,TO BE PLACED,02-10-2012 14:10,6361452,Baraboy,0,4.2,4.08219269302375168995181047538709448142,3.29234410976516570965799133774751930664,4.7,3.9,1,1001,203.98,4635.78,123.76
106960214,GB / Ayr 2nd Oct,TO BE PLACED,02-10-2012 14:10,6363328,Alexandrakollontai,0,1.903180191806673,1.95711942040829540652875800752746436789,1.62418000264086359060626704383340308327,2.26,1.74,1,1001,825.46,35986.36,282
106960214,GB / Ayr 2nd Oct,TO BE PLACED,02-10-2012 14:10,6461595,Surround Sound,0,5.981841497140704,5.77659574276874226879836401779518179574,5.14155320579031158893741184783652721055,6.2,5.2,1,1001,67.4,2959.86,25.52
106960214,GB / Ayr 2nd Oct,TO BE PLACED,02-10-2012 14:10,6463564,Corton Lad,0,4.7,4.16089200810425318113922716482866502216,4.15301526404047903774526540173944925906,4.6,3.8,1,1001,328.4,3157.92,218.56
106960214,GB / Ayr 2nd Oct,TO BE PLACED,02-10-2012 14:10,6469523,Gambino,0,39.14354204270987,35.2894612874672936772220731204906899859,1,48,25,16,16,0,616.38,36
106960214,GB / Ayr 2nd Oct,TO BE PLACED,02-10-2012 14:10,6499721,Ingleby Symphony,1,3.1,3.00288668199960558010750411414606211572,2.47268900850510892290783613479325291793,3.35,2.86,1,1001,199.94,6398.46,1697.66
106960214,GB / Ayr 2nd Oct,TO BE PLACED,02-10-2012 14:10,6551305,Danehill Flyer,1,2.032480259826407,2.07017900578790750414281400186910634609,2.35639588577998816605874899293995567296,2.3,1.84,4.5,1.02,230.92,20058.18,2802.36
106960214,GB / Ayr 2nd Oct,TO BE PLACED,02-10-2012 14:10,6582224,Mudaawem,0,2.483186963448242,2.24169719875890640576124381891489576767,2.07784541841526014556054305737609416253,2.88,2.02,7.8,2.8,1141.98,38422.84,611.3
106960216,GB / Ayr 2nd Oct,TO BE PLACED,02-10-2012 14:40,6432503,Teetotal,0,2.156161727530125,1.99801914345115763718293513889010575904,1.82115749615929402681646997401898422909,2.24,1.75,2.02,1.5,2474.22,17827.84,4753.06
106960216,GB / Ayr 2nd Oct,TO BE PLACED,02-10-2012 14:40,6437568,Fenwick Gale,0,10.755688147,8.88551614817958829841065036738207548063,7.80178812690257203344081598443953980442,13,7,1,1001,8.76,2017.18,.16
106960216,GB / Ayr 2nd Oct,TO BE PLACED,02-10-2012 14:40,6456462,Red Cobra,1,1.38,1.4174722779872226348465216583946937168,1.48469967781066299438990935484757388729,1.48,1.38,1.38,1.01,1396.46,35715.22,4047.92
106960216,GB / Ayr 2nd Oct,TO BE PLACED,02-10-2012 14:40,6715380,Shagwa,0,1.9839470482926114,2.08622383051043760221732112852489043174,2.18298416592774815997091182551327907366,2.8,1.82,1,1001,52.62,32487.34,120.26
106960216,GB / Ayr 2nd Oct,TO BE PLACED,02-10-2012 14:40,6715381,Brookes Bounty,1,4.734887941223278,4.50940811377668217099552531021938816381,2.8399299074320978248447678183688240448,5.1,3.8,1.02,1.02,2.1,3127,2748.14
106960220,GB / Ayr 2nd Oct,TO BE PLACED,02-10-2012 15:40,4613300,Arctic Feeling,1,1.611663003663343,1.70307819625773728237100741509864464734,1.66861124903492665096491944545425329439,1.82,1.62,1.62,1.2,2196.18,24109.58,2943.68
106960220,GB / Ayr 2nd Oct,TO BE PLACED,02-10-2012 15:40,2373224,Bosun Breese,0,3.75,3.54107953286766646109359085779677880025,3.32493391880038539504956799272239504921,4,3.25,1,1001,162.66,5159.44,105.82
106960220,GB / Ayr 2nd Oct,TO BE PLACED,02-10-2012 15:40,3001431,Taurus Twins,1,8.630020173,7.45342978560114861412322979768789952873,4.71773145158896815356252671613383663233,9.4,5.2,3.5,1.02,170.36,1784.4,1470.24
106960220,GB / Ayr 2nd Oct,TO BE PLACED,02-10-2012 15:40,3892042,Singeur,0,1.6986472784976014,1.76175419834308862118865133309624414018,2.35165721425863893852298298231842305145,1.92,1.65,2.14,2.08,439.78,19394.22,1335.18
106960220,GB / Ayr 2nd Oct,TO BE PLACED,02-10-2012 15:40,4647454,Another Wise Kid,1,3.1681637657148527,3.04964129555082961069647576366797052501,2.95735608431827661566510684986575751513,3.15,2.96,1,1001,41.52,4344.62,1564.44
106960220,GB / Ayr 2nd Oct,TO BE PLACED,02-10-2012 15:40,4680497,Crimson Knot,0,3.763903441,3.88676597262446210206526046782190664675,3.8756632455124831982885092323527849439,4,3.65,1,1001,125.42,4945.86,27.82
106960220,GB / Ayr 2nd Oct,TO BE PLACED,02-10-2012 15:40,4735312,Shoshoni Wind,0,5.8,4.7138121754139821410506069310399164567,3.28387072922428000658477150297348117002,5.7,3.95,1,1001,332.04,3253.82,49.24
106960220,GB / Ayr 2nd Oct,TO BE PLACED,02-10-2012 15:40,4943113,Sovereign Street,0,1.4685764323058899,1.47515770364864893389267081513289884992,1.5131294751170486506091193206134337802,1.54,1.43,150,1.51,1239.54,32532.6,1940.16
106960222,GB / Ayr 2nd Oct,TO BE PLACED,02-10-2012 16:10,1255441,Shunkawakhan,0,13.5,12.1316859249631520911539185946452862739,8.30851933663994204210420857598984031016,13.5,11,1,1001,32.36,885.54,86.68
106960222,GB / Ayr 2nd Oct,TO BE PLACED,02-10-2012 16:10,2422920,Carnival Dream,0,10,10.5745198347528099761366094632405240264,11.8248933748002582174565580529031789037,12,9.2,1,1001,4,1915.4,10
106960222,GB / Ayr 2nd Oct,TO BE PLACED,02-10-2012 16:10,2430445,Jebel Tara,0,3.4726019277818345,3.456840816646635093882605369014160179,3.30545028641433485235021304380018982102,3.7,3.4,1,1001,202.34,4212.4,255.02
106960222,GB / Ayr 2nd Oct,TO BE PLACED,02-10-2012 16:10,3082968,Hellbender,0,9.242906666505146,7.41092093686817605818317952866584657786,7.31239839333162965092712279170175592531,7.8,6.6,1,1001,17.72,1373.1,32.96
106960222,GB / Ayr 2nd Oct,TO BE PLACED,02-10-2012 16:10,3778460,Koo And The Gang,1,2.2654964898905923,2.18889655367151119938474322381405032465,2.20454222329117815586932358642281322209,2.36,2.02,2.36,1.01,150.6,9301.3,2270.74
106960222,GB / Ayr 2nd Oct,TO BE PLACED,02-10-2012 16:10,4057945,Mark Anthony,0,4.20925005471916,3.6661397787824669934863665813852807814,3.78967486346261791864816116749717352517,4,3.35,3.8,3.2,88,5385.1,690.98
106960222,GB / Ayr 2nd Oct,TO BE PLACED,02-10-2012 16:10,4715780,Whats For Pudding,0,2.8611558545721834,2.75804887748009335783573634887260743962,2.69467881656181485209948491193429811074,2.9,2.62,6,6,76.56,9075.26,131.12
106960222,GB / Ayr 2nd Oct,TO BE PLACED,02-10-2012 16:10,4769103,Sabratha,1,5.5339287218889694,5.730418089672547961152613742380285908,4.7885522158990453163946368938635689428,6.4,5.3,2.56,2.56,50.48,2675.36,2136.58
106960222,GB / Ayr 2nd Oct,TO BE PLACED,02-10-2012 16:10,5082745,Lets Face Facts,0,5.3,6.08852558238426554379158940633617631558,4.73846371165632911972399233527663797217,7,5.3,2.2,2.2,54.54,2096.52,506.12
106960222,GB / Ayr 2nd Oct,TO BE PLACED,02-10-2012 16:10,5634230,Goninodaethat,0,2.330538282,2.13414119419271317354002103680875178066,2.31534690055023875318212456398106840328,2.3,1.96,2.32,2,702.62,10361.02,1051.8
106960222,GB / Ayr 2nd Oct,TO BE PLACED,02-10-2012 16:10,5759604,Lord Franklin,1,1.62,1.82726532086973251066891927051600730322,1.91567938768476883927843593003956109471,2.1,1.62,1.64,1.01,179.88,28542.46,8851.06
106960224,GB / Ayr 2nd Oct,TO BE PLACED,02-10-2012 16:40,2486845,Gala Casino Star,0,3.108792701,3.09193546016480578272003139122345814003,2.68059401516780704718946228822615138804,3.35,2.78,1,1001,88.34,5786.3,426.7
106960224,GB / Ayr 2nd Oct,TO BE PLACED,02-10-2012 16:40,4982959,Calaf,1,1.4773935617349252,1.49098887480977370816816698582257568886,1.75012501993595026838519387564235512979,1.65,1.43,1.49,1.02,277.56,29666.28,2739.86
106960224,GB / Ayr 2nd Oct,TO BE PLACED,02-10-2012 16:40,5441650,Muffin Mcleay,0,1.3632057548380407,1.4214623414265524087361946852804742432,1.48774695464121088417319644222088024237,1.5,1.37,70,1.32,145.44,33287.78,1674.76
106960224,GB / Ayr 2nd Oct,TO BE PLACED,02-10-2012 16:40,5586657,Act Your Shoe Size,1,3.4,3.20665137665527332222071761503384085348,2.55817380892845796705131376087086026883,3.45,3.1,2.6,2.42,108.52,5837.64,3194.08
106960226,GB / Ayr 2nd Oct,TO BE PLACED,02-10-2012 17:10,2412172,Glenluji,0,8,6.71159791483323828548333826418367757033,7.93413178096011186664159099214460542251,7.4,6.04,1,1001,38.92,1760.92,24
106960226,GB / Ayr 2nd Oct,TO BE PLACED,02-10-2012 17:10,3876638,Jupiter Fidius,0,5.312428346538801,4.3053027471720506245846896320452303485,3.68578654118108939364544793207058087096,4.8,4.21,5.6,4.5,61.18,2261.08,236.48
106960226,GB / Ayr 2nd Oct,TO BE PLACED,02-10-2012 17:10,4018541,Flipping,0,1.63,1.83142741082187007181284876049805374825,1.79966076366395838315195825045647705916,2.42,1.61,95,1.62,245.88,43978.22,2845.02
106960226,GB / Ayr 2nd Oct,TO BE PLACED,02-10-2012 17:10,4246524,Dynamic Drive,0,5.1,4.46759148939947315545309031445456101915,4.15422681018644322140791602957459148372,4.7,4.21,5.2,3.2,31.56,2198.24,399.62
106960226,GB / Ayr 2nd Oct,TO BE PLACED,02-10-2012 17:10,4604902,Goodlukin Lucy,0,3.95,4.20504982642552213097951166967824830672,3.46018635244954256076675528620066313032,4.82,4.1,1,1001,42,3002.14,44.94
106960226,GB / Ayr 2nd Oct,TO BE PLACED,02-10-2012 17:10,4792124,Spread Boy,1,3.9194021816784517,3.25088044170852457825712353771908346469,2.93269452314474959832897409711218115444,3.78,2.65,1,1001,134.56,5227.26,3100.46
106960226,GB / Ayr 2nd Oct,TO BE PLACED,02-10-2012 17:10,4850815,Retreat Content,1,4.93149914158159,5.08135208207340643776371220392302395529,6.90997310962235121830195672609689625912,5.52,5,1,1001,16,2400.44,1661.92
106960226,GB / Ayr 2nd Oct,TO BE PLACED,02-10-2012 17:10,5407905,Goldmadchen,1,4.2,3.85556366679377190105970819183544466153,3.39175420962000197121470068382180838623,4.3,3.56,4.3,1.01,72.96,3586.76,1898.14
106960226,GB / Ayr 2nd Oct,TO BE PLACED,02-10-2012 17:10,5696580,Kyllachykov,0,2.14,2.2847491256933833462087847199223787085,2.53477711051777493446002551549021755974,2.44,2.08,3.5,2.08,440.18,14523.18,795.54
106960226,GB / Ayr 2nd Oct,TO BE PLACED,02-10-2012 17:10,5750969,Star Kingdom,0,2.740444762568149,2.76018090402635802609342691609505252326,2.54222330724597004231316583706498676217,3.21,2.56,12.5,3.9,121,6225.28,540.18
106960226,GB / Ayr 2nd Oct,TO BE PLACED,02-10-2012 17:10,6581204,Blackamoor Harry,0,17.58186465157079,14.7272976328390632906330353874242013114,10.8752660008699112907339847587096164426,21.84,10.12,6.2,6.2,14,1143.68,101.36
106960328,GB / Sedge 2nd Oct,TO BE PLACED,02-10-2012 14:20,466897,Jameel,1,1.5369824815569209,1.50149032890705219069844671722667517068,1.27065940219584573467532438511125736598,1.63,1.31,1.53,1.02,1837.34,29650.08,6502.78
106960328,GB / Sedge 2nd Oct,TO BE PLACED,02-10-2012 14:20,2431685,Thatll Do Nicely,0,2.1249262992579308,2.20736522902405051473379493701083114004,2.90650916199518781404785849085623117339,3.05,2.02,2.54,1.5,1353.04,25762.02,2925.28
106960328,GB / Sedge 2nd Oct,TO BE PLACED,02-10-2012 14:20,3969920,Gumnd,0,54.542991304680484,32.2106899232164524067576743398898571732,13.1482121918454141384456997399492684249,65,9.8,1,1001,128.8,457.3,0
106960328,GB / Sedge 2nd Oct,TO BE PLACED,02-10-2012 14:20,4568994,Ahyaknowyerself,1,1.4344403486745343,1.55179699872199147623630767909200754641,1.54365308992772446523373412379166470605,1.65,1.4,1.46,1.01,1816.08,23695.48,7384.38
106960328,GB / Sedge 2nd Oct,TO BE PLACED,02-10-2012 14:20,4622401,Hong Kong Island,0,1.27,1.35571167546389386703966295403405725034,1.4216433994507865064629388545597926785,1.49,1.26,1000,1.3,670.52,46851.18,1848
106960328,GB / Sedge 2nd Oct,TO BE PLACED,02-10-2012 14:20,4848249,Politbureau,0,31.59827164148982,26.8718735060908390026646193460914403575,13.4083394345307476428967525663741064304,32,24,1,1001,28.26,581.62,8
106960328,GB / Sedge 2nd Oct,TO BE PLACED,02-10-2012 14:20,4917460,Garth Mountain,1,4.011262359581396,3.61252523079401910868002701489884666468,3.68360055344344869631244018451571887961,4.3,3.2,3.7,1.01,416.4,6359.64,3380.48
106960328,GB / Sedge 2nd Oct,TO BE PLACED,02-10-2012 14:20,4976801,Operateur,0,8.59893841079349,9.17046266342915660169746020723455787094,6.4916178422010843689566761546973127074,11,7.6,9.2,8,111.94,1727.6,362.9
106960328,GB / Sedge 2nd Oct,TO BE PLACED,02-10-2012 14:20,5320755,Grand Vintage,0,29.748135985726595,35.3181076580540567272365401643598051639,24.9997720021659794231954796429433920378,46,30,1,1001,2,263.68,12.1
106960328,GB / Sedge 2nd Oct,TO BE PLACED,02-10-2012 14:20,5441810,Wendysgreyhorse,0,50.170721383839755,59.6684254731774374850739719365893711437,28.6759720472682322590854183237274930352,90,42,1,1001,20,286.94,0
106960328,GB / Sedge 2nd Oct,TO BE PLACED,02-10-2012 14:20,6199257,Grimwith,0,78.37157602973284,36.2606993610391932333415623831047388217,7.1939755337966415032660620990547087339,40,29,1,1001,4,233.66,4
106960330,GB / Sedge 2nd Oct,TO BE PLACED,02-10-2012 14:50,3827875,Quinsman,1,1.2786127943990868,1.34143379353218727384525178791426581592,1.51661504499054399598787993733050678984,1.61,1.28,1.5,1.02,1262.5,40246.12,6609.46
106960330,GB / Sedge 2nd Oct,TO BE PLACED,02-10-2012 14:50,4196635,Attycran,0,5.942307609576893,7.67171838637592021234264772880249346712,13.9999508505956570717473414470389963382,7.8,6.4,6.2,4.4,19.52,3212.3,655.64
106960330,GB / Sedge 2nd Oct,TO BE PLACED,02-10-2012 14:50,5479851,Uncut Stone,0,9,8.63408959904296308149011682552230658263,8.21337724357051620227533270238198423498,10,7.6,6,6,95.06,1645.88,125.04
106960330,GB / Sedge 2nd Oct,TO BE PLACED,02-10-2012 14:50,5537752,Kane River,0,2.3793090428842705,2.46348894575529671397985075738816704338,2.72063232446811015187867232413922995582,2.7,2.2,6,2.2,272.78,15926.96,2078.5
106960330,GB / Sedge 2nd Oct,TO BE PLACED,02-10-2012 14:50,5809935,Black Sambuca,0,30,24.9693270874882380888824646127185826532,3.29098304672545423163868587372453443845,38,21,1,1001,4,563.28,38.78
106960330,GB / Sedge 2nd Oct,TO BE PLACED,02-10-2012 14:50,5921115,Hi George,1,1.5420838971745248,1.53513339242797247077449189644233038605,1.6751584025038449529894644003558760915,1.58,1.47,1.45,1.1,121.18,24446.86,7524.48
106960330,GB / Sedge 2nd Oct,TO BE PLACED,02-10-2012 14:50,6125883,Vuvuzela,0,4.211302238,3.97257311345746932989869283676583558728,3.13653830819127205508936526246954350959,4.2,3.9,1,1001,64,3193.9,287
106960330,GB / Sedge 2nd Oct,TO BE PLACED,02-10-2012 14:50,6218741,Ballymoat,0,7.340437847,7.17697326369180221536760882550242037391,3.8181407451460031791911664958378851384,7.8,7,1,1001,57.1,2013.5,14
106960330,GB / Sedge 2nd Oct,TO BE PLACED,02-10-2012 14:50,6432343,Tennessee Bird,0,160,130.321930318198293600408887681836104622,18.9999654400663550725982606113396262279,270,55,1,1001,10,306.76,0
106960330,GB / Sedge 2nd Oct,TO BE PLACED,02-10-2012 14:50,6465003,Lady Mintholme,0,216.92169099553024,166.316654492076809338231563669182989531,6.99998776002496954906211991327537691823,300,60,1,1001,10,296.96,0
106960330,GB / Sedge 2nd Oct,TO BE PLACED,02-10-2012 14:50,6716803,Its A Steal,1,2.0251536551635585,1.84928884155023108069685375859573416997,1.79461127090864885710172414798311577634,2.06,1.62,2.02,1.18,810.64,11974.14,5660.6
106960332,GB / Sedge 2nd Oct,TO BE PLACED,02-10-2012 15:20,2799085,The Foxs Decree,0,3.135142273402818,2.99565737703582312532432216261036378446,2.36877872174647852710453454073470232035,3.3,2.88,3.15,3.15,82,9721.04,1285.98
106960332,GB / Sedge 2nd Oct,TO BE PLACED,02-10-2012 15:20,3787001,Earl Grez,1,2.44,2.29789921827117996176625682785228250136,2.56702518912664045074501553955936944556,2.52,2.32,2.4,1.01,191.74,9926.4,10216.54
106960332,GB / Sedge 2nd Oct,TO BE PLACED,02-10-2012 15:20,3789416,Sparkling Tara,0,2.345276863380276,2.17256153835035956392909019924181185942,2.59472293798037767151887468960425280299,2.48,2.08,6,2.08,44,15412.72,1147.72
106960332,GB / Sedge 2nd Oct,TO BE PLACED,02-10-2012 15:20,4028267,Five Out Of Five,0,4.132705317547224,3.49947578860759900967865322634673309114,3.88668184035910804415597128712867879405,4.5,3.95,4.8,4.8,255.68,4933.42,317.42
106960332,GB / Sedge 2nd Oct,TO BE PLACED,02-10-2012 15:20,4245237,Saddlers Deal,0,8.8,8.07238987531173476622856369537226775915,4.59999168401920991562509490603076706893,10.5,6.6,8.6,8.6,20,2297.36,197.98
106960332,GB / Sedge 2nd Oct,TO BE PLACED,02-10-2012 15:20,5528730,Tregaro,1,2.07071639157697,2.05958565480373432703458439256491157547,2.01374615231512756912668372381680685965,2.3,2.04,2.14,1.01,586.24,27784.48,6821.32
106960334,GB / Sedge 2nd Oct,TO BE PLACED,02-10-2012 15:50,29567,Pete,0,3.65,3.29393549066908825740318415547991299872,2.94003503457470328769171608976837956871,4.2,2.98,4,1.51,132.5,4597.02,3894.02
106960334,GB / Sedge 2nd Oct,TO BE PLACED,02-10-2012 15:50,216413,Tahiti Pearl,1,1.9218308592062248,1.87129590656626025724061442354525310063,2.03748296786419791702400434584539085864,2.18,1.92,2,1.01,381.56,19851.02,8786.86
106960334,GB / Sedge 2nd Oct,TO BE PLACED,02-10-2012 15:50,478727,Schinken Otto,1,1.9840960322253425,1.95009500359673403214339403128297801142,2.02689365724160485151464710298401947421,2.2,1.92,2.24,1.01,1219.26,31268.92,4789.5
106960334,GB / Sedge 2nd Oct,TO BE PLACED,02-10-2012 15:50,863690,Frith,1,3.05,2.51366353182147131523158517904278284518,2.79545066833917899005504722710899799779,2.9,2.6,2.72,1.01,123.74,5505,1807.22
106960334,GB / Sedge 2nd Oct,TO BE PLACED,02-10-2012 15:50,959807,Crofton Arch,0,10,12.3953120354461843716752124204475537878,1,20,9.4,1,1001,0,2336.2,6
106960334,GB / Sedge 2nd Oct,TO BE PLACED,02-10-2012 15:50,1172870,Peak Seasons,0,13,12.3013278107484070532273534034279798251,9.38932321021665967189732924388937904015,16.5,13.5,1,1001,30,1332.8,58.4
106960334,GB / Sedge 2nd Oct,TO BE PLACED,02-10-2012 15:50,2185879,Strathaird,0,4.474363378314303,3.93691578914447978526779941038366791015,3.8877906918642474455537132909212249007,4.7,3.75,3.25,3.25,246.06,5650.88,827.78
106960334,GB / Sedge 2nd Oct,TO BE PLACED,02-10-2012 15:50,2202031,Well Oiled,0,2.6997723497385593,2.3477479963673318490689786166758719851,2.5959840305945784312926761605814967454,2.74,2.54,1,1001,179.82,7038.04,310.76
106960334,GB / Sedge 2nd Oct,TO BE PLACED,02-10-2012 15:50,3750872,Authentic Act,0,2.371682065,2.33011545415200658377981184683170716592,3.10778551990614477437708207645211145307,3.05,2.2,2.3,1.82,446.18,18849.16,6287.58
106960334,GB / Sedge 2nd Oct,TO BE PLACED,02-10-2012 15:50,4610298,Bonoman,0,4.5,3.56371384346860181626143292386441242232,2.72982894319053662535620597119715523198,4.8,3.65,23,5,95.3,3858.72,530.64
106960336,GB / Sedge 2nd Oct,TO BE PLACED,02-10-2012 16:20,955216,Scriptwriter,0,2.565529863407955,2.60231736785957589999786612203604465512,3.22661779225695344570026179365117051074,3.1,2.5,4.4,2.6,361.66,22448.8,1505.84
106960336,GB / Sedge 2nd Oct,TO BE PLACED,02-10-2012 16:20,1447966,Goldan Jess,0,1.4445696196850983,1.3795565381705897316393628968191941622,1.58271570129746601178137359088416214313,1.51,1.35,2,1.35,1539.58,66796.64,7194.22
106960336,GB / Sedge 2nd Oct,TO BE PLACED,02-10-2012 16:20,2428382,Galley Slave,0,5.4053342208376876,5.23971767434516532455541485963643467087,6.10050520619793405347656024579495336858,6.4,5.4,1,1001,189.24,4057.48,239.28
106960336,GB / Sedge 2nd Oct,TO BE PLACED,02-10-2012 16:20,3693686,Vivarini,1,49.8110993328644,36.2882176596198560282727428337003086543,5.99997970008241766538427853982912829374,50,22,44,1.03,10,497.62,3473.48
106960336,GB / Sedge 2nd Oct,TO BE PLACED,02-10-2012 16:20,3812214,Stand Clear,0,3.595607746,3.37671460840098915091804377122005111362,4.10047120192277764459738536820292395142,4.2,3.5,3.9,3.9,80,7247,488.48
106960336,GB / Sedge 2nd Oct,TO BE PLACED,02-10-2012 16:20,3842884,Spirit Is Needed,1,3.2560702141879307,2.84465478995387221393141676502057668836,3.17836045519423897288385130207986664217,3.4,2.96,4,3,128.8,13528.44,3122.06
106960336,GB / Sedge 2nd Oct,TO BE PLACED,02-10-2012 16:20,3948161,French Seventyfive,0,19.569943225,13.9849254775332299698533467351799150114,8.4281340454572966441512165301441446988,21,11,8,3.2,16.34,906.48,250.1
106960336,GB / Sedge 2nd Oct,TO BE PLACED,02-10-2012 16:20,4109436,Muwalla,0,11.5,10.0066180861344749593242687289526072282,6.72186847022352625431666021321101811858,13,6.8,9.4,9.4,215.36,2475.24,237.8
106960336,GB / Sedge 2nd Oct,TO BE PLACED,02-10-2012 16:20,4838445,Hartforth,0,14.874098587203775,14.5782461176161439806884489539648995743,9.08142357357519351807072510167038344794,17,12,22,22,25.1,855.42,42
106960336,GB / Sedge 2nd Oct,TO BE PLACED,02-10-2012 16:20,5003007,Samtheman,0,7.901128208744339,6.09907607121625814131625510363563468387,4.42741727590586873967002058310409693746,8.4,7,1,1001,132.9,3418.2,55.1
106960336,GB / Sedge 2nd Oct,TO BE PLACED,02-10-2012 16:20,5185506,Young Mags,1,2.762787853518275,2.626871151807779081345825930233984728,2.61699197603855717061536434008741671442,3.1,2.74,2.9,1.41,480.14,13696.36,5534.48
106960336,GB / Sedge 2nd Oct,TO BE PLACED,02-10-2012 16:20,5305616,Turbolinas,0,3.9,4.10245971657261052595735822451982847275,6.14343795490226024876718465997095782559,5.8,3.85,3.85,3.85,213.72,5400.14,491.68
106960336,GB / Sedge 2nd Oct,TO BE PLACED,02-10-2012 16:20,5498682,Venture To War,0,6.8,5.77417920158885963213582780222101600522,7.14874177470484387727510650122605826643,7.2,6,6,6,31.3,2829.36,214.16
106960336,GB / Sedge 2nd Oct,TO BE PLACED,02-10-2012 16:20,5718883,Sun Cloud,0,10.407651099218056,7.41129687022409559793447349609044619148,6.30400820713189273661913326065580679947,9.8,4.5,1,1001,100.2,3094.44,198.12
106960338,GB / Sedge 2nd Oct,TO BE PLACED,02-10-2012 16:50,2640645,Spiders Star,0,11.073624465535833,9.21668484580205463713595447532642335128,6.18770460850602844340882468220874724035,13,6.8,10,10,34.84,3271.56,104.9
106960338,GB / Sedge 2nd Oct,TO BE PLACED,02-10-2012 16:50,3323942,Hit The Switch,1,1.7188318903961406,1.76333612471281634972244137553555137976,1.73379025817626841948374188934641324095,1.88,1.66,1.08,1.07,457.5,30843.6,4081.36
106960338,GB / Sedge 2nd Oct,TO BE PLACED,02-10-2012 16:50,3505794,Ruttan Lake,1,1.42,1.44318491537132655672992701519662602736,1.52046320890778228527637046570674251066,1.65,1.39,3,1.04,1575.2,49037.94,12550.7
106960338,GB / Sedge 2nd Oct,TO BE PLACED,02-10-2012 16:50,3860324,Duneen Point,0,8,7.374320140682071541266051122281776021,4.37081609312926417448390938312051111577,8.8,7.2,14,4,25.02,1945.12,144.66
106960338,GB / Sedge 2nd Oct,TO BE PLACED,02-10-2012 16:50,5058617,Sinnamara,0,3.25,3.43476827986980218941369055202111171349,11.0882352566364410725352040353165913782,7.6,3,9,2.4,106.72,18243.82,887.98
106960338,GB / Sedge 2nd Oct,TO BE PLACED,02-10-2012 16:50,5084191,Arizona High,0,15.426199702188867,14.1271962339238286056257182985765236768,8.9999514669611004359906883231575061778,18,14,1,1001,6,1271.04,26.58
106960338,GB / Sedge 2nd Oct,TO BE PLACED,02-10-2012 16:50,5247662,Pyjama Game,0,2.22,2.39105841409084756725342002551197911898,3.03579689537271355779092944071650794447,2.8,2.18,3.95,1.88,127.36,15638.36,2273.92
106960338,GB / Sedge 2nd Oct,TO BE PLACED,02-10-2012 16:50,5541144,Bampton Becks,0,13.050275863502172,13.2441034736191451011500351344417881334,9.24576878488346669969873104494729955888,18,9,1,1001,33.64,1273.4,33.8
106960338,GB / Sedge 2nd Oct,TO BE PLACED,02-10-2012 16:50,5857911,My Rainbow City,0,25.205798428226256,24.4889440027833678560937979757843194105,4.99998928002872952300487834692603023824,30,20,1,1001,10,568.06,0
106960338,GB / Sedge 2nd Oct,TO BE PLACED,02-10-2012 16:50,6071183,Kilcaskin Star,0,5.601942278685163,4.7319880533260519424585030947796130482,3.0967768469412661001256525429733042085,5.7,4.3,1,1001,159.54,4884.4,193.7
106960338,GB / Sedge 2nd Oct,TO BE PLACED,02-10-2012 16:50,6211292,Farmer Matt,1,2.5008974218490536,2.42529663547973490069143966314574622765,2.56596270103483530522213724493269246692,2.56,2.28,2.76,1.08,260.88,15730.46,3026.02
106960340,GB / Sedge 2nd Oct,TO BE PLACED,02-10-2012 17:20,6716800,High Fair,0,55.430965923289776,66.0972558597693076239267372500915171366,1,120,22,50,50,0,240.78,16
106960340,GB / Sedge 2nd Oct,TO BE PLACED,02-10-2012 17:20,6137662,The Wicked Kipper,0,1.72,1.85027668709470535869561173404219183195,2.41383446491757136838247288028290760022,2.06,1.68,6,2.24,124.4,18420.8,1930.94
106960340,GB / Sedge 2nd Oct,TO BE PLACED,02-10-2012 17:20,6137663,Vinetta,0,3.2092569868983185,2.6058251999421604384424326767345957797,2.2326814975368871698151043837134253894,3.15,2.36,3.5,3.5,210.34,13342.48,153.08
106960340,GB / Sedge 2nd Oct,TO BE PLACED,02-10-2012 17:20,6167712,My Mum Mo,0,2.84653842,3.34057841735400668459397102881534243848,3.10736623875234056617725247045814429099,3.7,2.8,1,1001,55.68,9067.44,839.34
106960340,GB / Sedge 2nd Oct,TO BE PLACED,02-10-2012 17:20,6404053,Wor Lass,0,27.12058920789336,30.3800038391213930952540439010498554185,8.26283649565053379348250138546034704844,42,22,26,1.76,14,583.3,525.22
106960340,GB / Sedge 2nd Oct,TO BE PLACED,02-10-2012 17:20,6646570,Miss Lilly Lewis,0,1.42,1.43652933600262221383971850060301200287,1.60140189308756097315252719143955474006,1.57,1.39,65,1.5,214.34,38070.28,6547.8
106960340,GB / Sedge 2nd Oct,TO BE PLACED,02-10-2012 17:20,6646571,Theoystercatcher,0,4.585633229204252,5.9468730306192506394918738417388867629,6.772683977597440746467128769261503266,7.4,5,18,18,10.56,3409.46,22.46
106960340,GB / Sedge 2nd Oct,TO BE PLACED,02-10-2012 17:20,6716797,Royal Escort,1,5.805543683133882,5.57039705501129059738347644330883497879,4.20208688684149360519083046690811323337,7.2,4.5,4,4,18.1,2131.98,1621.48
106960340,GB / Sedge 2nd Oct,TO BE PLACED,02-10-2012 17:20,6716798,Lucky Bygones,0,6.970003782,5.96156495894230338254829688480353045659,3.71553122392695582168970440270102023906,7.8,5.7,7.2,5.6,83.68,2266.1,199.36
106960340,GB / Sedge 2nd Oct,TO BE PLACED,02-10-2012 17:20,6716799,Izzini,1,2.212166278,2.1180563122306578398056985835599187562,3.03648720284660248107086109832303045014,2.44,1.9,2.04,1.03,158.88,15300.6,6526.1
106960340,GB / Sedge 2nd Oct,TO BE PLACED,02-10-2012 17:20,6716801,Captive Moment,1,50.538805240185454,38.7905346978576406555109993337896620646,1,65,22,1,1001,0,417.88,16
106960340,GB / Sedge 2nd Oct,TO BE PLACED,02-10-2012 17:20,6716802,Genes Quest,0,20.890517982839953,21.9469239852084573778849446193540759298,10.6449764662574223318895101895951373879,30,23,2.5,2.5,10,440.9,231.98
106962402,GB / Wolv 2nd Oct,TO BE PLACED,02-10-2012 14:00,847177,La Passionata,0,45.25895611359971,36.6521111337867494331183368205059944781,13.5950289289131359339858504191552558355,48,26,65,65,20.2,520,11.58
106962402,GB / Wolv 2nd Oct,TO BE PLACED,02-10-2012 14:00,5634217,Levi Draper,1,1.3999999904632567,1.47183149949088727311209641733821642103,1.68234392994370337259164319256641554615,1.73,1.38,6,3,2332.02,27601.06,827.44
106962402,GB / Wolv 2nd Oct,TO BE PLACED,02-10-2012 14:00,5694122,Silkee Supreme,0,4.057427471295668,4.11708600481355066665837078100487949363,3.18884792936617822696621591086748806438,4.6,3.5,3.2,3.2,337.12,5572.24,397.96
106962402,GB / Wolv 2nd Oct,TO BE PLACED,02-10-2012 14:00,5756675,Mister Mackenzie,1,2.671049517754363,2.87794164560901131212622655825627342017,3.70521883773224100222100216609885844909,3.85,2.68,1,1001,460.3,9923.88,1082.32
106962402,GB / Wolv 2nd Oct,TO BE PLACED,02-10-2012 14:00,5813128,Crazy Too,0,1.8166445464686332,1.73253244909026162094423974139692650824,1.6314513322995536112458360740263709162,1.9,1.5,1,1001,1508.44,44844.2,1218.98
106962402,GB / Wolv 2nd Oct,TO BE PLACED,02-10-2012 14:00,5958633,Vale Of Lingfield,0,4.3,3.94735705764689594345575065661402588576,4.02085872315743874961196543772008361911,4.5,3.4,1,1001,356.78,4795.56,25.1
106962402,GB / Wolv 2nd Oct,TO BE PLACED,02-10-2012 14:00,6557223,Ebble,1,1.2714857744095025,1.34340255904371892481986013006671939381,1.33653493891978132919622609494912451397,1.42,1.23,1.27,1.01,5075.72,57429.68,3549.74
106962402,GB / Wolv 2nd Oct,TO BE PLACED,02-10-2012 14:00,6658877,Aujourdhui,0,26.453399729393418,14.0896993721951045997544014027807948516,8.56483074722748687303026442381199443409,25,8.6,1,1001,130.92,1138.64,21.28
106962402,GB / Wolv 2nd Oct,TO BE PLACED,02-10-2012 14:00,6716995,Spowarticus,0,10.428891390655192,10.682071576549143405542367439111778075,8.49175858522734264527925201901681613206,11.5,11.5,1,1001,43.72,1010.6,18
106962404,GB / Wolv 2nd Oct,TO BE PLACED,02-10-2012 14:30,6310856,Ouzinkie,1,1.9352838481594608,1.98232772355425109191034447894193845943,2.02936214744552675202793988887355370715,2.22,1.91,1.91,1.02,727.36,20797.96,4065.2
106962404,GB / Wolv 2nd Oct,TO BE PLACED,02-10-2012 14:30,6313868,Special Report,1,5.5,4.68336816047273610923339268934524858021,3.51704469941662636410443726154703904685,5.5,3.8,5.5,1.37,91.98,4842.86,1521.06
106962404,GB / Wolv 2nd Oct,TO BE PLACED,02-10-2012 14:30,6386706,Tyson The Byson,0,3.397365820635314,3.52872497006791157676066154547214242373,3.94466444185625016814021330376100273679,3.35,3.3,5,3.35,39.58,2748.5,1010.82
106962404,GB / Wolv 2nd Oct,TO BE PLACED,02-10-2012 14:30,6391759,Hah Hah,0,10.763533196625357,11.4989041168198445855080339792152570514,7.67058835435934891760774882725735734861,14,8.6,1,1001,71.34,924.28,13.2
106962404,GB / Wolv 2nd Oct,TO BE PLACED,02-10-2012 14:30,6391783,Windforpower,0,2.82,2.94216917286539714896049991854051698424,2.46992061188663834008443880797446037625,3.15,2.5,2.82,2.82,271.38,6734.98,298.22
106962404,GB / Wolv 2nd Oct,TO BE PLACED,02-10-2012 14:30,6582530,Marmot Bay,0,2.02,1.9741243311422828789174660771445045332,2.7338037840927910658101364837239296444,2.16,1.83,3.05,2,301.36,31252.56,439.98
106962404,GB / Wolv 2nd Oct,TO BE PLACED,02-10-2012 14:30,6673072,Lexis Beauty,0,12.41782844,13.4789882517915385263313457258210015947,6.59995212040937049988222600696764042667,17,11.5,7.8,7.8,4,780.38,82.16
106962406,GB / Wolv 2nd Oct,TO BE PLACED,02-10-2012 15:00,1464362,Damika,0,7.535090209855698,4.83233696759689067131626057419324277331,3.51519111461466879901624000113896101219,7.2,3.2,6.8,6.8,433.56,2697.48,322.46
106962406,GB / Wolv 2nd Oct,TO BE PLACED,02-10-2012 15:00,3043251,Macdillon,1,2.46,2.29462497619356887351488840997998285994,2.63781820651333813441500969979774418179,2.76,2.46,3,1.1,839.82,21572.7,2381.78
106962406,GB / Wolv 2nd Oct,TO BE PLACED,02-10-2012 15:00,3125685,Lost In Paris,0,5.521144083447204,4.23083601298536322909717169843973917428,5.39178013518555763012780633563004449126,6,5.5,1,1001,204.76,4703.5,14
106962406,GB / Wolv 2nd Oct,TO BE PLACED,02-10-2012 15:00,4045229,R Woody,0,1.9716933382568644,1.79017071724183142757249694216438083053,1.76664547442438830707322055381345717468,1.97,1.65,2.2,2.2,735.34,19255,648.28
106962406,GB / Wolv 2nd Oct,TO BE PLACED,02-10-2012 15:00,4156511,Fear Nothing,1,4.69103851242253,3.31956786280777958162777247764193236541,2.91881744764274392996333391434808909996,4.7,4.4,1,1001,654.16,4576,597.1
106962406,GB / Wolv 2nd Oct,TO BE PLACED,02-10-2012 15:00,4188737,Little Garcon,0,3.950280989,3.78905795870043026661255371107776995552,5.54413144838242701952810589484524886946,6,3.95,1,1001,364.7,6630.56,80.2
106962406,GB / Wolv 2nd Oct,TO BE PLACED,02-10-2012 15:00,4613288,Jamesway,0,6.655841247252392,4.48564079051847463939982551424709837615,4.92018964504303978255072052610635297195,7.2,5,1,1001,97.76,3178.24,26.28
106962406,GB / Wolv 2nd Oct,TO BE PLACED,02-10-2012 15:00,5013870,Clear Praise,0,1.8561241766777674,1.69437335532703683291275575179968327495,1.90992242770819745131699002345116567481,1.88,1.66,2.08,1.85,1694,36437.5,1635.54
106962406,GB / Wolv 2nd Oct,TO BE PLACED,02-10-2012 15:00,5418833,Bubbly Ballerina,0,2.944024024318715,3.09178345416245572846631913668090917347,4.98632767067446544204687628466626622569,4,2.78,5.1,2.12,158.02,10324.16,826.14
106962406,GB / Wolv 2nd Oct,TO BE PLACED,02-10-2012 15:00,5470422,Powerful Wind,0,9.2,9.1152059070210186135086023358909893266,8.58577603727776199606923036466781214742,13.5,9.6,11,1.01,56.84,1802.88,2387.64
106962406,GB / Wolv 2nd Oct,TO BE PLACED,02-10-2012 15:00,5617865,Blanc De Chine,1,5.321704760753056,3.87598723210948313201383487907637954251,5.36815713324250501864857223943513433931,6.2,5.1,1.2,1.2,191.14,4572.42,1371.88
106962408,GB / Wolv 2nd Oct,TO BE PLACED,02-10-2012 15:30,5508005,North Star Boy,0,4.354985669662128,3.30654344971253401124981252398996694764,3.91272905558759100004035164339168446278,4.5,4,4.1,2.74,369.68,8701.82,653.14
106962408,GB / Wolv 2nd Oct,TO BE PLACED,02-10-2012 15:30,5629946,Diamondhead,0,5.319510673,3.78363655152474199437971753833851915236,6.51339198862401447153798940151010344918,5.7,4.7,5.6,3.5,197.92,5725.14,344.9
106962408,GB / Wolv 2nd Oct,TO BE PLACED,02-10-2012 15:30,5666594,Strada Facendo,1,1.7966854493228857,1.76032695099511675885453855822405952844,1.8319010759721744775939481635136074187,2,1.78,2.1,1.8,2863.44,27367.56,2707.2
106962408,GB / Wolv 2nd Oct,TO BE PLACED,02-10-2012 15:30,5689908,Gabrials Gift,0,3.4957705788532447,2.73069141393239834667034858098616070183,2.81060569296739179354603327226174232008,3.65,2.42,1,1001,1057.56,11030.32,231.64
106962408,GB / Wolv 2nd Oct,TO BE PLACED,02-10-2012 15:30,5721836,Fast Finian,1,1.5068776727173283,1.52606634579122818939059240935649017499,1.61394193456336517992775278489894304434,1.67,1.5,1.57,1.43,2581.38,55727.52,4967.98
106962408,GB / Wolv 2nd Oct,TO BE PLACED,02-10-2012 15:30,5776298,Sheikh The Reins,0,7,6.06037633925250338975378349359647171447,9.10181365423498928582597899925188927031,10,5.7,1,1001,152.26,4724.38,24
106962408,GB / Wolv 2nd Oct,TO BE PLACED,02-10-2012 15:30,5789393,Electrician,0,17.129594917315988,10.4619130072983669615032554015157489066,10.2566091032407689070787570978554196968,17.5,8.2,1,1001,211.84,2377.28,45.48
106962408,GB / Wolv 2nd Oct,TO BE PLACED,02-10-2012 15:30,5822509,Cantal,0,2.308863722,2.02992809513054076523737233516773860469,1.98872800535962157438769332627411993693,2.36,2.02,1,1001,954.42,23207.58,1109.66
106962408,GB / Wolv 2nd Oct,TO BE PLACED,02-10-2012 15:30,5957404,Solar Deity,1,2.0912249632373276,2.03038262886960513499217470299706364673,2.14596108589928509024279592682060037467,2.46,2.08,2.02,2.02,369.3,16486.1,1413.92
106962410,GB / Wolv 2nd Oct,TO BE PLACED,02-10-2012 16:00,486054,Nesnaas,0,33.715490927,27.8373862915569984409157473841194451725,10.4199241696104346360011801904994664793,40,19,1,1001,4,532.56,67.2
106962410,GB / Wolv 2nd Oct,TO BE PLACED,02-10-2012 16:00,1335903,Go Amwell,0,5.841903337,6.07902774350555105371641994192350209063,5.85422798038758176125371913850567129128,7.6,5.6,2.26,2.26,110.38,2143.24,625.18
106962410,GB / Wolv 2nd Oct,TO BE PLACED,02-10-2012 16:00,4724638,Captain Sharpe,0,2.2,2.16038445025908315199533731716231808034,1.96262777318864873892191063446217764104,2.38,2,2.14,1.6,110.68,15198.46,3245.76
106962410,GB / Wolv 2nd Oct,TO BE PLACED,02-10-2012 16:00,4801786,Maid Of Silk,0,4.881615297339302,4.46993864996047696433359827832935869675,4.82381080283568001492801276250722748851,5.6,3.75,1,1001,172.6,3826.92,188.96
106962410,GB / Wolv 2nd Oct,TO BE PLACED,02-10-2012 16:00,4898949,Grecian Goddess,0,42.743803106537094,37.7677137927109479121547351065676257015,12.4199303384249356078927918539696907849,50,22,1,1001,4,482.6,22
106962410,GB / Wolv 2nd Oct,TO BE PLACED,02-10-2012 16:00,5647475,Zaahya,1,1.522766946708716,1.60516091342655951072365057565409860271,1.78294890514180634940495830728437638488,1.85,1.5,1.76,1.52,83.84,39444.04,11202.14
106962410,GB / Wolv 2nd Oct,TO BE PLACED,02-10-2012 16:00,5783044,Mahayogin,0,2.515421911877997,2.86155169312500330220449490304240272814,3.35320163447587695427484639737061162119,3.1,2.52,2.7,2.4,114.86,8015.1,1714.58
106962410,GB / Wolv 2nd Oct,TO BE PLACED,02-10-2012 16:00,5862667,Lady Mandy,1,4.643056498290387,4.40588258570825515726045593102716737936,4.07318145118604486088588745561636593082,4.9,4,6,1.01,71.08,3973.98,1500.7
106962410,GB / Wolv 2nd Oct,TO BE PLACED,02-10-2012 16:00,6320690,Imperial Ruby,0,11.69293989257421,8.68750569627767509338073620753386721267,6.29457937362243830138305445886377721434,11.5,7.4,11,11,48.38,1151.3,124.18
106962410,GB / Wolv 2nd Oct,TO BE PLACED,02-10-2012 16:00,6453117,Oh So Charming,0,28.350480851307516,24.0565134587337710264368366497272930328,7.33331872447814220375198334542508321947,34,20,25,25,15,656.82,20
106962410,GB / Wolv 2nd Oct,TO BE PLACED,02-10-2012 16:00,6527141,Blue Dune,1,1.287077196826795,1.2916123370287798120064878669269291065,1.32328423686340282067504328597396671647,1.34,1.25,1.37,1.01,2322.1,52448.72,12621.34
106962412,GB / Wolv 2nd Oct,TO BE PLACED,02-10-2012 16:30,4254,Chancery,1,1.21,1.28425674200311711797819764364749497444,1.74399258409140043727677559525291075542,1.48,1.21,1.15,1.01,338.44,61001.42,6341.16
106962412,GB / Wolv 2nd Oct,TO BE PLACED,02-10-2012 16:30,3399502,Tram Express,0,40,42.2176121343112561659613852094160759683,33.1442105189753943597551527467213155981,60,34,30,30,77.38,472.02,40.02
106962412,GB / Wolv 2nd Oct,TO BE PLACED,02-10-2012 16:30,5281045,Caunay,0,73.88038425348701,49.9998520986631580370265495795333379654,24.113711212732872891649917085425944892,65,32,55,55,16.88,283.04,8
106962412,GB / Wolv 2nd Oct,TO BE PLACED,02-10-2012 16:30,5542870,The Cash Generator,0,78.51037511046286,43.9999054746596021769359608278005360554,20.4658578757613347253110866628056114687,80,30,1,1001,25.2,227.96,8
106962412,GB / Wolv 2nd Oct,TO BE PLACED,02-10-2012 16:30,5681194,Star For Life,0,4.9,4.34089679746521107040255196165739714985,3.59904679826075651491642678738894289436,4.9,3.65,5,5,202.68,3959.86,148.26
106962412,GB / Wolv 2nd Oct,TO BE PLACED,02-10-2012 16:30,5833108,Moonship,0,6.189419370247052,4.90822761767716310080495593668142357777,3.6646103342325108370605506844792422215,5.8,4.6,4,3.9,268.84,2437.58,395.84
106962412,GB / Wolv 2nd Oct,TO BE PLACED,02-10-2012 16:30,5878338,Tadmir,1,2.7231785795607006,3.01612793910754273917344985983471537286,2.71758841583266936653885719446525279696,3.6,2.68,2.76,2.7,126.64,9105.82,2318.54
106962412,GB / Wolv 2nd Oct,TO BE PLACED,02-10-2012 16:30,5901323,Hunt A Mistress,0,9.05466935,6.93107047465677932552599692140703145066,6.01876902745055054192073820181902575283,9,5.2,6,6,101,2707.82,146.92
106962412,GB / Wolv 2nd Oct,TO BE PLACED,02-10-2012 16:30,5926529,Homeric,1,2.0057945262710657,1.95338724554493035366664866834134508504,2.03610567420496192320518805379194275465,2.1,1.8,1.81,1.01,503.86,23068.22,2446.16
106962412,GB / Wolv 2nd Oct,TO BE PLACED,02-10-2012 16:30,6327890,Bridge That Gap,0,51.12186745758984,46.765490850531014377991788149613915178,14.9996528086103464634077074888542764139,70,22,60,60,1,210.24,12
106962412,GB / Wolv 2nd Oct,TO BE PLACED,02-10-2012 16:30,6380929,Infinitum,0,1.2987501386516125,1.28412584517122318041370889190615160424,1.30892947375157680595973913713628807916,1.34,1.24,1.99,1.25,1009.66,53449.48,5578.12
