EVENT_ID,MENU_HINT,EVENT_NAME,EVENT_DT,SELECTION_ID,SELECTION_NAME,WIN_LOSE,BSP,PPWAP,MORNINGWAP,PPMAX,PPMIN,IPMAX,IPMIN,MORNINGTRADEDVOL,PPTRADEDVOL,IPTRADEDVOL
119025955,GB / Fake 31st May,2m Mdn Hrd,31-05-2015 14:30,5738020,Western Way,0,5.1,5.86243076044096950633711629724334958497,8.54152732861301169679335972262360530449,9,5.1,1000,5.2,577.26,73379.64,8189.18
119025959,GB / Fake 31st May,3m Hcap Chs,31-05-2015 15:00,6001899,Troubled,1,13.407408049791702,13.0236139933934334617834871374349665795,15.0092280253844144636810041605566835128,15.5,12.5,85,1.01,442.62,17233.02,57481.94
119025963,GB / Fake 31st May,2m5f Hcap Chs,31-05-2015 15:30,6699048,Benevolent,1,4.673573848,5.22401564001901667933075105574386000937,9.40987840189808597286616587963713974645,9.4,4.6,100,1.01,576.86,68258.02,77031.98
119025967,GB / Fake 31st May,3m Nov Hcap Hrd,31-05-2015 16:00,7222718,Pennies And Pounds,0,10,11.0126339266551888931426611624054094232,13.6485253868962153052842398230078572516,12.5,10,1000,6,152.5,27811.3,5811.62
119025967,GB / Fake 31st May,3m Nov Hcap Hrd,31-05-2015 16:00,9378835,Conas Taoi,0,5,4.24462861347620377149766296609152606087,4.46116667604038444542566229021617561734,7.2,3,1000,4,8441.48,162798.46,19417.74
119025971,GB / Fake 31st May,2m Nov Hcap Chs,31-05-2015 16:30,5629950,Red Seventy,1,3.919865224,3.29674456633762063672953020095724108511,2.33656722582202458788701616550840589551,4,2.24,4.2,1.01,2401.24,148900.8,138171.06
119025971,GB / Fake 31st May,2m Nov Hcap Chs,31-05-2015 16:30,6697286,Town Mouse,0,1.99,2.04371479010252970252746253607200973132,2.51500999758146362842493390892630770904,2.58,1.99,1000,1.87,6276.18,282008.22,75328.28
119026049,GB / Nott 31st May,5f Mdn Stks,31-05-2015 14:15,9466457,Kyllukey,0,12.494162354386535,6.21534409157935429757810333120204064994,4.57721080705903261318914090319246013178,12.5,3.6,1000,6.6,5913.74,93108.64,3231.18
119026053,GB / Nott 31st May,1m6f Hcap,31-05-2015 14:45,6534999,Ivanhoe,0,17.5,18.1554542867414096858484497244602831483,24.7209927886854403821045073593602395666,53.02,17,1000,17,259.66,7623.12,1122.6
119026057,GB / Nott 31st May,5f Hcap,31-05-2015 15:15,8528930,Midnight Destiny,0,24,24.605577267384489501026282931478941403,31.4435762099476996938033261622395592264,30,18,1000,18,56.86,5590.78,464.96
119026057,GB / Nott 31st May,5f Hcap,31-05-2015 15:15,8734994,Pacos Sunshine,0,23,22.1066919580770217340854884223233613892,18.4285657595773656590418543665919725588,26,15.5,1000,11.5,199.38,6513.62,424
119026061,GB / Nott 31st May,5f Hcap,31-05-2015 15:45,6320898,Top Boy,0,16,14.2031134445832616214762900970876545164,15.8044144154718415738159926531210006255,17.36,13,1000,5,1409.08,23542.34,1510.26
119026061,GB / Nott 31st May,5f Hcap,31-05-2015 15:45,8349633,Double Up,1,3.6222140932991893,3.22107515706063824709195654620918629811,2.71205491051853535362422170272239740352,3.9,2.4,5.7,1.01,13507.92,265777.36,87984.56
119026069,GB / Nott 31st May,1m Mdn Stks,31-05-2015 16:45,9536870,My Tringaling,0,160,184.971713980335982186594434382088316986,134.386835206640512334203876835333030345,320,90,1000,240,33.8,1281.4,60.36
119026073,GB / Nott 31st May,1m Hcap,31-05-2015 17:15,8486259,Agadoo,0,38.625473125,31.0436870080725478394752849537178773265,38.6972503699932869363338321918966087145,48,32,1000,20,78.06,7243.24,320.2
119026077,GB / Nott 31st May,1m2f Hcap,31-05-2015 17:45,4988176,Red Inca,0,5,4.30736652134022884950168531998003261332,4.21196920007821765838231230854337437192,5.2,3.65,1000,2.2,371.48,140153.82,23620.32
119026077,GB / Nott 31st May,1m2f Hcap,31-05-2015 17:45,5898747,Trader Jack,1,11.5,10.5372411995787552220690042105664722989,15.9353942268158392067909031798496839317,17.67,10,34,1.01,134.36,32058.56,41374.76
119025975,GB / Fake 31st May,2m4f Hcap Hrd,31-05-2015 17:00,4041971,Royal Etiquette,0,11.5,10.0070519678742196488460439253135378702,8.54858532266571671685058935626377875993,15,7.8,1000,11.5,270.92,38162.6,2704.88
119025959,GB / Fake 31st May,3m Hcap Chs,31-05-2015 15:00,4599810,Royaume Bleu,0,12.384769795132161,11.3818598849721432812691013737501016233,12.8741428161008574159705305307843151569,14,9.6,1000,2.22,188.82,27145.7,27484.22
119026049,GB / Nott 31st May,5f Mdn Stks,31-05-2015 14:15,9536866,Dhahmaan,1,4.455453325224099,5.71532109218096631619774732015949403455,10.1247613965078029150931076813134274912,12.5,4.2,12,1.01,3751.34,110205.26,30360.56
119026057,GB / Nott 31st May,5f Hcap,31-05-2015 15:15,8752479,Pancake Day,0,10.5,11.0218632890895505070166674134740956511,14.6145989841980623491766895289203405523,15.52,9.8,1000,8.4,356.22,24677.4,718
119026061,GB / Nott 31st May,5f Hcap,31-05-2015 15:45,7450480,It Must Be Faith,0,8.638718816531476,8.3524528925996045583708068048725771062,15.0661028699398092648387916357610375052,16.88,7.2,1000,6,807.54,84010.14,2699.38
119026061,GB / Nott 31st May,5f Hcap,31-05-2015 15:45,840665,Borderlescott,0,18,17.3200690245487637521563855016129840738,16.543386011116654134356002048599990949,28,15.43,1000,8,712.16,17003.16,1041.6
119026069,GB / Nott 31st May,1m Mdn Stks,31-05-2015 16:45,8760183,Spirited Acclaim,0,11,12.2098190873683645428760814228437127293,13.4226509828000302452409935700221466715,15,10,1000,9.6,318.14,26860.94,1419.9
119026069,GB / Nott 31st May,1m Mdn Stks,31-05-2015 16:45,8850785,Poppet Rocket,0,21.155643343,24.3742616614370066832271391082785247207,29.4108785458923932112820274552005124744,32,20,1000,19.5,126.7,9309.22,913.46
119026069,GB / Nott 31st May,1m Mdn Stks,31-05-2015 16:45,9405313,Freedom Rock,0,6.27522653616443,7.48736441873379767863540197353702412605,10.1059707242827154416796835452862002132,14,6.2,1000,6.4,5074.28,58137.1,2989.62
119026073,GB / Nott 31st May,1m Hcap,31-05-2015 17:15,8622823,Charlottes Secret,0,7.472804464386499,6.98996843993887569995973664138958194133,6.69859927316642165624031029354037100941,8.2,7,1000,5,498.3,50688,2716.58
119026073,GB / Nott 31st May,1m Hcap,31-05-2015 17:15,8772626,Albecq,0,38.953357928289044,31.9976075361696529175252213846830111718,26.3784401523319798387233722539669856161,760,24,1000,20,111.12,6383.14,334.42
119026077,GB / Nott 31st May,1m2f Hcap,31-05-2015 17:45,5626993,Greyemkay,0,12.517412929,12.1502883329888983963925781944942638127,21.5635569220468435302985480900883737365,19,12,1000,9.2,63.82,23714.94,1729.86
119026077,GB / Nott 31st May,1m2f Hcap,31-05-2015 17:45,7267832,Lynngale,0,12,12.2940339809348121988900392907048693644,11.698636924170310328495785640468736558,17.5,10.5,1000,12.5,150.9,18124.02,868.58
119026077,GB / Nott 31st May,1m2f Hcap,31-05-2015 17:45,8709403,Front Run,0,5.920860672332999,5.39413412805561034417690622023487000953,7.02960375977777804561861170696124910167,8.54,4.8,100,1.37,396.42,79572.54,26636
119025975,GB / Fake 31st May,2m4f Hcap Hrd,31-05-2015 17:00,2384702,Samizdat,0,95,79.5572376984268162962186288086492491442,102.583992538440954090166112522129696924,140,65,1000,90,19.26,3677.48,317.86
119025975,GB / Fake 31st May,2m4f Hcap Hrd,31-05-2015 17:00,3655957,Owner Occupier,0,9.864548704336418,7.89929023371690879129185396369672638609,6.63297952681220183351797885121260893466,10.5,6.2,1000,7.6,995.78,37650.44,4096.14
119025975,GB / Fake 31st May,2m4f Hcap Hrd,31-05-2015 17:00,5736421,Volcanic Jack,0,3.918627752,4.27504523105557519032994476801735838812,8.87759931387248621183093379906130884966,11,3.9,1000,3,916.14,158305.76,26764.14
119025955,GB / Fake 31st May,2m Mdn Hrd,31-05-2015 14:30,7712756,Mountain Fighter,1,4.548774427,3.67771843792536119228963674073370985945,3.1854416617056126208296961416402681533,4.6,3,42,1.01,4523.92,119753.76,105879.2
119025955,GB / Fake 31st May,2m Mdn Hrd,31-05-2015 14:30,7364744,Nifty Kier,0,110,107.026645239935582205825144823801501917,110.546096355832452478913385803814254981,259.26,55,1000,18,32.24,3937.18,3328.44
119025959,GB / Fake 31st May,3m Hcap Chs,31-05-2015 15:00,5212475,Next Exit,0,85,60.1103439741773177704056886172547925375,46.8553873087122825718033813258397280113,85,38,1000,13,51.78,4464.04,2960.08
119025959,GB / Fake 31st May,3m Hcap Chs,31-05-2015 15:00,1532476,La Madonnina,0,4.490282952158776,3.89400994965345540083469789580294523695,3.3307646324948892394373277548701759591,5.1,3.2,1000,1.07,5433.44,212706.16,152817.5
119025963,GB / Fake 31st May,2m5f Hcap Chs,31-05-2015 15:30,3680063,Buck Mulligan,0,7.6,6.53873822080391618760108178925861312791,5.7287330884784565781447429505424214971,8,5.4,1000,3.3,1194.38,73295.8,17419.2
119025963,GB / Fake 31st May,2m5f Hcap Chs,31-05-2015 15:30,4856723,Freckle Face,0,11,10.9980277955735875379643314171830667854,10.0142055001500315434140850037393219655,13.5,9.6,1000,4.9,423.62,35376.46,9799.36
119025967,GB / Fake 31st May,3m Nov Hcap Hrd,31-05-2015 16:00,4363561,Dynamic Idol,0,17,15.384974006211937012366981867536999073,12.0280767247415014376607698936045169311,19,10.5,1000,2.5,192.38,14076.1,13332.56
119026049,GB / Nott 31st May,5f Mdn Stks,31-05-2015 14:15,9536868,Wilsons Ruby,0,9.2,13.8789657926639424673590288815783404523,30.5740144457450554638425320649509712548,55,9.2,1000,7,561.42,26365.82,1465.16
119026053,GB / Nott 31st May,1m6f Hcap,31-05-2015 14:45,6705548,Song Light,1,7.2,7.25763865640488459701366133391594859639,7.23709709305163918839946279064208444738,9.8,6.55,15,1.01,3745.94,44069.76,46478.58
119026053,GB / Nott 31st May,1m6f Hcap,31-05-2015 14:45,3924973,Hallstatt,0,16.363913382242902,13.3969590279881735220060860077433507096,11.3073295713052946158893911499313861282,18,11.5,1000,10,1100.86,14243.5,1665.96
119026053,GB / Nott 31st May,1m6f Hcap,31-05-2015 14:45,3171956,Russian George,0,290,171.920138251616122917160475157211140405,57.0929198982418420118925390301390330761,340,55,1000,290,58.18,1631.3,251.88
119026053,GB / Nott 31st May,1m6f Hcap,31-05-2015 14:45,4659230,Eshtyaaq,0,15.724189733735878,13.9635871174212779819460911398927459041,20.7296163316734595392270933207457010962,30.85,12.5,1000,4.5,293.16,16748.6,2963.58
119026065,GB / Nott 31st May,1m Mdn Stks,31-05-2015 16:15,9536869,Celestial Fire,0,36.847105099432525,44.4358685532188922486252379096913340384,48.6038289901236431532598113786162973152,95,27,1000,17.5,125.68,7873.68,1120.56
119026057,GB / Nott 31st May,5f Hcap,31-05-2015 15:15,8797730,Zebelini,0,18.17434655018733,17.3304779781423084552063204015856507708,20.7962426423771479419143174268413883603,30,15,1000,32,102.62,9806.04,289.8
119026057,GB / Nott 31st May,5f Hcap,31-05-2015 15:15,8762800,Bounty Bah,0,65,48.470810408530657303581703296019062044,29.8139731914582698424675640281536398429,70,34,1000,55,82.32,3217.84,75.98
119026057,GB / Nott 31st May,5f Hcap,31-05-2015 15:15,8843103,Desert Apostle,0,148.013872619,154.472405765953758260602190184542718835,66.0759882981101463684094260718548274772,190,53.35,1000,120,37.98,1683.9,277.88
119026061,GB / Nott 31st May,5f Hcap,31-05-2015 15:45,5570596,Free Zone,0,12.921769135466203,10.8259304234140239823634977144631894384,16.6278262396093052634443050061283691052,15.91,10.5,1000,7.8,636.26,40403.82,1336.06
119026069,GB / Nott 31st May,1m Mdn Stks,31-05-2015 16:45,8910417,Stella Etoile,0,10.032587247428015,11.2522012694173520725145439780070183367,9.27445270380302842810499475971449993772,14,9,1000,5.2,765.36,26329.42,2480.26
119026073,GB / Nott 31st May,1m Hcap,31-05-2015 17:15,8869373,Kawaii,0,4.897422395,4.71802821429138816471938622936687549351,6.16136340343388468738168511444397686494,7,4.6,1000,4.9,2705.04,135817.26,8834.34
119026077,GB / Nott 31st May,1m2f Hcap,31-05-2015 17:45,4749127,Jamaica Grande,0,7,6.67799564086869807980559576951122160731,5.93923399552663463838362334163917054783,7.8,5.5,1000,2.12,450.94,57751.42,9813.34
119026077,GB / Nott 31st May,1m2f Hcap,31-05-2015 17:45,8687024,Dakota City,0,12.5,12.1198652915972943967704454400983947309,11.7827788494854147031435400378373110838,16.93,9.94,1000,25,589.16,25108.14,544.7
119025955,GB / Fake 31st May,2m Mdn Hrd,31-05-2015 14:30,8525816,Ley Lady Grey,0,27.556567253171302,28.9359840225253938237291921366315992551,39.8836976424628812450245253033029517456,48,22,1000,18,78.76,15219.44,2410.02
119025959,GB / Fake 31st May,3m Hcap Chs,31-05-2015 15:00,5040978,See You Jack,0,8.465789285880511,8.92095103971486529346593022976531866128,9.02674998295296255381856280606412912117,10.5,7,1000,6,231.28,33246.7,4414.9
119025959,GB / Fake 31st May,3m Hcap Chs,31-05-2015 15:00,8244532,Lord of The Dunes,0,11.5,10.9855953777068872074117002303960213377,11.5643290984678672603829376390005672696,12.5,9.8,1000,5.1,425.02,19535.16,10793.86
119025967,GB / Fake 31st May,3m Nov Hcap Hrd,31-05-2015 16:00,7572683,Looks Like Magic,0,8.4,8.47481892066400382447327648010019489084,9.73508638375746813575456859191087874319,11.5,7.6,1000,7.6,290.66,36147.94,6261.72
119025967,GB / Fake 31st May,3m Nov Hcap Hrd,31-05-2015 16:00,9111696,Breezy Kin,0,3.9201609822794357,4.1971185233423378653172321652447125033,4.45680048829891605719834478055082662835,6,3.65,1000,2.08,1403.88,117875.92,55863
119026049,GB / Nott 31st May,5f Mdn Stks,31-05-2015 14:15,9489766,Pink Ice,0,323.9985523401847,252.597684088904759216820678105616723118,203.987370739122218865721563671696496032,380,170,1000,260,28.08,1330.74,137.86
119026049,GB / Nott 31st May,5f Mdn Stks,31-05-2015 14:15,9421105,Tutill,0,186.809385349,141.313778223337280440869478915453204773,190.593613796129285330741440884474301323,320,100,1000,100,38.68,2207.92,77.52
119026049,GB / Nott 31st May,5f Mdn Stks,31-05-2015 14:15,9464316,Captain Gerald,0,501.13849128786467,288.328608756542440393203779949836928731,169.057229521060364299816922972182004451,550,100,1000,440,47.34,1266.74,106.08
119026053,GB / Nott 31st May,1m6f Hcap,31-05-2015 14:45,6893420,Hurry Home Poppa,0,4.6,4.19498827119863265156543702425035488782,5.00793492227709207717494506016329831308,5.59,3.9,800,2,6033,146527.96,27785.36
119026065,GB / Nott 31st May,1m Mdn Stks,31-05-2015 16:15,8892207,Sea Scent,0,19.232420197599637,20.8574232208130047646889631798634666778,31.816539430728395209761003705889559344,44,16,1000,15.5,419.76,20185.18,2710.92
119026065,GB / Nott 31st May,1m Mdn Stks,31-05-2015 16:15,8986110,Lovely Surprise,1,4.7,4.9324805912252769149477866166540777916,8.09798480715180688176626892455301530295,8.6,4,7,1.01,1769.22,108426.84,61620.02
119026065,GB / Nott 31st May,1m Mdn Stks,31-05-2015 16:15,8772639,Oakley Girl,0,84.49076410613951,131.815152130251044659118620161467349197,220.022711916475697299400390343236451898,394.48,65,1000,60,10.92,2661.8,175.6
119026065,GB / Nott 31st May,1m Mdn Stks,31-05-2015 16:15,5832239,Rive Gauche,0,2.5817918465356158,1.88844667407663712583452622088048441711,1.44850673197085464982745473186637570675,2.62,1.39,1000,1.86,17665.72,649653.14,45990.12
119026065,GB / Nott 31st May,1m Mdn Stks,31-05-2015 16:15,9483439,Verulamium,0,1000,773.685470493300448190986039769550188605,455.93308561421058623477291875961408925,1000,410,1000,480,20.64,829.58,247.52
119026065,GB / Nott 31st May,1m Mdn Stks,31-05-2015 16:15,9084752,Lemoncetta,0,3.8370789234662874,5.7099906744575438346875163297153824968,10.9724595929184391220057163535446828128,12,3.75,1000,2.22,1266.2,89004.84,11234.96
119026057,GB / Nott 31st May,5f Hcap,31-05-2015 15:15,8632315,Frank The Barber,0,28.059633621238163,27.3652322086658620021983316760420251346,21.1566610158762352076751864755056081399,38,18,1000,24,96.78,6889.9,203.34
119026057,GB / Nott 31st May,5f Hcap,31-05-2015 15:15,8698315,Candlelight,0,8,6.74943491058485599610077337795462814775,5.71824851211898974253571566670964726088,7.8,4.95,65,1.38,5494.84,59259.48,35102.26
119026061,GB / Nott 31st May,5f Hcap,31-05-2015 15:45,4356558,Burning Thread,0,12.569920544,10.4966404892350894378940365302213535024,9.76963881896427323648402427550679617931,14.5,8.1,310,13.5,5660.34,50188.08,968.84
119026069,GB / Nott 31st May,1m Mdn Stks,31-05-2015 16:45,8861774,Loudly,0,44,54.705910361440476116953745684501285422,66.4297059267112500657439217287050202814,140,38,1000,50,74.98,4756.24,190.7
119026073,GB / Nott 31st May,1m Hcap,31-05-2015 17:15,8884823,Lone Star Boy,0,9.057605652640628,8.7897780216772593197950986233728932578,11.0339230541527987144346587177552531098,11,8.4,1000,4.5,190.74,28735.84,2128.06
119025975,GB / Fake 31st May,2m4f Hcap Hrd,31-05-2015 17:00,3799442,Occasionally Yours,1,6.020817212823616,6.3233512663925868888489504101555172032,6.45232085576144732533861372004169285451,7.6,6,8.2,1.01,352.82,61261.86,82684.92
119025955,GB / Fake 31st May,2m Mdn Hrd,31-05-2015 14:30,7539762,Satin Waters,0,722.761040018787,501.343229075871297637069430896340391493,192.865208380332006835433048287812012197,900,129.63,1000,660,19.62,1329.66,77
119025959,GB / Fake 31st May,3m Hcap Chs,31-05-2015 15:00,3536504,No Principles,0,48.168917134601784,36.8699855813376796372534059397569770542,31.2182123011448892294468845159885145521,55,25,1000,3.05,80.72,4658.56,13308.04
119025963,GB / Fake 31st May,2m5f Hcap Chs,31-05-2015 15:30,6446887,Benefit Cut,0,5.2,4.15051611017388663871731658809964375355,4.81869379589745000202646267593381798584,5.5,3.4,1000,3.5,6657.18,156655.94,25450.56
119025967,GB / Fake 31st May,3m Nov Hcap Hrd,31-05-2015 16:00,4948368,John Biscuit,0,15.5,20.0362104998161182403923902421514209906,23.4163363055552448862390993126698720822,40,14.5,1000,6.2,128.36,14661.96,20568.98
119025967,GB / Fake 31st May,3m Nov Hcap Hrd,31-05-2015 16:00,5072532,Strangelittlegirl,0,150,114.09160138536265990518857254747861243,41.323745892614041545530197665665908925,170,42,1000,120,63.9,2547.3,677.22
119025971,GB / Fake 31st May,2m Nov Hcap Chs,31-05-2015 16:30,3409581,Jonnie Skull,0,4.5,4.0879644663723091682205849876672055867,5.96052931359857867744359488373777273735,6,3.85,1000,1.36,1117.84,126726.46,79244.02
119026049,GB / Nott 31st May,5f Mdn Stks,31-05-2015 14:15,9515262,Lady Joanna Vassa,0,29,23.8894125986890236657667651807198771524,15.4484832234117256799762587070717817266,36,14,1000,18.5,1645.2,11992.5,588.2
119026053,GB / Nott 31st May,1m6f Hcap,31-05-2015 14:45,7664402,Coconell,0,96.91770103219548,59.4395710644885089921267949812106823239,66.602689596917029031209235669699601557,110,48,1000,85,74,2295.24,74.62
119026053,GB / Nott 31st May,1m6f Hcap,31-05-2015 14:45,7122046,Guising,0,27.74492583046809,27.8805631639678192863078145344601064214,52.2676176382416526384278275402199459859,106.04,26,1000,26,84.56,6088.46,374.04
119026061,GB / Nott 31st May,5f Hcap,31-05-2015 15:45,6356577,Harrogate Fair,0,9.8,9.68545572341386604442375929164403426398,14.5909261797936431387288628140168550994,18,9,1000,8,1173.48,33810.9,965.62
119026069,GB / Nott 31st May,1m Mdn Stks,31-05-2015 16:45,8902715,Bella Nouf,0,4,3.60173445948371837329911334720498647403,4.08171692211844710966782465198914706743,4.3,3.2,1000,2.26,2590.7,244360.94,15475.02
119026069,GB / Nott 31st May,1m Mdn Stks,31-05-2015 16:45,9495971,Muwalaah,0,29.111582772367647,35.0669143211681750700493696134382669152,18.5966179631588837878264444263088022995,46,26,1000,21,171.74,6600.04,827.22
119026073,GB / Nott 31st May,1m Hcap,31-05-2015 17:15,8472477,Ivors Involvement,1,15,14.3063679183102320468881232034986482632,10.9669969108830366153589194012550992935,19,9.4,15,1.01,279.26,14567.4,45661.78
119026073,GB / Nott 31st May,1m Hcap,31-05-2015 17:15,8672973,Percys Lass,0,13,11.5507888725130134419657589948962585167,11.9891003295877175557859940627100437092,17,8.4,1000,10,484.92,28809.72,854.04
119026073,GB / Nott 31st May,1m Hcap,31-05-2015 17:15,8688420,Zamperini,0,28,23.4029525519510699933456123002201840702,43.4065308560207642785773160111084921761,65,20,1000,7.2,74,8266.72,1753.74
119026073,GB / Nott 31st May,1m Hcap,31-05-2015 17:15,8698326,Snappy Guest,0,7.546517521,6.91723001354858445181541498866024180771,8.60401152068363889401031010820997819448,8.6,6.6,1000,1.71,648.58,53975.6,16594.98
119025975,GB / Fake 31st May,2m4f Hcap Hrd,31-05-2015 17:00,4187189,Monroe Park,0,23.932526261470336,21.9390020517611567116525254596672983691,23.385869626332992992529008954292272589,27,19.5,1000,2.6,97.16,13493.18,18160.94
119025975,GB / Fake 31st May,2m4f Hcap Hrd,31-05-2015 17:00,6375609,Riddlestown,0,5.707816333828349,5.18930910085629443948276430613862617194,4.12301788311034590259072740957378416374,6,3.95,1000,4,1435.48,127018.2,15002.5
119025955,GB / Fake 31st May,2m Mdn Hrd,31-05-2015 14:30,7732556,Createur,0,3.6434718093765874,3.17839798171789343332364871914424051408,3.00428606012325350559428819508323061129,3.65,2.88,1000,1.7,6569,204729.74,42852.72
119025955,GB / Fake 31st May,2m Mdn Hrd,31-05-2015 14:30,7416211,All Together,0,3.85,4.20115890053323646011299200430441677067,5.06247736053205725007672342943794031264,5.6,3.8,310,1.09,1631.08,70333.42,77767.18
119025959,GB / Fake 31st May,3m Hcap Chs,31-05-2015 15:00,5606208,The Society Man,0,6.644298443218219,5.88109072042892025883460982245671922821,7.34523107668355037813092939088244536122,9,5.3,1000,7.4,2025.52,72296.32,10507.56
119025959,GB / Fake 31st May,3m Hcap Chs,31-05-2015 15:00,6985707,Veauce De Sivola,0,27,20.3929262063450011405794343029520605892,18.4371358683739120266365257818806164537,28,17.5,1000,17.5,269.48,13521.58,1796.08
119025963,GB / Fake 31st May,2m5f Hcap Chs,31-05-2015 15:30,8448516,Abricot De Loasis,0,7.2,5.96751307710376353978320211303126026639,5.03996943213214512344337192091121141445,7.4,3.7,1000,6.8,2223.74,53496.7,5886.18
119025967,GB / Fake 31st May,3m Nov Hcap Hrd,31-05-2015 16:00,7272313,Canarbino Girl,0,12.5,11.6487585510574525012465428227641086091,7.8349121216169249479958963890192807012,13,6.8,1000,10.5,829.82,33193.16,3651.52
119025967,GB / Fake 31st May,3m Nov Hcap Hrd,31-05-2015 16:00,8445618,Raid Stane,0,10.427905546,9.5018462416958460679051980670085976437,10.3791269061342357276472279532177557281,11,8.4,1000,9.8,825.4,30784.76,2692.52
119026049,GB / Nott 31st May,5f Mdn Stks,31-05-2015 14:15,9536867,Sandahl,0,10,8.58024877513430372615374960523854829431,11.8170223226869042968913288196799986814,12.5,7.8,1000,10.5,1761.8,34749.98,1007.7
119026053,GB / Nott 31st May,1m6f Hcap,31-05-2015 14:45,7700043,Oracle Boy,0,10,9.27131879803802702039202838550383438513,9.25003066045341615411525640790970530069,12.5,7.9,270,9,2768.3,25958.08,2388.32
119026053,GB / Nott 31st May,1m6f Hcap,31-05-2015 14:45,7578918,Bold Runner,0,7.4,6.47004731055140526572977017909265662052,7.70952299268103864583854027772398875504,8.68,6,1000,2.1,1098.54,54564.72,12915.22
119026053,GB / Nott 31st May,1m6f Hcap,31-05-2015 14:45,5445028,Daring Indian,0,29.335303496,23.1217164369615058261156319688219805929,27.1626152089884232080200260513625729229,34,21,1000,19,592.16,7662.8,545.44
119026053,GB / Nott 31st May,1m6f Hcap,31-05-2015 14:45,6962338,El Massivo,0,12,9.94062024615607511459326794237012418375,8.32328423139383974751833900354073303031,13.5,7,800,1.3,843.26,36910.36,27234.88
119026065,GB / Nott 31st May,1m Mdn Stks,31-05-2015 16:15,9328104,Mudammera,0,25.531664649836678,24.7119541155968780493069805122181370307,34.2759184283554173943935663826592342636,48,22,1000,15.5,146.04,13076.5,1164.66
119026065,GB / Nott 31st May,1m Mdn Stks,31-05-2015 16:15,9407969,Orange Bloom,0,120.73212995489362,150.634282353942247077721353044198132877,72.6416240327598240765413530054816482646,250,38,1000,95,66.36,2840.32,434.3
119026057,GB / Nott 31st May,5f Hcap,31-05-2015 15:15,8506229,Swift Susie,0,60,51.8036775377370579915864046025866399475,29.5729681580926640560868275451749149314,65,31.04,1000,50,136.76,3190.66,119.88
119026057,GB / Nott 31st May,5f Hcap,31-05-2015 15:15,8669089,Belle Nellie,0,5.959417451858294,6.2418778478190377038982762116090767429,6.21649435957219104204865922868029810988,6.79,5.7,1000,5,5082.24,94339.78,4015.02
119026057,GB / Nott 31st May,5f Hcap,31-05-2015 15:15,9269703,Winn Lily,0,16,14.9850687683349263754458059463991497668,17.3796912851386808280925459198738873409,21.34,13.5,1000,1000,323.8,12906.5,243.88
119026061,GB / Nott 31st May,5f Hcap,31-05-2015 15:45,7327229,Sleepy Sioux,0,27.909977780290216,23.825934063999387158723460764414744402,37.2924799188174371978052902321505795309,46,25,1000,26,239.72,14583.56,388.22
119026061,GB / Nott 31st May,5f Hcap,31-05-2015 15:45,7179164,Blithe Spirit,0,17,16.0614920757263234353000741308758841508,16.0924685026680009812251786785147164341,24,14.5,1000,12.5,595.2,14016.48,627.7
119026061,GB / Nott 31st May,5f Hcap,31-05-2015 15:45,2124685,Judge n Jury,0,14.897572145540837,12.4739394641516188656899636515447661033,12.0034640066368251851597582803536850416,17.5,9.64,1000,5.5,1693.86,23812.48,2239.22
119026061,GB / Nott 31st May,5f Hcap,31-05-2015 15:45,5696467,Rusty Rocket,0,14.957288216676094,14.5325605837017815236166178401072859535,15.733462135328762950760832193620915405,24,11.64,1000,13.5,828.1,16581.48,843.74
119026077,GB / Nott 31st May,1m2f Hcap,31-05-2015 17:45,7253680,Bajan Rebel,0,26.271132042,23.4825588263877342757571027122354953671,17.7968559080211874783737594643606402285,40,17,1000,14.5,69.38,9480.94,1556
119026077,GB / Nott 31st May,1m2f Hcap,31-05-2015 17:45,8752468,Jethou Island,0,8.516067516151704,8.19821186998991426167071829780952914082,9.88335915179902022404735480482084897465,10.5,7.8,1000,3.8,188.08,36758.32,5130.18
119025975,GB / Fake 31st May,2m4f Hcap Hrd,31-05-2015 17:00,3146101,Weybridge Light,0,8.8,8.63545837865097538728797441266774428171,7.58405403768023883706110830714038055751,11,7.2,1000,3,593.94,40447.14,18151.84
119025975,GB / Fake 31st May,2m4f Hcap Hrd,31-05-2015 17:00,6923613,Indiefront,0,55,46.3074197632992345880124804136378404644,36.4210204284770016001689485583236741567,70,32,1000,50,77.02,4499.02,640.2
119025963,GB / Fake 31st May,2m5f Hcap Chs,31-05-2015 15:30,2728724,Passato,0,32,24.268515797669103357216570122088680784,21.4434821953901081861926252457399387469,36,21,1000,12,137.76,15585.76,3337.2
119026049,GB / Nott 31st May,5f Mdn Stks,31-05-2015 14:15,9536865,Ajaya,0,3.1007386771180245,2.86626007523288527058519403664048855298,2.57924161280897193284777265885073667454,3.5,2.18,1000,1.4,22743.7,275838.22,28816.96
119026049,GB / Nott 31st May,5f Mdn Stks,31-05-2015 14:15,9436854,Memyselfie,0,362.05874554657737,253.119273355077346144310196832330901664,162.891639823165958006208129214540100094,500,110,1000,360,48.24,1599.96,15.4
119026053,GB / Nott 31st May,1m6f Hcap,31-05-2015 14:45,6253843,Teenage Dream,0,32.34734159735656,28.4415972770590898170668321678360035283,35.6218999097127147587192753103728435861,40,21,1000,20,120.26,6552.36,709.58
119026053,GB / Nott 31st May,1m6f Hcap,31-05-2015 14:45,6630536,Agreement,0,34.25814306159154,26.8131926435657255649603190839155322046,32.3046192696823573209755469242459743479,96.4,24.1,1000,29,307.72,6834.32,312.78
119026057,GB / Nott 31st May,5f Hcap,31-05-2015 15:15,8645251,Ya Halla,1,20.115885724156037,23.1153346834207564507142538959522350782,24.8734628404065545225047067957491673131,25.22,20,20,1.02,137,7976.62,34493.02
119026057,GB / Nott 31st May,5f Hcap,31-05-2015 15:15,8846154,Perfect Peak,0,11.406203551887593,10.4579917609615797720899174750843647988,8.43414087087244984171636285689804542541,13.5,7.31,1000,8.6,829.92,38192.56,926.22
119026069,GB / Nott 31st May,1m Mdn Stks,31-05-2015 16:45,8860911,Figment,0,3.588780232328199,3.50176249272235615401836410819090240236,2.99064700292312008564232610181997407656,4.2,2.86,110,1.09,7267.28,231350.22,80951.06
119026069,GB / Nott 31st May,1m Mdn Stks,31-05-2015 16:45,8815406,Perdurable,0,183.44743108575815,202.105625100911191289957795699423726507,207.617675790125366242466308523012799588,380,100,1000,180,29.4,1082.82,52.96
119026069,GB / Nott 31st May,1m Mdn Stks,31-05-2015 16:45,8892199,Intimation,1,24.165638177,28.1952632563874250998863922295978031779,28.1920030983350886014122315279716938038,40,21,800,1.01,145.86,9515.98,29907.26
119026073,GB / Nott 31st May,1m Hcap,31-05-2015 17:15,2270100,Looking Good,0,12.280171561201568,10.7753663963006298381679344826880073721,9.80683870201549493232536895400386988304,12.5,9.2,1000,11,767.68,23831.1,889.22
119026073,GB / Nott 31st May,1m Hcap,31-05-2015 17:15,8545943,Lady Mascot,0,32,24.1433027109517982203610038164020895103,20.1234784307462578930643377639351198698,36,15.5,1000,11,205.8,9834.26,670.92
119025975,GB / Fake 31st May,2m4f Hcap Hrd,31-05-2015 17:00,6756963,Storm To Pass,0,19,17.6020385853950316848776517730089989233,29.4715335679749220754387789181079638749,34,17,1000,11.5,58.08,11145.96,1895.94
119025955,GB / Fake 31st May,2m Mdn Hrd,31-05-2015 14:30,5930657,Sunny Bank,0,800,493.938051801237592036784457606641907873,155.731345973662790750409916221687736485,930,90,1000,8.6,26.9,852.98,1976.06
119025959,GB / Fake 31st May,3m Hcap Chs,31-05-2015 15:00,6397660,Gale Force Oscar,0,5.153632307513327,5.35610736649966930023947153624776144114,7.54215868640400375738965647964476010134,9,4.8,1000,4.5,2906.8,75867.12,3743.84
119025963,GB / Fake 31st May,2m5f Hcap Chs,31-05-2015 15:30,7275384,Unknown Legend,0,4.7,5.25459953140960332160653440795693023808,5.43093621842244910952942747130877041904,7.6,4.6,1000,1.09,1292.82,63624,126343.34
119025967,GB / Fake 31st May,3m Nov Hcap Hrd,31-05-2015 16:00,8112878,Izbushka,1,56.095472953,55.670922716153782979883240435107256604,70.9741387277000703518793817083039510102,100,46,80,1.01,34.52,5099.78,85314.86
119025971,GB / Fake 31st May,2m Nov Hcap Chs,31-05-2015 16:30,4901852,Radsoc De Sivola,0,70.64526213184558,92.6961880826205820974487917617850974324,181.590077450027691264658052948656217729,260,65,1000,55,79.94,7335.22,1223.98
119026049,GB / Nott 31st May,5f Mdn Stks,31-05-2015 14:15,9536864,Adham,0,7.475998115436995,7.47157162973719148301749701245367764859,7.7342470187657775941410205923388707339,10.5,7,1000,3.1,3713.36,39207.66,4420.38
119026057,GB / Nott 31st May,5f Hcap,31-05-2015 15:15,8443702,Air of York,0,15,18.030304220104860633051390592957608494,24.7414924656598131564367956297686115557,25,14.5,1000,1.35,98,8404.86,21288.18
119026057,GB / Nott 31st May,5f Hcap,31-05-2015 15:15,8933284,Samsamsam,0,9.272458872288986,8.67171256123461197576609934457928925466,11.1223578761055039988518087888918411487,14.07,7.4,1000,8.6,1292.74,63016.7,1413.34
119026073,GB / Nott 31st May,1m Hcap,31-05-2015 17:15,8486271,Whoopie Do,0,104.52577037238518,59.3013644666687047836153406810263847098,59.6459322023822008985827593240919642343,120,38,1000,44,106.24,4697.08,352.16
119026073,GB / Nott 31st May,1m Hcap,31-05-2015 17:15,8665839,Dark Wonder,0,13.5,12.9538324703955541288030732635999308347,10.3461014118591694064255028886504431875,17,12,1000,6,162.46,14305.96,3345.38
