EVENT_ID,MENU_HINT,EVENT_NAME,EVENT_DT,SELECTION_ID,SELECTION_NAME,WIN_LOSE,BSP,PPWAP,MORNINGWAP,PPMAX,PPMIN,IPMAX,IPMIN,MORNINGTRADEDVOL,PPTRADEDVOL,IPTRADEDVOL
141695662,GB / ChelmC 22nd Mar,Sharp Operator v Tilsworth Lukey,22-03-2018 18:15,12673041,Tilsworth Lukey,1,,1,1,1,1001,1,1001,0,0,0
141695754,GB / ChelmC 22nd Mar,King Kevin v Van Huysen,22-03-2018 18:45,9147797,Van Huysen,0,,1,1,1,1001,1,1001,0,0,0
141581337,GB / ChelmC 22nd Mar,7f Hcap,22-03-2018 17:45,8452036,Be Bold,0,19.5,17.225241222865824322760358967227896154,19.6332342979877182992043683529846149258,27,18.5,1000,11,116.1,11488.26,1561.48
141581362,GB / ChelmC 22nd Mar,6f Hcap,22-03-2018 20:15,12395,Clear Water,0,5.92105104014268298185,5.69355912594728914716995511043941711526,4.40262621447650422193661896349851938114,6.53,4.08,1000,3.7,1895.8,41260.68,3838.3
141581352,GB / ChelmC 22nd Mar,1m Hcap,22-03-2018 19:15,4673892,Loyalty,0,5.787686644861277,6.34480785312927455276586294108668873358,8.61706455327582128946312769498686836474,9,5.4,1000,4,766.34,55759.62,4843.2
141581352,GB / ChelmC 22nd Mar,1m Hcap,22-03-2018 19:15,7342613,Pearl Spectre,0,9.4,9.09833370514401794220653633070831122331,6.59720942876921591733066505110193338881,11.5,6,1000,1.7,1158.56,43400.82,16522.14
141581352,GB / ChelmC 22nd Mar,1m Hcap,22-03-2018 19:15,11538829,Zefferino,0,4.9,4.76585479659206662926876662238903393269,8.30336959940404067547288625569750269563,9.4,4.2,1000,2.4,1230.82,115519.66,10479.32
141581357,GB / ChelmC 22nd Mar,6f Nov Stks,22-03-2018 19:45,13446054,Kion,1,2.904066668725882,2.94362368520248210342836653303858947233,2.96689461749816162785896141205495721409,3.6,2.52,2.82,1.01,2582.08,356442.42,78704.64
141676336,GB / ChelmC 22nd Mar,Without Nonios,22-03-2018 18:45,11614116,Blue Rocks,0,,1,1,1,1001,1,1001,0,0,0
141581367,GB / ChelmC 22nd Mar,5f Hcap,22-03-2018 20:45,8756228,Just Us Two,0,13.685784480693396,14.4303591562827156994919212819273472679,15.4762730461675263595585439913572715135,23,10.5,1000,15.5,81.3,26231.04,619.42
141671842,GB / Wolv 22nd Mar,The Juggler v Cockney Boy,22-03-2018 15:50,10148685,The Juggler,1,,1,1,1,1001,1,1001,0,0,0
141581387,GB / Wolv 22nd Mar,1m1f Hcap,22-03-2018 15:50,11493451,Deleyll,1,6.770064942662284,8.00879294324597012289893357372144465658,9.61153598969996471705149492397675552814,13.5,6.6,6.6,1.01,546.64,90568,73125.82
141581397,GB / Wolv 22nd Mar,1m4f Hcap,22-03-2018 16:55,8782387,Spiritual Man,0,25.623698881610764,42.9866189170606027503348256080647827925,53.984053347958333467890099205233139315,200,21,1000,17.5,23.1,6573.44,1685.26
141581397,GB / Wolv 22nd Mar,1m4f Hcap,22-03-2018 16:55,9225787,French Mix,0,25,16.621557885254000231270079211845760425,8.26542848220756382067584355082080240701,26,7,1000,6.8,1257.4,20448.78,3937.22
141581397,GB / Wolv 22nd Mar,1m4f Hcap,22-03-2018 16:55,9556284,Pour Lamour,0,13.570220086,13.9350715396417867881929999665788522673,13.2522860356992099672249883949612738448,25,11,1000,9,240.68,16244.74,3561.9
141581372,GB / Wolv 22nd Mar,5f Hcap,22-03-2018 14:10,1532482,King Crimson,0,6.2262765861079234,6.12205831855354316553774786221097773838,4.85624321482947843668414644120038999637,8,4.42,1000,1.25,2626.26,97582.8,35491.9
141581372,GB / Wolv 22nd Mar,5f Hcap,22-03-2018 14:10,6380844,Newstead Abbey,1,4.163185173,3.9656679166417990538866100295433987469,5.671211054175638642969071172423639836,6.34,3.55,19.5,1.01,3975.68,256489.6,44930.66
141581382,GB / Wolv 22nd Mar,1m1f Sell Stks,22-03-2018 15:15,6778618,Barnaby Brook,0,3.005782254,3.06825459134044512367839871579287315303,3.40558792799563174089196447683192514847,3.75,2.9,1000,3,2592.68,208648.06,24730.28
141581392,GB / Wolv 22nd Mar,1m1f Hcap,22-03-2018 16:25,5742450,Top Offer,0,28.837901414169572,25.0363426983400380975000296332740246987,23.4439133276793936426056159796216528452,36,17,1000,20,229.76,14409.98,1867.52
141581392,GB / Wolv 22nd Mar,1m1f Hcap,22-03-2018 16:25,8685803,John Caesar,0,16.540855007476637,12.2636664454073558535783292380482223755,10.4476905766890924139286326550837825844,16.5,10,1000,15.5,643.46,21191.62,2302.58
141581392,GB / Wolv 22nd Mar,1m1f Hcap,22-03-2018 16:25,5437102,Outlaw Torn,0,13.076233942417895,10.4378396235013247873678212743279325434,9.90681125426672133504011540172308160478,14.5,9.4,1000,8,642.9,29941.22,7235.92
141613721,GB / Chep  22nd Mar,2m Nov Hrd,22-03-2018 14:50,16095243,Kupatana,0,1.5687513482070607,1.52881516824080485495881948087021361581,1.46714950661080700089962321319255991173,1.65,1.44,1000,1.2,12043.82,643885.06,211672.58
141671849,GB / Chep  22nd Mar,Kilfilum Cross v This Is It,22-03-2018 15:25,1158207,This Is It,0,,1,1,1,1001,1,1001,0,0,0
141671849,GB / Chep  22nd Mar,Kilfilum Cross v This Is It,22-03-2018 15:25,16550355,Kilfilum Cross,1,,1,1,1,1001,1,1001,0,0,0
141671871,GB / Chep  22nd Mar,Cavok v Shapiro,22-03-2018 17:35,16149373,Shapiro,0,,1,1,1,1001,1,1001,0,0,0
141613731,GB / Chep  22nd Mar,2m7f Hcap Chs,22-03-2018 16:00,6025446,Saroque,0,10.368781784,8.9964996802551652559517991562745342363,10.6348173474376884662996022779009590862,12,8.6,1000,10,1388.92,39225.14,6606.88
141613766,GB / Ludl  22nd Mar,2m Hcap Chs,22-03-2018 16:10,6234054,Just Cameron,0,3.324807673545602,3.39269079592372756167696211171081731008,2.62817835093200133479456790653468293718,4.1,2.52,1000,1.9,5841.12,106614.26,76665.24
141613781,GB / Ludl  22nd Mar,2m NHF,22-03-2018 17:50,8417081,Herecomestheboom,0,2.38,2.36749410068675219381962692860108497151,2.57801909799815004155953379367401974813,2.92,2.24,1000,1.82,4062.72,307793.58,107360.92
141613781,GB / Ludl  22nd Mar,2m NHF,22-03-2018 17:50,16227743,Topofthecotswolds,0,16.678739702,10.1476694617315416976875477072111963445,7.73557416285244101272323166894731794762,17,7,1000,9.2,649.36,29038.86,6331.12
141673707,GB / Ludl  22nd Mar,Without Michaels Mount,22-03-2018 14:30,11271206,Never A Word,0,,1,1,1,1001,1,1001,0,0,0
141673707,GB / Ludl  22nd Mar,Without Michaels Mount,22-03-2018 14:30,11768986,Veiled Secret,1,,1,1,1,1001,1,1001,0,0,0
141673707,GB / Ludl  22nd Mar,Without Michaels Mount,22-03-2018 14:30,13285064,Helf,0,,1,1,1,1001,1,1001,0,0,0
141673716,GB / Ludl  22nd Mar,Without Herecomestheboom,22-03-2018 17:50,17763560,Rouge Vif,1,,1,1,1,1001,1,1001,0,0,0
141613761,GB / Ludl  22nd Mar,2m5f Nov Hrd,22-03-2018 15:35,13206554,Stage Summit,0,4.8,4.87859866620389335966595386302284410109,5.26899221654651091282580643960767656392,6.4,4.7,1000,2.44,529.66,97635.38,49918.78
141613771,GB / Ludl  22nd Mar,3m Hunt Chs,22-03-2018 16:45,5933010,Opening Batsman,0,3.7757264014354854,3.55558351022128310719212004273950350058,3.3046800088258107971820063819591202501,4.2,3.2,1000,1.72,1821.66,150401.48,140129.34
141671875,GB / Ludl  22nd Mar,Tornado In Milan v Just Cameron,22-03-2018 16:10,5924199,Tornado In Milan,1,,1,1,1,1001,1,1001,0,0,0
141695570,GB / ChelmC 22nd Mar,Locommotion v Mimics Memory,22-03-2018 17:45,8933289,Locommotion,0,,1,1,1,1001,1,1001,0,0,0
141696031,GB / ChelmC 22nd Mar,Jack The Truth v Jorvik Prince,22-03-2018 20:45,11461775,Jorvik Prince,1,,1,1,1,1001,1,1001,0,0,0
141695847,GB / ChelmC 22nd Mar,Kion v Jungle Room,22-03-2018 19:45,13428362,Jungle Room,0,,1,1,1,1001,1,1001,0,0,0
141581337,GB / ChelmC 22nd Mar,7f Hcap,22-03-2018 17:45,11432465,Drop Kick Murphi,0,29,25.5650411828644243005017879223283615342,44.6598403383747969107667377679328616659,90,20,1000,15.5,60.52,8371.04,914.62
141581357,GB / ChelmC 22nd Mar,6f Nov Stks,22-03-2018 19:45,16388542,Precious Silk,0,15.287279084,16.6452839547120728828336351487192143524,20.9687939082701558689496162389552595472,24,13.5,1000,23,143.88,15400.24,644.7
141581367,GB / ChelmC 22nd Mar,5f Hcap,22-03-2018 20:45,8567238,Something Lucky,0,8.143947378876767,6.67544688052038723718943226589646674913,4.62066640594163960483210829262157599544,8.4,4.6,260,1.06,668,88404.28,30210.16
141581347,GB / ChelmC 22nd Mar,1m2f Hcap,22-03-2018 18:45,12905193,King Kevin,0,3.868386041,3.85963782807479418607661375954622920884,2.79721404149162846322928974471170157867,4.4,2.68,1000,3.75,1311.68,129474.64,14208.14
141581387,GB / Wolv 22nd Mar,1m1f Hcap,22-03-2018 15:50,11318368,Steel Helmet,0,19.518869080791482,18.348783511936860566051413444162634993,15.8949226941736286080788238402958945562,24,12.5,1000,2.76,514.78,16460.74,5391.78
141581387,GB / Wolv 22nd Mar,1m1f Hcap,22-03-2018 15:50,8815418,Jeremys Jet,0,9.4,8.63485649148763206856783436777304523605,9.27091662740198385312634711414124771925,11,7,1000,2.04,786.14,44211.42,23611.76
141581387,GB / Wolv 22nd Mar,1m1f Hcap,22-03-2018 15:50,6932541,Polar Forest,0,26.92168697640853,29.753045277412807493700025382805351007,27.3501804934578330906924361768805377819,44,22,1000,19.5,104.1,8418.16,1383.62
141581397,GB / Wolv 22nd Mar,1m4f Hcap,22-03-2018 16:55,11975741,Widnes,0,3.9,4.77481438362201433743818258928102332659,5.22393843944212209958682168512222221044,5.6,3.9,1000,2.54,923.62,105655.74,27532.06
141581402,GB / Wolv 22nd Mar,6f Hcap,22-03-2018 17:25,16240842,Madame Ritz,0,8.742153728529232,6.99785218334344258063616040293823464641,6.67161573770123712828449472587551155449,9.6,6,1000,3.75,1270.82,43212.94,6224.54
141581402,GB / Wolv 22nd Mar,6f Hcap,22-03-2018 17:25,13228222,Ce De Nullis,0,35.79101851731685,24.0984398867070499205365089680208708209,19.945889854288330621174433324267198075,42,16.5,1000,11,417.66,8460.58,1440.38
141581407,GB / Wolv 22nd Mar,1m Hcap,22-03-2018 18:00,7256975,Tellovoi,0,16.90048158237245,13.8165298524454297271575218363844199004,26.4954353443235570714478655243395636408,36,13.5,1000,9.4,296.9,13959.52,2326.52
141581407,GB / Wolv 22nd Mar,1m Hcap,22-03-2018 18:00,11975712,Scribner Creek,0,2.6468462254063585,2.58712710001039701929423128582821041395,3.71125831876156748968946668341129564711,7,2.4,90,1.06,10962.86,447534.2,104174.08
141581407,GB / Wolv 22nd Mar,1m Hcap,22-03-2018 18:00,12556711,Play With Me,0,47.53499537277034,26.7796397112428684068151855665844991287,16.595081403055510305420535842283676585,50,14.5,1000,13,830.24,13816.28,2028.66
141581382,GB / Wolv 22nd Mar,1m1f Sell Stks,22-03-2018 15:15,4313564,Cabal,0,56.75742424381212,51.6522318043237288338598128591932568244,24.1789497795181403834525472945445266333,70,26,1000,23,117.94,8054.24,2524.12
141581382,GB / Wolv 22nd Mar,1m1f Sell Stks,22-03-2018 15:15,8611924,What Usain,0,24.85692845379672,21.8552659180920605619913577975513145371,7.86732237240813771353757141174156687547,28,7.2,1000,8,1613.58,27909.9,6708.64
141581382,GB / Wolv 22nd Mar,1m1f Sell Stks,22-03-2018 15:15,13211361,St Jamess Park,0,140,126.035245083646541400628105527247949996,71.5985312102531542664099561313580416585,210,65,1000,80,43.82,4188.88,701.6
141581392,GB / Wolv 22nd Mar,1m1f Hcap,22-03-2018 16:25,12956415,Templemary Boy,0,3.3,3.88573437486834660469750037199249130839,4.53864785462445301276080020182871392055,6.6,3.25,1000,2,7116.12,230985.3,52119.66
141671850,GB / Chep  22nd Mar,Bears Rails v Paddy The Oscar,22-03-2018 16:00,8432930,Bears Rails,0,,1,1,1,1001,1,1001,0,0,0
141613716,GB / Chep  22nd Mar,2m Hcap Hrd,22-03-2018 14:20,5538048,Mr Lando,0,4.143997528778128,3.732325825584391621102717520670559845,3.06240430438401694054161197129968410912,4.4,2.98,1000,3.5,5665.16,251769.54,37776.6
141613716,GB / Chep  22nd Mar,2m Hcap Hrd,22-03-2018 14:20,7107641,Miner Distraction,0,21.033777347559823,22.3697519604893726997673108959713271175,33.5252686559667778906174058054483899444,38,17.5,1000,11,201.72,8240.34,2483.22
141613716,GB / Chep  22nd Mar,2m Hcap Hrd,22-03-2018 14:20,6534999,Ivanhoe,0,15.110828915247875,20.1564445449789869840238985553503167126,26.9171397905828628601769485637019342684,38,15,1000,13,301.46,12898.32,2841.18
141613716,GB / Chep  22nd Mar,2m Hcap Hrd,22-03-2018 14:20,15455833,Sustainable Star,0,141.39732388382475,124.236393543956032223579769938555558898,68.6258514445806193094031690816618652824,190,46,1000,55,111.64,2224.5,648.18
141613746,GB / Chep  22nd Mar,2m NHF,22-03-2018 17:35,13216322,Pedulia Alba,0,300,205.719273875689054201372143844288597347,93.9255026683824290126578158438330781776,620,160,1000,240,.86,1417.74,230.36
141613736,GB / Chep  22nd Mar,2m3f Nov Hcap Hrd,22-03-2018 16:35,10562714,Fly Du Charmil,0,3.7414811461934545,3.52677228072769386892466001724580327942,3.07313432250028349004137953981519150451,4.1,2.92,1000,3.65,1539.64,154013.94,18051.8
141613736,GB / Chep  22nd Mar,2m3f Nov Hcap Hrd,22-03-2018 16:35,12453235,Dark Invader,0,5.051878648413904,4.63371417660069850261979368164082718541,4.97140095402349636748631953089889736097,5.9,3.75,1000,3.95,3396.9,108491.36,21875.14
141671870,GB / Chep  22nd Mar,Al Co v Battle Dust,22-03-2018 17:05,10533324,Battle Dust,1,,1,1,1,1001,1,1001,0,0,0
141613766,GB / Ludl  22nd Mar,2m Hcap Chs,22-03-2018 16:10,6062491,Notarfbad,0,3.65,3.67121992137460807092628923371463017678,4.01406154622332218754802733343788245666,4.8,3.2,1000,3.05,1063.7,91494.64,35916.1
141673707,GB / Ludl  22nd Mar,Without Michaels Mount,22-03-2018 14:30,13046886,Dwaterside,0,,1,1,1,1001,1,1001,0,0,0
141613761,GB / Ludl  22nd Mar,2m5f Nov Hrd,22-03-2018 15:35,10884158,Silver Kayf,1,2.66,2.6407847051771723487139577059459515225,2.69716062748954954801738957453486494264,3.15,2.52,5,1.01,2806.94,160737.12,173222.38
141613761,GB / Ludl  22nd Mar,2m5f Nov Hrd,22-03-2018 15:35,17763558,Ballymillen,0,15,11.9415225609909348265649590499022203564,8.24793966841757196484811868191633643523,17,8.2,1000,7,453.3,25040.58,12338.94
141613776,GB / Ludl  22nd Mar,2m Hcap Hrd,22-03-2018 17:15,12158982,Flashing Glance,1,6.6,5.30783002510490708874228126782886850594,5.85494109328998833705338528636154033342,7.8,5.7,8,1.01,2053.68,46600.62,95750.56
141613776,GB / Ludl  22nd Mar,2m Hcap Hrd,22-03-2018 17:15,11835250,Night of Sin,0,6.27332276933026,6.34677951932504253498987525355993514705,11.0456555676836890930580069768357304334,13,5.6,1000,6,889.48,30121.86,6811.12
141581337,GB / ChelmC 22nd Mar,7f Hcap,22-03-2018 17:45,6719058,Malaysian Boleh,1,9.334758668384456,6.74370889058917894509585623945692331505,5.22389951305526718035842051980884267169,9.6,4.5,9.4,1.01,2652.88,59092.94,52889.36
141581337,GB / ChelmC 22nd Mar,7f Hcap,22-03-2018 17:45,8683302,Misu Pete,0,13.5,9.75850089451043224035916428311582868259,10.1714533428728792215842532834928354878,14.5,9.24,1000,19,531.82,13701.3,825.22
141581337,GB / ChelmC 22nd Mar,7f Hcap,22-03-2018 17:45,11581020,Magicinthemaking,0,42,29.2032942356905517951850911180182348013,17.4840115497554103510202548894193669617,46,14.18,1000,3.05,285.64,7475.16,6439.24
141581342,GB / ChelmC 22nd Mar,1m2f Hcap,22-03-2018 18:15,11162157,Rattle On,0,21.43550263676327,16.7339367274933674536956620214363380395,10.958465337412486808924079621159054727,26,10,1000,4.3,442.92,20948.5,3774.44
141581342,GB / ChelmC 22nd Mar,1m2f Hcap,22-03-2018 18:15,8398828,Nouvelle Ere,0,9.8,9.73195736273811895596474200882614368011,12.5406131706192450680836249614448721304,16,9.2,1000,6,325.86,24271.4,2639.86
141581362,GB / ChelmC 22nd Mar,6f Hcap,22-03-2018 20:15,11215558,Kodicat,0,6.231708,7.04947310457811270360710708021861093823,10.8358099105922943011378207180212292421,11.13,6.08,1000,1.8,84.86,44391.98,5985.32
141581362,GB / ChelmC 22nd Mar,6f Hcap,22-03-2018 20:15,11807839,Reedanjas,0,10.20441688942804307289,11.1671964503804580247748281691467529915,12.8165047511722956916150101706177260923,14.84,10.02,1000,12,94.58,15551.12,1457.28
141581362,GB / ChelmC 22nd Mar,6f Hcap,22-03-2018 20:15,13085053,Good Business,0,3.84500997597701759382,3.79902651190402551534831125253910858879,2.49170201547129808560207668092273018632,4.38,2.3,1000,3.55,2515.7,106484.16,7399.54
141581352,GB / ChelmC 22nd Mar,1m Hcap,22-03-2018 19:15,4847531,Hatem,0,60,66.1286014514641097564385501981657783997,68.4583577712792113291284021176495870916,95,48,1000,60,16.1,3243.36,139.82
141581352,GB / ChelmC 22nd Mar,1m Hcap,22-03-2018 19:15,9773782,Planetaria,0,9.8,9.81188209055171489269566940313710203421,6.67622883529060538829579706540362931734,11,6.6,1000,10.5,416.44,22404.56,1141.92
141581352,GB / ChelmC 22nd Mar,1m Hcap,22-03-2018 19:15,10921487,Cainhoe Star,0,5.9,4.93189217572674327992783491352174351595,3.36919671275457109842687142604753044175,6.2,4.1,1000,2.2,1650.56,93164.74,12811.04
141581357,GB / ChelmC 22nd Mar,6f Nov Stks,22-03-2018 19:45,1337955,Irish Times,0,49.79471063126344,92.1804331113582694015995079646400867089,76.5189951505243707249252313318872717425,250,40,1000,40,14.6,2728.44,184.26
141676336,GB / ChelmC 22nd Mar,Without Nonios,22-03-2018 18:45,7157209,Baz,0,,1,1,1,1001,1,1001,0,0,0
141676336,GB / ChelmC 22nd Mar,Without Nonios,22-03-2018 18:45,9147797,Van Huysen,0,,1,1,1,1001,1,1001,0,0,0
141581367,GB / ChelmC 22nd Mar,5f Hcap,22-03-2018 20:45,11241597,Precious Plum,0,59.297183657234136,49.7139568734597846723035186930403512208,40.9878685202201007024584320660488960454,70,30,1000,65,82.46,8435.74,239.74
141581347,GB / ChelmC 22nd Mar,1m2f Hcap,22-03-2018 18:45,9147797,Van Huysen,0,4.192703451893266,4.6887857479248161457050508125310303949,6.62026175112236834181779015582336115527,6.4,3.85,1000,1.58,380.46,118684.86,43574.28
141581347,GB / ChelmC 22nd Mar,1m2f Hcap,22-03-2018 18:45,6722874,Nonios,1,2.3965330844878903,2.30798884702268327764268801485918657081,2.23707557648085096658938448153289743611,2.5,2.02,2.78,1.01,4221.7,297496.72,85667.3
141581347,GB / ChelmC 22nd Mar,1m2f Hcap,22-03-2018 18:45,11614116,Blue Rocks,0,18.136097530874682,18.6234383415688473529341676882668544302,19.8090489509126214088076830547900018423,23,12,1000,16.5,79.26,19403.3,2681.12
141671840,GB / Wolv 22nd Mar,Tivra v Elliot The Dragon,22-03-2018 14:40,11570385,Tivra,1,,1,1,1,1001,1,1001,0,0,0
141671842,GB / Wolv 22nd Mar,The Juggler v Cockney Boy,22-03-2018 15:50,10354069,Cockney Boy,0,,1,1,1,1001,1,1001,0,0,0
141671844,GB / Wolv 22nd Mar,Widnes v Oregon Gift,22-03-2018 16:55,8521305,Oregon Gift,1,,1,1,1,1001,1,1001,0,0,0
141581387,GB / Wolv 22nd Mar,1m1f Hcap,22-03-2018 15:50,11466746,Feel The Vibes,0,13,12.8047460632091234792911439288418302295,8.71272685792412647460115801382375602603,15.5,8,1000,11,1859.24,19489.68,3511.06
141581397,GB / Wolv 22nd Mar,1m4f Hcap,22-03-2018 16:55,10991102,Rabbie The Bard,0,11.444950401,11.5784451670658787607540476715251066407,10.5944084057330143200613161217147729098,17,8,1000,11,357.08,37623.54,2882.58
141581372,GB / Wolv 22nd Mar,5f Hcap,22-03-2018 14:10,11581014,Eternalist,0,6.8,6.86940977522926795157982352627190726259,9.14017558543972666994060380474178325368,9.4,5.8,1000,5.7,1102.88,64331.88,4185.94
141581407,GB / Wolv 22nd Mar,1m Hcap,22-03-2018 18:00,5537294,Bop It,0,164.9112076314126,100.614450582537011685287103775341570306,69.728659742497568965007937716903569535,210,55,1000,160,54.32,2514.38,97.98
141581407,GB / Wolv 22nd Mar,1m Hcap,22-03-2018 18:00,8452034,Arlecchinos Leap,1,8.6,8.11485351156224017351729693050567236607,8.30346641189078804675037559855960623838,11.5,7.8,34,1.01,1414.7,49994.42,130180.14
141581407,GB / Wolv 22nd Mar,1m Hcap,22-03-2018 18:00,8440854,Cookie Ring,0,15.473232035139807,13.1319565976732940842997312901544927835,20.3152917393733508054383350043935309143,36,12.5,1000,40,272.76,15431.42,1060.14
141581382,GB / Wolv 22nd Mar,1m1f Sell Stks,22-03-2018 15:15,6388376,Thair,1,1.661429633,1.65842099296582875284446119558214387358,1.87267929981759073400429507695287940262,1.95,1.57,1.95,1.01,5251.4,477934.38,123755.26
141671848,GB / Chep  22nd Mar,Kestrel Valley v Kilcullen Bellamy,22-03-2018 14:50,17506763,Kilcullen Bellamy,1,,1,1,1,1001,1,1001,0,0,0
141613726,GB / Chep  22nd Mar,2m7f Nov Hrd,22-03-2018 15:25,16550355,Kilfilum Cross,1,4.871004036641262,5.33819517774782693422914978729378511392,4.3924596099463750458350660401257794582,7,4.7,4.6,1.01,676.52,96621.56,211964.4
141613726,GB / Chep  22nd Mar,2m7f Nov Hrd,22-03-2018 15:25,15914187,Chooseyourweapon,0,2.205706402408701,2.19044458762553578709897485866510310151,2.15491548771546239135614381930855867074,2.38,2.02,1000,1.99,7082.88,340174.92,102568.52
141613736,GB / Chep  22nd Mar,2m3f Nov Hcap Hrd,22-03-2018 16:35,11047514,Heluvagood,1,6.9746499434161535,7.32585236345290527071906118405267580105,14.4923915878238361792301120123784722511,24,6,9.2,1.01,1681.74,70176.5,162692.52
141671871,GB / Chep  22nd Mar,Cavok v Shapiro,22-03-2018 17:35,17506762,Cavok,1,,1,1,1,1001,1,1001,0,0,0
141613731,GB / Chep  22nd Mar,2m7f Hcap Chs,22-03-2018 16:00,5212529,Paddy The Oscar,0,14.5,10.8491175246421865333975414861440755375,8.88517211826883701304613762532259094198,15.5,8.2,1000,3,1047.46,31509.26,27914.16
141613731,GB / Chep  22nd Mar,2m7f Hcap Chs,22-03-2018 16:00,10586589,For Carmel,0,13.602528220480892,11.4322865385932962909801610108440333393,11.9781722746379787996863584533460305901,18,10.38,1000,10,751.94,16899.24,3488.16
141613731,GB / Chep  22nd Mar,2m7f Hcap Chs,22-03-2018 16:00,10562479,Polymath,0,50,30.6842223257337464966180121301165071418,24.9260973123552803386640824614365333653,55,19.89,1000,30,251.42,10330.82,1226.3
141613741,GB / Chep  22nd Mar,2m7f Hunt Chs,22-03-2018 17:05,3824011,Al Co,0,5.4,5.38782629210312976147081482940392407177,5.84386768790017386914301467429811748162,7.4,4.8,1000,3.75,509.16,90908.84,16578.3
141613766,GB / Ludl  22nd Mar,2m Hcap Chs,22-03-2018 16:10,4573908,Spock,0,34.32778608085148,43.2063276110762504219241732838607392824,56.5738309488454740830594219302644241467,70,34,1000,34,87.7,11092.48,2806.98
141613781,GB / Ludl  22nd Mar,2m NHF,22-03-2018 17:50,17763560,Rouge Vif,1,6.2,5.26315606296638181224128035614595746725,6.13833150609432165570396269198381949182,7.49,4.5,9.8,1.01,716.8,61679.06,88117.08
141613781,GB / Ludl  22nd Mar,2m NHF,22-03-2018 17:50,17763561,Terezaz Nimrod,0,330,159.179876101914070353296608710366302154,116.405853688043952323061529350853509974,520,104.58,1000,250,8.94,2563.84,301.3
141673716,GB / Ludl  22nd Mar,Without Herecomestheboom,22-03-2018 17:50,10715610,Hey Bud,0,,1,1,1,1001,1,1001,0,0,0
141613761,GB / Ludl  22nd Mar,2m5f Nov Hrd,22-03-2018 15:35,13556826,Lumas Gift,0,704.9110560237834,812.474063626186974973044157821262469101,543.087440297838366176757951221433759718,1000,260,1000,360,22.4,1525.08,688.94
141613761,GB / Ludl  22nd Mar,2m5f Nov Hrd,22-03-2018 15:35,15729593,Kerrys Boy,0,135.75814319463348,119.721436783685170129156350608934686535,44.2353631906022868678088767663290145804,200,46,1000,130,37.56,3119.54,513.4
141613751,GB / Ludl  22nd Mar,2m Nov Hrd,22-03-2018 14:30,13285064,Helf,0,240,228.081022062467331668951914786561346173,184.763620201335306931911858038125969268,400,130,1000,150,22.2,1218.74,270.3
141613771,GB / Ludl  22nd Mar,3m Hunt Chs,22-03-2018 16:45,8498570,Crazy Jack,0,29.17824443916325,35.5647981039379239356888799855093929281,36.4716914756284835024992505307465937387,55,27,1000,7.8,10.46,2456.04,4526.56
141613776,GB / Ludl  22nd Mar,2m Hcap Hrd,22-03-2018 17:15,8905381,Cyrius Moriviere,0,13.507282804,10.1991269579880657883027066100565151982,8.44541585513688667770868848768636201535,14.5,6.6,1000,6.2,2937.22,22952.34,12178.92
141695826,GB / ChelmC 22nd Mar,Cainhoe Star v Zefferino,22-03-2018 19:15,10921487,Cainhoe Star,1,,1,1,1,1001,1,1001,0,0,0
141581337,GB / ChelmC 22nd Mar,7f Hcap,22-03-2018 17:45,11432498,Wild Acclaim,0,8,7.62603786977028099195999019735156073399,14.0361976572230022262270681503894752366,14.18,7.2,990,7.8,241.92,38955.16,1750.26
141581337,GB / ChelmC 22nd Mar,7f Hcap,22-03-2018 17:45,11923292,La Fortuna,0,37.79039865221363,23.9830063131830490438719872633378028728,23.6458223173501794558578472548936021316,40,27,1000,11,88.92,5880.34,1929.76
141581337,GB / ChelmC 22nd Mar,7f Hcap,22-03-2018 17:45,12115650,Mimics Memory,0,3.4,3.68797286757068096173911546318196856522,4.50469987821459971844634091789238609576,5.52,3.3,1000,3.45,1611.1,197469.98,22198.92
141581342,GB / ChelmC 22nd Mar,1m2f Hcap,22-03-2018 18:15,11695176,Sharp Operator,0,6.708818773295497,5.75614810989967647204715113481935114537,5.16175428539087498099308582507180500206,7.6,5.1,1000,3.4,889.14,76069.74,6060.86
141581342,GB / ChelmC 22nd Mar,1m2f Hcap,22-03-2018 18:15,6395167,Rocket Ronnie,0,9.836782444184351,8.17331366508520772825042060406815537472,9.75143629712472715630302860484199943134,11.5,8.2,1000,8.4,210.02,25462.9,2942.66
141581352,GB / ChelmC 22nd Mar,1m Hcap,22-03-2018 19:15,710625,Cherbourg,0,23,22.6468391533460140402257487062516984191,38.8511998699901672609298834011586082686,44,19.5,1000,25,75.12,12777.16,419.5
141581352,GB / ChelmC 22nd Mar,1m Hcap,22-03-2018 19:15,6380846,Glory Awaits,1,9.429758317636878,10.8609453203569726994800064506964626893,12.220179585632928516067414251721015469,15.5,9.4,60,1.01,230.02,26040.72,24616.1
141581357,GB / ChelmC 22nd Mar,6f Nov Stks,22-03-2018 19:45,13428362,Jungle Room,0,4.9,4.79246274923259705603197376071412303877,3.19987850359071548058057886832998420492,6.4,2.86,1000,5.7,4519.5,132206.52,2231.98
141581357,GB / ChelmC 22nd Mar,6f Nov Stks,22-03-2018 19:45,12867763,Kodiac Express,0,15.23151714249594,13.0990977290409997918891906372768448184,7.64239481363831829713884134666352056022,18,6.4,300,1.61,775.4,25810.66,7484.3
141581357,GB / ChelmC 22nd Mar,6f Nov Stks,22-03-2018 19:45,17748164,Soumei,0,10.5,11.2662081900737634565499011915445087694,30.1311342690375603710912805630524593654,40,8.4,1000,7,77.5,20396.22,1479.52
141581347,GB / ChelmC 22nd Mar,1m2f Hcap,22-03-2018 18:45,7157209,Baz,0,25,25.1070991344678818491843219851619577846,40.4190008130450053584501390498131570849,42,17.5,1000,22,34.68,12016.4,1148.04
141671845,GB / Wolv 22nd Mar,Flora Tristan v Madame Ritz,22-03-2018 17:25,16401789,Flora Tristan,0,,1,1,1,1001,1,1001,0,0,0
141581387,GB / Wolv 22nd Mar,1m1f Hcap,22-03-2018 15:50,10354069,Cockney Boy,0,4.4885088924488254,3.90622867731618323215962009794310738579,5.13280860356486651101533170451860415142,6.2,3.4,1000,3.65,1703.7,215041.56,17789.56
141581397,GB / Wolv 22nd Mar,1m4f Hcap,22-03-2018 16:55,10231918,Picture Painter,0,6.59426413666035,5.2816822730844279233985426551486240936,6.0545141769684055684090378278186658636,7.2,4.6,1000,7.8,666.22,67047.64,4203.5
141581402,GB / Wolv 22nd Mar,6f Hcap,22-03-2018 17:25,13128463,Brockey Rise,0,20.46867012563293,13.1916878622959472630282406080162342543,15.6635824022153798168218797444058920247,21,10.5,1000,12,349.94,20392,1161.28
141581402,GB / Wolv 22nd Mar,6f Hcap,22-03-2018 17:25,12988861,Wazin,1,12.756157198,8.74650237768454536432229109467263541044,7.64337565185962436709883313262212599458,14.5,6.8,14,1.01,700.9,27482.96,47064.04
141581407,GB / Wolv 22nd Mar,1m Hcap,22-03-2018 18:00,6469440,Foie Gras,0,24.755302730486733,17.3478716432907868095735281759528703148,26.5369754879015878836815277964186659701,32,17.5,1000,6.2,169.92,13781.34,1636.38
141581407,GB / Wolv 22nd Mar,1m Hcap,22-03-2018 18:00,9517653,Kafoo,0,17.955521449870425,15.3740249539773454046755208831623045631,16.325017421053069261280249659449736767,23,14,1000,11,269,20202.1,1980.48
141581377,GB / Wolv 22nd Mar,5f Nov Stks,22-03-2018 14:40,11570385,Tivra,0,35.545887590576754,37.7648975963579827826728324581789975034,30.0290256700992239740427414441010685316,60,23,1000,21,155.8,9692.36,1671.6
141581392,GB / Wolv 22nd Mar,1m1f Hcap,22-03-2018 16:25,11811867,Lesanti,0,18.16441059167478,11.6629283055762827017985330648232476925,16.2248295803278270553283930646534326801,20,10,1000,16,452.96,21193.88,1930.74
141671847,GB / Chep  22nd Mar,Kayf Tiger v Blue April,22-03-2018 14:20,9315486,Blue April,0,,1,1,1,1001,1,1001,0,0,0
141613716,GB / Chep  22nd Mar,2m Hcap Hrd,22-03-2018 14:20,11143939,Flight To Nowhere,1,13.243408565204659,15.0086443802698211727939843634409089396,14.1643596733057746744237529407469374828,18,12.5,15,1.01,574.62,15749.08,113969.36
141613746,GB / Chep  22nd Mar,2m NHF,22-03-2018 17:35,17763553,Bet On Betty,0,31.67906475488934,21.6262156298418004682865683059978453006,21.537841402895922400320127017948335767,36,17,1000,8.2,67.54,8105.88,4630.82
141613721,GB / Chep  22nd Mar,2m Nov Hrd,22-03-2018 14:50,12886945,Celer Et Audax,0,677.719738459634,694.143229610242989379447218398163587381,269.062480065803830723002803377482332007,1000,210,1000,530,24.4,1235.76,123.84
141673693,GB / Chep  22nd Mar,Without Kupatana,22-03-2018 14:50,16426827,Kestrel Valley,0,,1,1,1,1001,1,1001,0,0,0
141673693,GB / Chep  22nd Mar,Without Kupatana,22-03-2018 14:50,12452815,Slice of Lemon,0,,1,1,1,1001,1,1001,0,0,0
141613741,GB / Chep  22nd Mar,2m7f Hunt Chs,22-03-2018 17:05,10148689,Tinkers Hill Tommy,0,5.7702540114573075,6.28863194934435778810750043110038429495,6.89584153627969215011435197105992995212,8.6,5.7,1000,1.13,225.78,48848.32,94525.96
141671878,GB / Ludl  22nd Mar,Topofthecotswolds v Looks Frozen,22-03-2018 17:50,16002359,Looks Frozen,0,,1,1,1,1001,1,1001,0,0,0
141671876,GB / Ludl  22nd Mar,Opening Batsman v Mr Mercurial,22-03-2018 16:45,7170210,Mr Mercurial,1,,1,1,1,1001,1,1001,0,0,0
141613781,GB / Ludl  22nd Mar,2m NHF,22-03-2018 17:50,12281477,Ballinahinch,0,18.5,13.4270495612955217986285217920193648687,15.4105004379440387187029756703381752792,28,12.5,1000,1.5,41.24,9763.72,20978.86
141673715,GB / Ludl  22nd Mar,Without Tree of Liberty,22-03-2018 15:00,10685360,Over To Midnight,0,,1,1,1,1001,1,1001,0,0,0
141673715,GB / Ludl  22nd Mar,Without Tree of Liberty,22-03-2018 15:00,13928719,Capn,1,,1,1,1,1001,1,1001,0,0,0
141613761,GB / Ludl  22nd Mar,2m5f Nov Hrd,22-03-2018 15:35,11896793,Dans Le Vent,0,3.091571025,2.73695530641112011645058399474431660514,3.24725713603866590244363757583404899674,3.45,2.6,1000,1.33,2802.74,191062.88,136540.16
141613751,GB / Ludl  22nd Mar,2m Nov Hrd,22-03-2018 14:30,15729606,Come On Charlie,0,45.581787469,46.1189909388731307408154222721347214232,35.8044871092411391167489842301683968556,60,32,1000,20,115.5,6068.52,4310.16
141613751,GB / Ludl  22nd Mar,2m Nov Hrd,22-03-2018 14:30,11271206,Never A Word,0,44,32.1324477152310772983491603297126338485,24.3505793194643686104557443573466759308,46,19,1000,34,142.64,8588.44,1988.06
141613771,GB / Ludl  22nd Mar,3m Hunt Chs,22-03-2018 16:45,6908825,Such A Legend,0,10.150196261,11.4010886529885369734250231033671334103,11.2473190404227201063631156493386926727,15,10,1000,10.5,134.26,19598.36,4586.84
141613771,GB / Ludl  22nd Mar,3m Hunt Chs,22-03-2018 16:45,5369648,Real Milan,0,5.802812345416605,6.07120856542143107202179251583618782658,6.30199139589686822654651963417747556119,7.8,5.6,1000,1.37,183.04,33572.24,66505.92
141613756,GB / Ludl  22nd Mar,2m Nov Chs,22-03-2018 15:00,11954822,Tree of Liberty,0,1.051782754305954,1.06697600081422979527591451643675107184,1.062821663235320794467168529179794606,1.1,1.05,1000,1.04,38065.74,674403.02,304675.86
141671877,GB / Ludl  22nd Mar,Flashing Glance v All Is Good,22-03-2018 17:15,12158982,Flashing Glance,1,,1,1,1,1001,1,1001,0,0,0
141613776,GB / Ludl  22nd Mar,2m Hcap Hrd,22-03-2018 17:15,6549211,Bertimont,0,15.351914720627319,11.9889861152160616738284833883002434657,14.6259852729079648085362618367337457218,17.5,12,1000,8.6,960.36,14073.68,4869.46
141613776,GB / Ludl  22nd Mar,2m Hcap Hrd,22-03-2018 17:15,12769074,All Is Good,0,7.2,6.54453808723270839298581999655043944081,6.22951321216083044433857641895928581912,8.8,5.5,1000,1.8,1767.82,27887.66,35726.88
141613776,GB / Ludl  22nd Mar,2m Hcap Hrd,22-03-2018 17:15,12124894,Awake At Midnight,0,5.903596354,5.05944284809375479795507594854592759279,6.40727739326564881412749564817843244352,8.8,4,1000,3.5,1729.96,74408.84,30870.48
141696031,GB / ChelmC 22nd Mar,Jack The Truth v Jorvik Prince,22-03-2018 20:45,12496712,Jack The Truth,0,,1,1,1,1001,1,1001,0,0,0
141581337,GB / ChelmC 22nd Mar,7f Hcap,22-03-2018 17:45,8933289,Locommotion,0,6,5.37116466938149965270372034855215307379,7.16409756710637662429053459344253258905,9.06,5.2,1000,4,1191.24,61511.42,6568.36
141581342,GB / ChelmC 22nd Mar,1m2f Hcap,22-03-2018 18:15,9250100,Gunner Moyne,0,22,15.9539107167907765544916116022749840706,20.3439276449829271230420981600337303382,23,17,1000,21,98.72,7831.64,659.22
141581342,GB / ChelmC 22nd Mar,1m2f Hcap,22-03-2018 18:15,9541428,Street Art,0,11.390023263813493,10.9176345379481598234596936781577432602,17.209663701349563982979038048624971172,23,10,1000,7.2,252.74,21376.12,3293.42
141581342,GB / ChelmC 22nd Mar,1m2f Hcap,22-03-2018 18:15,12899191,Cecilator,0,65,44.6788258338943171896483472536380220437,27.7545896947796821535950031180541970659,90,29,1000,55,67.68,5286.66,190.7
141581357,GB / ChelmC 22nd Mar,6f Nov Stks,22-03-2018 19:45,237154,Noteworthy,0,84.81603813334252,73.757111244507649196997418964471631904,35.92126487832588114249868579950045674,120,42,1000,44,48.14,2985.86,384.7
141581357,GB / ChelmC 22nd Mar,6f Nov Stks,22-03-2018 19:45,13164978,Jaalboot,0,9.6,8.57387363704145706209523281119201835638,11.713555233339232663816574137388765109,13,7,1000,4.7,623.34,40497.68,2745.56
141581367,GB / ChelmC 22nd Mar,5f Hcap,22-03-2018 20:45,5473868,Monumental Man,0,13.03184719624187,11.4144006250467505127489904531273286683,24.687777445614019949562259783164310954,26,9.6,1000,16,176.34,43205.46,503.46
141581367,GB / ChelmC 22nd Mar,5f Hcap,22-03-2018 20:45,12538111,Midnightly,1,13.97916759,10.8244447859386830232278194605599608566,6.70680150874707543142053627598658457774,14,8,11,1.01,303.24,33708.22,91048.88
141581387,GB / Wolv 22nd Mar,1m1f Hcap,22-03-2018 15:50,4943842,Spirit Of Gondree,0,69.50276579919941,55.0522715555528405041102262474124232325,18.9836260456200444289536511871889736516,75,21,1000,36,288.22,5989.98,1469.72
141581397,GB / Wolv 22nd Mar,1m4f Hcap,22-03-2018 16:55,8521305,Oregon Gift,1,4.4,4.13463900471070140639457159375005722838,4.99726388206567934894299225820117524798,5.4,3.65,4.2,1.01,2841.74,149345.7,101265.9
141581397,GB / Wolv 22nd Mar,1m4f Hcap,22-03-2018 16:55,6928420,Excellent Puck,0,20.832199158233777,22.1359419711251608012803058426167807772,16.6135296878272946850071404267828122416,26,13.5,1000,8,151.58,17089.44,2838.62
141581397,GB / Wolv 22nd Mar,1m4f Hcap,22-03-2018 16:55,11975746,Velvet Voice,0,48.47530190729441,39.433086178302534109684194270470458031,25.8514532620577371367746819828127710768,55,18,1000,36,538.38,7267.86,715.86
141581372,GB / Wolv 22nd Mar,5f Hcap,22-03-2018 14:10,4706615,Swendab,0,11.5,13.9820571608536012237366401881069402298,20.9663311888386110785884936163929452359,23,10.5,1000,9,610.6,23741.1,2565.98
141581372,GB / Wolv 22nd Mar,5f Hcap,22-03-2018 14:10,8680122,Zipedeedodah,0,6.799962308,6.87650279084043568112087619706329637258,4.64081792150292733835662773251955848149,9.2,4.42,1000,3.6,3171,58757.64,4941.22
141581402,GB / Wolv 22nd Mar,6f Hcap,22-03-2018 17:25,10185708,Directory,0,35.23526035135117,24.6698717847835554583747880061659151528,33.6219998132430030525109156244767584137,55,27,1000,23,99.38,9683.78,569.84
141671839,GB / Wolv 22nd Mar,Annie Salts v Newstead Abbey,22-03-2018 14:10,9463681,Annie Salts,0,,1,1,1,1001,1,1001,0,0,0
141613716,GB / Chep  22nd Mar,2m Hcap Hrd,22-03-2018 14:20,7294222,Ring Eye,0,26.76769733866996,29.8294185403204307007688808715278261123,13.304379246346048913759871500094997896,55,11.5,1000,9.2,887.22,9033.26,3832.42
141613716,GB / Chep  22nd Mar,2m Hcap Hrd,22-03-2018 14:20,9315486,Blue April,0,7.062565825735111,7.53657725672634878439028791493400836571,7.831527859703663514977619029667880993,8.6,6.6,1000,6.2,1323.42,41592.44,7269.28
141613746,GB / Chep  22nd Mar,2m NHF,22-03-2018 17:35,17763555,Viva Vittoria,0,4.002610153,3.5465269927921035848023009179804569068,3.64804648081135435773937148935732659671,4.7,2.74,1000,2,2614.46,180687.26,54029.12
141613721,GB / Chep  22nd Mar,2m Nov Hrd,22-03-2018 14:50,17506763,Kilcullen Bellamy,0,26.214120166328506,26.657351745093336646802336798325738514,17.587839616625037010704142025574977752,55,14,1000,5.1,193.18,17232.3,20745.92
141613721,GB / Chep  22nd Mar,2m Nov Hrd,22-03-2018 14:50,16484049,The Toojumpa,0,250,186.075359494180766899839566916099350417,77.9379386724668229524857577613678190043,340,48,1000,80,46.8,2097.36,1121.32
141613721,GB / Chep  22nd Mar,2m Nov Hrd,22-03-2018 14:50,12452815,Slice of Lemon,0,329.96997144016206,243.359454863136366990920465262120808796,104.182429643266995564486294774321837165,430,110,1000,260,13.18,1999.84,294.94
141613721,GB / Chep  22nd Mar,2m Nov Hrd,22-03-2018 14:50,16426827,Kestrel Valley,0,18.77313623445015,14.8755626812413411225342466632704029276,11.6200076765899096684858727964381769831,19.5,11,1000,14.5,313.3,29949.8,5559.32
141613726,GB / Chep  22nd Mar,2m7f Nov Hrd,22-03-2018 15:25,12782428,Rambling Rector,0,14.920146606,11.061096898149972682425894260729489481,10.983263395717469001157337301214302224,16,9,1000,13,212.54,40913.68,10287.68
141613736,GB / Chep  22nd Mar,2m3f Nov Hcap Hrd,22-03-2018 16:35,7048366,Iniesta,0,26,20.1901153466550622593970483543433216564,14.4404703982850715635515846713434521141,27,14,1000,18.5,190.88,15100.96,5727.2
141673693,GB / Chep  22nd Mar,Without Kupatana,22-03-2018 14:50,16484043,Dinos Benefit,1,,1,1,1,1001,1,1001,0,0,0
141613731,GB / Chep  22nd Mar,2m7f Hcap Chs,22-03-2018 16:00,8432930,Bears Rails,0,9,8.04974611887913735534351664978614381559,8.09978335054341086341393395662207533895,10.5,7.4,1000,5,1140.54,31782.7,12061.96
141613731,GB / Chep  22nd Mar,2m7f Hcap Chs,22-03-2018 16:00,8579227,Streets of Promise,0,6.316520468,6.73625215086794198283054772643305631317,12.6429479938775703348915169185632309746,13.5,5.7,1000,2.2,750.54,91943.76,42969.22
141613741,GB / Chep  22nd Mar,2m7f Hunt Chs,22-03-2018 17:05,10533324,Battle Dust,1,4.9,4.16662059126226790554259971375196241944,5.17977286428165380040891990530053222648,5.3,3.7,12,1.01,1649,96924.7,132752.32
141613741,GB / Chep  22nd Mar,2m7f Hunt Chs,22-03-2018 17:05,6792736,Repeat Business,0,12.5,16.0576198796681857316755837148614341718,11.3815323904099434198312284771010453282,19.5,11.5,1000,4.1,283.88,9900.2,9923.68
141671872,GB / Ludl  22nd Mar,Never A Word v Come On Charlie,22-03-2018 14:30,15729606,Come On Charlie,1,,1,1,1,1001,1,1001,0,0,0
141671876,GB / Ludl  22nd Mar,Opening Batsman v Mr Mercurial,22-03-2018 16:45,5933010,Opening Batsman,0,,1,1,1,1001,1,1001,0,0,0
141613781,GB / Ludl  22nd Mar,2m NHF,22-03-2018 17:50,10715610,Hey Bud,0,14.5,11.2335975861515531216585336378652115999,11.0312315281197481027088721067626658206,15.5,11,1000,11.5,73.64,11714.46,4361.46
141673707,GB / Ludl  22nd Mar,Without Michaels Mount,22-03-2018 14:30,15729606,Come On Charlie,0,,1,1,1,1001,1,1001,0,0,0
141673716,GB / Ludl  22nd Mar,Without Herecomestheboom,22-03-2018 17:50,16002359,Looks Frozen,0,,1,1,1,1001,1,1001,0,0,0
141673716,GB / Ludl  22nd Mar,Without Herecomestheboom,22-03-2018 17:50,16227743,Topofthecotswolds,0,,1,1,1,1001,1,1001,0,0,0
141671874,GB / Ludl  22nd Mar,Silver Kayf v Dans Le Vent,22-03-2018 15:35,11896793,Dans Le Vent,0,,1,1,1,1001,1,1001,0,0,0
141613776,GB / Ludl  22nd Mar,2m Hcap Hrd,22-03-2018 17:15,8996644,Birch Hill,0,6.724992145116202,5.95698786677665958077269082429350158207,7.07102235365653168901544373479257915788,9,5.8,1000,3.2,2515.74,39114.06,22505.98
141581342,GB / ChelmC 22nd Mar,1m2f Hcap,22-03-2018 18:15,10772642,Grecian King,0,32,21.9849917923215848896945415079078043949,15.1349336173239238907909474560291084639,34,11.5,400,30,173.54,6323.16,566.66
141676336,GB / ChelmC 22nd Mar,Without Nonios,22-03-2018 18:45,12905193,King Kevin,1,,1,1,1,1001,1,1001,0,0,0
141671841,GB / Wolv 22nd Mar,Barnaby Brook v What Usain,22-03-2018 15:15,8611924,What Usain,0,,1,1,1,1001,1,1001,0,0,0
141581387,GB / Wolv 22nd Mar,1m1f Hcap,22-03-2018 15:50,14508,Gone With The Wind,0,8.757917028305396,9.93570752616025782960704128481272791141,8.19126586706503897713195365709709491689,13,7.8,1000,8.8,648.3,29085.38,5549.76
141581397,GB / Wolv 22nd Mar,1m4f Hcap,22-03-2018 16:55,11665864,Conkering Hero,0,18.5,14.7869448631894557105240210539389675893,17.4291929016109737633624518282909359707,19,13,1000,10.5,154.24,11176.86,2630.86
141581372,GB / Wolv 22nd Mar,5f Hcap,22-03-2018 14:10,9463681,Annie Salts,0,8.4,6.73843789364009981838843852401403997562,6.49943894157495495873559628474803520998,9.8,5,1000,7,1674.38,89000.98,2812.8
141581402,GB / Wolv 22nd Mar,6f Hcap,22-03-2018 17:25,14389187,Global Excel,0,2.24,2.38184386571660151790806671692158722479,3.94311551056541170653758730101317942952,6.4,2.12,1000,1.67,5509.14,494272.04,55809.52
141581377,GB / Wolv 22nd Mar,5f Nov Stks,22-03-2018 14:40,15542627,Drakefell,1,3.65,3.29748307930515823519103635809546714287,2.55601241112006040100408333073905795091,3.9,2.62,11.5,1.01,1315.44,112321.72,65129.88
141581377,GB / Wolv 22nd Mar,5f Nov Stks,22-03-2018 14:40,17613424,Elliot The Dragon,0,50.849723745103255,60.8197187170327066365678758016451484158,43.0904145475079149329721621679287573505,95,40,1000,48,74.52,6845.9,569.94
141581377,GB / Wolv 22nd Mar,5f Nov Stks,22-03-2018 14:40,13161330,Global Academy,0,1.4701409685865139,1.5347300209548875897831891450333791768,1.79114497803014309356444207065789020946,1.79,1.44,1000,1.12,8640.32,353147.14,86055.84
141613716,GB / Chep  22nd Mar,2m Hcap Hrd,22-03-2018 14:20,16198161,Under The Woods,0,5.9,5.60616145739586396400075700345800939432,4.63281034309990279361659358224354419336,9.8,4.2,1000,1.5,3389.36,131751.26,90824.68
141613746,GB / Chep  22nd Mar,2m NHF,22-03-2018 17:35,16149373,Shapiro,0,5.321173154595792,4.12094513316015071056139432798585370121,4.0308451558018037342215275721680199648,5.8,3.65,1000,4.6,1059.92,105499.42,9274.48
141613746,GB / Chep  22nd Mar,2m NHF,22-03-2018 17:35,13195142,Barcalona,0,19.296374926244603,15.1151115216354800683892990311679897543,17.8615822762644000544243127168215296764,28,15,1000,20,141.32,17772.14,2793.78
141613746,GB / Chep  22nd Mar,2m NHF,22-03-2018 17:35,17506762,Cavok,0,5.2,4.70105543708798656239220181463670897129,4.48518620634836494358206694625307404908,6.2,4.1,1000,2.04,539.84,54784.34,16384.78
141613721,GB / Chep  22nd Mar,2m Nov Hrd,22-03-2018 14:50,16484043,Dinos Benefit,1,3.75,3.87918542223696873671654143488148874948,5.88949154176154753548486101270046627729,6,3.4,11,1.01,1143.98,224381.04,85142.48
141613726,GB / Chep  22nd Mar,2m7f Nov Hrd,22-03-2018 15:25,1158207,This Is It,0,3.65,3.27349545537206369701966068604505509737,4.26458878684155686804649240143439841348,4.5,3.05,1000,3.55,2064.42,125849,52178.24
141613736,GB / Chep  22nd Mar,2m3f Nov Hcap Hrd,22-03-2018 16:35,12743654,Minellatillmorning,0,2.909369963,3.21542690821113895897284720372710510242,2.8038003477570926812270174630750463616,3.75,2.44,1000,1.3,1903.26,320918.58,122451.86
141613731,GB / Chep  22nd Mar,2m7f Hcap Chs,22-03-2018 16:00,7853141,Looks Like Power,1,13.762639317882709,11.3969614686768498346191226542578487136,10.5561749240884414899479461508055920395,15,9.4,22,1.01,773.48,26233.52,154060.88
141613731,GB / Chep  22nd Mar,2m7f Hcap Chs,22-03-2018 16:00,6297887,Lac Sacre,0,6.6,5.96098424801060115165145248366969867198,5.60153939787148269470779453614843829599,7.4,5.36,1000,2.72,2816.94,99366.94,34230.84
141613741,GB / Chep  22nd Mar,2m7f Hunt Chs,22-03-2018 17:05,7374464,Vasco Du Mee,0,4.1,4.12582189969243049536571784459386502872,3.55141756988840959734501671365529822195,4.7,3.45,1000,3.6,1738.14,124714.92,32185.16
141671872,GB / Ludl  22nd Mar,Never A Word v Come On Charlie,22-03-2018 14:30,11271206,Never A Word,0,,1,1,1,1001,1,1001,0,0,0
141671878,GB / Ludl  22nd Mar,Topofthecotswolds v Looks Frozen,22-03-2018 17:50,16227743,Topofthecotswolds,1,,1,1,1,1001,1,1001,0,0,0
141673707,GB / Ludl  22nd Mar,Without Michaels Mount,22-03-2018 14:30,12605833,Temir Kazyk,0,,1,1,1,1001,1,1001,0,0,0
141673716,GB / Ludl  22nd Mar,Without Herecomestheboom,22-03-2018 17:50,12281477,Ballinahinch,0,,1,1,1,1001,1,1001,0,0,0
141613751,GB / Ludl  22nd Mar,2m Nov Hrd,22-03-2018 14:30,11768986,Veiled Secret,0,8,8.42730005086062019746119323075164158106,7.74109731299777334016865773443192146095,9.8,7.4,1000,2.72,1187.06,73083.14,34576.98
141671874,GB / Ludl  22nd Mar,Silver Kayf v Dans Le Vent,22-03-2018 15:35,10884158,Silver Kayf,1,,1,1,1,1001,1,1001,0,0,0
141671875,GB / Ludl  22nd Mar,Tornado In Milan v Just Cameron,22-03-2018 16:10,6234054,Just Cameron,0,,1,1,1,1001,1,1001,0,0,0
141613776,GB / Ludl  22nd Mar,2m Hcap Hrd,22-03-2018 17:15,12363652,Passam,0,82.31202317079524,48.8455581395237129345390134546685339661,39.6861928821999128467725185911942341049,90,34,1000,65,253.72,4230.3,958.42
141695662,GB / ChelmC 22nd Mar,Sharp Operator v Tilsworth Lukey,22-03-2018 18:15,11695176,Sharp Operator,0,,1,1,1,1001,1,1001,0,0,0
141695826,GB / ChelmC 22nd Mar,Cainhoe Star v Zefferino,22-03-2018 19:15,11538829,Zefferino,0,,1,1,1,1001,1,1001,0,0,0
141581337,GB / ChelmC 22nd Mar,7f Hcap,22-03-2018 17:45,9480404,Mr Potter,0,14.216502784,9.49860525522957805070778604792626594363,7.81216171193980791612268431873737493394,14.5,7.09,1000,3.5,955.7,29515.76,5191.06
141581337,GB / ChelmC 22nd Mar,7f Hcap,22-03-2018 17:45,11194762,Three Cs,0,55,33.7490441274989726451980924073909567204,60.4378052452791657862303577343852003828,75,32,1000,7.6,17.26,5130.1,2114.12
141581342,GB / ChelmC 22nd Mar,1m2f Hcap,22-03-2018 18:15,144511,Forestry,0,14.473254614252363,11.9876206372672394067443620233642142125,23.3833280471905488867325880777588505827,34,9.6,1000,4,381.78,16067.7,5751.86
141581342,GB / ChelmC 22nd Mar,1m2f Hcap,22-03-2018 18:15,13070365,Lady Of York,0,10.5,8.66621658717426594822113262022441015613,7.83713995450975942609584975537964613887,11.5,7.6,120,1.15,484.92,33245.84,20997.76
141581357,GB / ChelmC 22nd Mar,6f Nov Stks,22-03-2018 19:45,12943006,Pesky Wabbitt,0,13,12.94650639246129935844534626342699398,14.302159186845025382903879329790406664,19,10.5,1000,13,178.26,18220.82,1152.1
141671841,GB / Wolv 22nd Mar,Barnaby Brook v What Usain,22-03-2018 15:15,6778618,Barnaby Brook,1,,1,1,1,1001,1,1001,0,0,0
141671844,GB / Wolv 22nd Mar,Widnes v Oregon Gift,22-03-2018 16:55,11975741,Widnes,0,,1,1,1,1001,1,1001,0,0,0
141671845,GB / Wolv 22nd Mar,Flora Tristan v Madame Ritz,22-03-2018 17:25,16240842,Madame Ritz,1,,1,1,1,1001,1,1001,0,0,0
141581387,GB / Wolv 22nd Mar,1m1f Hcap,22-03-2018 15:50,10148685,The Juggler,0,4.2,4.37710391129114031420575416974577117592,4.66440029305904347045614669564793949182,4.9,4,1000,3,3226.5,118150.12,20186.86
141581402,GB / Wolv 22nd Mar,6f Hcap,22-03-2018 17:25,16198022,Sea Ess Seas,0,13.5,10.6182883376044244168367915139239197509,16.0478272366236914152203968377062850384,22,10.5,1000,14.5,331.6,24753.1,1349.08
141581402,GB / Wolv 22nd Mar,6f Hcap,22-03-2018 17:25,8338759,Alaska,0,85,49.2999808567925290140926062409265595725,37.5323037382807523018785016408008545812,90,28,1000,65,133.88,9324.1,368.84
141581402,GB / Wolv 22nd Mar,6f Hcap,22-03-2018 17:25,13243968,Gabrial The Devil,0,11.07782306,8.79505175177964405434662728648281621945,8.76546849536130009142195995924664009827,12,7.4,1000,1.94,727.44,36273.7,21796.02
141671843,GB / Wolv 22nd Mar,New Abbey Angel v Templemary Boy,22-03-2018 16:25,9644233,New Abbey Angel,1,,1,1,1,1001,1,1001,0,0,0
141581392,GB / Wolv 22nd Mar,1m1f Hcap,22-03-2018 16:25,8617699,Rightway,0,16.694365576442216,11.7602284662934294830102933166676706205,11.365113628334228653840195012547623526,17,8,1000,8.6,1349.96,27019.3,3843.78
141581392,GB / Wolv 22nd Mar,1m1f Hcap,22-03-2018 16:25,9644233,New Abbey Angel,0,5.910921281562293,5.30823894752917256635179466398654511173,4.6202130442164459089574328338192813176,6.8,4.4,1000,2.24,2899.36,92881.68,25480.42
141671850,GB / Chep  22nd Mar,Bears Rails v Paddy The Oscar,22-03-2018 16:00,5212529,Paddy The Oscar,1,,1,1,1,1001,1,1001,0,0,0
141671869,GB / Chep  22nd Mar,Fly Du Charmil v Minellatillmorning,22-03-2018 16:35,10562714,Fly Du Charmil,0,,1,1,1,1001,1,1001,0,0,0
141671848,GB / Chep  22nd Mar,Kestrel Valley v Kilcullen Bellamy,22-03-2018 14:50,16426827,Kestrel Valley,0,,1,1,1,1001,1,1001,0,0,0
141673693,GB / Chep  22nd Mar,Without Kupatana,22-03-2018 14:50,16484049,The Toojumpa,0,,1,1,1,1001,1,1001,0,0,0
141673693,GB / Chep  22nd Mar,Without Kupatana,22-03-2018 14:50,17506763,Kilcullen Bellamy,0,,1,1,1,1001,1,1001,0,0,0
141671870,GB / Chep  22nd Mar,Al Co v Battle Dust,22-03-2018 17:05,3824011,Al Co,0,,1,1,1,1001,1,1001,0,0,0
141613741,GB / Chep  22nd Mar,2m7f Hunt Chs,22-03-2018 17:05,3435450,Richmond,0,29,26.8247711333261681945217536444503192979,24.4362433398142816271677855636938966575,34,17.5,1000,8.2,73.94,8326.66,9412.12
141613766,GB / Ludl  22nd Mar,2m Hcap Chs,22-03-2018 16:10,5924199,Tornado In Milan,1,2.5,2.42020455932144493952578112615075585927,2.85550136184345903006028927632532324249,2.78,2.12,2.86,1.01,2678.34,176751.96,226631.88
141613781,GB / Ludl  22nd Mar,2m NHF,22-03-2018 17:50,17763559,Best To Come,0,12,8.9260049850675246596005200540079516914,11.8442801659215211468644691691694140148,22,8.8,1000,9,84.3,15803.68,3757.52
141613761,GB / Ludl  22nd Mar,2m5f Nov Hrd,22-03-2018 15:35,15729338,Almost Gold,0,86.90705984544006,102.711717353576463281369978142601527842,111.772059603875747743654924448127979804,240,70,1000,16,34.26,2438.68,3586.56
141613751,GB / Ludl  22nd Mar,2m Nov Hrd,22-03-2018 14:30,12605833,Temir Kazyk,0,206.6880664548092,189.364770946866990995356067805177751766,139.73991451245724558868472524515362406,410,100,1000,28,16.4,1494.38,3076.82
141613751,GB / Ludl  22nd Mar,2m Nov Hrd,22-03-2018 14:30,13046886,Dwaterside,0,530.1204117672403,644.003516554307614886881533487848363158,264.610234537061920307319621156519148629,1000,240,1000,70,43.06,1095.1,687.34
141613751,GB / Ludl  22nd Mar,2m Nov Hrd,22-03-2018 14:30,10174029,Michaels Mount,1,1.22,1.22052274333997610960316360372982579951,1.25301143495122734159470553428890859902,1.29,1.2,1.75,1.01,17989.82,612283.84,224377.1
141613771,GB / Ludl  22nd Mar,3m Hunt Chs,22-03-2018 16:45,7170210,Mr Mercurial,1,4.976303652206224,4.51036295790222700569662019132776344632,4.71097862588091014235603702991892272552,6.2,3.5,15,1.01,2352.88,76622.2,114235.34
141613771,GB / Ludl  22nd Mar,3m Hunt Chs,22-03-2018 16:45,5842669,Tugboat,0,17.254326961234483,21.4570724249046338706376638495694506314,35.943527988547853910182694027198784949,60,16.5,1000,16,38.7,8584.22,2361.86
141613771,GB / Ludl  22nd Mar,3m Hunt Chs,22-03-2018 16:45,8017197,Drive The Bus,0,284.61792305938906,242.49386275578831537997730425364341229,75.6977761167870688724558982074618716893,330,110,1000,240,4.7,920.16,223.08
141613756,GB / Ludl  22nd Mar,2m Nov Chs,22-03-2018 15:00,10685360,Over To Midnight,0,40.390257111387186,38.999910523114447582699466358932975911,62.0894215177737338876788127548111343786,85,28,1000,4.3,147.4,8802.18,6222.24
141613756,GB / Ludl  22nd Mar,2m Nov Chs,22-03-2018 15:00,13928719,Capn,1,29,28.1960512671982747757981058962444108691,24.8083453656328857976128631588769812753,36,22,32,1.01,209.44,11536.14,102371.38
141671877,GB / Ludl  22nd Mar,Flashing Glance v All Is Good,22-03-2018 17:15,12769074,All Is Good,0,,1,1,1,1001,1,1001,0,0,0
141613776,GB / Ludl  22nd Mar,2m Hcap Hrd,22-03-2018 17:15,12327647,Whatzdjazz,0,12.71153242888162,8.56572663088777384962658846843417081862,10.0421100385938488408714687934388272101,14,9.4,1000,8,1222.04,13101.6,4890.1
141695570,GB / ChelmC 22nd Mar,Locommotion v Mimics Memory,22-03-2018 17:45,12115650,Mimics Memory,1,,1,1,1,1001,1,1001,0,0,0
141695754,GB / ChelmC 22nd Mar,King Kevin v Van Huysen,22-03-2018 18:45,12905193,King Kevin,1,,1,1,1,1001,1,1001,0,0,0
141695847,GB / ChelmC 22nd Mar,Kion v Jungle Room,22-03-2018 19:45,13446054,Kion,1,,1,1,1,1001,1,1001,0,0,0
141581342,GB / ChelmC 22nd Mar,1m2f Hcap,22-03-2018 18:15,12673041,Tilsworth Lukey,1,4.2,4.14417528242763218247383684003037523889,5.76568250089022385976652011929174103606,6,3.65,13.5,1.02,688.14,184169.74,41146.2
141581362,GB / ChelmC 22nd Mar,6f Hcap,22-03-2018 20:15,11085675,Mythical Spirit,1,3.51334036079453992356,3.21803514287576482850978662604362820716,3.7133566931547821022266994071391123021,3.71,2.93,4,1.01,795.72,92162.22,44376.58
141581352,GB / ChelmC 22nd Mar,1m Hcap,22-03-2018 19:15,8554946,Red Touch,0,13.752511210188384,14.1105385722834455728792676637316335292,13.8052813030555807541657090900272110193,19.5,10.5,1000,16,133.92,14587.94,782.32
141581367,GB / ChelmC 22nd Mar,5f Hcap,22-03-2018 20:45,8556771,Red Stripes,0,14,14.6872486327234904495309355984612840494,20.6418249576465350023809785272674452849,25,12,1000,20,119,19250.82,1098.22
141581367,GB / ChelmC 22nd Mar,5f Hcap,22-03-2018 20:45,11461775,Jorvik Prince,0,4.2,4.79716057685805172178374355391857119981,4.89876121874782787935129347266156608606,5.8,3.95,1000,4,2230.02,164523.34,4526.26
141581367,GB / ChelmC 22nd Mar,5f Hcap,22-03-2018 20:45,12496712,Jack The Truth,0,3.1,3.24202356401274571622379477968294115182,3.54394813590362579726167103116205106254,3.9,2.86,1000,3.25,1904.38,234023.08,6395.92
141671840,GB / Wolv 22nd Mar,Tivra v Elliot The Dragon,22-03-2018 14:40,17613424,Elliot The Dragon,0,,1,1,1,1001,1,1001,0,0,0
141671846,GB / Wolv 22nd Mar,Arlecchinos Leap v Shamlan,22-03-2018 18:00,8452034,Arlecchinos Leap,1,,1,1,1,1001,1,1001,0,0,0
141671846,GB / Wolv 22nd Mar,Arlecchinos Leap v Shamlan,22-03-2018 18:00,10137025,Shamlan,0,,1,1,1,1001,1,1001,0,0,0
141581372,GB / Wolv 22nd Mar,5f Hcap,22-03-2018 14:10,222059,Fuel Injection,0,12.5,12.5797604933262719405475100620331945863,10.8521368593734973543775537188943846272,15,10.5,1000,5.8,876.26,27358.38,5464.32
141581402,GB / Wolv 22nd Mar,6f Hcap,22-03-2018 17:25,16401789,Flora Tristan,0,12,9.04875058501007509151446159855981516175,7.31125511249613085448504542547364062627,13.5,6.6,1000,17.5,550.08,35809.18,911.66
141581407,GB / Wolv 22nd Mar,1m Hcap,22-03-2018 18:00,12269462,Surewhynot,0,17.74032768445788,12.9203826940350786488274713842891549048,9.74866033062217856717631244453043114451,20,9.2,1000,15.5,895.1,25101.54,1285.08
141581407,GB / Wolv 22nd Mar,1m Hcap,22-03-2018 18:00,7767293,Scrutiny,0,14.213445843686351,9.84255885827290984573507018652215768908,9.81253905031217051244705549386815886312,14.5,7.8,990,2.2,4078.54,44109.74,8425.68
141581407,GB / Wolv 22nd Mar,1m Hcap,22-03-2018 18:00,10137025,Shamlan,0,16.20135843480297,11.4847934493813472156976525237461981603,8.58236150945164094869145670004815970666,16.5,8,1000,14,855.48,23044.22,1027.3
141581407,GB / Wolv 22nd Mar,1m Hcap,22-03-2018 18:00,10765353,Ruby Gates,0,92.67633774347604,45.1964058059577546208034704170860033846,38.1362317564061107808817664660553850989,110,26,1000,80,93.86,4795.56,219.9
141581407,GB / Wolv 22nd Mar,1m Hcap,22-03-2018 18:00,9673439,Warofindependence,0,55.239570243489,45.7338871171262251332124494547605965414,69.4923388994042825805369473820875765129,120,42,1000,42,44.38,5035.38,302.44
141671839,GB / Wolv 22nd Mar,Annie Salts v Newstead Abbey,22-03-2018 14:10,6380844,Newstead Abbey,1,,1,1,1,1001,1,1001,0,0,0
141671843,GB / Wolv 22nd Mar,New Abbey Angel v Templemary Boy,22-03-2018 16:25,12956415,Templemary Boy,0,,1,1,1,1001,1,1001,0,0,0
141581392,GB / Wolv 22nd Mar,1m1f Hcap,22-03-2018 16:25,10539259,Raakid,1,6.2,5.62073812465751774357748960682571150578,9.76337266907527904173645083689169732859,10.5,5.1,23,1.01,833.96,82125.38,43116.06
141581392,GB / Wolv 22nd Mar,1m1f Hcap,22-03-2018 16:25,11949197,Dragonite,0,12.728226946142826,9.67726189216775451772839435686836954176,8.41183380078333666949793905201901236143,13.5,7.8,580,10,879.68,24560.34,3725.68
141671869,GB / Chep  22nd Mar,Fly Du Charmil v Minellatillmorning,22-03-2018 16:35,12743654,Minellatillmorning,1,,1,1,1,1001,1,1001,0,0,0
141671847,GB / Chep  22nd Mar,Kayf Tiger v Blue April,22-03-2018 14:20,9138419,Kayf Tiger,1,,1,1,1,1001,1,1001,0,0,0
141613716,GB / Chep  22nd Mar,2m Hcap Hrd,22-03-2018 14:20,7853142,Kayf Charmer,0,14.5,16.1470126468486594670148010580228887298,21.1195727206067751736077723154195787275,23,14,800,5,528.56,17451.52,8454.42
141613716,GB / Chep  22nd Mar,2m Hcap Hrd,22-03-2018 14:20,9138419,Kayf Tiger,0,6.2,6.43064421282922248281007797810858454269,11.0946984580544271246037740644699822586,11.5,5.5,1000,5.7,1162.28,96684.28,8478.8
141613746,GB / Chep  22nd Mar,2m NHF,22-03-2018 17:35,14833900,Liberty Bella,0,55,35.7085017814543010185214619406461915599,22.7688017383993363846966596893238675541,60,23,1000,10,110.28,6616.38,5183.74
141613746,GB / Chep  22nd Mar,2m NHF,22-03-2018 17:35,17763554,Meep Meep,1,3.6441667664843833,4.27551813974857138352439662101502361835,6.95564431556334539633139757290707317588,7.2,3.55,4.6,1.01,188.42,81079.44,141505.64
141673693,GB / Chep  22nd Mar,Without Kupatana,22-03-2018 14:50,12886945,Celer Et Audax,0,,1,1,1,1001,1,1001,0,0,0
141613731,GB / Chep  22nd Mar,2m7f Hcap Chs,22-03-2018 16:00,11377,Pink Gin,0,12,9.93980815829090517836463103038319441921,10.230673489048726348499742638320509796,13,8.8,1000,8,1130.02,32847.18,6687.78
141613731,GB / Chep  22nd Mar,2m7f Hcap Chs,22-03-2018 16:00,9257556,Pine Warbler,0,8.6,8.53584002302399439892311240811086538174,13.9178116529704861595317856410071121024,15,8.4,1000,5.1,499.52,35026.2,13788.58
141613731,GB / Chep  22nd Mar,2m7f Hcap Chs,22-03-2018 16:00,5476798,Firebird Flyer,0,20,16.9030884740662742304845829571234733123,18.9728686513764044825507040129609826973,30,16.5,1000,5,544.64,16168.22,9243.62
141613741,GB / Chep  22nd Mar,2m7f Hunt Chs,22-03-2018 17:05,5138182,Fourovakind,0,14.5,15.1656955696053912874815406967747067391,13.3223051416142006766049901525791807635,18.5,10,1000,14.5,199.84,12704.32,4785.18
141613741,GB / Chep  22nd Mar,2m7f Hunt Chs,22-03-2018 17:05,7038900,Lord Heathfield,0,40.872438383213165,47.8057572486894173592479214368968750642,46.2895785015856858503003237644249159555,65,25,1000,27,35.96,7927.12,2824.6
141613781,GB / Ludl  22nd Mar,2m NHF,22-03-2018 17:50,16002359,Looks Frozen,0,7.244629999573371,8.19401465693483304032968050013476985963,7.44188750438788879086527808951046064102,12.5,7,1000,5,182.62,35021.12,9865.92
141673716,GB / Ludl  22nd Mar,Without Herecomestheboom,22-03-2018 17:50,17763559,Best To Come,0,,1,1,1,1001,1,1001,0,0,0
141613771,GB / Ludl  22nd Mar,3m Hunt Chs,22-03-2018 16:45,7054094,Broadway Symphony,0,10,9.36441200672437470762419860229710740254,9.51652156296466813680898405262170071737,13,6.8,1000,8,166.22,22582.6,8565.3
141613771,GB / Ludl  22nd Mar,3m Hunt Chs,22-03-2018 16:45,5324622,Grandioso,0,17.684159486826832,20.0392178552003623950737410929668681973,13.7760373491282122663359298791876049754,28,15,1000,17.5,78.98,5876.68,3409.84
141613771,GB / Ludl  22nd Mar,3m Hunt Chs,22-03-2018 16:45,891608,Vouvray,0,484.9921178475116,508.372372675848446667230495749009979579,82.2069510496402246507709300075596691052,1000,150,1000,440,4.16,1019.22,84.46
