EVENT_ID,MENU_HINT,EVENT_NAME,EVENT_DT,SELECTION_ID,SELECTION_NAME,WIN_LOSE,BSP,PPWAP,MORNINGWAP,PPMAX,PPMIN,IPMAX,IPMIN,MORNINGTRADEDVOL,PPTRADEDVOL,IPTRADEDVOL
109246468,GB / Ascot 1st May,TO BE PLACED,01-05-2013 14:00,7176246,Master Carpenter,0,2.455557515647742,2.3329457684149938998933967324796543089,2.69115688992191752399784575151386072165,2.76,2.32,2.3,2.3,527.48,10973.9,214.6
109246470,GB / Ascot 1st May,TO BE PLACED,01-05-2013 14:30,6911886,Typhoon Lily,0,2.6674542638938865,2.46756248234218575773832151109831071101,2.37050758577584164583557286528522854487,2.8,2.36,2.6,2.6,369.32,12795.1,459.18
109246474,GB / Ascot 1st May,TO BE PLACED,01-05-2013 15:35,217759,Estimate,1,1.602931794,1.59328670250439520802641441493865252893,1.71062418340454967981748291231345651001,1.8,1.48,1.42,1.19,1841.4,60070.22,4676.86
109246474,GB / Ascot 1st May,TO BE PLACED,01-05-2013 15:35,6476346,Earth Amber,0,3.3128041227181346,3.18288861315354890012925931328718527235,2.9830531635868593768092283031709433014,3.5,3,3.35,3.35,1224.6,12372.6,369
109246472,GB / Ascot 1st May,TO BE PLACED,01-05-2013 15:00,4584796,Dont Call Me,0,3.5381564797263128,3.00176243012631424231815004550833998945,3.42974856029472548670257748744206648949,3.8,3.1,5.3,5.3,1936.84,21049.1,99.6
109246476,GB / Ascot 1st May,TO BE PLACED,01-05-2013 16:10,6293604,Liberating,0,6.4,5.1710527417240849317053059236101138127,5.37945200072033523275630965846206077171,6.6,4.5,1,1001,326.72,7493.94,4
109246476,GB / Ascot 1st May,TO BE PLACED,01-05-2013 16:10,6315380,Tassel,0,18.855359523855157,15.3649052173392907753813212587799956863,11.4542811066648425138875194709451615394,24,12,50,50,180.9,1325.44,8
109246478,GB / Ascot 1st May,TO BE PLACED,01-05-2013 16:45,3351441,Chapter And Verse,0,2.540552548304276,2.69467104378906851110579228102804947158,3.35646266061437311307537131949836978071,3.15,2.52,1,1001,236.58,30031.6,190.98
109246478,GB / Ascot 1st May,TO BE PLACED,01-05-2013 16:45,3847841,Toga Tiger,0,3.8206360756466164,3.40592739436955670974953641832716307238,4.03115333325835792519663274948691903692,3.8,3.4,4.2,3.35,217.28,9324.88,704.92
109246478,GB / Ascot 1st May,TO BE PLACED,01-05-2013 16:45,4926269,Uppercut,1,4.1,3.98856495555817849750462755056981740429,4.73499546979832603276078632122770243946,5.3,4.1,1,1001,345.5,5928,338.68
109246478,GB / Ascot 1st May,TO BE PLACED,01-05-2013 16:45,5739926,Poisson Dor,0,6.693270665889649,7.22073723132110026796677312955280938983,8.00760828763742034293086313822764003919,8.2,6.6,1,1001,41.16,2239.7,26.88
109246487,GB / Kemp 1st May,TO BE PLACED,01-05-2013 17:50,6516193,Lamusawama,1,2.44,2.24361387503384475266116937290909871916,2.70470091363083177889747572239001545534,2.7,2.1,2.04,1.02,238.52,7195,2782.08
109246495,GB / Kemp 1st May,TO BE PLACED,01-05-2013 20:05,803495,Llamadas,1,1.712524693,1.77373026349183848402188605527826368464,2.00902563231704686171964355743652059168,1.64,1.64,1.73,1.73,141.54,6768.04,2559.64
109246495,GB / Kemp 1st May,TO BE PLACED,01-05-2013 20:05,5422795,Ginger Fizz,0,2.4841224651044564,2.54735887044214628819621550977491119711,1.009999804503821950280872008952224984,2.74,2.48,2.48,2.3,4,4944.16,500.28
109246499,GB / Kemp 1st May,TO BE PLACED,01-05-2013 21:05,1544267,Sherjawy,0,3.0258356712275054,3.08200860572164790047515774222342848335,3.69181096506622168080894523093256477699,3.4,2.86,1,1001,125.58,8927.14,9.96
109246499,GB / Kemp 1st May,TO BE PLACED,01-05-2013 21:05,1509081,Mambo Spirit,1,1.7064940241813749,1.75373162688989791770560317121486682785,1.55628363747014933522391420265089720079,1.84,1.64,1,1001,134.78,19946.98,236
109246497,GB / Kemp 1st May,TO BE PLACED,01-05-2013 20:35,6544426,Dark Templar,0,2.02,2.05764544822001234278303117066399998157,2.09067964639002541045184956090039687378,2.18,1.91,1,1001,74.6,8076.94,1181.86
109246497,GB / Kemp 1st May,TO BE PLACED,01-05-2013 20:35,6475436,Royal Caper,0,8.6,7.73258270778327640721238004869355231826,4.54198775484233325936216049081658889122,8.8,7.2,1,1001,14,1521.9,26.48
109246532,GB / Ponte 1st May,TO BE PLACED,01-05-2013 17:35,6322068,Gold Show,0,1.663934837,1.56844818505114952433549117465469847452,1.81712548375813773577840547678744731068,1.92,1.66,1.68,1.47,84.78,20390.26,2888.74
109246515,GB / Ponte 1st May,TO BE PLACED,01-05-2013 14:20,6666885,Chamberlain,0,5.454870688568919,5.5622766048723337573323136235998434347,3.89295883476146711291452703011885186147,6.2,5.1,1,1001,124.5,3303,39.24
109246525,GB / Ponte 1st May,TO BE PLACED,01-05-2013 16:30,6542412,Theodore Gericault,1,1.8793310555308742,1.84539283514567943246484387127165571097,1.88370245947052005269727292286519157799,1.98,1.8,1,1001,754.42,39054.88,1989.08
109246525,GB / Ponte 1st May,TO BE PLACED,01-05-2013 16:30,6581200,Buckstay,1,3.2,2.79335381968944854421609886003848921176,2.45077821305929221916119475180712361457,3.35,2.22,1,1001,143.46,12787.66,781.62
109246525,GB / Ponte 1st May,TO BE PLACED,01-05-2013 16:30,6762846,Gioia Di Vita,1,2.25873485,2.34054058527175982977765485316472704909,2.65335554727668097332106012618845804202,2.64,2.18,2.32,2.32,278.64,10914.44,761.66
109246529,GB / Ponte 1st May,TO BE PLACED,01-05-2013 17:00,6693691,Free Island,0,5.677968691,5.91403626075864436036862603900485870535,5.43921166873615863886482633269512136612,6.4,5.1,1,1001,66.98,1963.94,38.02
109246529,GB / Ponte 1st May,TO BE PLACED,01-05-2013 17:00,6571062,Rangi,0,3.2975945413707812,3.23905041732084880262833376336231014955,3.06610878607589275806640213718889324464,3.35,3.3,1,1001,164.24,2297.38,4.98
109255242,GB / Chelt 1st May,TO BE PLACED,01-05-2013 17:05,5459228,Swallows Delight,0,3.2272456844821864,3.49060780244866666483955578376897151965,3.16745246226071831871458842527737165919,3.65,3.35,1,1001,22.96,2214.06,278.3
109255244,GB / Chelt 1st May,TO BE PLACED,01-05-2013 17:40,7192349,Forest Walker,0,1.89,1.90821085926423971712881436167375447721,2.10637861351691466906750623067915202667,2.02,1.9,5.5,1.88,45.38,10665.9,3034.14
109255246,GB / Chelt 1st May,TO BE PLACED,01-05-2013 18:10,6347711,Hameldown Tor,1,2.44,2.64194879721207187964066550703396881759,4.49995878798527147342840038058551860552,3.35,2.34,2.56,1.01,8,16558.06,2970.18
109255248,GB / Chelt 1st May,TO BE PLACED,01-05-2013 18:45,4750414,Batu Ferringhi,0,3.05,2.51649668839895464749067860395098847042,2.64710385838218785455902532155184879188,2.8,2.38,2.62,2.22,10,8760.14,1083.5
109255252,GB / Chelt 1st May,TO BE PLACED,01-05-2013 19:50,4596103,Special Portrait,1,2.16,2.17281184045381415857643840747473541257,2.45324458279028530506772464755148567679,2.48,1.99,2.22,1.02,249.38,22229.4,5764.72
109255252,GB / Chelt 1st May,TO BE PLACED,01-05-2013 19:50,6471150,Debs Dasher,0,7.2,7.63758567297058374957206196018729697262,12.3521162607561890854998568289068579897,8,7.2,1,1001,14,1133.4,124
109255252,GB / Chelt 1st May,TO BE PLACED,01-05-2013 19:50,1153637,Zacharova,0,7.655281180260354,7.59643121207703130501564547475100135153,6.19692880207541156686153399698424131589,9.6,6.4,100,7.2,4,2006.52,400.72
109255254,GB / Chelt 1st May,TO BE PLACED,01-05-2013 20:20,3455652,Big Game Hunter,0,27.55594608724786,23.9788970363860655510489452713826988175,26.8343829265581620354102450343311006021,36,21,19.5,19.5,11.96,494.8,53.38
109255250,GB / Chelt 1st May,TO BE PLACED,01-05-2013 19:20,3759987,Keel Road,0,12.885197271674993,9.22919870147212564594055097338202757087,1,14,9,11,11,0,1117.58,42.12
109255250,GB / Chelt 1st May,TO BE PLACED,01-05-2013 19:20,7240757,Popaway,1,3.2,2.891485435652786661286683270721440685,1,3.15,2.76,3.95,2.5,0,6929.3,2022.2
109255256,GB / Sthl 1st May,TO BE PLACED,01-05-2013 13:40,587042,Over And Above,0,1.6979246083855282,1.71746287144849253927791380256706693664,1.85707800214806232805184551111655868122,1.76,1.67,15,1.66,223.78,9715.3,1589.06
109255256,GB / Sthl 1st May,TO BE PLACED,01-05-2013 13:40,5910277,Caulfields Venture,0,1.2718714632254522,1.31944361061589877600488259040069623836,1.41840678614021242552743162087924232091,1.51,1.28,2,1.32,2768.16,25756.76,4759.28
109255258,GB / Sthl 1st May,TO BE PLACED,01-05-2013 14:10,4764482,Roc De Guye,0,5.281694721584351,5.49918022601448617043922569663331505043,6.31742225285908235145308657492634821153,6.4,5,1,1001,124.42,3306.36,232.52
109255258,GB / Sthl 1st May,TO BE PLACED,01-05-2013 14:10,1192127,Mad Professor,0,9.6,10.6613024765649909598110255088773473954,3.14647649608236789807151611689851996121,12.5,9.6,1,1001,4,1623.32,4
109255260,GB / Sthl 1st May,TO BE PLACED,01-05-2013 14:40,4383147,Kings Grey,1,2.04,1.96856419099792506093697916056156314681,1.74220920951142597689052397063199085956,2.06,1.87,2.28,1.44,204.72,22138.24,5910.04
109255270,GB / Sthl 1st May,TO BE PLACED,01-05-2013 17:30,6440392,Grange Boy,0,2.88,3.2888677144708382189020456816422855129,4.62414114227612780951202549917610499232,5.8,2.78,2.9,2.9,109.42,9900.2,2124.98
109255270,GB / Sthl 1st May,TO BE PLACED,01-05-2013 17:30,2950521,Starlight Air,1,2.96,2.83890907928450763693539216327073502423,2.40278961751413630888367206472206939985,3.05,2.52,2.92,1.06,274.88,11855.94,1067.9
109255262,GB / Sthl 1st May,TO BE PLACED,01-05-2013 15:10,5730196,Greatown,0,4.576257432255079,4.24603545437402158833457423611401451618,4.74867545663747348564306367451508734793,4.7,4.6,4.8,4.7,71.84,1999.52,391.72
109255262,GB / Sthl 1st May,TO BE PLACED,01-05-2013 15:10,6756963,Storm To Pass,1,4.656948967193603,4.43594687487836493639688507465322739616,5.38050963622317999489742164542231111366,6,3.9,3.8,1.01,39.42,2737.8,1600.42
109255262,GB / Sthl 1st May,TO BE PLACED,01-05-2013 15:10,1480292,King Mak,0,2.9142564535874396,2.6241496158676698885994451924027946179,2.27105475638936247067014876460392406748,2.9,2.5,2.84,2.66,306.32,7639.02,946.06
109246472,GB / Ascot 1st May,TO BE PLACED,01-05-2013 15:00,5699237,Fencing,1,2.068540598508699,2.0994023741275490125430956155795790005,1.98558366460667350170099844671844499161,2.24,2.04,2,1.01,1220.06,29860.44,1752.46
109246472,GB / Ascot 1st May,TO BE PLACED,01-05-2013 15:00,4873274,Boom And Bust,0,3.25,2.9533732269198529201477099024961573884,3.46430569430528610978315689544198178128,3.45,2.82,2.92,2.92,851.68,13209.36,127.98
109246472,GB / Ascot 1st May,TO BE PLACED,01-05-2013 15:00,3806802,Monsieur Chevalier,0,7.2,7.42282889122711823050955286777299161758,6.87440014044055141095002976302702229788,10,6.6,1,1001,314.48,5175.62,200.1
109246476,GB / Ascot 1st May,TO BE PLACED,01-05-2013 16:10,6400221,Zanetto,0,2.206293279,2.02972454306535430374094508210613835138,2.33664655623248964358089607853866502483,2.34,2.1,2.04,1.48,1096.42,42703.32,1662.54
109246478,GB / Ascot 1st May,TO BE PLACED,01-05-2013 16:45,4669911,Good Authority,1,7.6,6.12039153546510154643802460523358205822,7.27571107868485458279406675802909744195,7.6,5.2,1.02,1.02,103.28,4498.32,777.94
109246478,GB / Ascot 1st May,TO BE PLACED,01-05-2013 16:45,5538103,Forest Row,0,3.5914170688691773,3.25451389267618248775948073368271616465,3.35682027259693899591801322874664371037,3.9,3.15,3.1,3.1,632.7,9364.28,276.74
109246478,GB / Ascot 1st May,TO BE PLACED,01-05-2013 16:45,4800307,Scottish Star,0,5.3,5.13657171313263099458812633123582594144,7.72561602673505462465015265970185468764,8.2,4.9,1,1001,95.12,3449.14,42.38
109246478,GB / Ascot 1st May,TO BE PLACED,01-05-2013 16:45,5011917,Hurricane Lady,0,5.562167594,5.18840555852757852858435401138928692179,7.00475923901451469064246490780889645426,6.8,5.9,1,1001,94.44,2938.84,6
109246478,GB / Ascot 1st May,TO BE PLACED,01-05-2013 16:45,5823996,Kaafel,0,7.8,6.67744315752655741535707393821296519296,7.1348899950006659207944065894958293423,9,6.6,1,1001,222.6,1960.44,130.78
109246487,GB / Kemp 1st May,TO BE PLACED,01-05-2013 17:50,6881634,Bin Manduro,0,8.4,6.00913200254791351002891901233344276393,5.9249978393557866052032957817799150901,9,6.8,1,1001,124,2177.38,101.2
109246487,GB / Kemp 1st May,TO BE PLACED,01-05-2013 17:50,6757540,Magika,0,6.454049637,5.03812112358198760459211054344727930959,3.48398947387836031481834094369491263273,6.8,5.7,4,4,108.5,2668.2,327.98
109246489,GB / Kemp 1st May,TO BE PLACED,01-05-2013 18:25,7238077,Touch Paper,0,4.288507683492208,4.00755637166768941206789914047075672175,2.9556731991509291151861064327936598025,4.6,3.2,5,3.6,48,2570.04,196.68
109246491,GB / Kemp 1st May,TO BE PLACED,01-05-2013 19:00,3074007,Mister Green,1,3.258919495,3.53072764006772524113347070335375446897,3.45901502255863697449715652004625959169,3.95,3.3,2,1.02,120.42,4723.9,1363.46
109246493,GB / Kemp 1st May,TO BE PLACED,01-05-2013 19:35,6320691,Lucanin,1,1.4553614398848187,1.60130247202107534054932901078119063505,1.80302633877503892877921529396668582642,1.98,1.47,1.5,1.12,281.3,16454.78,1996.42
109246493,GB / Kemp 1st May,TO BE PLACED,01-05-2013 19:35,6725975,Duke Of Perth,0,2.9,2.8971137337600127307964447516407813166,1,3.35,2.74,2.92,1.98,0,3244.24,358.16
109246493,GB / Kemp 1st May,TO BE PLACED,01-05-2013 19:35,1345439,On My Own,0,10.839035322777637,8.6401925453673965393046166503044707994,4.70040452320237126953786310215685708088,9.6,9.4,1,1001,16.9,1147.24,29.3
109246499,GB / Kemp 1st May,TO BE PLACED,01-05-2013 21:05,5491787,Aljosan,0,11.5,8.34037254580496956681168165303206792268,6.28838441266517761551319838473182054282,11,5.6,1,1001,36.02,2583.72,0
109246499,GB / Kemp 1st May,TO BE PLACED,01-05-2013 21:05,5497340,Aaranyow,1,2.3323975837683246,2.45112926232286555247540964664728186992,2.64725598348019659188309374147126138199,2.9,2.22,2.1,2.1,110,14517.96,991.9
109246499,GB / Kemp 1st May,TO BE PLACED,01-05-2013 21:05,5598377,Littlecote Lady,0,2.123735542180239,2.06115445812872127157334783550946030835,2.33417004492194919273802508816674938494,2.2,1.91,2.2,2.2,162.72,16240.38,795.36
109246519,GB / Ponte 1st May,TO BE PLACED,01-05-2013 15:20,5618741,Sehnsucht,1,5,4.57798972039092934392684161209484914587,4.73509528070944571819323406679923309525,5.6,4.6,4.9,4.2,76.3,3276.3,769.9
109246532,GB / Ponte 1st May,TO BE PLACED,01-05-2013 17:35,5637142,Sunnybridge Boy,1,2.821918982459393,2.48020981350852500826241725135555812266,3.86771502989871478548258390502509299421,3.75,2.82,2.52,2.5,131.74,6149.78,2310.32
109246532,GB / Ponte 1st May,TO BE PLACED,01-05-2013 17:35,5789409,Blades Lad,0,3.4,2.62981224823335049804223922513435942316,2.24462642669088343901060658581640472454,3.35,3,1,1001,151.38,3315.38,248.7
109246532,GB / Ponte 1st May,TO BE PLACED,01-05-2013 17:35,5945824,Kuwait Star,0,3.6,2.95495268966378741390561708212543288325,3.84997965526571391643981336639253508943,3.35,3.15,1,1001,6.64,3187.96,35.16
109246515,GB / Ponte 1st May,TO BE PLACED,01-05-2013 14:20,7238090,New Bidder,0,14,14.1131862452045013440437825576860099238,8.9300864922253085148017043838016092051,18.5,13,1,1001,141,736.72,1.68
109246521,GB / Ponte 1st May,TO BE PLACED,01-05-2013 15:55,6522603,Heading North,1,1.9,2.00477296464024751794911839249426456643,2.29044589615523008885727653944372539707,2.26,1.88,1.02,1.02,613.12,16709.82,3192.98
109246525,GB / Ponte 1st May,TO BE PLACED,01-05-2013 16:30,6689563,Esteaming,0,2.979982675571573,3.00841387082553963788053835248249516427,2.60114816880561800032085656356470665863,3.2,2.86,2.94,2.94,240.92,8299.04,439.52
109246529,GB / Ponte 1st May,TO BE PLACED,01-05-2013 17:00,6426184,Flighty Clarets,1,7.363022369345854,6.90825504149070753333421905315073139949,4.92553603550276608263330563943696191233,7.6,7,1,1001,87.36,1222.96,453.52
109246529,GB / Ponte 1st May,TO BE PLACED,01-05-2013 17:00,6533073,Sand Boy,0,2.663304083592829,2.60170331221396768264604534215495590929,2.54581966373921186228921837227631676148,2.74,2.48,1,1001,44,7438.36,14.02
109255242,GB / Chelt 1st May,TO BE PLACED,01-05-2013 17:05,7110228,Aneda Rose,0,37.078637067,35.9578925251714586893259912153573345215,1,44,36,1,1001,0,156.3,0
109255242,GB / Chelt 1st May,TO BE PLACED,01-05-2013 17:05,4729594,Himalayan Express,1,14,11.9014369742821030396792222127726752373,6.85887899073505571203310632826469475778,14,12,1,1001,29.82,687.84,1051.18
109255244,GB / Chelt 1st May,TO BE PLACED,01-05-2013 17:40,3813823,Artic Pride,0,5.487858557808215,4.50134281078010758977994805634838679804,5.33616655314316664392115573235552451994,4.8,4.7,1,1001,50.64,1667.5,38.26
109255244,GB / Chelt 1st May,TO BE PLACED,01-05-2013 17:40,4240511,Oriel Bank,0,44.48770115118705,29.1515970716922215906501660541357056437,1,55,42,1,1001,0,153.3,8
109255244,GB / Chelt 1st May,TO BE PLACED,01-05-2013 17:40,7240752,Indiana Bay,1,3.894249658218687,3.46876417185874164259708118081044260139,4.80215885910686346422765904333139515377,4,3.7,3.9,1.01,51.98,2372.62,1671.54
109255244,GB / Chelt 1st May,TO BE PLACED,01-05-2013 17:40,4640054,Bay To Go,0,3.052670336768496,2.97222229847287078584184628924417274678,3.48021527198902017665348443223345475122,3.7,2.84,3.3,2.26,17.8,4939.12,1165.56
109255244,GB / Chelt 1st May,TO BE PLACED,01-05-2013 17:40,3476049,Quatuor Collonges,0,21.959321410425474,15.3627580334252371847386760870836529032,13.0929834885908127505298720857035286306,26,23,16.5,16.5,4,420.62,57.04
109255246,GB / Chelt 1st May,TO BE PLACED,01-05-2013 18:10,3817208,Coombe Hill,0,1.4771627617433114,1.41490432265175750004567323125646810768,1.40478158210269583401049040180618933856,1.5,1.36,1.46,1.41,26.84,26386.9,4561.04
109255246,GB / Chelt 1st May,TO BE PLACED,01-05-2013 18:10,5089110,Trouble Digger,0,4.8,4.17517201698665583180741903821542339678,3.34998557872097844732884459734682995706,4.8,3.55,4.1,2.92,11.7,4820.5,1193.58
109255246,GB / Chelt 1st May,TO BE PLACED,01-05-2013 18:10,1442573,The General Lee,0,3.05,3.17331772340031974295528128646428949925,3.87874422008203060110481355060800171781,3.8,2.98,3,2.3,23.44,5599.18,834.82
109255252,GB / Chelt 1st May,TO BE PLACED,01-05-2013 19:50,5446741,King Of The Road,0,29.68784290571697,27.3839891994768462130479242490165229682,1,36,27,32,32,0,304.64,20
109255252,GB / Chelt 1st May,TO BE PLACED,01-05-2013 19:50,825260,Cold Mountain,0,33.366159066164386,25.9443295833201092941999091558696826611,19.4924029148846968553415094570753503544,34,20,1,1001,4,388.56,4
109255252,GB / Chelt 1st May,TO BE PLACED,01-05-2013 19:50,3982039,Hows My Friend,0,4.063504129228894,4.38255613984097032343351071061319108275,5.43353865082878596822163612194855818367,4.9,4,4.1,4.1,37.5,3469.66,157.54
109255254,GB / Chelt 1st May,TO BE PLACED,01-05-2013 20:20,4260490,Rebel Du Maquis,1,2.6936159943662643,2.33916899618720745724688375040801155277,1.91468673547685441149175916708528906776,2.64,1.99,1.12,1.12,55.28,11573.52,3577.7
109255254,GB / Chelt 1st May,TO BE PLACED,01-05-2013 20:20,4273537,Palypso De Creek,1,2.174664668,2.27318264807087775190857028234210331343,2.99998770007564453478611106541694768577,2.36,2.08,2.22,1.01,12,6256.18,1555.88
109255254,GB / Chelt 1st May,TO BE PLACED,01-05-2013 20:20,5288078,Allerford Jack,0,4.654374208480441,5.23835994499615883015581646189532563575,4.3783504042887678555221850266587523224,5.4,4.8,1,1001,24.54,3981.3,342.78
109255256,GB / Sthl 1st May,TO BE PLACED,01-05-2013 13:40,5105681,Qualitee,0,3.0367875648105116,3.02649059884174646744869193620695774899,2.68112946256681154326334273213752060468,3.3,2.8,2.62,2.2,168.84,4650.14,654.44
109255258,GB / Sthl 1st May,TO BE PLACED,01-05-2013 14:10,2053537,Apache Dawn,1,2.82,2.83268930117539895128014282875417245052,2.9572636080683997907182658479690155882,3.1,2.62,2.56,1.88,264,8606.94,3043.1
109255268,GB / Sthl 1st May,TO BE PLACED,01-05-2013 16:55,6486008,Floral Spinner,1,1.49,1.49132128353404517709511198430405507121,1.54999899662345210586440146359192452825,1.65,1.45,1.78,1.11,74,24168.64,7874.26
109255268,GB / Sthl 1st May,TO BE PLACED,01-05-2013 16:55,5072532,Strangelittlegirl,0,13,9.64296603752930024609833664826081860933,6.72656725193301617074264722203866771165,14,7.2,1,1001,184.32,1592.46,353.12
109255270,GB / Sthl 1st May,TO BE PLACED,01-05-2013 17:30,4769074,Music In The Air,0,6.4,6.01809648143111821967070150063880185406,4.62691537670273869264708330311544877028,6.8,6,6.6,6.4,26,2438.8,302.54
109246468,GB / Ascot 1st May,TO BE PLACED,01-05-2013 14:00,7200999,Anticipated,1,1.92,1.82866276948074891408929064223712584775,1.67867932373824212300211525310515509827,1.98,1.69,1,1001,781.04,24638.94,2420.9
109246474,GB / Ascot 1st May,TO BE PLACED,01-05-2013 15:35,4041970,Caucus,1,2.544331649603291,2.63603729610828956437965731995249242329,2.56715776679715660440934632526722066571,2.8,2.54,2.28,2,725.78,11947.64,6709.86
109246476,GB / Ascot 1st May,TO BE PLACED,01-05-2013 16:10,6435955,Pearl Acclaim,0,5.7,4.27550577087329017761944096370740255441,3.96972546973954711018026503450851209733,5.4,3.45,1,1001,977.1,7555.78,.84
109246476,GB / Ascot 1st May,TO BE PLACED,01-05-2013 16:10,6475432,Ninjago,1,3.2,2.93804553248938830497669396691666834107,2.83549163793980596068806261768686434801,3.4,2.8,3.15,2.2,584.62,12712.5,2255.64
109246476,GB / Ascot 1st May,TO BE PLACED,01-05-2013 16:10,6382906,Sandreamer,0,5.5,4.60045492621332815121422777099425736548,4.07802602206142353231723496268804878907,5.8,3.85,1,1001,700.3,7038.14,211.54
109246476,GB / Ascot 1st May,TO BE PLACED,01-05-2013 16:10,6393125,Hasopop,1,2.822513481872302,2.38912683467730952498546720638402902542,2.59468533670793709315135019847647969832,2.96,2.34,2.66,1.01,1798.42,29935.6,4082.08
109246478,GB / Ascot 1st May,TO BE PLACED,01-05-2013 16:45,4988177,Yojimbo,0,5.974115837,5.65547548350225838107419920081650147022,6.74887486817781181576748923953876488935,7.4,7.2,1,1001,52.94,2855.6,4
109246478,GB / Ascot 1st May,TO BE PLACED,01-05-2013 16:45,3432736,Another Try,0,27.078486735,19.0798304632917920736612009774365864226,12.8298737219086324870622272776523306523,29,16.5,1,1001,33.24,800.98,11.8
109246478,GB / Ascot 1st May,TO BE PLACED,01-05-2013 16:45,5768248,Rocky Reef,0,12.703869928,11.727539963669765417047487289179508943,10.0261810651278427612397983798014626001,14,10,1,1001,75.12,1306.7,.2
109246487,GB / Kemp 1st May,TO BE PLACED,01-05-2013 17:50,6477573,Shamaheart,0,2.037549764472206,1.99507716926588517316576248982438487221,2.87767527176184704804960552847287736459,2.38,2.06,2.04,2.04,108.64,9603.1,513.08
109246487,GB / Kemp 1st May,TO BE PLACED,01-05-2013 17:50,6557896,Forced Family Fun,0,6.8,5.01043560818106084534257638512837960398,6.44251209914374080901730458365015199951,7.4,6.4,1,1001,58,2370.9,155.08
109246487,GB / Kemp 1st May,TO BE PLACED,01-05-2013 17:50,6586763,Codebreaker,0,4.345723575,3.26826614944739412949531066530736116106,3.00632111471894433001686963085132192626,4.4,3.3,1,1001,63.58,3426.64,133.26
109246493,GB / Kemp 1st May,TO BE PLACED,01-05-2013 19:35,5428458,Reminisce,1,4.27427316969537,4.48572302049414150823630776760533649671,1,5,4,2.36,2.36,0,3478.56,1225.04
109246493,GB / Kemp 1st May,TO BE PLACED,01-05-2013 19:35,7238079,Al Baahi,0,4.4,4.25279365475920260894551611121786185002,2.4811867433786467611114880521819329717,4.1,4,5.1,5.1,4,1979.7,98.62
109246493,GB / Kemp 1st May,TO BE PLACED,01-05-2013 19:35,7238081,Mutanaweb,0,1.8000000095367434,1.78268213419055827199089966865960875551,2.06454090528413751204413608456181709329,1.88,1.6,2.42,1.79,60.98,11084.34,1610.48
109246495,GB / Kemp 1st May,TO BE PLACED,01-05-2013 20:05,2466513,Sommersturm,1,1.752596569827292,1.90277575704155043145906736114503660185,2.74995211035865012439788074220077110936,2.14,1.76,2.3,2.3,175.02,7751.3,2384.94
109246495,GB / Kemp 1st May,TO BE PLACED,01-05-2013 20:05,3078981,Watergate,0,6.6,5.27145626617773047642184404987608753703,4.49353771018104494649929697473845025472,6.2,4.9,8.4,4.7,49.54,1324.94,889.32
109246497,GB / Kemp 1st May,TO BE PLACED,01-05-2013 20:35,6442315,Hands Of Time,0,1.325742816764123,1.43457878760842682530638997978184285333,1.65357820522950489392671753855567432353,1.61,1.32,1.1,1.1,1630.34,31627,1674.86
109246497,GB / Kemp 1st May,TO BE PLACED,01-05-2013 20:35,6778615,Knight Owl,1,2.74,2.91539501797674129171694069031556681847,2.65466341867362651259222734552085669016,3.15,2.78,2.7,2.7,48.18,4656.82,268.78
109246497,GB / Kemp 1st May,TO BE PLACED,01-05-2013 20:35,7039045,Green Special,1,3.944362632,3.54658444765444889402617886471474367508,3.62252059494045731975320726161327861742,3.7,3.2,3.05,3,51.56,5169.02,1013.48
109246521,GB / Ponte 1st May,TO BE PLACED,01-05-2013 15:55,6615357,Star Lahib,0,1.94,2.02971149790698005425675268540054682473,2.33519738287247291959480791169220465799,2.2,1.94,1,1001,201,12751.08,229.92
109255242,GB / Chelt 1st May,TO BE PLACED,01-05-2013 17:05,3655916,Parazar,0,38.936185812779,42.36153908362638738299374126174228188,17.4979802024237570914914902102117477459,50,40,1,1001,10,156.52,0
109255242,GB / Chelt 1st May,TO BE PLACED,01-05-2013 17:05,3309095,Party Pictures,0,6.8,6.07327007755444987429635151974902457784,5.59064099882026275979559694337092058776,7.4,5.5,1,1001,29.08,1549.06,8
109255242,GB / Chelt 1st May,TO BE PLACED,01-05-2013 17:05,4568968,Louis Pasteur,0,4.8,4.22942444220669063107910719627568181289,5.81777076234592073677061684193602636441,5.1,3.65,4.2,4.1,68.64,2487.82,352.06
109255244,GB / Chelt 1st May,TO BE PLACED,01-05-2013 17:40,7240751,Hello Mr Kelly,0,30,21.1584463937270423812415008958620079266,10.8771655793382541661489174225805630324,34,23,1,1001,10,284.68,4
109255246,GB / Chelt 1st May,TO BE PLACED,01-05-2013 18:10,6167921,Rumbury Grey,1,2.18,2.35270004968859342255438739107398922837,2.92116644871115948197714297228925761476,2.5,2.2,1,1001,26.54,10298.48,2579.12
109255248,GB / Chelt 1st May,TO BE PLACED,01-05-2013 18:45,5516952,Arbour Hill,0,3.5,3.30569658356720246620360880092456411391,3.84172066753645174256497496067977534314,3.9,3.3,3.25,3.25,30.94,3862.12,176.72
109255252,GB / Chelt 1st May,TO BE PLACED,01-05-2013 19:50,3850124,Dammam,1,2.3,2.46145037440900767122449878594147332927,2.26237104799693462816496404411862332707,2.74,2.24,2.94,2,85.62,16213.12,5179.16
109255252,GB / Chelt 1st May,TO BE PLACED,01-05-2013 19:50,1547249,Oedipe,0,9.4,8.49358720654354151904544920632319788731,9.31772941361970129123930418272214776268,9.2,7.6,1,1001,16,1325.82,14.24
109255252,GB / Chelt 1st May,TO BE PLACED,01-05-2013 19:50,3024479,James Pine,0,28.055164043,21.2890060576033345383031157284799679849,1,32,15,1,1001,0,657.56,28.74
109255254,GB / Chelt 1st May,TO BE PLACED,01-05-2013 20:20,1457927,Soulard,0,15.533014019312247,16.5758893020175567162593680242441067682,1,19.5,15.5,1,1001,0,851.62,28.34
109255250,GB / Chelt 1st May,TO BE PLACED,01-05-2013 19:20,1284910,Chesnut Annie,1,4.7,3.8784612539944249758353851428558035782,1,4.7,3.9,4.1,2.1,0,3973.14,1163.24
109255250,GB / Chelt 1st May,TO BE PLACED,01-05-2013 19:20,3852306,Mid Div And Creep,1,1.6057171541438306,1.66577797339908833591145784710985135444,1.94998049597565784490088345088844193641,1.79,1.62,1.8,1.05,6.78,14101.24,5772.48
109255258,GB / Sthl 1st May,TO BE PLACED,01-05-2013 14:10,5930613,Reasonable Force,0,4.9,4.76316417288234798557656476382264968361,3.92473636507009418426457344077347268742,5.4,4.2,3.05,3.05,34.42,3636.86,253.96
109255262,GB / Sthl 1st May,TO BE PLACED,01-05-2013 15:10,6171317,Arrowmint,0,48,40.1538262492331494019187692851681876389,12.9999875200129791865016460382881201804,190,25,180,180,20,340.64,25.4
109246470,GB / Ascot 1st May,TO BE PLACED,01-05-2013 14:30,6395144,Cruck Realta,0,2.14,2.02498316865339395243528525013394594774,2.07251532998408680437905503355563427072,2.28,2.04,8.6,2,1548.36,25362.32,683.48
109246470,GB / Ascot 1st May,TO BE PLACED,01-05-2013 14:30,6424037,Masarah,1,3.97026211483455,3.70377902044265197825613384019923759307,3.5798331112244133869975911691228587848,4.7,3.5,4,2.62,724.56,9594.72,2581.48
109246472,GB / Ascot 1st May,TO BE PLACED,01-05-2013 15:00,5573343,Sovereign Debt,1,1.9918845698678305,1.8597442316486096966688907930580088928,1.83580855713052012829974065982158879771,2.08,1.77,3,1.01,2067.16,49304.5,2211.58
109246478,GB / Ascot 1st May,TO BE PLACED,01-05-2013 16:45,4201912,Karaka Jack,1,3.710333064571623,3.20805444529431971300977131395575212655,3.20571466722420660368573722650821287952,3.95,3.35,1.02,1.01,204.9,11197.8,1207.28
109246478,GB / Ascot 1st May,TO BE PLACED,01-05-2013 16:45,5786747,Twenty One Choice,0,3.107245456184191,2.59054213603549744679455152488909497024,2.66013689468397410014159063775106961114,3.15,2.36,2.86,2.8,264.12,16503.7,1332.9
109246487,GB / Kemp 1st May,TO BE PLACED,01-05-2013 17:50,6432519,Typhon,0,3.35,2.76883087736006616171524279238601713774,2.45352156692310196887428814149325241479,3.5,2.66,1,1001,267.86,5974.44,130.34
109246489,GB / Kemp 1st May,TO BE PLACED,01-05-2013 18:25,7238076,Suite,1,1.89,1.85030272224647939188088496529656091513,2.20905089362809441107986056711475316229,2.26,1.75,1.6,1.6,245,11049.86,2083.64
109246491,GB / Kemp 1st May,TO BE PLACED,01-05-2013 19:00,3251795,Mishrif,1,3.5965046395274114,3.35217207083460475990896500921802677137,2.38132713901721895429321676113303726182,3.8,3.5,1,1001,115.94,5825.7,757.94
109246491,GB / Kemp 1st May,TO BE PLACED,01-05-2013 19:00,4867790,Warbond,0,2.8965840516632126,3.00173724062041537656326840999876402614,2.95012071132663172134473105396253400979,3.4,2.9,2.62,2.62,41.54,6386.3,383.74
109246495,GB / Kemp 1st May,TO BE PLACED,01-05-2013 20:05,1145662,Bahrain Storm,0,7.635653540447819,6.18640015238734146519554961070899185304,4.99996600028899754352088007251938358524,7.6,5.5,1,1001,4,952.1,93.58
109246495,GB / Kemp 1st May,TO BE PLACED,01-05-2013 20:05,3396748,Bin End,0,8.57470680329483,7.29603729188659367160326023771210993126,4.57019371645905903205610358125769698645,8.8,6,1,1001,20,1156.88,8.48
109246499,GB / Kemp 1st May,TO BE PLACED,01-05-2013 21:05,5473635,Rose Garnet,0,1.6738518935634055,1.67335130543879407218107421402942466709,1.57909680812003061683843222644034156773,1.81,1.53,2.1,2.1,530.72,36486.06,249.24
109246497,GB / Kemp 1st May,TO BE PLACED,01-05-2013 20:35,27428,Little Indian,0,8,6.66963616947620201647315200859636466901,5.45868083984549548079112556825618241733,8.2,5.9,1,1001,32,1487.84,62.18
109246497,GB / Kemp 1st May,TO BE PLACED,01-05-2013 20:35,6438772,Clement,1,2.803841183,3.07973072315191930241038019086622590635,2.85492575220251753746278388993328732318,2.96,2.92,1,1001,35.18,2398.18,1186.34
109246517,GB / Ponte 1st May,TO BE PLACED,01-05-2013 14:50,6613671,Marsh Dragon,0,5.8,6.46506969267835018501824487868990348586,6.22991360042230705551599075249913723361,8,5,890,3.5,33.48,5309.68,308.86
109246519,GB / Ponte 1st May,TO BE PLACED,01-05-2013 15:20,5038613,Blue Maisey,0,2.511890418764379,2.12963833690584104187933414174589543211,1.97416870345358607070365860955113881711,2.54,1.91,2.12,2.12,1140.08,18822.64,494.84
109246532,GB / Ponte 1st May,TO BE PLACED,01-05-2013 17:35,5990391,Special Mix,1,6.2,5.72875539898786970787352007945126933112,1,7,5.7,1,1001,0,3351.76,1179.44
109246529,GB / Ponte 1st May,TO BE PLACED,01-05-2013 17:00,6350142,Dream Ally,0,1.6572283015587526,1.66231310685159837479500531625935010117,1.69962747143038484126041087352497774995,1.73,1.51,1.7,1.46,510.8,18900.34,1569.06
109246529,GB / Ponte 1st May,TO BE PLACED,01-05-2013 17:00,6673660,Dewi Chinta,0,6,6.29365770639043962538610720255904239992,4.54998414340415946142107231921030752729,6.6,6.4,1,1001,6,765.38,30.58
109246529,GB / Ponte 1st May,TO BE PLACED,01-05-2013 17:00,6465010,Bondesire,1,3.2495808024730657,3.2807046797756424491045614142647296852,2.66307025727550234439793100923734652716,3.45,3.45,1,1001,95.4,2772.58,415.28
109255242,GB / Chelt 1st May,TO BE PLACED,01-05-2013 17:05,3755814,Caulkin,0,5.925420539658518,5.58135073944653756749087515532568004362,8.88700056092427547142963673816850123246,5.8,4.9,1,1001,14.48,1145.58,24
109255244,GB / Chelt 1st May,TO BE PLACED,01-05-2013 17:40,21694,Fourth In Line,0,43.85355638152046,30.052946672673048441753152692811031622,1,70,40,1,1001,0,240.26,9.58
109255244,GB / Chelt 1st May,TO BE PLACED,01-05-2013 17:40,5104096,Croan Rock,0,5.593335109560284,4.99402271706159926372203184534845148214,4.74545282441775062335668042256642853015,5.5,5.3,1,1001,102.64,1648.46,40.88
109255252,GB / Chelt 1st May,TO BE PLACED,01-05-2013 19:50,1331967,Keenans Future,0,6.711984538684486,5.92223730279383042931122052706997753695,6.27670170792272275213561285549831831484,6.8,5.1,6.6,6.6,7.4,3300.14,874.42
109255252,GB / Chelt 1st May,TO BE PLACED,01-05-2013 19:50,2175606,Freddies Return,0,3.15,2.99462507227707511187509340916425258104,3.77131088689546547994890215628918436345,3.1,2.82,6.6,6.6,17.82,5605.74,469.66
109255252,GB / Chelt 1st May,TO BE PLACED,01-05-2013 19:50,3518732,Thelobstercatcher,0,4.1,3.6149008226958435278469935120217817211,3.70185338602206695032972043084675442643,4.2,3.1,50,50,71.1,6831.82,192.72
109255252,GB / Chelt 1st May,TO BE PLACED,01-05-2013 19:50,4392641,Be There In Five,0,4.6,5.19033444621901784040996377815886773984,1,5.5,4.9,1,1001,0,4170.72,112.5
109255250,GB / Chelt 1st May,TO BE PLACED,01-05-2013 19:20,7240756,Fruit Fayre,0,1.65,1.63121619679386337731209291926762878102,1.95739174728313841934682523036651424065,1.7,1.65,1.66,1.66,10,13436.58,1086.6
109255250,GB / Chelt 1st May,TO BE PLACED,01-05-2013 19:20,1421227,Topless,0,7,6.03072442897114993934140663632348208825,6.11838095962283020307164457348218664627,7.6,6,6,6,10,1679.64,40
109255260,GB / Sthl 1st May,TO BE PLACED,01-05-2013 14:40,5869380,Cross Of Honour,0,2.3844317493925153,2.39282497726717050251779278566046949273,2.2462978312602389598496369132431044263,2.5,2.3,2.5,2.5,165.5,10714.26,1037.92
109255264,GB / Sthl 1st May,TO BE PLACED,01-05-2013 15:45,2387479,Earcomesthedream,0,3.15,3.29807963009403850883978773439136493871,2.32094457861177271894395153719086778694,3.6,3.2,5,2.46,41.38,7204.14,1080.84
109255270,GB / Sthl 1st May,TO BE PLACED,01-05-2013 17:30,856043,Napoletano,0,2.313806475640783,2.5280130232952543925184859584591770007,2.92830790489316125750615054974012992825,2.96,2.32,4.8,2.36,314.92,15639.62,571.84
109255270,GB / Sthl 1st May,TO BE PLACED,01-05-2013 17:30,4679680,I Can Run Can You,0,8.420806166784427,5.04749879999146667321592716774778673823,3.92414053931924280723878968295363448155,8,3.7,44,6.6,72.52,5024.16,159.24
109255270,GB / Sthl 1st May,TO BE PLACED,01-05-2013 17:30,4713890,Velvet Vic,1,3.9,3.71486357682360640822828944226609675707,3.45176734971407381736936024579465549882,4.2,3.5,1,1001,178.34,6745.48,994.6
109255262,GB / Sthl 1st May,TO BE PLACED,01-05-2013 15:10,5945762,Adios Alonso,1,1.957591538,1.95012029724571024054472241309631502088,1.85961669684853995246109460346479746606,2.06,1.83,1.96,1.11,406.42,23849.38,10890.66
109255262,GB / Sthl 1st May,TO BE PLACED,01-05-2013 15:10,6923609,Billing,1,2.6111151361874363,2.61784091529923010622170556523389045178,2.4405612440032507737555192627511602875,3.25,2.54,2.5,2.34,34.56,16940.68,3648.86
109255262,GB / Sthl 1st May,TO BE PLACED,01-05-2013 15:10,5244972,Go Teescomponents,0,8.17617848912385,6.56868365421979254083086663455423266801,5.47498957327429427089434881616725833029,8.2,6,15,15,20,2220.44,88.8
109246470,GB / Ascot 1st May,TO BE PLACED,01-05-2013 14:30,6440405,Chat,0,2.1069605837403573,1.88399230278031716539022050948970938194,1.84566451474205091524547798764750313819,2.14,1.82,12,12,521.82,23955.64,286.82
109246478,GB / Ascot 1st May,TO BE PLACED,01-05-2013 16:45,5649919,Tigers Tale,0,5.6,4.3462641662784390340078775138745882842,4.55302656178517965479886792847657378184,5.5,5,1,1001,101.96,2873.34,113.8
109246489,GB / Kemp 1st May,TO BE PLACED,01-05-2013 18:25,7206228,Twist And Shout,0,2.38,2.3531532161856506247818330491707075769,1.79315519104988884344627328740428304397,2.52,2,1,1001,370.54,12302.82,353.04
109246489,GB / Kemp 1st May,TO BE PLACED,01-05-2013 18:25,7206218,Blockade,0,3.0091928637043743,3.03502147635034001002452334732877990255,3.18774962018265444386789915589130259772,3.2,2.9,1,1001,271.38,3648.74,187.5
109246489,GB / Kemp 1st May,TO BE PLACED,01-05-2013 18:25,7238074,Danetimeranger,0,17.592768341571787,15.7554256870228587718290632555443900394,1,18,13,1,1001,0,516.28,21.22
109246489,GB / Kemp 1st May,TO BE PLACED,01-05-2013 18:25,7238075,Packet Station,0,29,26.3247094885335055120927274983226162481,1,29,25,1,1001,0,273.7,16
109246491,GB / Kemp 1st May,TO BE PLACED,01-05-2013 19:00,5602995,Whinging Willie,0,3.153129023,3.51446000159280372454875625003424595785,3.11004231659613900643498927501787497021,3.85,3,3.3,2.08,48,4721.36,1545.54
109246499,GB / Kemp 1st May,TO BE PLACED,01-05-2013 21:05,3706606,Volito,0,4.625956752576165,4.92675155834004835317079231931285851724,4.68797865285416460838538658201447941292,6.6,4.1,3.2,3.2,45.08,3755,165.7
109246497,GB / Kemp 1st May,TO BE PLACED,01-05-2013 20:35,6424041,Our Golden Girl,0,14.652825907650403,12.6999808908828781108235092473574255255,7.99998964001533277730748958491541432519,16,11.5,1,1001,20,771.82,4
109246497,GB / Kemp 1st May,TO BE PLACED,01-05-2013 20:35,6611323,Beautiful Story,0,8.2,6.73658495043305552637890080820050353275,2.84997595031264593560283716311687948057,6.8,5.7,4.1,3.1,4,1657.28,261.8
109246517,GB / Ponte 1st May,TO BE PLACED,01-05-2013 14:50,6464880,Mojave Desert,1,20.592999257752673,22.788392850084450806779877588680607194,12.6656236692152082654476296453571274317,32,13.5,1,1001,23,793.38,2037.66
109246519,GB / Ponte 1st May,TO BE PLACED,01-05-2013 15:20,5544921,Eastward Ho,0,4.464298399,3.59563451063465946399522968471064217502,4.3557626506927936113960037555224540338,4.4,4.2,3.5,3.5,154.94,2487.48,216.44
109246519,GB / Ponte 1st May,TO BE PLACED,01-05-2013 15:20,1374640,Eutropius,1,3.3,3.0324749302650687721447507298529399335,2.71003266463687601853748016534583023014,3.6,3.15,2.78,2.78,191.02,6573.42,1351.04
109246519,GB / Ponte 1st May,TO BE PLACED,01-05-2013 15:20,3231410,Dialogue,0,1.968544988422745,1.95966951988661653664967385933489802714,2.58614487376970111975580977769167757352,2.3,1.95,1,1001,254.62,17754.28,503.8
109246519,GB / Ponte 1st May,TO BE PLACED,01-05-2013 15:20,3876634,Makbullet,0,8.4,6.54414635379662070837832364932218564736,4.78117172490735027378498453551804097425,9.6,5.7,1,1001,261.64,3091.08,26.36
109246519,GB / Ponte 1st May,TO BE PLACED,01-05-2013 15:20,4919008,Talent Scout,0,3.8286164367462523,2.97540373537938155539063249453532105003,3.56588829844224964546221137803140316864,4.3,3.8,5,3.35,259.36,7181.42,397.7
109246515,GB / Ponte 1st May,TO BE PLACED,01-05-2013 14:20,7238091,Peniaphobia,1,3.25,3.3602732265981299426650197298514735815,3.66672588828212006316768136906391216834,4.3,3,1,1001,267.74,4890.88,1283.22
109246515,GB / Ponte 1st May,TO BE PLACED,01-05-2013 14:20,7238092,Sirpertan,0,42.45138207770469,50.7437840876096719043528061093865835511,13.903642579867184247922737210890539671,70,46,1,1001,12,281.42,0
109246515,GB / Ponte 1st May,TO BE PLACED,01-05-2013 14:20,7203825,Princess Myla,0,32,39.334090094151863327265485706675994708,44.6298599175066193767404626393172784462,48,34,1,1001,5.98,236.9,0
109246521,GB / Ponte 1st May,TO BE PLACED,01-05-2013 15:55,5082661,Ssafa,0,14.28608276452869,12.564640843387925637602834471870951962,5.13729673455933541518097099059435321808,15.5,12.5,1,1001,117.86,1388.58,37.9
109246521,GB / Ponte 1st May,TO BE PLACED,01-05-2013 15:55,5624897,Eastern Destiny,0,3.7419587154839977,3.38480348073869063252740932889351712532,2.96235345197484538448825254660866299822,3.75,3,1,1001,200.92,4939.88,290.44
109246525,GB / Ponte 1st May,TO BE PLACED,01-05-2013 16:30,6390350,Old Man Clegg,0,5.1,4.3986662169662424480282107799672121079,3.95131456728399510823748341054491923645,5.2,4.2,15,15,307.32,4088.12,83.38
109246525,GB / Ponte 1st May,TO BE PLACED,01-05-2013 16:30,6633288,Eric The Grey,0,1.7126239415908637,1.86273922262024185895970302252405046972,2.04111652221854889558947283196718294966,2.08,1.7,1,1001,333.9,19127.4,533.2
109255242,GB / Chelt 1st May,TO BE PLACED,01-05-2013 17:05,4294257,Marky Bob,1,2.7029342726216417,2.65481597565616728854525521753063779109,2.87731370865943034904072925614220031283,2.78,2.48,2.58,1.02,88.58,5115.86,4912.94
109255242,GB / Chelt 1st May,TO BE PLACED,01-05-2013 17:05,2240709,Noble Ben,0,4.2,4.88187286083866332530535948666124658938,5.29995556712580636666754443537416780027,5.4,4.4,4.6,3.95,4.2,2048.78,652.98
109255244,GB / Chelt 1st May,TO BE PLACED,01-05-2013 17:40,3575457,My Fella,0,28.373834763711493,20.7772429455600093076952425150725936424,1,34,22,1,1001,0,460.78,28.48
109255244,GB / Chelt 1st May,TO BE PLACED,01-05-2013 17:40,6471155,Chosen Milan,1,12.257652424597765,9.29199104207353063280253730179234118264,12.9383044802041757345715450569914259112,18.5,12.5,5,1.01,30,853.3,2862.28
109255246,GB / Chelt 1st May,TO BE PLACED,01-05-2013 18:10,3644185,Divine Intavention,1,1.3612646548800331,1.31786773402325805855963890367273600052,1.39752626497606623482721796809723617175,1.37,1.29,1.7,1.01,202.8,29349.78,7680.04
109255246,GB / Chelt 1st May,TO BE PLACED,01-05-2013 18:10,4069668,Duke Special,0,14.149550940499175,10.6769250425377878095663327725396897652,6.0409505986841328954976241232835918208,11.5,8.6,890,890,4,936.72,34.4
109255246,GB / Chelt 1st May,TO BE PLACED,01-05-2013 18:10,5671973,Pertemps Heights,0,8.863308842873666,8.96852575984947877390858810946373880467,1,12,7.6,8.6,8,0,2042.46,214
109255248,GB / Chelt 1st May,TO BE PLACED,01-05-2013 18:45,7240755,Gunmoney,1,7,4.93534691553105328067250086285608136533,1,6,3.5,2.2,1.01,0,2607.08,1634.76
109255252,GB / Chelt 1st May,TO BE PLACED,01-05-2013 19:50,6050836,Bell On Bike,0,30,25.3168133049976447362126911239563186117,1,36,25,1,1001,0,268.42,18
109255252,GB / Chelt 1st May,TO BE PLACED,01-05-2013 19:50,5342631,Barricks Hill,0,9.4,9.05329080136339960652296630118691560766,1,10.5,7.8,1,1001,0,1217.98,382.12
109255254,GB / Chelt 1st May,TO BE PLACED,01-05-2013 20:20,1030586,Rustic John,0,134.33923982489915,143.703707700781415999816876842304967048,160.408090553141555004601305855962480133,200,75,95,95,8.32,494.88,4
109255250,GB / Chelt 1st May,TO BE PLACED,01-05-2013 19:20,6361799,Lucette Annie,0,1.6744416877239376,1.59025878035611639580771395902958054477,1.5391959637330714838648922113783033967,1.66,1.57,1.67,1.55,14,12458.2,1015.6
109255250,GB / Chelt 1st May,TO BE PLACED,01-05-2013 19:20,4702288,Gemini June,0,6.4,5.45919305457455921291947249577518783211,1,6.8,5.7,1,1001,0,1686.14,132.74
109255256,GB / Sthl 1st May,TO BE PLACED,01-05-2013 13:40,2147921,Folie A Deux,1,3.5,3.60025310458056441886610310008264381347,2.60051783555487336603505012510819343949,4.2,3.3,6,2.1,28.4,3217.62,1453.66
109255256,GB / Sthl 1st May,TO BE PLACED,01-05-2013 13:40,4901852,Radsoc De Sivola,0,22.268957241664758,20.5874299771893592133982615241305957945,11.9999301504435446834912598305000763245,30,10.5,1,1001,4,749.38,127.06
109255258,GB / Sthl 1st May,TO BE PLACED,01-05-2013 14:10,6297025,Callhimwhatyouwant,0,1.563244692,1.54305859162352948590214162962061523521,1.50889623769607525800883022420589064248,1.63,1.43,1.52,1.36,3416.4,41680.3,2980.98
109255264,GB / Sthl 1st May,TO BE PLACED,01-05-2013 15:45,6283246,Lord Luso,0,2.02,1.94522534496279415309011453715314464803,2.04465381019797732547295093352981422296,2.1,1.78,1000,1.6,63.48,22665.08,4549.26
109255264,GB / Sthl 1st May,TO BE PLACED,01-05-2013 15:45,4319428,Around A Pound,1,2.96,2.9679192240004730185087770045576493666,3.83536656847916436048446091192724269625,3.1,2.76,2.8,1.01,20.08,5940.3,2611.8
109255266,GB / Sthl 1st May,TO BE PLACED,01-05-2013 16:20,4895952,Audacious,0,3.1767326848769155,3.28126694174802893926438643257290810588,1.31999746562007228902747090243045275081,4.3,2.72,890,3.25,10,6406.88,1154.18
109255266,GB / Sthl 1st May,TO BE PLACED,01-05-2013 16:20,5375403,Cool Macavity,1,1.16,1.15822838265211446088122362627959081183,1.05937484682244492696657499460690110292,1.21,1.13,1.15,1.03,312.26,51693.7,4505.18
109255268,GB / Sthl 1st May,TO BE PLACED,01-05-2013 16:55,4625415,Midnight Macarena,1,1.48,1.46902623523709115172499240393719564573,1.51001766157186979025968491652885295577,1.5,1.45,1.48,1.01,97.96,17418.78,4488.4
109255262,GB / Sthl 1st May,TO BE PLACED,01-05-2013 15:10,3613147,Benozzo Gozzoli,0,2.92,2.62424029415998781097879484693467304874,2.97248837680231457898113763017335374719,2.94,2.4,2.06,1.22,246.04,9411,1147.52
109255262,GB / Sthl 1st May,TO BE PLACED,01-05-2013 15:10,3924986,Haling Park,0,4.8,4.13562145919500350145687871519932590682,2.9593471857732382885243051804879336362,5.4,3.1,1,1001,297.4,6026.4,287.64
109255262,GB / Sthl 1st May,TO BE PLACED,01-05-2013 15:10,5500520,Granwood,0,4.940151259755659,4.35903254615136631979742208421316004674,5.24766830758310994049603996030847110897,4.9,4.6,1,1001,31.8,1863.58,67.88
109246468,GB / Ascot 1st May,TO BE PLACED,01-05-2013 14:00,7208968,Justice Day,1,1.44,1.46831295543378778596517720024848445159,1.56094337622958929248399643645538852136,1.6,1.41,1.4,1.4,2730.72,37915.94,2339.86
109246470,GB / Ascot 1st May,TO BE PLACED,01-05-2013 14:30,6473392,Pearl Sea,1,2.399993606838679,2.30733469501721675371561380899266240132,2.82788135162601304344200346409369369715,2.94,2.34,1,1001,363.32,9174.14,436.16
109246474,GB / Ascot 1st May,TO BE PLACED,01-05-2013 15:35,4887197,Buckland,0,8.8,8.90916487476783455474240073734756774465,6.8074179930091502456756314634846765474,11.5,7,1,1001,607.34,4672.28,272.8
109246474,GB / Ascot 1st May,TO BE PLACED,01-05-2013 15:35,2554438,Askar Tau,0,3.218016084389237,3.00252209118689181281998352705195011497,3.29919869024143430055317929876471317067,3.25,2.8,2.96,2.96,547.02,10817.42,484.16
109246474,GB / Ascot 1st May,TO BE PLACED,01-05-2013 15:35,4688084,Tres Rock Danon,0,5.452655761439965,5.06560044600122483029059506637084336754,3.9514843756608648675998967316275561341,6,3.95,5.6,3.15,455.44,6665.56,536.96
109246474,GB / Ascot 1st May,TO BE PLACED,01-05-2013 15:35,5473609,Solar Sky,0,9.978634929,10.2728124477193817919665427598469357499,6.87712343077510902868610489497878946878,13,8,1,1001,149.78,2261.94,9
109246472,GB / Ascot 1st May,TO BE PLACED,01-05-2013 15:00,5733761,Stipulate,1,1.5716668654370434,1.55935032696665071458496486734467086206,1.72092443913874119691434932244603138617,1.7,1.55,5,1.01,2578.88,43280.14,4366.86
109246476,GB / Ascot 1st May,TO BE PLACED,01-05-2013 16:10,6326423,Jadanna,0,5.096077252,4.86514158230447899881054830856031533259,5.94197085463723474973512709424183734176,6.2,4.4,1,1001,457.78,10587.86,51.82
109246476,GB / Ascot 1st May,TO BE PLACED,01-05-2013 16:10,6331810,Lady Phill,0,29,30.3739286002524880559896882781058483488,26.4305139374012884529666419817657650779,55,28,100,29,36.86,1097.08,17.7
109246476,GB / Ascot 1st May,TO BE PLACED,01-05-2013 16:10,26780,Snow King,0,2.5,2.722276703055733160183559979743870755,2.59112014530923258897694045025219971951,3.4,2.5,4.3,4.3,1096.22,17886.28,348.46
109246476,GB / Ascot 1st May,TO BE PLACED,01-05-2013 16:10,6315798,Graphic Guest,0,4.1,3.52408595762411381402319389416356104149,3.36540472108053743674602841975620164718,4.5,3.25,1,1001,756.64,15463.42,231.48
109246478,GB / Ascot 1st May,TO BE PLACED,01-05-2013 16:45,4261860,First Post,0,3.6365486545810555,3.21264647438151813526048888606461258239,3.91304853437078166842957390432822937987,4.2,3.55,1,1001,483.36,7765.12,12.58
109246487,GB / Kemp 1st May,TO BE PLACED,01-05-2013 17:50,6657784,Love Marmalade,1,1.73,1.6854395037892639199222297507909426832,1.78585260804180681181850321362776623093,1.9,1.69,1.4,1.4,130.62,22219.46,2693.4
109246491,GB / Kemp 1st May,TO BE PLACED,01-05-2013 19:00,3169795,West Leake,0,4.388771502717793,4.49473673341517632088039396735287876186,4.91825812886265438688410065481694108658,4.6,4.4,4.4,4.4,76.64,2859.7,160.18
109246491,GB / Kemp 1st May,TO BE PLACED,01-05-2013 19:00,5730316,Grand Theft Equine,0,4.612390063559216,4.51319593479638867671665861795190840457,3.46529357698542837331498380233412822968,4.8,4.1,3.85,3.85,74.1,2348.76,146
109246491,GB / Kemp 1st May,TO BE PLACED,01-05-2013 19:00,3865541,Spirit Of Xaar,0,4.783332302395136,4.52281264712921978855236329385467366262,3.78984303444683670950540190830193687231,4.8,4,1,1001,113.36,3447.76,22.52
109246491,GB / Kemp 1st May,TO BE PLACED,01-05-2013 19:00,4955715,Divine Rule,0,4.7,4.55854100961571593985429507401300960703,4.91857392557404121138654643716080696409,4.7,3.95,1,1001,48,2784.86,249.1
109246491,GB / Kemp 1st May,TO BE PLACED,01-05-2013 19:00,4029904,Catchanova,0,5.53778231142729,6.10783457453529159009035857955613742481,7.24723519405259009536147399330663586327,6.2,5.7,5,5,20,1682.62,90.9
109246493,GB / Kemp 1st May,TO BE PLACED,01-05-2013 19:35,7190061,Mrs Mann,0,42,43.549360924009707330740318565668447148,1,65,40,1,1001,0,185.74,0
109246517,GB / Ponte 1st May,TO BE PLACED,01-05-2013 14:50,7238095,Remote,0,1.56,1.51447768051951524449320439238221238598,1.44458490691363555146531949397137668876,1.66,1.45,1.91,1.57,1047.38,29369.6,2722.04
109246517,GB / Ponte 1st May,TO BE PLACED,01-05-2013 14:50,6831949,Perpetual Ambition,0,10,12.9584259853988688234698666523920592074,11.5413690824523926307090205870322801351,16.5,11.5,1,1001,27.3,1816.26,41.14
109246519,GB / Ponte 1st May,TO BE PLACED,01-05-2013 15:20,5876496,Dakota Canyon,0,6,5.12708079924864409130132314259934302783,6.17301647643844758653645752123630485462,6.4,5.1,1,1001,52.34,3202.56,87.08
109246515,GB / Ponte 1st May,TO BE PLACED,01-05-2013 14:20,12774,Meritocracy,1,1.96,1.78952077626611790048355277953275249681,1.68050582671752056907756304757018821347,1.97,1.7,5,1.96,581.76,33076.38,2198.34
109246515,GB / Ponte 1st May,TO BE PLACED,01-05-2013 14:20,7206253,Rokeby,0,17.130121325,19.0089871153745592180702685931803102733,13.1981733866070451219299808974042323134,23,18.5,1,1001,75.3,693.26,1.12
109246515,GB / Ponte 1st May,TO BE PLACED,01-05-2013 14:20,7238087,Ifwecan,0,1.6,1.53716824861333250034170897223730650553,1.48907592518371728703717336957354681994,1.61,1.41,1.92,1.64,2205.12,43204.66,1343.9
109246521,GB / Ponte 1st May,TO BE PLACED,01-05-2013 15:55,7203826,Abilene,0,3.25,2.94713693048860671224913029185872552942,2.43325601442601702880860242205672830484,3.25,2.58,3.25,2.2,166.1,9043.64,1151.46
109246525,GB / Ponte 1st May,TO BE PLACED,01-05-2013 16:30,6475450,Astrosapphire,0,16.16961252651177,9.59690134366969678831678231793156094139,5.6152480763991078278383287886785490343,14.5,5,1,1001,57.3,1984.28,34.58
109246529,GB / Ponte 1st May,TO BE PLACED,01-05-2013 17:00,6526663,Hazard Warning,0,11,8.36138511733829319326754102232730546004,6.92500968142765384868015917437439167632,11,7.2,890,890,67.38,1562.8,.94
109246529,GB / Ponte 1st May,TO BE PLACED,01-05-2013 17:00,6557828,Hartwright,0,1.99,2.09173030915831777850211408370495824963,2.36694716711994600190770841960135192644,2.33,1.99,32,32,179.36,10716.98,336.78
109255242,GB / Chelt 1st May,TO BE PLACED,01-05-2013 17:05,4504820,Rash Move,1,1.41,1.42980890959330853517231906181007385352,1.71175275674984026352548595062927325828,1.54,1.38,1.41,1.03,189.46,23445.48,8624.82
109255242,GB / Chelt 1st May,TO BE PLACED,01-05-2013 17:05,6395123,Getyouracttogether,0,63.09380105569727,58.1514256257827244796960358263103542516,1,75,55,1,1001,0,116.54,8
109255244,GB / Chelt 1st May,TO BE PLACED,01-05-2013 17:40,6388370,Ballyjames,0,7.4,5.85379762333139915779005609167810583738,6.89222251792884692549947187063126950242,7.6,6,1,1001,19.36,1135.04,70.44
109255244,GB / Chelt 1st May,TO BE PLACED,01-05-2013 17:40,7240749,Following Dreams,0,4.541116779766744,4.1103460196224471409745216516729524132,5.94458119470856236747912661470060964748,5.7,3.9,4.4,4.4,63.88,1769.12,196.72
109255244,GB / Chelt 1st May,TO BE PLACED,01-05-2013 17:40,7240750,Harbour Court,1,2.277927212272771,2.07046212456390936210184760206682199023,2.68635835834723291896551525774973217651,2.24,1.99,2.2,1.02,82.92,6906.58,3586.9
109255244,GB / Chelt 1st May,TO BE PLACED,01-05-2013 17:40,2829139,Double Bank,0,5.1,4.58716419150781933989218998356989344146,4.77149220054179307337967902612994503485,5.4,5,1,1001,32.36,1326.46,148.32
109255248,GB / Chelt 1st May,TO BE PLACED,01-05-2013 18:45,2715287,Surenaga,0,1.8233286215139022,1.79230387307726131814174148941081464704,1.69728064642175214873381670813014022858,1.95,1.77,32,1.12,32.24,11651.88,2093.84
109255248,GB / Chelt 1st May,TO BE PLACED,01-05-2013 18:45,6347710,Doctor Kingsley,1,2.04,2.08755186676233254472141595635975351845,2.53996658272515486413944817397462475064,2.4,2.08,1,1001,4,6557.98,1955.88
109255252,GB / Chelt 1st May,TO BE PLACED,01-05-2013 19:50,6109985,Charles Bruce,1,67.417012573,52.2040898605318758688528633873715856093,10.4774516649965085178065591865481486044,75,48,1,1001,4,84,762.04
109255252,GB / Chelt 1st May,TO BE PLACED,01-05-2013 19:50,3686485,Bleuvito,0,8.951226466877854,9.34394734511772375318742418187320515961,6.59997050682199740414700482577458425386,9.2,8.6,1,1001,6,925.28,15.88
109255254,GB / Chelt 1st May,TO BE PLACED,01-05-2013 20:20,4645077,Byerley Bear,0,6,5.88294478309993264406239575498932068788,4.50127099151761979306383024504640794897,6.6,5,3.25,3.25,20.3,1818.72,351.94
109255256,GB / Sthl 1st May,TO BE PLACED,01-05-2013 13:40,3225719,Dukeofchesterwood,1,1.84,1.82860505263784193054423163489993304475,2.21751713306581890312986702723392300314,1.9,1.7,2.16,1.01,181.6,6075.06,1990.14
109255258,GB / Sthl 1st May,TO BE PLACED,01-05-2013 14:10,4602094,Kayfton Pete,1,2.64,2.82033761965613301492589406402295668263,2.93021456196927314344929416076013256233,3.45,2.62,2.96,1.14,40.08,10968.22,4530.22
109255260,GB / Sthl 1st May,TO BE PLACED,01-05-2013 14:40,3839430,Montoyas Son,1,2.180108072313949,2.2625481365335931221793447842426552283,2.44538923042967395058285615483141383896,2.48,2.16,3,1.01,107,11586.32,4111.18
109255264,GB / Sthl 1st May,TO BE PLACED,01-05-2013 15:45,6832513,Tackler,0,3.9031265453540254,3.36667862062615654912695167720584119734,2.25713624819800947332162596630920568875,3.55,3.1,5,3.3,14,5498.68,1128.04
109255266,GB / Sthl 1st May,TO BE PLACED,01-05-2013 16:20,5500691,Abbraccio,0,5,4.44428953157605123482760596022607255612,3.16564724802967600057186153897486719202,5,3.4,890,890,6,2927.66,163.46
109255268,GB / Sthl 1st May,TO BE PLACED,01-05-2013 16:55,5959469,Une Des Bieffes,0,16,17.1174911404913288743675468063323523323,5.91712627940282944188931020175417694306,19.5,16,17,15,14,1209.44,95.9
109255270,GB / Sthl 1st May,TO BE PLACED,01-05-2013 17:30,6050739,Brass Monkey,0,1.7263521663912984,1.65305970300064430299907725518654800621,1.67730373101797680321298785427895270123,1.78,1.51,1.76,1.76,723.34,25719.7,1216.5
109246468,GB / Ascot 1st May,TO BE PLACED,01-05-2013 14:00,7142966,Far Gaze,0,13.069790608624464,13.5286520045627559477949418394711613454,10.4369972788110729110279868074883621335,19,13,1,1001,345.52,3182.04,6.16
109246468,GB / Ascot 1st May,TO BE PLACED,01-05-2013 14:00,7194846,Montaigne,0,3.390044069,3.05533433548003410810174484891124043916,3.10670114675953312329030080742319020722,3.55,2.72,1,1001,224.5,11999.8,39.62
109246472,GB / Ascot 1st May,TO BE PLACED,01-05-2013 15:00,4186666,Pastoral Player,0,2.000023934892356,1.89257452904970503766376805815343812029,1.86336430780451255500890792199492656499,2.06,1.81,2.22,1.92,1043.66,43517.14,1257.82
109246476,GB / Ascot 1st May,TO BE PLACED,01-05-2013 16:10,6475434,Intibaah,1,8,9.62270496660789358553771011785731031138,13.0617216583474913082993572775981880914,16,8.4,2.6,1.01,127.1,2958.42,1565.54
109246476,GB / Ascot 1st May,TO BE PLACED,01-05-2013 16:10,6418179,Ahern,0,3.35,2.87310024896276153180345970795639842757,3.39736032992449542946141551218476527685,3.3,3,1,1001,521.48,11635.32,69.7
109246478,GB / Ascot 1st May,TO BE PLACED,01-05-2013 16:45,5681082,Frog Hollow,0,4.3,3.8919910156673751934532226763455117175,4.04084237850957823212727880581262522904,4.7,4,1,1001,474.98,7863.22,4
109246489,GB / Kemp 1st May,TO BE PLACED,01-05-2013 18:25,7162691,Go Glamorous,1,2.5469468797280834,2.73455606933952282016125859416355420984,2.53281971662024210694961382569532779555,2.84,2.62,1,1001,202.46,5252.44,1188.22
109246491,GB / Kemp 1st May,TO BE PLACED,01-05-2013 19:00,2967340,Alhaban,0,5.3417889165417005,5.69278833903743596027271850897256106028,2.03099106474410555108522392805929015282,5.8,5.5,1,1001,6,1713.4,21.74
109246491,GB / Kemp 1st May,TO BE PLACED,01-05-2013 19:00,3199950,Uncle Fred,0,2.8,2.70442969874321781813676502809988840487,3.63405807312147326576257301280249649776,2.9,2.5,1,1001,73.36,10296.46,149.42
109246491,GB / Kemp 1st May,TO BE PLACED,01-05-2013 19:00,3876637,Kakapuka,1,4.9,5.23092188796080245965552362267975278326,5.08993149364748140468647150160234816067,5.7,5.1,1.02,1.02,4,2299.38,1128.88
109246493,GB / Kemp 1st May,TO BE PLACED,01-05-2013 19:35,7238078,La Rosiere,0,36,28.1682542172225683872529868091198200176,5.92817856242325345884745401357504094857,42,19.5,1,1001,4,250.94,4
109246495,GB / Kemp 1st May,TO BE PLACED,01-05-2013 20:05,2557944,Wheres Susie,0,2.0944041493240184,2.21334231963273250490781562387609646973,1,2.4,2.02,1.7,1.7,0,12957.74,1693.68
109246499,GB / Kemp 1st May,TO BE PLACED,01-05-2013 21:05,3563427,Commandingpresence,1,13.037015482624115,11.4972454831044837376245337155767713013,8.19997602407983981413341893571494406924,15,9.6,1.05,1.05,20,1631.34,1274.82
109246497,GB / Kemp 1st May,TO BE PLACED,01-05-2013 20:35,6637332,Ravens Rock,0,3.013239936,3.04577186690214793641743599190203929413,3.19769540925847843784504094591446853422,3.7,2.86,2.72,2.7,36,5377.74,447.54
109246519,GB / Ponte 1st May,TO BE PLACED,01-05-2013 15:20,4738422,Save The Bees,0,3.5344062907760962,3.19794995273762999946724834402384411161,4.54893017389770367722157165316429064857,4,3.15,1,1001,31.96,3527.76,206.98
109246532,GB / Ponte 1st May,TO BE PLACED,01-05-2013 17:35,4733712,Pertuis,0,4.62582690175477,3.30560648930755705152564666679116020944,3.92227731304386313367672389321232676228,4.9,4.2,1,1001,86.94,5271.92,39.4
109246515,GB / Ponte 1st May,TO BE PLACED,01-05-2013 14:20,7186738,Claudia Octavia,0,31.371683607,27.4199529947560115215184682310954030397,12.3128276985607252225987921927724098607,38,25,1,1001,43.28,320.08,.5
109246515,GB / Ponte 1st May,TO BE PLACED,01-05-2013 14:20,7238086,Al Baz,0,4.1,4.08998000265475234731922653811004340706,3.84629919321405298812440445771279914289,4.5,3.6,1,1001,90.72,2712.72,181.28
109246515,GB / Ponte 1st May,TO BE PLACED,01-05-2013 14:20,7203816,Hickster,0,14.5,11.6907827313561230820476659639758609888,6.11519372536236355550070525246822363898,13,10.5,1,1001,30,833.94,13.92
109246521,GB / Ponte 1st May,TO BE PLACED,01-05-2013 15:55,6588002,Centred,1,3.15,3.25377277502219410718039406370788963132,2.69574835268092803984177454578652316588,3.3,3.15,2.2,2.2,34,5367.42,1504.9
109246525,GB / Ponte 1st May,TO BE PLACED,01-05-2013 16:30,6741760,Kuantan One,0,3.3074987491843055,3.41902261519002911277958270366514210732,2.9969272125729054366779242862259240008,3.85,3.15,7.4,7.4,101.14,6404.86,52
109255242,GB / Chelt 1st May,TO BE PLACED,01-05-2013 17:05,3605813,Bromhead,0,27.126361332,33.4849609552436484285037410372802899551,15.1732983725306810909866422329491587254,42,27,26,26,9,330.62,32
109255244,GB / Chelt 1st May,TO BE PLACED,01-05-2013 17:40,7240754,Ruapehu,0,6.632410078402607,5.3333471988414165560574333341807274025,5.07962677827758029583694974358948626063,7.2,5.4,1,1001,33.48,1031.24,15.38
109255248,GB / Chelt 1st May,TO BE PLACED,01-05-2013 18:45,6361800,Kirkleigh,1,3.35,3.1358164551261052607877939759448303063,2.09958144198603957606978966891692715926,3.55,2.92,2.94,2.72,36.56,6065.92,1912.44
109255252,GB / Chelt 1st May,TO BE PLACED,01-05-2013 19:50,7035689,The Rubber Man,0,29.84063527938794,43.0304198811396753776757849180520443429,1,65,40,1,1001,0,261.24,6.06
109255254,GB / Chelt 1st May,TO BE PLACED,01-05-2013 20:20,1047632,Taranis,0,1.88,2.08943304085368049124275604475686320692,1.91816290673047001717325149463292984284,2.38,1.85,4.4,1.77,30.24,18926.98,3339.24
109255254,GB / Chelt 1st May,TO BE PLACED,01-05-2013 20:20,3428490,Cool Friend,0,2.801349675236633,2.7989302153225425831947913413378453656,3.09086439761374006669508608101045798356,3,2.64,2.7,2.7,43.26,8159.36,380.06
109255254,GB / Chelt 1st May,TO BE PLACED,01-05-2013 20:20,6237111,Benedictus,1,2.46,2.11308927140733423378748531383137135283,2.47369499147911659722472159208360150633,2.46,1.88,1.22,1.22,48.94,14803.74,1782.94
109255254,GB / Chelt 1st May,TO BE PLACED,01-05-2013 20:20,1325267,Presentandcorrect,0,4.7,4.65307823224784675697720159513796247759,1,5.9,3.85,1,1001,0,3744.62,33.42
109255254,GB / Chelt 1st May,TO BE PLACED,01-05-2013 20:20,2349459,Fresh Air And Fun,0,5.6,5.93077982235076697580855559432196481612,4.89994696072133418985501797175558412406,7.6,5.3,1,1001,4,2125.54,10.1
109255256,GB / Sthl 1st May,TO BE PLACED,01-05-2013 13:40,4088143,Silas Mariner,1,6.2,6.17431158603226383905604796530999617581,6.47819339540040085535351444017982903643,7,5.1,6.2,1.22,72.02,3658.16,5015.3
109255256,GB / Sthl 1st May,TO BE PLACED,01-05-2013 13:40,5091123,Farewellatmidnight,0,3.7,3.45060413057268589365317711375331641774,3.45089972631889276566511364940526136138,3.8,3.05,2.92,2.5,163.48,3019.52,599.16
109255260,GB / Sthl 1st May,TO BE PLACED,01-05-2013 14:40,3966481,Pure Faith,0,2.8802035156360413,2.72488403625680417770120656198511811032,3.04034174552058417527959088262878938332,2.92,2.62,2.94,2.5,76.78,7591.94,974.42
109255264,GB / Sthl 1st May,TO BE PLACED,01-05-2013 15:45,6345890,Mac Steamy,0,2.73675703469904,2.81005214282037569794955641707249318016,3.52963894547780826197789515659816566602,3.2,2.66,23,2.5,20,5115.24,3325.88
109255264,GB / Sthl 1st May,TO BE PLACED,01-05-2013 15:45,4758089,Thornton Alice,1,5.1,5.08256770082145382681946941460397556775,4.28927354397360158338842717710515899663,5.2,5,5.8,5.1,14,2473.5,1704.74
109255262,GB / Sthl 1st May,TO BE PLACED,01-05-2013 15:10,4593483,Harrys Whim,0,2.252418968347265,2.3111655220293092741522481587644742723,3.02879710090317592833223799431615263599,2.76,2.3,2.9,2.1,177.74,9049.86,1396.16
109246474,GB / Ascot 1st May,TO BE PLACED,01-05-2013 15:35,4758124,Steps To Freedom,0,2.099424418,2.19082124652391247167729977126523466608,2.32021922466384474879482480384820068973,2.26,2.02,2.66,2.66,965.94,21833.92,686.08
109246474,GB / Ascot 1st May,TO BE PLACED,01-05-2013 15:35,5742087,Handazan,0,6.8,7.50400265872682666785894191342129635416,9.67281586361262980459213707790862220339,8,6.8,1,1001,106.12,3497,58
109246474,GB / Ascot 1st May,TO BE PLACED,01-05-2013 15:35,5845721,Sir Graham Wade,1,2.64,2.4875506613314542077014379452730674434,2.24767780227409870649838456022398302751,2.7,2.14,2.5,2.16,1384.16,23371.38,4177.44
109246472,GB / Ascot 1st May,TO BE PLACED,01-05-2013 15:00,5586593,Chandlery,0,5.732905197136279,5.55468592359447013849804543475071235865,4.66433750005202955271712614606696038435,6.4,5.2,1,1001,372,7308.24,184.22
109246478,GB / Ascot 1st May,TO BE PLACED,01-05-2013 16:45,6757213,Rockalong,1,1.6848096461878233,1.52522069266998312115082985879109348622,1.6428839066875167039907254827962594913,1.81,1.61,1.61,1.01,1263.56,83293.56,4118.68
109246487,GB / Kemp 1st May,TO BE PLACED,01-05-2013 17:50,6892044,Debdebdeb,1,1.6949132408109833,1.66955675130548322880409626733111821779,1.74955704282807231005823453233033847704,1.97,1.65,2.36,1.12,1579.22,31037.96,3617.92
109246491,GB / Kemp 1st May,TO BE PLACED,01-05-2013 19:00,4932437,Whitstable Native,0,24,14.3785059807182659920522388804582506829,6.68996582603107488843910847382298004216,21,13.5,1,1001,6.66,978.82,8
109246493,GB / Kemp 1st May,TO BE PLACED,01-05-2013 19:35,7206239,String Theory,1,1.43,1.38885369820606310202042393157260224757,1.37812274808441729826647304927548930274,1.46,1.3,1.31,1.01,70.98,23752.48,4950.1
109246493,GB / Kemp 1st May,TO BE PLACED,01-05-2013 19:35,6796870,Marlborough House,0,17.5,18.9136745170056666802301921570573074544,1,28,18,23,23,0,416.46,138
109246493,GB / Kemp 1st May,TO BE PLACED,01-05-2013 19:35,7238080,Bravestar,0,11,10.5974833217593580202779277500033937318,4.24897774450245015821641621754890978997,11,9,1,1001,4,812.38,43.68
109246495,GB / Kemp 1st May,TO BE PLACED,01-05-2013 20:05,6342571,Albonny,1,1.77386302939447,1.75473390980423398336056544378823058149,1.5940592020409190124619030261711310859,1.88,1.64,1.73,1.01,135.38,10422.42,2376.56
109246499,GB / Kemp 1st May,TO BE PLACED,01-05-2013 21:05,5643662,Lord Buffhead,0,4.8,4.18007714693641542662865818617736842993,2.69574121118738004382911437341274258681,4.9,3.4,1,1001,10,6470.76,0
109246497,GB / Kemp 1st May,TO BE PLACED,01-05-2013 20:35,6582221,Miss Mocca,0,18.093033568469103,14.071238897963377315319736707518345915,1,21,19,1,1001,0,419.06,0
109246517,GB / Ponte 1st May,TO BE PLACED,01-05-2013 14:50,6814244,Boite,1,1.21513349,1.20553027694733884975977495742761037271,1.18776216610786429675116088426812623043,1.27,1.16,1.24,1.05,2637.48,58555.06,5570.14
109246517,GB / Ponte 1st May,TO BE PLACED,01-05-2013 14:50,7238094,Kattaf,0,4.350813246723344,3.99265196104982161640909270174739528812,4.68936428844813960046520241353500114429,4.4,3.8,890,890,43.28,7198.56,197.34
109246519,GB / Ponte 1st May,TO BE PLACED,01-05-2013 15:20,5003018,Alluring Star,1,1.77,1.76788013400795251294603040692908595314,1.71543844492744071745567779518513202212,1.93,1.5,1.7,1.2,1163.8,26109.32,5765.04
109246532,GB / Ponte 1st May,TO BE PLACED,01-05-2013 17:35,4779996,Free Art,0,10.945302995260619,7.767304756711646081261313156983152345,1,10.5,7.8,1,1001,0,1031.16,28
109246515,GB / Ponte 1st May,TO BE PLACED,01-05-2013 14:20,7208945,Sartori,1,2.16,2.49109135138040523086960267515117240555,3.56702780841087813232436868664853325799,2.78,2.22,2.02,2.02,490.36,9783.24,1728.62
109246515,GB / Ponte 1st May,TO BE PLACED,01-05-2013 14:20,7238089,Native Falls,0,2.58,2.46033997236553002821116184364680627342,2.7373218866845999509300984033908489703,2.64,2,2.52,2.52,168.46,9512.22,214
109246525,GB / Ponte 1st May,TO BE PLACED,01-05-2013 16:30,6553360,Grey Blue,0,4.243346895769646,4.80041467577232836639165515703577622236,4.98534396275532317346693346292719046222,5.6,4.5,2.52,2.5,28,4078.28,713.24
109246529,GB / Ponte 1st May,TO BE PLACED,01-05-2013 17:00,6536046,Hit The Lights,1,2.787011494287872,2.95112558082735191906905716337965508903,3.40019085421250653393432739845741197082,3.35,2.64,1,1001,106,5060.82,725.88
109255242,GB / Chelt 1st May,TO BE PLACED,01-05-2013 17:05,4134120,Speed Steed,0,2.997387686512666,2.87768704603546143901101463948030631324,2.61730981092402936368028002086864048386,3.1,2.74,2.8,2.8,69.2,6967.22,521.9
109255242,GB / Chelt 1st May,TO BE PLACED,01-05-2013 17:05,4594172,What Of It,0,2.854699323663663,3.05059769877222692917557001153684273854,2.99839336471600699127237438282937559644,3.2,2.94,5,2.66,50.38,4171.2,434.36
109255244,GB / Chelt 1st May,TO BE PLACED,01-05-2013 17:40,7240753,Little Cornham,0,10.5,7.04984701141477026219356909805707595199,2.9028744436066246686559675245748282415,10.5,9.6,9.2,9.2,10,913.04,40
109255248,GB / Chelt 1st May,TO BE PLACED,01-05-2013 18:45,4304279,Ravethebrave,0,1.7081245762944124,1.65283756997645748775855463589822237883,1.74957217521781725614665049432672561708,1.76,1.62,1.8,1.61,122.78,26976.34,1766.62
109255248,GB / Chelt 1st May,TO BE PLACED,01-05-2013 18:45,3815618,Ballyeightra Cross,0,3.35,3.41804156672724454939841348149765917089,2.8334790512952498635320241243999577237,4.2,3,2.62,2.56,44,4025.26,861.74
109255252,GB / Chelt 1st May,TO BE PLACED,01-05-2013 19:50,2607381,Crank Hill,0,5.81250087,6.38338840836340445056719350390477121169,8.19990352129281467628333780327343613596,7,5.6,1,1001,4,2657.56,10
109255250,GB / Chelt 1st May,TO BE PLACED,01-05-2013 19:20,6347712,My Lil Ledge,0,4.069818431730382,3.60959536027992636095188253442404970567,4.80615264733774897262461749932554415091,4.9,3.9,4.1,4.1,12,2916.08,273.34
109255258,GB / Sthl 1st May,TO BE PLACED,01-05-2013 14:10,1535005,The Black Lion,0,7.4,6.07962676132779185007798544386945234169,5.22200578200711763874834225445197942833,7.2,5.9,7.4,7.4,100.92,2065.42,78.12
109255260,GB / Sthl 1st May,TO BE PLACED,01-05-2013 14:40,4057752,Christopher Wren,0,3.6349857045142198,3.76703701983537489141465381718130470768,3.06463209482197385751096551333553803502,4.7,3.3,1,1001,114.82,5196.44,298.94
109255266,GB / Sthl 1st May,TO BE PLACED,01-05-2013 16:20,5075250,Midlothian,1,1.6323280702857517,1.65917928099382200757894312048509803749,1.69866533090653687613516241354893869488,2.1,1.52,2.02,1.26,32,19311.62,4157.92
109255268,GB / Sthl 1st May,TO BE PLACED,01-05-2013 16:55,6848212,Agent Fedora,0,1.9831453883490027,2.02552836376322492329053437126450863756,1.81658971096964178251354032939184966269,2.2,1.9,2.56,1.97,6,9527.56,1882.54
109255270,GB / Sthl 1st May,TO BE PLACED,01-05-2013 17:30,6103134,Oscar Rainbow,1,1.69,1.7475107518917513380299782831359125417,1.77913075697310794186713012461064699966,1.81,1.66,1.71,1.5,310.06,16990.52,2716.02
109255270,GB / Sthl 1st May,TO BE PLACED,01-05-2013 17:30,6234057,Scheherazadesdream,0,10.5,9.53849804743393720411662475967638099407,5.36666333344698880213188103933080664415,12.5,7.8,1,1001,60,1424.32,37.66
109255270,GB / Sthl 1st May,TO BE PLACED,01-05-2013 17:30,6245858,Pennant Dancer,0,16,12.8078396169640076736440708843729316849,9.04375638158588396277485929822370695595,16.5,9,1,1001,16.26,1629.56,83.32
