EVENT_ID,MENU_HINT,EVENT_NAME,EVENT_DT,SELECTION_ID,SELECTION_NAME,WIN_LOSE,BSP,PPWAP,MORNINGWAP,PPMAX,PPMIN,IPMAX,IPMIN,MORNINGTRADEDVOL,PPTRADEDVOL,IPTRADEDVOL
140950205,TRP / Nott (F/C) 6th Mar,Forecast,06-03-2018 13:51,6953192,1 - 5,0,,1,1,1,1001,1,1001,0,0,0
140953564,SIS / Crayfd (F/C) 6th Mar,Forecast,06-03-2018 21:45,6953192,1 - 5,0,,1,1,1,1001,1,1001,0,0,0
140941179,AUS / Devn (AUS) 6th Mar,R9 452m Gr4,06-03-2018 04:27,10459806,6. Runout Babe,0,130,1,79.3141678796700630761766132945172246482,1,1001,1,1001,82.44,0,0
140950431,TRP / Kinsl 6th Mar,HC 462m,06-03-2018 11:57,11108439,2. Slaneyside Biddy,0,10.499573062,1,1,1,1001,1,1001,0,0,0
140953014,SIS / Henl 6th Mar,A5 460m,06-03-2018 19:33,11339168,1. Turbine Top Gear,1,7.8,1,1,1,1001,1,1001,0,0,0
140941357,AUS / Cran (AUS) 6th Mar,R11 311m Gr5,06-03-2018 11:09,11372251,9. Burnsys Sam,0,126.11358179551837,1,1,1,1001,1,1001,0,0,0
140952557,SIS / Crayfd 6th Mar,A7 380m,06-03-2018 11:31,11911005,3. Jet Stream Tilly,0,21.61586317656475,1,1,1,1001,1,1001,0,0,0
140951369,SIS / Monm 6th Mar,A7 480m,06-03-2018 17:18,12096043,4. Trapper Lisa,0,9,1,1,1,1001,1,1001,0,0,0
140941169,AUS / Devn (AUS) 6th Mar,R6 452m Gr4,06-03-2018 03:22,12144429,9. Irish Moment,0,10,1,8.74364937717345305341404625660085742148,1,1001,1,1001,1086.98,0,0
140950441,TRP / Kinsl 6th Mar,A3 462m,06-03-2018 13:12,12150935,4. Question Time,0,5.868749161711892,1,1,1,1001,1,1001,0,0,0
140941151,AUS / Town (AUS) 6th Mar,R11 380m Heat,06-03-2018 12:15,12501599,7. Rockin Tonight,1,13.5,1,1,1,1001,1,1001,0,0,0
140941267,NZL / AsPk (NZL) 6th Mar,R4 390m C5,06-03-2018 00:00,12571042,8. Nicey Spicey,0,,1,10.8412728344136711844431349440188568061,1,1001,1,1001,169.7,0,0
140950371,SIS / Hove 6th Mar,D3 285m,06-03-2018 14:52,12778742,2. Two Doves,0,4.101343825706283,1,1,1,1001,1,1001,0,0,0
140951313,TRP / Sund 6th Mar,HC 261m,06-03-2018 15:28,12982596,1. Any Sapphire,0,5.7,1,1,1,1001,1,1001,0,0,0
140941296,AUS / Gawl (AUS) 6th Mar,R4 400m Gr6,06-03-2018 02:12,13588511,4. Over Pitched,0,19.5,1,14.275185259363108351692369317043861406,1,1001,1,1001,99.86,0,0
140941185,AUS / Ipsw (AUS) 6th Mar,R7 520m Final,06-03-2018 06:46,14348980,8. Praters Promise,0,3.4374334647855727,1,3.15088751548159023614038829058637291973,1,1001,1,1001,4876.76,0,0
140951365,SIS / Monm 6th Mar,A4 480m,06-03-2018 16:39,14543121,5. Mallogs Silver,0,5.5,1,1,1,1001,1,1001,0,0,0
140953682,RPGTV / Poole 6th Mar,HC 450m,06-03-2018 20:22,14611229,6. Sevenofnine,1,2.9,1,1,1,1001,1,1001,0,0,0
140950166,TRP / Nott 6th Mar,A4 500m,06-03-2018 12:04,14747504,3. Bromwich Eske,1,3.0297955901081135,1,1,1,1001,1,1001,0,0,0
140951902,SIS / CPark 6th Mar,A1 480m,06-03-2018 13:08,14930687,2. Steves Sunshine,0,27.836705079418604,1,1,1,1001,1,1001,0,0,0
140953676,RPGTV / Poole 6th Mar,A5 450m,06-03-2018 19:37,14993858,3. Kuda Miss,0,20,1,1,1,1001,1,1001,0,0,0
140964311,NZL / Hatr (NZL) 7th Mar,R3 305m Final,06-03-2018 23:51,15692504,4. Homebush Demi,0,,1,1,1,1001,1,1001,0,0,0
140941249,AUS / Lism (AUS) 6th Mar,R10 420m Gr5,06-03-2018 10:45,16195102,1. Bonny Doon Gee,0,34.47826810478232,1,14.0760963026655202063628546861564918315,1,1001,1,1001,46.52,0,0
140941377,AUS / Mand (AUS) 6th Mar,R9 405m Nvce,06-03-2018 12:45,16786328,2. All The Rave,1,11.5,1,1,1,1001,1,1001,0,0,0
140954332,RPGTV / Poole (F/C) 6th Mar,Forecast,06-03-2018 18:48,17002741,5 - 6,0,,1,1,1,1001,1,1001,0,0,0
140941310,AUS / Cran (AUS) 6th Mar,R1 311m Heat,06-03-2018 07:47,17190788,8. Midnight Muscat,0,10.5,1,7.61142659877448865107448002071286786916,1,1001,1,1001,231.74,0,0
140950459,TRP / Kinsl (F/C) 6th Mar,Forecast,06-03-2018 12:58,17002630,1 - 3,0,,1,1,1,1001,1,1001,0,0,0
140954332,RPGTV / Poole (F/C) 6th Mar,Forecast,06-03-2018 18:48,17002630,1 - 3,0,,1,1,1,1001,1,1001,0,0,0
140954332,RPGTV / Poole (F/C) 6th Mar,Forecast,06-03-2018 18:48,17002631,1 - 4,0,,1,1,1,1001,1,1001,0,0,0
140953343,SIS / Henl (F/C) 6th Mar,Forecast,06-03-2018 20:21,17002632,1 - 6,0,,1,1,1,1001,1,1001,0,0,0
140951387,SIS / Monm (F/C) 6th Mar,Forecast,06-03-2018 16:58,17002632,1 - 6,0,,1,1,1,1001,1,1001,0,0,0
140951296,RPGTV / Sheff (F/C) 6th Mar,Forecast,06-03-2018 19:42,17002633,2 - 1,0,,1,1,1,1001,1,1001,0,0,0
140950194,TRP / Nott (F/C) 6th Mar,Forecast,06-03-2018 11:03,17002633,2 - 1,0,,1,1,1,1001,1,1001,0,0,0
140951302,RPGTV / Sheff (F/C) 6th Mar,Forecast,06-03-2018 21:14,17002635,2 - 3,0,,1,1,1,1001,1,1001,0,0,0
140950415,SIS / Hove (F/C) 6th Mar,Forecast,06-03-2018 15:49,17002635,2 - 3,0,,1,1,1,1001,1,1001,0,0,0
140953557,SIS / Crayfd (F/C) 6th Mar,Forecast,06-03-2018 19:54,17002635,2 - 3,0,,1,1,1,1001,1,1001,0,0,0
140951341,TRP / Sund (F/C) 6th Mar,Forecast,06-03-2018 16:27,17002636,2 - 4,0,,1,1,1,1001,1,1001,0,0,0
140950455,TRP / Kinsl (F/C) 6th Mar,Forecast,06-03-2018 11:57,17002639,2 - 6,0,,1,1,1,1001,1,1001,0,0,0
140951390,SIS / Monm (F/C) 6th Mar,Forecast,06-03-2018 17:54,17002639,2 - 6,0,,1,1,1,1001,1,1001,0,0,0
140951993,SIS / CPark (F/C) 6th Mar,Forecast,06-03-2018 11:09,17002674,3 - 1,0,,1,1,1,1001,1,1001,0,0,0
140951302,RPGTV / Sheff (F/C) 6th Mar,Forecast,06-03-2018 21:14,17002674,3 - 1,0,,1,1,1,1001,1,1001,0,0,0
140952001,SIS / CPark (F/C) 6th Mar,Forecast,06-03-2018 13:08,17002674,3 - 1,0,,1,1,1,1001,1,1001,0,0,0
140952865,SIS / Crayfd (F/C) 6th Mar,Forecast,06-03-2018 12:16,17002675,3 - 2,0,,1,1,1,1001,1,1001,0,0,0
140954334,RPGTV / Poole (F/C) 6th Mar,Forecast,06-03-2018 19:22,17002677,3 - 4,0,,1,1,1,1001,1,1001,0,0,0
140951338,TRP / Sund (F/C) 6th Mar,Forecast,06-03-2018 15:28,17002677,3 - 4,0,,1,1,1,1001,1,1001,0,0,0
140951344,TRP / Sund (F/C) 6th Mar,Forecast,06-03-2018 17:22,17002677,3 - 4,0,,1,1,1,1001,1,1001,0,0,0
140951341,TRP / Sund (F/C) 6th Mar,Forecast,06-03-2018 16:27,17002677,3 - 4,0,,1,1,1,1001,1,1001,0,0,0
140951379,SIS / Monm (F/C) 6th Mar,Forecast,06-03-2018 14:22,17002683,4 - 2,0,,1,1,1,1001,1,1001,0,0,0
140953556,SIS / Crayfd (F/C) 6th Mar,Forecast,06-03-2018 19:38,17002683,4 - 2,0,,1,1,1,1001,1,1001,0,0,0
140950459,TRP / Kinsl (F/C) 6th Mar,Forecast,06-03-2018 12:58,17002683,4 - 2,0,,1,1,1,1001,1,1001,0,0,0
140951339,TRP / Sund (F/C) 6th Mar,Forecast,06-03-2018 15:48,17002683,4 - 2,0,,1,1,1,1001,1,1001,0,0,0
140950199,TRP / Nott (F/C) 6th Mar,Forecast,06-03-2018 12:18,17002686,4 - 5,0,,1,1,1,1001,1,1001,0,0,0
140953552,SIS / Crayfd (F/C) 6th Mar,Forecast,06-03-2018 18:33,17002686,4 - 5,0,,1,1,1,1001,1,1001,0,0,0
140953560,SIS / Crayfd (F/C) 6th Mar,Forecast,06-03-2018 20:42,17002686,4 - 5,0,,1,1,1,1001,1,1001,0,0,0
140950459,TRP / Kinsl (F/C) 6th Mar,Forecast,06-03-2018 12:58,17002686,4 - 5,0,,1,1,1,1001,1,1001,0,0,0
140953554,SIS / Crayfd (F/C) 6th Mar,Forecast,06-03-2018 19:07,17002687,4 - 6,0,,1,1,1,1001,1,1001,0,0,0
140954332,RPGTV / Poole (F/C) 6th Mar,Forecast,06-03-2018 18:48,17002687,4 - 6,0,,1,1,1,1001,1,1001,0,0,0
140953336,SIS / Henl (F/C) 6th Mar,Forecast,06-03-2018 18:27,17002688,5 - 1,0,,1,1,1,1001,1,1001,0,0,0
140950458,TRP / Kinsl (F/C) 6th Mar,Forecast,06-03-2018 12:42,17002689,5 - 2,0,,1,1,1,1001,1,1001,0,0,0
140953339,SIS / Henl (F/C) 6th Mar,Forecast,06-03-2018 19:17,17002689,5 - 2,0,,1,1,1,1001,1,1001,0,0,0
140951336,TRP / Sund (F/C) 6th Mar,Forecast,06-03-2018 14:47,17002689,5 - 2,0,,1,1,1,1001,1,1001,0,0,0
140950202,TRP / Nott (F/C) 6th Mar,Forecast,06-03-2018 13:04,17002689,5 - 2,0,,1,1,1,1001,1,1001,0,0,0
140952860,SIS / Crayfd (F/C) 6th Mar,Forecast,06-03-2018 11:01,17002690,5 - 3,0,,1,29,1,1001,1,1001,12,0,0
140950458,TRP / Kinsl (F/C) 6th Mar,Forecast,06-03-2018 12:42,17002690,5 - 3,0,,1,1,1,1001,1,1001,0,0,0
140952865,SIS / Crayfd (F/C) 6th Mar,Forecast,06-03-2018 12:16,17002690,5 - 3,0,,1,1,1,1001,1,1001,0,0,0
140952870,SIS / Crayfd (F/C) 6th Mar,Forecast,06-03-2018 13:31,17002690,5 - 3,0,,1,1,1,1001,1,1001,0,0,0
140951994,SIS / CPark (F/C) 6th Mar,Forecast,06-03-2018 11:24,17002691,5 - 4,0,,1,1,1,1001,1,1001,0,0,0
140951293,RPGTV / Sheff (F/C) 6th Mar,Forecast,06-03-2018 18:56,17002691,5 - 4,0,,1,1,1,1001,1,1001,0,0,0
140951391,SIS / Monm (F/C) 6th Mar,Forecast,06-03-2018 18:09,17002691,5 - 4,0,,1,1,1,1001,1,1001,0,0,0
140953555,SIS / Crayfd (F/C) 6th Mar,Forecast,06-03-2018 19:23,17002693,6 - 1,0,,1,1,1,1001,1,1001,0,0,0
140950460,TRP / Kinsl (F/C) 6th Mar,Forecast,06-03-2018 13:12,17002694,6 - 2,0,,1,1,1,1001,1,1001,0,0,0
140951338,TRP / Sund (F/C) 6th Mar,Forecast,06-03-2018 15:28,17002696,6 - 4,0,,1,1,1,1001,1,1001,0,0,0
140952001,SIS / CPark (F/C) 6th Mar,Forecast,06-03-2018 13:08,17002696,6 - 4,0,,1,1,1,1001,1,1001,0,0,0
140953341,SIS / Henl (F/C) 6th Mar,Forecast,06-03-2018 19:49,17002696,6 - 4,0,,1,1,1,1001,1,1001,0,0,0
140950205,TRP / Nott (F/C) 6th Mar,Forecast,06-03-2018 13:51,17002697,6 - 5,1,,1,1,1,1001,1,1001,0,0,0
140950460,TRP / Kinsl (F/C) 6th Mar,Forecast,06-03-2018 13:12,17002697,6 - 5,0,,1,1,1,1001,1,1001,0,0,0
140951379,SIS / Monm (F/C) 6th Mar,Forecast,06-03-2018 14:22,17002568,1 - 2,0,,1,1,1,1001,1,1001,0,0,0
140951303,RPGTV / Sheff (F/C) 6th Mar,Forecast,06-03-2018 21:32,17002568,1 - 2,1,,1,1,1,1001,1,1001,0,0,0
140950454,TRP / Kinsl (F/C) 6th Mar,Forecast,06-03-2018 11:42,17002568,1 - 2,0,,1,1,1,1001,1,1001,0,0,0
140941365,AUS / Mand (AUS) 6th Mar,R3 405m Heat,06-03-2018 10:42,17509890,1. Wise Olive,0,2.079090639717906,1,1.90587427626903230137766429069156386079,1,1001,1,1001,8639.26,0,0
140941371,AUS / Mand (AUS) 6th Mar,R6 490m Nvce,06-03-2018 11:45,17509907,5. Brindle Yap,0,16,1,1,1,1001,1,1001,0,0,0
140941375,AUS / Mand (AUS) 6th Mar,R8 405m Nvce,06-03-2018 12:22,17509909,6. Blue Blaze,0,33.1898896408081,1,1,1,1001,1,1001,0,0,0
140941331,AUS / Geel (AUS) 6th Mar,R7 460m Mdn,06-03-2018 06:58,17508339,6. Dyna Gunner,0,16.610303763601568,1,9.85932455922522969952818475291780481748,1,1001,1,1001,241.62,0,0
140941199,AUS / Mait (AUS) 6th Mar,R2 400m Heat,06-03-2018 08:18,17508722,8. Ridens Reach,0,1.6384105611690025,1,1.6446893665837533495588155345466464229,1,1001,1,1001,25383.94,0,0
140964309,NZL / Hatr (NZL) 7th Mar,R2 520m C0,06-03-2018 23:33,17524432,4. Bigtime Hannah,0,,1,1,1,1001,1,1001,0,0,0
140941289,AUS / Gawl (AUS) 6th Mar,R1 400m Heat,06-03-2018 01:14,17508091,4. Woodside Coco,0,40.19513513117562,1,23.0592417061611374407582938388625592417,1,1001,1,1001,33.76,0,0
140953434,SIS / Crayfd 6th Mar,A6 380m,06-03-2018 18:33,17504472,4. Slippy Rach,0,4.861897513,1,1,1,1001,1,1001,0,0,0
140951317,TRP / Sund 6th Mar,A3 450m,06-03-2018 16:08,17406423,4. Allpoints Chacha,0,6,1,1,1,1001,1,1001,0,0,0
140941041,AUS / Town (AUS) 6th Mar,R1 380m Mdn,06-03-2018 08:55,17409370,4. Birr,0,11.5,1,10.3708075703838548695897806095226138539,1,1001,1,1001,637.22,0,0
140951562,Greyhound Racing / Trap Challenge,Henl & Crayfd Trap Challenge,06-03-2018 18:27,5858,Trap 2,2,,5.9,1,1,1001,1,1001,0,36,0
140951344,TRP / Sund (F/C) 6th Mar,Forecast,06-03-2018 17:22,6953192,1 - 5,0,,1,1,1,1001,1,1001,0,0,0
140953674,RPGTV / Poole 6th Mar,A3 450m,06-03-2018 19:22,9004054,2. Renegade Master,0,21,1,1,1,1001,1,1001,0,0,0
140950393,SIS / Hove 6th Mar,A3 515m,06-03-2018 18:19,9424309,6. Southfield Blue,0,7.524650339576183,1,1,1,1001,1,1001,0,0,0
140941233,AUS / Lism (AUS) 6th Mar,R7 420m Gr5,06-03-2018 09:45,10670342,2. Gundal Commando,1,7.6,1,7.41087483293309717589020852122700453118,1,1001,1,1001,1840.58,0,0
140941379,AUS / Mand (AUS) 6th Mar,R10 490m Gr4/5,06-03-2018 13:02,10695527,5. Proceed At Speed,0,26.105883047,1,1,1,1001,1,1001,0,0,0
140950437,TRP / Kinsl 6th Mar,A6 462m,06-03-2018 12:42,10817671,1. Koka Kola,1,8.785369831,1,1,1,1001,1,1001,0,0,0
140953022,SIS / Henl 6th Mar,A4 460m,06-03-2018 20:37,11391347,6. Savana Lee,0,15.504045576261703,1,1,1,1001,1,1001,0,0,0
140941373,AUS / Mand (AUS) 6th Mar,R7 405m Gr5,06-03-2018 12:02,11693728,5. Barnabie Gundi,0,6.210507600377097,1,1,1,1001,1,1001,0,0,0
140950425,TRP / Kinsl 6th Mar,D2 268m,06-03-2018 11:11,11770228,5. Rathin Sailor,2,6.661646956745537,1,1,1,1001,1,1001,0,0,0
140941308,AUS / Gawl (AUS) 6th Mar,R10 400m Gr5,06-03-2018 04:17,12114519,3. Aston Danger,0,4.063317615765554,1,3.79582341790021377001573024644052756827,1,1001,1,1001,495.86,0,0
140941225,AUS / Lism (AUS) 6th Mar,R4 520m Heat,06-03-2018 08:45,12291871,1. Symi Dreamin,0,38.82814812658345,1,22.6644945602901178603807796917497733454,1,1001,1,1001,176.48,0,0
140951313,TRP / Sund 6th Mar,HC 261m,06-03-2018 15:28,12266992,5. Kingsmill Chief,0,10,1,1,1,1001,1,1001,0,0,0
140941237,AUS / Lism (AUS) 6th Mar,R8 420m Gr5,06-03-2018 10:05,12446500,3. Galvo,0,6.109431713210942,1,4.586600307492352316495221188442091582,1,1001,1,1001,1261.82,0,0
140950445,TRP / Kinsl 6th Mar,A4 462m,06-03-2018 13:44,12677027,1. Always Rosie,1,6.200839460629452,1,1,1,1001,1,1001,0,0,0
140941213,AUS / Mait (AUS) 6th Mar,R9 400m Gr5,06-03-2018 10:38,12917368,3. Key Lexus,0,5.539363401,1,5.60572620188243250859493884912359803866,1,1001,1,1001,1419.44,0,0
140953440,SIS / Crayfd 6th Mar,OR 540m,06-03-2018 19:23,13049573,3. Arabian Sand,0,12.677392812543548,1,1,1,1001,1,1001,0,0,0
140953018,SIS / Henl 6th Mar,A4 460m,06-03-2018 20:06,13181376,5. Blackrose Ava,0,21,1,1,1,1001,1,1001,0,0,0
140950427,TRP / Kinsl 6th Mar,A4 462m,06-03-2018 11:28,13552285,6. Positiveapproach,0,8.6,1,1,1,1001,1,1001,0,0,0
140941237,AUS / Lism (AUS) 6th Mar,R8 420m Gr5,06-03-2018 10:05,13579691,4. Kandahar Prince,0,20,1,12.7796483909415971394517282479141835519,1,1001,1,1001,201.36,0,0
140941235,AUS / Warr (AUS) 6th Mar,R3 390m Rest,06-03-2018 04:34,14350242,1. Destini Echo,0,7.191057247,1,5.39168498812769325477090845132354234456,1,1001,1,1001,909.68,0,0
140952569,SIS / Crayfd 6th Mar,A5 380m,06-03-2018 13:01,15463528,3. Great Run,0,9.677262826790535,1,1,1,1001,1,1001,0,0,0
140951285,RPGTV / Sheff 6th Mar,OR 500m,06-03-2018 21:14,16705725,1. Bull Run Button,1,4,1,2.95489501301872791824862187509151292533,1,1001,1,1001,39.96,0,0
140951898,SIS / CPark 6th Mar,D3 265m,06-03-2018 12:39,16475499,5. Shaunas Mustang,0,10.851100873317918,1,1,1,1001,1,1001,0,0,0
140941043,AUS / Town (AUS) 6th Mar,R2 380m Nvce,06-03-2018 09:15,16795919,1. Dyna Fable,0,5.3,1,4.47020421225273516410984659079544772686,1,1001,1,1001,1999.88,0,0
140953337,SIS / Henl (F/C) 6th Mar,Forecast,06-03-2018 18:44,17002741,5 - 6,0,,1,1,1,1001,1,1001,0,0,0
140950454,TRP / Kinsl (F/C) 6th Mar,Forecast,06-03-2018 11:42,17002741,5 - 6,0,,1,1,1,1001,1,1001,0,0,0
140951341,TRP / Sund (F/C) 6th Mar,Forecast,06-03-2018 16:27,17002741,5 - 6,0,,1,1,1,1001,1,1001,0,0,0
140941285,AUS / Warr (AUS) 6th Mar,R8 450m Gr4/5,06-03-2018 06:22,17202058,5. Dyna Denver,0,37.30346172424709,1,30.2565458990886863747499444320960213381,1,1001,1,1001,449.9,0,0
140952000,SIS / CPark (F/C) 6th Mar,Forecast,06-03-2018 12:54,17002630,1 - 3,0,,1,1,1,1001,1,1001,0,0,0
140951302,RPGTV / Sheff (F/C) 6th Mar,Forecast,06-03-2018 21:14,17002630,1 - 3,1,,1,1,1,1001,1,1001,0,0,0
140953337,SIS / Henl (F/C) 6th Mar,Forecast,06-03-2018 18:44,17002630,1 - 3,0,,1,1,1,1001,1,1001,0,0,0
140950203,TRP / Nott (F/C) 6th Mar,Forecast,06-03-2018 13:19,17002630,1 - 3,0,,1,1,1,1001,1,1001,0,0,0
140950411,SIS / Hove (F/C) 6th Mar,Forecast,06-03-2018 14:32,17002631,1 - 4,0,,1,1,1,1001,1,1001,0,0,0
140953336,SIS / Henl (F/C) 6th Mar,Forecast,06-03-2018 18:27,17002632,1 - 6,0,,1,1,1,1001,1,1001,0,0,0
140953346,SIS / Henl (F/C) 6th Mar,Forecast,06-03-2018 21:08,17002632,1 - 6,0,,1,1,1,1001,1,1001,0,0,0
140950454,TRP / Kinsl (F/C) 6th Mar,Forecast,06-03-2018 11:42,17002633,2 - 1,0,,1,1,1,1001,1,1001,0,0,0
140953553,SIS / Crayfd (F/C) 6th Mar,Forecast,06-03-2018 18:49,17002633,2 - 1,1,,1,1,1,1001,1,1001,0,0,0
140950200,TRP / Nott (F/C) 6th Mar,Forecast,06-03-2018 12:32,17002636,2 - 4,0,,1,1,1,1001,1,1001,0,0,0
140953341,SIS / Henl (F/C) 6th Mar,Forecast,06-03-2018 19:49,17002636,2 - 4,0,,1,1,1,1001,1,1001,0,0,0
140952871,SIS / Crayfd (F/C) 6th Mar,Forecast,06-03-2018 13:49,17002637,2 - 5,0,,1,1,1,1001,1,1001,0,0,0
140951994,SIS / CPark (F/C) 6th Mar,Forecast,06-03-2018 11:24,17002639,2 - 6,0,,1,1,1,1001,1,1001,0,0,0
140954331,RPGTV / Poole (F/C) 6th Mar,Forecast,06-03-2018 18:28,17002639,2 - 6,0,,1,1,1,1001,1,1001,0,0,0
140954332,RPGTV / Poole (F/C) 6th Mar,Forecast,06-03-2018 18:48,17002639,2 - 6,0,,1,1,1,1001,1,1001,0,0,0
140953340,SIS / Henl (F/C) 6th Mar,Forecast,06-03-2018 19:33,17002674,3 - 1,0,,1,1,1,1001,1,1001,0,0,0
140951383,SIS / Monm (F/C) 6th Mar,Forecast,06-03-2018 15:39,17002674,3 - 1,0,,1,1,1,1001,1,1001,0,0,0
140951995,SIS / CPark (F/C) 6th Mar,Forecast,06-03-2018 11:39,17002675,3 - 2,0,,1,1,1,1001,1,1001,0,0,0
140953345,SIS / Henl (F/C) 6th Mar,Forecast,06-03-2018 20:53,17002675,3 - 2,0,,1,1,1,1001,1,1001,0,0,0
140951380,SIS / Monm (F/C) 6th Mar,Forecast,06-03-2018 14:42,17002677,3 - 4,0,,1,1,1,1001,1,1001,0,0,0
140950422,SIS / Hove (F/C) 6th Mar,Forecast,06-03-2018 18:02,17002678,3 - 5,1,,1,1,1,1001,1,1001,0,0,0
140951341,TRP / Sund (F/C) 6th Mar,Forecast,06-03-2018 16:27,17002678,3 - 5,0,,1,1,1,1001,1,1001,0,0,0
140950194,TRP / Nott (F/C) 6th Mar,Forecast,06-03-2018 11:03,17002679,3 - 6,0,,1,1,1,1001,1,1001,0,0,0
140951998,SIS / CPark (F/C) 6th Mar,Forecast,06-03-2018 12:24,17002679,3 - 6,0,,1,1,1,1001,1,1001,0,0,0
140952870,SIS / Crayfd (F/C) 6th Mar,Forecast,06-03-2018 13:31,17002679,3 - 6,0,,1,1,1,1001,1,1001,0,0,0
140954340,RPGTV / Poole (F/C) 6th Mar,Forecast,06-03-2018 20:51,17002680,4 - 1,0,,1,1,1,1001,1,1001,0,0,0
140953555,SIS / Crayfd (F/C) 6th Mar,Forecast,06-03-2018 19:23,17002680,4 - 1,0,,1,1,1,1001,1,1001,0,0,0
140951391,SIS / Monm (F/C) 6th Mar,Forecast,06-03-2018 18:09,17002680,4 - 1,0,,1,1,1,1001,1,1001,0,0,0
140951341,TRP / Sund (F/C) 6th Mar,Forecast,06-03-2018 16:27,17002680,4 - 1,0,,1,1,1,1001,1,1001,0,0,0
140951997,SIS / CPark (F/C) 6th Mar,Forecast,06-03-2018 12:09,17002683,4 - 2,0,,1,1,1,1001,1,1001,0,0,0
140950202,TRP / Nott (F/C) 6th Mar,Forecast,06-03-2018 13:04,17002686,4 - 5,0,,1,1,1,1001,1,1001,0,0,0
140951299,RPGTV / Sheff (F/C) 6th Mar,Forecast,06-03-2018 20:28,17002687,4 - 6,0,,1,1,1,1001,1,1001,0,0,0
140951334,TRP / Sund (F/C) 6th Mar,Forecast,06-03-2018 14:08,17002688,5 - 1,0,,1,1,1,1001,1,1001,0,0,0
140953340,SIS / Henl (F/C) 6th Mar,Forecast,06-03-2018 19:33,17002689,5 - 2,0,,1,1,1,1001,1,1001,0,0,0
140952863,SIS / Crayfd (F/C) 6th Mar,Forecast,06-03-2018 11:46,17002689,5 - 2,0,,1,1,1,1001,1,1001,0,0,0
140951303,RPGTV / Sheff (F/C) 6th Mar,Forecast,06-03-2018 21:32,17002689,5 - 2,0,,1,1,1,1001,1,1001,0,0,0
140951292,RPGTV / Sheff (F/C) 6th Mar,Forecast,06-03-2018 18:38,17002690,5 - 3,0,,1,1,1,1001,1,1001,0,0,0
140950202,TRP / Nott (F/C) 6th Mar,Forecast,06-03-2018 13:04,17002690,5 - 3,0,,1,1,1,1001,1,1001,0,0,0
140950203,TRP / Nott (F/C) 6th Mar,Forecast,06-03-2018 13:19,17002690,5 - 3,0,,1,1,1,1001,1,1001,0,0,0
140952860,SIS / Crayfd (F/C) 6th Mar,Forecast,06-03-2018 11:01,17002691,5 - 4,0,,1,1,1,1001,1,1001,0,0,0
140950199,TRP / Nott (F/C) 6th Mar,Forecast,06-03-2018 12:18,17002693,6 - 1,1,,1,1,1,1001,1,1001,0,0,0
140953560,SIS / Crayfd (F/C) 6th Mar,Forecast,06-03-2018 20:42,17002693,6 - 1,0,,1,1,1,1001,1,1001,0,0,0
140954336,RPGTV / Poole (F/C) 6th Mar,Forecast,06-03-2018 19:52,17002693,6 - 1,0,,1,1,1,1001,1,1001,0,0,0
140953344,SIS / Henl (F/C) 6th Mar,Forecast,06-03-2018 20:37,17002693,6 - 1,0,,1,1,1,1001,1,1001,0,0,0
140952002,SIS / CPark (F/C) 6th Mar,Forecast,06-03-2018 13:22,17002694,6 - 2,0,,1,1,1,1001,1,1001,0,0,0
140950420,SIS / Hove (F/C) 6th Mar,Forecast,06-03-2018 17:28,17002695,6 - 3,0,,1,1,1,1001,1,1001,0,0,0
140951382,SIS / Monm (F/C) 6th Mar,Forecast,06-03-2018 15:19,17002696,6 - 4,0,,1,1,1,1001,1,1001,0,0,0
140950454,TRP / Kinsl (F/C) 6th Mar,Forecast,06-03-2018 11:42,17002696,6 - 4,0,,1,1,1,1001,1,1001,0,0,0
140951297,RPGTV / Sheff (F/C) 6th Mar,Forecast,06-03-2018 19:58,17002697,6 - 5,0,,1,1,1,1001,1,1001,0,0,0
140953340,SIS / Henl (F/C) 6th Mar,Forecast,06-03-2018 19:33,17002697,6 - 5,0,,1,1,1,1001,1,1001,0,0,0
140954338,RPGTV / Poole (F/C) 6th Mar,Forecast,06-03-2018 20:22,17002697,6 - 5,1,,1,1,1,1001,1,1001,0,0,0
140953347,SIS / Henl (F/C) 6th Mar,Forecast,06-03-2018 21:26,17002697,6 - 5,0,,1,1,1,1001,1,1001,0,0,0
140951389,SIS / Monm (F/C) 6th Mar,Forecast,06-03-2018 17:37,17002697,6 - 5,0,,1,1,1,1001,1,1001,0,0,0
140952861,SIS / Crayfd (F/C) 6th Mar,Forecast,06-03-2018 11:16,17002697,6 - 5,1,,1,1,1,1001,1,1001,0,0,0
140951387,SIS / Monm (F/C) 6th Mar,Forecast,06-03-2018 16:58,17002697,6 - 5,0,,1,1,1,1001,1,1001,0,0,0
140950200,TRP / Nott (F/C) 6th Mar,Forecast,06-03-2018 12:32,17002568,1 - 2,0,,1,1,1,1001,1,1001,0,0,0
140951337,TRP / Sund (F/C) 6th Mar,Forecast,06-03-2018 15:07,17002568,1 - 2,0,,1,1,1,1001,1,1001,0,0,0
140941292,AUS / Gawl (AUS) 6th Mar,R2 400m Heat,06-03-2018 01:38,17233953,8. Not So Swift,0,28.41404556751222,1,15.9429648241206030150753768844221105528,1,1001,1,1001,39.8,0,0
140941347,AUS / Cran (AUS) 6th Mar,R7 311m Final,06-03-2018 09:48,17151523,1. Canya Wilber,1,2.906983131842571,1,2.20108592593988859881435963167865187601,1,1001,1,1001,6366.18,0,0
140941319,AUS / Geel (AUS) 6th Mar,R1 400m Mdn,06-03-2018 04:49,17508313,7. Gunmetal Jake,0,7.270516856,1,6.02023121387283236994219653179190751445,1,1001,1,1001,117.64,0,0
140941217,AUS / Mait (AUS) 6th Mar,R11 400m Gr5,06-03-2018 11:20,17508781,8. Roses For Tammy,0,38.986903628781434,1,1,1,1001,1,1001,0,0,0
140941041,AUS / Town (AUS) 6th Mar,R1 380m Mdn,06-03-2018 08:55,17508792,7. King Nic,0,5.420956807710462,1,4.39212103012883760170448858192841719932,1,1001,1,1001,1398.66,0,0
140941043,AUS / Town (AUS) 6th Mar,R2 380m Nvce,06-03-2018 09:15,17508795,8. Westmead Warrior,0,14.767424775,1,10.0022536744692433315187806205770277627,1,1001,1,1001,551.1,0,0
140951361,SIS / Monm 6th Mar,A5 480m,06-03-2018 15:59,17503090,5. Whiteoak Lenny,1,5.8,1,1,1,1001,1,1001,0,0,0
140951319,TRP / Sund 6th Mar,A5 450m,06-03-2018 16:27,17406430,5. Steeple Rd Leah,0,5.19722087271075,1,1,1,1001,1,1001,0,0,0
140941310,AUS / Cran (AUS) 6th Mar,R1 311m Heat,06-03-2018 07:47,17508447,1. Shanlyn Dolly,0,3.168101892532576,1,3.0372502001601281024819855884707766213,1,1001,1,1001,2498,0,0
140941159,AUS / Ipsw (AUS) 6th Mar,R1 431m Heat,06-03-2018 04:52,17508620,1. Blacked Out,1,3.259924776178086,1,2.68140404369879785760545336793688161521,1,1001,1,1001,4230.78,0,0
140941161,AUS / Ipsw (AUS) 6th Mar,R2 431m Heat,06-03-2018 05:12,17508627,2. Impatient Kid,0,7.947371217,1,6.92405154814562776454576386526029261654,1,1001,1,1001,940.48,0,0
140950172,TRP / Nott 6th Mar,A3 500m,06-03-2018 12:47,5597087,1. Time Will Tell,0,6.753702827,1,1,1,1001,1,1001,0,0,0
140951302,RPGTV / Sheff (F/C) 6th Mar,Forecast,06-03-2018 21:14,6953192,1 - 5,0,,1,1,1,1001,1,1001,0,0,0
140951390,SIS / Monm (F/C) 6th Mar,Forecast,06-03-2018 17:54,6953192,1 - 5,0,,1,1,1,1001,1,1001,0,0,0
140953688,RPGTV / Poole 6th Mar,A7 450m,06-03-2018 21:07,8922177,6. Miss Royal,0,7.264083528737538,1,1,1,1001,1,1001,0,0,0
140941171,AUS / Ipsw (AUS) 6th Mar,R4 431m Gr3/4,06-03-2018 05:47,9518703,2. Plum Jam,1,3.9472470295493256,1,3.33034340390081348622954033127511516221,1,1001,1,1001,1632.48,0,0
140950166,TRP / Nott 6th Mar,A4 500m,06-03-2018 12:04,10619459,2. Speed Cop,0,9.2,1,1,1,1001,1,1001,0,0,0
140941050,AUS / Town (AUS) 6th Mar,R5 380m Heat,06-03-2018 10:15,11246971,8. Not A Word,0,9,1,6.45399134053554163689100004203623523477,1,1001,1,1001,475.78,0,0
140953674,RPGTV / Poole 6th Mar,A3 450m,06-03-2018 19:22,11417804,5. Suirview Bee,0,3.55,1,1,1,1001,1,1001,0,0,0
140950381,SIS / Hove 6th Mar,A7 515m,06-03-2018 16:29,12793175,1. Boozed Jo,1,4.734019946330336,1,1,1,1001,1,1001,0,0,0
140953024,SIS / Henl 6th Mar,A3 460m,06-03-2018 20:53,12874673,6. Swift Edgar,1,12.054901515698296,1,1,1,1001,1,1001,0,0,0
140941345,AUS / Geel (AUS) 6th Mar,R11 400m Mdn,06-03-2018 08:15,13325843,7. Jens Magic,0,45.486805740599536,1,19.4116847826086956521739130434782608696,1,1001,1,1001,88.32,0,0
140950441,TRP / Kinsl 6th Mar,A3 462m,06-03-2018 13:12,13396175,5. Dixies Gem,1,5.6,1,1,1,1001,1,1001,0,0,0
140951353,SIS / Monm 6th Mar,A4 480m,06-03-2018 14:42,13772582,3. Gaffers Jet,0,4.593920947554289,1,1,1,1001,1,1001,0,0,0
140941281,NZL / AsPk (NZL) 6th Mar,R11 457m C1,06-03-2018 02:02,13857989,3. Black Dan,0,,1,7.97907505686125852918877937831690674754,1,1001,1,1001,211.04,0,0
140950431,TRP / Kinsl 6th Mar,HC 462m,06-03-2018 11:57,15957130,3. Frainey Lady,1,4.9,1,1,1,1001,1,1001,0,0,0
141000106,Match Bets / Poole (AvB) 6th Mar,Springberry Noir v Sevenofnine,06-03-2018 20:22,17244164,4. Springberry Noir,0,,1,1,1,1001,1,1001,0,0,0
140951303,RPGTV / Sheff (F/C) 6th Mar,Forecast,06-03-2018 21:32,17002741,5 - 6,0,,1,1,1,1001,1,1001,0,0,0
140950410,SIS / Hove (F/C) 6th Mar,Forecast,06-03-2018 14:12,17002741,5 - 6,0,,1,1,1,1001,1,1001,0,0,0
140953558,SIS / Crayfd (F/C) 6th Mar,Forecast,06-03-2018 20:11,17002630,1 - 3,0,,1,1,1,1001,1,1001,0,0,0
140950453,TRP / Kinsl (F/C) 6th Mar,Forecast,06-03-2018 11:28,17002630,1 - 3,0,,1,1,1,1001,1,1001,0,0,0
140951291,RPGTV / Sheff (F/C) 6th Mar,Forecast,06-03-2018 18:22,17002630,1 - 3,0,,1,1,1,1001,1,1001,0,0,0
140951343,TRP / Sund (F/C) 6th Mar,Forecast,06-03-2018 17:07,17002631,1 - 4,0,,1,1,1,1001,1,1001,0,0,0
140950452,TRP / Kinsl (F/C) 6th Mar,Forecast,06-03-2018 11:11,17002632,1 - 6,0,,1,1,1,1001,1,1001,0,0,0
140953559,SIS / Crayfd (F/C) 6th Mar,Forecast,06-03-2018 20:26,17002633,2 - 1,0,,1,1,1,1001,1,1001,0,0,0
140953343,SIS / Henl (F/C) 6th Mar,Forecast,06-03-2018 20:21,17002633,2 - 1,0,,1,1,1,1001,1,1001,0,0,0
140951995,SIS / CPark (F/C) 6th Mar,Forecast,06-03-2018 11:39,17002633,2 - 1,0,,1,1,1,1001,1,1001,0,0,0
140950196,TRP / Nott (F/C) 6th Mar,Forecast,06-03-2018 11:34,17002635,2 - 3,0,,1,1,1,1001,1,1001,0,0,0
140951294,RPGTV / Sheff (F/C) 6th Mar,Forecast,06-03-2018 19:11,17002635,2 - 3,0,,1,1,1,1001,1,1001,0,0,0
140953347,SIS / Henl (F/C) 6th Mar,Forecast,06-03-2018 21:26,17002635,2 - 3,0,,1,1,1,1001,1,1001,0,0,0
140951385,SIS / Monm (F/C) 6th Mar,Forecast,06-03-2018 16:19,17002635,2 - 3,0,,1,1,1,1001,1,1001,0,0,0
140953336,SIS / Henl (F/C) 6th Mar,Forecast,06-03-2018 18:27,17002636,2 - 4,0,,1,1,1,1001,1,1001,0,0,0
140954338,RPGTV / Poole (F/C) 6th Mar,Forecast,06-03-2018 20:22,17002636,2 - 4,0,,1,1,1,1001,1,1001,0,0,0
140954339,RPGTV / Poole (F/C) 6th Mar,Forecast,06-03-2018 20:37,17002636,2 - 4,0,,1,1,1,1001,1,1001,0,0,0
140951292,RPGTV / Sheff (F/C) 6th Mar,Forecast,06-03-2018 18:38,17002637,2 - 5,0,,1,1,1,1001,1,1001,0,0,0
140952000,SIS / CPark (F/C) 6th Mar,Forecast,06-03-2018 12:54,17002639,2 - 6,0,,1,1,1,1001,1,1001,0,0,0
140950460,TRP / Kinsl (F/C) 6th Mar,Forecast,06-03-2018 13:12,17002639,2 - 6,0,,1,1,1,1001,1,1001,0,0,0
140954337,RPGTV / Poole (F/C) 6th Mar,Forecast,06-03-2018 20:07,17002674,3 - 1,0,,1,1,1,1001,1,1001,0,0,0
140952000,SIS / CPark (F/C) 6th Mar,Forecast,06-03-2018 12:54,17002674,3 - 1,0,,1,1,1,1001,1,1001,0,0,0
140951997,SIS / CPark (F/C) 6th Mar,Forecast,06-03-2018 12:09,17002674,3 - 1,1,,1,1,1,1001,1,1001,0,0,0
140951993,SIS / CPark (F/C) 6th Mar,Forecast,06-03-2018 11:09,17002675,3 - 2,1,,1,1,1,1001,1,1001,0,0,0
140951344,TRP / Sund (F/C) 6th Mar,Forecast,06-03-2018 17:22,17002675,3 - 2,0,,1,1,1,1001,1,1001,0,0,0
140952002,SIS / CPark (F/C) 6th Mar,Forecast,06-03-2018 13:22,17002678,3 - 5,0,,1,1,1,1001,1,1001,0,0,0
140951385,SIS / Monm (F/C) 6th Mar,Forecast,06-03-2018 16:19,17002679,3 - 6,0,,1,1,1,1001,1,1001,0,0,0
140953552,SIS / Crayfd (F/C) 6th Mar,Forecast,06-03-2018 18:33,17002680,4 - 1,0,,1,1,1,1001,1,1001,0,0,0
140950455,TRP / Kinsl (F/C) 6th Mar,Forecast,06-03-2018 11:57,17002680,4 - 1,0,,1,1,1,1001,1,1001,0,0,0
140950458,TRP / Kinsl (F/C) 6th Mar,Forecast,06-03-2018 12:42,17002683,4 - 2,0,,1,1,1,1001,1,1001,0,0,0
140951341,TRP / Sund (F/C) 6th Mar,Forecast,06-03-2018 16:27,17002683,4 - 2,1,,1,1,1,1001,1,1001,0,0,0
140950456,TRP / Kinsl (F/C) 6th Mar,Forecast,06-03-2018 12:12,17002684,4 - 3,0,,1,1,1,1001,1,1001,0,0,0
140952861,SIS / Crayfd (F/C) 6th Mar,Forecast,06-03-2018 11:16,17002684,4 - 3,0,,1,1,1,1001,1,1001,0,0,0
140954337,RPGTV / Poole (F/C) 6th Mar,Forecast,06-03-2018 20:07,17002686,4 - 5,0,,1,1,1,1001,1,1001,0,0,0
140950453,TRP / Kinsl (F/C) 6th Mar,Forecast,06-03-2018 11:28,17002686,4 - 5,0,,1,1,1,1001,1,1001,0,0,0
140954336,RPGTV / Poole (F/C) 6th Mar,Forecast,06-03-2018 19:52,17002687,4 - 6,0,,1,1,1,1001,1,1001,0,0,0
140951302,RPGTV / Sheff (F/C) 6th Mar,Forecast,06-03-2018 21:14,17002688,5 - 1,0,,1,1,1,1001,1,1001,0,0,0
140952866,SIS / Crayfd (F/C) 6th Mar,Forecast,06-03-2018 12:31,17002688,5 - 1,0,,1,1,1,1001,1,1001,0,0,0
140954342,RPGTV / Poole (F/C) 6th Mar,Forecast,06-03-2018 21:22,17002688,5 - 1,0,,1,1,1,1001,1,1001,0,0,0
140952864,SIS / Crayfd (F/C) 6th Mar,Forecast,06-03-2018 12:01,17002689,5 - 2,0,,1,1,1,1001,1,1001,0,0,0
140950413,SIS / Hove (F/C) 6th Mar,Forecast,06-03-2018 15:11,17002690,5 - 3,0,,1,1,1,1001,1,1001,0,0,0
140952001,SIS / CPark (F/C) 6th Mar,Forecast,06-03-2018 13:08,17002690,5 - 3,0,,1,1,1,1001,1,1001,0,0,0
140954342,RPGTV / Poole (F/C) 6th Mar,Forecast,06-03-2018 21:22,17002691,5 - 4,0,,1,1,1,1001,1,1001,0,0,0
140952871,SIS / Crayfd (F/C) 6th Mar,Forecast,06-03-2018 13:49,17002691,5 - 4,0,,1,1,1,1001,1,1001,0,0,0
140952002,SIS / CPark (F/C) 6th Mar,Forecast,06-03-2018 13:22,17002691,5 - 4,0,,1,1,1,1001,1,1001,0,0,0
140952864,SIS / Crayfd (F/C) 6th Mar,Forecast,06-03-2018 12:01,17002696,6 - 4,0,,1,1,1,1001,1,1001,0,0,0
140950416,SIS / Hove (F/C) 6th Mar,Forecast,06-03-2018 16:09,17002697,6 - 5,0,,1,1,1,1001,1,1001,0,0,0
140950453,TRP / Kinsl (F/C) 6th Mar,Forecast,06-03-2018 11:28,17002697,6 - 5,0,,1,1,1,1001,1,1001,0,0,0
140950199,TRP / Nott (F/C) 6th Mar,Forecast,06-03-2018 12:18,17002568,1 - 2,0,,1,1,1,1001,1,1001,0,0,0
140954336,RPGTV / Poole (F/C) 6th Mar,Forecast,06-03-2018 19:52,17002568,1 - 2,0,,1,1,1,1001,1,1001,0,0,0
140941339,AUS / Geel (AUS) 6th Mar,R10 400m Mdn,06-03-2018 07:57,17296302,6. Montana Fernando,0,11.00415913131102,1,7.94113124912640357825094348413548898104,1,1001,1,1001,429.26,0,0
140941369,AUS / Mand (AUS) 6th Mar,R5 405m Gr4/5,06-03-2018 11:23,17509901,5. Panchorama,0,5.716168963,1,1,1,1001,1,1001,0,0,0
140941319,AUS / Geel (AUS) 6th Mar,R1 400m Mdn,06-03-2018 04:49,17508315,9. Miss Lana Bear,0,107.35665165962651,1,48.6422893481717011128775834658187599364,1,1001,1,1001,12.58,0,0
140941321,AUS / Geel (AUS) 6th Mar,R2 400m Mdn,06-03-2018 05:08,17508317,1. Miss Jacky,1,3.439126124498726,1,2.83935786817371331862552509897549034422,1,1001,1,1001,2647.12,0,0
140941321,AUS / Geel (AUS) 6th Mar,R2 400m Mdn,06-03-2018 05:08,17508320,4. Sarah Smirnoff,0,9.6,1,8.08410408347288419425479840267937652969,1,1001,1,1001,310.52,0,0
140941345,AUS / Geel (AUS) 6th Mar,R11 400m Mdn,06-03-2018 08:15,17508428,4. Dyna Bella,0,15.914075144603851,1,10.4059502664298401420959147424511545293,1,1001,1,1001,382.84,0,0
140941247,AUS / Warr (AUS) 6th Mar,R7 450m Gr6,06-03-2018 05:57,17508452,4. Ultron,0,3.6,1,3.44856637886075215854435881091730891812,1,1001,1,1001,1725.7,0,0
140951584,Greyhound Racing / Trap Challenge,Sheff & Poole Trap Challenge,06-03-2018 18:22,5861,Trap 5,3,,7.45352898443392341582902787373891737723,1,7,7,6,6,0,277.98,44
140950195,TRP / Nott (F/C) 6th Mar,Forecast,06-03-2018 11:19,6953192,1 - 5,0,,1,1,1,1001,1,1001,0,0,0
140954336,RPGTV / Poole (F/C) 6th Mar,Forecast,06-03-2018 19:52,6953192,1 - 5,0,,1,1,1,1001,1,1001,0,0,0
140950413,SIS / Hove (F/C) 6th Mar,Forecast,06-03-2018 15:11,6953192,1 - 5,0,,1,1,1,1001,1,1001,0,0,0
140941209,AUS / Mait (AUS) 6th Mar,R7 400m Gr4/5,06-03-2018 09:58,11376821,4. Head Wreck,0,82.739942835,1,31.7175298804780876494023904382470119522,1,1001,1,1001,50.2,0,0
140951898,SIS / CPark 6th Mar,D3 265m,06-03-2018 12:39,11447822,6. Dixies Flight,1,5.4,1,1,1,1001,1,1001,0,0,0
140950166,TRP / Nott 6th Mar,A4 500m,06-03-2018 12:04,11783129,5. Haggswood Bob,0,9.221301973300443,1,1,1,1001,1,1001,0,0,0
140941397,NZL / Addi (NZL) 6th mar,R8 295m C1,06-03-2018 03:24,11894840,4. Little Snicko,0,,1,16.3792134831460674157303370786516853933,1,1001,1,1001,3.56,0,0
140953022,SIS / Henl 6th Mar,A4 460m,06-03-2018 20:37,11877825,2. Mays Athena,0,16,1,1,1,1001,1,1001,0,0,0
140951273,RPGTV / Sheff 6th Mar,OR 500m,06-03-2018 19:42,12243734,1. Newlawn Simon,0,9.774436951,1,1,1,1001,1,1001,0,0,0
140952553,SIS / Crayfd 6th Mar,A8 380m,06-03-2018 11:01,12266778,1. Jaxx Cold Sophia,0,8.498760378641311,1,5.59533261120498660297230320257822808727,1,1001,1,1001,481.24,0,0
140941233,AUS / Lism (AUS) 6th Mar,R7 420m Gr5,06-03-2018 09:45,13173098,10. Kirsty Dude,0,86.33530601676557,1,46.2494076765123993050071078818512083399,1,1001,1,1001,126.62,0,0
140950443,TRP / Kinsl 6th Mar,D3 268m,06-03-2018 13:27,13492892,5. Carson City,0,11,1,1,1,1001,1,1001,0,0,0
140951359,SIS / Monm 6th Mar,A5 480m,06-03-2018 15:39,13500004,5. Roseville Emma,0,10.479854585146928,1,1,1,1001,1,1001,0,0,0
140941056,AUS / Town (AUS) 6th Mar,R6 498m Gr4/5,06-03-2018 10:35,14351106,7. Faringdon,0,11.332998638744463,1,8.9177275710134058310677791319021280585,1,1001,1,1001,853.36,0,0
140941375,AUS / Mand (AUS) 6th Mar,R8 405m Nvce,06-03-2018 12:22,16206807,3. Oldmate Marley,0,12.5,1,1,1,1001,1,1001,0,0,0
140952569,SIS / Crayfd 6th Mar,A5 380m,06-03-2018 13:01,16705990,6. Kilbreedy Tess,0,3.925848092376982,1,1,1,1001,1,1001,0,0,0
140951888,SIS / CPark 6th Mar,A8 480m,06-03-2018 11:24,16620247,6. Dancers Encore,0,5.9,1,1,1,1001,1,1001,0,0,0
140950433,TRP / Kinsl 6th Mar,D4 268m,06-03-2018 12:12,16662849,1. Keiras Princess,0,5.515341248197364,1,1,1,1001,1,1001,0,0,0
140941323,AUS / Geel (AUS) 6th Mar,R3 460m Mdn,06-03-2018 05:32,16468378,1. Sisco Yes,0,15,1,14.7902355250245338567222767419038272817,1,1001,1,1001,489.12,0,0
140941205,AUS / Mait (AUS) 6th Mar,R5 450m Gr5,06-03-2018 09:18,16919470,7. Swanky Duchess,0,4.503548946865777,1,3.70141604004379226606955401271417436711,1,1001,1,1001,4439.14,0,0
140951898,SIS / CPark 6th Mar,D3 265m,06-03-2018 12:39,17164789,1. Beefy Boy,0,3.250846338232222,1,1,1,1001,1,1001,0,0,0
140950196,TRP / Nott (F/C) 6th Mar,Forecast,06-03-2018 11:34,17002741,5 - 6,0,,1,1,1,1001,1,1001,0,0,0
140950415,SIS / Hove (F/C) 6th Mar,Forecast,06-03-2018 15:49,17002741,5 - 6,0,,1,1,1,1001,1,1001,0,0,0
140954339,RPGTV / Poole (F/C) 6th Mar,Forecast,06-03-2018 20:37,17002630,1 - 3,0,,1,1,1,1001,1,1001,0,0,0
140951345,TRP / Sund (F/C) 6th Mar,Forecast,06-03-2018 17:38,17002631,1 - 4,0,,1,1,1,1001,1,1001,0,0,0
140950421,SIS / Hove (F/C) 6th Mar,Forecast,06-03-2018 17:44,17002631,1 - 4,0,,1,1,1,1001,1,1001,0,0,0
140951299,RPGTV / Sheff (F/C) 6th Mar,Forecast,06-03-2018 20:28,17002632,1 - 6,0,,1,1,1,1001,1,1001,0,0,0
140951294,RPGTV / Sheff (F/C) 6th Mar,Forecast,06-03-2018 19:11,17002632,1 - 6,0,,1,1,1,1001,1,1001,0,0,0
140950420,SIS / Hove (F/C) 6th Mar,Forecast,06-03-2018 17:28,17002632,1 - 6,0,,1,1,1,1001,1,1001,0,0,0
140950420,SIS / Hove (F/C) 6th Mar,Forecast,06-03-2018 17:28,17002633,2 - 1,0,,1,1,1,1001,1,1001,0,0,0
140954332,RPGTV / Poole (F/C) 6th Mar,Forecast,06-03-2018 18:48,17002633,2 - 1,0,,1,1,1,1001,1,1001,0,0,0
140954333,RPGTV / Poole (F/C) 6th Mar,Forecast,06-03-2018 19:06,17002635,2 - 3,0,,1,1,1,1001,1,1001,0,0,0
140952002,SIS / CPark (F/C) 6th Mar,Forecast,06-03-2018 13:22,17002636,2 - 4,0,,1,1,1,1001,1,1001,0,0,0
140952864,SIS / Crayfd (F/C) 6th Mar,Forecast,06-03-2018 12:01,17002637,2 - 5,0,,1,1,1,1001,1,1001,0,0,0
140953337,SIS / Henl (F/C) 6th Mar,Forecast,06-03-2018 18:44,17002637,2 - 5,0,,1,1,1,1001,1,1001,0,0,0
140950202,TRP / Nott (F/C) 6th Mar,Forecast,06-03-2018 13:04,17002637,2 - 5,0,,1,1,1,1001,1,1001,0,0,0
140952867,SIS / Crayfd (F/C) 6th Mar,Forecast,06-03-2018 12:46,17002639,2 - 6,0,,1,1,1,1001,1,1001,0,0,0
140952003,SIS / CPark (F/C) 6th Mar,Forecast,06-03-2018 13:39,17002639,2 - 6,0,,1,1,1,1001,1,1001,0,0,0
140950410,SIS / Hove (F/C) 6th Mar,Forecast,06-03-2018 14:12,17002639,2 - 6,1,,1,1,1,1001,1,1001,0,0,0
140953559,SIS / Crayfd (F/C) 6th Mar,Forecast,06-03-2018 20:26,17002674,3 - 1,0,,1,1,1,1001,1,1001,0,0,0
140954342,RPGTV / Poole (F/C) 6th Mar,Forecast,06-03-2018 21:22,17002674,3 - 1,0,,1,1,1,1001,1,1001,0,0,0
140953556,SIS / Crayfd (F/C) 6th Mar,Forecast,06-03-2018 19:38,17002675,3 - 2,0,,1,1,1,1001,1,1001,0,0,0
140951293,RPGTV / Sheff (F/C) 6th Mar,Forecast,06-03-2018 18:56,17002677,3 - 4,0,,1,1,1,1001,1,1001,0,0,0
140953560,SIS / Crayfd (F/C) 6th Mar,Forecast,06-03-2018 20:42,17002678,3 - 5,0,,1,1,1,1001,1,1001,0,0,0
140950458,TRP / Kinsl (F/C) 6th Mar,Forecast,06-03-2018 12:42,17002678,3 - 5,0,,1,1,1,1001,1,1001,0,0,0
140951344,TRP / Sund (F/C) 6th Mar,Forecast,06-03-2018 17:22,17002678,3 - 5,0,,1,1,1,1001,1,1001,0,0,0
140951340,TRP / Sund (F/C) 6th Mar,Forecast,06-03-2018 16:08,17002679,3 - 6,0,,1,1,1,1001,1,1001,0,0,0
140953342,SIS / Henl (F/C) 6th Mar,Forecast,06-03-2018 20:06,17002679,3 - 6,0,,1,1,1,1001,1,1001,0,0,0
140953560,SIS / Crayfd (F/C) 6th Mar,Forecast,06-03-2018 20:42,17002679,3 - 6,0,,1,1,1,1001,1,1001,0,0,0
140950461,TRP / Kinsl (F/C) 6th Mar,Forecast,06-03-2018 13:27,17002679,3 - 6,0,,1,1,1,1001,1,1001,0,0,0
140951344,TRP / Sund (F/C) 6th Mar,Forecast,06-03-2018 17:22,17002679,3 - 6,0,,1,1,1,1001,1,1001,0,0,0
140953341,SIS / Henl (F/C) 6th Mar,Forecast,06-03-2018 19:49,17002679,3 - 6,0,,1,1,1,1001,1,1001,0,0,0
140951296,RPGTV / Sheff (F/C) 6th Mar,Forecast,06-03-2018 19:42,17002680,4 - 1,0,,1,1,1,1001,1,1001,0,0,0
140954333,RPGTV / Poole (F/C) 6th Mar,Forecast,06-03-2018 19:06,17002680,4 - 1,0,,1,1,1,1001,1,1001,0,0,0
140951334,TRP / Sund (F/C) 6th Mar,Forecast,06-03-2018 14:08,17002680,4 - 1,0,,1,1,1,1001,1,1001,0,0,0
140951996,SIS / CPark (F/C) 6th Mar,Forecast,06-03-2018 11:54,17002683,4 - 2,0,,1,1,1,1001,1,1001,0,0,0
140951338,TRP / Sund (F/C) 6th Mar,Forecast,06-03-2018 15:28,17002683,4 - 2,0,,1,1,1,1001,1,1001,0,0,0
140953336,SIS / Henl (F/C) 6th Mar,Forecast,06-03-2018 18:27,17002684,4 - 3,0,,1,1,1,1001,1,1001,0,0,0
140953560,SIS / Crayfd (F/C) 6th Mar,Forecast,06-03-2018 20:42,17002684,4 - 3,0,,1,1,1,1001,1,1001,0,0,0
140952001,SIS / CPark (F/C) 6th Mar,Forecast,06-03-2018 13:08,17002687,4 - 6,0,,1,1,1,1001,1,1001,0,0,0
140954338,RPGTV / Poole (F/C) 6th Mar,Forecast,06-03-2018 20:22,17002688,5 - 1,0,,1,1,1,1001,1,1001,0,0,0
140950202,TRP / Nott (F/C) 6th Mar,Forecast,06-03-2018 13:04,17002688,5 - 1,0,,1,1,1,1001,1,1001,0,0,0
140952860,SIS / Crayfd (F/C) 6th Mar,Forecast,06-03-2018 11:01,17002689,5 - 2,0,,1,36.3642991461904593527310373036216408916,1,1001,1,1001,43.7,0,0
140954335,RPGTV / Poole (F/C) 6th Mar,Forecast,06-03-2018 19:37,17002689,5 - 2,0,,1,1,1,1001,1,1001,0,0,0
140950410,SIS / Hove (F/C) 6th Mar,Forecast,06-03-2018 14:12,17002689,5 - 2,0,,1,1,1,1001,1,1001,0,0,0
140950462,TRP / Kinsl (F/C) 6th Mar,Forecast,06-03-2018 13:44,17002690,5 - 3,0,,1,1,1,1001,1,1001,0,0,0
140952000,SIS / CPark (F/C) 6th Mar,Forecast,06-03-2018 12:54,17002693,6 - 1,0,,1,1,1,1001,1,1001,0,0,0
140951301,RPGTV / Sheff (F/C) 6th Mar,Forecast,06-03-2018 20:58,17002693,6 - 1,0,,1,1,1,1001,1,1001,0,0,0
140951299,RPGTV / Sheff (F/C) 6th Mar,Forecast,06-03-2018 20:28,17002694,6 - 2,0,,1,1,1,1001,1,1001,0,0,0
140950414,SIS / Hove (F/C) 6th Mar,Forecast,06-03-2018 15:29,17002694,6 - 2,0,,1,1,1,1001,1,1001,0,0,0
140951998,SIS / CPark (F/C) 6th Mar,Forecast,06-03-2018 12:24,17002694,6 - 2,0,,1,1,1,1001,1,1001,0,0,0
140951336,TRP / Sund (F/C) 6th Mar,Forecast,06-03-2018 14:47,17002696,6 - 4,0,,1,1,1,1001,1,1001,0,0,0
140950422,SIS / Hove (F/C) 6th Mar,Forecast,06-03-2018 18:02,17002696,6 - 4,0,,1,1,1,1001,1,1001,0,0,0
140951382,SIS / Monm (F/C) 6th Mar,Forecast,06-03-2018 15:19,17002697,6 - 5,0,,1,1,1,1001,1,1001,0,0,0
140950202,TRP / Nott (F/C) 6th Mar,Forecast,06-03-2018 13:04,17002697,6 - 5,0,,1,1,1,1001,1,1001,0,0,0
140951298,RPGTV / Sheff (F/C) 6th Mar,Forecast,06-03-2018 20:13,17002568,1 - 2,0,,1,1,1,1001,1,1001,0,0,0
140941323,AUS / Geel (AUS) 6th Mar,R3 460m Mdn,06-03-2018 05:32,17233968,5. Naughty Millie,0,8.315736643568382,1,7.2802707930367504835589941972920696325,1,1001,1,1001,372.24,0,0
140941319,AUS / Geel (AUS) 6th Mar,R1 400m Mdn,06-03-2018 04:49,17508314,8. Hair Trigger,1,4.6274071501498115,1,3.1792269646455394760945228063747939183,1,1001,1,1001,109.18,0,0
140941325,AUS / Geel (AUS) 6th Mar,R4 400m Mdn,06-03-2018 05:54,17508325,2. Winlock Ludacris,0,4.811656906,1,3.00477075778993300964906889558109520005,1,1001,1,1001,1301.68,0,0
140951886,SIS / CPark 6th Mar,D2 265m,06-03-2018 11:09,17437862,4. Edenvale Vic,0,10.65730159777042,1,1,1,1001,1,1001,0,0,0
140941157,AUS / Devn (AUS) 6th Mar,R3 452m Gr5,06-03-2018 02:27,17508181,10. Iona Everest,0,30,1,21.8276533592989289191820837390457643622,1,1001,1,1001,82.16,0,0
140952870,SIS / Crayfd (F/C) 6th Mar,Forecast,06-03-2018 13:31,6953192,1 - 5,0,,1,1,1,1001,1,1001,0,0,0
140954339,RPGTV / Poole (F/C) 6th Mar,Forecast,06-03-2018 20:37,6953192,1 - 5,1,,1,1,1,1001,1,1001,0,0,0
140941255,AUS / Warr (AUS) 6th Mar,R10 450m Gr5,06-03-2018 07:01,9355697,7. White Bandit,0,13,1,7.05247022756750383209527178398773729513,1,1001,1,1001,169.62,0,0
140950437,TRP / Kinsl 6th Mar,A6 462m,06-03-2018 12:42,10075219,6. Swift Scudamore,0,3.0379453106055743,1,1,1,1001,1,1001,0,0,0
140953016,SIS / Henl 6th Mar,D2 277m,06-03-2018 19:49,10731904,3. Quivers Bliss,1,2.75937665179139,1,1,1,1001,1,1001,0,0,0
140951363,SIS / Monm 6th Mar,A5 480m,06-03-2018 16:19,10867582,2. Romeo Reform,0,12.673144382312893,1,1,1,1001,1,1001,0,0,0
140953448,SIS / Crayfd 6th Mar,OR 540m,06-03-2018 20:26,10875922,2. Stonepark Mo,0,5.946723548,1,1,1,1001,1,1001,0,0,0
140941357,AUS / Cran (AUS) 6th Mar,R11 311m Gr5,06-03-2018 11:09,10837601,1. No Road,0,12.5,1,1,1,1001,1,1001,0,0,0
140951263,RPGTV / Sheff 6th Mar,A4 500m,06-03-2018 18:22,12021454,4. Headleys Road,0,9.653872555140373,1,1,1,1001,1,1001,0,0,0
140950431,TRP / Kinsl 6th Mar,HC 462m,06-03-2018 11:57,12232686,6. Swift Harry,0,5.1,1,1,1,1001,1,1001,0,0,0
140953458,SIS / Crayfd 6th Mar,A8 380m,06-03-2018 21:45,12266767,2. Stophers Eden,0,11.5,1,1,1,1001,1,1001,0,0,0
140951349,SIS / Monm 6th Mar,A3 480m,06-03-2018 14:06,12678843,5. Im Noodle,0,10.723473230372182,1,1,1,1001,1,1001,0,0,0
140951331,TRP / Sund 6th Mar,A5 450m,06-03-2018 18:11,12853299,3. Mount Blueboy,0,4.981956339,1,1,1,1001,1,1001,0,0,0
140951281,RPGTV / Sheff 6th Mar,OR 660m,06-03-2018 20:43,12995510,3. Bangor Ella,0,11,1,1,1,1001,1,1001,0,0,0
140941287,AUS / Warr (AUS) 6th Mar,R9 390m Rest,06-03-2018 06:42,13443037,8. Why Not Kylie,0,17,1,11.8995348837209302325581395348837209302,1,1001,1,1001,150.5,0,0
140953676,RPGTV / Poole 6th Mar,A5 450m,06-03-2018 19:37,15484423,2. Jubilant,0,4.5,1,1,1,1001,1,1001,0,0,0
140941296,AUS / Gawl (AUS) 6th Mar,R4 400m Gr6,06-03-2018 02:12,15762267,7. Zipping Waldo,0,45.26076591331513,1,26.1926829268292682926829268292682926829,1,1001,1,1001,82,0,0
140951908,SIS / CPark 6th Mar,A2 480m,06-03-2018 13:57,15929772,2. Timaru Lucky,0,16.87717947127851,1,1,1,1001,1,1001,0,0,0
140952559,SIS / Crayfd 6th Mar,S3 540m,06-03-2018 11:46,16292752,4. Dashing Today,0,4.2,1,2.06630589584086984993812905561439124788,1,1001,1,1001,11.84,0,0
140951345,TRP / Sund (F/C) 6th Mar,Forecast,06-03-2018 17:38,17002741,5 - 6,0,,1,1,1,1001,1,1001,0,0,0
140952002,SIS / CPark (F/C) 6th Mar,Forecast,06-03-2018 13:22,17002741,5 - 6,0,,1,1,1,1001,1,1001,0,0,0
140950454,TRP / Kinsl (F/C) 6th Mar,Forecast,06-03-2018 11:42,17002630,1 - 3,1,,1,1,1,1001,1,1001,0,0,0
140952002,SIS / CPark (F/C) 6th Mar,Forecast,06-03-2018 13:22,17002630,1 - 3,0,,1,1,1,1001,1,1001,0,0,0
140951378,SIS / Monm (F/C) 6th Mar,Forecast,06-03-2018 14:06,17002632,1 - 6,0,,1,1,1,1001,1,1001,0,0,0
140953560,SIS / Crayfd (F/C) 6th Mar,Forecast,06-03-2018 20:42,17002632,1 - 6,0,,1,1,1,1001,1,1001,0,0,0
140950198,TRP / Nott (F/C) 6th Mar,Forecast,06-03-2018 12:04,17002632,1 - 6,0,,1,1,1,1001,1,1001,0,0,0
140950418,SIS / Hove (F/C) 6th Mar,Forecast,06-03-2018 16:48,17002633,2 - 1,0,,1,1,1,1001,1,1001,0,0,0
140952867,SIS / Crayfd (F/C) 6th Mar,Forecast,06-03-2018 12:46,17002635,2 - 3,0,,1,1,1,1001,1,1001,0,0,0
140951378,SIS / Monm (F/C) 6th Mar,Forecast,06-03-2018 14:06,17002636,2 - 4,0,,1,1,1,1001,1,1001,0,0,0
140952866,SIS / Crayfd (F/C) 6th Mar,Forecast,06-03-2018 12:31,17002636,2 - 4,0,,1,1,1,1001,1,1001,0,0,0
140953339,SIS / Henl (F/C) 6th Mar,Forecast,06-03-2018 19:17,17002636,2 - 4,0,,1,1,1,1001,1,1001,0,0,0
140953347,SIS / Henl (F/C) 6th Mar,Forecast,06-03-2018 21:26,17002637,2 - 5,0,,1,1,1,1001,1,1001,0,0,0
140950414,SIS / Hove (F/C) 6th Mar,Forecast,06-03-2018 15:29,17002639,2 - 6,0,,1,1,1,1001,1,1001,0,0,0
140951303,RPGTV / Sheff (F/C) 6th Mar,Forecast,06-03-2018 21:32,17002639,2 - 6,0,,1,1,1,1001,1,1001,0,0,0
140952870,SIS / Crayfd (F/C) 6th Mar,Forecast,06-03-2018 13:31,17002639,2 - 6,0,,1,1,1,1001,1,1001,0,0,0
140952860,SIS / Crayfd (F/C) 6th Mar,Forecast,06-03-2018 11:01,17002674,3 - 1,0,,1,26,1,1001,1,1001,17.84,0,0
140951345,TRP / Sund (F/C) 6th Mar,Forecast,06-03-2018 17:38,17002674,3 - 1,0,,1,1,1,1001,1,1001,0,0,0
140953346,SIS / Henl (F/C) 6th Mar,Forecast,06-03-2018 21:08,17002674,3 - 1,0,,1,1,1,1001,1,1001,0,0,0
140953562,SIS / Crayfd (F/C) 6th Mar,Forecast,06-03-2018 21:16,17002674,3 - 1,0,,1,1,1,1001,1,1001,0,0,0
140951343,TRP / Sund (F/C) 6th Mar,Forecast,06-03-2018 17:07,17002674,3 - 1,0,,1,1,1,1001,1,1001,0,0,0
140951335,TRP / Sund (F/C) 6th Mar,Forecast,06-03-2018 14:27,17002675,3 - 2,0,,1,1,1,1001,1,1001,0,0,0
140950202,TRP / Nott (F/C) 6th Mar,Forecast,06-03-2018 13:04,17002675,3 - 2,0,,1,1,1,1001,1,1001,0,0,0
140952860,SIS / Crayfd (F/C) 6th Mar,Forecast,06-03-2018 11:01,17002677,3 - 4,0,,1,24.1425240987208009889635481504160425833,1,1001,1,1001,25.82,0,0
140951999,SIS / CPark (F/C) 6th Mar,Forecast,06-03-2018 12:39,17002677,3 - 4,0,,1,1,1,1001,1,1001,0,0,0
140951299,RPGTV / Sheff (F/C) 6th Mar,Forecast,06-03-2018 20:28,17002678,3 - 5,0,,1,1,1,1001,1,1001,0,0,0
140950412,SIS / Hove (F/C) 6th Mar,Forecast,06-03-2018 14:52,17002678,3 - 5,0,,1,1,1,1001,1,1001,0,0,0
140953347,SIS / Henl (F/C) 6th Mar,Forecast,06-03-2018 21:26,17002678,3 - 5,0,,1,1,1,1001,1,1001,0,0,0
140950203,TRP / Nott (F/C) 6th Mar,Forecast,06-03-2018 13:19,17002678,3 - 5,0,,1,1,1,1001,1,1001,0,0,0
140950419,SIS / Hove (F/C) 6th Mar,Forecast,06-03-2018 17:08,17002678,3 - 5,0,,1,1,1,1001,1,1001,0,0,0
140950203,TRP / Nott (F/C) 6th Mar,Forecast,06-03-2018 13:19,17002679,3 - 6,0,,1,1,1,1001,1,1001,0,0,0
140951337,TRP / Sund (F/C) 6th Mar,Forecast,06-03-2018 15:07,17002680,4 - 1,0,,1,1,1,1001,1,1001,0,0,0
140954340,RPGTV / Poole (F/C) 6th Mar,Forecast,06-03-2018 20:51,17002683,4 - 2,0,,1,1,1,1001,1,1001,0,0,0
140952863,SIS / Crayfd (F/C) 6th Mar,Forecast,06-03-2018 11:46,17002683,4 - 2,0,,1,1,1,1001,1,1001,0,0,0
140950413,SIS / Hove (F/C) 6th Mar,Forecast,06-03-2018 15:11,17002686,4 - 5,0,,1,1,1,1001,1,1001,0,0,0
140954332,RPGTV / Poole (F/C) 6th Mar,Forecast,06-03-2018 18:48,17002686,4 - 5,0,,1,1,1,1001,1,1001,0,0,0
140951999,SIS / CPark (F/C) 6th Mar,Forecast,06-03-2018 12:39,17002687,4 - 6,0,,1,1,1,1001,1,1001,0,0,0
140951387,SIS / Monm (F/C) 6th Mar,Forecast,06-03-2018 16:58,17002687,4 - 6,0,,1,1,1,1001,1,1001,0,0,0
140951385,SIS / Monm (F/C) 6th Mar,Forecast,06-03-2018 16:19,17002688,5 - 1,0,,1,1,1,1001,1,1001,0,0,0
140952867,SIS / Crayfd (F/C) 6th Mar,Forecast,06-03-2018 12:46,17002689,5 - 2,0,,1,1,1,1001,1,1001,0,0,0
140951345,TRP / Sund (F/C) 6th Mar,Forecast,06-03-2018 17:38,17002690,5 - 3,0,,1,1,1,1001,1,1001,0,0,0
140951347,TRP / Sund (F/C) 6th Mar,Forecast,06-03-2018 18:11,17002690,5 - 3,0,,1,1,1,1001,1,1001,0,0,0
140951994,SIS / CPark (F/C) 6th Mar,Forecast,06-03-2018 11:24,17002693,6 - 1,0,,1,1,1,1001,1,1001,0,0,0
140954339,RPGTV / Poole (F/C) 6th Mar,Forecast,06-03-2018 20:37,17002694,6 - 2,0,,1,1,1,1001,1,1001,0,0,0
140951299,RPGTV / Sheff (F/C) 6th Mar,Forecast,06-03-2018 20:28,17002695,6 - 3,0,,1,1,1,1001,1,1001,0,0,0
140951301,RPGTV / Sheff (F/C) 6th Mar,Forecast,06-03-2018 20:58,17002695,6 - 3,0,,1,1,1,1001,1,1001,0,0,0
140954342,RPGTV / Poole (F/C) 6th Mar,Forecast,06-03-2018 21:22,17002695,6 - 3,0,,1,1,1,1001,1,1001,0,0,0
140951344,TRP / Sund (F/C) 6th Mar,Forecast,06-03-2018 17:22,17002695,6 - 3,0,,1,1,1,1001,1,1001,0,0,0
140950203,TRP / Nott (F/C) 6th Mar,Forecast,06-03-2018 13:19,17002695,6 - 3,0,,1,1,1,1001,1,1001,0,0,0
140953554,SIS / Crayfd (F/C) 6th Mar,Forecast,06-03-2018 19:07,17002696,6 - 4,0,,1,1,1,1001,1,1001,0,0,0
140952861,SIS / Crayfd (F/C) 6th Mar,Forecast,06-03-2018 11:16,17002696,6 - 4,0,,1,1,1,1001,1,1001,0,0,0
140953554,SIS / Crayfd (F/C) 6th Mar,Forecast,06-03-2018 19:07,17002697,6 - 5,0,,1,1,1,1001,1,1001,0,0,0
140952860,SIS / Crayfd (F/C) 6th Mar,Forecast,06-03-2018 11:01,17002697,6 - 5,0,,1,1,1,1001,1,1001,0,0,0
140951302,RPGTV / Sheff (F/C) 6th Mar,Forecast,06-03-2018 21:14,17002697,6 - 5,0,,1,1,1,1001,1,1001,0,0,0
140951347,TRP / Sund (F/C) 6th Mar,Forecast,06-03-2018 18:11,17002697,6 - 5,0,,1,1,1,1001,1,1001,0,0,0
140951341,TRP / Sund (F/C) 6th Mar,Forecast,06-03-2018 16:27,17002697,6 - 5,0,,1,1,1,1001,1,1001,0,0,0
140953560,SIS / Crayfd (F/C) 6th Mar,Forecast,06-03-2018 20:42,17002568,1 - 2,0,,1,1,1,1001,1,1001,0,0,0
140951304,RPGTV / Sheff (F/C) 6th Mar,Forecast,06-03-2018 21:50,17002568,1 - 2,1,,1,1,1,1001,1,1001,0,0,0
140950421,SIS / Hove (F/C) 6th Mar,Forecast,06-03-2018 17:44,17002568,1 - 2,0,,1,1,1,1001,1,1001,0,0,0
140941325,AUS / Geel (AUS) 6th Mar,R4 400m Mdn,06-03-2018 05:54,17508330,8. Dallas Fernando,0,24,1,18.0557793238130111070425973391919931649,1,1001,1,1001,163.86,0,0
140941197,AUS / Mait (AUS) 6th Mar,R1 400m Heat,06-03-2018 08:00,17508693,8. My Rainmaker,0,11,1,10.0581325662231811099125014982620160614,1,1001,1,1001,333.72,0,0
140950377,SIS / Hove 6th Mar,A6 515m,06-03-2018 15:49,17500769,3. Suki Shell,1,19.782294785380948,1,1,1,1001,1,1001,0,0,0
140941223,AUS / Lism (AUS) 6th Mar,R3 420m Gr5,06-03-2018 08:25,17508597,7. Mamachi,0,3.6527371882484294,1,3.11206443318542306315298406257797836677,1,1001,1,1001,3686.92,0,0
140951526,Greyhound Racing / Trap Challenge,Crayfd & Cpark Trap Challenge,06-03-2018 11:01,5861,Trap 5,0,,6.1732298739088263821532492725509214355,6.1732298739088263821532492725509214355,6,6,1,1001,61.86,61.86,0
140951349,SIS / Monm 6th Mar,A3 480m,06-03-2018 14:06,5324077,3. Finding Dora,0,6.6,1,1,1,1001,1,1001,0,0,0
140953336,SIS / Henl (F/C) 6th Mar,Forecast,06-03-2018 18:27,6953192,1 - 5,0,,1,1,1,1001,1,1001,0,0,0
140951994,SIS / CPark (F/C) 6th Mar,Forecast,06-03-2018 11:24,6953192,1 - 5,0,,1,1,1,1001,1,1001,0,0,0
140950459,TRP / Kinsl (F/C) 6th Mar,Forecast,06-03-2018 12:58,6953192,1 - 5,0,,1,1,1,1001,1,1001,0,0,0
140951341,TRP / Sund (F/C) 6th Mar,Forecast,06-03-2018 16:27,6953192,1 - 5,0,,1,1,1,1001,1,1001,0,0,0
140950387,SIS / Hove 6th Mar,A8 515m,06-03-2018 17:28,10867562,6. Fabulous Apple,0,18.487126868657647,1,1,1,1001,1,1001,0,0,0
140941155,AUS / Devn (AUS) 6th Mar,R2 452m Gr5,06-03-2018 02:06,11055042,10. Destinys Gem,0,200,1,81.1806746712407089765580331618067467124,1,1001,1,1001,34.98,0,0
140941267,NZL / AsPk (NZL) 6th Mar,R4 390m C5,06-03-2018 00:00,11243872,5. Sarcasm,0,,1,12.0811293781272337383845604002859185132,1,1001,1,1001,167.88,0,0
140951904,SIS / CPark 6th Mar,HC 480m,06-03-2018 13:22,11586048,4. Daylens Rocket,0,5.835563368,1,1,1,1001,1,1001,0,0,0
140950180,TRP / Nott 6th Mar,A4 500m,06-03-2018 13:51,11477277,6. Good Hurling,1,7.2,1,1,1,1001,1,1001,0,0,0
140941259,AUS / Warr (AUS) 6th Mar,R12 450m Gr5,06-03-2018 07:37,12027824,6. Tiggerlong Ring,0,2.06,1,2.06242419849014288707786581187384254671,1,1001,1,1001,17657.3,0,0
140950373,SIS / Hove 6th Mar,A4 515m,06-03-2018 15:11,12200810,1. Parkwest Skye,0,10.5,1,1,1,1001,1,1001,0,0,0
140951357,SIS / Monm 6th Mar,A7 480m,06-03-2018 15:19,12333851,5. Tuttles Millie,0,6.443306462,1,1,1,1001,1,1001,0,0,0
140941171,AUS / Ipsw (AUS) 6th Mar,R4 431m Gr3/4,06-03-2018 05:47,12813131,4. Spring Roy,0,9.325040723117418,1,8.0233951700906201072258860369122740428,1,1001,1,1001,421.54,0,0
140941209,AUS / Mait (AUS) 6th Mar,R7 400m Gr4/5,06-03-2018 09:58,13257798,7. Black County,0,3.1761838098008965,1,2.74434274582246010010769038409570327468,1,1001,1,1001,4958.66,0,0
140941191,AUS / Ipsw (AUS) 6th Mar,R9 431m Gr5,06-03-2018 07:30,13671557,3. Sigarla,0,10.5,1,9.59285802279026793963658761934093008931,1,1001,1,1001,649.4,0,0
140952571,SIS / Crayfd 6th Mar,E3 714m,06-03-2018 13:16,14694382,5. Crossgarcrainey,0,4.412237274,1,1,1,1001,1,1001,0,0,0
141000112,Match Bets / Sheff (AvB) 6th Mar,Coney Cassius v Coney Sabella,06-03-2018 18:56,15458668,5. Coney Sabella,1,,1,1,1,1001,1,1001,0,0,0
140941197,AUS / Mait (AUS) 6th Mar,R1 400m Heat,06-03-2018 08:00,15424015,4. Big Daz,0,4.6,1,4.13966403651059852088087317515739697028,1,1001,1,1001,727.46,0,0
140950174,TRP / Nott 6th Mar,A6 500m,06-03-2018 13:04,15853010,1. Haggswood Snow,0,12.5,1,1,1,1001,1,1001,0,0,0
140941201,AUS / Mait (AUS) 6th Mar,R3 450m Gr5,06-03-2018 08:38,16311353,6. Tornado Time,0,3.6161387127949096,1,3.49571447955934172642041479207391796598,1,1001,1,1001,4716.58,0,0
140941355,AUS / Cran (AUS) 6th Mar,R10 311m Heat,06-03-2018 10:48,16384911,1. Boney Power,0,14,1,14.7481661838131048511372742402761511434,1,1001,1,1001,324.46,0,0
140941189,AUS / Ipsw (AUS) 6th Mar,R8 431m FFA,06-03-2018 07:08,16527891,2. Tee Be Good,0,7,1,5.92068818171595637017879230855729225233,1,1001,1,1001,889.3,0,0
140941183,AUS / Devn (AUS) 6th Mar,R10 452m Gr5,06-03-2018 04:44,16545446,1. Chewing Nalin,0,227.399550341,1,122.050261780104712041884816753926701571,1,1001,1,1001,38.2,0,0
140941341,AUS / Cran (AUS) 6th Mar,R5 520m Rest,06-03-2018 09:08,16653435,8. Jagger Circuit,0,200,1,70.7218390804597701149425287356321839081,1,1001,1,1001,69.6,0,0
140941397,NZL / Addi (NZL) 6th mar,R8 295m C1,06-03-2018 03:24,16835797,1. Auros Advantage,0,,1,21.1713570848124545571190282708181857063,1,1001,1,1001,467.62,0,0
140952869,SIS / Crayfd (F/C) 6th Mar,Forecast,06-03-2018 13:16,17002741,5 - 6,0,,1,1,1,1001,1,1001,0,0,0
140951391,SIS / Monm (F/C) 6th Mar,Forecast,06-03-2018 18:09,17002741,5 - 6,0,,1,1,1,1001,1,1001,0,0,0
140950203,TRP / Nott (F/C) 6th Mar,Forecast,06-03-2018 13:19,17002741,5 - 6,0,,1,1,1,1001,1,1001,0,0,0
140951340,TRP / Sund (F/C) 6th Mar,Forecast,06-03-2018 16:08,17002630,1 - 3,0,,1,1,1,1001,1,1001,0,0,0
140950421,SIS / Hove (F/C) 6th Mar,Forecast,06-03-2018 17:44,17002630,1 - 3,0,,1,1,1,1001,1,1001,0,0,0
140954336,RPGTV / Poole (F/C) 6th Mar,Forecast,06-03-2018 19:52,17002631,1 - 4,0,,1,1,1,1001,1,1001,0,0,0
140954337,RPGTV / Poole (F/C) 6th Mar,Forecast,06-03-2018 20:07,17002632,1 - 6,0,,1,1,1,1001,1,1001,0,0,0
140951338,TRP / Sund (F/C) 6th Mar,Forecast,06-03-2018 15:28,17002632,1 - 6,0,,1,1,1,1001,1,1001,0,0,0
140951343,TRP / Sund (F/C) 6th Mar,Forecast,06-03-2018 17:07,17002632,1 - 6,0,,1,1,1,1001,1,1001,0,0,0
140951378,SIS / Monm (F/C) 6th Mar,Forecast,06-03-2018 14:06,17002635,2 - 3,0,,1,1,1,1001,1,1001,0,0,0
140951340,TRP / Sund (F/C) 6th Mar,Forecast,06-03-2018 16:08,17002635,2 - 3,0,,1,1,1,1001,1,1001,0,0,0
140952864,SIS / Crayfd (F/C) 6th Mar,Forecast,06-03-2018 12:01,17002635,2 - 3,0,,1,1,1,1001,1,1001,0,0,0
140951336,TRP / Sund (F/C) 6th Mar,Forecast,06-03-2018 14:47,17002637,2 - 5,0,,1,1,1,1001,1,1001,0,0,0
140952870,SIS / Crayfd (F/C) 6th Mar,Forecast,06-03-2018 13:31,17002637,2 - 5,0,,1,1,1,1001,1,1001,0,0,0
140952861,SIS / Crayfd (F/C) 6th Mar,Forecast,06-03-2018 11:16,17002674,3 - 1,0,,1,1,1,1001,1,1001,0,0,0
140952002,SIS / CPark (F/C) 6th Mar,Forecast,06-03-2018 13:22,17002675,3 - 2,0,,1,1,1,1001,1,1001,0,0,0
140951382,SIS / Monm (F/C) 6th Mar,Forecast,06-03-2018 15:19,17002677,3 - 4,0,,1,1,1,1001,1,1001,0,0,0
140951384,SIS / Monm (F/C) 6th Mar,Forecast,06-03-2018 15:59,17002677,3 - 4,0,,1,1,1,1001,1,1001,0,0,0
140950414,SIS / Hove (F/C) 6th Mar,Forecast,06-03-2018 15:29,17002678,3 - 5,0,,1,1,1,1001,1,1001,0,0,0
140954334,RPGTV / Poole (F/C) 6th Mar,Forecast,06-03-2018 19:22,17002679,3 - 6,0,,1,1,1,1001,1,1001,0,0,0
140952868,SIS / Crayfd (F/C) 6th Mar,Forecast,06-03-2018 13:01,17002683,4 - 2,0,,1,1,1,1001,1,1001,0,0,0
140951347,TRP / Sund (F/C) 6th Mar,Forecast,06-03-2018 18:11,17002683,4 - 2,0,,1,1,1,1001,1,1001,0,0,0
140952869,SIS / Crayfd (F/C) 6th Mar,Forecast,06-03-2018 13:16,17002684,4 - 3,0,,1,1,1,1001,1,1001,0,0,0
140954342,RPGTV / Poole (F/C) 6th Mar,Forecast,06-03-2018 21:22,17002684,4 - 3,0,,1,1,1,1001,1,1001,0,0,0
140951390,SIS / Monm (F/C) 6th Mar,Forecast,06-03-2018 17:54,17002686,4 - 5,0,,1,1,1,1001,1,1001,0,0,0
140953346,SIS / Henl (F/C) 6th Mar,Forecast,06-03-2018 21:08,17002687,4 - 6,0,,1,1,1,1001,1,1001,0,0,0
140953337,SIS / Henl (F/C) 6th Mar,Forecast,06-03-2018 18:44,17002687,4 - 6,0,,1,1,1,1001,1,1001,0,0,0
140951388,SIS / Monm (F/C) 6th Mar,Forecast,06-03-2018 17:18,17002687,4 - 6,0,,1,1,1,1001,1,1001,0,0,0
140953564,SIS / Crayfd (F/C) 6th Mar,Forecast,06-03-2018 21:45,17002688,5 - 1,0,,1,1,1,1001,1,1001,0,0,0
140952004,SIS / CPark (F/C) 6th Mar,Forecast,06-03-2018 13:57,17002688,5 - 1,0,,1,1,1,1001,1,1001,0,0,0
140952867,SIS / Crayfd (F/C) 6th Mar,Forecast,06-03-2018 12:46,17002690,5 - 3,0,,1,1,1,1001,1,1001,0,0,0
140952866,SIS / Crayfd (F/C) 6th Mar,Forecast,06-03-2018 12:31,17002690,5 - 3,0,,1,1,1,1001,1,1001,0,0,0
140951294,RPGTV / Sheff (F/C) 6th Mar,Forecast,06-03-2018 19:11,17002690,5 - 3,1,,1,1,1,1001,1,1001,0,0,0
140954339,RPGTV / Poole (F/C) 6th Mar,Forecast,06-03-2018 20:37,17002690,5 - 3,0,,1,1,1,1001,1,1001,0,0,0
140950420,SIS / Hove (F/C) 6th Mar,Forecast,06-03-2018 17:28,17002691,5 - 4,0,,1,1,1,1001,1,1001,0,0,0
140950459,TRP / Kinsl (F/C) 6th Mar,Forecast,06-03-2018 12:58,17002693,6 - 1,0,,1,1,1,1001,1,1001,0,0,0
140951999,SIS / CPark (F/C) 6th Mar,Forecast,06-03-2018 12:39,17002696,6 - 4,0,,1,1,1,1001,1,1001,0,0,0
140953553,SIS / Crayfd (F/C) 6th Mar,Forecast,06-03-2018 18:49,17002696,6 - 4,0,,1,1,1,1001,1,1001,0,0,0
140952000,SIS / CPark (F/C) 6th Mar,Forecast,06-03-2018 12:54,17002697,6 - 5,1,,1,1,1,1001,1,1001,0,0,0
140952866,SIS / Crayfd (F/C) 6th Mar,Forecast,06-03-2018 12:31,17002697,6 - 5,0,,1,1,1,1001,1,1001,0,0,0
140951301,RPGTV / Sheff (F/C) 6th Mar,Forecast,06-03-2018 20:58,17002697,6 - 5,0,,1,1,1,1001,1,1001,0,0,0
140953561,SIS / Crayfd (F/C) 6th Mar,Forecast,06-03-2018 20:58,17002697,6 - 5,0,,1,1,1,1001,1,1001,0,0,0
140950457,TRP / Kinsl (F/C) 6th Mar,Forecast,06-03-2018 12:27,17002697,6 - 5,0,,1,1,1,1001,1,1001,0,0,0
140954339,RPGTV / Poole (F/C) 6th Mar,Forecast,06-03-2018 20:37,17002697,6 - 5,0,,1,1,1,1001,1,1001,0,0,0
140950414,SIS / Hove (F/C) 6th Mar,Forecast,06-03-2018 15:29,17002568,1 - 2,0,,1,1,1,1001,1,1001,0,0,0
140951347,TRP / Sund (F/C) 6th Mar,Forecast,06-03-2018 18:11,17002568,1 - 2,0,,1,1,1,1001,1,1001,0,0,0
140941383,NZL / Addi (NZL) 6th mar,R1 295m C0,06-03-2018 01:18,17508032,4. Charlies Champ,0,,1,36.8795180722891566265060240963855421687,1,1001,1,1001,1.66,0,0
140953448,SIS / Crayfd 6th Mar,OR 540m,06-03-2018 20:26,17406651,1. Five Alley Flair,0,21,1,1,1,1001,1,1001,0,0,0
140941193,AUS / Warr (AUS) 6th Mar,R1 450m Mdn,06-03-2018 03:53,17508437,1. Lektra Brandy,0,8.2,1,4.94045331732212548784148904232963074152,1,1001,1,1001,266.48,0,0
140951894,SIS / CPark 6th Mar,A9 480m,06-03-2018 12:09,17437885,3. Full Attack,1,5.067523637699381,1,1,1,1001,1,1001,0,0,0
140951269,RPGTV / Sheff 6th Mar,OR 480m,06-03-2018 19:11,17502738,5. Slaneyside Ryder,1,2.459895705793679,1,1,1,1001,1,1001,0,0,0
141000116,Match Bets / Sheff (AvB) 6th Mar,Airfield Penny v Lacken Decco,06-03-2018 19:58,17502754,3. Airfield Penny,0,,1,1,1,1001,1,1001,0,0,0
140951542,Greyhound Racing / Trap Challenge,Monm & Hove Trap Challenge,06-03-2018 14:06,5857,Trap 1,1,,5.7,1,1,1001,1,1001,0,20,0
140951378,SIS / Monm (F/C) 6th Mar,Forecast,06-03-2018 14:06,6953192,1 - 5,0,,1,1,1,1001,1,1001,0,0,0
140950453,TRP / Kinsl (F/C) 6th Mar,Forecast,06-03-2018 11:28,6953192,1 - 5,0,,1,1,1,1001,1,1001,0,0,0
141000098,Match Bets / Poole (AvB) 6th Mar,Woodside Magic v Hack Up Kitty,06-03-2018 18:48,8314170,4. Woodside Magic,0,,1,1,1,1001,1,1001,0,0,0
140950433,TRP / Kinsl 6th Mar,D4 268m,06-03-2018 12:12,10817637,3. Fine Brandy,1,3.6173684918228535,1,1,1,1001,1,1001,0,0,0
140941211,AUS / Mait (AUS) 6th Mar,R8 450m Gr4/5,06-03-2018 10:18,11003998,3. Cry Later,0,1.97,1,1.99647761299810414784103191055830188345,1,1001,1,1001,11287.8,0,0
140950158,TRP / Nott 6th Mar,A4 500m,06-03-2018 11:03,12275002,6. Leamaneigh Cheta,0,3.45,1,3.9409185045254251591403152590898188911,1,1001,1,1001,42.42,0,0
140941177,AUS / Devn (AUS) 6th Mar,R8 452m Gr5,06-03-2018 04:09,12484996,1. Tecoma Skilda,0,6.2,1,4.87516416179535802159569966619128962999,1,1001,1,1001,1276.18,0,0
140951371,SIS / Monm 6th Mar,S2 630m,06-03-2018 17:37,12481995,3. Music Magic,1,5.080107961,1,1,1,1001,1,1001,0,0,0
140950375,SIS / Hove 6th Mar,A2 515m,06-03-2018 15:29,12982072,5. Woodmancote Tom,0,6.515507315,1,1,1,1001,1,1001,0,0,0
140953674,RPGTV / Poole 6th Mar,A3 450m,06-03-2018 19:22,13169364,6. Teragram Jet,0,13,1,1,1,1001,1,1001,0,0,0
140952567,SIS / Crayfd 6th Mar,A8 380m,06-03-2018 12:46,13189083,3. Freedom Reagan,0,9,1,1,1,1001,1,1001,0,0,0
140941259,AUS / Warr (AUS) 6th Mar,R12 450m Gr5,06-03-2018 07:37,13305245,4. Big Lebowski,0,49.607452592,1,36.9670559717937417364477743499338915822,1,1001,1,1001,181.52,0,0
140941351,AUS / Cran (AUS) 6th Mar,R8 520m Gr5,06-03-2018 10:08,13320796,7. Light The Track,1,9,1,6.57719246711707301152126374881686739123,1,1001,1,1001,612.78,0,0
140941247,AUS / Warr (AUS) 6th Mar,R7 450m Gr6,06-03-2018 05:57,13274945,2. Spotted Label,0,94.88497644984162,1,47.2008178100863243980009086778736937756,1,1001,1,1001,44.02,0,0
140951325,TRP / Sund 6th Mar,A4 450m,06-03-2018 17:22,13751226,4. Mill Martha,0,5.3939879641006705,1,1,1,1001,1,1001,0,0,0
141000108,Match Bets / Poole (AvB) 6th Mar,Blastoffbouchard v Blancos Bullet,06-03-2018 20:51,14185102,4. Blancos Bullet,0,,1,1,1,1001,1,1001,0,0,0
140941405,NZL / Addi (NZL) 6th mar,R12 295m C1,06-03-2018 04:36,14908340,1. Culvie Yogi,0,,1,4.96322115384615384615384615384615384615,1,1001,1,1001,108.16,0,0
140951285,RPGTV / Sheff 6th Mar,OR 500m,06-03-2018 21:14,15061762,3. Wuheida,0,7.1434272575139754,1,1,1,1001,1,1001,0,0,0
140941281,NZL / AsPk (NZL) 6th Mar,R11 457m C1,06-03-2018 02:02,15095059,4. Rockstar Kobe,1,,1,2.20168414570785306059614755517924836916,1,1001,1,1001,1039.34,0,0
140941189,AUS / Ipsw (AUS) 6th Mar,R8 431m FFA,06-03-2018 07:08,15206747,1. Valkyrie Blue,0,17,1,12.9812819058423142370958593306863301191,1,1001,1,1001,458.38,0,0
140952559,SIS / Crayfd 6th Mar,S3 540m,06-03-2018 11:46,15718606,6. Springwell Flow,0,5.172017944878608,1,1,1,1001,1,1001,0,0,0
140941143,AUS / Town (AUS) 6th Mar,R8 498m Final,06-03-2018 11:12,15906002,2. Rhondas Dougie,0,28,1,1,1,1001,1,1001,0,0,0
140941277,NZL / AsPk (NZL) 6th Mar,R9 390m C1/2,06-03-2018 01:27,16248843,5. Sass em Up,0,,1,8.01044176706827309236947791164658634538,1,1001,1,1001,64.74,0,0
140950170,TRP / Nott 6th Mar,A3 500m,06-03-2018 12:32,16561055,5. Burgess Bandit,0,3.6,1,1,1,1001,1,1001,0,0,0
140941165,AUS / Ipsw (AUS) 6th Mar,R3 431m Final,06-03-2018 05:27,16613956,2. Cruz Ramirez,0,8.221854651835748,1,8.06980790564605593507327611373854148421,1,1001,1,1001,685.08,0,0
140950174,TRP / Nott 6th Mar,A6 500m,06-03-2018 13:04,16663569,4. Haggswood Millie,0,2.903392302596128,1,1,1,1001,1,1001,0,0,0
140941294,AUS / Gawl (AUS) 6th Mar,R3 400m Heat,06-03-2018 01:57,16785920,6. Lochey Swift,0,17.5,1,8.95163363685056239957150508837707552223,1,1001,1,1001,149.36,0,0
140954341,RPGTV / Poole (F/C) 6th Mar,Forecast,06-03-2018 21:07,17002741,5 - 6,1,,1,1,1,1001,1,1001,0,0,0
140950367,SIS / Hove 6th Mar,A5 515m,06-03-2018 14:12,17085819,3. Trapper Willie,0,6.6,1,1,1,1001,1,1001,0,0,0
140950417,SIS / Hove (F/C) 6th Mar,Forecast,06-03-2018 16:29,17002630,1 - 3,0,,1,1,1,1001,1,1001,0,0,0
140951384,SIS / Monm (F/C) 6th Mar,Forecast,06-03-2018 15:59,17002630,1 - 3,0,,1,1,1,1001,1,1001,0,0,0
140950415,SIS / Hove (F/C) 6th Mar,Forecast,06-03-2018 15:49,17002631,1 - 4,0,,1,1,1,1001,1,1001,0,0,0
140951344,TRP / Sund (F/C) 6th Mar,Forecast,06-03-2018 17:22,17002631,1 - 4,0,,1,1,1,1001,1,1001,0,0,0
140952864,SIS / Crayfd (F/C) 6th Mar,Forecast,06-03-2018 12:01,17002632,1 - 6,0,,1,1,1,1001,1,1001,0,0,0
140950416,SIS / Hove (F/C) 6th Mar,Forecast,06-03-2018 16:09,17002632,1 - 6,0,,1,1,1,1001,1,1001,0,0,0
140950202,TRP / Nott (F/C) 6th Mar,Forecast,06-03-2018 13:04,17002633,2 - 1,0,,1,1,1,1001,1,1001,0,0,0
140950463,TRP / Kinsl (F/C) 6th Mar,Forecast,06-03-2018 13:58,17002633,2 - 1,0,,1,1,1,1001,1,1001,0,0,0
140950199,TRP / Nott (F/C) 6th Mar,Forecast,06-03-2018 12:18,17002635,2 - 3,0,,1,1,1,1001,1,1001,0,0,0
140950202,TRP / Nott (F/C) 6th Mar,Forecast,06-03-2018 13:04,17002635,2 - 3,0,,1,1,1,1001,1,1001,0,0,0
140953342,SIS / Henl (F/C) 6th Mar,Forecast,06-03-2018 20:06,17002637,2 - 5,0,,1,1,1,1001,1,1001,0,0,0
140951384,SIS / Monm (F/C) 6th Mar,Forecast,06-03-2018 15:59,17002637,2 - 5,0,,1,1,1,1001,1,1001,0,0,0
140953560,SIS / Crayfd (F/C) 6th Mar,Forecast,06-03-2018 20:42,17002639,2 - 6,1,,1,1,1,1001,1,1001,0,0,0
140950194,TRP / Nott (F/C) 6th Mar,Forecast,06-03-2018 11:03,17002639,2 - 6,1,,1,1,1,1001,1,1001,0,0,0
140954333,RPGTV / Poole (F/C) 6th Mar,Forecast,06-03-2018 19:06,17002639,2 - 6,0,,1,1,1,1001,1,1001,0,0,0
140951337,TRP / Sund (F/C) 6th Mar,Forecast,06-03-2018 15:07,17002674,3 - 1,0,,1,1,1,1001,1,1001,0,0,0
140951388,SIS / Monm (F/C) 6th Mar,Forecast,06-03-2018 17:18,17002674,3 - 1,0,,1,1,1,1001,1,1001,0,0,0
140951391,SIS / Monm (F/C) 6th Mar,Forecast,06-03-2018 18:09,17002675,3 - 2,0,,1,1,1,1001,1,1001,0,0,0
140953559,SIS / Crayfd (F/C) 6th Mar,Forecast,06-03-2018 20:26,17002677,3 - 4,0,,1,1,1,1001,1,1001,0,0,0
140953559,SIS / Crayfd (F/C) 6th Mar,Forecast,06-03-2018 20:26,17002678,3 - 5,0,,1,1,1,1001,1,1001,0,0,0
140950416,SIS / Hove (F/C) 6th Mar,Forecast,06-03-2018 16:09,17002679,3 - 6,1,,1,1,1,1001,1,1001,0,0,0
140950420,SIS / Hove (F/C) 6th Mar,Forecast,06-03-2018 17:28,17002680,4 - 1,0,,1,1,1,1001,1,1001,0,0,0
140950202,TRP / Nott (F/C) 6th Mar,Forecast,06-03-2018 13:04,17002684,4 - 3,0,,1,1,1,1001,1,1001,0,0,0
140953562,SIS / Crayfd (F/C) 6th Mar,Forecast,06-03-2018 21:16,17002686,4 - 5,0,,1,1,1,1001,1,1001,0,0,0
140950415,SIS / Hove (F/C) 6th Mar,Forecast,06-03-2018 15:49,17002687,4 - 6,0,,1,1,1,1001,1,1001,0,0,0
140950195,TRP / Nott (F/C) 6th Mar,Forecast,06-03-2018 11:19,17002688,5 - 1,0,,1,1,1,1001,1,1001,0,0,0
140953344,SIS / Henl (F/C) 6th Mar,Forecast,06-03-2018 20:37,17002688,5 - 1,0,,1,1,1,1001,1,1001,0,0,0
140953554,SIS / Crayfd (F/C) 6th Mar,Forecast,06-03-2018 19:07,17002689,5 - 2,0,,1,1,1,1001,1,1001,0,0,0
140950455,TRP / Kinsl (F/C) 6th Mar,Forecast,06-03-2018 11:57,17002689,5 - 2,0,,1,1,1,1001,1,1001,0,0,0
140951390,SIS / Monm (F/C) 6th Mar,Forecast,06-03-2018 17:54,17002689,5 - 2,0,,1,1,1,1001,1,1001,0,0,0
140950452,TRP / Kinsl (F/C) 6th Mar,Forecast,06-03-2018 11:11,17002690,5 - 3,2,,1,1,1,1001,1,1001,0,0,0
140950197,TRP / Nott (F/C) 6th Mar,Forecast,06-03-2018 11:48,17002690,5 - 3,0,,1,1,1,1001,1,1001,0,0,0
140950453,TRP / Kinsl (F/C) 6th Mar,Forecast,06-03-2018 11:28,17002690,5 - 3,0,,1,1,1,1001,1,1001,0,0,0
140953560,SIS / Crayfd (F/C) 6th Mar,Forecast,06-03-2018 20:42,17002691,5 - 4,0,,1,1,1,1001,1,1001,0,0,0
140951998,SIS / CPark (F/C) 6th Mar,Forecast,06-03-2018 12:24,17002691,5 - 4,0,,1,1,1,1001,1,1001,0,0,0
140950460,TRP / Kinsl (F/C) 6th Mar,Forecast,06-03-2018 13:12,17002691,5 - 4,0,,1,1,1,1001,1,1001,0,0,0
140954339,RPGTV / Poole (F/C) 6th Mar,Forecast,06-03-2018 20:37,17002691,5 - 4,0,,1,1,1,1001,1,1001,0,0,0
140953557,SIS / Crayfd (F/C) 6th Mar,Forecast,06-03-2018 19:54,17002691,5 - 4,0,,1,1,1,1001,1,1001,0,0,0
140951996,SIS / CPark (F/C) 6th Mar,Forecast,06-03-2018 11:54,17002693,6 - 1,0,,1,1,1,1001,1,1001,0,0,0
140950453,TRP / Kinsl (F/C) 6th Mar,Forecast,06-03-2018 11:28,17002693,6 - 1,0,,1,1,1,1001,1,1001,0,0,0
140950452,TRP / Kinsl (F/C) 6th Mar,Forecast,06-03-2018 11:11,17002694,6 - 2,0,,1,1,1,1001,1,1001,0,0,0
140954340,RPGTV / Poole (F/C) 6th Mar,Forecast,06-03-2018 20:51,17002694,6 - 2,0,,1,1,1,1001,1,1001,0,0,0
140951337,TRP / Sund (F/C) 6th Mar,Forecast,06-03-2018 15:07,17002694,6 - 2,0,,1,1,1,1001,1,1001,0,0,0
140951347,TRP / Sund (F/C) 6th Mar,Forecast,06-03-2018 18:11,17002694,6 - 2,0,,1,1,1,1001,1,1001,0,0,0
140952004,SIS / CPark (F/C) 6th Mar,Forecast,06-03-2018 13:57,17002694,6 - 2,0,,1,1,1,1001,1,1001,0,0,0
140950200,TRP / Nott (F/C) 6th Mar,Forecast,06-03-2018 12:32,17002697,6 - 5,0,,1,1,1,1001,1,1001,0,0,0
140952860,SIS / Crayfd (F/C) 6th Mar,Forecast,06-03-2018 11:01,17002568,1 - 2,0,,1,23.5306938005916461617704164024149151645,1,1001,1,1001,68.74,0,0
140950198,TRP / Nott (F/C) 6th Mar,Forecast,06-03-2018 12:04,17002568,1 - 2,0,,1,1,1,1001,1,1001,0,0,0
140941323,AUS / Geel (AUS) 6th Mar,R3 460m Mdn,06-03-2018 05:32,17508323,4. Kamchatka Lenny,0,18.902872053701433,1,15.4541001959137979289112790372236216065,1,1001,1,1001,71.46,0,0
140941329,AUS / Geel (AUS) 6th Mar,R6 400m Gr7,06-03-2018 06:34,17452094,4. Lancome Lady,0,8.8,1,7.18368042973163089122418093065887920193,1,1001,1,1001,938.26,0,0
140941165,AUS / Ipsw (AUS) 6th Mar,R3 431m Final,06-03-2018 05:27,17409461,8. Spring Wattle,1,2.7866747422509075,1,2.56178903918065711654331398897038426116,1,1001,1,1001,7209.68,0,0
140953454,SIS / Crayfd 6th Mar,A7 380m,06-03-2018 21:16,17504534,6. Ballyhale Hope,0,4.983416536381635,1,1,1,1001,1,1001,0,0,0
141000114,Match Bets / Sheff (AvB) 6th Mar,Move Over Eliza v Princess Aurora,06-03-2018 19:26,17502745,6. Princess Aurora,1,,1,1,1,1001,1,1001,0,0,0
140951535,Greyhound Racing / Trap Challenge,Nott & Kinsl Trap Challenge,06-03-2018 11:03,5862,Trap 6,0,,5.40417788030244777649621940279379725747,5.53282269512003972757057265357531928918,5.5,5,1,1001,73.12,156.06,0
140950200,TRP / Nott (F/C) 6th Mar,Forecast,06-03-2018 12:32,6953192,1 - 5,0,,1,1,1,1001,1,1001,0,0,0
140950410,SIS / Hove (F/C) 6th Mar,Forecast,06-03-2018 14:12,6953192,1 - 5,0,,1,1,1,1001,1,1001,0,0,0
140950437,TRP / Kinsl 6th Mar,A6 462m,06-03-2018 12:42,8905405,2. Ballymac Alma,0,10.95589124663966,1,1,1,1001,1,1001,0,0,0
140950447,TRP / Kinsl 6th Mar,A5 462m,06-03-2018 13:58,10457112,5. Ulster Ypres,0,6.522015040668774,1,1,1,1001,1,1001,0,0,0
140941300,AUS / Gawl (AUS) 6th Mar,R6 400m Gr4/5,06-03-2018 02:56,11179857,3. Casino,0,7.8,1,8.19744673841423237425873050735778607512,1,1001,1,1001,728.48,0,0
140952557,SIS / Crayfd 6th Mar,A7 380m,06-03-2018 11:31,11333493,2. Boost And Boom,1,2.8259046458137176,1,3.42340297255393064709157558511040361796,1,1001,1,1001,7.98,0,0
140941145,AUS / Town (AUS) 6th Mar,R9 380m Heat,06-03-2018 11:37,11398567,6. Jacoby Raider,0,16.5,1,1,1,1001,1,1001,0,0,0
140941173,AUS / Devn (AUS) 6th Mar,R7 452m FFA,06-03-2018 03:49,11402248,1. Hello Nugget,1,4.76872468659595,1,3.89690067172603413396519542645102882498,1,1001,1,1001,1789.42,0,0
140941300,AUS / Gawl (AUS) 6th Mar,R6 400m Gr4/5,06-03-2018 02:56,11545800,7. Victa Ollie,0,5.114318441493999,1,4.7358647148902537419110503696629398495,1,1001,1,1001,1214.62,0,0
140952565,SIS / Crayfd 6th Mar,A7 380m,06-03-2018 12:31,12201543,2. Feora Tully,0,17,1,1,1,1001,1,1001,0,0,0
140941229,AUS / Lism (AUS) 6th Mar,R6 520m Heat,06-03-2018 09:25,12654810,8. Richie Rich,0,35.11381083355751,1,28.7854048650449850049983338887037654115,1,1001,1,1001,120.04,0,0
140941187,AUS / Devn (AUS) 6th Mar,R11 452m Gr5,06-03-2018 05:02,12709860,10. Red Power,0,418.5,1,43.1605231866825208085612366230677764566,1,1001,1,1001,16.82,0,0
140952569,SIS / Crayfd 6th Mar,A5 380m,06-03-2018 13:01,12824610,4. Thunder Road,1,3.969922980155389,1,1,1,1001,1,1001,0,0,0
140952563,SIS / Crayfd 6th Mar,A6 380m,06-03-2018 12:16,13311420,2. Phat Ruthie,0,12,1,1,1,1001,1,1001,0,0,0
140941391,NZL / Addi (NZL) 6th mar,R5 520m C0,06-03-2018 02:24,13476743,10. Pat Allie,0,,1,12.9554195804195804195804195804195804196,1,1001,1,1001,22.88,0,0
140941201,AUS / Mait (AUS) 6th Mar,R3 450m Gr5,06-03-2018 08:38,13941421,1. Smile Good,0,6.965397057427616,1,6.55990702528343057729709216830321142261,1,1001,1,1001,843.24,0,0
140952561,SIS / Crayfd 6th Mar,A7 380m,06-03-2018 12:01,14416676,5. Whats Daisy Upto,0,14.168836586251851,1,1,1,1001,1,1001,0,0,0
140951351,SIS / Monm 6th Mar,A4 480m,06-03-2018 14:22,14858098,4. Camp Magic,0,5.074386045534483,1,1,1,1001,1,1001,0,0,0
140951902,SIS / CPark 6th Mar,A1 480m,06-03-2018 13:08,15615874,6. Sound Bites,0,5.409614585520467,1,1,1,1001,1,1001,0,0,0
140941304,AUS / Gawl (AUS) 6th Mar,R8 531m Gr4/5,06-03-2018 03:38,15814988,7. Darcy Brown,0,9.8,1,7.98941990928622582955359274289806636429,1,1001,1,1001,418.9,0,0
140953678,RPGTV / Poole 6th Mar,A6 450m,06-03-2018 19:52,16290392,2. Castleroggy Rosy,1,29.72022068165242,1,1,1,1001,1,1001,0,0,0
140951365,SIS / Monm 6th Mar,A4 480m,06-03-2018 16:39,16728260,1. Butcher Johnny,1,5.6,1,1,1,1001,1,1001,0,0,0
140952871,SIS / Crayfd (F/C) 6th Mar,Forecast,06-03-2018 13:49,17002741,5 - 6,0,,1,1,1,1001,1,1001,0,0,0
140951291,RPGTV / Sheff (F/C) 6th Mar,Forecast,06-03-2018 18:22,17002741,5 - 6,0,,1,1,1,1001,1,1001,0,0,0
140941187,AUS / Devn (AUS) 6th Mar,R11 452m Gr5,06-03-2018 05:02,17034323,7. Kao De Kahn,0,174.91844383176416,1,51.69139004149377593360995850622406639,1,1001,1,1001,38.56,0,0
140951292,RPGTV / Sheff (F/C) 6th Mar,Forecast,06-03-2018 18:38,17002630,1 - 3,0,,1,1,1,1001,1,1001,0,0,0
140952871,SIS / Crayfd (F/C) 6th Mar,Forecast,06-03-2018 13:49,17002630,1 - 3,0,,1,1,1,1001,1,1001,0,0,0
140954334,RPGTV / Poole (F/C) 6th Mar,Forecast,06-03-2018 19:22,17002631,1 - 4,0,,1,1,1,1001,1,1001,0,0,0
140950413,SIS / Hove (F/C) 6th Mar,Forecast,06-03-2018 15:11,17002631,1 - 4,0,,1,1,1,1001,1,1001,0,0,0
140954338,RPGTV / Poole (F/C) 6th Mar,Forecast,06-03-2018 20:22,17002632,1 - 6,0,,1,1,1,1001,1,1001,0,0,0
140954339,RPGTV / Poole (F/C) 6th Mar,Forecast,06-03-2018 20:37,17002632,1 - 6,0,,1,1,1,1001,1,1001,0,0,0
140950196,TRP / Nott (F/C) 6th Mar,Forecast,06-03-2018 11:34,17002633,2 - 1,0,,1,1,1,1001,1,1001,0,0,0
140951299,RPGTV / Sheff (F/C) 6th Mar,Forecast,06-03-2018 20:28,17002635,2 - 3,0,,1,1,1,1001,1,1001,0,0,0
140952868,SIS / Crayfd (F/C) 6th Mar,Forecast,06-03-2018 13:01,17002636,2 - 4,0,,1,1,1,1001,1,1001,0,0,0
140951303,RPGTV / Sheff (F/C) 6th Mar,Forecast,06-03-2018 21:32,17002636,2 - 4,0,,1,1,1,1001,1,1001,0,0,0
140951387,SIS / Monm (F/C) 6th Mar,Forecast,06-03-2018 16:58,17002636,2 - 4,0,,1,1,1,1001,1,1001,0,0,0
140953554,SIS / Crayfd (F/C) 6th Mar,Forecast,06-03-2018 19:07,17002637,2 - 5,0,,1,1,1,1001,1,1001,0,0,0
140950201,TRP / Nott (F/C) 6th Mar,Forecast,06-03-2018 12:47,17002637,2 - 5,0,,1,1,1,1001,1,1001,0,0,0
140951303,RPGTV / Sheff (F/C) 6th Mar,Forecast,06-03-2018 21:32,17002637,2 - 5,0,,1,1,1,1001,1,1001,0,0,0
140950462,TRP / Kinsl (F/C) 6th Mar,Forecast,06-03-2018 13:44,17002639,2 - 6,0,,1,1,1,1001,1,1001,0,0,0
140950197,TRP / Nott (F/C) 6th Mar,Forecast,06-03-2018 11:48,17002674,3 - 1,0,,1,1,1,1001,1,1001,0,0,0
140950201,TRP / Nott (F/C) 6th Mar,Forecast,06-03-2018 12:47,17002675,3 - 2,0,,1,1,1,1001,1,1001,0,0,0
140953564,SIS / Crayfd (F/C) 6th Mar,Forecast,06-03-2018 21:45,17002675,3 - 2,0,,1,1,1,1001,1,1001,0,0,0
140951387,SIS / Monm (F/C) 6th Mar,Forecast,06-03-2018 16:58,17002675,3 - 2,0,,1,1,1,1001,1,1001,0,0,0
140952004,SIS / CPark (F/C) 6th Mar,Forecast,06-03-2018 13:57,17002675,3 - 2,0,,1,1,1,1001,1,1001,0,0,0
140950415,SIS / Hove (F/C) 6th Mar,Forecast,06-03-2018 15:49,17002677,3 - 4,0,,1,1,1,1001,1,1001,0,0,0
140951385,SIS / Monm (F/C) 6th Mar,Forecast,06-03-2018 16:19,17002678,3 - 5,0,,1,1,1,1001,1,1001,0,0,0
140950205,TRP / Nott (F/C) 6th Mar,Forecast,06-03-2018 13:51,17002679,3 - 6,0,,1,1,1,1001,1,1001,0,0,0
140951335,TRP / Sund (F/C) 6th Mar,Forecast,06-03-2018 14:27,17002680,4 - 1,0,,1,1,1,1001,1,1001,0,0,0
140953555,SIS / Crayfd (F/C) 6th Mar,Forecast,06-03-2018 19:23,17002683,4 - 2,1,,1,1,1,1001,1,1001,0,0,0
140954333,RPGTV / Poole (F/C) 6th Mar,Forecast,06-03-2018 19:06,17002683,4 - 2,0,,1,1,1,1001,1,1001,0,0,0
140950201,TRP / Nott (F/C) 6th Mar,Forecast,06-03-2018 12:47,17002688,5 - 1,0,,1,1,1,1001,1,1001,0,0,0
140950453,TRP / Kinsl (F/C) 6th Mar,Forecast,06-03-2018 11:28,17002688,5 - 1,1,,1,1,1,1001,1,1001,0,0,0
140952866,SIS / Crayfd (F/C) 6th Mar,Forecast,06-03-2018 12:31,17002689,5 - 2,0,,1,1,1,1001,1,1001,0,0,0
140951998,SIS / CPark (F/C) 6th Mar,Forecast,06-03-2018 12:24,17002689,5 - 2,0,,1,1,1,1001,1,1001,0,0,0
140954335,RPGTV / Poole (F/C) 6th Mar,Forecast,06-03-2018 19:37,17002690,5 - 3,0,,1,1,1,1001,1,1001,0,0,0
140950457,TRP / Kinsl (F/C) 6th Mar,Forecast,06-03-2018 12:27,17002693,6 - 1,0,,1,1,1,1001,1,1001,0,0,0
140954339,RPGTV / Poole (F/C) 6th Mar,Forecast,06-03-2018 20:37,17002693,6 - 1,0,,1,1,1,1001,1,1001,0,0,0
140951381,SIS / Monm (F/C) 6th Mar,Forecast,06-03-2018 15:02,17002693,6 - 1,0,,1,1,1,1001,1,1001,0,0,0
140950198,TRP / Nott (F/C) 6th Mar,Forecast,06-03-2018 12:04,17002694,6 - 2,0,,1,1,1,1001,1,1001,0,0,0
140954334,RPGTV / Poole (F/C) 6th Mar,Forecast,06-03-2018 19:22,17002695,6 - 3,0,,1,1,1,1001,1,1001,0,0,0
140952868,SIS / Crayfd (F/C) 6th Mar,Forecast,06-03-2018 13:01,17002696,6 - 4,0,,1,1,1,1001,1,1001,0,0,0
140950460,TRP / Kinsl (F/C) 6th Mar,Forecast,06-03-2018 13:12,17002696,6 - 4,0,,1,1,1,1001,1,1001,0,0,0
140950462,TRP / Kinsl (F/C) 6th Mar,Forecast,06-03-2018 13:44,17002696,6 - 4,0,,1,1,1,1001,1,1001,0,0,0
140951387,SIS / Monm (F/C) 6th Mar,Forecast,06-03-2018 16:58,17002696,6 - 4,0,,1,1,1,1001,1,1001,0,0,0
140951381,SIS / Monm (F/C) 6th Mar,Forecast,06-03-2018 15:02,17002696,6 - 4,0,,1,1,1,1001,1,1001,0,0,0
140952869,SIS / Crayfd (F/C) 6th Mar,Forecast,06-03-2018 13:16,17002697,6 - 5,0,,1,1,1,1001,1,1001,0,0,0
140951297,RPGTV / Sheff (F/C) 6th Mar,Forecast,06-03-2018 19:58,17002568,1 - 2,0,,1,1,1,1001,1,1001,0,0,0
140952869,SIS / Crayfd (F/C) 6th Mar,Forecast,06-03-2018 13:16,17002568,1 - 2,0,,1,1,1,1001,1,1001,0,0,0
140952862,SIS / Crayfd (F/C) 6th Mar,Forecast,06-03-2018 11:31,17002568,1 - 2,0,,1,1,1,1001,1,1001,0,0,0
141000099,Match Bets / Poole (AvB) 6th Mar,Exciting Times v Navillus Boy,06-03-2018 19:06,17048071,3. Exciting Times,0,,1,1,1,1001,1,1001,0,0,0
140941203,AUS / Mait (AUS) 6th Mar,R4 400m Gr5,06-03-2018 08:58,17508726,4. Skylark Brooke,0,7.100442969172434,1,5.71956038028453914098847009641966151979,1,1001,1,1001,593.24,0,0
140941271,NZL / AsPk (NZL) 6th Mar,R6 457m C0,06-03-2018 00:35,17507825,3. Go Mark,0,,1,7.49801737580752951659612385832033860548,1,1001,1,1001,89.78,0,0
140952573,SIS / Crayfd 6th Mar,A5 380m,06-03-2018 13:31,17406637,5. Rogue Secret,0,4.2,1,1,1,1001,1,1001,0,0,0
140950457,TRP / Kinsl (F/C) 6th Mar,Forecast,06-03-2018 12:27,6953192,1 - 5,0,,1,1,1,1001,1,1001,0,0,0
140952004,SIS / CPark (F/C) 6th Mar,Forecast,06-03-2018 13:57,6953192,1 - 5,0,,1,1,1,1001,1,1001,0,0,0
140951375,SIS / Monm 6th Mar,A2 480m,06-03-2018 18:09,10831783,6. Tewmax Sophie,0,3.484813670646255,1,1,1,1001,1,1001,0,0,0
140951279,RPGTV / Sheff 6th Mar,OR 660m,06-03-2018 20:28,10942275,5. Slick Salsa,0,13.016135052558969,1,1,1,1001,1,1001,0,0,0
140952575,SIS / Crayfd 6th Mar,S4 540m,06-03-2018 13:49,10960256,3. Tommys Bonnie,0,3.736545597307704,1,1,1,1001,1,1001,0,0,0
140941312,AUS / Gawl (AUS) 6th Mar,R11 400m FFA,06-03-2018 04:37,11032726,5. Gunner Molloy,0,42.28188600450288,1,15.9992435703479576399394856278366111952,1,1001,1,1001,26.44,0,0
140951309,TRP / Sund 6th Mar,A4 450m,06-03-2018 14:47,11312039,6. Crafty Blasio,0,8.2,1,1,1,1001,1,1001,0,0,0
140951367,SIS / Monm 6th Mar,S3 630m,06-03-2018 16:58,11391298,5. Aughall Jim,0,7.4189607973839165,1,1,1,1001,1,1001,0,0,0
140953012,SIS / Henl 6th Mar,A5 460m,06-03-2018 19:17,11610428,3. Blackrose Benson,0,9.4,1,1,1,1001,1,1001,0,0,0
140941237,AUS / Lism (AUS) 6th Mar,R8 420m Gr5,06-03-2018 10:05,12272502,6. Classy Sprite,0,31.175605372471033,1,14.8913223140495867768595041322314049587,1,1001,1,1001,145.2,0,0
140950164,TRP / Nott 6th Mar,A2 500m,06-03-2018 11:48,12296781,6. Slip The Gears,1,8,1,1,1,1001,1,1001,0,0,0
140941285,AUS / Warr (AUS) 6th Mar,R8 450m Gr4/5,06-03-2018 06:22,12385243,8. Our Didda,1,90.90522528469333,1,37.6949835471089920085957961184608152575,1,1001,1,1001,297.82,0,0
140941403,NZL / Addi (NZL) 6th mar,R11 520m C1,06-03-2018 04:17,13434067,1. Ketchikan Blue,0,,1,4.67497578447052463226184308336899961706,1,1001,1,1001,887.86,0,0
140941257,AUS / Warr (AUS) 6th Mar,R11 450m Gr5,06-03-2018 07:22,13738398,8. Derivation,0,26,1,14.9960711994868505452212957023733162284,1,1001,1,1001,124.72,0,0
140950168,TRP / Nott 6th Mar,A2 500m,06-03-2018 12:18,14468955,5. Subway Express,0,4.445412627740662,1,1,1,1001,1,1001,0,0,0
140941151,AUS / Town (AUS) 6th Mar,R11 380m Heat,06-03-2018 12:15,14509842,4. Destini Torpedo,0,85,1,1,1,1001,1,1001,0,0,0
141000102,Match Bets / Poole (AvB) 6th Mar,Kilflynn Clover v Spear Gun,06-03-2018 19:37,15145545,1. Kilflynn Clover,1,,1,1,1,1001,1,1001,0,0,0
141000111,Match Bets / Sheff (AvB) 6th Mar,Slippy Maska v Simple As That,06-03-2018 18:38,15487242,6. Simple As That,1,,1,1,1,1001,1,1001,0,0,0
140941143,AUS / Town (AUS) 6th Mar,R8 498m Final,06-03-2018 11:12,16469052,4. Willy Rocket,0,26,1,1,1,1001,1,1001,0,0,0
140951331,TRP / Sund 6th Mar,A5 450m,06-03-2018 18:11,16498596,1. Archaton Silver,0,6.4,1,1,1,1001,1,1001,0,0,0
140941175,AUS / Ipsw (AUS) 6th Mar,R5 431m Gr5,06-03-2018 06:07,16747191,6. Spring Gary,0,6.08858071688388,1,6.10123599566317311167329237441272135887,1,1001,1,1001,830.1,0,0
140954338,RPGTV / Poole (F/C) 6th Mar,Forecast,06-03-2018 20:22,17002741,5 - 6,0,,1,1,1,1001,1,1001,0,0,0
140941367,AUS / Mand (AUS) 6th Mar,R4 405m Heat,06-03-2018 11:05,17191684,4. Wise Jenson,0,17.696091214,1,1,1,1001,1,1001,0,0,0
140952867,SIS / Crayfd (F/C) 6th Mar,Forecast,06-03-2018 12:46,17002630,1 - 3,0,,1,1,1,1001,1,1001,0,0,0
140950458,TRP / Kinsl (F/C) 6th Mar,Forecast,06-03-2018 12:42,17002630,1 - 3,0,,1,1,1,1001,1,1001,0,0,0
140954336,RPGTV / Poole (F/C) 6th Mar,Forecast,06-03-2018 19:52,17002630,1 - 3,0,,1,1,1,1001,1,1001,0,0,0
140950413,SIS / Hove (F/C) 6th Mar,Forecast,06-03-2018 15:11,17002630,1 - 3,0,,1,1,1,1001,1,1001,0,0,0
140950420,SIS / Hove (F/C) 6th Mar,Forecast,06-03-2018 17:28,17002630,1 - 3,0,,1,1,1,1001,1,1001,0,0,0
140953341,SIS / Henl (F/C) 6th Mar,Forecast,06-03-2018 19:49,17002630,1 - 3,0,,1,1,1,1001,1,1001,0,0,0
140950200,TRP / Nott (F/C) 6th Mar,Forecast,06-03-2018 12:32,17002632,1 - 6,0,,1,1,1,1001,1,1001,0,0,0
140951995,SIS / CPark (F/C) 6th Mar,Forecast,06-03-2018 11:39,17002632,1 - 6,0,,1,1,1,1001,1,1001,0,0,0
140951390,SIS / Monm (F/C) 6th Mar,Forecast,06-03-2018 17:54,17002632,1 - 6,0,,1,1,1,1001,1,1001,0,0,0
140951336,TRP / Sund (F/C) 6th Mar,Forecast,06-03-2018 14:47,17002632,1 - 6,0,,1,1,1,1001,1,1001,0,0,0
140951300,RPGTV / Sheff (F/C) 6th Mar,Forecast,06-03-2018 20:43,17002633,2 - 1,0,,1,1,1,1001,1,1001,0,0,0
140951292,RPGTV / Sheff (F/C) 6th Mar,Forecast,06-03-2018 18:38,17002633,2 - 1,0,,1,1,1,1001,1,1001,0,0,0
140950204,TRP / Nott (F/C) 6th Mar,Forecast,06-03-2018 13:33,17002633,2 - 1,0,,1,1,1,1001,1,1001,0,0,0
140950455,TRP / Kinsl (F/C) 6th Mar,Forecast,06-03-2018 11:57,17002633,2 - 1,0,,1,1,1,1001,1,1001,0,0,0
140954338,RPGTV / Poole (F/C) 6th Mar,Forecast,06-03-2018 20:22,17002633,2 - 1,0,,1,1,1,1001,1,1001,0,0,0
140951298,RPGTV / Sheff (F/C) 6th Mar,Forecast,06-03-2018 20:13,17002633,2 - 1,0,,1,1,1,1001,1,1001,0,0,0
140950412,SIS / Hove (F/C) 6th Mar,Forecast,06-03-2018 14:52,17002635,2 - 3,0,,1,1,1,1001,1,1001,0,0,0
140951389,SIS / Monm (F/C) 6th Mar,Forecast,06-03-2018 17:37,17002636,2 - 4,0,,1,1,1,1001,1,1001,0,0,0
140950416,SIS / Hove (F/C) 6th Mar,Forecast,06-03-2018 16:09,17002637,2 - 5,0,,1,1,1,1001,1,1001,0,0,0
140950453,TRP / Kinsl (F/C) 6th Mar,Forecast,06-03-2018 11:28,17002637,2 - 5,0,,1,1,1,1001,1,1001,0,0,0
140950421,SIS / Hove (F/C) 6th Mar,Forecast,06-03-2018 17:44,17002637,2 - 5,0,,1,1,1,1001,1,1001,0,0,0
140951381,SIS / Monm (F/C) 6th Mar,Forecast,06-03-2018 15:02,17002637,2 - 5,0,,1,1,1,1001,1,1001,0,0,0
140950415,SIS / Hove (F/C) 6th Mar,Forecast,06-03-2018 15:49,17002639,2 - 6,0,,1,1,1,1001,1,1001,0,0,0
140951294,RPGTV / Sheff (F/C) 6th Mar,Forecast,06-03-2018 19:11,17002674,3 - 1,0,,1,1,1,1001,1,1001,0,0,0
140951304,RPGTV / Sheff (F/C) 6th Mar,Forecast,06-03-2018 21:50,17002674,3 - 1,0,,1,1,1,1001,1,1001,0,0,0
140950462,TRP / Kinsl (F/C) 6th Mar,Forecast,06-03-2018 13:44,17002674,3 - 1,0,,1,1,1,1001,1,1001,0,0,0
140951385,SIS / Monm (F/C) 6th Mar,Forecast,06-03-2018 16:19,17002674,3 - 1,0,,1,1,1,1001,1,1001,0,0,0
140950196,TRP / Nott (F/C) 6th Mar,Forecast,06-03-2018 11:34,17002675,3 - 2,0,,1,1,1,1001,1,1001,0,0,0
140950454,TRP / Kinsl (F/C) 6th Mar,Forecast,06-03-2018 11:42,17002675,3 - 2,0,,1,1,1,1001,1,1001,0,0,0
140950458,TRP / Kinsl (F/C) 6th Mar,Forecast,06-03-2018 12:42,17002677,3 - 4,0,,1,1,1,1001,1,1001,0,0,0
140952865,SIS / Crayfd (F/C) 6th Mar,Forecast,06-03-2018 12:16,17002677,3 - 4,0,,1,1,1,1001,1,1001,0,0,0
140951303,RPGTV / Sheff (F/C) 6th Mar,Forecast,06-03-2018 21:32,17002678,3 - 5,0,,1,1,1,1001,1,1001,0,0,0
140953558,SIS / Crayfd (F/C) 6th Mar,Forecast,06-03-2018 20:11,17002679,3 - 6,0,,1,1,1,1001,1,1001,0,0,0
140951298,RPGTV / Sheff (F/C) 6th Mar,Forecast,06-03-2018 20:13,17002679,3 - 6,0,,1,1,1,1001,1,1001,0,0,0
140950462,TRP / Kinsl (F/C) 6th Mar,Forecast,06-03-2018 13:44,17002679,3 - 6,0,,1,1,1,1001,1,1001,0,0,0
140951341,TRP / Sund (F/C) 6th Mar,Forecast,06-03-2018 16:27,17002679,3 - 6,0,,1,1,1,1001,1,1001,0,0,0
140950417,SIS / Hove (F/C) 6th Mar,Forecast,06-03-2018 16:29,17002683,4 - 2,0,,1,1,1,1001,1,1001,0,0,0
140952004,SIS / CPark (F/C) 6th Mar,Forecast,06-03-2018 13:57,17002683,4 - 2,0,,1,1,1,1001,1,1001,0,0,0
140952004,SIS / CPark (F/C) 6th Mar,Forecast,06-03-2018 13:57,17002684,4 - 3,0,,1,1,1,1001,1,1001,0,0,0
140951389,SIS / Monm (F/C) 6th Mar,Forecast,06-03-2018 17:37,17002686,4 - 5,0,,1,1,1,1001,1,1001,0,0,0
140952861,SIS / Crayfd (F/C) 6th Mar,Forecast,06-03-2018 11:16,17002686,4 - 5,0,,1,1,1,1001,1,1001,0,0,0
140950423,SIS / Hove (F/C) 6th Mar,Forecast,06-03-2018 18:19,17002686,4 - 5,0,,1,1,1,1001,1,1001,0,0,0
140950421,SIS / Hove (F/C) 6th Mar,Forecast,06-03-2018 17:44,17002686,4 - 5,1,,1,1,1,1001,1,1001,0,0,0
140950419,SIS / Hove (F/C) 6th Mar,Forecast,06-03-2018 17:08,17002687,4 - 6,0,,1,1,1,1001,1,1001,0,0,0
140951378,SIS / Monm (F/C) 6th Mar,Forecast,06-03-2018 14:06,17002688,5 - 1,0,,1,1,1,1001,1,1001,0,0,0
140953340,SIS / Henl (F/C) 6th Mar,Forecast,06-03-2018 19:33,17002688,5 - 1,0,,1,1,1,1001,1,1001,0,0,0
140954334,RPGTV / Poole (F/C) 6th Mar,Forecast,06-03-2018 19:22,17002689,5 - 2,0,,1,1,1,1001,1,1001,0,0,0
140951390,SIS / Monm (F/C) 6th Mar,Forecast,06-03-2018 17:54,17002690,5 - 3,0,,1,1,1,1001,1,1001,0,0,0
140951343,TRP / Sund (F/C) 6th Mar,Forecast,06-03-2018 17:07,17002690,5 - 3,0,,1,1,1,1001,1,1001,0,0,0
140950420,SIS / Hove (F/C) 6th Mar,Forecast,06-03-2018 17:28,17002690,5 - 3,0,,1,1,1,1001,1,1001,0,0,0
140953341,SIS / Henl (F/C) 6th Mar,Forecast,06-03-2018 19:49,17002691,5 - 4,0,,1,1,1,1001,1,1001,0,0,0
140952871,SIS / Crayfd (F/C) 6th Mar,Forecast,06-03-2018 13:49,17002693,6 - 1,0,,1,1,1,1001,1,1001,0,0,0
140951389,SIS / Monm (F/C) 6th Mar,Forecast,06-03-2018 17:37,17002693,6 - 1,0,,1,1,1,1001,1,1001,0,0,0
140953559,SIS / Crayfd (F/C) 6th Mar,Forecast,06-03-2018 20:26,17002694,6 - 2,1,,1,1,1,1001,1,1001,0,0,0
140951378,SIS / Monm (F/C) 6th Mar,Forecast,06-03-2018 14:06,17002694,6 - 2,0,,1,1,1,1001,1,1001,0,0,0
140953562,SIS / Crayfd (F/C) 6th Mar,Forecast,06-03-2018 21:16,17002694,6 - 2,0,,1,1,1,1001,1,1001,0,0,0
140950453,TRP / Kinsl (F/C) 6th Mar,Forecast,06-03-2018 11:28,17002694,6 - 2,0,,1,1,1,1001,1,1001,0,0,0
140950462,TRP / Kinsl (F/C) 6th Mar,Forecast,06-03-2018 13:44,17002694,6 - 2,0,,1,1,1,1001,1,1001,0,0,0
140950411,SIS / Hove (F/C) 6th Mar,Forecast,06-03-2018 14:32,17002694,6 - 2,0,,1,1,1,1001,1,1001,0,0,0
140951385,SIS / Monm (F/C) 6th Mar,Forecast,06-03-2018 16:19,17002694,6 - 2,0,,1,1,1,1001,1,1001,0,0,0
140950204,TRP / Nott (F/C) 6th Mar,Forecast,06-03-2018 13:33,17002695,6 - 3,0,,1,1,1,1001,1,1001,0,0,0
140951293,RPGTV / Sheff (F/C) 6th Mar,Forecast,06-03-2018 18:56,17002696,6 - 4,0,,1,1,1,1001,1,1001,0,0,0
140951390,SIS / Monm (F/C) 6th Mar,Forecast,06-03-2018 17:54,17002697,6 - 5,0,,1,1,1,1001,1,1001,0,0,0
140953341,SIS / Henl (F/C) 6th Mar,Forecast,06-03-2018 19:49,17002697,6 - 5,0,,1,1,1,1001,1,1001,0,0,0
140941045,AUS / Town (AUS) 6th Mar,R3 380m Nvce,06-03-2018 09:35,17296723,7. Fancy A Beer,0,68.2279241392063,1,24.1367301423914908217533024532509864471,1,1001,1,1001,116.58,0,0
140941325,AUS / Geel (AUS) 6th Mar,R4 400m Mdn,06-03-2018 05:54,17508328,6. Vukic,1,10.20717007573694,1,6.97761599210266535044422507403751233959,1,1001,1,1001,243.12,0,0
140941181,AUS / Ipsw (AUS) 6th Mar,R6 520m Gr5,06-03-2018 06:26,17508639,1. Rathnait,0,8.6,1,7.57245877465367873296751598678520283012,1,1001,1,1001,1410.54,0,0
140941277,NZL / AsPk (NZL) 6th Mar,R9 390m C1/2,06-03-2018 01:27,17507830,1. Sozins Emperor,0,,1,5.32607561929595827900912646675358539765,1,1001,1,1001,30.68,0,0
140941339,AUS / Geel (AUS) 6th Mar,R10 400m Mdn,06-03-2018 07:57,17508425,5. Double Date,0,10.726009285454637,1,8.58367901048344520702918772154762802625,1,1001,1,1001,530.36,0,0
140941257,AUS / Warr (AUS) 6th Mar,R11 450m Gr5,06-03-2018 07:22,17508470,10. Premier Ching,0,219.3922993488625,1,161.712080736123478777085188483229444939,1,1001,1,1001,67.38,0,0
140952871,SIS / Crayfd (F/C) 6th Mar,Forecast,06-03-2018 13:49,6953192,1 - 5,0,,1,1,1,1001,1,1001,0,0,0
140954341,RPGTV / Poole (F/C) 6th Mar,Forecast,06-03-2018 21:07,6953192,1 - 5,0,,1,1,1,1001,1,1001,0,0,0
140952002,SIS / CPark (F/C) 6th Mar,Forecast,06-03-2018 13:22,6953192,1 - 5,0,,1,1,1,1001,1,1001,0,0,0
140951331,TRP / Sund 6th Mar,A5 450m,06-03-2018 18:11,9508582,4. Threejays Katie,0,8,1,1,1,1001,1,1001,0,0,0
140941381,AUS / Mand (AUS) 6th Mar,R11 405m Final,06-03-2018 13:24,9664247,2. Collectanator,1,2.398776844,1,1,1,1001,1,1001,0,0,0
140953686,RPGTV / Poole 6th Mar,A2 450m,06-03-2018 20:51,10677445,5. Field Panther,1,10.345198109297048,1,1,1,1001,1,1001,0,0,0
140950425,TRP / Kinsl 6th Mar,D2 268m,06-03-2018 11:11,10942217,1. Elite Mick,0,14,1,1,1,1001,1,1001,0,0,0
140951361,SIS / Monm 6th Mar,A5 480m,06-03-2018 15:59,11097800,2. Swift Natasha,0,6.147845477800584,1,1,1,1001,1,1001,0,0,0
140950429,TRP / Kinsl 6th Mar,A6 462m,06-03-2018 11:42,11108834,1. Aulton Pee Jay,1,9.994322381,1,1,1,1001,1,1001,0,0,0
140941306,AUS / Gawl (AUS) 6th Mar,R9 400m Gr5,06-03-2018 03:57,11116915,6. Agent Kade,0,9.2,1,7.07450107628881024481009887263307672662,1,1001,1,1001,548.18,0,0
140951263,RPGTV / Sheff 6th Mar,A4 500m,06-03-2018 18:22,11198166,1. Swift Lord,0,5.803367611589237,1,1,1,1001,1,1001,0,0,0
140953450,SIS / Crayfd 6th Mar,S8 540m,06-03-2018 20:42,11222765,5. Sarah Free,0,9.8,1,1,1,1001,1,1001,0,0,0
140950435,TRP / Kinsl 6th Mar,A7 462m,06-03-2018 12:27,11383928,4. Sandy Sophie,0,11.5,1,1,1,1001,1,1001,0,0,0
140941359,AUS / Cran (AUS) 6th Mar,R12 311m Gr5,06-03-2018 11:34,12019350,8. Buckle Up Todd,0,101.10930225865916,1,1,1,1001,1,1001,0,0,0
140941207,AUS / Mait (AUS) 6th Mar,R6 400m Gr5,06-03-2018 09:38,12329917,8. Snowie Guerrero,0,21,1,14.5365168539325842696629213483146067416,1,1001,1,1001,106.8,0,0
140941273,NZL / AsPk (NZL) 6th Mar,R7 630m C2,06-03-2018 00:53,12425623,4. Opawa Plum,0,,1,5.43897460242107761690007120816520294327,1,1001,1,1001,84.26,0,0
140941185,AUS / Ipsw (AUS) 6th Mar,R7 520m Final,06-03-2018 06:46,12561628,5. Star Ring,0,31.891613499661915,1,29.1084315503173164097914777878513145966,1,1001,1,1001,330.9,0,0
140941343,AUS / Cran (AUS) 6th Mar,R6 520m Gr5,06-03-2018 09:28,12535840,6. Excelencia,1,10,1,8.11088008262665796912372254838008262666,1,1001,1,1001,735.84,0,0
140941209,AUS / Mait (AUS) 6th Mar,R7 400m Gr4/5,06-03-2018 09:58,12714211,3. Viva Opal,0,5.389383487541926,1,4.64385630133576702895544677673608230316,1,1001,1,1001,1446.36,0,0
140951373,SIS / Monm 6th Mar,A3 480m,06-03-2018 17:54,12810768,6. Final Solow,0,3.755769577830797,1,1,1,1001,1,1001,0,0,0
140950373,SIS / Hove 6th Mar,A4 515m,06-03-2018 15:11,13055544,5. Mannix Apache,0,4.7541368321966715,1,1,1,1001,1,1001,0,0,0
140941277,NZL / AsPk (NZL) 6th Mar,R9 390m C1/2,06-03-2018 01:27,13354242,6. Queen Kong,0,,1,3.7677071915360053376542915693656769766,1,1001,1,1001,419.66,0,0
140950369,SIS / Hove 6th Mar,A10 515m,06-03-2018 14:32,13445353,4. Clairekeith Elsa,0,9.6,1,1,1,1001,1,1001,0,0,0
140941223,AUS / Lism (AUS) 6th Mar,R3 420m Gr5,06-03-2018 08:25,13427565,5. Kulu Zorro,1,13.513742144131104,1,10.8715651339683409854039608031247858562,1,1001,1,1001,583.72,0,0
140951361,SIS / Monm 6th Mar,A5 480m,06-03-2018 15:59,14543185,3. Sporty Impact,0,6.024209936135448,1,1,1,1001,1,1001,0,0,0
140951263,RPGTV / Sheff 6th Mar,A4 500m,06-03-2018 18:22,14892398,6. Stanza,0,3.3,1,1,1,1001,1,1001,0,0,0
140953010,SIS / Henl 6th Mar,A6 460m,06-03-2018 19:02,15044651,3. Da Hoff,0,21.948238631,1,1,1,1001,1,1001,0,0,0
140941177,AUS / Devn (AUS) 6th Mar,R8 452m Gr5,06-03-2018 04:09,15051418,6. Irinka Bay,0,49.915894834504094,1,19.7907492241761489581794000295551943254,1,1001,1,1001,135.34,0,0
140951896,SIS / CPark 6th Mar,A3 480m,06-03-2018 12:24,15487402,4. Cloheena Pablo,0,6.82656028768586,1,1,1,1001,1,1001,0,0,0
140941058,AUS / Town (AUS) 6th Mar,R7 380m FFA,06-03-2018 10:55,15906009,2. Innocent Man,0,2.8154080638263808,1,2.52733105843953199261256375756521561184,1,1001,1,1001,3909.34,0,0
140941169,AUS / Devn (AUS) 6th Mar,R6 452m Gr4,06-03-2018 03:22,16613015,3. Buckle Up Vomo,0,4.4,1,3.6998235746690366911628153768604250126,1,1001,1,1001,753.86,0,0
140953690,RPGTV / Poole 6th Mar,A5 450m,06-03-2018 21:22,16756462,5. Ashwood Trish,1,2.06,1,1,1,1001,1,1001,0,0,0
140941373,AUS / Mand (AUS) 6th Mar,R7 405m Gr5,06-03-2018 12:02,16808277,7. Stilton Smiley,0,4.410660154854659,1,1,1,1001,1,1001,0,0,0
140952866,SIS / Crayfd (F/C) 6th Mar,Forecast,06-03-2018 12:31,17002741,5 - 6,0,,1,1,1,1001,1,1001,0,0,0
140941163,AUS / Devn (AUS) 6th Mar,R4 580m Gr5,06-03-2018 02:47,17034411,7. Nekhbet,0,50,1,44.3191786562369045956139125576197792988,1,1001,1,1001,143.18,0,0
140950203,TRP / Nott (F/C) 6th Mar,Forecast,06-03-2018 13:19,17002631,1 - 4,0,,1,1,1,1001,1,1001,0,0,0
140952000,SIS / CPark (F/C) 6th Mar,Forecast,06-03-2018 12:54,17002632,1 - 6,0,,1,1,1,1001,1,1001,0,0,0
140954337,RPGTV / Poole (F/C) 6th Mar,Forecast,06-03-2018 20:07,17002633,2 - 1,0,,1,1,1,1001,1,1001,0,0,0
140952861,SIS / Crayfd (F/C) 6th Mar,Forecast,06-03-2018 11:16,17002633,2 - 1,0,,1,1,1,1001,1,1001,0,0,0
140954334,RPGTV / Poole (F/C) 6th Mar,Forecast,06-03-2018 19:22,17002635,2 - 3,0,,1,1,1,1001,1,1001,0,0,0
140952868,SIS / Crayfd (F/C) 6th Mar,Forecast,06-03-2018 13:01,17002635,2 - 3,0,,1,1,1,1001,1,1001,0,0,0
140952871,SIS / Crayfd (F/C) 6th Mar,Forecast,06-03-2018 13:49,17002635,2 - 3,0,,1,1,1,1001,1,1001,0,0,0
140950423,SIS / Hove (F/C) 6th Mar,Forecast,06-03-2018 18:19,17002635,2 - 3,0,,1,1,1,1001,1,1001,0,0,0
140954333,RPGTV / Poole (F/C) 6th Mar,Forecast,06-03-2018 19:06,17002636,2 - 4,0,,1,1,1,1001,1,1001,0,0,0
140951380,SIS / Monm (F/C) 6th Mar,Forecast,06-03-2018 14:42,17002637,2 - 5,0,,1,1,1,1001,1,1001,0,0,0
140950415,SIS / Hove (F/C) 6th Mar,Forecast,06-03-2018 15:49,17002637,2 - 5,0,,1,1,1,1001,1,1001,0,0,0
140952861,SIS / Crayfd (F/C) 6th Mar,Forecast,06-03-2018 11:16,17002637,2 - 5,0,,1,1,1,1001,1,1001,0,0,0
140951387,SIS / Monm (F/C) 6th Mar,Forecast,06-03-2018 16:58,17002637,2 - 5,0,,1,1,1,1001,1,1001,0,0,0
140951300,RPGTV / Sheff (F/C) 6th Mar,Forecast,06-03-2018 20:43,17002639,2 - 6,0,,1,1,1,1001,1,1001,0,0,0
140951379,SIS / Monm (F/C) 6th Mar,Forecast,06-03-2018 14:22,17002677,3 - 4,0,,1,1,1,1001,1,1001,0,0,0
140951340,TRP / Sund (F/C) 6th Mar,Forecast,06-03-2018 16:08,17002677,3 - 4,0,,1,1,1,1001,1,1001,0,0,0
140951383,SIS / Monm (F/C) 6th Mar,Forecast,06-03-2018 15:39,17002677,3 - 4,0,,1,1,1,1001,1,1001,0,0,0
140951296,RPGTV / Sheff (F/C) 6th Mar,Forecast,06-03-2018 19:42,17002678,3 - 5,0,,1,1,1,1001,1,1001,0,0,0
140951996,SIS / CPark (F/C) 6th Mar,Forecast,06-03-2018 11:54,17002678,3 - 5,0,,1,1,1,1001,1,1001,0,0,0
140952867,SIS / Crayfd (F/C) 6th Mar,Forecast,06-03-2018 12:46,17002678,3 - 5,0,,1,1,1,1001,1,1001,0,0,0
140952004,SIS / CPark (F/C) 6th Mar,Forecast,06-03-2018 13:57,17002678,3 - 5,0,,1,1,1,1001,1,1001,0,0,0
140951384,SIS / Monm (F/C) 6th Mar,Forecast,06-03-2018 15:59,17002679,3 - 6,0,,1,1,1,1001,1,1001,0,0,0
140953559,SIS / Crayfd (F/C) 6th Mar,Forecast,06-03-2018 20:26,17002680,4 - 1,0,,1,1,1,1001,1,1001,0,0,0
140950417,SIS / Hove (F/C) 6th Mar,Forecast,06-03-2018 16:29,17002680,4 - 1,0,,1,1,1,1001,1,1001,0,0,0
140950462,TRP / Kinsl (F/C) 6th Mar,Forecast,06-03-2018 13:44,17002680,4 - 1,0,,1,1,1,1001,1,1001,0,0,0
140951300,RPGTV / Sheff (F/C) 6th Mar,Forecast,06-03-2018 20:43,17002683,4 - 2,0,,1,1,1,1001,1,1001,0,0,0
140950200,TRP / Nott (F/C) 6th Mar,Forecast,06-03-2018 12:32,17002683,4 - 2,0,,1,1,1,1001,1,1001,0,0,0
140951336,TRP / Sund (F/C) 6th Mar,Forecast,06-03-2018 14:47,17002683,4 - 2,0,,1,1,1,1001,1,1001,0,0,0
140951378,SIS / Monm (F/C) 6th Mar,Forecast,06-03-2018 14:06,17002684,4 - 3,0,,1,1,1,1001,1,1001,0,0,0
140951304,RPGTV / Sheff (F/C) 6th Mar,Forecast,06-03-2018 21:50,17002684,4 - 3,0,,1,1,1,1001,1,1001,0,0,0
140951344,TRP / Sund (F/C) 6th Mar,Forecast,06-03-2018 17:22,17002684,4 - 3,0,,1,1,1,1001,1,1001,0,0,0
140952868,SIS / Crayfd (F/C) 6th Mar,Forecast,06-03-2018 13:01,17002686,4 - 5,0,,1,1,1,1001,1,1001,0,0,0
140950410,SIS / Hove (F/C) 6th Mar,Forecast,06-03-2018 14:12,17002686,4 - 5,0,,1,1,1,1001,1,1001,0,0,0
140951381,SIS / Monm (F/C) 6th Mar,Forecast,06-03-2018 15:02,17002687,4 - 6,0,,1,1,1,1001,1,1001,0,0,0
140953558,SIS / Crayfd (F/C) 6th Mar,Forecast,06-03-2018 20:11,17002688,5 - 1,0,,1,1,1,1001,1,1001,0,0,0
140952000,SIS / CPark (F/C) 6th Mar,Forecast,06-03-2018 12:54,17002689,5 - 2,0,,1,1,1,1001,1,1001,0,0,0
140954342,RPGTV / Poole (F/C) 6th Mar,Forecast,06-03-2018 21:22,17002689,5 - 2,0,,1,1,1,1001,1,1001,0,0,0
140950421,SIS / Hove (F/C) 6th Mar,Forecast,06-03-2018 17:44,17002689,5 - 2,0,,1,1,1,1001,1,1001,0,0,0
140950419,SIS / Hove (F/C) 6th Mar,Forecast,06-03-2018 17:08,17002691,5 - 4,0,,1,1,1,1001,1,1001,0,0,0
140952865,SIS / Crayfd (F/C) 6th Mar,Forecast,06-03-2018 12:16,17002693,6 - 1,0,,1,1,1,1001,1,1001,0,0,0
140953340,SIS / Henl (F/C) 6th Mar,Forecast,06-03-2018 19:33,17002694,6 - 2,0,,1,1,1,1001,1,1001,0,0,0
140952865,SIS / Crayfd (F/C) 6th Mar,Forecast,06-03-2018 12:16,17002694,6 - 2,0,,1,1,1,1001,1,1001,0,0,0
140952003,SIS / CPark (F/C) 6th Mar,Forecast,06-03-2018 13:39,17002694,6 - 2,0,,1,1,1,1001,1,1001,0,0,0
140950459,TRP / Kinsl (F/C) 6th Mar,Forecast,06-03-2018 12:58,17002694,6 - 2,0,,1,1,1,1001,1,1001,0,0,0
140951296,RPGTV / Sheff (F/C) 6th Mar,Forecast,06-03-2018 19:42,17002696,6 - 4,0,,1,1,1,1001,1,1001,0,0,0
140952867,SIS / Crayfd (F/C) 6th Mar,Forecast,06-03-2018 12:46,17002696,6 - 4,0,,1,1,1,1001,1,1001,0,0,0
140951291,RPGTV / Sheff (F/C) 6th Mar,Forecast,06-03-2018 18:22,17002696,6 - 4,0,,1,1,1,1001,1,1001,0,0,0
140953676,RPGTV / Poole 6th Mar,A5 450m,06-03-2018 19:37,17504210,5. Spear Gun,0,5.111280651,1,1,1,1001,1,1001,0,0,0
140941219,AUS / Lism (AUS) 6th Mar,R1 420m Mdn,06-03-2018 07:40,17508486,4. Dainty Jay,0,7.6,1,6.10391590434922163376665061787835018456,1,1001,1,1001,498.48,0,0
140951277,RPGTV / Sheff 6th Mar,OR 280m,06-03-2018 20:13,2360653,1. Run The Risk,0,13.5,1,1,1,1001,1,1001,0,0,0
140951385,SIS / Monm (F/C) 6th Mar,Forecast,06-03-2018 16:19,6953192,1 - 5,0,,1,1,1,1001,1,1001,0,0,0
140941179,AUS / Devn (AUS) 6th Mar,R9 452m Gr4,06-03-2018 04:27,9345718,8. Frostys Capable,0,150,1,81.1076809996324880558618155090040426314,1,1001,1,1001,54.42,0,0
140951313,TRP / Sund 6th Mar,HC 261m,06-03-2018 15:28,10642435,4. Swift Erne,0,7.2,1,1,1,1001,1,1001,0,0,0
140953674,RPGTV / Poole 6th Mar,A3 450m,06-03-2018 19:22,11047040,1. Spoton Goldfinch,0,6.8,1,1,1,1001,1,1001,0,0,0
140950367,SIS / Hove 6th Mar,A5 515m,06-03-2018 14:12,11513257,6. Jems Bullet,0,4.103988822842803,1,1,1,1001,1,1001,0,0,0
140941175,AUS / Ipsw (AUS) 6th Mar,R5 431m Gr5,06-03-2018 06:07,11693479,8. Orphan Annie,0,38,1,30.117571474461933825891423064567940893,1,1001,1,1001,62.26,0,0
140941148,AUS / Town (AUS) 6th Mar,R10 380m Heat,06-03-2018 11:52,11612784,8. Berisha,0,9.078673467,1,1,1,1001,1,1001,0,0,0
140950445,TRP / Kinsl 6th Mar,A4 462m,06-03-2018 13:44,11980832,3. Ballinulty Dave,0,6.59522385153221,1,1,1,1001,1,1001,0,0,0
140953456,SIS / Crayfd 6th Mar,A8 380m,06-03-2018 21:30,12132263,5. Movilla Mel,0,11.5,1,1,1,1001,1,1001,0,0,0
140951271,RPGTV / Sheff 6th Mar,OR 500m,06-03-2018 19:26,12178849,4. Swirling Stream,0,48.9949605606425,1,1,1,1001,1,1001,0,0,0
140950425,TRP / Kinsl 6th Mar,D2 268m,06-03-2018 11:11,12274565,2. Cromac Annalise,0,4.206079203744082,1,1,1,1001,1,1001,0,0,0
140941245,AUS / Lism (AUS) 6th Mar,R9 420m N/G,06-03-2018 10:25,12377751,6. Two Jay,1,1.6940596714241152,1,1.62750105509438080001027012020854762848,1,1001,1,1001,12463.34,0,0
140941389,NZL / Addi (NZL) 6th mar,R4 295m C1,06-03-2018 02:09,12425612,10. Opawa Sledge,0,,1,16.6967020023557126030624263839811542992,1,1001,1,1001,16.98,0,0
140941373,AUS / Mand (AUS) 6th Mar,R7 405m Gr5,06-03-2018 12:02,12536542,8. One For Tiger,0,13.607455927245319,1,1,1,1001,1,1001,0,0,0
140941199,AUS / Mait (AUS) 6th Mar,R2 400m Heat,06-03-2018 08:18,12780769,6. Canny Drive,0,55,1,27.2516275399487078319195107516275399487,1,1001,1,1001,101.38,0,0
140941285,AUS / Warr (AUS) 6th Mar,R8 450m Gr4/5,06-03-2018 06:22,12939577,7. Tiggerlong Ray,0,75.85086918467186,1,51.8504370346390417610877306571706053739,1,1001,1,1001,247.12,0,0
140953680,RPGTV / Poole 6th Mar,A1 450m,06-03-2018 20:07,13004947,1. Southern Holly,0,4.8,1,1,1,1001,1,1001,0,0,0
140941159,AUS / Ipsw (AUS) 6th Mar,R1 431m Heat,06-03-2018 04:52,13146562,2. Blue Girl Blue,0,240.54414119921626,1,97.6346493812610489098408956982911019446,1,1001,1,1001,33.94,0,0
140941351,AUS / Cran (AUS) 6th Mar,R8 520m Gr5,06-03-2018 10:08,13516747,2. Johnny Black,0,5.2,1,4.60929238639491023295721293163458580887,1,1001,1,1001,1235.42,0,0
140950447,TRP / Kinsl 6th Mar,A5 462m,06-03-2018 13:58,13768980,4. Borneo Lisa,0,4.019561770365107,1,1,1,1001,1,1001,0,0,0
140950389,SIS / Hove 6th Mar,A5 515m,06-03-2018 17:44,13992072,2. Wheres Junior,0,4,1,1,1,1001,1,1001,0,0,0
140941191,AUS / Ipsw (AUS) 6th Mar,R9 431m Gr5,06-03-2018 07:30,14848956,8. Viking White,0,6.774157379716343,1,5.78193657544665724973999968955186812163,1,1001,1,1001,3865.38,0,0
140951307,TRP / Sund 6th Mar,A4 450m,06-03-2018 14:27,15085921,6. Shrewd Operator,0,6.457772433116333,1,1,1,1001,1,1001,0,0,0
140952561,SIS / Crayfd 6th Mar,A7 380m,06-03-2018 12:01,16152083,2. Generous Maud,0,9.4,1,1,1,1001,1,1001,0,0,0
140953670,RPGTV / Poole 6th Mar,A4 450m,06-03-2018 18:48,16066451,6. Nobodys Sidney,0,5.439737218374503,1,1,1,1001,1,1001,0,0,0
141000112,Match Bets / Sheff (AvB) 6th Mar,Coney Cassius v Coney Sabella,06-03-2018 18:56,16104445,4. Coney Cassius,0,,1,1,1,1001,1,1001,0,0,0
140941279,NZL / AsPk (NZL) 6th Mar,R10 390m C1/2,06-03-2018 01:42,16155612,3. Sozins Roar,0,,1,14.7716814159292035398230088495575221239,1,1001,1,1001,11.3,0,0
140951892,SIS / CPark 6th Mar,A4 480m,06-03-2018 11:54,16609864,1. Quarter To Three,1,3,1,1,1,1001,1,1001,0,0,0
140941255,AUS / Warr (AUS) 6th Mar,R10 450m Gr5,06-03-2018 07:01,16855140,1. Bolt Power,0,7.867497655623592,1,6.59656179555032833480348916985200431246,1,1001,1,1001,1020.3,0,0
140953340,SIS / Henl (F/C) 6th Mar,Forecast,06-03-2018 19:33,17002741,5 - 6,0,,1,1,1,1001,1,1001,0,0,0
140953552,SIS / Crayfd (F/C) 6th Mar,Forecast,06-03-2018 18:33,17002741,5 - 6,0,,1,1,1,1001,1,1001,0,0,0
140951299,RPGTV / Sheff (F/C) 6th Mar,Forecast,06-03-2018 20:28,17002741,5 - 6,0,,1,1,1,1001,1,1001,0,0,0
140954336,RPGTV / Poole (F/C) 6th Mar,Forecast,06-03-2018 19:52,17002741,5 - 6,0,,1,1,1,1001,1,1001,0,0,0
140953564,SIS / Crayfd (F/C) 6th Mar,Forecast,06-03-2018 21:45,17002741,5 - 6,0,,1,1,1,1001,1,1001,0,0,0
140951387,SIS / Monm (F/C) 6th Mar,Forecast,06-03-2018 16:58,17002741,5 - 6,0,,1,1,1,1001,1,1001,0,0,0
141000110,Match Bets / Poole (AvB) 6th Mar,Pat For Wine v Ashwood Trish,06-03-2018 21:22,17361137,5. Ashwood Trish,1,,1,1,1,1001,1,1001,0,0,0
140951886,SIS / CPark 6th Mar,D2 265m,06-03-2018 11:09,17197849,1. Kingo Pah,0,3.2860230728978057,1,1,1,1001,1,1001,0,0,0
140951379,SIS / Monm (F/C) 6th Mar,Forecast,06-03-2018 14:22,17002630,1 - 3,0,,1,1,1,1001,1,1001,0,0,0
140952869,SIS / Crayfd (F/C) 6th Mar,Forecast,06-03-2018 13:16,17002630,1 - 3,0,,1,1,1,1001,1,1001,0,0,0
140951381,SIS / Monm (F/C) 6th Mar,Forecast,06-03-2018 15:02,17002630,1 - 3,0,,1,1,1,1001,1,1001,0,0,0
140952868,SIS / Crayfd (F/C) 6th Mar,Forecast,06-03-2018 13:01,17002633,2 - 1,0,,1,1,1,1001,1,1001,0,0,0
140950458,TRP / Kinsl (F/C) 6th Mar,Forecast,06-03-2018 12:42,17002633,2 - 1,0,,1,1,1,1001,1,1001,0,0,0
140950458,TRP / Kinsl (F/C) 6th Mar,Forecast,06-03-2018 12:42,17002636,2 - 4,0,,1,1,1,1001,1,1001,0,0,0
140951997,SIS / CPark (F/C) 6th Mar,Forecast,06-03-2018 12:09,17002636,2 - 4,0,,1,1,1,1001,1,1001,0,0,0
140951382,SIS / Monm (F/C) 6th Mar,Forecast,06-03-2018 15:19,17002636,2 - 4,0,,1,1,1,1001,1,1001,0,0,0
140953345,SIS / Henl (F/C) 6th Mar,Forecast,06-03-2018 20:53,17002637,2 - 5,0,,1,1,1,1001,1,1001,0,0,0
140953557,SIS / Crayfd (F/C) 6th Mar,Forecast,06-03-2018 19:54,17002637,2 - 5,0,,1,1,1,1001,1,1001,0,0,0
140951335,TRP / Sund (F/C) 6th Mar,Forecast,06-03-2018 14:27,17002639,2 - 6,0,,1,1,1,1001,1,1001,0,0,0
140951391,SIS / Monm (F/C) 6th Mar,Forecast,06-03-2018 18:09,17002639,2 - 6,0,,1,1,1,1001,1,1001,0,0,0
140951999,SIS / CPark (F/C) 6th Mar,Forecast,06-03-2018 12:39,17002674,3 - 1,0,,1,1,1,1001,1,1001,0,0,0
140951334,TRP / Sund (F/C) 6th Mar,Forecast,06-03-2018 14:08,17002674,3 - 1,0,,1,1,1,1001,1,1001,0,0,0
140953552,SIS / Crayfd (F/C) 6th Mar,Forecast,06-03-2018 18:33,17002675,3 - 2,0,,1,1,1,1001,1,1001,0,0,0
140953346,SIS / Henl (F/C) 6th Mar,Forecast,06-03-2018 21:08,17002675,3 - 2,0,,1,1,1,1001,1,1001,0,0,0
140953337,SIS / Henl (F/C) 6th Mar,Forecast,06-03-2018 18:44,17002675,3 - 2,0,,1,1,1,1001,1,1001,0,0,0
140950462,TRP / Kinsl (F/C) 6th Mar,Forecast,06-03-2018 13:44,17002675,3 - 2,0,,1,1,1,1001,1,1001,0,0,0
140951378,SIS / Monm (F/C) 6th Mar,Forecast,06-03-2018 14:06,17002677,3 - 4,0,,1,1,1,1001,1,1001,0,0,0
140953563,SIS / Crayfd (F/C) 6th Mar,Forecast,06-03-2018 21:30,17002677,3 - 4,0,,1,1,1,1001,1,1001,0,0,0
140953552,SIS / Crayfd (F/C) 6th Mar,Forecast,06-03-2018 18:33,17002678,3 - 5,0,,1,1,1,1001,1,1001,0,0,0
140951301,RPGTV / Sheff (F/C) 6th Mar,Forecast,06-03-2018 20:58,17002678,3 - 5,0,,1,1,1,1001,1,1001,0,0,0
140950417,SIS / Hove (F/C) 6th Mar,Forecast,06-03-2018 16:29,17002678,3 - 5,0,,1,1,1,1001,1,1001,0,0,0
140951300,RPGTV / Sheff (F/C) 6th Mar,Forecast,06-03-2018 20:43,17002680,4 - 1,0,,1,1,1,1001,1,1001,0,0,0
140951334,TRP / Sund (F/C) 6th Mar,Forecast,06-03-2018 14:08,17002683,4 - 2,0,,1,1,1,1001,1,1001,0,0,0
140952860,SIS / Crayfd (F/C) 6th Mar,Forecast,06-03-2018 11:01,17002684,4 - 3,1,,1,27.6666635555559185184761728444465014812,1,1001,1,1001,12,0,0
140950458,TRP / Kinsl (F/C) 6th Mar,Forecast,06-03-2018 12:42,17002686,4 - 5,0,,1,1,1,1001,1,1001,0,0,0
140951382,SIS / Monm (F/C) 6th Mar,Forecast,06-03-2018 15:19,17002686,4 - 5,0,,1,1,1,1001,1,1001,0,0,0
140954335,RPGTV / Poole (F/C) 6th Mar,Forecast,06-03-2018 19:37,17002686,4 - 5,0,,1,1,1,1001,1,1001,0,0,0
140950457,TRP / Kinsl (F/C) 6th Mar,Forecast,06-03-2018 12:27,17002687,4 - 6,0,,1,1,1,1001,1,1001,0,0,0
140952867,SIS / Crayfd (F/C) 6th Mar,Forecast,06-03-2018 12:46,17002688,5 - 1,0,,1,1,1,1001,1,1001,0,0,0
140951298,RPGTV / Sheff (F/C) 6th Mar,Forecast,06-03-2018 20:13,17002688,5 - 1,0,,1,1,1,1001,1,1001,0,0,0
140951338,TRP / Sund (F/C) 6th Mar,Forecast,06-03-2018 15:28,17002689,5 - 2,0,,1,1,1,1001,1,1001,0,0,0
140950201,TRP / Nott (F/C) 6th Mar,Forecast,06-03-2018 12:47,17002690,5 - 3,0,,1,1,1,1001,1,1001,0,0,0
140952871,SIS / Crayfd (F/C) 6th Mar,Forecast,06-03-2018 13:49,17002690,5 - 3,0,,1,1,1,1001,1,1001,0,0,0
140951303,RPGTV / Sheff (F/C) 6th Mar,Forecast,06-03-2018 21:32,17002691,5 - 4,0,,1,1,1,1001,1,1001,0,0,0
140950459,TRP / Kinsl (F/C) 6th Mar,Forecast,06-03-2018 12:58,17002691,5 - 4,0,,1,1,1,1001,1,1001,0,0,0
140951299,RPGTV / Sheff (F/C) 6th Mar,Forecast,06-03-2018 20:28,17002693,6 - 1,0,,1,1,1,1001,1,1001,0,0,0
140950458,TRP / Kinsl (F/C) 6th Mar,Forecast,06-03-2018 12:42,17002693,6 - 1,0,,1,1,1,1001,1,1001,0,0,0
140951997,SIS / CPark (F/C) 6th Mar,Forecast,06-03-2018 12:09,17002694,6 - 2,0,,1,1,1,1001,1,1001,0,0,0
140951336,TRP / Sund (F/C) 6th Mar,Forecast,06-03-2018 14:47,17002694,6 - 2,0,,1,1,1,1001,1,1001,0,0,0
140951343,TRP / Sund (F/C) 6th Mar,Forecast,06-03-2018 17:07,17002694,6 - 2,0,,1,1,1,1001,1,1001,0,0,0
140950204,TRP / Nott (F/C) 6th Mar,Forecast,06-03-2018 13:33,17002696,6 - 4,0,,1,1,1,1001,1,1001,0,0,0
140954334,RPGTV / Poole (F/C) 6th Mar,Forecast,06-03-2018 19:22,17002568,1 - 2,0,,1,1,1,1001,1,1001,0,0,0
140952867,SIS / Crayfd (F/C) 6th Mar,Forecast,06-03-2018 12:46,17002568,1 - 2,0,,1,1,1,1001,1,1001,0,0,0
140950459,TRP / Kinsl (F/C) 6th Mar,Forecast,06-03-2018 12:58,17002568,1 - 2,0,,1,1,1,1001,1,1001,0,0,0
140951389,SIS / Monm (F/C) 6th Mar,Forecast,06-03-2018 17:37,17002568,1 - 2,0,,1,1,1,1001,1,1001,0,0,0
140941363,AUS / Mand (AUS) 6th Mar,R2 405m Heat,06-03-2018 10:22,17509889,8. High Above,1,2.279734766447909,1,2.05351472261828456316140594137114602273,1,1001,1,1001,7644.7,0,0
140941197,AUS / Mait (AUS) 6th Mar,R1 400m Heat,06-03-2018 08:00,17508691,2. Songar Select,0,6.669658127201254,1,6.44457121252557601636865047593630459923,1,1001,1,1001,1798.56,0,0
140941296,AUS / Gawl (AUS) 6th Mar,R4 400m Gr6,06-03-2018 02:12,17508102,3. Mossy Oak,0,4.3,1,3.9078392812037671850755962905495615776,1,1001,1,1001,554.26,0,0
140941148,AUS / Town (AUS) 6th Mar,R10 380m Heat,06-03-2018 11:52,17508801,6. Mr Canna,0,21.800909769127614,1,1,1,1001,1,1001,0,0,0
140941349,AUS / Geel (AUS) 6th Mar,R12 400m Mdn,06-03-2018 08:35,17508433,4. Banana Bubblegum,0,87.6139205727789,1,40.4307485432541461228148812191842223218,1,1001,1,1001,89.24,0,0
140941316,AUS / Cran (AUS) 6th Mar,R3 311m Heat,06-03-2018 08:28,17508467,8. Zipping Milly,0,2.6494362101339357,1,2.42180006136928655073298724395543838336,1,1001,1,1001,6387.56,0,0
140953341,SIS / Henl (F/C) 6th Mar,Forecast,06-03-2018 19:49,6953192,1 - 5,0,,1,1,1,1001,1,1001,0,0,0
140953680,RPGTV / Poole 6th Mar,A1 450m,06-03-2018 20:07,9649110,2. Minglers Thunder,0,9.218693476840855,1,1,1,1001,1,1001,0,0,0
140950433,TRP / Kinsl 6th Mar,D4 268m,06-03-2018 12:12,9928417,4. Our Bec,0,10.210218422676846,1,1,1,1001,1,1001,0,0,0
140941361,AUS / Mand (AUS) 6th Mar,R1 405m Final,06-03-2018 10:02,10982198,8. West On Cheryl,1,6.049095317,1,5.97597707139134966128191766545075560188,1,1001,1,1001,1688.72,0,0
140953006,SIS / Henl 6th Mar,A9 460m,06-03-2018 18:27,11102494,3. No Value,0,18,1,1,1,1001,1,1001,0,0,0
140951275,RPGTV / Sheff 6th Mar,OR 280m,06-03-2018 19:58,11212196,2. Copeland Betty,0,9.635702178532021,1,1,1,1001,1,1001,0,0,0
140941255,AUS / Warr (AUS) 6th Mar,R10 450m Gr5,06-03-2018 07:01,11629701,6. Cee Righty,0,20.056287168592213,1,15.7070842941327184217268767614655393287,1,1001,1,1001,156.12,0,0
140941195,AUS / Ipsw (AUS) 6th Mar,R10 431m Gr5,06-03-2018 07:54,12190077,10. Snow Girl,0,31.968224287647754,1,21.5254261296567354454884555455876103688,1,1001,1,1001,423.58,0,0
140941221,AUS / Lism (AUS) 6th Mar,R2 420m Gr5,06-03-2018 08:06,12247209,2. Reject Dude,0,6.4,1,6.28160085291343748718579571082954032886,1,1001,1,1001,975.48,0,0
140951283,RPGTV / Sheff 6th Mar,OR 660m,06-03-2018 20:58,12414535,1. Acomb Ruby,1,28,1,1,1,1001,1,1001,0,0,0
140941056,AUS / Town (AUS) 6th Mar,R6 498m Gr4/5,06-03-2018 10:35,13077638,8. Bashful Cloud,1,10.975029574716466,1,8.9808176508760545100584036340038935756,1,1001,1,1001,924.6,0,0
140952563,SIS / Crayfd 6th Mar,A6 380m,06-03-2018 12:16,13429944,1. Lord Kinsale,0,3.1,1,1,1,1001,1,1001,0,0,0
140941371,AUS / Mand (AUS) 6th Mar,R6 490m Nvce,06-03-2018 11:45,13601682,2. Excel To Dream,0,11.789608171836626,1,1,1,1001,1,1001,0,0,0
140941185,AUS / Ipsw (AUS) 6th Mar,R7 520m Final,06-03-2018 06:46,13648626,3. Spring Loyal,0,19.573742956,1,20.6823923816927412302011466329802740259,1,1001,1,1001,411.64,0,0
140951892,SIS / CPark 6th Mar,A4 480m,06-03-2018 11:54,13778534,5. Corrough Present,0,10.680320130873003,1,1,1,1001,1,1001,0,0,0
140941377,AUS / Mand (AUS) 6th Mar,R9 405m Nvce,06-03-2018 12:45,13941272,6. Sure Enough,0,4.952087352,1,1,1,1001,1,1001,0,0,0
140951357,SIS / Monm 6th Mar,A7 480m,06-03-2018 15:19,14052477,3. Vicky Supernova,0,5.4,1,1,1,1001,1,1001,0,0,0
140951892,SIS / CPark 6th Mar,A4 480m,06-03-2018 11:54,14445617,2. Cyprus George,0,4.3,1,1,1,1001,1,1001,0,0,0
140941283,NZL / AsPk (NZL) 6th Mar,R12 457m C1,06-03-2018 02:19,14535126,4. Bouncer Milos,0,,1,24.9587155963302752293577981651376146789,1,1001,1,1001,4.36,0,0
140941217,AUS / Mait (AUS) 6th Mar,R11 400m Gr5,06-03-2018 11:20,16448852,1. Precious Metal,0,27.16624408155214,1,1,1,1001,1,1001,0,0,0
140953442,SIS / Crayfd 6th Mar,A2 380m,06-03-2018 19:38,16913063,4. Rathcoole Ronnie,0,3.7,1,1,1,1001,1,1001,0,0,0
140951302,RPGTV / Sheff (F/C) 6th Mar,Forecast,06-03-2018 21:14,17002741,5 - 6,0,,1,1,1,1001,1,1001,0,0,0
140952003,SIS / CPark (F/C) 6th Mar,Forecast,06-03-2018 13:39,17002741,5 - 6,0,,1,1,1,1001,1,1001,0,0,0
140953556,SIS / Crayfd (F/C) 6th Mar,Forecast,06-03-2018 19:38,17002630,1 - 3,0,,1,1,1,1001,1,1001,0,0,0
140952866,SIS / Crayfd (F/C) 6th Mar,Forecast,06-03-2018 12:31,17002632,1 - 6,0,,1,1,1,1001,1,1001,0,0,0
140952870,SIS / Crayfd (F/C) 6th Mar,Forecast,06-03-2018 13:31,17002632,1 - 6,0,,1,1,1,1001,1,1001,0,0,0
140953343,SIS / Henl (F/C) 6th Mar,Forecast,06-03-2018 20:21,17002635,2 - 3,0,,1,1,1,1001,1,1001,0,0,0
140951386,SIS / Monm (F/C) 6th Mar,Forecast,06-03-2018 16:39,17002635,2 - 3,0,,1,1,1,1001,1,1001,0,0,0
140951295,RPGTV / Sheff (F/C) 6th Mar,Forecast,06-03-2018 19:26,17002636,2 - 4,0,,1,1,1,1001,1,1001,0,0,0
140953559,SIS / Crayfd (F/C) 6th Mar,Forecast,06-03-2018 20:26,17002637,2 - 5,0,,1,1,1,1001,1,1001,0,0,0
140951344,TRP / Sund (F/C) 6th Mar,Forecast,06-03-2018 17:22,17002637,2 - 5,0,,1,1,1,1001,1,1001,0,0,0
140951295,RPGTV / Sheff (F/C) 6th Mar,Forecast,06-03-2018 19:26,17002639,2 - 6,0,,1,1,1,1001,1,1001,0,0,0
140951336,TRP / Sund (F/C) 6th Mar,Forecast,06-03-2018 14:47,17002674,3 - 1,0,,1,1,1,1001,1,1001,0,0,0
140953347,SIS / Henl (F/C) 6th Mar,Forecast,06-03-2018 21:26,17002674,3 - 1,0,,1,1,1,1001,1,1001,0,0,0
140952004,SIS / CPark (F/C) 6th Mar,Forecast,06-03-2018 13:57,17002674,3 - 1,0,,1,1,1,1001,1,1001,0,0,0
140951339,TRP / Sund (F/C) 6th Mar,Forecast,06-03-2018 15:48,17002675,3 - 2,0,,1,1,1,1001,1,1001,0,0,0
140951995,SIS / CPark (F/C) 6th Mar,Forecast,06-03-2018 11:39,17002678,3 - 5,0,,1,1,1,1001,1,1001,0,0,0
140954342,RPGTV / Poole (F/C) 6th Mar,Forecast,06-03-2018 21:22,17002678,3 - 5,0,,1,1,1,1001,1,1001,0,0,0
140951383,SIS / Monm (F/C) 6th Mar,Forecast,06-03-2018 15:39,17002678,3 - 5,0,,1,1,1,1001,1,1001,0,0,0
140950455,TRP / Kinsl (F/C) 6th Mar,Forecast,06-03-2018 11:57,17002679,3 - 6,0,,1,1,1,1001,1,1001,0,0,0
140951997,SIS / CPark (F/C) 6th Mar,Forecast,06-03-2018 12:09,17002679,3 - 6,0,,1,1,1,1001,1,1001,0,0,0
140951304,RPGTV / Sheff (F/C) 6th Mar,Forecast,06-03-2018 21:50,17002679,3 - 6,0,,1,1,1,1001,1,1001,0,0,0
140950197,TRP / Nott (F/C) 6th Mar,Forecast,06-03-2018 11:48,17002679,3 - 6,0,,1,1,1,1001,1,1001,0,0,0
140951338,TRP / Sund (F/C) 6th Mar,Forecast,06-03-2018 15:28,17002680,4 - 1,0,,1,1,1,1001,1,1001,0,0,0
140950197,TRP / Nott (F/C) 6th Mar,Forecast,06-03-2018 11:48,17002680,4 - 1,0,,1,1,1,1001,1,1001,0,0,0
140950416,SIS / Hove (F/C) 6th Mar,Forecast,06-03-2018 16:09,17002683,4 - 2,0,,1,1,1,1001,1,1001,0,0,0
140953564,SIS / Crayfd (F/C) 6th Mar,Forecast,06-03-2018 21:45,17002683,4 - 2,0,,1,1,1,1001,1,1001,0,0,0
140951389,SIS / Monm (F/C) 6th Mar,Forecast,06-03-2018 17:37,17002683,4 - 2,0,,1,1,1,1001,1,1001,0,0,0
140952861,SIS / Crayfd (F/C) 6th Mar,Forecast,06-03-2018 11:16,17002683,4 - 2,0,,1,1,1,1001,1,1001,0,0,0
140950423,SIS / Hove (F/C) 6th Mar,Forecast,06-03-2018 18:19,17002683,4 - 2,0,,1,1,1,1001,1,1001,0,0,0
140950420,SIS / Hove (F/C) 6th Mar,Forecast,06-03-2018 17:28,17002683,4 - 2,0,,1,1,1,1001,1,1001,0,0,0
140953339,SIS / Henl (F/C) 6th Mar,Forecast,06-03-2018 19:17,17002684,4 - 3,1,,1,1,1,1001,1,1001,0,0,0
140954339,RPGTV / Poole (F/C) 6th Mar,Forecast,06-03-2018 20:37,17002686,4 - 5,0,,1,1,1,1001,1,1001,0,0,0
140953336,SIS / Henl (F/C) 6th Mar,Forecast,06-03-2018 18:27,17002687,4 - 6,0,,1,1,1,1001,1,1001,0,0,0
140953552,SIS / Crayfd (F/C) 6th Mar,Forecast,06-03-2018 18:33,17002687,4 - 6,0,,1,1,1,1001,1,1001,0,0,0
140953339,SIS / Henl (F/C) 6th Mar,Forecast,06-03-2018 19:17,17002687,4 - 6,0,,1,1,1,1001,1,1001,0,0,0
140953559,SIS / Crayfd (F/C) 6th Mar,Forecast,06-03-2018 20:26,17002688,5 - 1,0,,1,1,1,1001,1,1001,0,0,0
140952871,SIS / Crayfd (F/C) 6th Mar,Forecast,06-03-2018 13:49,17002688,5 - 1,0,,1,1,1,1001,1,1001,0,0,0
140950457,TRP / Kinsl (F/C) 6th Mar,Forecast,06-03-2018 12:27,17002688,5 - 1,0,,1,1,1,1001,1,1001,0,0,0
140951338,TRP / Sund (F/C) 6th Mar,Forecast,06-03-2018 15:28,17002690,5 - 3,0,,1,1,1,1001,1,1001,0,0,0
140950414,SIS / Hove (F/C) 6th Mar,Forecast,06-03-2018 15:29,17002690,5 - 3,0,,1,1,1,1001,1,1001,0,0,0
140950423,SIS / Hove (F/C) 6th Mar,Forecast,06-03-2018 18:19,17002690,5 - 3,0,,1,1,1,1001,1,1001,0,0,0
140954341,RPGTV / Poole (F/C) 6th Mar,Forecast,06-03-2018 21:07,17002690,5 - 3,0,,1,1,1,1001,1,1001,0,0,0
140951299,RPGTV / Sheff (F/C) 6th Mar,Forecast,06-03-2018 20:28,17002691,5 - 4,0,,1,1,1,1001,1,1001,0,0,0
140954338,RPGTV / Poole (F/C) 6th Mar,Forecast,06-03-2018 20:22,17002691,5 - 4,0,,1,1,1,1001,1,1001,0,0,0
140950420,SIS / Hove (F/C) 6th Mar,Forecast,06-03-2018 17:28,17002693,6 - 1,0,,1,1,1,1001,1,1001,0,0,0
140951379,SIS / Monm (F/C) 6th Mar,Forecast,06-03-2018 14:22,17002694,6 - 2,0,,1,1,1,1001,1,1001,0,0,0
140951340,TRP / Sund (F/C) 6th Mar,Forecast,06-03-2018 16:08,17002694,6 - 2,0,,1,1,1,1001,1,1001,0,0,0
140952863,SIS / Crayfd (F/C) 6th Mar,Forecast,06-03-2018 11:46,17002694,6 - 2,0,,1,1,1,1001,1,1001,0,0,0
140954337,RPGTV / Poole (F/C) 6th Mar,Forecast,06-03-2018 20:07,17002695,6 - 3,0,,1,1,1,1001,1,1001,0,0,0
140951993,SIS / CPark (F/C) 6th Mar,Forecast,06-03-2018 11:09,17002696,6 - 4,0,,1,1,1,1001,1,1001,0,0,0
140954337,RPGTV / Poole (F/C) 6th Mar,Forecast,06-03-2018 20:07,17002568,1 - 2,0,,1,1,1,1001,1,1001,0,0,0
140951388,SIS / Monm (F/C) 6th Mar,Forecast,06-03-2018 17:18,17002568,1 - 2,0,,1,1,1,1001,1,1001,0,0,0
140941363,AUS / Mand (AUS) 6th Mar,R2 405m Heat,06-03-2018 10:22,17509886,5. Snip And Chip,0,134.882300738506,1,60.7121612690019828155981493721083939194,1,1001,1,1001,60.52,0,0
140941327,AUS / Geel (AUS) 6th Mar,R5 460m Mdn,06-03-2018 06:14,17508334,8. Bears Legacy,1,2.843370695669872,1,2.43358094764607587245031832180193616992,1,1001,1,1001,4344.66,0,0
140941391,NZL / Addi (NZL) 6th mar,R5 520m C0,06-03-2018 02:24,17508049,7. Daring Affair,0,,1,26.1490909090909090909090909090909090909,1,1001,1,1001,5.5,0,0
140941397,NZL / Addi (NZL) 6th mar,R8 295m C1,06-03-2018 03:24,17508056,7. Starburst Emma,0,,1,15.0842418235877106045589692765113974232,1,1001,1,1001,20.18,0,0
140941153,AUS / Devn (AUS) 6th Mar,R1 452m Gr6,06-03-2018 01:47,17508139,5. Canya Jake,1,5.6,1,4.50303177857508969759097898513582778063,1,1001,1,1001,390.2,0,0
140953006,SIS / Henl 6th Mar,A9 460m,06-03-2018 18:27,17504753,1. Wachovia Benjy,0,2.533994410648411,1,1,1,1001,1,1001,0,0,0
140951369,SIS / Monm 6th Mar,A7 480m,06-03-2018 17:18,17503110,1. Fozzie Freebee,0,9.497447425238644,1,1,1,1001,1,1001,0,0,0
140941193,AUS / Warr (AUS) 6th Mar,R1 450m Mdn,06-03-2018 03:53,17508439,8. My American Girl,1,1.413524011,1,1.34989167551339180060721216588116763248,1,1001,1,1001,8873.34,0,0
140952571,SIS / Crayfd 6th Mar,E3 714m,06-03-2018 13:16,9444788,2. Droopys Doonbeg,0,22,1,1,1,1001,1,1001,0,0,0
140941050,AUS / Town (AUS) 6th Mar,R5 380m Heat,06-03-2018 10:15,9399310,3. From The Tap,0,7.2,1,8.42375138063032393748203289304464920642,1,1001,1,1001,2643.72,0,0
140941189,AUS / Ipsw (AUS) 6th Mar,R8 431m FFA,06-03-2018 07:08,10067811,5. Western Honey,0,55,1,37.6868776277937596813454304049568488604,1,1001,1,1001,180.76,0,0
140951890,SIS / CPark 6th Mar,D1 265m,06-03-2018 11:39,10660744,1. Inez,0,5.377341531536077,1,1,1,1001,1,1001,0,0,0
140953458,SIS / Crayfd 6th Mar,A8 380m,06-03-2018 21:45,10840411,5. Run Ginger Run,0,4.840733118,1,1,1,1001,1,1001,0,0,0
140951315,TRP / Sund 6th Mar,A5 450m,06-03-2018 15:48,11005830,6. Travies Nut,0,9.8,1,1,1,1001,1,1001,0,0,0
140950437,TRP / Kinsl 6th Mar,A6 462m,06-03-2018 12:42,11285044,5. Velvet Annie,0,7.4692634438007355,1,1,1,1001,1,1001,0,0,0
140941056,AUS / Town (AUS) 6th Mar,R6 498m Gr4/5,06-03-2018 10:35,11937874,2. Huckabee,0,5.899194174565022,1,6.06425305203170188624516921606934147777,1,1001,1,1001,2344.34,0,0
140950383,SIS / Hove 6th Mar,D1 285m,06-03-2018 16:48,11955413,2. Droopys Zigzag,0,6.068927836891673,1,1,1,1001,1,1001,0,0,0
140951323,TRP / Sund 6th Mar,HC 450m,06-03-2018 17:07,12130324,2. Highclere Moyes,1,6.678612136898517,1,1,1,1001,1,1001,0,0,0
140950389,SIS / Hove 6th Mar,A5 515m,06-03-2018 17:44,12496775,5. Graces Secret,0,6.4,1,1,1,1001,1,1001,0,0,0
140952557,SIS / Crayfd 6th Mar,A7 380m,06-03-2018 11:31,12443723,6. Jaxxon A Solo,0,7.655704689,1,1,1,1001,1,1001,0,0,0
140941343,AUS / Cran (AUS) 6th Mar,R6 520m Gr5,06-03-2018 09:28,12517700,1. Our Gal Livy,0,10,1,5.35353944923128906909951005237371177564,1,1001,1,1001,1302.18,0,0
140953450,SIS / Crayfd 6th Mar,S8 540m,06-03-2018 20:42,12638535,2. Clonoulty Song,1,4.8,1,1,1,1001,1,1001,0,0,0
140941247,AUS / Warr (AUS) 6th Mar,R7 450m Gr6,06-03-2018 05:57,12796757,6. Leeroy Rox,0,38.1336596783741,1,30.1365000882924245099770439696274059686,1,1001,1,1001,113.26,0,0
140953436,SIS / Crayfd 6th Mar,S5 540m,06-03-2018 18:49,12850317,2. Geanie Boy,1,4.600135968116691,1,1,1,1001,1,1001,0,0,0
140953450,SIS / Crayfd 6th Mar,S8 540m,06-03-2018 20:42,12988565,6. Misfit Chica,0,4.892584386548843,1,1,1,1001,1,1001,0,0,0
140951309,TRP / Sund 6th Mar,A4 450m,06-03-2018 14:47,12931248,1. No News,1,6.107198361,1,1,1,1001,1,1001,0,0,0
140952565,SIS / Crayfd 6th Mar,A7 380m,06-03-2018 12:31,13093544,3. Eastpark Ilana,0,8.688892180707771,1,1,1,1001,1,1001,0,0,0
140941269,NZL / AsPk (NZL) 6th Mar,R5 457m C3/4,06-03-2018 00:18,13121927,6. Junk Mail,0,,1,6.20332732860019073858217653915439228568,1,1001,1,1001,377.48,0,0
140941155,AUS / Devn (AUS) 6th Mar,R2 452m Gr5,06-03-2018 02:06,13542736,1. Miss Moggy,1,3.4277762681257444,1,3.08429352484651917062434843044132978107,1,1001,1,1001,1726.6,0,0
140951311,TRP / Sund 6th Mar,D3 261m,06-03-2018 15:07,13771224,2. Pity Me Magpie,0,2.667579298223864,1,1,1,1001,1,1001,0,0,0
140951285,RPGTV / Sheff 6th Mar,OR 500m,06-03-2018 21:14,13881514,6. Gazilly Shay,0,74.63140825451353,1,1,1,1001,1,1001,0,0,0
140950180,TRP / Nott 6th Mar,A4 500m,06-03-2018 13:51,13991665,3. Persevere,0,2.741608640847991,1,1,1,1001,1,1001,0,0,0
140951904,SIS / CPark 6th Mar,HC 480m,06-03-2018 13:22,14617006,1. Monemore Velvet,1,4.812783601153351,1,1,1,1001,1,1001,0,0,0
140951898,SIS / CPark 6th Mar,D3 265m,06-03-2018 12:39,15041867,4. O Bi One,0,11,1,1,1,1001,1,1001,0,0,0
140953672,RPGTV / Poole 6th Mar,A8 450m,06-03-2018 19:06,15343371,6. Paddock Cannon,0,4.751718498487026,1,1,1,1001,1,1001,0,0,0
140950429,TRP / Kinsl 6th Mar,A6 462m,06-03-2018 11:42,15483150,3. Gemmas Cash,0,4.4,1,1,1,1001,1,1001,0,0,0
140941287,AUS / Warr (AUS) 6th Mar,R9 390m Rest,06-03-2018 06:42,15671868,7. Avatar Vixen,0,9,1,6.38999898363654842971846732391503201545,1,1001,1,1001,393.56,0,0
140941310,AUS / Cran (AUS) 6th Mar,R1 311m Heat,06-03-2018 07:47,15778353,2. Bobs Cash,0,16.495723575459557,1,11.1071550546448087431693989071038251366,1,1001,1,1001,117.12,0,0
140941341,AUS / Cran (AUS) 6th Mar,R5 520m Rest,06-03-2018 09:08,15965013,5. Whiney Whine,1,4.932465887718134,1,4.313155368758503718338210351704471325,1,1001,1,1001,2146.12,0,0
140953670,RPGTV / Poole 6th Mar,A4 450m,06-03-2018 18:48,16105111,5. Hack Up Kitty,0,7.6,1,1,1,1001,1,1001,0,0,0
140941233,AUS / Lism (AUS) 6th Mar,R7 420m Gr5,06-03-2018 09:45,16527939,7. Pink Trick,0,3.5608496345797898,1,2.93820028533390536311974149701557078698,1,1001,1,1001,5873.82,0,0
140953446,SIS / Crayfd 6th Mar,A7 380m,06-03-2018 20:11,17249991,3. Kentish Outlaw,0,4.439068862,1,1,1,1001,1,1001,0,0,0
140951344,TRP / Sund (F/C) 6th Mar,Forecast,06-03-2018 17:22,17002741,5 - 6,0,,1,1,1,1001,1,1001,0,0,0
140941341,AUS / Cran (AUS) 6th Mar,R5 520m Rest,06-03-2018 09:08,16968914,3. Loadstar,0,26,1,13.6766884049961313142478169558969824251,1,1001,1,1001,180.94,0,0
140953554,SIS / Crayfd (F/C) 6th Mar,Forecast,06-03-2018 19:07,17002630,1 - 3,0,,1,1,1,1001,1,1001,0,0,0
140953343,SIS / Henl (F/C) 6th Mar,Forecast,06-03-2018 20:21,17002630,1 - 3,0,,1,1,1,1001,1,1001,0,0,0
140951340,TRP / Sund (F/C) 6th Mar,Forecast,06-03-2018 16:08,17002631,1 - 4,0,,1,1,1,1001,1,1001,0,0,0
140951298,RPGTV / Sheff (F/C) 6th Mar,Forecast,06-03-2018 20:13,17002631,1 - 4,0,,1,1,1,1001,1,1001,0,0,0
140951347,TRP / Sund (F/C) 6th Mar,Forecast,06-03-2018 18:11,17002631,1 - 4,0,,1,1,1,1001,1,1001,0,0,0
140952861,SIS / Crayfd (F/C) 6th Mar,Forecast,06-03-2018 11:16,17002631,1 - 4,0,,1,1,1,1001,1,1001,0,0,0
140950202,TRP / Nott (F/C) 6th Mar,Forecast,06-03-2018 13:04,17002632,1 - 6,0,,1,1,1,1001,1,1001,0,0,0
140951999,SIS / CPark (F/C) 6th Mar,Forecast,06-03-2018 12:39,17002633,2 - 1,0,,1,1,1,1001,1,1001,0,0,0
140951334,TRP / Sund (F/C) 6th Mar,Forecast,06-03-2018 14:08,17002633,2 - 1,0,,1,1,1,1001,1,1001,0,0,0
140952869,SIS / Crayfd (F/C) 6th Mar,Forecast,06-03-2018 13:16,17002635,2 - 3,0,,1,1,1,1001,1,1001,0,0,0
140953338,SIS / Henl (F/C) 6th Mar,Forecast,06-03-2018 19:02,17002635,2 - 3,0,,1,1,1,1001,1,1001,0,0,0
140950455,TRP / Kinsl (F/C) 6th Mar,Forecast,06-03-2018 11:57,17002636,2 - 4,0,,1,1,1,1001,1,1001,0,0,0
140951302,RPGTV / Sheff (F/C) 6th Mar,Forecast,06-03-2018 21:14,17002637,2 - 5,0,,1,1,1,1001,1,1001,0,0,0
140952862,SIS / Crayfd (F/C) 6th Mar,Forecast,06-03-2018 11:31,17002637,2 - 5,0,,1,1,1,1001,1,1001,0,0,0
140953563,SIS / Crayfd (F/C) 6th Mar,Forecast,06-03-2018 21:30,17002637,2 - 5,0,,1,1,1,1001,1,1001,0,0,0
140950456,TRP / Kinsl (F/C) 6th Mar,Forecast,06-03-2018 12:12,17002639,2 - 6,0,,1,1,1,1001,1,1001,0,0,0
140951299,RPGTV / Sheff (F/C) 6th Mar,Forecast,06-03-2018 20:28,17002639,2 - 6,0,,1,1,1,1001,1,1001,0,0,0
140953561,SIS / Crayfd (F/C) 6th Mar,Forecast,06-03-2018 20:58,17002639,2 - 6,0,,1,1,1,1001,1,1001,0,0,0
140950459,TRP / Kinsl (F/C) 6th Mar,Forecast,06-03-2018 12:58,17002674,3 - 1,0,,1,1,1,1001,1,1001,0,0,0
140950197,TRP / Nott (F/C) 6th Mar,Forecast,06-03-2018 11:48,17002675,3 - 2,0,,1,1,1,1001,1,1001,0,0,0
140951385,SIS / Monm (F/C) 6th Mar,Forecast,06-03-2018 16:19,17002675,3 - 2,0,,1,1,1,1001,1,1001,0,0,0
140951387,SIS / Monm (F/C) 6th Mar,Forecast,06-03-2018 16:58,17002678,3 - 5,0,,1,1,1,1001,1,1001,0,0,0
140950415,SIS / Hove (F/C) 6th Mar,Forecast,06-03-2018 15:49,17002679,3 - 6,0,,1,1,1,1001,1,1001,0,0,0
140950414,SIS / Hove (F/C) 6th Mar,Forecast,06-03-2018 15:29,17002679,3 - 6,0,,1,1,1,1001,1,1001,0,0,0
140951994,SIS / CPark (F/C) 6th Mar,Forecast,06-03-2018 11:24,17002680,4 - 1,1,,1,1,1,1001,1,1001,0,0,0
140953560,SIS / Crayfd (F/C) 6th Mar,Forecast,06-03-2018 20:42,17002680,4 - 1,0,,1,1,1,1001,1,1001,0,0,0
140950419,SIS / Hove (F/C) 6th Mar,Forecast,06-03-2018 17:08,17002680,4 - 1,0,,1,1,1,1001,1,1001,0,0,0
140953561,SIS / Crayfd (F/C) 6th Mar,Forecast,06-03-2018 20:58,17002683,4 - 2,0,,1,1,1,1001,1,1001,0,0,0
140951999,SIS / CPark (F/C) 6th Mar,Forecast,06-03-2018 12:39,17002683,4 - 2,0,,1,1,1,1001,1,1001,0,0,0
140950416,SIS / Hove (F/C) 6th Mar,Forecast,06-03-2018 16:09,17002684,4 - 3,0,,1,1,1,1001,1,1001,0,0,0
140951379,SIS / Monm (F/C) 6th Mar,Forecast,06-03-2018 14:22,17002688,5 - 1,0,,1,1,1,1001,1,1001,0,0,0
140950410,SIS / Hove (F/C) 6th Mar,Forecast,06-03-2018 14:12,17002688,5 - 1,0,,1,1,1,1001,1,1001,0,0,0
140953554,SIS / Crayfd (F/C) 6th Mar,Forecast,06-03-2018 19:07,17002690,5 - 3,0,,1,1,1,1001,1,1001,0,0,0
140954334,RPGTV / Poole (F/C) 6th Mar,Forecast,06-03-2018 19:22,17002690,5 - 3,0,,1,1,1,1001,1,1001,0,0,0
140951340,TRP / Sund (F/C) 6th Mar,Forecast,06-03-2018 16:08,17002690,5 - 3,0,,1,1,1,1001,1,1001,0,0,0
140950195,TRP / Nott (F/C) 6th Mar,Forecast,06-03-2018 11:19,17002690,5 - 3,0,,1,1,1,1001,1,1001,0,0,0
140951293,RPGTV / Sheff (F/C) 6th Mar,Forecast,06-03-2018 18:56,17002690,5 - 3,0,,1,1,1,1001,1,1001,0,0,0
140952002,SIS / CPark (F/C) 6th Mar,Forecast,06-03-2018 13:22,17002690,5 - 3,0,,1,1,1,1001,1,1001,0,0,0
140950416,SIS / Hove (F/C) 6th Mar,Forecast,06-03-2018 16:09,17002693,6 - 1,0,,1,1,1,1001,1,1001,0,0,0
140950423,SIS / Hove (F/C) 6th Mar,Forecast,06-03-2018 18:19,17002693,6 - 1,0,,1,1,1,1001,1,1001,0,0,0
140953338,SIS / Henl (F/C) 6th Mar,Forecast,06-03-2018 19:02,17002694,6 - 2,0,,1,1,1,1001,1,1001,0,0,0
140951304,RPGTV / Sheff (F/C) 6th Mar,Forecast,06-03-2018 21:50,17002694,6 - 2,0,,1,1,1,1001,1,1001,0,0,0
140951379,SIS / Monm (F/C) 6th Mar,Forecast,06-03-2018 14:22,17002695,6 - 3,0,,1,1,1,1001,1,1001,0,0,0
140951345,TRP / Sund (F/C) 6th Mar,Forecast,06-03-2018 17:38,17002695,6 - 3,0,,1,1,1,1001,1,1001,0,0,0
140952867,SIS / Crayfd (F/C) 6th Mar,Forecast,06-03-2018 12:46,17002695,6 - 3,0,,1,1,1,1001,1,1001,0,0,0
140951379,SIS / Monm (F/C) 6th Mar,Forecast,06-03-2018 14:22,17002696,6 - 4,0,,1,1,1,1001,1,1001,0,0,0
140950194,TRP / Nott (F/C) 6th Mar,Forecast,06-03-2018 11:03,17002697,6 - 5,0,,1,1,1,1001,1,1001,0,0,0
140951338,TRP / Sund (F/C) 6th Mar,Forecast,06-03-2018 15:28,17002697,6 - 5,0,,1,1,1,1001,1,1001,0,0,0
140952867,SIS / Crayfd (F/C) 6th Mar,Forecast,06-03-2018 12:46,17002697,6 - 5,1,,1,1,1,1001,1,1001,0,0,0
140954331,RPGTV / Poole (F/C) 6th Mar,Forecast,06-03-2018 18:28,17002568,1 - 2,0,,1,1,1,1001,1,1001,0,0,0
140941323,AUS / Geel (AUS) 6th Mar,R3 460m Mdn,06-03-2018 05:32,17508324,8. Double Ya Back,1,2.7350805846458393,1,2.54945841354653675401720818763996385495,1,1001,1,1001,1018.12,0,0
140941331,AUS / Geel (AUS) 6th Mar,R7 460m Mdn,06-03-2018 06:58,17508337,2. Shes Fabtastic,0,8.433114892542363,1,5.25311190032603632976245924545877969259,1,1001,1,1001,687.04,0,0
140941165,AUS / Ipsw (AUS) 6th Mar,R3 431m Final,06-03-2018 05:27,17508636,9. Brother Desy,0,4.6,1,4.16774158305868642910468143993881898796,1,1001,1,1001,1098.38,0,0
140941199,AUS / Mait (AUS) 6th Mar,R2 400m Heat,06-03-2018 08:18,17508723,10. Big Show Tedesco,0,40,1,30.2419825072886297376093294460641399417,1,1001,1,1001,89.18,0,0
140941289,AUS / Gawl (AUS) 6th Mar,R1 400m Heat,06-03-2018 01:14,17408908,6. Gunnadoo Gambler,0,5.588873176273337,1,3.4889941214892227302416721097322011757,1,1001,1,1001,183.72,0,0
140941050,AUS / Town (AUS) 6th Mar,R5 380m Heat,06-03-2018 10:15,17508796,1. Woop Woop Kit,0,11,1,9.96258577103647526182737450343084145901,1,1001,1,1001,830.7,0,0
140951329,TRP / Sund 6th Mar,A7 450m,06-03-2018 17:56,17406457,2. Clonlusk Concord,0,4.385540161740938,1,1,1,1001,1,1001,0,0,0
140941193,AUS / Warr (AUS) 6th Mar,R1 450m Mdn,06-03-2018 03:53,17508438,2. No Softie,0,40,1,24.3668091168091168091168091168091168091,1,1001,1,1001,56.16,0,0
140941235,AUS / Warr (AUS) 6th Mar,R3 390m Rest,06-03-2018 04:34,17508445,2. Swansea Ceri,1,7.683670265,1,4.3423268022874285178588169119715008906,1,1001,1,1001,640.02,0,0
140941177,AUS / Devn (AUS) 6th Mar,R8 452m Gr5,06-03-2018 04:09,17508234,10. Wynburn Mustang,0,11.11490917936084,1,8.70547290526478069837354505511446851152,1,1001,1,1001,518.92,0,0
140953682,RPGTV / Poole 6th Mar,HC 450m,06-03-2018 20:22,4556293,5. Cest La Vie,0,15.934894483532911,1,1,1,1001,1,1001,0,0,0
140951380,SIS / Monm (F/C) 6th Mar,Forecast,06-03-2018 14:42,6953192,1 - 5,0,,1,1,1,1001,1,1001,0,0,0
140951331,TRP / Sund 6th Mar,A5 450m,06-03-2018 18:11,8290403,2. Roeview Falcon,0,16.715401391324125,1,1,1,1001,1,1001,0,0,0
140951371,SIS / Monm 6th Mar,S2 630m,06-03-2018 17:37,9015392,4. Supreme Athens,0,9.4,1,1,1,1001,1,1001,0,0,0
140953688,RPGTV / Poole 6th Mar,A7 450m,06-03-2018 21:07,9111787,1. Ellen N Grace,0,5.4,1,1,1,1001,1,1001,0,0,0
140941337,AUS / Cran (AUS) 6th Mar,R4 311m FFA,06-03-2018 08:48,10641097,4. Tijuana Icon,0,2.4049971223039757,1,2.44979059786086909124057751459715791244,1,1001,1,1001,21281.54,0,0
140951373,SIS / Monm 6th Mar,A3 480m,06-03-2018 17:54,10721055,3. Moss Lane Lucy,0,8.2,1,1,1,1001,1,1001,0,0,0
140951371,SIS / Monm 6th Mar,S2 630m,06-03-2018 17:37,10683588,6. Swift Dodger,0,4.888169953286706,1,1,1,1001,1,1001,0,0,0
140951305,TRP / Sund 6th Mar,A2 450m,06-03-2018 14:08,11126795,6. Linton Lillady,1,7.198649057,1,1,1,1001,1,1001,0,0,0
140950447,TRP / Kinsl 6th Mar,A5 462m,06-03-2018 13:58,11476957,6. Cape Dream,0,8.8,1,1,1,1001,1,1001,0,0,0
140950178,TRP / Nott 6th Mar,A3 500m,06-03-2018 13:33,11812261,5. Slaneyside Agnes,1,7.656066498353539,1,1,1,1001,1,1001,0,0,0
140951317,TRP / Sund 6th Mar,A3 450m,06-03-2018 16:08,11812488,1. Trapper Becky,1,4.981380285661725,1,1,1,1001,1,1001,0,0,0
140951275,RPGTV / Sheff 6th Mar,OR 280m,06-03-2018 19:58,12056482,4. Droopys Trapeze,1,2.58,1,1,1,1001,1,1001,0,0,0
140941195,AUS / Ipsw (AUS) 6th Mar,R10 431m Gr5,06-03-2018 07:54,12229917,7. Black Koala,0,159.61750941716133,1,71.7459639126305792972459639126305792973,1,1001,1,1001,42.12,0,0
140941191,AUS / Ipsw (AUS) 6th Mar,R9 431m Gr5,06-03-2018 07:30,12337912,5. Wildash Wanderer,0,17,1,14.1748044453461373729176528933071842384,1,1001,1,1001,887.22,0,0
140953016,SIS / Henl 6th Mar,D2 277m,06-03-2018 19:49,13202821,4. Good Omen,0,15.837535464,1,1,1,1001,1,1001,0,0,0
140941387,NZL / Addi (NZL) 6th mar,R3 295m C1,06-03-2018 01:50,13282873,3. Dime Diva,0,,1,7.27,1,1001,1,1001,.8,0,0
140951325,TRP / Sund 6th Mar,A4 450m,06-03-2018 17:22,13357048,6. Jalpa,0,10,1,1,1,1001,1,1001,0,0,0
140941247,AUS / Warr (AUS) 6th Mar,R7 450m Gr6,06-03-2018 05:57,13815978,5. Ark Lightning,0,15.181753479235631,1,19.0766821994408201304753028890959925443,1,1001,1,1001,536.5,0,0
140951269,RPGTV / Sheff 6th Mar,OR 480m,06-03-2018 19:11,14469010,6. You Little Jimbo,0,13,1,1,1,1001,1,1001,0,0,0
140951900,SIS / CPark 6th Mar,A3 480m,06-03-2018 12:54,14930715,6. Black Jack Davy,1,5.562816309722838,1,1,1,1001,1,1001,0,0,0
140953020,SIS / Henl 6th Mar,A5 460m,06-03-2018 20:21,15322664,3. Wachovia Pocket,0,12.225059271457143,1,1,1,1001,1,1001,0,0,0
140953678,RPGTV / Poole 6th Mar,A6 450m,06-03-2018 19:52,15343419,6. Corban Henley,0,6.562302922441741,1,1,1,1001,1,1001,0,0,0
140951263,RPGTV / Sheff 6th Mar,A4 500m,06-03-2018 18:22,15787453,3. Geelo Shadow,0,5.6,1,1,1,1001,1,1001,0,0,0
140953440,SIS / Crayfd 6th Mar,OR 540m,06-03-2018 19:23,15901740,2. Galtee Elsa,0,7,1,1,1,1001,1,1001,0,0,0
140941047,AUS / Town (AUS) 6th Mar,R4 380m Heat,06-03-2018 09:55,16088451,8. Fabulous Story,0,22,1,17.2393463407762203282383602169472423752,1,1001,1,1001,283.94,0,0
140954335,RPGTV / Poole (F/C) 6th Mar,Forecast,06-03-2018 19:37,17002741,5 - 6,0,,1,1,1,1001,1,1001,0,0,0
140941153,AUS / Devn (AUS) 6th Mar,R1 452m Gr6,06-03-2018 01:47,17021248,7. Alolo Miss,0,19,1,8.28311922922521075873143315937374548374,1,1001,1,1001,99.64,0,0
140952868,SIS / Crayfd (F/C) 6th Mar,Forecast,06-03-2018 13:01,17002631,1 - 4,0,,1,1,1,1001,1,1001,0,0,0
140950455,TRP / Kinsl (F/C) 6th Mar,Forecast,06-03-2018 11:57,17002632,1 - 6,0,,1,1,1,1001,1,1001,0,0,0
140953338,SIS / Henl (F/C) 6th Mar,Forecast,06-03-2018 19:02,17002632,1 - 6,0,,1,1,1,1001,1,1001,0,0,0
140950414,SIS / Hove (F/C) 6th Mar,Forecast,06-03-2018 15:29,17002632,1 - 6,0,,1,1,1,1001,1,1001,0,0,0
140953346,SIS / Henl (F/C) 6th Mar,Forecast,06-03-2018 21:08,17002633,2 - 1,0,,1,1,1,1001,1,1001,0,0,0
140950197,TRP / Nott (F/C) 6th Mar,Forecast,06-03-2018 11:48,17002633,2 - 1,0,,1,1,1,1001,1,1001,0,0,0
140954341,RPGTV / Poole (F/C) 6th Mar,Forecast,06-03-2018 21:07,17002635,2 - 3,0,,1,1,1,1001,1,1001,0,0,0
140954339,RPGTV / Poole (F/C) 6th Mar,Forecast,06-03-2018 20:37,17002635,2 - 3,0,,1,1,1,1001,1,1001,0,0,0
140953559,SIS / Crayfd (F/C) 6th Mar,Forecast,06-03-2018 20:26,17002636,2 - 4,0,,1,1,1,1001,1,1001,0,0,0
140950205,TRP / Nott (F/C) 6th Mar,Forecast,06-03-2018 13:51,17002636,2 - 4,0,,1,1,1,1001,1,1001,0,0,0
140952861,SIS / Crayfd (F/C) 6th Mar,Forecast,06-03-2018 11:16,17002636,2 - 4,0,,1,1,1,1001,1,1001,0,0,0
140951344,TRP / Sund (F/C) 6th Mar,Forecast,06-03-2018 17:22,17002636,2 - 4,0,,1,1,1,1001,1,1001,0,0,0
140951379,SIS / Monm (F/C) 6th Mar,Forecast,06-03-2018 14:22,17002637,2 - 5,0,,1,1,1,1001,1,1001,0,0,0
140951999,SIS / CPark (F/C) 6th Mar,Forecast,06-03-2018 12:39,17002637,2 - 5,0,,1,1,1,1001,1,1001,0,0,0
140950201,TRP / Nott (F/C) 6th Mar,Forecast,06-03-2018 12:47,17002674,3 - 1,0,,1,1,1,1001,1,1001,0,0,0
140953341,SIS / Henl (F/C) 6th Mar,Forecast,06-03-2018 19:49,17002674,3 - 1,0,,1,1,1,1001,1,1001,0,0,0
140950455,TRP / Kinsl (F/C) 6th Mar,Forecast,06-03-2018 11:57,17002675,3 - 2,0,,1,1,1,1001,1,1001,0,0,0
140951303,RPGTV / Sheff (F/C) 6th Mar,Forecast,06-03-2018 21:32,17002675,3 - 2,0,,1,1,1,1001,1,1001,0,0,0
140950456,TRP / Kinsl (F/C) 6th Mar,Forecast,06-03-2018 12:12,17002678,3 - 5,0,,1,1,1,1001,1,1001,0,0,0
140952865,SIS / Crayfd (F/C) 6th Mar,Forecast,06-03-2018 12:16,17002678,3 - 5,0,,1,1,1,1001,1,1001,0,0,0
140953337,SIS / Henl (F/C) 6th Mar,Forecast,06-03-2018 18:44,17002678,3 - 5,0,,1,1,1,1001,1,1001,0,0,0
140953562,SIS / Crayfd (F/C) 6th Mar,Forecast,06-03-2018 21:16,17002678,3 - 5,0,,1,1,1,1001,1,1001,0,0,0
140951336,TRP / Sund (F/C) 6th Mar,Forecast,06-03-2018 14:47,17002680,4 - 1,0,,1,1,1,1001,1,1001,0,0,0
140954335,RPGTV / Poole (F/C) 6th Mar,Forecast,06-03-2018 19:37,17002680,4 - 1,0,,1,1,1,1001,1,1001,0,0,0
140950423,SIS / Hove (F/C) 6th Mar,Forecast,06-03-2018 18:19,17002680,4 - 1,0,,1,1,1,1001,1,1001,0,0,0
140954332,RPGTV / Poole (F/C) 6th Mar,Forecast,06-03-2018 18:48,17002680,4 - 1,0,,1,1,1,1001,1,1001,0,0,0
140951383,SIS / Monm (F/C) 6th Mar,Forecast,06-03-2018 15:39,17002680,4 - 1,0,,1,1,1,1001,1,1001,0,0,0
140953559,SIS / Crayfd (F/C) 6th Mar,Forecast,06-03-2018 20:26,17002683,4 - 2,0,,1,1,1,1001,1,1001,0,0,0
140950201,TRP / Nott (F/C) 6th Mar,Forecast,06-03-2018 12:47,17002683,4 - 2,0,,1,1,1,1001,1,1001,0,0,0
140952871,SIS / Crayfd (F/C) 6th Mar,Forecast,06-03-2018 13:49,17002683,4 - 2,0,,1,1,1,1001,1,1001,0,0,0
140953342,SIS / Henl (F/C) 6th Mar,Forecast,06-03-2018 20:06,17002687,4 - 6,0,,1,1,1,1001,1,1001,0,0,0
140953560,SIS / Crayfd (F/C) 6th Mar,Forecast,06-03-2018 20:42,17002689,5 - 2,0,,1,1,1,1001,1,1001,0,0,0
140952870,SIS / Crayfd (F/C) 6th Mar,Forecast,06-03-2018 13:31,17002689,5 - 2,0,,1,1,1,1001,1,1001,0,0,0
140951995,SIS / CPark (F/C) 6th Mar,Forecast,06-03-2018 11:39,17002690,5 - 3,0,,1,1,1,1001,1,1001,0,0,0
140951345,TRP / Sund (F/C) 6th Mar,Forecast,06-03-2018 17:38,17002693,6 - 1,0,,1,1,1,1001,1,1001,0,0,0
140950201,TRP / Nott (F/C) 6th Mar,Forecast,06-03-2018 12:47,17002693,6 - 1,0,,1,1,1,1001,1,1001,0,0,0
140953338,SIS / Henl (F/C) 6th Mar,Forecast,06-03-2018 19:02,17002693,6 - 1,0,,1,1,1,1001,1,1001,0,0,0
140951292,RPGTV / Sheff (F/C) 6th Mar,Forecast,06-03-2018 18:38,17002695,6 - 3,0,,1,1,1,1001,1,1001,0,0,0
140951390,SIS / Monm (F/C) 6th Mar,Forecast,06-03-2018 17:54,17002695,6 - 3,0,,1,1,1,1001,1,1001,0,0,0
140950423,SIS / Hove (F/C) 6th Mar,Forecast,06-03-2018 18:19,17002695,6 - 3,0,,1,1,1,1001,1,1001,0,0,0
140951337,TRP / Sund (F/C) 6th Mar,Forecast,06-03-2018 15:07,17002696,6 - 4,0,,1,1,1,1001,1,1001,0,0,0
140952004,SIS / CPark (F/C) 6th Mar,Forecast,06-03-2018 13:57,17002696,6 - 4,0,,1,1,1,1001,1,1001,0,0,0
140953554,SIS / Crayfd (F/C) 6th Mar,Forecast,06-03-2018 19:07,17002568,1 - 2,0,,1,1,1,1001,1,1001,0,0,0
140950456,TRP / Kinsl (F/C) 6th Mar,Forecast,06-03-2018 12:12,17002568,1 - 2,0,,1,1,1,1001,1,1001,0,0,0
140950461,TRP / Kinsl (F/C) 6th Mar,Forecast,06-03-2018 13:27,17002568,1 - 2,0,,1,1,1,1001,1,1001,0,0,0
140941377,AUS / Mand (AUS) 6th Mar,R9 405m Nvce,06-03-2018 12:45,17509914,5. Midnight Rama,0,2.795336947651375,1,1,1,1001,1,1001,0,0,0
140941325,AUS / Geel (AUS) 6th Mar,R4 400m Mdn,06-03-2018 05:54,17508327,5. Irish Swagger,0,3.6648076922737536,1,2.72488548158911023591939739226857339502,1,1001,1,1001,2615.3,0,0
140941191,AUS / Ipsw (AUS) 6th Mar,R9 431m Gr5,06-03-2018 07:30,17508640,2. La Bamba,1,4.9,1,4.58336883906595793087757761277379056444,1,1001,1,1001,1933.96,0,0
140952567,SIS / Crayfd 6th Mar,A8 380m,06-03-2018 12:46,17504592,4. Monagea Ruby,0,8,1,1,1,1001,1,1001,0,0,0
140941349,AUS / Geel (AUS) 6th Mar,R12 400m Mdn,06-03-2018 08:35,17508431,1. Lallybroch,0,21.265103827272547,1,14.1840103352962384328806633818050715058,1,1001,1,1001,332.84,0,0
141000113,Match Bets / Sheff (AvB) 6th Mar,Kingdom Deere v Slaneyside Ryder,06-03-2018 19:11,17502736,3. Kingdom Deere,0,,1,1,1,1001,1,1001,0,0,0
140951275,RPGTV / Sheff 6th Mar,OR 280m,06-03-2018 19:58,17502754,3. Airfield Penny,0,5.520059025694499,1,1,1,1001,1,1001,0,0,0
140951293,RPGTV / Sheff (F/C) 6th Mar,Forecast,06-03-2018 18:56,6953192,1 - 5,0,,1,1,1,1001,1,1001,0,0,0
140951277,RPGTV / Sheff 6th Mar,OR 280m,06-03-2018 20:13,9451531,2. Acomb Betty,0,34.44728240873664,1,1,1,1001,1,1001,0,0,0
140941377,AUS / Mand (AUS) 6th Mar,R9 405m Nvce,06-03-2018 12:45,10695979,4. Amaroq,0,60.331017553121285,1,1,1,1001,1,1001,0,0,0
140941179,AUS / Devn (AUS) 6th Mar,R9 452m Gr4,06-03-2018 04:27,11366763,7. Dylan Keeping,0,79.24453159041394,1,72.265191429574991218826835265191429575,1,1001,1,1001,56.94,0,0
140941367,AUS / Mand (AUS) 6th Mar,R4 405m Heat,06-03-2018 11:05,11399131,6. Noble Savage,0,121.607157006,1,1,1,1001,1,1001,0,0,0
140941306,AUS / Gawl (AUS) 6th Mar,R9 400m Gr5,06-03-2018 03:57,11573860,7. Rock Away,0,6.369943476,1,4.58600244997958350347080440996325030625,1,1001,1,1001,244.9,0,0
140941298,AUS / Gawl (AUS) 6th Mar,R5 400m Gr6,06-03-2018 02:39,11561396,1. Run Rosie,0,6.181641428858276,1,5.4567216890595009596928982725527831094,1,1001,1,1001,260.5,0,0
140941056,AUS / Town (AUS) 6th Mar,R6 498m Gr4/5,06-03-2018 10:35,11659000,4. Are Jay Duree,0,7.267558812635253,1,5.55211444954572751399624183956141880243,1,1001,1,1001,1032.42,0,0
140951265,RPGTV / Sheff 6th Mar,OR 660m,06-03-2018 18:38,12031877,1. Slippy Maska,0,4.4,1,1,1,1001,1,1001,0,0,0
140950389,SIS / Hove 6th Mar,A5 515m,06-03-2018 17:44,12187243,1. Ascot Harry,0,6.6,1,1,1,1001,1,1001,0,0,0
140941145,AUS / Town (AUS) 6th Mar,R9 380m Heat,06-03-2018 11:37,12235534,7. All Fueled Up,0,18,1,1,1,1001,1,1001,0,0,0
140941229,AUS / Lism (AUS) 6th Mar,R6 520m Heat,06-03-2018 09:25,12571526,1. Kalahari Queen,0,11.5,1,8.63371622070247659517960294801142022442,1,1001,1,1001,602.44,0,0
140951285,RPGTV / Sheff 6th Mar,OR 500m,06-03-2018 21:14,12867944,4. Wildfire Lord,0,42.216513855,1,1,1,1001,1,1001,0,0,0
140951323,TRP / Sund 6th Mar,HC 450m,06-03-2018 17:07,13039019,4. Bardic Bonita,0,7.6,1,1,1,1001,1,1001,0,0,0
140951289,RPGTV / Sheff 6th Mar,A1 500m,06-03-2018 21:50,13055696,2. Kowloon Mickycon,0,4,1,1,1,1001,1,1001,0,0,0
140950180,TRP / Nott 6th Mar,A4 500m,06-03-2018 13:51,13195485,4. Townside Viking,0,5.038822520773392,1,1,1,1001,1,1001,0,0,0
140941347,AUS / Cran (AUS) 6th Mar,R7 311m Final,06-03-2018 09:48,13379252,5. Shreks Typhoon,0,200,1,78.0763285024154589371980676328502415459,1,1001,1,1001,41.4,0,0
140952557,SIS / Crayfd 6th Mar,A7 380m,06-03-2018 11:31,13500208,4. Windy Espresso,0,5.340337192250882,1,1,1,1001,1,1001,0,0,0
140951287,RPGTV / Sheff 6th Mar,A3 500m,06-03-2018 21:32,14769474,1. Swift Affinity,1,2.945503385119701,1,1,1,1001,1,1001,0,0,0
140941157,AUS / Devn (AUS) 6th Mar,R3 452m Gr5,06-03-2018 02:27,15268212,5. Miss Morvill,0,28,1,15.7826086956521739130434782608695652174,1,1001,1,1001,39.1,0,0
140951317,TRP / Sund 6th Mar,A3 450m,06-03-2018 16:08,15489094,5. Toems Bluemoon,0,11.40472098012513,1,1,1,1001,1,1001,0,0,0
140953668,RPGTV / Poole 6th Mar,A6 450m,06-03-2018 18:28,15544281,4. Coris Moments,0,4.7,1,1,1,1001,1,1001,0,0,0
140953672,RPGTV / Poole 6th Mar,A8 450m,06-03-2018 19:06,15788290,4. Navillus Boy,1,3.95,1,1,1,1001,1,1001,0,0,0
140950441,TRP / Kinsl 6th Mar,A3 462m,06-03-2018 13:12,16062322,3. Pretty Brave,0,6.745488193,1,1,1,1001,1,1001,0,0,0
140941298,AUS / Gawl (AUS) 6th Mar,R5 400m Gr6,06-03-2018 02:39,16125030,3. Hayride Rohan,0,17,1,15.9770398546999760117884925122511223056,1,1001,1,1001,583.62,0,0
140952573,SIS / Crayfd 6th Mar,A5 380m,06-03-2018 13:31,16403037,1. Boherna Sheriff,0,11,1,1,1,1001,1,1001,0,0,0
140941043,AUS / Town (AUS) 6th Mar,R2 380m Nvce,06-03-2018 09:15,16733061,6. Big Huey,0,38,1,18.4300191728293618186798137496576280471,1,1001,1,1001,146.04,0,0
140953556,SIS / Crayfd (F/C) 6th Mar,Forecast,06-03-2018 19:38,17002741,5 - 6,0,,1,1,1,1001,1,1001,0,0,0
140951298,RPGTV / Sheff (F/C) 6th Mar,Forecast,06-03-2018 20:13,17002741,5 - 6,0,,1,1,1,1001,1,1001,0,0,0
140950460,TRP / Kinsl (F/C) 6th Mar,Forecast,06-03-2018 13:12,17002741,5 - 6,1,,1,1,1,1001,1,1001,0,0,0
140954339,RPGTV / Poole (F/C) 6th Mar,Forecast,06-03-2018 20:37,17002741,5 - 6,0,,1,1,1,1001,1,1001,0,0,0
140951303,RPGTV / Sheff (F/C) 6th Mar,Forecast,06-03-2018 21:32,17002631,1 - 4,0,,1,1,1,1001,1,1001,0,0,0
140950461,TRP / Kinsl (F/C) 6th Mar,Forecast,06-03-2018 13:27,17002632,1 - 6,0,,1,1,1,1001,1,1001,0,0,0
140954334,RPGTV / Poole (F/C) 6th Mar,Forecast,06-03-2018 19:22,17002633,2 - 1,0,,1,1,1,1001,1,1001,0,0,0
140953555,SIS / Crayfd (F/C) 6th Mar,Forecast,06-03-2018 19:23,17002633,2 - 1,0,,1,1,1,1001,1,1001,0,0,0
140953564,SIS / Crayfd (F/C) 6th Mar,Forecast,06-03-2018 21:45,17002633,2 - 1,0,,1,1,1,1001,1,1001,0,0,0
140951335,TRP / Sund (F/C) 6th Mar,Forecast,06-03-2018 14:27,17002635,2 - 3,0,,1,1,1,1001,1,1001,0,0,0
140950421,SIS / Hove (F/C) 6th Mar,Forecast,06-03-2018 17:44,17002635,2 - 3,0,,1,1,1,1001,1,1001,0,0,0
140951383,SIS / Monm (F/C) 6th Mar,Forecast,06-03-2018 15:39,17002635,2 - 3,0,,1,1,1,1001,1,1001,0,0,0
140951301,RPGTV / Sheff (F/C) 6th Mar,Forecast,06-03-2018 20:58,17002637,2 - 5,0,,1,1,1,1001,1,1001,0,0,0
140954331,RPGTV / Poole (F/C) 6th Mar,Forecast,06-03-2018 18:28,17002637,2 - 5,0,,1,1,1,1001,1,1001,0,0,0
140951346,TRP / Sund (F/C) 6th Mar,Forecast,06-03-2018 17:56,17002637,2 - 5,0,,1,1,1,1001,1,1001,0,0,0
140952863,SIS / Crayfd (F/C) 6th Mar,Forecast,06-03-2018 11:46,17002639,2 - 6,0,,1,1,1,1001,1,1001,0,0,0
140951300,RPGTV / Sheff (F/C) 6th Mar,Forecast,06-03-2018 20:43,17002674,3 - 1,0,,1,1,1,1001,1,1001,0,0,0
140951379,SIS / Monm (F/C) 6th Mar,Forecast,06-03-2018 14:22,17002674,3 - 1,0,,1,1,1,1001,1,1001,0,0,0
140954340,RPGTV / Poole (F/C) 6th Mar,Forecast,06-03-2018 20:51,17002674,3 - 1,0,,1,1,1,1001,1,1001,0,0,0
140951997,SIS / CPark (F/C) 6th Mar,Forecast,06-03-2018 12:09,17002675,3 - 2,0,,1,1,1,1001,1,1001,0,0,0
140951389,SIS / Monm (F/C) 6th Mar,Forecast,06-03-2018 17:37,17002675,3 - 2,1,,1,1,1,1001,1,1001,0,0,0
140951381,SIS / Monm (F/C) 6th Mar,Forecast,06-03-2018 15:02,17002675,3 - 2,0,,1,1,1,1001,1,1001,0,0,0
140954340,RPGTV / Poole (F/C) 6th Mar,Forecast,06-03-2018 20:51,17002678,3 - 5,0,,1,1,1,1001,1,1001,0,0,0
140950423,SIS / Hove (F/C) 6th Mar,Forecast,06-03-2018 18:19,17002678,3 - 5,0,,1,1,1,1001,1,1001,0,0,0
140950420,SIS / Hove (F/C) 6th Mar,Forecast,06-03-2018 17:28,17002678,3 - 5,0,,1,1,1,1001,1,1001,0,0,0
140953557,SIS / Crayfd (F/C) 6th Mar,Forecast,06-03-2018 19:54,17002678,3 - 5,0,,1,1,1,1001,1,1001,0,0,0
140950198,TRP / Nott (F/C) 6th Mar,Forecast,06-03-2018 12:04,17002679,3 - 6,0,,1,1,1,1001,1,1001,0,0,0
140950457,TRP / Kinsl (F/C) 6th Mar,Forecast,06-03-2018 12:27,17002679,3 - 6,0,,1,1,1,1001,1,1001,0,0,0
140952002,SIS / CPark (F/C) 6th Mar,Forecast,06-03-2018 13:22,17002679,3 - 6,0,,1,1,1,1001,1,1001,0,0,0
140950411,SIS / Hove (F/C) 6th Mar,Forecast,06-03-2018 14:32,17002680,4 - 1,0,,1,1,1,1001,1,1001,0,0,0
140951388,SIS / Monm (F/C) 6th Mar,Forecast,06-03-2018 17:18,17002684,4 - 3,0,,1,1,1,1001,1,1001,0,0,0
140953555,SIS / Crayfd (F/C) 6th Mar,Forecast,06-03-2018 19:23,17002686,4 - 5,0,,1,1,1,1001,1,1001,0,0,0
140950205,TRP / Nott (F/C) 6th Mar,Forecast,06-03-2018 13:51,17002686,4 - 5,0,,1,1,1,1001,1,1001,0,0,0
140951378,SIS / Monm (F/C) 6th Mar,Forecast,06-03-2018 14:06,17002687,4 - 6,0,,1,1,1,1001,1,1001,0,0,0
140951340,TRP / Sund (F/C) 6th Mar,Forecast,06-03-2018 16:08,17002687,4 - 6,0,,1,1,1,1001,1,1001,0,0,0
140950201,TRP / Nott (F/C) 6th Mar,Forecast,06-03-2018 12:47,17002687,4 - 6,0,,1,1,1,1001,1,1001,0,0,0
140951337,TRP / Sund (F/C) 6th Mar,Forecast,06-03-2018 15:07,17002687,4 - 6,0,,1,1,1,1001,1,1001,0,0,0
140951382,SIS / Monm (F/C) 6th Mar,Forecast,06-03-2018 15:19,17002687,4 - 6,0,,1,1,1,1001,1,1001,0,0,0
140951303,RPGTV / Sheff (F/C) 6th Mar,Forecast,06-03-2018 21:32,17002687,4 - 6,0,,1,1,1,1001,1,1001,0,0,0
140951997,SIS / CPark (F/C) 6th Mar,Forecast,06-03-2018 12:09,17002689,5 - 2,0,,1,1,1,1001,1,1001,0,0,0
140950416,SIS / Hove (F/C) 6th Mar,Forecast,06-03-2018 16:09,17002689,5 - 2,0,,1,1,1,1001,1,1001,0,0,0
140950205,TRP / Nott (F/C) 6th Mar,Forecast,06-03-2018 13:51,17002689,5 - 2,0,,1,1,1,1001,1,1001,0,0,0
140950411,SIS / Hove (F/C) 6th Mar,Forecast,06-03-2018 14:32,17002689,5 - 2,1,,1,1,1,1001,1,1001,0,0,0
140951381,SIS / Monm (F/C) 6th Mar,Forecast,06-03-2018 15:02,17002690,5 - 3,0,,1,1,1,1001,1,1001,0,0,0
140954334,RPGTV / Poole (F/C) 6th Mar,Forecast,06-03-2018 19:22,17002691,5 - 4,0,,1,1,1,1001,1,1001,0,0,0
140951378,SIS / Monm (F/C) 6th Mar,Forecast,06-03-2018 14:06,17002691,5 - 4,0,,1,1,1,1001,1,1001,0,0,0
140951382,SIS / Monm (F/C) 6th Mar,Forecast,06-03-2018 15:19,17002693,6 - 1,0,,1,1,1,1001,1,1001,0,0,0
140952003,SIS / CPark (F/C) 6th Mar,Forecast,06-03-2018 13:39,17002693,6 - 1,0,,1,1,1,1001,1,1001,0,0,0
140954331,RPGTV / Poole (F/C) 6th Mar,Forecast,06-03-2018 18:28,17002693,6 - 1,0,,1,1,1,1001,1,1001,0,0,0
140952870,SIS / Crayfd (F/C) 6th Mar,Forecast,06-03-2018 13:31,17002693,6 - 1,0,,1,1,1,1001,1,1001,0,0,0
140953560,SIS / Crayfd (F/C) 6th Mar,Forecast,06-03-2018 20:42,17002694,6 - 2,0,,1,1,1,1001,1,1001,0,0,0
140954332,RPGTV / Poole (F/C) 6th Mar,Forecast,06-03-2018 18:48,17002694,6 - 2,0,,1,1,1,1001,1,1001,0,0,0
140951298,RPGTV / Sheff (F/C) 6th Mar,Forecast,06-03-2018 20:13,17002695,6 - 3,0,,1,1,1,1001,1,1001,0,0,0
140950412,SIS / Hove (F/C) 6th Mar,Forecast,06-03-2018 14:52,17002695,6 - 3,0,,1,1,1,1001,1,1001,0,0,0
140951341,TRP / Sund (F/C) 6th Mar,Forecast,06-03-2018 16:27,17002695,6 - 3,0,,1,1,1,1001,1,1001,0,0,0
140952002,SIS / CPark (F/C) 6th Mar,Forecast,06-03-2018 13:22,17002695,6 - 3,0,,1,1,1,1001,1,1001,0,0,0
140950459,TRP / Kinsl (F/C) 6th Mar,Forecast,06-03-2018 12:58,17002696,6 - 4,0,,1,1,1,1001,1,1001,0,0,0
140951300,RPGTV / Sheff (F/C) 6th Mar,Forecast,06-03-2018 20:43,17002697,6 - 5,0,,1,1,1,1001,1,1001,0,0,0
140951337,TRP / Sund (F/C) 6th Mar,Forecast,06-03-2018 15:07,17002697,6 - 5,0,,1,1,1,1001,1,1001,0,0,0
140941271,NZL / AsPk (NZL) 6th Mar,R6 457m C0,06-03-2018 00:35,17089848,5. Go Show,0,,1,12.0196551724137931034482758620689655172,1,1001,1,1001,29,0,0
140954333,RPGTV / Poole (F/C) 6th Mar,Forecast,06-03-2018 19:06,17002568,1 - 2,0,,1,1,1,1001,1,1001,0,0,0
140950197,TRP / Nott (F/C) 6th Mar,Forecast,06-03-2018 11:48,17002568,1 - 2,0,,1,1,1,1001,1,1001,0,0,0
141000099,Match Bets / Poole (AvB) 6th Mar,Exciting Times v Navillus Boy,06-03-2018 19:06,17504197,4. Navillus Boy,1,,1,1,1,1001,1,1001,0,0,0
140941387,NZL / Addi (NZL) 6th mar,R3 295m C1,06-03-2018 01:50,17508045,6. Goldstar Power,0,,1,23.9309791332263242375601926163723916533,1,1001,1,1001,24.92,0,0
140953458,SIS / Crayfd 6th Mar,A8 380m,06-03-2018 21:45,17504541,1. Deecees Westwood,0,3.4097891098776025,1,1,1,1001,1,1001,0,0,0
140941217,AUS / Mait (AUS) 6th Mar,R11 400m Gr5,06-03-2018 11:20,17508780,7. Rose Of Midnight,1,2.312539901189485,1,1,1,1001,1,1001,0,0,0
140941041,AUS / Town (AUS) 6th Mar,R1 380m Mdn,06-03-2018 08:55,17508789,3. Orbilicious,0,46.651766901,1,28.4746293943244387971198644642100804744,1,1001,1,1001,236.1,0,0
140941183,AUS / Devn (AUS) 6th Mar,R10 452m Gr5,06-03-2018 04:44,17508238,7. Davola,0,31.39527482755483,1,20.3861662840602854576305020461123864657,1,1001,1,1001,200.38,0,0
140951345,TRP / Sund (F/C) 6th Mar,Forecast,06-03-2018 17:38,6953192,1 - 5,0,,1,1,1,1001,1,1001,0,0,0
140953553,SIS / Crayfd (F/C) 6th Mar,Forecast,06-03-2018 18:49,6953192,1 - 5,0,,1,1,1,1001,1,1001,0,0,0
140951291,RPGTV / Sheff (F/C) 6th Mar,Forecast,06-03-2018 18:22,6953192,1 - 5,0,,1,1,1,1001,1,1001,0,0,0
140941273,NZL / AsPk (NZL) 6th Mar,R7 630m C2,06-03-2018 00:53,11602765,2. Southern Honey,0,,1,12.7189533785524169313986434274920580407,1,1001,1,1001,465.88,0,0
140953668,RPGTV / Poole 6th Mar,A6 450m,06-03-2018 18:28,11875837,2. Fromtheretohere,0,4.5,1,1,1,1001,1,1001,0,0,0
140950174,TRP / Nott 6th Mar,A6 500m,06-03-2018 13:04,11950257,3. Reagrove Girl,1,4.584384614714654,1,1,1,1001,1,1001,0,0,0
140952553,SIS / Crayfd 6th Mar,A8 380m,06-03-2018 11:01,12021743,3. Deran Scholar,0,5.8,1,5.78800709213329684842765327813200842305,1,1001,1,1001,872.36,0,0
140941306,AUS / Gawl (AUS) 6th Mar,R9 400m Gr5,06-03-2018 03:57,12019082,2. Fabriental,0,4.632794690749579,1,3.34953291450423381589729582081398524993,1,1001,1,1001,366.1,0,0
140950381,SIS / Hove 6th Mar,A7 515m,06-03-2018 16:29,12393614,2. Racenight Elsa,0,7.5269210418440355,1,1,1,1001,1,1001,0,0,0
140941351,AUS / Cran (AUS) 6th Mar,R8 520m Gr5,06-03-2018 10:08,12804068,4. Wadelock Mindy,0,13.5,1,10.62647094504427999514739779206599539,1,1001,1,1001,329.72,0,0
140950439,TRP / Kinsl 6th Mar,A5 462m,06-03-2018 12:58,12872401,1. Ashville Geenie,0,8.498493505754745,1,1,1,1001,1,1001,0,0,0
140941243,AUS / Warr (AUS) 6th Mar,R6 450m Gr5,06-03-2018 05:39,13146030,6. Mepunga Dasha,1,3.359445792606856,1,3.03003166506360030692416595519339464612,1,1001,1,1001,1850.62,0,0
140941179,AUS / Devn (AUS) 6th Mar,R9 452m Gr4,06-03-2018 04:27,13354159,5. Lord Dominator,0,65,1,43.0089668615984405458089668615984405458,1,1001,1,1001,102.6,0,0
140950164,TRP / Nott 6th Mar,A2 500m,06-03-2018 11:48,13571242,4. Comerford,0,4.1,1,1,1,1001,1,1001,0,0,0
140941175,AUS / Ipsw (AUS) 6th Mar,R5 431m Gr5,06-03-2018 06:07,13574453,3. Haras Hornet,0,5.8,1,6.09160820746171185405211822452547978681,1,1001,1,1001,1898.76,0,0
140953436,SIS / Crayfd 6th Mar,S5 540m,06-03-2018 18:49,14899540,6. Bandit Puma,0,14.5,1,1,1,1001,1,1001,0,0,0
140950162,TRP / Nott 6th Mar,A1 500m,06-03-2018 11:34,14924956,1. Headleys Jacob,0,7.8,1,1,1,1001,1,1001,0,0,0
140941187,AUS / Devn (AUS) 6th Mar,R11 452m Gr5,06-03-2018 05:02,15051405,2. Snowdonia,0,15.722328278531785,1,10.9360685450650848574724007249958807052,1,1001,1,1001,121.38,0,0
140941041,AUS / Town (AUS) 6th Mar,R1 380m Mdn,06-03-2018 08:55,16708685,8. Cape De Belle,0,17.470919061,1,12.4638519494421342994771295648235826918,1,1001,1,1001,485.78,0,0
140941287,AUS / Warr (AUS) 6th Mar,R9 390m Rest,06-03-2018 06:42,16325234,3. Kiss Me Boss,1,2.3738234527169704,1,2.04933207978128208381879635931569900908,1,1001,1,1001,3467.48,0,0
140941145,AUS / Town (AUS) 6th Mar,R9 380m Heat,06-03-2018 11:37,16297860,4. Downtown Pixie,1,29.729295574333516,1,1,1,1001,1,1001,0,0,0
140941227,AUS / Lism (AUS) 6th Mar,R5 520m Gr4/5,06-03-2018 09:05,16786007,9. Kulu Hipster,0,13.5,1,9.84185250146162198279462123110331579387,1,1001,1,1001,239.46,0,0
140951888,SIS / CPark 6th Mar,A8 480m,06-03-2018 11:24,16717174,2. Divas Lily,0,7.607989863793975,1,1,1,1001,1,1001,0,0,0
140953345,SIS / Henl (F/C) 6th Mar,Forecast,06-03-2018 20:53,17002741,5 - 6,0,,1,1,1,1001,1,1001,0,0,0
140952865,SIS / Crayfd (F/C) 6th Mar,Forecast,06-03-2018 12:16,17002741,5 - 6,0,,1,1,1,1001,1,1001,0,0,0
140953452,SIS / Crayfd 6th Mar,A8 380m,06-03-2018 20:58,17087027,2. Ballybeg Farloe,0,10.544934508216242,1,1,1,1001,1,1001,0,0,0
140953563,SIS / Crayfd (F/C) 6th Mar,Forecast,06-03-2018 21:30,17002630,1 - 3,0,,1,1,1,1001,1,1001,0,0,0
140953344,SIS / Henl (F/C) 6th Mar,Forecast,06-03-2018 20:37,17002630,1 - 3,0,,1,1,1,1001,1,1001,0,0,0
140951995,SIS / CPark (F/C) 6th Mar,Forecast,06-03-2018 11:39,17002631,1 - 4,0,,1,1,1,1001,1,1001,0,0,0
140951390,SIS / Monm (F/C) 6th Mar,Forecast,06-03-2018 17:54,17002631,1 - 4,1,,1,1,1,1001,1,1001,0,0,0
140951335,TRP / Sund (F/C) 6th Mar,Forecast,06-03-2018 14:27,17002632,1 - 6,0,,1,1,1,1001,1,1001,0,0,0
140951297,RPGTV / Sheff (F/C) 6th Mar,Forecast,06-03-2018 19:58,17002633,2 - 1,0,,1,1,1,1001,1,1001,0,0,0
140950456,TRP / Kinsl (F/C) 6th Mar,Forecast,06-03-2018 12:12,17002633,2 - 1,0,,1,1,1,1001,1,1001,0,0,0
140951390,SIS / Monm (F/C) 6th Mar,Forecast,06-03-2018 17:54,17002633,2 - 1,0,,1,1,1,1001,1,1001,0,0,0
140951299,RPGTV / Sheff (F/C) 6th Mar,Forecast,06-03-2018 20:28,17002633,2 - 1,1,,1,1,1,1001,1,1001,0,0,0
140954336,RPGTV / Poole (F/C) 6th Mar,Forecast,06-03-2018 19:52,17002633,2 - 1,0,,1,1,1,1001,1,1001,0,0,0
140951345,TRP / Sund (F/C) 6th Mar,Forecast,06-03-2018 17:38,17002635,2 - 3,0,,1,1,1,1001,1,1001,0,0,0
140950458,TRP / Kinsl (F/C) 6th Mar,Forecast,06-03-2018 12:42,17002635,2 - 3,0,,1,1,1,1001,1,1001,0,0,0
140951382,SIS / Monm (F/C) 6th Mar,Forecast,06-03-2018 15:19,17002635,2 - 3,0,,1,1,1,1001,1,1001,0,0,0
140950410,SIS / Hove (F/C) 6th Mar,Forecast,06-03-2018 14:12,17002635,2 - 3,0,,1,1,1,1001,1,1001,0,0,0
140951380,SIS / Monm (F/C) 6th Mar,Forecast,06-03-2018 14:42,17002636,2 - 4,0,,1,1,1,1001,1,1001,0,0,0
140952871,SIS / Crayfd (F/C) 6th Mar,Forecast,06-03-2018 13:49,17002636,2 - 4,0,,1,1,1,1001,1,1001,0,0,0
140950463,TRP / Kinsl (F/C) 6th Mar,Forecast,06-03-2018 13:58,17002637,2 - 5,0,,1,1,1,1001,1,1001,0,0,0
140951301,RPGTV / Sheff (F/C) 6th Mar,Forecast,06-03-2018 20:58,17002639,2 - 6,0,,1,1,1,1001,1,1001,0,0,0
140952860,SIS / Crayfd (F/C) 6th Mar,Forecast,06-03-2018 11:01,17002675,3 - 2,0,,1,23.1886677922767174400950654187097854613,1,1001,1,1001,102.72,0,0
140953554,SIS / Crayfd (F/C) 6th Mar,Forecast,06-03-2018 19:07,17002677,3 - 4,0,,1,1,1,1001,1,1001,0,0,0
140951386,SIS / Monm (F/C) 6th Mar,Forecast,06-03-2018 16:39,17002677,3 - 4,0,,1,1,1,1001,1,1001,0,0,0
140951389,SIS / Monm (F/C) 6th Mar,Forecast,06-03-2018 17:37,17002677,3 - 4,0,,1,1,1,1001,1,1001,0,0,0
140950199,TRP / Nott (F/C) 6th Mar,Forecast,06-03-2018 12:18,17002678,3 - 5,0,,1,1,1,1001,1,1001,0,0,0
140952003,SIS / CPark (F/C) 6th Mar,Forecast,06-03-2018 13:39,17002678,3 - 5,0,,1,1,1,1001,1,1001,0,0,0
140951300,RPGTV / Sheff (F/C) 6th Mar,Forecast,06-03-2018 20:43,17002679,3 - 6,0,,1,1,1,1001,1,1001,0,0,0
140951296,RPGTV / Sheff (F/C) 6th Mar,Forecast,06-03-2018 19:42,17002683,4 - 2,0,,1,1,1,1001,1,1001,0,0,0
140954335,RPGTV / Poole (F/C) 6th Mar,Forecast,06-03-2018 19:37,17002683,4 - 2,1,,1,1,1,1001,1,1001,0,0,0
140953562,SIS / Crayfd (F/C) 6th Mar,Forecast,06-03-2018 21:16,17002683,4 - 2,0,,1,1,1,1001,1,1001,0,0,0
140953341,SIS / Henl (F/C) 6th Mar,Forecast,06-03-2018 19:49,17002684,4 - 3,0,,1,1,1,1001,1,1001,0,0,0
140952867,SIS / Crayfd (F/C) 6th Mar,Forecast,06-03-2018 12:46,17002686,4 - 5,0,,1,1,1,1001,1,1001,0,0,0
140952862,SIS / Crayfd (F/C) 6th Mar,Forecast,06-03-2018 11:31,17002687,4 - 6,0,,1,1,1,1001,1,1001,0,0,0
140950455,TRP / Kinsl (F/C) 6th Mar,Forecast,06-03-2018 11:57,17002688,5 - 1,0,,1,1,1,1001,1,1001,0,0,0
140950460,TRP / Kinsl (F/C) 6th Mar,Forecast,06-03-2018 13:12,17002688,5 - 1,0,,1,1,1,1001,1,1001,0,0,0
140953559,SIS / Crayfd (F/C) 6th Mar,Forecast,06-03-2018 20:26,17002691,5 - 4,0,,1,1,1,1001,1,1001,0,0,0
140952870,SIS / Crayfd (F/C) 6th Mar,Forecast,06-03-2018 13:31,17002691,5 - 4,0,,1,1,1,1001,1,1001,0,0,0
140951302,RPGTV / Sheff (F/C) 6th Mar,Forecast,06-03-2018 21:14,17002693,6 - 1,0,,1,1,1,1001,1,1001,0,0,0
140951303,RPGTV / Sheff (F/C) 6th Mar,Forecast,06-03-2018 21:32,17002693,6 - 1,0,,1,1,1,1001,1,1001,0,0,0
140950411,SIS / Hove (F/C) 6th Mar,Forecast,06-03-2018 14:32,17002693,6 - 1,0,,1,1,1,1001,1,1001,0,0,0
140954337,RPGTV / Poole (F/C) 6th Mar,Forecast,06-03-2018 20:07,17002694,6 - 2,0,,1,1,1,1001,1,1001,0,0,0
140950200,TRP / Nott (F/C) 6th Mar,Forecast,06-03-2018 12:32,17002695,6 - 3,0,,1,1,1,1001,1,1001,0,0,0
140953555,SIS / Crayfd (F/C) 6th Mar,Forecast,06-03-2018 19:23,17002696,6 - 4,0,,1,1,1,1001,1,1001,0,0,0
140954331,RPGTV / Poole (F/C) 6th Mar,Forecast,06-03-2018 18:28,17002696,6 - 4,0,,1,1,1,1001,1,1001,0,0,0
140950195,TRP / Nott (F/C) 6th Mar,Forecast,06-03-2018 11:19,17002697,6 - 5,0,,1,1,1,1001,1,1001,0,0,0
140950459,TRP / Kinsl (F/C) 6th Mar,Forecast,06-03-2018 12:58,17002697,6 - 5,0,,1,1,1,1001,1,1001,0,0,0
140941363,AUS / Mand (AUS) 6th Mar,R2 405m Heat,06-03-2018 10:22,17509887,6. Timmy Gundi,0,26.956383004146627,1,16.9376989540700318326512050932241928149,1,1001,1,1001,131.94,0,0
140941249,AUS / Lism (AUS) 6th Mar,R10 420m Gr5,06-03-2018 10:45,17508633,3. Kulu Ruby,0,20,1,12.0653611393692777212614445574771108851,1,1001,1,1001,78.64,0,0
140952555,SIS / Crayfd 6th Mar,A4 380m,06-03-2018 11:16,17504556,4. Clounbrane Max,0,7.287750737841707,1,1,1,1001,1,1001,0,0,0
140941211,AUS / Mait (AUS) 6th Mar,R8 450m Gr4/5,06-03-2018 10:18,17508773,7. Fran Sannette,0,19.80944341,1,15.2856475549861200085415332052103352552,1,1001,1,1001,749.28,0,0
140941215,AUS / Mait (AUS) 6th Mar,R10 400m Gr5,06-03-2018 10:58,17508778,8. Songar Sunset,1,3.15,1,3.16259681542543439382041711492626634058,1,1001,1,1001,5781.62,0,0
140951349,SIS / Monm 6th Mar,A3 480m,06-03-2018 14:06,17503055,6. Droopys Shine,0,5.424102830349585,1,1,1,1001,1,1001,0,0,0
140941310,AUS / Cran (AUS) 6th Mar,R1 311m Heat,06-03-2018 07:47,17508449,6. Aston Marise,0,5.419253724,1,3.75310862707447538060622685502674530243,1,1001,1,1001,1166.56,0,0
140941219,AUS / Lism (AUS) 6th Mar,R1 420m Mdn,06-03-2018 07:40,17508484,1. Kulu Bazza,0,3.5,1,3.34813094708961113177253884600382790744,1,1001,1,1001,4409.72,0,0
140951892,SIS / CPark 6th Mar,A4 480m,06-03-2018 11:54,17437879,3. Kahuna Geoff,0,5.9,1,1,1,1001,1,1001,0,0,0
140953680,RPGTV / Poole 6th Mar,A1 450m,06-03-2018 20:07,3490096,5. Mexico,0,6.6,1,1,1,1001,1,1001,0,0,0
140953339,SIS / Henl (F/C) 6th Mar,Forecast,06-03-2018 19:17,6953192,1 - 5,0,,1,1,1,1001,1,1001,0,0,0
140941403,NZL / Addi (NZL) 6th mar,R11 520m C1,06-03-2018 04:17,9521460,8. Know Scholar,0,,1,11.7037533512064343163538873994638069705,1,1001,1,1001,14.92,0,0
140941312,AUS / Gawl (AUS) 6th Mar,R11 400m FFA,06-03-2018 04:37,10341922,8. Emerley Dryad,0,3.4,1,2.55887971281364507188958949463385599762,1,1001,1,1001,2150.52,0,0
140950439,TRP / Kinsl 6th Mar,A5 462m,06-03-2018 12:58,10677622,4. Kilahagan Impact,0,8.2,1,1,1,1001,1,1001,0,0,0
140950387,SIS / Hove 6th Mar,A8 515m,06-03-2018 17:28,11073956,1. Myles Baby,1,4.4,1,1,1,1001,1,1001,0,0,0
140941267,NZL / AsPk (NZL) 6th Mar,R4 390m C5,06-03-2018 00:00,11169712,4. Amino Trouble,0,,1,17.822033898305084745762711864406779661,1,1001,1,1001,1.18,0,0
140952575,SIS / Crayfd 6th Mar,S4 540m,06-03-2018 13:49,11232466,1. Goodtogohoneygar,1,6.537702291665628,1,1,1,1001,1,1001,0,0,0
140950371,SIS / Hove 6th Mar,D3 285m,06-03-2018 14:52,11252698,5. Brinkleys Oscar,1,9.587870202,1,1,1,1001,1,1001,0,0,0
140941185,AUS / Ipsw (AUS) 6th Mar,R7 520m Final,06-03-2018 06:46,11872052,9. Allpa Mama,0,28.68167420673563,1,25.5621733556848437037767478552411004832,1,1001,1,1001,202.82,0,0
140951279,RPGTV / Sheff 6th Mar,OR 660m,06-03-2018 20:28,12011608,3. Queen Lucy,0,10,1,1,1,1001,1,1001,0,0,0
140950437,TRP / Kinsl 6th Mar,A6 462m,06-03-2018 12:42,12183659,4. Scruffs Tara,0,5.5,1,1,1,1001,1,1001,0,0,0
140941189,AUS / Ipsw (AUS) 6th Mar,R8 431m FFA,06-03-2018 07:08,12692972,3. Regal Bill,0,15.5,1,15.1687421043133008482223425374481140588,1,1001,1,1001,221.64,0,0
140953688,RPGTV / Poole 6th Mar,A7 450m,06-03-2018 21:07,13311186,3. Coolykereen Rose,0,11.31499946686905,1,1,1,1001,1,1001,0,0,0
140951283,RPGTV / Sheff 6th Mar,OR 660m,06-03-2018 20:58,13384640,6. Goldies Seb,0,7.2,1,1,1,1001,1,1001,0,0,0
140953668,RPGTV / Poole 6th Mar,A6 450m,06-03-2018 18:28,13398931,3. Rooska Hill,1,14.5,1,1,1,1001,1,1001,0,0,0
140951367,SIS / Monm 6th Mar,S3 630m,06-03-2018 16:58,13500925,2. Dunbolg Juno,0,7.229012708,1,1,1,1001,1,1001,0,0,0
140950375,SIS / Hove 6th Mar,A2 515m,06-03-2018 15:29,13446959,2. Ashwood Telly,1,5.7,1,1,1,1001,1,1001,0,0,0
140941209,AUS / Mait (AUS) 6th Mar,R7 400m Gr4/5,06-03-2018 09:58,13738758,2. Cheeky Chapter,0,32,1,25.5373239436619718309859154929577464789,1,1001,1,1001,198.8,0,0
140953434,SIS / Crayfd 6th Mar,A6 380m,06-03-2018 18:33,14749654,2. Mineola Flash,0,4.9,1,1,1,1001,1,1001,0,0,0
140941045,AUS / Town (AUS) 6th Mar,R3 380m Nvce,06-03-2018 09:35,15312849,8. Go Freddy Go,0,3.071432058,1,2.68429316507867855643612217119741512002,1,1001,1,1001,3144.44,0,0
140941050,AUS / Town (AUS) 6th Mar,R5 380m Heat,06-03-2018 10:15,15622850,4. Black Amex,1,1.77,1,1.74554561772766474993030296607751614444,1,1001,1,1001,12267.38,0,0
140953014,SIS / Henl 6th Mar,A5 460m,06-03-2018 19:33,16247990,5. Durrow Warbler,0,8.449197243819942,1,1,1,1001,1,1001,0,0,0
140951309,TRP / Sund 6th Mar,A4 450m,06-03-2018 14:47,16667038,4. Pennys Pawn,0,5.217734893594062,1,1,1,1001,1,1001,0,0,0
140951309,TRP / Sund 6th Mar,A4 450m,06-03-2018 14:47,16402559,5. Outlier Bigidy,0,5.854012065449497,1,1,1,1001,1,1001,0,0,0
140953026,SIS / Henl 6th Mar,A2 460m,06-03-2018 21:08,16404040,4. Savana Min,1,3.722810132,1,1,1,1001,1,1001,0,0,0
140953028,SIS / Henl 6th Mar,S3 550m,06-03-2018 21:26,16522103,5. Savana Jaxxon,0,4.1,1,1,1,1001,1,1001,0,0,0
140951287,RPGTV / Sheff 6th Mar,A3 500m,06-03-2018 21:32,16790592,2. Cnoc Conoir,0,2.9840978202078263,1,1,1,1001,1,1001,0,0,0
140950202,TRP / Nott (F/C) 6th Mar,Forecast,06-03-2018 13:04,17002741,5 - 6,0,,1,1,1,1001,1,1001,0,0,0
140941383,NZL / Addi (NZL) 6th mar,R1 295m C0,06-03-2018 01:18,17032998,2. Goldstar Diesel,1,,1,8.44743260590500641848523748395378690629,1,1001,1,1001,31.16,0,0
140951298,RPGTV / Sheff (F/C) 6th Mar,Forecast,06-03-2018 20:13,17002630,1 - 3,0,,1,1,1,1001,1,1001,0,0,0
140950412,SIS / Hove (F/C) 6th Mar,Forecast,06-03-2018 14:52,17002630,1 - 3,0,,1,1,1,1001,1,1001,0,0,0
140951347,TRP / Sund (F/C) 6th Mar,Forecast,06-03-2018 18:11,17002630,1 - 3,0,,1,1,1,1001,1,1001,0,0,0
140952000,SIS / CPark (F/C) 6th Mar,Forecast,06-03-2018 12:54,17002631,1 - 4,0,,1,1,1,1001,1,1001,0,0,0
140951302,RPGTV / Sheff (F/C) 6th Mar,Forecast,06-03-2018 21:14,17002631,1 - 4,0,,1,1,1,1001,1,1001,0,0,0
140950455,TRP / Kinsl (F/C) 6th Mar,Forecast,06-03-2018 11:57,17002631,1 - 4,0,,1,1,1,1001,1,1001,0,0,0
140951299,RPGTV / Sheff (F/C) 6th Mar,Forecast,06-03-2018 20:28,17002631,1 - 4,0,,1,1,1,1001,1,1001,0,0,0
140952864,SIS / Crayfd (F/C) 6th Mar,Forecast,06-03-2018 12:01,17002631,1 - 4,0,,1,1,1,1001,1,1001,0,0,0
140953347,SIS / Henl (F/C) 6th Mar,Forecast,06-03-2018 21:26,17002631,1 - 4,0,,1,1,1,1001,1,1001,0,0,0
140951295,RPGTV / Sheff (F/C) 6th Mar,Forecast,06-03-2018 19:26,17002632,1 - 6,0,,1,1,1,1001,1,1001,0,0,0
140951388,SIS / Monm (F/C) 6th Mar,Forecast,06-03-2018 17:18,17002632,1 - 6,0,,1,1,1,1001,1,1001,0,0,0
140950421,SIS / Hove (F/C) 6th Mar,Forecast,06-03-2018 17:44,17002632,1 - 6,0,,1,1,1,1001,1,1001,0,0,0
140952860,SIS / Crayfd (F/C) 6th Mar,Forecast,06-03-2018 11:01,17002633,2 - 1,0,,1,1,1,1001,1,1001,0,0,0
140952862,SIS / Crayfd (F/C) 6th Mar,Forecast,06-03-2018 11:31,17002633,2 - 1,0,,1,1,1,1001,1,1001,0,0,0
140951380,SIS / Monm (F/C) 6th Mar,Forecast,06-03-2018 14:42,17002633,2 - 1,0,,1,1,1,1001,1,1001,0,0,0
140950201,TRP / Nott (F/C) 6th Mar,Forecast,06-03-2018 12:47,17002633,2 - 1,0,,1,1,1,1001,1,1001,0,0,0
140953337,SIS / Henl (F/C) 6th Mar,Forecast,06-03-2018 18:44,17002633,2 - 1,0,,1,1,1,1001,1,1001,0,0,0
140952003,SIS / CPark (F/C) 6th Mar,Forecast,06-03-2018 13:39,17002633,2 - 1,0,,1,1,1,1001,1,1001,0,0,0
140951385,SIS / Monm (F/C) 6th Mar,Forecast,06-03-2018 16:19,17002633,2 - 1,0,,1,1,1,1001,1,1001,0,0,0
140953346,SIS / Henl (F/C) 6th Mar,Forecast,06-03-2018 21:08,17002635,2 - 3,0,,1,1,1,1001,1,1001,0,0,0
140951999,SIS / CPark (F/C) 6th Mar,Forecast,06-03-2018 12:39,17002635,2 - 3,0,,1,1,1,1001,1,1001,0,0,0
140950454,TRP / Kinsl (F/C) 6th Mar,Forecast,06-03-2018 11:42,17002635,2 - 3,0,,1,1,1,1001,1,1001,0,0,0
140953347,SIS / Henl (F/C) 6th Mar,Forecast,06-03-2018 21:26,17002636,2 - 4,0,,1,1,1,1001,1,1001,0,0,0
140950420,SIS / Hove (F/C) 6th Mar,Forecast,06-03-2018 17:28,17002639,2 - 6,0,,1,1,1,1001,1,1001,0,0,0
140950417,SIS / Hove (F/C) 6th Mar,Forecast,06-03-2018 16:29,17002674,3 - 1,0,,1,1,1,1001,1,1001,0,0,0
140951336,TRP / Sund (F/C) 6th Mar,Forecast,06-03-2018 14:47,17002677,3 - 4,0,,1,1,1,1001,1,1001,0,0,0
140953553,SIS / Crayfd (F/C) 6th Mar,Forecast,06-03-2018 18:49,17002677,3 - 4,0,,1,1,1,1001,1,1001,0,0,0
140951993,SIS / CPark (F/C) 6th Mar,Forecast,06-03-2018 11:09,17002678,3 - 5,0,,1,1,1,1001,1,1001,0,0,0
140952863,SIS / Crayfd (F/C) 6th Mar,Forecast,06-03-2018 11:46,17002678,3 - 5,0,,1,1,1,1001,1,1001,0,0,0
140951336,TRP / Sund (F/C) 6th Mar,Forecast,06-03-2018 14:47,17002678,3 - 5,0,,1,1,1,1001,1,1001,0,0,0
140951993,SIS / CPark (F/C) 6th Mar,Forecast,06-03-2018 11:09,17002679,3 - 6,0,,1,1,1,1001,1,1001,0,0,0
140954341,RPGTV / Poole (F/C) 6th Mar,Forecast,06-03-2018 21:07,17002679,3 - 6,0,,1,1,1,1001,1,1001,0,0,0
140951388,SIS / Monm (F/C) 6th Mar,Forecast,06-03-2018 17:18,17002680,4 - 1,0,,1,1,1,1001,1,1001,0,0,0
140951297,RPGTV / Sheff (F/C) 6th Mar,Forecast,06-03-2018 19:58,17002683,4 - 2,1,,1,1,1,1001,1,1001,0,0,0
140952862,SIS / Crayfd (F/C) 6th Mar,Forecast,06-03-2018 11:31,17002683,4 - 2,0,,1,1,1,1001,1,1001,0,0,0
140950415,SIS / Hove (F/C) 6th Mar,Forecast,06-03-2018 15:49,17002683,4 - 2,0,,1,1,1,1001,1,1001,0,0,0
140951337,TRP / Sund (F/C) 6th Mar,Forecast,06-03-2018 15:07,17002684,4 - 3,0,,1,1,1,1001,1,1001,0,0,0
140950421,SIS / Hove (F/C) 6th Mar,Forecast,06-03-2018 17:44,17002684,4 - 3,0,,1,1,1,1001,1,1001,0,0,0
140950201,TRP / Nott (F/C) 6th Mar,Forecast,06-03-2018 12:47,17002686,4 - 5,0,,1,1,1,1001,1,1001,0,0,0
140951294,RPGTV / Sheff (F/C) 6th Mar,Forecast,06-03-2018 19:11,17002686,4 - 5,0,,1,1,1,1001,1,1001,0,0,0
140951338,TRP / Sund (F/C) 6th Mar,Forecast,06-03-2018 15:28,17002686,4 - 5,0,,1,1,1,1001,1,1001,0,0,0
140950414,SIS / Hove (F/C) 6th Mar,Forecast,06-03-2018 15:29,17002686,4 - 5,0,,1,1,1,1001,1,1001,0,0,0
140951385,SIS / Monm (F/C) 6th Mar,Forecast,06-03-2018 16:19,17002686,4 - 5,0,,1,1,1,1001,1,1001,0,0,0
140950204,TRP / Nott (F/C) 6th Mar,Forecast,06-03-2018 13:33,17002687,4 - 6,0,,1,1,1,1001,1,1001,0,0,0
140954338,RPGTV / Poole (F/C) 6th Mar,Forecast,06-03-2018 20:22,17002687,4 - 6,0,,1,1,1,1001,1,1001,0,0,0
140953554,SIS / Crayfd (F/C) 6th Mar,Forecast,06-03-2018 19:07,17002688,5 - 1,0,,1,1,1,1001,1,1001,0,0,0
140951344,TRP / Sund (F/C) 6th Mar,Forecast,06-03-2018 17:22,17002688,5 - 1,0,,1,1,1,1001,1,1001,0,0,0
140954341,RPGTV / Poole (F/C) 6th Mar,Forecast,06-03-2018 21:07,17002688,5 - 1,0,,1,1,1,1001,1,1001,0,0,0
140951295,RPGTV / Sheff (F/C) 6th Mar,Forecast,06-03-2018 19:26,17002689,5 - 2,0,,1,1,1,1001,1,1001,0,0,0
140953338,SIS / Henl (F/C) 6th Mar,Forecast,06-03-2018 19:02,17002689,5 - 2,0,,1,1,1,1001,1,1001,0,0,0
140953562,SIS / Crayfd (F/C) 6th Mar,Forecast,06-03-2018 21:16,17002689,5 - 2,0,,1,1,1,1001,1,1001,0,0,0
140951997,SIS / CPark (F/C) 6th Mar,Forecast,06-03-2018 12:09,17002690,5 - 3,0,,1,1,1,1001,1,1001,0,0,0
140954331,RPGTV / Poole (F/C) 6th Mar,Forecast,06-03-2018 18:28,17002691,5 - 4,0,,1,1,1,1001,1,1001,0,0,0
140954341,RPGTV / Poole (F/C) 6th Mar,Forecast,06-03-2018 21:07,17002691,5 - 4,0,,1,1,1,1001,1,1001,0,0,0
140952869,SIS / Crayfd (F/C) 6th Mar,Forecast,06-03-2018 13:16,17002694,6 - 2,0,,1,1,1,1001,1,1001,0,0,0
140952870,SIS / Crayfd (F/C) 6th Mar,Forecast,06-03-2018 13:31,17002694,6 - 2,0,,1,1,1,1001,1,1001,0,0,0
140953552,SIS / Crayfd (F/C) 6th Mar,Forecast,06-03-2018 18:33,17002695,6 - 3,0,,1,1,1,1001,1,1001,0,0,0
140951383,SIS / Monm (F/C) 6th Mar,Forecast,06-03-2018 15:39,17002696,6 - 4,0,,1,1,1,1001,1,1001,0,0,0
140951388,SIS / Monm (F/C) 6th Mar,Forecast,06-03-2018 17:18,17002697,6 - 5,0,,1,1,1,1001,1,1001,0,0,0
140950462,TRP / Kinsl (F/C) 6th Mar,Forecast,06-03-2018 13:44,17002697,6 - 5,0,,1,1,1,1001,1,1001,0,0,0
140954338,RPGTV / Poole (F/C) 6th Mar,Forecast,06-03-2018 20:22,17002568,1 - 2,0,,1,1,1,1001,1,1001,0,0,0
140953563,SIS / Crayfd (F/C) 6th Mar,Forecast,06-03-2018 21:30,17002568,1 - 2,0,,1,1,1,1001,1,1001,0,0,0
140952004,SIS / CPark (F/C) 6th Mar,Forecast,06-03-2018 13:57,17002568,1 - 2,0,,1,1,1,1001,1,1001,0,0,0
140941405,NZL / Addi (NZL) 6th mar,R12 295m C1,06-03-2018 04:36,17295790,7. Homebush Hazel,1,,1,11.29109274563820018365472910927456382,1,1001,1,1001,196.02,0,0
140952555,SIS / Crayfd 6th Mar,A4 380m,06-03-2018 11:16,17504557,5. Tommys Alarm,0,14,1,1,1,1001,1,1001,0,0,0
140941047,AUS / Town (AUS) 6th Mar,R4 380m Heat,06-03-2018 09:55,4334561,6. Beaming Bouncer,0,23,1,20.9659090909090909090909090909090909091,1,1001,1,1001,228.8,0,0
140951299,RPGTV / Sheff (F/C) 6th Mar,Forecast,06-03-2018 20:28,6953192,1 - 5,0,,1,1,1,1001,1,1001,0,0,0
140952866,SIS / Crayfd (F/C) 6th Mar,Forecast,06-03-2018 12:31,6953192,1 - 5,0,,1,1,1,1001,1,1001,0,0,0
140953347,SIS / Henl (F/C) 6th Mar,Forecast,06-03-2018 21:26,6953192,1 - 5,0,,1,1,1,1001,1,1001,0,0,0
140941306,AUS / Gawl (AUS) 6th Mar,R9 400m Gr5,06-03-2018 03:57,10022439,4. Garry Mcbain,0,15.5,1,14.6933151432469304229195088676671214188,1,1001,1,1001,73.3,0,0
140941187,AUS / Devn (AUS) 6th Mar,R11 452m Gr5,06-03-2018 05:02,10195404,8. Hat Trick Babe,0,33.47801992581924,1,17.8236607142857142857142857142857142857,1,1001,1,1001,116.48,0,0
140953454,SIS / Crayfd 6th Mar,A7 380m,06-03-2018 21:16,10448612,2. Muskerry Mona,0,8.790056368701624,1,1,1,1001,1,1001,0,0,0
140941173,AUS / Devn (AUS) 6th Mar,R7 452m FFA,06-03-2018 03:49,10725058,2. Invictus Rapid,0,3.8001365443917168,1,2.85963255974070682073565995700098079334,1,1001,1,1001,3079.14,0,0
140941312,AUS / Gawl (AUS) 6th Mar,R11 400m FFA,06-03-2018 04:37,11983788,2. Deed,0,34.730753552,1,23.681888544891640866873065015479876161,1,1001,1,1001,77.52,0,0
140951908,SIS / CPark 6th Mar,A2 480m,06-03-2018 13:57,12267060,6. Always Happy,0,8.8,1,1,1,1001,1,1001,0,0,0
140941221,AUS / Lism (AUS) 6th Mar,R2 420m Gr5,06-03-2018 08:06,12446515,1. Jetsetting Diva,1,2.591669370649579,1,2.64545525811024935368192811275123008923,1,1001,1,1001,2398.2,0,0
140953682,RPGTV / Poole 6th Mar,HC 450m,06-03-2018 20:22,12568215,2. Fairhill Dan,0,29,1,1,1,1001,1,1001,0,0,0
140951908,SIS / CPark 6th Mar,A2 480m,06-03-2018 13:57,13058049,4. View Strength,1,4.3,1,1,1,1001,1,1001,0,0,0
140941379,AUS / Mand (AUS) 6th Mar,R10 490m Gr4/5,06-03-2018 13:02,13860283,8. Yunderup Rocket,0,15.543213070193305,1,1,1,1001,1,1001,0,0,0
140952573,SIS / Crayfd 6th Mar,A5 380m,06-03-2018 13:31,13965848,4. Manonamission,1,3.9,1,1,1,1001,1,1001,0,0,0
140953678,RPGTV / Poole 6th Mar,A6 450m,06-03-2018 19:52,15145566,4. Loggies Ki,0,7.8,1,1,1,1001,1,1001,0,0,0
140941308,AUS / Gawl (AUS) 6th Mar,R10 400m Gr5,06-03-2018 04:17,15946272,5. Zoometrical,0,57.8150341104716,1,23.8915492957746478873239436619718309859,1,1001,1,1001,14.2,0,0
140953010,SIS / Henl 6th Mar,A6 460m,06-03-2018 19:02,16171298,6. Woodcocks Anya,0,9.162229304306674,1,1,1,1001,1,1001,0,0,0
140953456,SIS / Crayfd 6th Mar,A8 380m,06-03-2018 21:30,16403044,2. Jaxx What Else,1,9.030261270142871,1,1,1,1001,1,1001,0,0,0
140941235,AUS / Warr (AUS) 6th Mar,R3 390m Rest,06-03-2018 04:34,16407832,7. Quick Defence,0,3.95,1,2.81615298605630097342804525124967113917,1,1001,1,1001,1520.4,0,0
140953434,SIS / Crayfd 6th Mar,A6 380m,06-03-2018 18:33,16889997,1. Kelva Matty,0,7.2,1,1,1,1001,1,1001,0,0,0
140953558,SIS / Crayfd (F/C) 6th Mar,Forecast,06-03-2018 20:11,17002741,5 - 6,0,,1,1,1,1001,1,1001,0,0,0
140951997,SIS / CPark (F/C) 6th Mar,Forecast,06-03-2018 12:09,17002741,5 - 6,0,,1,1,1,1001,1,1001,0,0,0
140953338,SIS / Henl (F/C) 6th Mar,Forecast,06-03-2018 19:02,17002741,5 - 6,0,,1,1,1,1001,1,1001,0,0,0
140950205,TRP / Nott (F/C) 6th Mar,Forecast,06-03-2018 13:51,17002741,5 - 6,0,,1,1,1,1001,1,1001,0,0,0
140941175,AUS / Ipsw (AUS) 6th Mar,R5 431m Gr5,06-03-2018 06:07,17191384,5. Cawbourne Bigred,0,19.5,1,14.8561511139812721989021633839199225057,1,1001,1,1001,61.94,0,0
140953340,SIS / Henl (F/C) 6th Mar,Forecast,06-03-2018 19:33,17002630,1 - 3,0,,1,1,1,1001,1,1001,0,0,0
140953558,SIS / Crayfd (F/C) 6th Mar,Forecast,06-03-2018 20:11,17002631,1 - 4,0,,1,1,1,1001,1,1001,0,0,0
140950200,TRP / Nott (F/C) 6th Mar,Forecast,06-03-2018 12:32,17002631,1 - 4,0,,1,1,1,1001,1,1001,0,0,0
140951378,SIS / Monm (F/C) 6th Mar,Forecast,06-03-2018 14:06,17002631,1 - 4,0,,1,1,1,1001,1,1001,0,0,0
140952866,SIS / Crayfd (F/C) 6th Mar,Forecast,06-03-2018 12:31,17002631,1 - 4,0,,1,1,1,1001,1,1001,0,0,0
140952003,SIS / CPark (F/C) 6th Mar,Forecast,06-03-2018 13:39,17002631,1 - 4,0,,1,1,1,1001,1,1001,0,0,0
140951346,TRP / Sund (F/C) 6th Mar,Forecast,06-03-2018 17:56,17002631,1 - 4,0,,1,1,1,1001,1,1001,0,0,0
140953340,SIS / Henl (F/C) 6th Mar,Forecast,06-03-2018 19:33,17002632,1 - 6,0,,1,1,1,1001,1,1001,0,0,0
140950458,TRP / Kinsl (F/C) 6th Mar,Forecast,06-03-2018 12:42,17002632,1 - 6,0,,1,1,1,1001,1,1001,0,0,0
140950197,TRP / Nott (F/C) 6th Mar,Forecast,06-03-2018 11:48,17002632,1 - 6,0,,1,1,1,1001,1,1001,0,0,0
140951994,SIS / CPark (F/C) 6th Mar,Forecast,06-03-2018 11:24,17002633,2 - 1,0,,1,1,1,1001,1,1001,0,0,0
140950423,SIS / Hove (F/C) 6th Mar,Forecast,06-03-2018 18:19,17002633,2 - 1,1,,1,1,1,1001,1,1001,0,0,0
140951341,TRP / Sund (F/C) 6th Mar,Forecast,06-03-2018 16:27,17002633,2 - 1,0,,1,1,1,1001,1,1001,0,0,0
140953340,SIS / Henl (F/C) 6th Mar,Forecast,06-03-2018 19:33,17002635,2 - 3,0,,1,1,1,1001,1,1001,0,0,0
140951390,SIS / Monm (F/C) 6th Mar,Forecast,06-03-2018 17:54,17002636,2 - 4,0,,1,1,1,1001,1,1001,0,0,0
140951386,SIS / Monm (F/C) 6th Mar,Forecast,06-03-2018 16:39,17002636,2 - 4,0,,1,1,1,1001,1,1001,0,0,0
140952866,SIS / Crayfd (F/C) 6th Mar,Forecast,06-03-2018 12:31,17002637,2 - 5,0,,1,1,1,1001,1,1001,0,0,0
140951343,TRP / Sund (F/C) 6th Mar,Forecast,06-03-2018 17:07,17002637,2 - 5,0,,1,1,1,1001,1,1001,0,0,0
140950458,TRP / Kinsl (F/C) 6th Mar,Forecast,06-03-2018 12:42,17002639,2 - 6,0,,1,1,1,1001,1,1001,0,0,0
140951294,RPGTV / Sheff (F/C) 6th Mar,Forecast,06-03-2018 19:11,17002639,2 - 6,0,,1,1,1,1001,1,1001,0,0,0
140951386,SIS / Monm (F/C) 6th Mar,Forecast,06-03-2018 16:39,17002639,2 - 6,0,,1,1,1,1001,1,1001,0,0,0
140951383,SIS / Monm (F/C) 6th Mar,Forecast,06-03-2018 15:39,17002639,2 - 6,0,,1,1,1,1001,1,1001,0,0,0
140953336,SIS / Henl (F/C) 6th Mar,Forecast,06-03-2018 18:27,17002674,3 - 1,0,,1,1,1,1001,1,1001,0,0,0
140950195,TRP / Nott (F/C) 6th Mar,Forecast,06-03-2018 11:19,17002674,3 - 1,0,,1,1,1,1001,1,1001,0,0,0
140954335,RPGTV / Poole (F/C) 6th Mar,Forecast,06-03-2018 19:37,17002674,3 - 1,0,,1,1,1,1001,1,1001,0,0,0
140951291,RPGTV / Sheff (F/C) 6th Mar,Forecast,06-03-2018 18:22,17002674,3 - 1,0,,1,1,1,1001,1,1001,0,0,0
140950199,TRP / Nott (F/C) 6th Mar,Forecast,06-03-2018 12:18,17002675,3 - 2,0,,1,1,1,1001,1,1001,0,0,0
140953340,SIS / Henl (F/C) 6th Mar,Forecast,06-03-2018 19:33,17002675,3 - 2,0,,1,1,1,1001,1,1001,0,0,0
140950413,SIS / Hove (F/C) 6th Mar,Forecast,06-03-2018 15:11,17002675,3 - 2,0,,1,1,1,1001,1,1001,0,0,0
140950456,TRP / Kinsl (F/C) 6th Mar,Forecast,06-03-2018 12:12,17002677,3 - 4,0,,1,1,1,1001,1,1001,0,0,0
140953560,SIS / Crayfd (F/C) 6th Mar,Forecast,06-03-2018 20:42,17002677,3 - 4,0,,1,1,1,1001,1,1001,0,0,0
140951304,RPGTV / Sheff (F/C) 6th Mar,Forecast,06-03-2018 21:50,17002677,3 - 4,0,,1,1,1,1001,1,1001,0,0,0
140951391,SIS / Monm (F/C) 6th Mar,Forecast,06-03-2018 18:09,17002677,3 - 4,0,,1,1,1,1001,1,1001,0,0,0
140950421,SIS / Hove (F/C) 6th Mar,Forecast,06-03-2018 17:44,17002678,3 - 5,0,,1,1,1,1001,1,1001,0,0,0
140952863,SIS / Crayfd (F/C) 6th Mar,Forecast,06-03-2018 11:46,17002679,3 - 6,0,,1,1,1,1001,1,1001,0,0,0
140950202,TRP / Nott (F/C) 6th Mar,Forecast,06-03-2018 13:04,17002679,3 - 6,0,,1,1,1,1001,1,1001,0,0,0
140953557,SIS / Crayfd (F/C) 6th Mar,Forecast,06-03-2018 19:54,17002679,3 - 6,0,,1,1,1,1001,1,1001,0,0,0
140950196,TRP / Nott (F/C) 6th Mar,Forecast,06-03-2018 11:34,17002680,4 - 1,0,,1,1,1,1001,1,1001,0,0,0
140952003,SIS / CPark (F/C) 6th Mar,Forecast,06-03-2018 13:39,17002680,4 - 1,0,,1,1,1,1001,1,1001,0,0,0
140952867,SIS / Crayfd (F/C) 6th Mar,Forecast,06-03-2018 12:46,17002683,4 - 2,0,,1,1,1,1001,1,1001,0,0,0
140953557,SIS / Crayfd (F/C) 6th Mar,Forecast,06-03-2018 19:54,17002683,4 - 2,0,,1,1,1,1001,1,1001,0,0,0
140951340,TRP / Sund (F/C) 6th Mar,Forecast,06-03-2018 16:08,17002684,4 - 3,0,,1,1,1,1001,1,1001,0,0,0
140950412,SIS / Hove (F/C) 6th Mar,Forecast,06-03-2018 14:52,17002684,4 - 3,0,,1,1,1,1001,1,1001,0,0,0
140950410,SIS / Hove (F/C) 6th Mar,Forecast,06-03-2018 14:12,17002684,4 - 3,0,,1,1,1,1001,1,1001,0,0,0
140953338,SIS / Henl (F/C) 6th Mar,Forecast,06-03-2018 19:02,17002686,4 - 5,0,,1,1,1,1001,1,1001,0,0,0
140951384,SIS / Monm (F/C) 6th Mar,Forecast,06-03-2018 15:59,17002686,4 - 5,0,,1,1,1,1001,1,1001,0,0,0
140950461,TRP / Kinsl (F/C) 6th Mar,Forecast,06-03-2018 13:27,17002686,4 - 5,0,,1,1,1,1001,1,1001,0,0,0
140953342,SIS / Henl (F/C) 6th Mar,Forecast,06-03-2018 20:06,17002688,5 - 1,0,,1,1,1,1001,1,1001,0,0,0
140951996,SIS / CPark (F/C) 6th Mar,Forecast,06-03-2018 11:54,17002688,5 - 1,0,,1,1,1,1001,1,1001,0,0,0
140951384,SIS / Monm (F/C) 6th Mar,Forecast,06-03-2018 15:59,17002688,5 - 1,0,,1,1,1,1001,1,1001,0,0,0
140953342,SIS / Henl (F/C) 6th Mar,Forecast,06-03-2018 20:06,17002689,5 - 2,0,,1,1,1,1001,1,1001,0,0,0
140951389,SIS / Monm (F/C) 6th Mar,Forecast,06-03-2018 17:37,17002689,5 - 2,0,,1,1,1,1001,1,1001,0,0,0
140950420,SIS / Hove (F/C) 6th Mar,Forecast,06-03-2018 17:28,17002689,5 - 2,0,,1,1,1,1001,1,1001,0,0,0
140950460,TRP / Kinsl (F/C) 6th Mar,Forecast,06-03-2018 13:12,17002689,5 - 2,0,,1,1,1,1001,1,1001,0,0,0
140951291,RPGTV / Sheff (F/C) 6th Mar,Forecast,06-03-2018 18:22,17002689,5 - 2,0,,1,1,1,1001,1,1001,0,0,0
140951301,RPGTV / Sheff (F/C) 6th Mar,Forecast,06-03-2018 20:58,17002690,5 - 3,0,,1,1,1,1001,1,1001,0,0,0
140951297,RPGTV / Sheff (F/C) 6th Mar,Forecast,06-03-2018 19:58,17002695,6 - 3,0,,1,1,1,1001,1,1001,0,0,0
140952000,SIS / CPark (F/C) 6th Mar,Forecast,06-03-2018 12:54,17002695,6 - 3,0,,1,1,1,1001,1,1001,0,0,0
140952871,SIS / Crayfd (F/C) 6th Mar,Forecast,06-03-2018 13:49,17002695,6 - 3,0,,1,1,1,1001,1,1001,0,0,0
140950462,TRP / Kinsl (F/C) 6th Mar,Forecast,06-03-2018 13:44,17002695,6 - 3,0,,1,1,1,1001,1,1001,0,0,0
140954339,RPGTV / Poole (F/C) 6th Mar,Forecast,06-03-2018 20:37,17002695,6 - 3,0,,1,1,1,1001,1,1001,0,0,0
140950458,TRP / Kinsl (F/C) 6th Mar,Forecast,06-03-2018 12:42,17002697,6 - 5,0,,1,1,1,1001,1,1001,0,0,0
140953562,SIS / Crayfd (F/C) 6th Mar,Forecast,06-03-2018 21:16,17002568,1 - 2,0,,1,1,1,1001,1,1001,0,0,0
140941383,NZL / Addi (NZL) 6th mar,R1 295m C0,06-03-2018 01:18,17508031,3. Disobedience,0,,1,4.94310057655349135169762972453555413197,1,1001,1,1001,156.1,0,0
140941395,NZL / Addi (NZL) 6th mar,R7 520m C1,06-03-2018 03:07,17508053,5. Loose Donald,0,,1,22,1,1001,1,1001,2.28,0,0
140951323,TRP / Sund 6th Mar,HC 450m,06-03-2018 17:07,17406438,1. Allowdale Katie,0,3.048262602,1,1,1,1001,1,1001,0,0,0
140951375,SIS / Monm 6th Mar,A2 480m,06-03-2018 18:09,17520421,3. Fabulous Juice (RES),0,8.2,1,1,1,1001,1,1001,0,0,0
140953340,SIS / Henl (F/C) 6th Mar,Forecast,06-03-2018 19:33,6953192,1 - 5,0,,1,1,1,1001,1,1001,0,0,0
140951335,TRP / Sund (F/C) 6th Mar,Forecast,06-03-2018 14:27,6953192,1 - 5,0,,1,1,1,1001,1,1001,0,0,0
140950462,TRP / Kinsl (F/C) 6th Mar,Forecast,06-03-2018 13:44,6953192,1 - 5,0,,1,1,1,1001,1,1001,0,0,0
140941285,AUS / Warr (AUS) 6th Mar,R8 450m Gr4/5,06-03-2018 06:22,10531834,3. Tiggerlong Boo,0,6.375343530587271,1,6.37085027746584826052353281074539646544,1,1001,1,1001,3668.92,0,0
140941361,AUS / Mand (AUS) 6th Mar,R1 405m Final,06-03-2018 10:02,10900046,2. Kid Kuri,0,161.24615572072565,1,77.4515989159891598915989159891598915989,1,1001,1,1001,184.5,0,0
140941369,AUS / Mand (AUS) 6th Mar,R5 405m Gr4/5,06-03-2018 11:23,11285054,3. Stockholm,0,12.841364226494917,1,1,1,1001,1,1001,0,0,0
140950389,SIS / Hove 6th Mar,A5 515m,06-03-2018 17:44,11417596,3. Brinkleys Maria,0,11.120833646690008,1,1,1,1001,1,1001,0,0,0
140950168,TRP / Nott 6th Mar,A2 500m,06-03-2018 12:18,12142730,2. Revilo Bob,0,17.097619136605335,1,1,1,1001,1,1001,0,0,0
140951289,RPGTV / Sheff 6th Mar,A1 500m,06-03-2018 21:50,12142974,6. Droopys Baresi,0,6.2676174735021775,1,1,1,1001,1,1001,0,0,0
140953028,SIS / Henl 6th Mar,S3 550m,06-03-2018 21:26,12212354,4. Savana Lucy,0,46,1,1,1,1001,1,1001,0,0,0
140941163,AUS / Devn (AUS) 6th Mar,R4 580m Gr5,06-03-2018 02:47,12807100,8. Sweet Abbella,0,236.18603749973613,1,130.957186544342507645259938837920489297,1,1001,1,1001,52.32,0,0
140941167,AUS / Devn (AUS) 6th Mar,R5 580m Gr5,06-03-2018 03:04,13527576,8. Miny Mo,0,2.5151616461714736,1,2.34907042276901879572873393398876987371,1,1001,1,1001,4819.18,0,0
141000114,Match Bets / Sheff (AvB) 6th Mar,Move Over Eliza v Princess Aurora,06-03-2018 19:26,13546709,2. Move Over Eliza,0,,1,1,1,1001,1,1001,0,0,0
141000115,Match Bets / Sheff (AvB) 6th Mar,Swift Bosch v Vigorous Bocko,06-03-2018 19:42,13881512,4. Vigorous Bocko,0,,1,1,1,1001,1,1001,0,0,0
140964311,NZL / Hatr (NZL) 7th Mar,R3 305m Final,06-03-2018 23:51,14379621,6. Star Secret,0,,1,1,1,1001,1,1001,0,0,0
140952571,SIS / Crayfd 6th Mar,E3 714m,06-03-2018 13:16,14523714,3. Lucky Pedro,1,6.720599756,1,1,1,1001,1,1001,0,0,0
140951351,SIS / Monm 6th Mar,A4 480m,06-03-2018 14:22,15371162,5. Cee Jay Kickham,0,8.2,1,1,1,1001,1,1001,0,0,0
140950158,TRP / Nott 6th Mar,A4 500m,06-03-2018 11:03,16561070,2. Caribbean Tyson,1,5.946640977,1,1,1,1001,1,1001,0,0,0
140941211,AUS / Mait (AUS) 6th Mar,R8 450m Gr4/5,06-03-2018 10:18,16342068,1. Causing Havoc,0,11,1,9.2907780056395795949756472699307869777,1,1001,1,1001,624.16,0,0
140951363,SIS / Monm 6th Mar,A5 480m,06-03-2018 16:19,16634147,3. Moyar Leaf,0,6.089428528,1,1,1,1001,1,1001,0,0,0
140951886,SIS / CPark 6th Mar,D2 265m,06-03-2018 11:09,17164791,3. Sup Seamie,1,6.8,1,1,1,1001,1,1001,0,0,0
140951275,RPGTV / Sheff 6th Mar,OR 280m,06-03-2018 19:58,17353149,5. Idle Dan,0,32,1,1,1,1001,1,1001,0,0,0
140951343,TRP / Sund (F/C) 6th Mar,Forecast,06-03-2018 17:07,17002741,5 - 6,0,,1,1,1,1001,1,1001,0,0,0
140950201,TRP / Nott (F/C) 6th Mar,Forecast,06-03-2018 12:47,17002630,1 - 3,0,,1,1,1,1001,1,1001,0,0,0
140954338,RPGTV / Poole (F/C) 6th Mar,Forecast,06-03-2018 20:22,17002631,1 - 4,0,,1,1,1,1001,1,1001,0,0,0
140950418,SIS / Hove (F/C) 6th Mar,Forecast,06-03-2018 16:48,17002631,1 - 4,0,,1,1,1,1001,1,1001,0,0,0
140951338,TRP / Sund (F/C) 6th Mar,Forecast,06-03-2018 15:28,17002633,2 - 1,1,,1,1,1,1001,1,1001,0,0,0
140953342,SIS / Henl (F/C) 6th Mar,Forecast,06-03-2018 20:06,17002636,2 - 4,0,,1,1,1,1001,1,1001,0,0,0
140953560,SIS / Crayfd (F/C) 6th Mar,Forecast,06-03-2018 20:42,17002636,2 - 4,0,,1,1,1,1001,1,1001,0,0,0
140952000,SIS / CPark (F/C) 6th Mar,Forecast,06-03-2018 12:54,17002637,2 - 5,0,,1,1,1,1001,1,1001,0,0,0
140953562,SIS / Crayfd (F/C) 6th Mar,Forecast,06-03-2018 21:16,17002637,2 - 5,0,,1,1,1,1001,1,1001,0,0,0
140951389,SIS / Monm (F/C) 6th Mar,Forecast,06-03-2018 17:37,17002637,2 - 5,0,,1,1,1,1001,1,1001,0,0,0
140951302,RPGTV / Sheff (F/C) 6th Mar,Forecast,06-03-2018 21:14,17002639,2 - 6,0,,1,1,1,1001,1,1001,0,0,0
140951998,SIS / CPark (F/C) 6th Mar,Forecast,06-03-2018 12:24,17002639,2 - 6,0,,1,1,1,1001,1,1001,0,0,0
140951389,SIS / Monm (F/C) 6th Mar,Forecast,06-03-2018 17:37,17002639,2 - 6,0,,1,1,1,1001,1,1001,0,0,0
140950199,TRP / Nott (F/C) 6th Mar,Forecast,06-03-2018 12:18,17002674,3 - 1,0,,1,1,1,1001,1,1001,0,0,0
140952871,SIS / Crayfd (F/C) 6th Mar,Forecast,06-03-2018 13:49,17002674,3 - 1,0,,1,1,1,1001,1,1001,0,0,0
140953561,SIS / Crayfd (F/C) 6th Mar,Forecast,06-03-2018 20:58,17002674,3 - 1,0,,1,1,1,1001,1,1001,0,0,0
140951300,RPGTV / Sheff (F/C) 6th Mar,Forecast,06-03-2018 20:43,17002675,3 - 2,0,,1,1,1,1001,1,1001,0,0,0
140954335,RPGTV / Poole (F/C) 6th Mar,Forecast,06-03-2018 19:37,17002677,3 - 4,0,,1,1,1,1001,1,1001,0,0,0
140951387,SIS / Monm (F/C) 6th Mar,Forecast,06-03-2018 16:58,17002677,3 - 4,0,,1,1,1,1001,1,1001,0,0,0
140951337,TRP / Sund (F/C) 6th Mar,Forecast,06-03-2018 15:07,17002678,3 - 5,0,,1,1,1,1001,1,1001,0,0,0
140950417,SIS / Hove (F/C) 6th Mar,Forecast,06-03-2018 16:29,17002679,3 - 6,0,,1,1,1,1001,1,1001,0,0,0
140954333,RPGTV / Poole (F/C) 6th Mar,Forecast,06-03-2018 19:06,17002679,3 - 6,0,,1,1,1,1001,1,1001,0,0,0
140951297,RPGTV / Sheff (F/C) 6th Mar,Forecast,06-03-2018 19:58,17002680,4 - 1,0,,1,1,1,1001,1,1001,0,0,0
140953556,SIS / Crayfd (F/C) 6th Mar,Forecast,06-03-2018 19:38,17002680,4 - 1,0,,1,1,1,1001,1,1001,0,0,0
140950416,SIS / Hove (F/C) 6th Mar,Forecast,06-03-2018 16:09,17002680,4 - 1,0,,1,1,1,1001,1,1001,0,0,0
140950463,TRP / Kinsl (F/C) 6th Mar,Forecast,06-03-2018 13:58,17002680,4 - 1,0,,1,1,1,1001,1,1001,0,0,0
140953336,SIS / Henl (F/C) 6th Mar,Forecast,06-03-2018 18:27,17002686,4 - 5,0,,1,1,1,1001,1,1001,0,0,0
140950457,TRP / Kinsl (F/C) 6th Mar,Forecast,06-03-2018 12:27,17002686,4 - 5,0,,1,1,1,1001,1,1001,0,0,0
140950195,TRP / Nott (F/C) 6th Mar,Forecast,06-03-2018 11:19,17002687,4 - 6,0,,1,1,1,1001,1,1001,0,0,0
140951340,TRP / Sund (F/C) 6th Mar,Forecast,06-03-2018 16:08,17002688,5 - 1,0,,1,1,1,1001,1,1001,0,0,0
140951381,SIS / Monm (F/C) 6th Mar,Forecast,06-03-2018 15:02,17002688,5 - 1,0,,1,1,1,1001,1,1001,0,0,0
140950419,SIS / Hove (F/C) 6th Mar,Forecast,06-03-2018 17:08,17002690,5 - 3,0,,1,1,1,1001,1,1001,0,0,0
140950413,SIS / Hove (F/C) 6th Mar,Forecast,06-03-2018 15:11,17002693,6 - 1,0,,1,1,1,1001,1,1001,0,0,0
140953337,SIS / Henl (F/C) 6th Mar,Forecast,06-03-2018 18:44,17002693,6 - 1,0,,1,1,1,1001,1,1001,0,0,0
140950205,TRP / Nott (F/C) 6th Mar,Forecast,06-03-2018 13:51,17002694,6 - 2,0,,1,1,1,1001,1,1001,0,0,0
140951389,SIS / Monm (F/C) 6th Mar,Forecast,06-03-2018 17:37,17002694,6 - 2,0,,1,1,1,1001,1,1001,0,0,0
140951382,SIS / Monm (F/C) 6th Mar,Forecast,06-03-2018 15:19,17002695,6 - 3,0,,1,1,1,1001,1,1001,0,0,0
140950205,TRP / Nott (F/C) 6th Mar,Forecast,06-03-2018 13:51,17002695,6 - 3,0,,1,1,1,1001,1,1001,0,0,0
140953339,SIS / Henl (F/C) 6th Mar,Forecast,06-03-2018 19:17,17002696,6 - 4,0,,1,1,1,1001,1,1001,0,0,0
140951391,SIS / Monm (F/C) 6th Mar,Forecast,06-03-2018 18:09,17002568,1 - 2,0,,1,1,1,1001,1,1001,0,0,0
140941321,AUS / Geel (AUS) 6th Mar,R2 400m Mdn,06-03-2018 05:08,17296288,6. Dyna Carl,0,3.5,1,3.3609742342579203365321414486657026423,1,1001,1,1001,7607,0,0
140941249,AUS / Lism (AUS) 6th Mar,R10 420m Gr5,06-03-2018 10:45,17508634,10. Nikolucky,0,30.088900983,1,5.04660347551342812006319115323854660348,1,1001,1,1001,113.94,0,0
140964309,NZL / Hatr (NZL) 7th Mar,R2 520m C0,06-03-2018 23:33,17524434,8. Bigtime Winter,0,,1,1,1,1001,1,1001,0,0,0
140941041,AUS / Town (AUS) 6th Mar,R1 380m Mdn,06-03-2018 08:55,17508791,6. Strong Enough,0,36.775263436753306,1,19.3794509377548246806197336232671921718,1,1001,1,1001,147.16,0,0
140941314,AUS / Cran (AUS) 6th Mar,R2 311m Heat,06-03-2018 08:09,17508455,5. Why Not Loz,1,3.690887996,1,3.62951734073077518364625623563868417606,1,1001,1,1001,1679.86,0,0
140951886,SIS / CPark 6th Mar,D2 265m,06-03-2018 11:09,17437864,6. Bellside Hibe,0,7.718687579,1,1,1,1001,1,1001,0,0,0
140951888,SIS / CPark 6th Mar,A8 480m,06-03-2018 11:24,17437869,5. Our Steve,0,8,1,1,1,1001,1,1001,0,0,0
140941159,AUS / Ipsw (AUS) 6th Mar,R1 431m Heat,06-03-2018 04:52,17508626,8. Noire Dream,0,16.169619660899045,1,11.3103951504265828468792096991468343062,1,1001,1,1001,89.08,0,0
140954331,RPGTV / Poole (F/C) 6th Mar,Forecast,06-03-2018 18:28,6953192,1 - 5,0,,1,1,1,1001,1,1001,0,0,0
140951391,SIS / Monm (F/C) 6th Mar,Forecast,06-03-2018 18:09,6953192,1 - 5,0,,1,1,1,1001,1,1001,0,0,0
140951902,SIS / CPark 6th Mar,A1 480m,06-03-2018 13:08,9451887,5. Left Over Lolly,0,8.8,1,1,1,1001,1,1001,0,0,0
140951311,TRP / Sund 6th Mar,D3 261m,06-03-2018 15:07,10656732,5. Ryecroft Alba Bo,0,9,1,1,1,1001,1,1001,0,0,0
140951359,SIS / Monm 6th Mar,A5 480m,06-03-2018 15:39,10674143,2. Letsgo Moody,1,7.847196745341643,1,1,1,1001,1,1001,0,0,0
140950367,SIS / Hove 6th Mar,A5 515m,06-03-2018 14:12,12055677,1. Apple Buttons,0,10.616479950868236,1,1,1,1001,1,1001,0,0,0
140951323,TRP / Sund 6th Mar,HC 450m,06-03-2018 17:07,12179364,3. Killeacle Sassy,0,9.188251817481941,1,1,1,1001,1,1001,0,0,0
140941399,NZL / Addi (NZL) 6th mar,R9 520m C1,06-03-2018 03:42,12425611,9. Kay Bomb,0,,1,6.04147350993377483443708609271523178808,1,1001,1,1001,96.64,0,0
141000115,Match Bets / Sheff (AvB) 6th Mar,Swift Bosch v Vigorous Bocko,06-03-2018 19:42,12761053,3. Swift Bosch,1,,1,1,1,1001,1,1001,0,0,0
140951279,RPGTV / Sheff 6th Mar,OR 660m,06-03-2018 20:28,12733650,4. Kilara Pharoah,0,26.528794798,1,1,1,1001,1,1001,0,0,0
140941399,NZL / Addi (NZL) 6th mar,R9 520m C1,06-03-2018 03:42,12713967,8. Amelia Rob,0,,1,24.8123872519542994588093806374022850271,1,1001,1,1001,33.26,0,0
140951892,SIS / CPark 6th Mar,A4 480m,06-03-2018 11:54,13033078,4. Killinan Diamond,0,9.513216080694107,1,1,1,1001,1,1001,0,0,0
140941385,NZL / Addi (NZL) 6th mar,R2 295m C0,06-03-2018 01:34,13313745,8. Goldstar Alfie,0,,1,23.981280788177339901477832512315270936,1,1001,1,1001,20.3,0,0
140952553,SIS / Crayfd 6th Mar,A8 380m,06-03-2018 11:01,13455692,2. Dipton Spark,0,6.509360717865201,1,7.16022524175431597023143782140101687966,1,1001,1,1001,941.86,0,0
140953668,RPGTV / Poole 6th Mar,A6 450m,06-03-2018 18:28,13523808,1. Lavender Blue,0,7.6,1,1,1,1001,1,1001,0,0,0
140951277,RPGTV / Sheff 6th Mar,OR 280m,06-03-2018 20:13,15141965,6. Boozed Gold,1,3.5,1,1,1,1001,1,1001,0,0,0
140952555,SIS / Crayfd 6th Mar,A4 380m,06-03-2018 11:16,15405323,1. Sorcha At Ten,0,4.9880283047075515,1,1,1,1001,1,1001,0,0,0
140941045,AUS / Town (AUS) 6th Mar,R3 380m Nvce,06-03-2018 09:35,15409433,6. Poppy Chooky,0,47.94269738453731,1,31.0432886271944171846036419147312179697,1,1001,1,1001,183.42,0,0
140950162,TRP / Nott 6th Mar,A1 500m,06-03-2018 11:34,15544298,2. So Its Goldie,0,7.437311848,1,1,1,1001,1,1001,0,0,0
140941199,AUS / Mait (AUS) 6th Mar,R2 400m Heat,06-03-2018 08:18,15723259,3. Steves Belief,1,4.8,1,4.98987097396956144020077866083207310403,1,1001,1,1001,2486.32,0,0
140941393,NZL / Addi (NZL) 6th mar,R6 295m C1,06-03-2018 02:49,16248850,2. Goldstar Jay Jay,0,,1,6.54140969162995594713656387665198237885,1,1001,1,1001,9.08,0,0
140941395,NZL / Addi (NZL) 6th mar,R7 520m C1,06-03-2018 03:07,16420976,8. Gotcha Rocky,0,,1,11.2852102737792830934236522720858029918,1,1001,1,1001,70.86,0,0
140941365,AUS / Mand (AUS) 6th Mar,R3 405m Heat,06-03-2018 10:42,16385617,4. Apache Gundi,0,11,1,8.46584513435003631082062454611474219317,1,1001,1,1001,440.64,0,0
140951307,TRP / Sund 6th Mar,A4 450m,06-03-2018 14:27,16349475,3. Starcash George,0,3.6,1,1,1,1001,1,1001,0,0,0
140950427,TRP / Kinsl 6th Mar,A4 462m,06-03-2018 11:28,17185226,5. Girly Film,1,7,1,1,1,1001,1,1001,0,0,0
140941298,AUS / Gawl (AUS) 6th Mar,R5 400m Gr6,06-03-2018 02:39,17385606,5. El Jerico,1,6.6,1,5.73394023711589644326155335107669973385,1,1001,1,1001,330.64,0,0
140951995,SIS / CPark (F/C) 6th Mar,Forecast,06-03-2018 11:39,17002741,5 - 6,0,,1,1,1,1001,1,1001,0,0,0
140950461,TRP / Kinsl (F/C) 6th Mar,Forecast,06-03-2018 13:27,17002630,1 - 3,1,,1,1,1,1001,1,1001,0,0,0
140951999,SIS / CPark (F/C) 6th Mar,Forecast,06-03-2018 12:39,17002631,1 - 4,0,,1,1,1,1001,1,1001,0,0,0
140951302,RPGTV / Sheff (F/C) 6th Mar,Forecast,06-03-2018 21:14,17002632,1 - 6,0,,1,1,1,1001,1,1001,0,0,0
140951337,TRP / Sund (F/C) 6th Mar,Forecast,06-03-2018 15:07,17002632,1 - 6,0,,1,1,1,1001,1,1001,0,0,0
140951384,SIS / Monm (F/C) 6th Mar,Forecast,06-03-2018 15:59,17002632,1 - 6,0,,1,1,1,1001,1,1001,0,0,0
140953344,SIS / Henl (F/C) 6th Mar,Forecast,06-03-2018 20:37,17002632,1 - 6,0,,1,1,1,1001,1,1001,0,0,0
140950410,SIS / Hove (F/C) 6th Mar,Forecast,06-03-2018 14:12,17002633,2 - 1,0,,1,1,1,1001,1,1001,0,0,0
140952000,SIS / CPark (F/C) 6th Mar,Forecast,06-03-2018 12:54,17002635,2 - 3,0,,1,1,1,1001,1,1001,0,0,0
140951301,RPGTV / Sheff (F/C) 6th Mar,Forecast,06-03-2018 20:58,17002635,2 - 3,0,,1,1,1,1001,1,1001,0,0,0
140954332,RPGTV / Poole (F/C) 6th Mar,Forecast,06-03-2018 18:48,17002635,2 - 3,0,,1,1,1,1001,1,1001,0,0,0
140952002,SIS / CPark (F/C) 6th Mar,Forecast,06-03-2018 13:22,17002635,2 - 3,0,,1,1,1,1001,1,1001,0,0,0
140952863,SIS / Crayfd (F/C) 6th Mar,Forecast,06-03-2018 11:46,17002636,2 - 4,1,,1,1,1,1001,1,1001,0,0,0
140953340,SIS / Henl (F/C) 6th Mar,Forecast,06-03-2018 19:33,17002637,2 - 5,0,,1,1,1,1001,1,1001,0,0,0
140951390,SIS / Monm (F/C) 6th Mar,Forecast,06-03-2018 17:54,17002637,2 - 5,0,,1,1,1,1001,1,1001,0,0,0
140952861,SIS / Crayfd (F/C) 6th Mar,Forecast,06-03-2018 11:16,17002639,2 - 6,0,,1,1,1,1001,1,1001,0,0,0
140951295,RPGTV / Sheff (F/C) 6th Mar,Forecast,06-03-2018 19:26,17002674,3 - 1,0,,1,1,1,1001,1,1001,0,0,0
140951341,TRP / Sund (F/C) 6th Mar,Forecast,06-03-2018 16:27,17002674,3 - 1,0,,1,1,1,1001,1,1001,0,0,0
140951301,RPGTV / Sheff (F/C) 6th Mar,Forecast,06-03-2018 20:58,17002677,3 - 4,0,,1,1,1,1001,1,1001,0,0,0
140952861,SIS / Crayfd (F/C) 6th Mar,Forecast,06-03-2018 11:16,17002677,3 - 4,0,,1,1,1,1001,1,1001,0,0,0
140951381,SIS / Monm (F/C) 6th Mar,Forecast,06-03-2018 15:02,17002677,3 - 4,0,,1,1,1,1001,1,1001,0,0,0
140952862,SIS / Crayfd (F/C) 6th Mar,Forecast,06-03-2018 11:31,17002678,3 - 5,0,,1,1,1,1001,1,1001,0,0,0
140951390,SIS / Monm (F/C) 6th Mar,Forecast,06-03-2018 17:54,17002678,3 - 5,0,,1,1,1,1001,1,1001,0,0,0
140950460,TRP / Kinsl (F/C) 6th Mar,Forecast,06-03-2018 13:12,17002678,3 - 5,0,,1,1,1,1001,1,1001,0,0,0
140951293,RPGTV / Sheff (F/C) 6th Mar,Forecast,06-03-2018 18:56,17002679,3 - 6,0,,1,1,1,1001,1,1001,0,0,0
140951340,TRP / Sund (F/C) 6th Mar,Forecast,06-03-2018 16:08,17002680,4 - 1,0,,1,1,1,1001,1,1001,0,0,0
140952866,SIS / Crayfd (F/C) 6th Mar,Forecast,06-03-2018 12:31,17002680,4 - 1,0,,1,1,1,1001,1,1001,0,0,0
140954332,RPGTV / Poole (F/C) 6th Mar,Forecast,06-03-2018 18:48,17002683,4 - 2,0,,1,1,1,1001,1,1001,0,0,0
140953341,SIS / Henl (F/C) 6th Mar,Forecast,06-03-2018 19:49,17002683,4 - 2,0,,1,1,1,1001,1,1001,0,0,0
140953559,SIS / Crayfd (F/C) 6th Mar,Forecast,06-03-2018 20:26,17002684,4 - 3,0,,1,1,1,1001,1,1001,0,0,0
140951379,SIS / Monm (F/C) 6th Mar,Forecast,06-03-2018 14:22,17002684,4 - 3,0,,1,1,1,1001,1,1001,0,0,0
140950205,TRP / Nott (F/C) 6th Mar,Forecast,06-03-2018 13:51,17002684,4 - 3,0,,1,1,1,1001,1,1001,0,0,0
140951344,TRP / Sund (F/C) 6th Mar,Forecast,06-03-2018 17:22,17002687,4 - 6,0,,1,1,1,1001,1,1001,0,0,0
140953563,SIS / Crayfd (F/C) 6th Mar,Forecast,06-03-2018 21:30,17002688,5 - 1,0,,1,1,1,1001,1,1001,0,0,0
140950198,TRP / Nott (F/C) 6th Mar,Forecast,06-03-2018 12:04,17002689,5 - 2,0,,1,1,1,1001,1,1001,0,0,0
140950456,TRP / Kinsl (F/C) 6th Mar,Forecast,06-03-2018 12:12,17002690,5 - 3,0,,1,1,1,1001,1,1001,0,0,0
140953556,SIS / Crayfd (F/C) 6th Mar,Forecast,06-03-2018 19:38,17002691,5 - 4,0,,1,1,1,1001,1,1001,0,0,0
140950198,TRP / Nott (F/C) 6th Mar,Forecast,06-03-2018 12:04,17002693,6 - 1,0,,1,1,1,1001,1,1001,0,0,0
140951384,SIS / Monm (F/C) 6th Mar,Forecast,06-03-2018 15:59,17002693,6 - 1,0,,1,1,1,1001,1,1001,0,0,0
140950203,TRP / Nott (F/C) 6th Mar,Forecast,06-03-2018 13:19,17002693,6 - 1,0,,1,1,1,1001,1,1001,0,0,0
140951994,SIS / CPark (F/C) 6th Mar,Forecast,06-03-2018 11:24,17002694,6 - 2,0,,1,1,1,1001,1,1001,0,0,0
140951995,SIS / CPark (F/C) 6th Mar,Forecast,06-03-2018 11:39,17002695,6 - 3,0,,1,1,1,1001,1,1001,0,0,0
140952861,SIS / Crayfd (F/C) 6th Mar,Forecast,06-03-2018 11:16,17002695,6 - 3,0,,1,1,1,1001,1,1001,0,0,0
140952862,SIS / Crayfd (F/C) 6th Mar,Forecast,06-03-2018 11:31,17002696,6 - 4,0,,1,1,1,1001,1,1001,0,0,0
140951339,TRP / Sund (F/C) 6th Mar,Forecast,06-03-2018 15:48,17002696,6 - 4,0,,1,1,1,1001,1,1001,0,0,0
140954337,RPGTV / Poole (F/C) 6th Mar,Forecast,06-03-2018 20:07,17002697,6 - 5,0,,1,1,1,1001,1,1001,0,0,0
140954340,RPGTV / Poole (F/C) 6th Mar,Forecast,06-03-2018 20:51,17002697,6 - 5,0,,1,1,1,1001,1,1001,0,0,0
140951384,SIS / Monm (F/C) 6th Mar,Forecast,06-03-2018 15:59,17002697,6 - 5,0,,1,1,1,1001,1,1001,0,0,0
140951296,RPGTV / Sheff (F/C) 6th Mar,Forecast,06-03-2018 19:42,17002568,1 - 2,0,,1,1,1,1001,1,1001,0,0,0
140950423,SIS / Hove (F/C) 6th Mar,Forecast,06-03-2018 18:19,17002568,1 - 2,0,,1,1,1,1001,1,1001,0,0,0
140951343,TRP / Sund (F/C) 6th Mar,Forecast,06-03-2018 17:07,17002568,1 - 2,0,,1,1,1,1001,1,1001,0,0,0
140951291,RPGTV / Sheff (F/C) 6th Mar,Forecast,06-03-2018 18:22,17002568,1 - 2,0,,1,1,1,1001,1,1001,0,0,0
140950462,TRP / Kinsl (F/C) 6th Mar,Forecast,06-03-2018 13:44,17002568,1 - 2,0,,1,1,1,1001,1,1001,0,0,0
140951361,SIS / Monm 6th Mar,A5 480m,06-03-2018 15:59,16967474,1. Fozzieflintstone,0,6.6,1,1,1,1001,1,1001,0,0,0
140950385,SIS / Hove 6th Mar,A11 515m,06-03-2018 17:08,17500791,1. Tarbrook Morty,0,3.65,1,1,1,1001,1,1001,0,0,0
140941289,AUS / Gawl (AUS) 6th Mar,R1 400m Heat,06-03-2018 01:14,17508093,8. Victa Nash,1,3.098062199431006,1,2.67745496392688000708183950781215420706,1,1001,1,1001,451.86,0,0
140953006,SIS / Henl 6th Mar,A9 460m,06-03-2018 18:27,17504754,2. Westmead Gina,0,13.5,1,1,1,1001,1,1001,0,0,0
140941041,AUS / Town (AUS) 6th Mar,R1 380m Mdn,06-03-2018 08:55,17508788,1. No Thank You,1,4.8,1,4.07291375156874341849025575927181454928,1,1001,1,1001,1386.46,0,0
140951353,SIS / Monm 6th Mar,A4 480m,06-03-2018 14:42,17503062,1. Droopys Phoenix,1,5.76396274,1,1,1,1001,1,1001,0,0,0
140941349,AUS / Geel (AUS) 6th Mar,R12 400m Mdn,06-03-2018 08:35,17508434,5. Mickie Raven,1,5.433097093498363,1,5.31026923858785264156483635624421204798,1,1001,1,1001,1770.92,0,0
140941159,AUS / Ipsw (AUS) 6th Mar,R1 431m Heat,06-03-2018 04:52,17508623,5. Red Hot Gossip,0,7.2,1,4.79749177946012082281868930182763630802,1,1001,1,1001,261.54,0,0
140950443,TRP / Kinsl 6th Mar,D3 268m,06-03-2018 13:27,8872366,6. Methley Bridge,0,4.5,1,1,1,1001,1,1001,0,0,0
140941395,NZL / Addi (NZL) 6th mar,R7 520m C1,06-03-2018 03:07,10259230,7. Another Message,0,,1,15.3466076696165191740412979351032448378,1,1001,1,1001,6.78,0,0
140950176,TRP / Nott 6th Mar,A4 500m,06-03-2018 13:19,10569855,5. Capla Porter,0,5.2,1,1,1,1001,1,1001,0,0,0
140951265,RPGTV / Sheff 6th Mar,OR 660m,06-03-2018 18:38,10543166,3. Fearsome Kate,0,13,1,1,1,1001,1,1001,0,0,0
140941351,AUS / Cran (AUS) 6th Mar,R8 520m Gr5,06-03-2018 10:08,10834150,6. Leopardstown,0,11.445066219593865,1,9.45504892329838348862995311922500826736,1,1001,1,1001,1028.14,0,0
140941302,AUS / Gawl (AUS) 6th Mar,R7 531m Gr6,06-03-2018 03:14,11504257,1. Harvey Specter,0,3.3834228896477727,1,3.22512060257929707341044520335812420765,1,1001,1,1001,4843.18,0,0
140951281,RPGTV / Sheff 6th Mar,OR 660m,06-03-2018 20:43,11633770,2. Huarache Madison,1,4.3,1,1,1,1001,1,1001,0,0,0
140941229,AUS / Lism (AUS) 6th Mar,R6 520m Heat,06-03-2018 09:25,12617162,6. Ebonnie,0,20,1,17.5792854319469454082304888225218498836,1,1001,1,1001,910.76,0,0
140950170,TRP / Nott 6th Mar,A3 500m,06-03-2018 12:32,12867926,4. Alfies Ghost,0,5.9,1,1,1,1001,1,1001,0,0,0
140941047,AUS / Town (AUS) 6th Mar,R4 380m Heat,06-03-2018 09:55,12844305,7. Road Monster,1,7.086049040482613,1,5.74399496583962603380079108234448040273,1,1001,1,1001,778.68,0,0
140941387,NZL / Addi (NZL) 6th mar,R3 295m C1,06-03-2018 01:50,13172509,7. Distinctive Miss,0,,1,15.8185654008438818565400843881856540084,1,1001,1,1001,23.7,0,0
140941393,NZL / Addi (NZL) 6th mar,R6 295m C1,06-03-2018 02:49,13588041,6. Olliebollon,0,,1,20.8259911894273127753303964757709251101,1,1001,1,1001,9.08,0,0
140941389,NZL / Addi (NZL) 6th mar,R4 295m C1,06-03-2018 02:09,13858003,2. Epic Style,0,,1,8.54666666666666666666666666666666666667,1,1001,1,1001,12.3,0,0
140941259,AUS / Warr (AUS) 6th Mar,R12 450m Gr5,06-03-2018 07:37,14048505,7. Crymelon Kit,1,12.5,1,9.73653249467040969246680878907486755177,1,1001,1,1001,947.54,0,0
140951263,RPGTV / Sheff 6th Mar,A4 500m,06-03-2018 18:22,14993636,5. Brazen Samurai,1,6.6,1,1,1,1001,1,1001,0,0,0
140951896,SIS / CPark 6th Mar,A3 480m,06-03-2018 12:24,15264337,3. Raughlan Flame,1,11.5,1,1,1,1001,1,1001,0,0,0
140941327,AUS / Geel (AUS) 6th Mar,R5 460m Mdn,06-03-2018 06:14,15409241,6. Chief Peekay,0,38.68020735455677,1,22.8061128379014787604784779127813883395,1,1001,1,1001,212.34,0,0
140950170,TRP / Nott 6th Mar,A3 500m,06-03-2018 12:32,15731463,2. Hesthebesttrump,1,8.4,1,1,1,1001,1,1001,0,0,0
140951311,TRP / Sund 6th Mar,D3 261m,06-03-2018 15:07,15731790,3. Blue Ciara,1,5.4,1,1,1,1001,1,1001,0,0,0
140941296,AUS / Gawl (AUS) 6th Mar,R4 400m Gr6,06-03-2018 02:12,16125009,8. Mercy Road,1,5.710628230299918,1,4.45881254773286566910870364608378355444,1,1001,1,1001,707.06,0,0
140941045,AUS / Town (AUS) 6th Mar,R3 380m Nvce,06-03-2018 09:35,16205899,1. Wicked Brother,0,8.550268715662533,1,7.44677475485680361931666973735388646646,1,1001,1,1001,976.98,0,0
140951296,RPGTV / Sheff (F/C) 6th Mar,Forecast,06-03-2018 19:42,17002741,5 - 6,0,,1,1,1,1001,1,1001,0,0,0
140950418,SIS / Hove (F/C) 6th Mar,Forecast,06-03-2018 16:48,17002630,1 - 3,1,,1,1,1,1001,1,1001,0,0,0
140951385,SIS / Monm (F/C) 6th Mar,Forecast,06-03-2018 16:19,17002630,1 - 3,0,,1,1,1,1001,1,1001,0,0,0
140954337,RPGTV / Poole (F/C) 6th Mar,Forecast,06-03-2018 20:07,17002631,1 - 4,0,,1,1,1,1001,1,1001,0,0,0
140951380,SIS / Monm (F/C) 6th Mar,Forecast,06-03-2018 14:42,17002631,1 - 4,0,,1,1,1,1001,1,1001,0,0,0
140950453,TRP / Kinsl (F/C) 6th Mar,Forecast,06-03-2018 11:28,17002632,1 - 6,0,,1,1,1,1001,1,1001,0,0,0
140950415,SIS / Hove (F/C) 6th Mar,Forecast,06-03-2018 15:49,17002633,2 - 1,0,,1,1,1,1001,1,1001,0,0,0
140950198,TRP / Nott (F/C) 6th Mar,Forecast,06-03-2018 12:04,17002633,2 - 1,0,,1,1,1,1001,1,1001,0,0,0
140951382,SIS / Monm (F/C) 6th Mar,Forecast,06-03-2018 15:19,17002633,2 - 1,0,,1,1,1,1001,1,1001,0,0,0
140950203,TRP / Nott (F/C) 6th Mar,Forecast,06-03-2018 13:19,17002633,2 - 1,0,,1,1,1,1001,1,1001,0,0,0
140951297,RPGTV / Sheff (F/C) 6th Mar,Forecast,06-03-2018 19:58,17002635,2 - 3,0,,1,1,1,1001,1,1001,0,0,0
140953554,SIS / Crayfd (F/C) 6th Mar,Forecast,06-03-2018 19:07,17002636,2 - 4,0,,1,1,1,1001,1,1001,0,0,0
140953344,SIS / Henl (F/C) 6th Mar,Forecast,06-03-2018 20:37,17002637,2 - 5,0,,1,1,1,1001,1,1001,0,0,0
140951385,SIS / Monm (F/C) 6th Mar,Forecast,06-03-2018 16:19,17002637,2 - 5,0,,1,1,1,1001,1,1001,0,0,0
140952868,SIS / Crayfd (F/C) 6th Mar,Forecast,06-03-2018 13:01,17002639,2 - 6,0,,1,1,1,1001,1,1001,0,0,0
140953554,SIS / Crayfd (F/C) 6th Mar,Forecast,06-03-2018 19:07,17002674,3 - 1,0,,1,1,1,1001,1,1001,0,0,0
140951391,SIS / Monm (F/C) 6th Mar,Forecast,06-03-2018 18:09,17002674,3 - 1,0,,1,1,1,1001,1,1001,0,0,0
140951390,SIS / Monm (F/C) 6th Mar,Forecast,06-03-2018 17:54,17002675,3 - 2,0,,1,1,1,1001,1,1001,0,0,0
140950411,SIS / Hove (F/C) 6th Mar,Forecast,06-03-2018 14:32,17002677,3 - 4,0,,1,1,1,1001,1,1001,0,0,0
140952871,SIS / Crayfd (F/C) 6th Mar,Forecast,06-03-2018 13:49,17002678,3 - 5,0,,1,1,1,1001,1,1001,0,0,0
140952861,SIS / Crayfd (F/C) 6th Mar,Forecast,06-03-2018 11:16,17002678,3 - 5,0,,1,1,1,1001,1,1001,0,0,0
140954342,RPGTV / Poole (F/C) 6th Mar,Forecast,06-03-2018 21:22,17002679,3 - 6,0,,1,1,1,1001,1,1001,0,0,0
140951387,SIS / Monm (F/C) 6th Mar,Forecast,06-03-2018 16:58,17002679,3 - 6,0,,1,1,1,1001,1,1001,0,0,0
140950460,TRP / Kinsl (F/C) 6th Mar,Forecast,06-03-2018 13:12,17002680,4 - 1,0,,1,1,1,1001,1,1001,0,0,0
140950199,TRP / Nott (F/C) 6th Mar,Forecast,06-03-2018 12:18,17002684,4 - 3,0,,1,1,1,1001,1,1001,0,0,0
140951385,SIS / Monm (F/C) 6th Mar,Forecast,06-03-2018 16:19,17002684,4 - 3,0,,1,1,1,1001,1,1001,0,0,0
140950462,TRP / Kinsl (F/C) 6th Mar,Forecast,06-03-2018 13:44,17002686,4 - 5,0,,1,1,1,1001,1,1001,0,0,0
140950199,TRP / Nott (F/C) 6th Mar,Forecast,06-03-2018 12:18,17002687,4 - 6,0,,1,1,1,1001,1,1001,0,0,0
140951383,SIS / Monm (F/C) 6th Mar,Forecast,06-03-2018 15:39,17002687,4 - 6,0,,1,1,1,1001,1,1001,0,0,0
140951999,SIS / CPark (F/C) 6th Mar,Forecast,06-03-2018 12:39,17002689,5 - 2,0,,1,1,1,1001,1,1001,0,0,0
140950198,TRP / Nott (F/C) 6th Mar,Forecast,06-03-2018 12:04,17002690,5 - 3,0,,1,1,1,1001,1,1001,0,0,0
140952864,SIS / Crayfd (F/C) 6th Mar,Forecast,06-03-2018 12:01,17002690,5 - 3,0,,1,1,1,1001,1,1001,0,0,0
140953339,SIS / Henl (F/C) 6th Mar,Forecast,06-03-2018 19:17,17002690,5 - 3,0,,1,1,1,1001,1,1001,0,0,0
140951386,SIS / Monm (F/C) 6th Mar,Forecast,06-03-2018 16:39,17002690,5 - 3,0,,1,1,1,1001,1,1001,0,0,0
140951302,RPGTV / Sheff (F/C) 6th Mar,Forecast,06-03-2018 21:14,17002691,5 - 4,0,,1,1,1,1001,1,1001,0,0,0
140953553,SIS / Crayfd (F/C) 6th Mar,Forecast,06-03-2018 18:49,17002691,5 - 4,0,,1,1,1,1001,1,1001,0,0,0
140953340,SIS / Henl (F/C) 6th Mar,Forecast,06-03-2018 19:33,17002693,6 - 1,0,,1,1,1,1001,1,1001,0,0,0
140951341,TRP / Sund (F/C) 6th Mar,Forecast,06-03-2018 16:27,17002694,6 - 2,0,,1,1,1,1001,1,1001,0,0,0
140953564,SIS / Crayfd (F/C) 6th Mar,Forecast,06-03-2018 21:45,17002695,6 - 3,0,,1,1,1,1001,1,1001,0,0,0
140951391,SIS / Monm (F/C) 6th Mar,Forecast,06-03-2018 18:09,17002695,6 - 3,0,,1,1,1,1001,1,1001,0,0,0
140953556,SIS / Crayfd (F/C) 6th Mar,Forecast,06-03-2018 19:38,17002696,6 - 4,0,,1,1,1,1001,1,1001,0,0,0
140950415,SIS / Hove (F/C) 6th Mar,Forecast,06-03-2018 15:49,17002696,6 - 4,0,,1,1,1,1001,1,1001,0,0,0
140951998,SIS / CPark (F/C) 6th Mar,Forecast,06-03-2018 12:24,17002697,6 - 5,0,,1,1,1,1001,1,1001,0,0,0
140951381,SIS / Monm (F/C) 6th Mar,Forecast,06-03-2018 15:02,17002697,6 - 5,0,,1,1,1,1001,1,1001,0,0,0
140953555,SIS / Crayfd (F/C) 6th Mar,Forecast,06-03-2018 19:23,17002568,1 - 2,0,,1,1,1,1001,1,1001,0,0,0
140951382,SIS / Monm (F/C) 6th Mar,Forecast,06-03-2018 15:19,17002568,1 - 2,0,,1,1,1,1001,1,1001,0,0,0
140950410,SIS / Hove (F/C) 6th Mar,Forecast,06-03-2018 14:12,17002568,1 - 2,0,,1,1,1,1001,1,1001,0,0,0
140951339,TRP / Sund (F/C) 6th Mar,Forecast,06-03-2018 15:48,17002568,1 - 2,0,,1,1,1,1001,1,1001,0,0,0
140951381,SIS / Monm (F/C) 6th Mar,Forecast,06-03-2018 15:02,17002568,1 - 2,0,,1,1,1,1001,1,1001,0,0,0
140941215,AUS / Mait (AUS) 6th Mar,R10 400m Gr5,06-03-2018 10:58,17311091,3. Hendrick,0,12.581658926475793,1,11.6750971805343699256999458741327559908,1,1001,1,1001,406.46,0,0
140941289,AUS / Gawl (AUS) 6th Mar,R1 400m Heat,06-03-2018 01:14,17069876,2. Vincent Tyson,0,30,1,8.94771911840082009226037929267042542286,1,1001,1,1001,39.02,0,0
140941363,AUS / Mand (AUS) 6th Mar,R2 405m Heat,06-03-2018 10:22,17509885,3. Selene Monelli,0,210.05147221055054,1,131.853327681220856295040271301398897838,1,1001,1,1001,47.18,0,0
140941241,AUS / Warr (AUS) 6th Mar,R5 450m Gr5,06-03-2018 05:19,17426232,4. Bombora Thunder,0,2.991232792412284,1,2.95148829158625629190458189921015458687,1,1001,1,1001,5026.3,0,0
140941155,AUS / Devn (AUS) 6th Mar,R2 452m Gr5,06-03-2018 02:06,17508170,3. Buckle Up Rose,0,6.714107283,1,6.31185070314260341696820284438082362453,1,1001,1,1001,1508.94,0,0
140950204,TRP / Nott (F/C) 6th Mar,Forecast,06-03-2018 13:33,6953192,1 - 5,0,,1,1,1,1001,1,1001,0,0,0
140950458,TRP / Kinsl (F/C) 6th Mar,Forecast,06-03-2018 12:42,6953192,1 - 5,0,,1,1,1,1001,1,1001,0,0,0
140941151,AUS / Town (AUS) 6th Mar,R11 380m Heat,06-03-2018 12:15,9541264,6. Amys Elite,0,10.383897847865011,1,1,1,1001,1,1001,0,0,0
140941312,AUS / Gawl (AUS) 6th Mar,R11 400m FFA,06-03-2018 04:37,10042411,6. Jack In Black,1,6.8704277732328904,1,5.57613538988860325621251071122536418166,1,1001,1,1001,466.8,0,0
140952553,SIS / Crayfd 6th Mar,A8 380m,06-03-2018 11:01,10401912,4. Seven Kingdoms,1,5.152674631,1,5.49962143644936186035417430261055595416,1,1001,1,1001,1279.14,0,0
140951311,TRP / Sund 6th Mar,D3 261m,06-03-2018 15:07,10687830,4. Glenburn Angel,0,5.6,1,1,1,1001,1,1001,0,0,0
140951273,RPGTV / Sheff 6th Mar,OR 500m,06-03-2018 19:42,10912218,6. Master Kelly,0,6.4,1,1,1,1001,1,1001,0,0,0
140953456,SIS / Crayfd 6th Mar,A8 380m,06-03-2018 21:30,11086661,1. Bling Bling Cara,0,11.5,1,1,1,1001,1,1001,0,0,0
140941181,AUS / Ipsw (AUS) 6th Mar,R6 520m Gr5,06-03-2018 06:26,11532937,3. Power Of Penny,0,12.5,1,11.3587490302910029046167168810550433888,1,1001,1,1001,1108.58,0,0
140941405,NZL / Addi (NZL) 6th mar,R12 295m C1,06-03-2018 04:36,11745743,4. Poetik,0,,1,7.49095254353021509047456469784909525435,1,1001,1,1001,58.58,0,0
140941333,AUS / Geel (AUS) 6th Mar,R8 460m Gr7,06-03-2018 07:14,12058520,2. Fairly Legal,0,26,1,13.7711699323937206371032428096711355563,1,1001,1,1001,174.54,0,0
140953688,RPGTV / Poole 6th Mar,A7 450m,06-03-2018 21:07,12637344,4. Spot On Thunder,0,10,1,1,1,1001,1,1001,0,0,0
140953668,RPGTV / Poole 6th Mar,A6 450m,06-03-2018 18:28,12638210,5. Charlesfield Von,0,7.2,1,1,1,1001,1,1001,0,0,0
140941227,AUS / Lism (AUS) 6th Mar,R5 520m Gr4/5,06-03-2018 09:05,12777451,2. Cindy Rumble,0,5.1,1,4.82666593096891394034057146737746388007,1,1001,1,1001,2356.04,0,0
140941369,AUS / Mand (AUS) 6th Mar,R5 405m Gr4/5,06-03-2018 11:23,12980620,1. Winsome Jackie,0,13.661877856888538,1,1,1,1001,1,1001,0,0,0
140941343,AUS / Cran (AUS) 6th Mar,R6 520m Gr5,06-03-2018 09:28,13028855,8. Major Think,0,7.626675478543949,1,4.96357754808056812150926230129646945841,1,1001,1,1001,1582.76,0,0
140941145,AUS / Town (AUS) 6th Mar,R9 380m Heat,06-03-2018 11:37,13077593,5. Arthurs Stevie,0,49.13607588930987,1,1,1,1001,1,1001,0,0,0
140950385,SIS / Hove 6th Mar,A11 515m,06-03-2018 17:08,13335819,6. Tommy The Cowboy,0,5.8,1,1,1,1001,1,1001,0,0,0
140953016,SIS / Henl 6th Mar,D2 277m,06-03-2018 19:49,13374000,1. Shoemakers Molly,0,8.2,1,1,1,1001,1,1001,0,0,0
140952569,SIS / Crayfd 6th Mar,A5 380m,06-03-2018 13:01,13448048,1. Kendles Touch,0,19.644303908360882,1,1,1,1001,1,1001,0,0,0
140951271,RPGTV / Sheff 6th Mar,OR 500m,06-03-2018 19:26,13546709,2. Move Over Eliza,0,3.75,1,1,1,1001,1,1001,0,0,0
140941304,AUS / Gawl (AUS) 6th Mar,R8 531m Gr4/5,06-03-2018 03:38,13662291,3. Sutton Nicky,0,5.156679922534092,1,4.31533964177086853666779317336938154782,1,1001,1,1001,591.8,0,0
140941231,AUS / Warr (AUS) 6th Mar,R2 390m Rest,06-03-2018 04:14,13648521,6. Sweet Spud,0,11.618549369583047,1,9.18006381340081417097590494003740785565,1,1001,1,1001,181.78,0,0
140951305,TRP / Sund 6th Mar,A2 450m,06-03-2018 14:08,13960670,4. Ardrahan Alley,0,5.847255271824542,1,1,1,1001,1,1001,0,0,0
141000105,Match Bets / Poole (AvB) 6th Mar,Minglers Thunder v Sound Plan,06-03-2018 20:07,13997131,2. Minglers Thunder,0,,1,1,1,1001,1,1001,0,0,0
141000124,Match Bets / Sheff (AvB) 6th Mar,Swift Affinity v Mystical Girl,06-03-2018 21:32,14769474,1. Swift Affinity,1,,1,1,1,1001,1,1001,0,0,0
140951267,RPGTV / Sheff 6th Mar,OR 280m,06-03-2018 18:56,15458668,5. Coney Sabella,0,2.0577943255464195,1,1,1,1001,1,1001,0,0,0
140941193,AUS / Warr (AUS) 6th Mar,R1 450m Mdn,06-03-2018 03:53,15445541,9. Sweet Emma,0,144.20477713178295,1,34.1408290743895513912549687677455990914,1,1001,1,1001,35.22,0,0
141000121,Match Bets / Sheff (AvB) 6th Mar,Swift Hansel v Huarache Madison,06-03-2018 20:43,15483557,2. Huarache Madison,1,,1,1,1,1001,1,1001,0,0,0
140941355,AUS / Cran (AUS) 6th Mar,R10 311m Heat,06-03-2018 10:48,15883928,5. Mercy Percy,0,10,1,9.83630500758725341426403641881638846737,1,1001,1,1001,316.32,0,0
140953018,SIS / Henl 6th Mar,A4 460m,06-03-2018 20:06,15963160,2. Returnofthe King,1,3.4,1,1,1,1001,1,1001,0,0,0
140951365,SIS / Monm 6th Mar,A4 480m,06-03-2018 16:39,15837083,4. White Hart Kane,0,6,1,1,1,1001,1,1001,0,0,0
140950170,TRP / Nott 6th Mar,A3 500m,06-03-2018 12:32,16242931,3. Ballyroyal Jules,0,4.955256918859815,1,1,1,1001,1,1001,0,0,0
140953010,SIS / Henl 6th Mar,A6 460m,06-03-2018 19:02,16706074,1. Savana Goliath,0,3.419402427617373,1,1,1,1001,1,1001,0,0,0
140941395,NZL / Addi (NZL) 6th mar,R7 520m C1,06-03-2018 03:07,16795092,4. Go Angel,1,,1,3.91573552024602767811378780112762685802,1,1001,1,1001,39.02,0,0
140953452,SIS / Crayfd 6th Mar,A8 380m,06-03-2018 20:58,16890033,1. Wickla Gudrun,0,6.4,1,1,1,1001,1,1001,0,0,0
140954334,RPGTV / Poole (F/C) 6th Mar,Forecast,06-03-2018 19:22,17002741,5 - 6,0,,1,1,1,1001,1,1001,0,0,0
140951337,TRP / Sund (F/C) 6th Mar,Forecast,06-03-2018 15:07,17002741,5 - 6,0,,1,1,1,1001,1,1001,0,0,0
140952001,SIS / CPark (F/C) 6th Mar,Forecast,06-03-2018 13:08,17002741,5 - 6,0,,1,1,1,1001,1,1001,0,0,0
140953444,SIS / Crayfd 6th Mar,OR 540m,06-03-2018 19:54,17250882,4. Millroad Honey,0,10.5,1,1,1,1001,1,1001,0,0,0
140951380,SIS / Monm (F/C) 6th Mar,Forecast,06-03-2018 14:42,17002630,1 - 3,1,,1,1,1,1001,1,1001,0,0,0
140950414,SIS / Hove (F/C) 6th Mar,Forecast,06-03-2018 15:29,17002630,1 - 3,0,,1,1,1,1001,1,1001,0,0,0
140951300,RPGTV / Sheff (F/C) 6th Mar,Forecast,06-03-2018 20:43,17002631,1 - 4,0,,1,1,1,1001,1,1001,0,0,0
140954340,RPGTV / Poole (F/C) 6th Mar,Forecast,06-03-2018 20:51,17002631,1 - 4,0,,1,1,1,1001,1,1001,0,0,0
140950413,SIS / Hove (F/C) 6th Mar,Forecast,06-03-2018 15:11,17002632,1 - 6,0,,1,1,1,1001,1,1001,0,0,0
140951383,SIS / Monm (F/C) 6th Mar,Forecast,06-03-2018 15:39,17002632,1 - 6,0,,1,1,1,1001,1,1001,0,0,0
140951378,SIS / Monm (F/C) 6th Mar,Forecast,06-03-2018 14:06,17002633,2 - 1,0,,1,1,1,1001,1,1001,0,0,0
140952002,SIS / CPark (F/C) 6th Mar,Forecast,06-03-2018 13:22,17002633,2 - 1,0,,1,1,1,1001,1,1001,0,0,0
140951292,RPGTV / Sheff (F/C) 6th Mar,Forecast,06-03-2018 18:38,17002635,2 - 3,0,,1,1,1,1001,1,1001,0,0,0
140951390,SIS / Monm (F/C) 6th Mar,Forecast,06-03-2018 17:54,17002635,2 - 3,0,,1,1,1,1001,1,1001,0,0,0
140950419,SIS / Hove (F/C) 6th Mar,Forecast,06-03-2018 17:08,17002635,2 - 3,0,,1,1,1,1001,1,1001,0,0,0
140952869,SIS / Crayfd (F/C) 6th Mar,Forecast,06-03-2018 13:16,17002636,2 - 4,0,,1,1,1,1001,1,1001,0,0,0
140950203,TRP / Nott (F/C) 6th Mar,Forecast,06-03-2018 13:19,17002636,2 - 4,0,,1,1,1,1001,1,1001,0,0,0
140950454,TRP / Kinsl (F/C) 6th Mar,Forecast,06-03-2018 11:42,17002637,2 - 5,0,,1,1,1,1001,1,1001,0,0,0
140951999,SIS / CPark (F/C) 6th Mar,Forecast,06-03-2018 12:39,17002639,2 - 6,0,,1,1,1,1001,1,1001,0,0,0
140950457,TRP / Kinsl (F/C) 6th Mar,Forecast,06-03-2018 12:27,17002674,3 - 1,0,,1,1,1,1001,1,1001,0,0,0
140952864,SIS / Crayfd (F/C) 6th Mar,Forecast,06-03-2018 12:01,17002675,3 - 2,0,,1,1,1,1001,1,1001,0,0,0
140953562,SIS / Crayfd (F/C) 6th Mar,Forecast,06-03-2018 21:16,17002675,3 - 2,0,,1,1,1,1001,1,1001,0,0,0
140953561,SIS / Crayfd (F/C) 6th Mar,Forecast,06-03-2018 20:58,17002675,3 - 2,0,,1,1,1,1001,1,1001,0,0,0
140950413,SIS / Hove (F/C) 6th Mar,Forecast,06-03-2018 15:11,17002677,3 - 4,0,,1,1,1,1001,1,1001,0,0,0
140952860,SIS / Crayfd (F/C) 6th Mar,Forecast,06-03-2018 11:01,17002679,3 - 6,0,,1,1,1,1001,1,1001,0,0,0
140950413,SIS / Hove (F/C) 6th Mar,Forecast,06-03-2018 15:11,17002679,3 - 6,0,,1,1,1,1001,1,1001,0,0,0
140951993,SIS / CPark (F/C) 6th Mar,Forecast,06-03-2018 11:09,17002680,4 - 1,0,,1,1,1,1001,1,1001,0,0,0
140952866,SIS / Crayfd (F/C) 6th Mar,Forecast,06-03-2018 12:31,17002683,4 - 2,0,,1,1,1,1001,1,1001,0,0,0
140953337,SIS / Henl (F/C) 6th Mar,Forecast,06-03-2018 18:44,17002683,4 - 2,0,,1,1,1,1001,1,1001,0,0,0
140953338,SIS / Henl (F/C) 6th Mar,Forecast,06-03-2018 19:02,17002683,4 - 2,0,,1,1,1,1001,1,1001,0,0,0
140954338,RPGTV / Poole (F/C) 6th Mar,Forecast,06-03-2018 20:22,17002683,4 - 2,0,,1,1,1,1001,1,1001,0,0,0
140951385,SIS / Monm (F/C) 6th Mar,Forecast,06-03-2018 16:19,17002683,4 - 2,0,,1,1,1,1001,1,1001,0,0,0
140953558,SIS / Crayfd (F/C) 6th Mar,Forecast,06-03-2018 20:11,17002684,4 - 3,0,,1,1,1,1001,1,1001,0,0,0
140951999,SIS / CPark (F/C) 6th Mar,Forecast,06-03-2018 12:39,17002684,4 - 3,0,,1,1,1,1001,1,1001,0,0,0
140951337,TRP / Sund (F/C) 6th Mar,Forecast,06-03-2018 15:07,17002686,4 - 5,0,,1,1,1,1001,1,1001,0,0,0
140951387,SIS / Monm (F/C) 6th Mar,Forecast,06-03-2018 16:58,17002686,4 - 5,0,,1,1,1,1001,1,1001,0,0,0
140951383,SIS / Monm (F/C) 6th Mar,Forecast,06-03-2018 15:39,17002686,4 - 5,0,,1,1,1,1001,1,1001,0,0,0
140954337,RPGTV / Poole (F/C) 6th Mar,Forecast,06-03-2018 20:07,17002687,4 - 6,0,,1,1,1,1001,1,1001,0,0,0
140953564,SIS / Crayfd (F/C) 6th Mar,Forecast,06-03-2018 21:45,17002687,4 - 6,0,,1,1,1,1001,1,1001,0,0,0
140954340,RPGTV / Poole (F/C) 6th Mar,Forecast,06-03-2018 20:51,17002689,5 - 2,1,,1,1,1,1001,1,1001,0,0,0
140950454,TRP / Kinsl (F/C) 6th Mar,Forecast,06-03-2018 11:42,17002689,5 - 2,0,,1,1,1,1001,1,1001,0,0,0
140950422,SIS / Hove (F/C) 6th Mar,Forecast,06-03-2018 18:02,17002690,5 - 3,0,,1,1,1,1001,1,1001,0,0,0
140950421,SIS / Hove (F/C) 6th Mar,Forecast,06-03-2018 17:44,17002690,5 - 3,0,,1,1,1,1001,1,1001,0,0,0
140953344,SIS / Henl (F/C) 6th Mar,Forecast,06-03-2018 20:37,17002690,5 - 3,0,,1,1,1,1001,1,1001,0,0,0
140954335,RPGTV / Poole (F/C) 6th Mar,Forecast,06-03-2018 19:37,17002691,5 - 4,0,,1,1,1,1001,1,1001,0,0,0
140950461,TRP / Kinsl (F/C) 6th Mar,Forecast,06-03-2018 13:27,17002691,5 - 4,0,,1,1,1,1001,1,1001,0,0,0
140950423,SIS / Hove (F/C) 6th Mar,Forecast,06-03-2018 18:19,17002691,5 - 4,0,,1,1,1,1001,1,1001,0,0,0
140951385,SIS / Monm (F/C) 6th Mar,Forecast,06-03-2018 16:19,17002691,5 - 4,0,,1,1,1,1001,1,1001,0,0,0
140950194,TRP / Nott (F/C) 6th Mar,Forecast,06-03-2018 11:03,17002693,6 - 1,0,,1,1,1,1001,1,1001,0,0,0
140951335,TRP / Sund (F/C) 6th Mar,Forecast,06-03-2018 14:27,17002693,6 - 1,0,,1,1,1,1001,1,1001,0,0,0
140952861,SIS / Crayfd (F/C) 6th Mar,Forecast,06-03-2018 11:16,17002693,6 - 1,0,,1,1,1,1001,1,1001,0,0,0
140952864,SIS / Crayfd (F/C) 6th Mar,Forecast,06-03-2018 12:01,17002695,6 - 3,0,,1,1,1,1001,1,1001,0,0,0
140952863,SIS / Crayfd (F/C) 6th Mar,Forecast,06-03-2018 11:46,17002695,6 - 3,0,,1,1,1,1001,1,1001,0,0,0
140950419,SIS / Hove (F/C) 6th Mar,Forecast,06-03-2018 17:08,17002695,6 - 3,0,,1,1,1,1001,1,1001,0,0,0
140951292,RPGTV / Sheff (F/C) 6th Mar,Forecast,06-03-2018 18:38,17002697,6 - 5,0,,1,1,1,1001,1,1001,0,0,0
140952868,SIS / Crayfd (F/C) 6th Mar,Forecast,06-03-2018 13:01,17002697,6 - 5,0,,1,1,1,1001,1,1001,0,0,0
140951995,SIS / CPark (F/C) 6th Mar,Forecast,06-03-2018 11:39,17002697,6 - 5,0,,1,1,1,1001,1,1001,0,0,0
140951383,SIS / Monm (F/C) 6th Mar,Forecast,06-03-2018 15:39,17002697,6 - 5,0,,1,1,1,1001,1,1001,0,0,0
140953556,SIS / Crayfd (F/C) 6th Mar,Forecast,06-03-2018 19:38,17002568,1 - 2,0,,1,1,1,1001,1,1001,0,0,0
140950417,SIS / Hove (F/C) 6th Mar,Forecast,06-03-2018 16:29,17002568,1 - 2,1,,1,1,1,1001,1,1001,0,0,0
140952861,SIS / Crayfd (F/C) 6th Mar,Forecast,06-03-2018 11:16,17002568,1 - 2,0,,1,1,1,1001,1,1001,0,0,0
140950463,TRP / Kinsl (F/C) 6th Mar,Forecast,06-03-2018 13:58,17002568,1 - 2,0,,1,1,1,1001,1,1001,0,0,0
140951267,RPGTV / Sheff 6th Mar,OR 280m,06-03-2018 18:56,16965014,6. Black Step,0,13.5,1,1,1,1001,1,1001,0,0,0
140941199,AUS / Mait (AUS) 6th Mar,R2 400m Heat,06-03-2018 08:18,17508721,7. Scenic Silver,0,284.91999286122626,1,142.795204795204795204795204795204795205,1,1001,1,1001,40.04,0,0
140941355,AUS / Cran (AUS) 6th Mar,R10 311m Heat,06-03-2018 10:48,17409138,8. Architecture,0,25,1,13.8281111439550694649719184156074490098,1,1001,1,1001,135.32,0,0
140941387,NZL / Addi (NZL) 6th mar,R3 295m C1,06-03-2018 01:50,17508043,1. Jinja Cody,0,,1,6.06532736294324095364879583686312477308,1,1001,1,1001,165.26,0,0
140951900,SIS / CPark 6th Mar,A3 480m,06-03-2018 12:54,17437901,1. Only One Dolly,0,7,1,1,1,1001,1,1001,0,0,0
140951535,Greyhound Racing / Trap Challenge,Nott & Kinsl Trap Challenge,06-03-2018 11:03,5859,Trap 3,1,,3.44269293209975401337324396349704306388,3.26896548985731305344622176875249589437,3.2,3.2,3.7,3.7,116,218.42,100
140951535,Greyhound Racing / Trap Challenge,Nott & Kinsl Trap Challenge,06-03-2018 11:03,5860,Trap 4,0,,5.31547080794181246314134067230194613721,5.59999949450555005433515886426825667382,5,5,1,1001,10.92,101.74,0
140951301,RPGTV / Sheff (F/C) 6th Mar,Forecast,06-03-2018 20:58,6953192,1 - 5,0,,1,1,1,1001,1,1001,0,0,0
140950460,TRP / Kinsl (F/C) 6th Mar,Forecast,06-03-2018 13:12,6953192,1 - 5,0,,1,1,1,1001,1,1001,0,0,0
140951331,TRP / Sund 6th Mar,A5 450m,06-03-2018 18:11,9750337,5. Ryecroft Leo,0,6.6,1,1,1,1001,1,1001,0,0,0
140941148,AUS / Town (AUS) 6th Mar,R10 380m Heat,06-03-2018 11:52,10545861,7. Lawbringer,0,56.06788678643525,1,1,1,1001,1,1001,0,0,0
140953448,SIS / Crayfd 6th Mar,OR 540m,06-03-2018 20:26,10991281,3. Rogue Calypso,0,14.688880308319352,1,1,1,1001,1,1001,0,0,0
140941277,NZL / AsPk (NZL) 6th Mar,R9 390m C1/2,06-03-2018 01:27,11269688,4. Homebush Skip,0,,1,20.8493150684931506849315068493150684932,1,1001,1,1001,1.46,0,0
140951906,SIS / CPark 6th Mar,D2 265m,06-03-2018 13:39,11447877,1. Ask Karen,0,5,1,1,1,1001,1,1001,0,0,0
140941058,AUS / Town (AUS) 6th Mar,R7 380m FFA,06-03-2018 10:55,11420172,6. Nova Party,0,100,1,45.6320409656181419166057059253840526701,1,1001,1,1001,27.34,0,0
140951359,SIS / Monm 6th Mar,A5 480m,06-03-2018 15:39,12130722,1. Barricane Dione,0,6.581341776,1,1,1,1001,1,1001,0,0,0
140941401,NZL / Addi (NZL) 6th mar,R10 645m C1,06-03-2018 03:57,12194164,6. Goldstar Miley,0,,1,6.44216867469879518072289156626506024096,1,1001,1,1001,6.64,0,0
140941185,AUS / Ipsw (AUS) 6th Mar,R7 520m Final,06-03-2018 06:46,12123285,7. That Houdini,1,8.6,1,8.37066802372237771818911354250259341176,1,1001,1,1001,1021.82,0,0
140941145,AUS / Town (AUS) 6th Mar,R9 380m Heat,06-03-2018 11:37,12170519,3. Smooth Flame,0,38.50068884210526,1,1,1,1001,1,1001,0,0,0
140950387,SIS / Hove 6th Mar,A8 515m,06-03-2018 17:28,12274197,5. Enzo Xiomara,0,6.882446843,1,1,1,1001,1,1001,0,0,0
140941269,NZL / AsPk (NZL) 6th Mar,R5 457m C3/4,06-03-2018 00:18,12365183,8. Charlie Runkel,0,,1,15.5345065562456866804692891649413388544,1,1001,1,1001,28.98,0,0
140941169,AUS / Devn (AUS) 6th Mar,R6 452m Gr4,06-03-2018 03:22,12446180,1. Scruffy Squaw,0,43.97314836776815,1,12.1705704050702672912648112427666023698,1,1001,1,1001,290.32,0,0
140951273,RPGTV / Sheff 6th Mar,OR 500m,06-03-2018 19:42,12761053,3. Swift Bosch,1,2.88,1,1,1,1001,1,1001,0,0,0
140941169,AUS / Devn (AUS) 6th Mar,R6 452m Gr4,06-03-2018 03:22,12856815,4. Rayda,0,44,1,32.0269851116625310173697270471464019851,1,1001,1,1001,128.96,0,0
140950168,TRP / Nott 6th Mar,A2 500m,06-03-2018 12:18,12949295,4. Dees Jacko,0,6.4,1,1,1,1001,1,1001,0,0,0
140941175,AUS / Ipsw (AUS) 6th Mar,R5 431m Gr5,06-03-2018 06:07,12986535,9. Haras Hummer,0,10.91264814151102,1,9.06008975797403430036864882192659079981,1,1001,1,1001,249.56,0,0
140941171,AUS / Ipsw (AUS) 6th Mar,R4 431m Gr3/4,06-03-2018 05:47,13035429,5. Irish Spice,0,47.662132971,1,21.5588361146769362430466409927257167309,1,1001,1,1001,46.74,0,0
140951315,TRP / Sund 6th Mar,A5 450m,06-03-2018 15:48,13265253,2. Suirview Candy,1,3.85,1,1,1,1001,1,1001,0,0,0
140950170,TRP / Nott 6th Mar,A3 500m,06-03-2018 12:32,13500064,6. Slip The Cash,0,13,1,1,1,1001,1,1001,0,0,0
141000124,Match Bets / Sheff (AvB) 6th Mar,Swift Affinity v Mystical Girl,06-03-2018 21:32,14185224,3. Mystical Girl,0,,1,1,1,1001,1,1001,0,0,0
140950367,SIS / Hove 6th Mar,A5 515m,06-03-2018 14:12,16559519,2. Borna Longstep,1,4.8194769125110195,1,1,1,1001,1,1001,0,0,0
140953688,RPGTV / Poole 6th Mar,A7 450m,06-03-2018 21:07,16290386,2. Chadwell Tetra,0,4.3,1,1,1,1001,1,1001,0,0,0
140941161,AUS / Ipsw (AUS) 6th Mar,R2 431m Heat,06-03-2018 05:12,16807518,8. Haras Skylah,0,3.2105497121650832,1,2.73986780226847738400169522400377707804,1,1001,1,1001,5379.82,0,0
140941371,AUS / Mand (AUS) 6th Mar,R6 490m Nvce,06-03-2018 11:45,17091249,4. Uneducated,0,32,1,1,1,1001,1,1001,0,0,0
140941383,NZL / Addi (NZL) 6th mar,R1 295m C0,06-03-2018 01:18,17343963,1. Cosmic Britney,0,,1,6.15607843137254901960784313725490196078,1,1001,1,1001,35.7,0,0
140951373,SIS / Monm 6th Mar,A3 480m,06-03-2018 17:54,17272514,5. Cross Keys Ivory,0,11,1,1,1,1001,1,1001,0,0,0
140951343,TRP / Sund (F/C) 6th Mar,Forecast,06-03-2018 17:07,17002630,1 - 3,0,,1,1,1,1001,1,1001,0,0,0
140953554,SIS / Crayfd (F/C) 6th Mar,Forecast,06-03-2018 19:07,17002631,1 - 4,0,,1,1,1,1001,1,1001,0,0,0
140950197,TRP / Nott (F/C) 6th Mar,Forecast,06-03-2018 11:48,17002631,1 - 4,0,,1,1,1,1001,1,1001,0,0,0
140953564,SIS / Crayfd (F/C) 6th Mar,Forecast,06-03-2018 21:45,17002632,1 - 6,0,,1,1,1,1001,1,1001,0,0,0
140952861,SIS / Crayfd (F/C) 6th Mar,Forecast,06-03-2018 11:16,17002632,1 - 6,0,,1,1,1,1001,1,1001,0,0,0
140952865,SIS / Crayfd (F/C) 6th Mar,Forecast,06-03-2018 12:16,17002633,2 - 1,0,,1,1,1,1001,1,1001,0,0,0
140953553,SIS / Crayfd (F/C) 6th Mar,Forecast,06-03-2018 18:49,17002635,2 - 3,0,,1,1,1,1001,1,1001,0,0,0
140951341,TRP / Sund (F/C) 6th Mar,Forecast,06-03-2018 16:27,17002635,2 - 3,0,,1,1,1,1001,1,1001,0,0,0
140953556,SIS / Crayfd (F/C) 6th Mar,Forecast,06-03-2018 19:38,17002636,2 - 4,0,,1,1,1,1001,1,1001,0,0,0
140951299,RPGTV / Sheff (F/C) 6th Mar,Forecast,06-03-2018 20:28,17002636,2 - 4,0,,1,1,1,1001,1,1001,0,0,0
140950462,TRP / Kinsl (F/C) 6th Mar,Forecast,06-03-2018 13:44,17002636,2 - 4,0,,1,1,1,1001,1,1001,0,0,0
140950463,TRP / Kinsl (F/C) 6th Mar,Forecast,06-03-2018 13:58,17002636,2 - 4,0,,1,1,1,1001,1,1001,0,0,0
140950196,TRP / Nott (F/C) 6th Mar,Forecast,06-03-2018 11:34,17002637,2 - 5,0,,1,1,1,1001,1,1001,0,0,0
140950411,SIS / Hove (F/C) 6th Mar,Forecast,06-03-2018 14:32,17002637,2 - 5,0,,1,1,1,1001,1,1001,0,0,0
140950204,TRP / Nott (F/C) 6th Mar,Forecast,06-03-2018 13:33,17002639,2 - 6,0,,1,1,1,1001,1,1001,0,0,0
140951995,SIS / CPark (F/C) 6th Mar,Forecast,06-03-2018 11:39,17002639,2 - 6,0,,1,1,1,1001,1,1001,0,0,0
140952862,SIS / Crayfd (F/C) 6th Mar,Forecast,06-03-2018 11:31,17002639,2 - 6,1,,1,1,1,1001,1,1001,0,0,0
140951343,TRP / Sund (F/C) 6th Mar,Forecast,06-03-2018 17:07,17002639,2 - 6,0,,1,1,1,1001,1,1001,0,0,0
140950458,TRP / Kinsl (F/C) 6th Mar,Forecast,06-03-2018 12:42,17002674,3 - 1,0,,1,1,1,1001,1,1001,0,0,0
140953343,SIS / Henl (F/C) 6th Mar,Forecast,06-03-2018 20:21,17002675,3 - 2,0,,1,1,1,1001,1,1001,0,0,0
140951303,RPGTV / Sheff (F/C) 6th Mar,Forecast,06-03-2018 21:32,17002677,3 - 4,0,,1,1,1,1001,1,1001,0,0,0
140954341,RPGTV / Poole (F/C) 6th Mar,Forecast,06-03-2018 21:07,17002678,3 - 5,0,,1,1,1,1001,1,1001,0,0,0
140950412,SIS / Hove (F/C) 6th Mar,Forecast,06-03-2018 14:52,17002679,3 - 6,0,,1,1,1,1001,1,1001,0,0,0
140950412,SIS / Hove (F/C) 6th Mar,Forecast,06-03-2018 14:52,17002680,4 - 1,0,,1,1,1,1001,1,1001,0,0,0
140953347,SIS / Henl (F/C) 6th Mar,Forecast,06-03-2018 21:26,17002680,4 - 1,0,,1,1,1,1001,1,1001,0,0,0
140950202,TRP / Nott (F/C) 6th Mar,Forecast,06-03-2018 13:04,17002680,4 - 1,0,,1,1,1,1001,1,1001,0,0,0
140950419,SIS / Hove (F/C) 6th Mar,Forecast,06-03-2018 17:08,17002683,4 - 2,0,,1,1,1,1001,1,1001,0,0,0
140951381,SIS / Monm (F/C) 6th Mar,Forecast,06-03-2018 15:02,17002683,4 - 2,0,,1,1,1,1001,1,1001,0,0,0
140953345,SIS / Henl (F/C) 6th Mar,Forecast,06-03-2018 20:53,17002684,4 - 3,0,,1,1,1,1001,1,1001,0,0,0
140952002,SIS / CPark (F/C) 6th Mar,Forecast,06-03-2018 13:22,17002684,4 - 3,0,,1,1,1,1001,1,1001,0,0,0
140951296,RPGTV / Sheff (F/C) 6th Mar,Forecast,06-03-2018 19:42,17002686,4 - 5,0,,1,1,1,1001,1,1001,0,0,0
140950195,TRP / Nott (F/C) 6th Mar,Forecast,06-03-2018 11:19,17002686,4 - 5,1,,1,1,1,1001,1,1001,0,0,0
140951293,RPGTV / Sheff (F/C) 6th Mar,Forecast,06-03-2018 18:56,17002686,4 - 5,0,,1,1,1,1001,1,1001,0,0,0
140954340,RPGTV / Poole (F/C) 6th Mar,Forecast,06-03-2018 20:51,17002687,4 - 6,0,,1,1,1,1001,1,1001,0,0,0
140951384,SIS / Monm (F/C) 6th Mar,Forecast,06-03-2018 15:59,17002687,4 - 6,0,,1,1,1,1001,1,1001,0,0,0
140951389,SIS / Monm (F/C) 6th Mar,Forecast,06-03-2018 17:37,17002687,4 - 6,0,,1,1,1,1001,1,1001,0,0,0
140951301,RPGTV / Sheff (F/C) 6th Mar,Forecast,06-03-2018 20:58,17002688,5 - 1,0,,1,1,1,1001,1,1001,0,0,0
140954336,RPGTV / Poole (F/C) 6th Mar,Forecast,06-03-2018 19:52,17002688,5 - 1,0,,1,1,1,1001,1,1001,0,0,0
140950413,SIS / Hove (F/C) 6th Mar,Forecast,06-03-2018 15:11,17002688,5 - 1,0,,1,1,1,1001,1,1001,0,0,0
140952003,SIS / CPark (F/C) 6th Mar,Forecast,06-03-2018 13:39,17002688,5 - 1,0,,1,1,1,1001,1,1001,0,0,0
140953562,SIS / Crayfd (F/C) 6th Mar,Forecast,06-03-2018 21:16,17002688,5 - 1,0,,1,1,1,1001,1,1001,0,0,0
140952868,SIS / Crayfd (F/C) 6th Mar,Forecast,06-03-2018 13:01,17002689,5 - 2,0,,1,1,1,1001,1,1001,0,0,0
140951334,TRP / Sund (F/C) 6th Mar,Forecast,06-03-2018 14:08,17002689,5 - 2,0,,1,1,1,1001,1,1001,0,0,0
140952869,SIS / Crayfd (F/C) 6th Mar,Forecast,06-03-2018 13:16,17002690,5 - 3,0,,1,1,1,1001,1,1001,0,0,0
140952003,SIS / CPark (F/C) 6th Mar,Forecast,06-03-2018 13:39,17002690,5 - 3,0,,1,1,1,1001,1,1001,0,0,0
140953557,SIS / Crayfd (F/C) 6th Mar,Forecast,06-03-2018 19:54,17002690,5 - 3,0,,1,1,1,1001,1,1001,0,0,0
140951340,TRP / Sund (F/C) 6th Mar,Forecast,06-03-2018 16:08,17002691,5 - 4,0,,1,1,1,1001,1,1001,0,0,0
140952860,SIS / Crayfd (F/C) 6th Mar,Forecast,06-03-2018 11:01,17002693,6 - 1,0,,1,24.9999990270270664718756835726074227321,1,1001,1,1001,14.8,0,0
140950202,TRP / Nott (F/C) 6th Mar,Forecast,06-03-2018 13:04,17002693,6 - 1,0,,1,1,1,1001,1,1001,0,0,0
140954333,RPGTV / Poole (F/C) 6th Mar,Forecast,06-03-2018 19:06,17002693,6 - 1,0,,1,1,1,1001,1,1001,0,0,0
140953343,SIS / Henl (F/C) 6th Mar,Forecast,06-03-2018 20:21,17002694,6 - 2,0,,1,1,1,1001,1,1001,0,0,0
140950456,TRP / Kinsl (F/C) 6th Mar,Forecast,06-03-2018 12:12,17002694,6 - 2,0,,1,1,1,1001,1,1001,0,0,0
140951339,TRP / Sund (F/C) 6th Mar,Forecast,06-03-2018 15:48,17002694,6 - 2,0,,1,1,1,1001,1,1001,0,0,0
140953343,SIS / Henl (F/C) 6th Mar,Forecast,06-03-2018 20:21,17002696,6 - 4,0,,1,1,1,1001,1,1001,0,0,0
140950416,SIS / Hove (F/C) 6th Mar,Forecast,06-03-2018 16:09,17002696,6 - 4,0,,1,1,1,1001,1,1001,0,0,0
140951303,RPGTV / Sheff (F/C) 6th Mar,Forecast,06-03-2018 21:32,17002696,6 - 4,0,,1,1,1,1001,1,1001,0,0,0
140954334,RPGTV / Poole (F/C) 6th Mar,Forecast,06-03-2018 19:22,17002697,6 - 5,0,,1,1,1,1001,1,1001,0,0,0
140953556,SIS / Crayfd (F/C) 6th Mar,Forecast,06-03-2018 19:38,17002697,6 - 5,1,,1,1,1,1001,1,1001,0,0,0
140952865,SIS / Crayfd (F/C) 6th Mar,Forecast,06-03-2018 12:16,17002697,6 - 5,0,,1,1,1,1001,1,1001,0,0,0
140951344,TRP / Sund (F/C) 6th Mar,Forecast,06-03-2018 17:22,17002697,6 - 5,0,,1,1,1,1001,1,1001,0,0,0
140953559,SIS / Crayfd (F/C) 6th Mar,Forecast,06-03-2018 20:26,17002568,1 - 2,0,,1,1,1,1001,1,1001,0,0,0
140941325,AUS / Geel (AUS) 6th Mar,R4 400m Mdn,06-03-2018 05:54,17508326,4. Gunmetal Liam,0,21,1,12.6138571593400253836390908041998384678,1,1001,1,1001,173.34,0,0
140941333,AUS / Geel (AUS) 6th Mar,R8 460m Gr7,06-03-2018 07:14,17508341,5. Jimbos Sox,0,9.860960341,1,9.32020454545454545454545454545454545455,1,1001,1,1001,968,0,0
140941329,AUS / Geel (AUS) 6th Mar,R6 400m Gr7,06-03-2018 06:34,17452099,8. Blackpool Doc,0,2.785319908854044,1,2.31981138166534506373469317394697499193,1,1001,1,1001,12762.28,0,0
140941383,NZL / Addi (NZL) 6th mar,R1 295m C0,06-03-2018 01:18,17508033,5. May The Fourth,0,,1,25.8715083798882681564245810055865921788,1,1001,1,1001,7.16,0,0
140941043,AUS / Town (AUS) 6th Mar,R2 380m Nvce,06-03-2018 09:15,17508794,7. Oldmate Gretel,0,8.70084404561203,1,7.12987030747840357395208898411323593098,1,1001,1,1001,877.46,0,0
140941161,AUS / Ipsw (AUS) 6th Mar,R2 431m Heat,06-03-2018 05:12,17508629,4. Topdeck Duk,0,8.339456304140622,1,6.67487577782194566330820860152583056859,1,1001,1,1001,1308.14,0,0
140953343,SIS / Henl (F/C) 6th Mar,Forecast,06-03-2018 20:21,6953192,1 - 5,0,,1,1,1,1001,1,1001,0,0,0
140951995,SIS / CPark (F/C) 6th Mar,Forecast,06-03-2018 11:39,6953192,1 - 5,0,,1,1,1,1001,1,1001,0,0,0
140950417,SIS / Hove (F/C) 6th Mar,Forecast,06-03-2018 16:29,6953192,1 - 5,0,,1,1,1,1001,1,1001,0,0,0
140941145,AUS / Town (AUS) 6th Mar,R9 380m Heat,06-03-2018 11:37,10061381,8. Temnick,0,22.960783625140316,1,1,1,1001,1,1001,0,0,0
140950160,TRP / Nott 6th Mar,A5 500m,06-03-2018 11:19,11901905,4. Sybarite,1,5.966681023495477,1,1,1,1001,1,1001,0,0,0
140951353,SIS / Monm 6th Mar,A4 480m,06-03-2018 14:42,12056063,2. Federici,0,5.524440949650453,1,1,1,1001,1,1001,0,0,0
140950367,SIS / Hove 6th Mar,A5 515m,06-03-2018 14:12,12094581,5. Fabulous Arrival,0,8.251980204841669,1,1,1,1001,1,1001,0,0,0
140941304,AUS / Gawl (AUS) 6th Mar,R8 531m Gr4/5,06-03-2018 03:38,12187811,2. Vee Bee Dooley,0,4.313065613697818,1,3.86340782687834968146425321063808271817,1,1001,1,1001,1977.8,0,0
140941241,AUS / Warr (AUS) 6th Mar,R5 450m Gr5,06-03-2018 05:19,12309102,7. Als Luck,0,56.21390492323408,1,47.658947758429047795479807336050389033,1,1001,1,1001,107.96,0,0
140950180,TRP / Nott 6th Mar,A4 500m,06-03-2018 13:51,12671578,2. Calling Chris,0,6.322950632,1,1,1,1001,1,1001,0,0,0
140951365,SIS / Monm 6th Mar,A4 480m,06-03-2018 16:39,13030659,6. Roseville Pat,0,9.2,1,1,1,1001,1,1001,0,0,0
140941165,AUS / Ipsw (AUS) 6th Mar,R3 431m Final,06-03-2018 05:27,14348658,6. Thug,0,36,1,20.6386123210952084629744866210329807094,1,1001,1,1001,128.56,0,0
140951273,RPGTV / Sheff 6th Mar,OR 500m,06-03-2018 19:42,15636564,2. College Bell,0,33.4808306291714,1,1,1,1001,1,1001,0,0,0
140941281,NZL / AsPk (NZL) 6th Mar,R11 457m C1,06-03-2018 02:02,15722538,2. Know Dollars,0,,1,12.7668681983071342200725513905683192261,1,1001,1,1001,82.7,0,0
140951900,SIS / CPark 6th Mar,A3 480m,06-03-2018 12:54,15862915,4. Insane Date,0,4.023272659101622,1,1,1,1001,1,1001,0,0,0
140941047,AUS / Town (AUS) 6th Mar,R4 380m Heat,06-03-2018 09:55,16205910,1. Winnies Rose,0,7.2,1,5.60451529882756648555905061481269659708,1,1001,1,1001,699.4,0,0
140953444,SIS / Crayfd 6th Mar,OR 540m,06-03-2018 19:54,16512875,5. Rogue Convict,0,10.5,1,1,1,1001,1,1001,0,0,0
140951359,SIS / Monm 6th Mar,A5 480m,06-03-2018 15:39,16510995,4. Faletau,0,7,1,1,1,1001,1,1001,0,0,0
140941341,AUS / Cran (AUS) 6th Mar,R5 520m Rest,06-03-2018 09:08,16795708,4. Psychedelic Jay,0,110,1,48.8702466005992164093109011292924637013,1,1001,1,1001,86.78,0,0
140953563,SIS / Crayfd (F/C) 6th Mar,Forecast,06-03-2018 21:30,17002741,5 - 6,0,,1,1,1,1001,1,1001,0,0,0
140941217,AUS / Mait (AUS) 6th Mar,R11 400m Gr5,06-03-2018 11:20,17034118,6. Jasmicray,0,15.5,1,1,1,1001,1,1001,0,0,0
140951296,RPGTV / Sheff (F/C) 6th Mar,Forecast,06-03-2018 19:42,17002631,1 - 4,0,,1,1,1,1001,1,1001,0,0,0
140950462,TRP / Kinsl (F/C) 6th Mar,Forecast,06-03-2018 13:44,17002632,1 - 6,0,,1,1,1,1001,1,1001,0,0,0
140950462,TRP / Kinsl (F/C) 6th Mar,Forecast,06-03-2018 13:44,17002633,2 - 1,0,,1,1,1,1001,1,1001,0,0,0
140950456,TRP / Kinsl (F/C) 6th Mar,Forecast,06-03-2018 12:12,17002635,2 - 3,0,,1,1,1,1001,1,1001,0,0,0
140951996,SIS / CPark (F/C) 6th Mar,Forecast,06-03-2018 11:54,17002635,2 - 3,0,,1,1,1,1001,1,1001,0,0,0
140951379,SIS / Monm (F/C) 6th Mar,Forecast,06-03-2018 14:22,17002636,2 - 4,0,,1,1,1,1001,1,1001,0,0,0
140951337,TRP / Sund (F/C) 6th Mar,Forecast,06-03-2018 15:07,17002636,2 - 4,0,,1,1,1,1001,1,1001,0,0,0
140951383,SIS / Monm (F/C) 6th Mar,Forecast,06-03-2018 15:39,17002637,2 - 5,0,,1,1,1,1001,1,1001,0,0,0
140953559,SIS / Crayfd (F/C) 6th Mar,Forecast,06-03-2018 20:26,17002639,2 - 6,0,,1,1,1,1001,1,1001,0,0,0
140953339,SIS / Henl (F/C) 6th Mar,Forecast,06-03-2018 19:17,17002639,2 - 6,0,,1,1,1,1001,1,1001,0,0,0
140954341,RPGTV / Poole (F/C) 6th Mar,Forecast,06-03-2018 21:07,17002639,2 - 6,0,,1,1,1,1001,1,1001,0,0,0
140952868,SIS / Crayfd (F/C) 6th Mar,Forecast,06-03-2018 13:01,17002675,3 - 2,0,,1,1,1,1001,1,1001,0,0,0
140950194,TRP / Nott (F/C) 6th Mar,Forecast,06-03-2018 11:03,17002675,3 - 2,0,,1,1,1,1001,1,1001,0,0,0
140951382,SIS / Monm (F/C) 6th Mar,Forecast,06-03-2018 15:19,17002675,3 - 2,0,,1,1,1,1001,1,1001,0,0,0
140953347,SIS / Henl (F/C) 6th Mar,Forecast,06-03-2018 21:26,17002675,3 - 2,0,,1,1,1,1001,1,1001,0,0,0
140950416,SIS / Hove (F/C) 6th Mar,Forecast,06-03-2018 16:09,17002677,3 - 4,0,,1,1,1,1001,1,1001,0,0,0
140950421,SIS / Hove (F/C) 6th Mar,Forecast,06-03-2018 17:44,17002677,3 - 4,0,,1,1,1,1001,1,1001,0,0,0
140952869,SIS / Crayfd (F/C) 6th Mar,Forecast,06-03-2018 13:16,17002678,3 - 5,0,,1,1,1,1001,1,1001,0,0,0
140950462,TRP / Kinsl (F/C) 6th Mar,Forecast,06-03-2018 13:44,17002678,3 - 5,0,,1,1,1,1001,1,1001,0,0,0
140950453,TRP / Kinsl (F/C) 6th Mar,Forecast,06-03-2018 11:28,17002679,3 - 6,0,,1,1,1,1001,1,1001,0,0,0
140952000,SIS / CPark (F/C) 6th Mar,Forecast,06-03-2018 12:54,17002680,4 - 1,0,,1,1,1,1001,1,1001,0,0,0
140951998,SIS / CPark (F/C) 6th Mar,Forecast,06-03-2018 12:24,17002683,4 - 2,0,,1,1,1,1001,1,1001,0,0,0
140952870,SIS / Crayfd (F/C) 6th Mar,Forecast,06-03-2018 13:31,17002683,4 - 2,0,,1,1,1,1001,1,1001,0,0,0
140951391,SIS / Monm (F/C) 6th Mar,Forecast,06-03-2018 18:09,17002684,4 - 3,0,,1,1,1,1001,1,1001,0,0,0
140951341,TRP / Sund (F/C) 6th Mar,Forecast,06-03-2018 16:27,17002686,4 - 5,0,,1,1,1,1001,1,1001,0,0,0
140952002,SIS / CPark (F/C) 6th Mar,Forecast,06-03-2018 13:22,17002686,4 - 5,0,,1,1,1,1001,1,1001,0,0,0
140950461,TRP / Kinsl (F/C) 6th Mar,Forecast,06-03-2018 13:27,17002687,4 - 6,0,,1,1,1,1001,1,1001,0,0,0
140950198,TRP / Nott (F/C) 6th Mar,Forecast,06-03-2018 12:04,17002688,5 - 1,0,,1,1,1,1001,1,1001,0,0,0
140952861,SIS / Crayfd (F/C) 6th Mar,Forecast,06-03-2018 11:16,17002688,5 - 1,0,,1,1,1,1001,1,1001,0,0,0
140950199,TRP / Nott (F/C) 6th Mar,Forecast,06-03-2018 12:18,17002689,5 - 2,0,,1,1,1,1001,1,1001,0,0,0
140951346,TRP / Sund (F/C) 6th Mar,Forecast,06-03-2018 17:56,17002691,5 - 4,0,,1,1,1,1001,1,1001,0,0,0
140951378,SIS / Monm (F/C) 6th Mar,Forecast,06-03-2018 14:06,17002693,6 - 1,0,,1,1,1,1001,1,1001,0,0,0
140951385,SIS / Monm (F/C) 6th Mar,Forecast,06-03-2018 16:19,17002693,6 - 1,1,,1,1,1,1001,1,1001,0,0,0
140952004,SIS / CPark (F/C) 6th Mar,Forecast,06-03-2018 13:57,17002693,6 - 1,0,,1,1,1,1001,1,1001,0,0,0
140950197,TRP / Nott (F/C) 6th Mar,Forecast,06-03-2018 11:48,17002695,6 - 3,1,,1,1,1,1001,1,1001,0,0,0
140951381,SIS / Monm (F/C) 6th Mar,Forecast,06-03-2018 15:02,17002695,6 - 3,0,,1,1,1,1001,1,1001,0,0,0
140950414,SIS / Hove (F/C) 6th Mar,Forecast,06-03-2018 15:29,17002697,6 - 5,0,,1,1,1,1001,1,1001,0,0,0
140951336,TRP / Sund (F/C) 6th Mar,Forecast,06-03-2018 14:47,17002568,1 - 2,1,,1,1,1,1001,1,1001,0,0,0
140952870,SIS / Crayfd (F/C) 6th Mar,Forecast,06-03-2018 13:31,17002568,1 - 2,0,,1,1,1,1001,1,1001,0,0,0
140951344,TRP / Sund (F/C) 6th Mar,Forecast,06-03-2018 17:22,17002568,1 - 2,0,,1,1,1,1001,1,1001,0,0,0
140941365,AUS / Mand (AUS) 6th Mar,R3 405m Heat,06-03-2018 10:42,17509894,6. Homer Monelli,0,6.362543774439255,1,5.80594781435737469965855920414787337183,1,1001,1,1001,948.92,0,0
140941367,AUS / Mand (AUS) 6th Mar,R4 405m Heat,06-03-2018 11:05,17509898,5. Lisa Monelli,0,14.5,1,1,1,1001,1,1001,0,0,0
140941377,AUS / Mand (AUS) 6th Mar,R9 405m Nvce,06-03-2018 12:45,17509913,1. Double Cracker,0,9.987465430726552,1,1,1,1001,1,1001,0,0,0
140941319,AUS / Geel (AUS) 6th Mar,R1 400m Mdn,06-03-2018 04:49,17508312,5. Ohio Fernando,0,2.5959187952298093,1,2.58161501083459189703854488147613106573,1,1001,1,1001,2436.64,0,0
140941294,AUS / Gawl (AUS) 6th Mar,R3 400m Heat,06-03-2018 01:57,17508100,7. Comets Gold,0,4.661737524258497,1,3.85417518874832714693331313284347145418,1,1001,1,1001,792.06,0,0
140953440,SIS / Crayfd 6th Mar,OR 540m,06-03-2018 19:23,17504491,5. Ballygibbon Man,0,22,1,1,1,1001,1,1001,0,0,0
140952563,SIS / Crayfd 6th Mar,A6 380m,06-03-2018 12:16,17504579,3. Bullseye Cooba,1,5.31732251310139,1,1,1,1001,1,1001,0,0,0
140951890,SIS / CPark 6th Mar,D1 265m,06-03-2018 11:39,17437874,4. Quare Product,0,14.94748439221447,1,1,1,1001,1,1001,0,0,0
140951898,SIS / CPark 6th Mar,D3 265m,06-03-2018 12:39,17437897,3. Manilla Musk,0,17.62427734269062,1,1,1,1001,1,1001,0,0,0
140941159,AUS / Ipsw (AUS) 6th Mar,R1 431m Heat,06-03-2018 04:52,17508622,4. Gotcha Mocha,0,21,1,12.1138096582886190341711380965828861903,1,1001,1,1001,70.82,0,0
140953562,SIS / Crayfd (F/C) 6th Mar,Forecast,06-03-2018 21:16,6953192,1 - 5,0,,1,1,1,1001,1,1001,0,0,0
140950202,TRP / Nott (F/C) 6th Mar,Forecast,06-03-2018 13:04,6953192,1 - 5,0,,1,1,1,1001,1,1001,0,0,0
140953563,SIS / Crayfd (F/C) 6th Mar,Forecast,06-03-2018 21:30,6953192,1 - 5,0,,1,1,1,1001,1,1001,0,0,0
140953008,SIS / Henl 6th Mar,A7 460m,06-03-2018 18:44,8190658,5. Blues Daisy,0,5.337038346160261,1,1,1,1001,1,1001,0,0,0
140952573,SIS / Crayfd 6th Mar,A5 380m,06-03-2018 13:31,9132271,6. Deran Jet,0,7.686915825256148,1,1,1,1001,1,1001,0,0,0
140950385,SIS / Hove 6th Mar,A11 515m,06-03-2018 17:08,9448197,4. Binky Blue,0,19,1,1,1,1001,1,1001,0,0,0
140941213,AUS / Mait (AUS) 6th Mar,R9 400m Gr5,06-03-2018 10:38,11264757,4. Fipa Narchi,0,170.0297399237157,1,61.7261146496815286624203821656050955414,1,1001,1,1001,28.26,0,0
140941312,AUS / Gawl (AUS) 6th Mar,R11 400m FFA,06-03-2018 04:37,11464940,4. Top Weight,0,7.51565109757241,1,5.68927936408325488965589373496496182408,1,1001,1,1001,382.44,0,0
140941185,AUS / Ipsw (AUS) 6th Mar,R7 520m Final,06-03-2018 06:46,11602922,4. Logan City,0,3.833849686195026,1,3.7187810725922939971110887164499983204,1,1001,1,1001,4763.04,0,0
140941329,AUS / Geel (AUS) 6th Mar,R6 400m Gr7,06-03-2018 06:34,11771697,10. Miss Camelot,0,150,1,133.202401108203786362936740033861782361,1,1001,1,1001,129.94,0,0
140941389,NZL / Addi (NZL) 6th mar,R4 295m C1,06-03-2018 02:09,11831877,3. Ohoka Pheobe,0,,1,19.135005973715651135005973715651135006,1,1001,1,1001,16.74,0,0
140951371,SIS / Monm 6th Mar,S2 630m,06-03-2018 17:37,12056080,1. Comeupforair,0,5.6,1,1,1,1001,1,1001,0,0,0
140941167,AUS / Devn (AUS) 6th Mar,R5 580m Gr5,06-03-2018 03:04,12361404,3. Halo Henry,1,3.46149397,1,3.26588424016237805277286715118182413409,1,1001,1,1001,1221.84,0,0
140941304,AUS / Gawl (AUS) 6th Mar,R8 531m Gr4/5,06-03-2018 03:38,12661111,1. Rip It Ralph,1,5.1,1,4.15652798133580594023868632787963987677,1,1001,1,1001,668.66,0,0
140941257,AUS / Warr (AUS) 6th Mar,R11 450m Gr5,06-03-2018 07:22,13001544,5. Spring Baker,0,3.409303546840547,1,3.04334861492610344405769380469957630417,1,1001,1,1001,7193.84,0,0
140950383,SIS / Hove 6th Mar,D1 285m,06-03-2018 16:48,13004140,1. Droopys Ed,1,2.8852293982016266,1,1,1,1001,1,1001,0,0,0
140941275,NZL / AsPk (NZL) 6th Mar,R8 457m C1/2,06-03-2018 01:10,13172508,3. Homebush Fued,0,,1,26.0932982917214191852825229960578186597,1,1001,1,1001,15.22,0,0
140941267,NZL / AsPk (NZL) 6th Mar,R4 390m C5,06-03-2018 00:00,13231372,3. Cosmic Richie,0,,1,27.6721311475409836065573770491803278689,1,1001,1,1001,1.22,0,0
140953670,RPGTV / Poole 6th Mar,A4 450m,06-03-2018 18:48,13311221,2. Rickys Chief,0,8.04289700429188,1,1,1,1001,1,1001,0,0,0
140941401,NZL / Addi (NZL) 6th mar,R10 645m C1,06-03-2018 03:57,13282928,8. Goldstar Scooby,0,,1,25.1737089201877934272300469483568075117,1,1001,1,1001,8.52,0,0
140953450,SIS / Crayfd 6th Mar,S8 540m,06-03-2018 20:42,13493408,3. Hollyhill Nellie,0,4.3,1,1,1,1001,1,1001,0,0,0
140941223,AUS / Lism (AUS) 6th Mar,R3 420m Gr5,06-03-2018 08:25,13549605,4. Odi Sannette,0,42.62415784914047,1,36.401472064235530277684844429575108732,1,1001,1,1001,179.34,0,0
140941403,NZL / Addi (NZL) 6th mar,R11 520m C1,06-03-2018 04:17,13938527,5. Daves Dot,0,,1,8.17718665464382326420198376916140667268,1,1001,1,1001,44.36,0,0
140941143,AUS / Town (AUS) 6th Mar,R8 498m Final,06-03-2018 11:12,14048509,6. Dream Weaver,0,117.30262791382509,1,1,1,1001,1,1001,0,0,0
140941173,AUS / Devn (AUS) 6th Mar,R7 452m FFA,06-03-2018 03:49,14848631,5. Jake Sully,0,14.591118584824725,1,11.138263444191971355780486125456172967,1,1001,1,1001,580.92,0,0
140951373,SIS / Monm 6th Mar,A3 480m,06-03-2018 17:54,14899129,1. Barefoot Judge,1,8.3383585431818,1,1,1,1001,1,1001,0,0,0
140950383,SIS / Hove 6th Mar,D1 285m,06-03-2018 16:48,15215133,5. Swift Coconut,0,14.663541441,1,1,1,1001,1,1001,0,0,0
140951287,RPGTV / Sheff 6th Mar,A3 500m,06-03-2018 21:32,15343137,6. Soberano Prince,0,32.1908123473078,1,1,1,1001,1,1001,0,0,0
140950172,TRP / Nott 6th Mar,A3 500m,06-03-2018 12:47,15459128,5. Ardfhearta Star,1,5.4,1,1,1,1001,1,1001,0,0,0
140951307,TRP / Sund 6th Mar,A4 450m,06-03-2018 14:27,15941091,1. Footfield Frano,0,5.817213096198393,1,1,1,1001,1,1001,0,0,0
140941308,AUS / Gawl (AUS) 6th Mar,R10 400m Gr5,06-03-2018 04:17,16448859,7. Donna Paulsen,1,9.83373629021109,1,9.25142500520074890784272935302683586436,1,1001,1,1001,96.14,0,0
140950389,SIS / Hove 6th Mar,A5 515m,06-03-2018 17:44,16511449,4. Roses Bolt,1,4.891831855,1,1,1,1001,1,1001,0,0,0
140951329,TRP / Sund 6th Mar,A7 450m,06-03-2018 17:56,16402578,6. Hestors Hero,0,14.075263805142601,1,1,1,1001,1,1001,0,0,0
140951890,SIS / CPark 6th Mar,D1 265m,06-03-2018 11:39,16634191,5. Uppa Murph,0,6.6,1,1,1,1001,1,1001,0,0,0
140950393,SIS / Hove 6th Mar,A3 515m,06-03-2018 18:19,16801180,2. Gowan Sublic,1,4.7,1,1,1,1001,1,1001,0,0,0
140951329,TRP / Sund 6th Mar,A7 450m,06-03-2018 17:56,16815680,5. Crafty Jetro,1,12.664113855259496,1,1,1,1001,1,1001,0,0,0
140941323,AUS / Geel (AUS) 6th Mar,R3 460m Mdn,06-03-2018 05:32,16720135,6. Punt Road Girl,0,8,1,5.99646017699115044247787610619469026549,1,1001,1,1001,92.66,0,0
140954340,RPGTV / Poole (F/C) 6th Mar,Forecast,06-03-2018 20:51,17002741,5 - 6,0,,1,1,1,1001,1,1001,0,0,0
140950459,TRP / Kinsl (F/C) 6th Mar,Forecast,06-03-2018 12:58,17002741,5 - 6,0,,1,1,1,1001,1,1001,0,0,0
140941399,NZL / Addi (NZL) 6th mar,R9 520m C1,06-03-2018 03:42,17344093,7. Senorita Julie,0,,1,22.2760970677451971688574317492416582407,1,1001,1,1001,494.5,0,0
140941294,AUS / Gawl (AUS) 6th Mar,R3 400m Heat,06-03-2018 01:57,17090048,3. Usain Beast,0,2.542758276592891,1,2.02866928763184345458478058958993345802,1,1001,1,1001,1571.94,0,0
140953339,SIS / Henl (F/C) 6th Mar,Forecast,06-03-2018 19:17,17002630,1 - 3,0,,1,1,1,1001,1,1001,0,0,0
140951295,RPGTV / Sheff (F/C) 6th Mar,Forecast,06-03-2018 19:26,17002630,1 - 3,0,,1,1,1,1001,1,1001,0,0,0
140950202,TRP / Nott (F/C) 6th Mar,Forecast,06-03-2018 13:04,17002630,1 - 3,0,,1,1,1,1001,1,1001,0,0,0
140952004,SIS / CPark (F/C) 6th Mar,Forecast,06-03-2018 13:57,17002630,1 - 3,0,,1,1,1,1001,1,1001,0,0,0
140951293,RPGTV / Sheff (F/C) 6th Mar,Forecast,06-03-2018 18:56,17002631,1 - 4,0,,1,1,1,1001,1,1001,0,0,0
140950417,SIS / Hove (F/C) 6th Mar,Forecast,06-03-2018 16:29,17002631,1 - 4,0,,1,1,1,1001,1,1001,0,0,0
140952863,SIS / Crayfd (F/C) 6th Mar,Forecast,06-03-2018 11:46,17002632,1 - 6,0,,1,1,1,1001,1,1001,0,0,0
140951298,RPGTV / Sheff (F/C) 6th Mar,Forecast,06-03-2018 20:13,17002632,1 - 6,0,,1,1,1,1001,1,1001,0,0,0
140954335,RPGTV / Poole (F/C) 6th Mar,Forecast,06-03-2018 19:37,17002636,2 - 4,0,,1,1,1,1001,1,1001,0,0,0
140952867,SIS / Crayfd (F/C) 6th Mar,Forecast,06-03-2018 12:46,17002637,2 - 5,0,,1,1,1,1001,1,1001,0,0,0
140952001,SIS / CPark (F/C) 6th Mar,Forecast,06-03-2018 13:08,17002637,2 - 5,0,,1,1,1,1001,1,1001,0,0,0
140952004,SIS / CPark (F/C) 6th Mar,Forecast,06-03-2018 13:57,17002637,2 - 5,0,,1,1,1,1001,1,1001,0,0,0
140953557,SIS / Crayfd (F/C) 6th Mar,Forecast,06-03-2018 19:54,17002639,2 - 6,1,,1,1,1,1001,1,1001,0,0,0
140953558,SIS / Crayfd (F/C) 6th Mar,Forecast,06-03-2018 20:11,17002674,3 - 1,0,,1,1,1,1001,1,1001,0,0,0
140951996,SIS / CPark (F/C) 6th Mar,Forecast,06-03-2018 11:54,17002675,3 - 2,0,,1,1,1,1001,1,1001,0,0,0
140951301,RPGTV / Sheff (F/C) 6th Mar,Forecast,06-03-2018 20:58,17002675,3 - 2,0,,1,1,1,1001,1,1001,0,0,0
140950205,TRP / Nott (F/C) 6th Mar,Forecast,06-03-2018 13:51,17002675,3 - 2,0,,1,1,1,1001,1,1001,0,0,0
140952871,SIS / Crayfd (F/C) 6th Mar,Forecast,06-03-2018 13:49,17002677,3 - 4,0,,1,1,1,1001,1,1001,0,0,0
140950196,TRP / Nott (F/C) 6th Mar,Forecast,06-03-2018 11:34,17002678,3 - 5,0,,1,1,1,1001,1,1001,0,0,0
140951388,SIS / Monm (F/C) 6th Mar,Forecast,06-03-2018 17:18,17002679,3 - 6,0,,1,1,1,1001,1,1001,0,0,0
140950201,TRP / Nott (F/C) 6th Mar,Forecast,06-03-2018 12:47,17002680,4 - 1,0,,1,1,1,1001,1,1001,0,0,0
140950198,TRP / Nott (F/C) 6th Mar,Forecast,06-03-2018 12:04,17002683,4 - 2,0,,1,1,1,1001,1,1001,0,0,0
140952864,SIS / Crayfd (F/C) 6th Mar,Forecast,06-03-2018 12:01,17002683,4 - 2,0,,1,1,1,1001,1,1001,0,0,0
140953564,SIS / Crayfd (F/C) 6th Mar,Forecast,06-03-2018 21:45,17002686,4 - 5,0,,1,1,1,1001,1,1001,0,0,0
140950460,TRP / Kinsl (F/C) 6th Mar,Forecast,06-03-2018 13:12,17002686,4 - 5,0,,1,1,1,1001,1,1001,0,0,0
140953341,SIS / Henl (F/C) 6th Mar,Forecast,06-03-2018 19:49,17002688,5 - 1,0,,1,1,1,1001,1,1001,0,0,0
140951994,SIS / CPark (F/C) 6th Mar,Forecast,06-03-2018 11:24,17002690,5 - 3,0,,1,1,1,1001,1,1001,0,0,0
140951388,SIS / Monm (F/C) 6th Mar,Forecast,06-03-2018 17:18,17002690,5 - 3,0,,1,1,1,1001,1,1001,0,0,0
140952863,SIS / Crayfd (F/C) 6th Mar,Forecast,06-03-2018 11:46,17002691,5 - 4,0,,1,1,1,1001,1,1001,0,0,0
140953563,SIS / Crayfd (F/C) 6th Mar,Forecast,06-03-2018 21:30,17002691,5 - 4,0,,1,1,1,1001,1,1001,0,0,0
140953336,SIS / Henl (F/C) 6th Mar,Forecast,06-03-2018 18:27,17002693,6 - 1,0,,1,1,1,1001,1,1001,0,0,0
140953556,SIS / Crayfd (F/C) 6th Mar,Forecast,06-03-2018 19:38,17002693,6 - 1,0,,1,1,1,1001,1,1001,0,0,0
140951390,SIS / Monm (F/C) 6th Mar,Forecast,06-03-2018 17:54,17002693,6 - 1,0,,1,1,1,1001,1,1001,0,0,0
140953346,SIS / Henl (F/C) 6th Mar,Forecast,06-03-2018 21:08,17002693,6 - 1,0,,1,1,1,1001,1,1001,0,0,0
140951336,TRP / Sund (F/C) 6th Mar,Forecast,06-03-2018 14:47,17002693,6 - 1,0,,1,1,1,1001,1,1001,0,0,0
140950202,TRP / Nott (F/C) 6th Mar,Forecast,06-03-2018 13:04,17002694,6 - 2,0,,1,1,1,1001,1,1001,0,0,0
140951302,RPGTV / Sheff (F/C) 6th Mar,Forecast,06-03-2018 21:14,17002695,6 - 3,0,,1,1,1,1001,1,1001,0,0,0
140954338,RPGTV / Poole (F/C) 6th Mar,Forecast,06-03-2018 20:22,17002695,6 - 3,0,,1,1,1,1001,1,1001,0,0,0
140954332,RPGTV / Poole (F/C) 6th Mar,Forecast,06-03-2018 18:48,17002697,6 - 5,0,,1,1,1,1001,1,1001,0,0,0
140953343,SIS / Henl (F/C) 6th Mar,Forecast,06-03-2018 20:21,17002568,1 - 2,0,,1,1,1,1001,1,1001,0,0,0
140952866,SIS / Crayfd (F/C) 6th Mar,Forecast,06-03-2018 12:31,17002568,1 - 2,0,,1,1,1,1001,1,1001,0,0,0
140951387,SIS / Monm (F/C) 6th Mar,Forecast,06-03-2018 16:58,17002568,1 - 2,0,,1,1,1,1001,1,1001,0,0,0
140941281,NZL / AsPk (NZL) 6th Mar,R11 457m C1,06-03-2018 02:02,17190543,8. Cosmic Ruben,0,,1,17.7562941833064616147835793129108272355,1,1001,1,1001,161.26,0,0
140941365,AUS / Mand (AUS) 6th Mar,R3 405m Heat,06-03-2018 10:42,17509891,2. Flying Gabbie,0,120,1,24.6488636363636363636363636363636363636,1,1001,1,1001,35.2,0,0
140953026,SIS / Henl 6th Mar,A2 460m,06-03-2018 21:08,17504816,5. Riverside Ranger,0,15.5,1,1,1,1001,1,1001,0,0,0
140941329,AUS / Geel (AUS) 6th Mar,R6 400m Gr7,06-03-2018 06:34,17508336,7. Destini Radar,0,6.6,1,5.26126047416703069774830229141019022279,1,1001,1,1001,1007.24,0,0
140941294,AUS / Gawl (AUS) 6th Mar,R3 400m Heat,06-03-2018 01:57,17508101,8. Stitch em Harry,0,18.5,1,16.2607753832481670739835592090646522995,1,1001,1,1001,180.04,0,0
140950199,TRP / Nott (F/C) 6th Mar,Forecast,06-03-2018 12:18,6953192,1 - 5,0,,1,1,1,1001,1,1001,0,0,0
140954340,RPGTV / Poole (F/C) 6th Mar,Forecast,06-03-2018 20:51,6953192,1 - 5,0,,1,1,1,1001,1,1001,0,0,0
140952003,SIS / CPark (F/C) 6th Mar,Forecast,06-03-2018 13:39,6953192,1 - 5,0,,1,1,1,1001,1,1001,0,0,0
140952861,SIS / Crayfd (F/C) 6th Mar,Forecast,06-03-2018 11:16,6953192,1 - 5,0,,1,1,1,1001,1,1001,0,0,0
140941381,AUS / Mand (AUS) 6th Mar,R11 405m Final,06-03-2018 13:24,9164380,7. Cadillac Style,0,26.876409452,1,1,1,1001,1,1001,0,0,0
140941255,AUS / Warr (AUS) 6th Mar,R10 450m Gr5,06-03-2018 07:01,10841872,9. Good Yarn,0,75,1,65.2501754878562403481679067808507651271,1,1001,1,1001,142.46,0,0
140941287,AUS / Warr (AUS) 6th Mar,R9 390m Rest,06-03-2018 06:42,10816023,2. Elram Girl,0,24.79023911326192,1,20.3935351634689694566714828130775175565,1,1001,1,1001,595.22,0,0
140951351,SIS / Monm 6th Mar,A4 480m,06-03-2018 14:22,11141121,1. Swift Samantha,1,4.711605171,1,1,1,1001,1,1001,0,0,0
140951349,SIS / Monm 6th Mar,A3 480m,06-03-2018 14:06,11236873,4. Proud Mel,1,4.9831330808218635,1,1,1,1001,1,1001,0,0,0
140950168,TRP / Nott 6th Mar,A2 500m,06-03-2018 12:18,11413174,3. Sunfield Ronnie,0,3.6119712974545286,1,1,1,1001,1,1001,0,0,0
140950439,TRP / Kinsl 6th Mar,A5 462m,06-03-2018 12:58,11620078,6. Bantam Evie,0,5.3,1,1,1,1001,1,1001,0,0,0
140950375,SIS / Hove 6th Mar,A2 515m,06-03-2018 15:29,11986267,6. Crossfield James,0,4.449813378,1,1,1,1001,1,1001,0,0,0
140953012,SIS / Henl 6th Mar,A5 460m,06-03-2018 19:17,12752786,1. Blackrose Adel,0,6.2,1,1,1,1001,1,1001,0,0,0
140951353,SIS / Monm 6th Mar,A4 480m,06-03-2018 14:42,12722922,5. Fabulous Degree,0,6.965904400450524,1,1,1,1001,1,1001,0,0,0
140952555,SIS / Crayfd 6th Mar,A4 380m,06-03-2018 11:16,12850288,3. Fitzlerseemytail,0,5.95746971047658,1,1,1,1001,1,1001,0,0,0
140941373,AUS / Mand (AUS) 6th Mar,R7 405m Gr5,06-03-2018 12:02,13262898,2. Two Stop Lomar,0,4.864748897682002,1,1,1,1001,1,1001,0,0,0
140951325,TRP / Sund 6th Mar,A4 450m,06-03-2018 17:22,13479326,3. Rossmore Lil,0,8.475004513,1,1,1,1001,1,1001,0,0,0
140941279,NZL / AsPk (NZL) 6th Mar,R10 390m C1/2,06-03-2018 01:42,14699146,2. Botany Whisper,1,,1,6.82860553963705826170009551098376313276,1,1001,1,1001,83.76,0,0
140950379,SIS / Hove 6th Mar,A3 515m,06-03-2018 16:09,15037834,2. Callums Secret,0,4.9,1,1,1,1001,1,1001,0,0,0
140941287,AUS / Warr (AUS) 6th Mar,R9 390m Rest,06-03-2018 06:42,15253550,5. Sazana,0,38,1,18.7496408045977011494252873563218390805,1,1001,1,1001,55.68,0,0
140951327,TRP / Sund 6th Mar,A3 450m,06-03-2018 17:38,16667051,5. Witton Oyster,0,12.462889512815895,1,1,1,1001,1,1001,0,0,0
140953672,RPGTV / Poole 6th Mar,A8 450m,06-03-2018 19:06,16512576,3. Exciting Times,0,4.1,1,1,1,1001,1,1001,0,0,0
140953018,SIS / Henl 6th Mar,A4 460m,06-03-2018 20:06,16591127,3. Savana Teddy,0,5.750179763210472,1,1,1,1001,1,1001,0,0,0
140941145,AUS / Town (AUS) 6th Mar,R9 380m Heat,06-03-2018 11:37,16469057,2. Road To Riches,0,1.7344482324842827,1,1,1,1001,1,1001,0,0,0
140941327,AUS / Geel (AUS) 6th Mar,R5 460m Mdn,06-03-2018 06:14,16653442,7. Fawn Secrets,0,15.5,1,14.1723617576346616195201800603611437925,1,1001,1,1001,390.98,0,0
140951300,RPGTV / Sheff (F/C) 6th Mar,Forecast,06-03-2018 20:43,17002741,5 - 6,0,,1,1,1,1001,1,1001,0,0,0
140951301,RPGTV / Sheff (F/C) 6th Mar,Forecast,06-03-2018 20:58,17002741,5 - 6,0,,1,1,1,1001,1,1001,0,0,0
140951294,RPGTV / Sheff (F/C) 6th Mar,Forecast,06-03-2018 19:11,17002741,5 - 6,0,,1,1,1,1001,1,1001,0,0,0
140951993,SIS / CPark (F/C) 6th Mar,Forecast,06-03-2018 11:09,17002630,1 - 3,0,,1,1,1,1001,1,1001,0,0,0
140950195,TRP / Nott (F/C) 6th Mar,Forecast,06-03-2018 11:19,17002630,1 - 3,0,,1,1,1,1001,1,1001,0,0,0
140951344,TRP / Sund (F/C) 6th Mar,Forecast,06-03-2018 17:22,17002630,1 - 3,0,,1,1,1,1001,1,1001,0,0,0
140952867,SIS / Crayfd (F/C) 6th Mar,Forecast,06-03-2018 12:46,17002631,1 - 4,0,,1,1,1,1001,1,1001,0,0,0
140951339,TRP / Sund (F/C) 6th Mar,Forecast,06-03-2018 15:48,17002631,1 - 4,0,,1,1,1,1001,1,1001,0,0,0
140950415,SIS / Hove (F/C) 6th Mar,Forecast,06-03-2018 15:49,17002632,1 - 6,0,,1,1,1,1001,1,1001,0,0,0
140950411,SIS / Hove (F/C) 6th Mar,Forecast,06-03-2018 14:32,17002632,1 - 6,0,,1,1,1,1001,1,1001,0,0,0
140953339,SIS / Henl (F/C) 6th Mar,Forecast,06-03-2018 19:17,17002633,2 - 1,0,,1,1,1,1001,1,1001,0,0,0
140952863,SIS / Crayfd (F/C) 6th Mar,Forecast,06-03-2018 11:46,17002635,2 - 3,0,,1,1,1,1001,1,1001,0,0,0
140950201,TRP / Nott (F/C) 6th Mar,Forecast,06-03-2018 12:47,17002635,2 - 3,0,,1,1,1,1001,1,1001,0,0,0
140954339,RPGTV / Poole (F/C) 6th Mar,Forecast,06-03-2018 20:37,17002637,2 - 5,0,,1,1,1,1001,1,1001,0,0,0
140950454,TRP / Kinsl (F/C) 6th Mar,Forecast,06-03-2018 11:42,17002639,2 - 6,0,,1,1,1,1001,1,1001,0,0,0
140951385,SIS / Monm (F/C) 6th Mar,Forecast,06-03-2018 16:19,17002639,2 - 6,0,,1,1,1,1001,1,1001,0,0,0
140952864,SIS / Crayfd (F/C) 6th Mar,Forecast,06-03-2018 12:01,17002674,3 - 1,1,,1,1,1,1001,1,1001,0,0,0
140951381,SIS / Monm (F/C) 6th Mar,Forecast,06-03-2018 15:02,17002674,3 - 1,0,,1,1,1,1001,1,1001,0,0,0
140950417,SIS / Hove (F/C) 6th Mar,Forecast,06-03-2018 16:29,17002675,3 - 2,0,,1,1,1,1001,1,1001,0,0,0
140951337,TRP / Sund (F/C) 6th Mar,Forecast,06-03-2018 15:07,17002677,3 - 4,0,,1,1,1,1001,1,1001,0,0,0
140950205,TRP / Nott (F/C) 6th Mar,Forecast,06-03-2018 13:51,17002677,3 - 4,0,,1,1,1,1001,1,1001,0,0,0
140950197,TRP / Nott (F/C) 6th Mar,Forecast,06-03-2018 11:48,17002677,3 - 4,0,,1,1,1,1001,1,1001,0,0,0
140950453,TRP / Kinsl (F/C) 6th Mar,Forecast,06-03-2018 11:28,17002677,3 - 4,0,,1,1,1,1001,1,1001,0,0,0
140953338,SIS / Henl (F/C) 6th Mar,Forecast,06-03-2018 19:02,17002678,3 - 5,0,,1,1,1,1001,1,1001,0,0,0
140951335,TRP / Sund (F/C) 6th Mar,Forecast,06-03-2018 14:27,17002678,3 - 5,0,,1,1,1,1001,1,1001,0,0,0
140953561,SIS / Crayfd (F/C) 6th Mar,Forecast,06-03-2018 20:58,17002678,3 - 5,1,,1,1,1,1001,1,1001,0,0,0
140951388,SIS / Monm (F/C) 6th Mar,Forecast,06-03-2018 17:18,17002678,3 - 5,1,,1,1,1,1001,1,1001,0,0,0
140953553,SIS / Crayfd (F/C) 6th Mar,Forecast,06-03-2018 18:49,17002678,3 - 5,0,,1,1,1,1001,1,1001,0,0,0
140953339,SIS / Henl (F/C) 6th Mar,Forecast,06-03-2018 19:17,17002679,3 - 6,0,,1,1,1,1001,1,1001,0,0,0
140951381,SIS / Monm (F/C) 6th Mar,Forecast,06-03-2018 15:02,17002679,3 - 6,0,,1,1,1,1001,1,1001,0,0,0
140953342,SIS / Henl (F/C) 6th Mar,Forecast,06-03-2018 20:06,17002680,4 - 1,0,,1,1,1,1001,1,1001,0,0,0
140953561,SIS / Crayfd (F/C) 6th Mar,Forecast,06-03-2018 20:58,17002680,4 - 1,0,,1,1,1,1001,1,1001,0,0,0
140950195,TRP / Nott (F/C) 6th Mar,Forecast,06-03-2018 11:19,17002683,4 - 2,0,,1,1,1,1001,1,1001,0,0,0
140951382,SIS / Monm (F/C) 6th Mar,Forecast,06-03-2018 15:19,17002683,4 - 2,0,,1,1,1,1001,1,1001,0,0,0
140950460,TRP / Kinsl (F/C) 6th Mar,Forecast,06-03-2018 13:12,17002683,4 - 2,0,,1,1,1,1001,1,1001,0,0,0
140951302,RPGTV / Sheff (F/C) 6th Mar,Forecast,06-03-2018 21:14,17002684,4 - 3,0,,1,1,1,1001,1,1001,0,0,0
140951336,TRP / Sund (F/C) 6th Mar,Forecast,06-03-2018 14:47,17002684,4 - 3,0,,1,1,1,1001,1,1001,0,0,0
140953347,SIS / Henl (F/C) 6th Mar,Forecast,06-03-2018 21:26,17002686,4 - 5,0,,1,1,1,1001,1,1001,0,0,0
140951334,TRP / Sund (F/C) 6th Mar,Forecast,06-03-2018 14:08,17002686,4 - 5,0,,1,1,1,1001,1,1001,0,0,0
140951390,SIS / Monm (F/C) 6th Mar,Forecast,06-03-2018 17:54,17002687,4 - 6,0,,1,1,1,1001,1,1001,0,0,0
140953555,SIS / Crayfd (F/C) 6th Mar,Forecast,06-03-2018 19:23,17002687,4 - 6,0,,1,1,1,1001,1,1001,0,0,0
140950203,TRP / Nott (F/C) 6th Mar,Forecast,06-03-2018 13:19,17002687,4 - 6,0,,1,1,1,1001,1,1001,0,0,0
140952002,SIS / CPark (F/C) 6th Mar,Forecast,06-03-2018 13:22,17002687,4 - 6,0,,1,1,1,1001,1,1001,0,0,0
140953339,SIS / Henl (F/C) 6th Mar,Forecast,06-03-2018 19:17,17002688,5 - 1,0,,1,1,1,1001,1,1001,0,0,0
140951302,RPGTV / Sheff (F/C) 6th Mar,Forecast,06-03-2018 21:14,17002689,5 - 2,0,,1,1,1,1001,1,1001,0,0,0
140950462,TRP / Kinsl (F/C) 6th Mar,Forecast,06-03-2018 13:44,17002689,5 - 2,0,,1,1,1,1001,1,1001,0,0,0
140954339,RPGTV / Poole (F/C) 6th Mar,Forecast,06-03-2018 20:37,17002689,5 - 2,0,,1,1,1,1001,1,1001,0,0,0
140951383,SIS / Monm (F/C) 6th Mar,Forecast,06-03-2018 15:39,17002689,5 - 2,0,,1,1,1,1001,1,1001,0,0,0
140950455,TRP / Kinsl (F/C) 6th Mar,Forecast,06-03-2018 11:57,17002691,5 - 4,0,,1,1,1,1001,1,1001,0,0,0
140950422,SIS / Hove (F/C) 6th Mar,Forecast,06-03-2018 18:02,17002691,5 - 4,0,,1,1,1,1001,1,1001,0,0,0
140950204,TRP / Nott (F/C) 6th Mar,Forecast,06-03-2018 13:33,17002693,6 - 1,0,,1,1,1,1001,1,1001,0,0,0
140953342,SIS / Henl (F/C) 6th Mar,Forecast,06-03-2018 20:06,17002693,6 - 1,0,,1,1,1,1001,1,1001,0,0,0
140951337,TRP / Sund (F/C) 6th Mar,Forecast,06-03-2018 15:07,17002693,6 - 1,0,,1,1,1,1001,1,1001,0,0,0
140952864,SIS / Crayfd (F/C) 6th Mar,Forecast,06-03-2018 12:01,17002694,6 - 2,0,,1,1,1,1001,1,1001,0,0,0
140951335,TRP / Sund (F/C) 6th Mar,Forecast,06-03-2018 14:27,17002694,6 - 2,0,,1,1,1,1001,1,1001,0,0,0
140951387,SIS / Monm (F/C) 6th Mar,Forecast,06-03-2018 16:58,17002695,6 - 3,0,,1,1,1,1001,1,1001,0,0,0
140953552,SIS / Crayfd (F/C) 6th Mar,Forecast,06-03-2018 18:33,17002696,6 - 4,0,,1,1,1,1001,1,1001,0,0,0
140951386,SIS / Monm (F/C) 6th Mar,Forecast,06-03-2018 16:39,17002696,6 - 4,0,,1,1,1,1001,1,1001,0,0,0
140951345,TRP / Sund (F/C) 6th Mar,Forecast,06-03-2018 17:38,17002568,1 - 2,0,,1,1,1,1001,1,1001,0,0,0
140953347,SIS / Henl (F/C) 6th Mar,Forecast,06-03-2018 21:26,17002568,1 - 2,0,,1,1,1,1001,1,1001,0,0,0
140953344,SIS / Henl (F/C) 6th Mar,Forecast,06-03-2018 20:37,17002568,1 - 2,0,,1,1,1,1001,1,1001,0,0,0
140950385,SIS / Hove 6th Mar,A11 515m,06-03-2018 17:08,17500795,5. Headway Simba,0,6.4,1,1,1,1001,1,1001,0,0,0
140941314,AUS / Cran (AUS) 6th Mar,R2 311m Heat,06-03-2018 08:09,17508456,6. Knuckle Biter,0,40,1,23.8407945449155054847316928550252001186,1,1001,1,1001,67.46,0,0
140953672,RPGTV / Poole 6th Mar,A8 450m,06-03-2018 19:06,10570515,5. Spot On Buick,0,26,1,1,1,1001,1,1001,0,0,0
140941277,NZL / AsPk (NZL) 6th Mar,R9 390m C1/2,06-03-2018 01:27,11273983,7. Homebush Scribe,0,,1,12.7363530778164924506387921022067363531,1,1001,1,1001,34.44,0,0
140950393,SIS / Hove 6th Mar,A3 515m,06-03-2018 18:19,11310123,5. Burnpark Vic,0,6.6,1,1,1,1001,1,1001,0,0,0
140950441,TRP / Kinsl 6th Mar,A3 462m,06-03-2018 13:12,11671130,6. Bantam Faye,0,5.3,1,1,1,1001,1,1001,0,0,0
140950377,SIS / Hove 6th Mar,A6 515m,06-03-2018 15:49,12052575,5. Obey The Rules,0,4.8,1,1,1,1001,1,1001,0,0,0
140941298,AUS / Gawl (AUS) 6th Mar,R5 400m Gr6,06-03-2018 02:39,12194393,4. Blessed Justice,0,33.01784365219268,1,25.7344838505383153894870170994300189994,1,1001,1,1001,126.32,0,0
140941369,AUS / Mand (AUS) 6th Mar,R5 405m Gr4/5,06-03-2018 11:23,12980625,9. Bulldog Stringer,0,71.78477248776704,1,1,1,1001,1,1001,0,0,0
140941181,AUS / Ipsw (AUS) 6th Mar,R6 520m Gr5,06-03-2018 06:26,14680107,8. Poncherello,0,16.096604133732612,1,14.507203546361285555966014037680088659,1,1001,1,1001,216.56,0,0
140941302,AUS / Gawl (AUS) 6th Mar,R7 531m Gr6,06-03-2018 03:14,14700106,8. Serene Machine,1,10.239143587547916,1,8.3110413824465666211914506593906321055,1,1001,1,1001,219.9,0,0
140953010,SIS / Henl 6th Mar,A6 460m,06-03-2018 19:02,14895462,4. Wachovia Perseus,0,16,1,1,1,1001,1,1001,0,0,0
140941281,NZL / AsPk (NZL) 6th Mar,R11 457m C1,06-03-2018 02:02,15206021,7. Homebush Boden,0,,1,10.735914096163053142739894672047055605,1,1001,1,1001,292.42,0,0
141000110,Match Bets / Poole (AvB) 6th Mar,Pat For Wine v Ashwood Trish,06-03-2018 21:22,15275100,3. Pat For Wine,0,,1,1,1,1001,1,1001,0,0,0
140941294,AUS / Gawl (AUS) 6th Mar,R3 400m Heat,06-03-2018 01:57,15268426,5. Woodside Tippy,0,110,1,52.1572916666666666666666666666666666667,1,1001,1,1001,38.4,0,0
140953686,RPGTV / Poole 6th Mar,A2 450m,06-03-2018 20:51,15484483,2. Five O One,0,7.4,1,1,1,1001,1,1001,0,0,0
140951317,TRP / Sund 6th Mar,A3 450m,06-03-2018 16:08,16258493,6. Hilldun Rose,0,7.928682115534466,1,1,1,1001,1,1001,0,0,0
140953682,RPGTV / Poole 6th Mar,HC 450m,06-03-2018 20:22,16433185,4. Springberry Noir,0,4.3,1,1,1,1001,1,1001,0,0,0
140941148,AUS / Town (AUS) 6th Mar,R10 380m Heat,06-03-2018 11:52,17090683,1. Dalmatynski,1,2,1,1,1,1001,1,1001,0,0,0
140953559,SIS / Crayfd (F/C) 6th Mar,Forecast,06-03-2018 20:26,17002741,5 - 6,0,,1,1,1,1001,1,1001,0,0,0
140951340,TRP / Sund (F/C) 6th Mar,Forecast,06-03-2018 16:08,17002741,5 - 6,0,,1,1,1,1001,1,1001,0,0,0
140953016,SIS / Henl 6th Mar,D2 277m,06-03-2018 19:49,17111940,6. Minglers Exit,0,24,1,1,1,1001,1,1001,0,0,0
140954340,RPGTV / Poole (F/C) 6th Mar,Forecast,06-03-2018 20:51,17002630,1 - 3,0,,1,1,1,1001,1,1001,0,0,0
140951998,SIS / CPark (F/C) 6th Mar,Forecast,06-03-2018 12:24,17002630,1 - 3,0,,1,1,1,1001,1,1001,0,0,0
140953557,SIS / Crayfd (F/C) 6th Mar,Forecast,06-03-2018 19:54,17002630,1 - 3,0,,1,1,1,1001,1,1001,0,0,0
140951292,RPGTV / Sheff (F/C) 6th Mar,Forecast,06-03-2018 18:38,17002631,1 - 4,0,,1,1,1,1001,1,1001,0,0,0
140950412,SIS / Hove (F/C) 6th Mar,Forecast,06-03-2018 14:52,17002631,1 - 4,0,,1,1,1,1001,1,1001,0,0,0
140950420,SIS / Hove (F/C) 6th Mar,Forecast,06-03-2018 17:28,17002631,1 - 4,0,,1,1,1,1001,1,1001,0,0,0
140953341,SIS / Henl (F/C) 6th Mar,Forecast,06-03-2018 19:49,17002631,1 - 4,0,,1,1,1,1001,1,1001,0,0,0
140954335,RPGTV / Poole (F/C) 6th Mar,Forecast,06-03-2018 19:37,17002632,1 - 6,0,,1,1,1,1001,1,1001,0,0,0
140954340,RPGTV / Poole (F/C) 6th Mar,Forecast,06-03-2018 20:51,17002633,2 - 1,0,,1,1,1,1001,1,1001,0,0,0
140950457,TRP / Kinsl (F/C) 6th Mar,Forecast,06-03-2018 12:27,17002633,2 - 1,1,,1,1,1,1001,1,1001,0,0,0
140950413,SIS / Hove (F/C) 6th Mar,Forecast,06-03-2018 15:11,17002635,2 - 3,0,,1,1,1,1001,1,1001,0,0,0
140951337,TRP / Sund (F/C) 6th Mar,Forecast,06-03-2018 15:07,17002635,2 - 3,0,,1,1,1,1001,1,1001,0,0,0
140950462,TRP / Kinsl (F/C) 6th Mar,Forecast,06-03-2018 13:44,17002635,2 - 3,0,,1,1,1,1001,1,1001,0,0,0
140951297,RPGTV / Sheff (F/C) 6th Mar,Forecast,06-03-2018 19:58,17002636,2 - 4,0,,1,1,1,1001,1,1001,0,0,0
140951994,SIS / CPark (F/C) 6th Mar,Forecast,06-03-2018 11:24,17002636,2 - 4,0,,1,1,1,1001,1,1001,0,0,0
140951304,RPGTV / Sheff (F/C) 6th Mar,Forecast,06-03-2018 21:50,17002636,2 - 4,0,,1,1,1,1001,1,1001,0,0,0
140950419,SIS / Hove (F/C) 6th Mar,Forecast,06-03-2018 17:08,17002636,2 - 4,0,,1,1,1,1001,1,1001,0,0,0
140953552,SIS / Crayfd (F/C) 6th Mar,Forecast,06-03-2018 18:33,17002637,2 - 5,0,,1,1,1,1001,1,1001,0,0,0
140951388,SIS / Monm (F/C) 6th Mar,Forecast,06-03-2018 17:18,17002639,2 - 6,0,,1,1,1,1001,1,1001,0,0,0
140950415,SIS / Hove (F/C) 6th Mar,Forecast,06-03-2018 15:49,17002674,3 - 1,0,,1,1,1,1001,1,1001,0,0,0
140953338,SIS / Henl (F/C) 6th Mar,Forecast,06-03-2018 19:02,17002674,3 - 1,0,,1,1,1,1001,1,1001,0,0,0
140953554,SIS / Crayfd (F/C) 6th Mar,Forecast,06-03-2018 19:07,17002675,3 - 2,0,,1,1,1,1001,1,1001,0,0,0
140950423,SIS / Hove (F/C) 6th Mar,Forecast,06-03-2018 18:19,17002675,3 - 2,0,,1,1,1,1001,1,1001,0,0,0
140950410,SIS / Hove (F/C) 6th Mar,Forecast,06-03-2018 14:12,17002675,3 - 2,0,,1,1,1,1001,1,1001,0,0,0
140950454,TRP / Kinsl (F/C) 6th Mar,Forecast,06-03-2018 11:42,17002677,3 - 4,0,,1,1,1,1001,1,1001,0,0,0
140953341,SIS / Henl (F/C) 6th Mar,Forecast,06-03-2018 19:49,17002677,3 - 4,0,,1,1,1,1001,1,1001,0,0,0
140954337,RPGTV / Poole (F/C) 6th Mar,Forecast,06-03-2018 20:07,17002678,3 - 5,0,,1,1,1,1001,1,1001,0,0,0
140951346,TRP / Sund (F/C) 6th Mar,Forecast,06-03-2018 17:56,17002679,3 - 6,0,,1,1,1,1001,1,1001,0,0,0
140952000,SIS / CPark (F/C) 6th Mar,Forecast,06-03-2018 12:54,17002683,4 - 2,0,,1,1,1,1001,1,1001,0,0,0
140951391,SIS / Monm (F/C) 6th Mar,Forecast,06-03-2018 18:09,17002683,4 - 2,0,,1,1,1,1001,1,1001,0,0,0
140950453,TRP / Kinsl (F/C) 6th Mar,Forecast,06-03-2018 11:28,17002683,4 - 2,0,,1,1,1,1001,1,1001,0,0,0
140952863,SIS / Crayfd (F/C) 6th Mar,Forecast,06-03-2018 11:46,17002684,4 - 3,0,,1,1,1,1001,1,1001,0,0,0
140951303,RPGTV / Sheff (F/C) 6th Mar,Forecast,06-03-2018 21:32,17002684,4 - 3,0,,1,1,1,1001,1,1001,0,0,0
140953564,SIS / Crayfd (F/C) 6th Mar,Forecast,06-03-2018 21:45,17002684,4 - 3,0,,1,1,1,1001,1,1001,0,0,0
140952000,SIS / CPark (F/C) 6th Mar,Forecast,06-03-2018 12:54,17002686,4 - 5,0,,1,1,1,1001,1,1001,0,0,0
140952862,SIS / Crayfd (F/C) 6th Mar,Forecast,06-03-2018 11:31,17002686,4 - 5,0,,1,1,1,1001,1,1001,0,0,0
140950196,TRP / Nott (F/C) 6th Mar,Forecast,06-03-2018 11:34,17002687,4 - 6,0,,1,1,1,1001,1,1001,0,0,0
140950417,SIS / Hove (F/C) 6th Mar,Forecast,06-03-2018 16:29,17002687,4 - 6,0,,1,1,1,1001,1,1001,0,0,0
140951299,RPGTV / Sheff (F/C) 6th Mar,Forecast,06-03-2018 20:28,17002689,5 - 2,0,,1,1,1,1001,1,1001,0,0,0
140951386,SIS / Monm (F/C) 6th Mar,Forecast,06-03-2018 16:39,17002689,5 - 2,0,,1,1,1,1001,1,1001,0,0,0
140950453,TRP / Kinsl (F/C) 6th Mar,Forecast,06-03-2018 11:28,17002689,5 - 2,0,,1,1,1,1001,1,1001,0,0,0
140951382,SIS / Monm (F/C) 6th Mar,Forecast,06-03-2018 15:19,17002690,5 - 3,0,,1,1,1,1001,1,1001,0,0,0
140953337,SIS / Henl (F/C) 6th Mar,Forecast,06-03-2018 18:44,17002690,5 - 3,0,,1,1,1,1001,1,1001,0,0,0
140950413,SIS / Hove (F/C) 6th Mar,Forecast,06-03-2018 15:11,17002691,5 - 4,0,,1,1,1,1001,1,1001,0,0,0
140950414,SIS / Hove (F/C) 6th Mar,Forecast,06-03-2018 15:29,17002691,5 - 4,0,,1,1,1,1001,1,1001,0,0,0
140953557,SIS / Crayfd (F/C) 6th Mar,Forecast,06-03-2018 19:54,17002693,6 - 1,0,,1,1,1,1001,1,1001,0,0,0
140954336,RPGTV / Poole (F/C) 6th Mar,Forecast,06-03-2018 19:52,17002694,6 - 2,0,,1,1,1,1001,1,1001,0,0,0
140953559,SIS / Crayfd (F/C) 6th Mar,Forecast,06-03-2018 20:26,17002695,6 - 3,0,,1,1,1,1001,1,1001,0,0,0
140951380,SIS / Monm (F/C) 6th Mar,Forecast,06-03-2018 14:42,17002696,6 - 4,0,,1,1,1,1001,1,1001,0,0,0
140950454,TRP / Kinsl (F/C) 6th Mar,Forecast,06-03-2018 11:42,17002697,6 - 5,0,,1,1,1,1001,1,1001,0,0,0
140951390,SIS / Monm (F/C) 6th Mar,Forecast,06-03-2018 17:54,17002568,1 - 2,0,,1,1,1,1001,1,1001,0,0,0
140951997,SIS / CPark (F/C) 6th Mar,Forecast,06-03-2018 12:09,17002568,1 - 2,0,,1,1,1,1001,1,1001,0,0,0
140951338,TRP / Sund (F/C) 6th Mar,Forecast,06-03-2018 15:28,17002568,1 - 2,0,,1,1,1,1001,1,1001,0,0,0
140954339,RPGTV / Poole (F/C) 6th Mar,Forecast,06-03-2018 20:37,17002568,1 - 2,0,,1,1,1,1001,1,1001,0,0,0
140953026,SIS / Henl 6th Mar,A2 460m,06-03-2018 21:08,17144968,2. Savana Gabriel,0,3.4131198767339814,1,1,1,1001,1,1001,0,0,0
140941335,AUS / Geel (AUS) 6th Mar,R9 400m Mdn,06-03-2018 07:34,17508342,3. Punch Out,0,6.912012063,1,5.53666441055858581837002826770713062866,1,1001,1,1001,502.34,0,0
140941215,AUS / Mait (AUS) 6th Mar,R10 400m Gr5,06-03-2018 10:58,17508777,6. Little Evie,0,18.5,1,16.255164286704561208928323859697767919,1,1001,1,1001,144.26,0,0
140951277,RPGTV / Sheff 6th Mar,OR 280m,06-03-2018 20:13,17502761,4. Popular Buster,0,2.6777948081653453,1,1,1,1001,1,1001,0,0,0
140951526,Greyhound Racing / Trap Challenge,Crayfd & Cpark Trap Challenge,06-03-2018 11:01,5859,Trap 3,1,,7.8,7.8,1,1001,1,1001,8.7,8.7,0
140950452,TRP / Kinsl (F/C) 6th Mar,Forecast,06-03-2018 11:11,6953192,1 - 5,0,,1,1,1,1001,1,1001,0,0,0
140951381,SIS / Monm (F/C) 6th Mar,Forecast,06-03-2018 15:02,6953192,1 - 5,0,,1,1,1,1001,1,1001,0,0,0
140941177,AUS / Devn (AUS) 6th Mar,R8 452m Gr5,06-03-2018 04:09,9288714,9. Rich Marlow,0,115.55138820886576,1,63.9910136592379583033788641265276779296,1,1001,1,1001,55.64,0,0
140941343,AUS / Cran (AUS) 6th Mar,R6 520m Gr5,06-03-2018 09:28,11054899,7. Special Member,0,160,1,68.4373698304076167807200238024397500744,1,1001,1,1001,67.22,0,0
140941300,AUS / Gawl (AUS) 6th Mar,R6 400m Gr4/5,06-03-2018 02:56,11182669,5. Wilby Dusty,0,11,1,10.2722369224506411561164258090779564421,1,1001,1,1001,196.52,0,0
140950178,TRP / Nott 6th Mar,A3 500m,06-03-2018 13:33,11409129,3. Rathcuala Lad,0,7.2,1,1,1,1001,1,1001,0,0,0
140941401,NZL / Addi (NZL) 6th mar,R10 645m C1,06-03-2018 03:57,11831888,7. Goldstar Dodge,0,,1,26.3977732793522267206477732793522267207,1,1001,1,1001,39.52,0,0
140941183,AUS / Devn (AUS) 6th Mar,R10 452m Gr5,06-03-2018 04:44,12047223,4. Jack The Fipa,0,31.35428562970831,1,24.8162082151227334402368323670901689898,1,1001,1,1001,162.14,0,0
140941369,AUS / Mand (AUS) 6th Mar,R5 405m Gr4/5,06-03-2018 11:23,12080400,4. Mini Earner,0,17,1,1,1,1001,1,1001,0,0,0
140941221,AUS / Lism (AUS) 6th Mar,R2 420m Gr5,06-03-2018 08:06,12280350,5. Magic Rae Rose,0,27.211776198288426,1,24.2281400712937722793038372824491507654,1,1001,1,1001,190.76,0,0
140950443,TRP / Kinsl 6th Mar,D3 268m,06-03-2018 13:27,12465383,3. Lynhouse Star,0,4,1,1,1,1001,1,1001,0,0,0
140941209,AUS / Mait (AUS) 6th Mar,R7 400m Gr4/5,06-03-2018 09:58,12790468,1. Expeditiously,0,2.9,1,2.90754882372689829106720273822293916789,1,1001,1,1001,4884.92,0,0
140953028,SIS / Henl 6th Mar,S3 550m,06-03-2018 21:26,13038957,2. Hop Hop Bunny,0,4.504617766524899,1,1,1,1001,1,1001,0,0,0
140950369,SIS / Hove 6th Mar,A10 515m,06-03-2018 14:32,13148045,6. Taranis Mcginty,0,12.5,1,1,1,1001,1,1001,0,0,0
140941306,AUS / Gawl (AUS) 6th Mar,R9 400m Gr5,06-03-2018 03:57,13427175,3. Eustace Road,0,5.5,1,4.26937486954706741807555833855145063661,1,1001,1,1001,383.28,0,0
140941195,AUS / Ipsw (AUS) 6th Mar,R10 431m Gr5,06-03-2018 07:54,13488284,9. Dorrego,0,3.8858750221710574,1,3.20320322043309272626318711826762909495,1,1001,1,1001,3602,0,0
141000107,Match Bets / Poole (AvB) 6th Mar,Duchas v Farran Romeo,06-03-2018 20:37,14039071,6. Farran Romeo,0,,1,1,1,1001,1,1001,0,0,0
140951375,SIS / Monm 6th Mar,A2 480m,06-03-2018 18:09,14182907,1. Fozzie Me Daddy,0,10.949172509156632,1,1,1,1001,1,1001,0,0,0
140941241,AUS / Warr (AUS) 6th Mar,R5 450m Gr5,06-03-2018 05:19,14266437,5. Dum Didee Dum,0,14.5,1,13.1198964229796459111164639287004697097,1,1001,1,1001,664.24,0,0
140999781,Match Bets / Sheff (AvB) 6th Mar,Brazen Samurai v Stanza,06-03-2018 18:22,14892398,6. Stanza,0,,1,1,1,1001,1,1001,0,0,0
140950441,TRP / Kinsl 6th Mar,A3 462m,06-03-2018 13:12,15062208,1. Bisto Diva,0,9.574103578,1,1,1,1001,1,1001,0,0,0
140941245,AUS / Lism (AUS) 6th Mar,R9 420m N/G,06-03-2018 10:25,15326539,2. Oh So Fabio,0,4.706148178395813,1,4.43766102624024465890567072027235614027,1,1001,1,1001,2772.84,0,0
140950385,SIS / Hove 6th Mar,A11 515m,06-03-2018 17:08,15457378,3. Ballysteen Sky,1,4.2,1,1,1,1001,1,1001,0,0,0
140953440,SIS / Crayfd 6th Mar,OR 540m,06-03-2018 19:23,15715670,6. Underground Bute,0,3.126329630704131,1,1,1,1001,1,1001,0,0,0
140941167,AUS / Devn (AUS) 6th Mar,R5 580m Gr5,06-03-2018 03:04,16099152,5. Kiltys Supreme,0,390,1,222.883945841392649903288201160541586074,1,1001,1,1001,10.34,0,0
140950429,TRP / Kinsl 6th Mar,A6 462m,06-03-2018 11:42,16349510,2. Elmfield Pavlova,0,8.94246241367626,1,1,1,1001,1,1001,0,0,0
140941157,AUS / Devn (AUS) 6th Mar,R3 452m Gr5,06-03-2018 02:27,16325630,1. Blues Clues,0,21,1,17.6820800485142510612492419648271679806,1,1001,1,1001,131.92,0,0
140950427,TRP / Kinsl 6th Mar,A4 462m,06-03-2018 11:28,16646605,4. Longrange Glen,0,4.068851459132421,1,1,1,1001,1,1001,0,0,0
140951890,SIS / CPark 6th Mar,D1 265m,06-03-2018 11:39,16729057,2. Ballougry Bolero,0,8.575198973444643,1,1,1,1001,1,1001,0,0,0
140941314,AUS / Cran (AUS) 6th Mar,R2 311m Heat,06-03-2018 08:09,16892292,4. Gene Man,0,8,1,7.07369396282780918527482085121669912458,1,1001,1,1001,1057.78,0,0
140951338,TRP / Sund (F/C) 6th Mar,Forecast,06-03-2018 15:28,17002741,5 - 6,0,,1,1,1,1001,1,1001,0,0,0
140950422,SIS / Hove (F/C) 6th Mar,Forecast,06-03-2018 18:02,17002741,5 - 6,0,,1,1,1,1001,1,1001,0,0,0
140954342,RPGTV / Poole (F/C) 6th Mar,Forecast,06-03-2018 21:22,17002630,1 - 3,0,,1,1,1,1001,1,1001,0,0,0
140951391,SIS / Monm (F/C) 6th Mar,Forecast,06-03-2018 18:09,17002630,1 - 3,0,,1,1,1,1001,1,1001,0,0,0
140951388,SIS / Monm (F/C) 6th Mar,Forecast,06-03-2018 17:18,17002631,1 - 4,0,,1,1,1,1001,1,1001,0,0,0
140951385,SIS / Monm (F/C) 6th Mar,Forecast,06-03-2018 16:19,17002631,1 - 4,0,,1,1,1,1001,1,1001,0,0,0
140951301,RPGTV / Sheff (F/C) 6th Mar,Forecast,06-03-2018 20:58,17002632,1 - 6,0,,1,1,1,1001,1,1001,0,0,0
140954341,RPGTV / Poole (F/C) 6th Mar,Forecast,06-03-2018 21:07,17002632,1 - 6,0,,1,1,1,1001,1,1001,0,0,0
140950416,SIS / Hove (F/C) 6th Mar,Forecast,06-03-2018 16:09,17002633,2 - 1,0,,1,1,1,1001,1,1001,0,0,0
140950418,SIS / Hove (F/C) 6th Mar,Forecast,06-03-2018 16:48,17002635,2 - 3,0,,1,1,1,1001,1,1001,0,0,0
140951387,SIS / Monm (F/C) 6th Mar,Forecast,06-03-2018 16:58,17002635,2 - 3,0,,1,1,1,1001,1,1001,0,0,0
140950452,TRP / Kinsl (F/C) 6th Mar,Forecast,06-03-2018 11:11,17002637,2 - 5,0,,1,1,1,1001,1,1001,0,0,0
140953346,SIS / Henl (F/C) 6th Mar,Forecast,06-03-2018 21:08,17002637,2 - 5,0,,1,1,1,1001,1,1001,0,0,0
140950457,TRP / Kinsl (F/C) 6th Mar,Forecast,06-03-2018 12:27,17002637,2 - 5,0,,1,1,1,1001,1,1001,0,0,0
140951993,SIS / CPark (F/C) 6th Mar,Forecast,06-03-2018 11:09,17002639,2 - 6,0,,1,1,1,1001,1,1001,0,0,0
140953552,SIS / Crayfd (F/C) 6th Mar,Forecast,06-03-2018 18:33,17002639,2 - 6,0,,1,1,1,1001,1,1001,0,0,0
140951337,TRP / Sund (F/C) 6th Mar,Forecast,06-03-2018 15:07,17002639,2 - 6,0,,1,1,1,1001,1,1001,0,0,0
140950455,TRP / Kinsl (F/C) 6th Mar,Forecast,06-03-2018 11:57,17002674,3 - 1,1,,1,1,1,1001,1,1001,0,0,0
140951292,RPGTV / Sheff (F/C) 6th Mar,Forecast,06-03-2018 18:38,17002675,3 - 2,0,,1,1,1,1001,1,1001,0,0,0
140953563,SIS / Crayfd (F/C) 6th Mar,Forecast,06-03-2018 21:30,17002675,3 - 2,0,,1,1,1,1001,1,1001,0,0,0
140950460,TRP / Kinsl (F/C) 6th Mar,Forecast,06-03-2018 13:12,17002675,3 - 2,0,,1,1,1,1001,1,1001,0,0,0
140951390,SIS / Monm (F/C) 6th Mar,Forecast,06-03-2018 17:54,17002677,3 - 4,0,,1,1,1,1001,1,1001,0,0,0
140950453,TRP / Kinsl (F/C) 6th Mar,Forecast,06-03-2018 11:28,17002678,3 - 5,0,,1,1,1,1001,1,1001,0,0,0
140951302,RPGTV / Sheff (F/C) 6th Mar,Forecast,06-03-2018 21:14,17002680,4 - 1,0,,1,1,1,1001,1,1001,0,0,0
140951295,RPGTV / Sheff (F/C) 6th Mar,Forecast,06-03-2018 19:26,17002680,4 - 1,0,,1,1,1,1001,1,1001,0,0,0
140950411,SIS / Hove (F/C) 6th Mar,Forecast,06-03-2018 14:32,17002683,4 - 2,0,,1,1,1,1001,1,1001,0,0,0
140950195,TRP / Nott (F/C) 6th Mar,Forecast,06-03-2018 11:19,17002684,4 - 3,0,,1,1,1,1001,1,1001,0,0,0
140950455,TRP / Kinsl (F/C) 6th Mar,Forecast,06-03-2018 11:57,17002684,4 - 3,0,,1,1,1,1001,1,1001,0,0,0
140954336,RPGTV / Poole (F/C) 6th Mar,Forecast,06-03-2018 19:52,17002684,4 - 3,0,,1,1,1,1001,1,1001,0,0,0
140954331,RPGTV / Poole (F/C) 6th Mar,Forecast,06-03-2018 18:28,17002686,4 - 5,0,,1,1,1,1001,1,1001,0,0,0
140951380,SIS / Monm (F/C) 6th Mar,Forecast,06-03-2018 14:42,17002688,5 - 1,0,,1,1,1,1001,1,1001,0,0,0
140953559,SIS / Crayfd (F/C) 6th Mar,Forecast,06-03-2018 20:26,17002689,5 - 2,0,,1,1,1,1001,1,1001,0,0,0
140954341,RPGTV / Poole (F/C) 6th Mar,Forecast,06-03-2018 21:07,17002689,5 - 2,0,,1,1,1,1001,1,1001,0,0,0
140950199,TRP / Nott (F/C) 6th Mar,Forecast,06-03-2018 12:18,17002690,5 - 3,0,,1,1,1,1001,1,1001,0,0,0
140950411,SIS / Hove (F/C) 6th Mar,Forecast,06-03-2018 14:32,17002690,5 - 3,0,,1,1,1,1001,1,1001,0,0,0
140954334,RPGTV / Poole (F/C) 6th Mar,Forecast,06-03-2018 19:22,17002693,6 - 1,0,,1,1,1,1001,1,1001,0,0,0
140953564,SIS / Crayfd (F/C) 6th Mar,Forecast,06-03-2018 21:45,17002694,6 - 2,0,,1,1,1,1001,1,1001,0,0,0
140950416,SIS / Hove (F/C) 6th Mar,Forecast,06-03-2018 16:09,17002695,6 - 3,0,,1,1,1,1001,1,1001,0,0,0
140954332,RPGTV / Poole (F/C) 6th Mar,Forecast,06-03-2018 18:48,17002695,6 - 3,0,,1,1,1,1001,1,1001,0,0,0
140953559,SIS / Crayfd (F/C) 6th Mar,Forecast,06-03-2018 20:26,17002697,6 - 5,0,,1,1,1,1001,1,1001,0,0,0
140950417,SIS / Hove (F/C) 6th Mar,Forecast,06-03-2018 16:29,17002697,6 - 5,0,,1,1,1,1001,1,1001,0,0,0
140954331,RPGTV / Poole (F/C) 6th Mar,Forecast,06-03-2018 18:28,17002697,6 - 5,0,,1,1,1,1001,1,1001,0,0,0
140950423,SIS / Hove (F/C) 6th Mar,Forecast,06-03-2018 18:19,17002697,6 - 5,0,,1,1,1,1001,1,1001,0,0,0
140954340,RPGTV / Poole (F/C) 6th Mar,Forecast,06-03-2018 20:51,17002568,1 - 2,0,,1,1,1,1001,1,1001,0,0,0
140951335,TRP / Sund (F/C) 6th Mar,Forecast,06-03-2018 14:27,17002568,1 - 2,0,,1,1,1,1001,1,1001,0,0,0
140953564,SIS / Crayfd (F/C) 6th Mar,Forecast,06-03-2018 21:45,17002568,1 - 2,0,,1,1,1,1001,1,1001,0,0,0
140950202,TRP / Nott (F/C) 6th Mar,Forecast,06-03-2018 13:04,17002568,1 - 2,0,,1,1,1,1001,1,1001,0,0,0
140941329,AUS / Geel (AUS) 6th Mar,R6 400m Gr7,06-03-2018 06:34,17452095,5. Destini Agitator,0,9.353791615883818,1,9.45861925217044568901455422036140866003,1,1001,1,1001,1103.46,0,0
140952559,SIS / Crayfd 6th Mar,S3 540m,06-03-2018 11:46,17504565,1. Jolly Ringer,0,18.221190911382937,1,1,1,1001,1,1001,0,0,0
140941353,AUS / Cran (AUS) 6th Mar,R9 311m Heat,06-03-2018 10:28,17508478,2. Python Pride,0,11.5,1,9.33691272921964931066791594164101191273,1,1001,1,1001,597.68,0,0
141000113,Match Bets / Sheff (AvB) 6th Mar,Kingdom Deere v Slaneyside Ryder,06-03-2018 19:11,17502738,5. Slaneyside Ryder,1,,1,1,1,1001,1,1001,0,0,0
140952869,SIS / Crayfd (F/C) 6th Mar,Forecast,06-03-2018 13:16,6953192,1 - 5,0,,1,1,1,1001,1,1001,0,0,0
140950455,TRP / Kinsl (F/C) 6th Mar,Forecast,06-03-2018 11:57,6953192,1 - 5,0,,1,1,1,1001,1,1001,0,0,0
140953560,SIS / Crayfd (F/C) 6th Mar,Forecast,06-03-2018 20:42,6953192,1 - 5,0,,1,1,1,1001,1,1001,0,0,0
140952573,SIS / Crayfd 6th Mar,A5 380m,06-03-2018 13:31,8845456,2. Phileas Fogg,0,6.835752982,1,1,1,1001,1,1001,0,0,0
140953690,RPGTV / Poole 6th Mar,A5 450m,06-03-2018 21:22,9478672,4. Galley Brae,0,10.315652783534606,1,1,1,1001,1,1001,0,0,0
140941401,NZL / Addi (NZL) 6th mar,R10 645m C1,06-03-2018 03:57,11044227,4. Goldstar Jagger,0,,1,12.2681637293916998294485503126776577601,1,1001,1,1001,211.08,0,0
140953450,SIS / Crayfd 6th Mar,S8 540m,06-03-2018 20:42,11282940,1. Slaheny Madam,0,8.312150733193851,1,1,1,1001,1,1001,0,0,0
140953006,SIS / Henl 6th Mar,A9 460m,06-03-2018 18:27,11312403,5. El Video,0,7.68231804,1,1,1,1001,1,1001,0,0,0
140951363,SIS / Monm 6th Mar,A5 480m,06-03-2018 16:19,11395132,4. Moss Lane Shane,0,5.629316132686536,1,1,1,1001,1,1001,0,0,0
140941308,AUS / Gawl (AUS) 6th Mar,R10 400m Gr5,06-03-2018 04:17,11420156,1. Allen Optic,0,3.19044842678908,1,2.87862936492180089559482055015110405224,1,1001,1,1001,1813.32,0,0
140941185,AUS / Ipsw (AUS) 6th Mar,R7 520m Final,06-03-2018 06:46,11755032,6. Port Lisa,0,51.68147604,1,63.3002151626376408049613972914820908746,1,1001,1,1001,158.02,0,0
140950425,TRP / Kinsl 6th Mar,D2 268m,06-03-2018 11:11,11845147,3. Cruz On Kane,2,3.8721135375102316,1,1,1,1001,1,1001,0,0,0
140952561,SIS / Crayfd 6th Mar,A7 380m,06-03-2018 12:01,12178742,6. Galtymoore Gina,0,3.961537236,1,1,1,1001,1,1001,0,0,0
140941213,AUS / Mait (AUS) 6th Mar,R9 400m Gr5,06-03-2018 10:38,12157743,1. Gina Sannette,1,2.28,1,2.08558853847647788218772875987869190433,1,1001,1,1001,6693.7,0,0
140941203,AUS / Mait (AUS) 6th Mar,R4 400m Gr5,06-03-2018 08:58,12235105,3. Sheza Pretzel,0,76.82137623161543,1,37.6382760389943560800410466906105695228,1,1001,1,1001,38.98,0,0
140941279,NZL / AsPk (NZL) 6th Mar,R10 390m C1/2,06-03-2018 01:42,12445901,7. Flaming Sambuca,0,,1,8.33830686917500862961684501208146358302,1,1001,1,1001,463.52,0,0
140941185,AUS / Ipsw (AUS) 6th Mar,R7 520m Final,06-03-2018 06:46,13320805,2. Johns Last,0,4.6,1,4.57821218093005445086813176549701594299,1,1001,1,1001,2141.38,0,0
140941405,NZL / Addi (NZL) 6th mar,R12 295m C1,06-03-2018 04:36,13333667,2. Replica Casino,0,,1,7.33791598472449536279323513366066557556,1,1001,1,1001,73.32,0,0
140953014,SIS / Henl 6th Mar,A5 460m,06-03-2018 19:33,13989693,4. Firgrove Beauty,0,13.137830197666773,1,1,1,1001,1,1001,0,0,0
140941308,AUS / Gawl (AUS) 6th Mar,R10 400m Gr5,06-03-2018 04:17,14048282,8. Thermal Strike,0,13.5,1,10.8516405992014649815376302122422022755,1,1001,1,1001,666.22,0,0
140941195,AUS / Ipsw (AUS) 6th Mar,R10 431m Gr5,06-03-2018 07:54,14848954,5. Hypo Show,1,8.98464624058455,1,6.58570114617235036083203622470638177444,1,1001,1,1001,848.04,0,0
140941169,AUS / Devn (AUS) 6th Mar,R6 452m Gr4,06-03-2018 03:22,15778544,8. Buckle Up Glad,1,4.6,1,4.47148638080399633830652739298337081921,1,1001,1,1001,3299.02,0,0
140941395,NZL / Addi (NZL) 6th mar,R7 520m C1,06-03-2018 03:07,15795619,1. Know Equal,0,,1,8.39141387496702716961223951463993669217,1,1001,1,1001,303.28,0,0
140950425,TRP / Kinsl 6th Mar,D2 268m,06-03-2018 11:11,15957203,4. Kahuna Fred,0,6.2,1,1,1,1001,1,1001,0,0,0
140941249,AUS / Lism (AUS) 6th Mar,R10 420m Gr5,06-03-2018 10:45,16341957,2. Glenreagh Ikara,1,8.33851722523832,1,7.08446240354421752148195029332294734792,1,1001,1,1001,821.62,0,0
140941229,AUS / Lism (AUS) 6th Mar,R6 520m Heat,06-03-2018 09:25,16625491,4. Kulu Ozzie,1,3.65,1,3.25879006379169876573316115301694276482,1,1001,1,1001,3608.62,0,0
140953028,SIS / Henl 6th Mar,S3 550m,06-03-2018 21:26,16889252,3. Savana Margie,1,7.8,1,1,1,1001,1,1001,0,0,0
140951267,RPGTV / Sheff 6th Mar,OR 280m,06-03-2018 18:56,16929108,2. Inca Chieftain,0,106.57113171271979,1,1,1,1001,1,1001,0,0,0
140954334,RPGTV / Poole (F/C) 6th Mar,Forecast,06-03-2018 19:22,17002630,1 - 3,0,,1,1,1,1001,1,1001,0,0,0
140954338,RPGTV / Poole (F/C) 6th Mar,Forecast,06-03-2018 20:22,17002630,1 - 3,0,,1,1,1,1001,1,1001,0,0,0
140952870,SIS / Crayfd (F/C) 6th Mar,Forecast,06-03-2018 13:31,17002630,1 - 3,0,,1,1,1,1001,1,1001,0,0,0
140953554,SIS / Crayfd (F/C) 6th Mar,Forecast,06-03-2018 19:07,17002633,2 - 1,0,,1,1,1,1001,1,1001,0,0,0
140950411,SIS / Hove (F/C) 6th Mar,Forecast,06-03-2018 14:32,17002633,2 - 1,0,,1,1,1,1001,1,1001,0,0,0
140952867,SIS / Crayfd (F/C) 6th Mar,Forecast,06-03-2018 12:46,17002636,2 - 4,0,,1,1,1,1001,1,1001,0,0,0
140953336,SIS / Henl (F/C) 6th Mar,Forecast,06-03-2018 18:27,17002637,2 - 5,0,,1,1,1,1001,1,1001,0,0,0
140953339,SIS / Henl (F/C) 6th Mar,Forecast,06-03-2018 19:17,17002674,3 - 1,0,,1,1,1,1001,1,1001,0,0,0
140950415,SIS / Hove (F/C) 6th Mar,Forecast,06-03-2018 15:49,17002675,3 - 2,0,,1,1,1,1001,1,1001,0,0,0
140954340,RPGTV / Poole (F/C) 6th Mar,Forecast,06-03-2018 20:51,17002675,3 - 2,0,,1,1,1,1001,1,1001,0,0,0
140951386,SIS / Monm (F/C) 6th Mar,Forecast,06-03-2018 16:39,17002675,3 - 2,0,,1,1,1,1001,1,1001,0,0,0
140953341,SIS / Henl (F/C) 6th Mar,Forecast,06-03-2018 19:49,17002675,3 - 2,1,,1,1,1,1001,1,1001,0,0,0
140953558,SIS / Crayfd (F/C) 6th Mar,Forecast,06-03-2018 20:11,17002677,3 - 4,0,,1,1,1,1001,1,1001,0,0,0
140951302,RPGTV / Sheff (F/C) 6th Mar,Forecast,06-03-2018 21:14,17002677,3 - 4,0,,1,1,1,1001,1,1001,0,0,0
140951997,SIS / CPark (F/C) 6th Mar,Forecast,06-03-2018 12:09,17002677,3 - 4,0,,1,1,1,1001,1,1001,0,0,0
140951388,SIS / Monm (F/C) 6th Mar,Forecast,06-03-2018 17:18,17002677,3 - 4,0,,1,1,1,1001,1,1001,0,0,0
140953554,SIS / Crayfd (F/C) 6th Mar,Forecast,06-03-2018 19:07,17002679,3 - 6,0,,1,1,1,1001,1,1001,0,0,0
140952003,SIS / CPark (F/C) 6th Mar,Forecast,06-03-2018 13:39,17002679,3 - 6,0,,1,1,1,1001,1,1001,0,0,0
140951390,SIS / Monm (F/C) 6th Mar,Forecast,06-03-2018 17:54,17002680,4 - 1,0,,1,1,1,1001,1,1001,0,0,0
140953337,SIS / Henl (F/C) 6th Mar,Forecast,06-03-2018 18:44,17002680,4 - 1,0,,1,1,1,1001,1,1001,0,0,0
140952860,SIS / Crayfd (F/C) 6th Mar,Forecast,06-03-2018 11:01,17002683,4 - 2,0,,1,22.9661124182225288954011729250398235169,1,1001,1,1001,122.76,0,0
140950412,SIS / Hove (F/C) 6th Mar,Forecast,06-03-2018 14:52,17002683,4 - 2,0,,1,1,1,1001,1,1001,0,0,0
140951345,TRP / Sund (F/C) 6th Mar,Forecast,06-03-2018 17:38,17002684,4 - 3,0,,1,1,1,1001,1,1001,0,0,0
140954334,RPGTV / Poole (F/C) 6th Mar,Forecast,06-03-2018 19:22,17002687,4 - 6,0,,1,1,1,1001,1,1001,0,0,0
140950416,SIS / Hove (F/C) 6th Mar,Forecast,06-03-2018 16:09,17002690,5 - 3,0,,1,1,1,1001,1,1001,0,0,0
140951303,RPGTV / Sheff (F/C) 6th Mar,Forecast,06-03-2018 21:32,17002690,5 - 3,0,,1,1,1,1001,1,1001,0,0,0
140953341,SIS / Henl (F/C) 6th Mar,Forecast,06-03-2018 19:49,17002690,5 - 3,0,,1,1,1,1001,1,1001,0,0,0
140951300,RPGTV / Sheff (F/C) 6th Mar,Forecast,06-03-2018 20:43,17002691,5 - 4,0,,1,1,1,1001,1,1001,0,0,0
140950417,SIS / Hove (F/C) 6th Mar,Forecast,06-03-2018 16:29,17002691,5 - 4,0,,1,1,1,1001,1,1001,0,0,0
140953347,SIS / Henl (F/C) 6th Mar,Forecast,06-03-2018 21:26,17002691,5 - 4,0,,1,1,1,1001,1,1001,0,0,0
140950410,SIS / Hove (F/C) 6th Mar,Forecast,06-03-2018 14:12,17002693,6 - 1,0,,1,1,1,1001,1,1001,0,0,0
140954336,RPGTV / Poole (F/C) 6th Mar,Forecast,06-03-2018 19:52,17002695,6 - 3,0,,1,1,1,1001,1,1001,0,0,0
140951291,RPGTV / Sheff (F/C) 6th Mar,Forecast,06-03-2018 18:22,17002695,6 - 3,0,,1,1,1,1001,1,1001,0,0,0
140951995,SIS / CPark (F/C) 6th Mar,Forecast,06-03-2018 11:39,17002696,6 - 4,0,,1,1,1,1001,1,1001,0,0,0
140951385,SIS / Monm (F/C) 6th Mar,Forecast,06-03-2018 16:19,17002697,6 - 5,0,,1,1,1,1001,1,1001,0,0,0
140953336,SIS / Henl (F/C) 6th Mar,Forecast,06-03-2018 18:27,17002568,1 - 2,0,,1,1,1,1001,1,1001,0,0,0
140953346,SIS / Henl (F/C) 6th Mar,Forecast,06-03-2018 21:08,17002568,1 - 2,0,,1,1,1,1001,1,1001,0,0,0
140950416,SIS / Hove (F/C) 6th Mar,Forecast,06-03-2018 16:09,17002568,1 - 2,0,,1,1,1,1001,1,1001,0,0,0
140951386,SIS / Monm (F/C) 6th Mar,Forecast,06-03-2018 16:39,17002568,1 - 2,0,,1,1,1,1001,1,1001,0,0,0
140941249,AUS / Lism (AUS) 6th Mar,R10 420m Gr5,06-03-2018 10:45,17296629,7. Uncle Dawell,0,5.850689847464093,1,4.95684254697059938274947208836428610103,1,1001,1,1001,1477.52,0,0
140941365,AUS / Mand (AUS) 6th Mar,R3 405m Heat,06-03-2018 10:42,17509895,7. Leviatham,1,8.261725470442325,1,6.47828464527270110807310404374730177004,1,1001,1,1001,833.88,0,0
140941321,AUS / Geel (AUS) 6th Mar,R2 400m Mdn,06-03-2018 05:08,17508322,7. Shore Money,0,240,1,81.2261123267687819110138584974471188913,1,1001,1,1001,54.84,0,0
140941195,AUS / Ipsw (AUS) 6th Mar,R10 431m Gr5,06-03-2018 07:54,17508641,1. Here For You,0,8.00763342442282,1,5.50288303289639282049296183708637481364,1,1001,1,1001,1032.94,0,0
140964309,NZL / Hatr (NZL) 7th Mar,R2 520m C0,06-03-2018 23:33,17524435,9. Cawbourne Taylor,1,,1,1,1,1001,1,1001,0,0,0
140951311,TRP / Sund 6th Mar,D3 261m,06-03-2018 15:07,17406407,6. Tracys Opinion,0,10.5,1,1,1,1001,1,1001,0,0,0
140941298,AUS / Gawl (AUS) 6th Mar,R5 400m Gr6,06-03-2018 02:39,17451964,6. Oz Wizard,0,11.5,1,9.25533126934984520123839009287925696594,1,1001,1,1001,484.5,0,0
140951584,Greyhound Racing / Trap Challenge,Sheff & Poole Trap Challenge,06-03-2018 18:22,5857,Trap 1,3,,3.10814510614391277444842045319077402646,1,3.25,2.9,100,3.25,0,2098.18,905.46
140950416,SIS / Hove (F/C) 6th Mar,Forecast,06-03-2018 16:09,6953192,1 - 5,0,,1,1,1,1001,1,1001,0,0,0
140950377,SIS / Hove 6th Mar,A6 515m,06-03-2018 15:49,9532317,2. Cisberry Geo,0,6.4,1,1,1,1001,1,1001,0,0,0
140950437,TRP / Kinsl 6th Mar,A6 462m,06-03-2018 12:42,10323558,3. Local Whistler,0,7,1,1,1,1001,1,1001,0,0,0
140951371,SIS / Monm 6th Mar,S2 630m,06-03-2018 17:37,10656235,2. Supreme London,0,7.037706872403795,1,1,1,1001,1,1001,0,0,0
140941312,AUS / Gawl (AUS) 6th Mar,R11 400m FFA,06-03-2018 04:37,10663074,1. Premier Jet,0,27.593085145307697,1,14.5985434683659535730541647701411015021,1,1001,1,1001,43.94,0,0
140953436,SIS / Crayfd 6th Mar,S5 540m,06-03-2018 18:49,10911838,5. Rahyvira Pearl,0,7.5041377043040125,1,1,1,1001,1,1001,0,0,0
140941056,AUS / Town (AUS) 6th Mar,R6 498m Gr4/5,06-03-2018 10:35,11186737,6. Kerries A Minx,0,12.92434796580064,1,9.2796493854888015471957077796493854888,1,1001,1,1001,320.58,0,0
140952575,SIS / Crayfd 6th Mar,S4 540m,06-03-2018 13:49,11311952,2. Mallowney,0,4.3,1,1,1,1001,1,1001,0,0,0
140941171,AUS / Ipsw (AUS) 6th Mar,R4 431m Gr3/4,06-03-2018 05:47,11489266,8. Crown Eddie,0,8.347075601,1,6.55659636129447753984865561101271936886,1,1001,1,1001,621.1,0,0
140941393,NZL / Addi (NZL) 6th mar,R6 295m C1,06-03-2018 02:49,11856876,1. Terra Bindi,0,,1,10.6287465940054495912806539509536784741,1,1001,1,1001,14.68,0,0
140941189,AUS / Ipsw (AUS) 6th Mar,R8 431m FFA,06-03-2018 07:08,12138957,8. Fernvale Ruby,0,24.46788364168257,1,17.6116746545065376203992368898608719929,1,1001,1,1001,429.82,0,0
140941163,AUS / Devn (AUS) 6th Mar,R4 580m Gr5,06-03-2018 02:47,12350972,6. Buckle Up Alex,1,18.777943584776374,1,17.3497769691278319051531869937786125132,1,1001,1,1001,340.76,0,0
140950160,TRP / Nott 6th Mar,A5 500m,06-03-2018 11:19,12538726,6. Outclough Jet,0,16.24874473854434,1,1,1,1001,1,1001,0,0,0
140952565,SIS / Crayfd 6th Mar,A7 380m,06-03-2018 12:31,12773739,5. Santro Wind,0,4.044799395402441,1,1,1,1001,1,1001,0,0,0
140941175,AUS / Ipsw (AUS) 6th Mar,R5 431m Gr5,06-03-2018 06:07,12939673,1. Lord Sirius,1,2.456593336396036,1,2.30874429072615343880320381280201231217,1,1001,1,1001,6042.8,0,0
140951271,RPGTV / Sheff 6th Mar,OR 500m,06-03-2018 19:26,12930772,1. Swift Aspen,0,1.8,1,1,1,1001,1,1001,0,0,0
140941050,AUS / Town (AUS) 6th Mar,R5 380m Heat,06-03-2018 10:15,13314026,7. Brother Rob,0,31.863698923,1,19.5712900096993210475266731328806983511,1,1001,1,1001,185.58,0,0
140941183,AUS / Devn (AUS) 6th Mar,R10 452m Gr5,06-03-2018 04:44,14699591,6. Buckle Up Marley,0,23.68176572228898,1,17.9474698176213716927819162599537631647,1,1001,1,1001,155.72,0,0
140941359,AUS / Cran (AUS) 6th Mar,R12 311m Gr5,06-03-2018 11:34,14757117,6. Our Aqua Blue,1,2.66903797083578,1,1,1,1001,1,1001,0,0,0
140941302,AUS / Gawl (AUS) 6th Mar,R7 531m Gr6,06-03-2018 03:14,15268419,6. Cumberland Jet,0,19,1,13.8495292535305985205110961667787491594,1,1001,1,1001,118.96,0,0
140941294,AUS / Gawl (AUS) 6th Mar,R3 400m Heat,06-03-2018 01:57,16785918,4. Flown Away,0,89.97025787216961,1,46.8129453681710213776722090261282660333,1,1001,1,1001,33.68,0,0
140950421,SIS / Hove (F/C) 6th Mar,Forecast,06-03-2018 17:44,17002741,5 - 6,0,,1,1,1,1001,1,1001,0,0,0
140941393,NZL / Addi (NZL) 6th mar,R6 295m C1,06-03-2018 02:49,16968051,3. Mitcham Reado,0,,1,4.96536312849162011173184357541899441341,1,1001,1,1001,3.58,0,0
140953552,SIS / Crayfd (F/C) 6th Mar,Forecast,06-03-2018 18:33,17002630,1 - 3,0,,1,1,1,1001,1,1001,0,0,0
140951998,SIS / CPark (F/C) 6th Mar,Forecast,06-03-2018 12:24,17002631,1 - 4,0,,1,1,1,1001,1,1001,0,0,0
140953556,SIS / Crayfd (F/C) 6th Mar,Forecast,06-03-2018 19:38,17002632,1 - 6,0,,1,1,1,1001,1,1001,0,0,0
140951340,TRP / Sund (F/C) 6th Mar,Forecast,06-03-2018 16:08,17002632,1 - 6,0,,1,1,1,1001,1,1001,0,0,0
140950456,TRP / Kinsl (F/C) 6th Mar,Forecast,06-03-2018 12:12,17002632,1 - 6,0,,1,1,1,1001,1,1001,0,0,0
140952001,SIS / CPark (F/C) 6th Mar,Forecast,06-03-2018 13:08,17002632,1 - 6,1,,1,1,1,1001,1,1001,0,0,0
140952871,SIS / Crayfd (F/C) 6th Mar,Forecast,06-03-2018 13:49,17002633,2 - 1,0,,1,1,1,1001,1,1001,0,0,0
140951387,SIS / Monm (F/C) 6th Mar,Forecast,06-03-2018 16:58,17002633,2 - 1,0,,1,1,1,1001,1,1001,0,0,0
140953564,SIS / Crayfd (F/C) 6th Mar,Forecast,06-03-2018 21:45,17002636,2 - 4,0,,1,1,1,1001,1,1001,0,0,0
140951998,SIS / CPark (F/C) 6th Mar,Forecast,06-03-2018 12:24,17002636,2 - 4,0,,1,1,1,1001,1,1001,0,0,0
140953563,SIS / Crayfd (F/C) 6th Mar,Forecast,06-03-2018 21:30,17002636,2 - 4,0,,1,1,1,1001,1,1001,0,0,0
140950462,TRP / Kinsl (F/C) 6th Mar,Forecast,06-03-2018 13:44,17002637,2 - 5,0,,1,1,1,1001,1,1001,0,0,0
140951340,TRP / Sund (F/C) 6th Mar,Forecast,06-03-2018 16:08,17002639,2 - 6,0,,1,1,1,1001,1,1001,0,0,0
140950411,SIS / Hove (F/C) 6th Mar,Forecast,06-03-2018 14:32,17002639,2 - 6,0,,1,1,1,1001,1,1001,0,0,0
140951299,RPGTV / Sheff (F/C) 6th Mar,Forecast,06-03-2018 20:28,17002674,3 - 1,0,,1,1,1,1001,1,1001,0,0,0
140950414,SIS / Hove (F/C) 6th Mar,Forecast,06-03-2018 15:29,17002674,3 - 1,0,,1,1,1,1001,1,1001,0,0,0
140951300,RPGTV / Sheff (F/C) 6th Mar,Forecast,06-03-2018 20:43,17002677,3 - 4,0,,1,1,1,1001,1,1001,0,0,0
140952864,SIS / Crayfd (F/C) 6th Mar,Forecast,06-03-2018 12:01,17002677,3 - 4,0,,1,1,1,1001,1,1001,0,0,0
140953346,SIS / Henl (F/C) 6th Mar,Forecast,06-03-2018 21:08,17002677,3 - 4,0,,1,1,1,1001,1,1001,0,0,0
140952000,SIS / CPark (F/C) 6th Mar,Forecast,06-03-2018 12:54,17002679,3 - 6,0,,1,1,1,1001,1,1001,0,0,0
140953337,SIS / Henl (F/C) 6th Mar,Forecast,06-03-2018 18:44,17002679,3 - 6,0,,1,1,1,1001,1,1001,0,0,0
140952865,SIS / Crayfd (F/C) 6th Mar,Forecast,06-03-2018 12:16,17002680,4 - 1,0,,1,1,1,1001,1,1001,0,0,0
140951385,SIS / Monm (F/C) 6th Mar,Forecast,06-03-2018 16:19,17002680,4 - 1,0,,1,1,1,1001,1,1001,0,0,0
140953341,SIS / Henl (F/C) 6th Mar,Forecast,06-03-2018 19:49,17002680,4 - 1,0,,1,1,1,1001,1,1001,0,0,0
140953563,SIS / Crayfd (F/C) 6th Mar,Forecast,06-03-2018 21:30,17002683,4 - 2,0,,1,1,1,1001,1,1001,0,0,0
140951344,TRP / Sund (F/C) 6th Mar,Forecast,06-03-2018 17:22,17002683,4 - 2,0,,1,1,1,1001,1,1001,0,0,0
140954333,RPGTV / Poole (F/C) 6th Mar,Forecast,06-03-2018 19:06,17002684,4 - 3,1,,1,1,1,1001,1,1001,0,0,0
140950420,SIS / Hove (F/C) 6th Mar,Forecast,06-03-2018 17:28,17002686,4 - 5,0,,1,1,1,1001,1,1001,0,0,0
140952869,SIS / Crayfd (F/C) 6th Mar,Forecast,06-03-2018 13:16,17002687,4 - 6,0,,1,1,1,1001,1,1001,0,0,0
140952865,SIS / Crayfd (F/C) 6th Mar,Forecast,06-03-2018 12:16,17002687,4 - 6,0,,1,1,1,1001,1,1001,0,0,0
140951336,TRP / Sund (F/C) 6th Mar,Forecast,06-03-2018 14:47,17002687,4 - 6,0,,1,1,1,1001,1,1001,0,0,0
140951386,SIS / Monm (F/C) 6th Mar,Forecast,06-03-2018 16:39,17002687,4 - 6,0,,1,1,1,1001,1,1001,0,0,0
140951998,SIS / CPark (F/C) 6th Mar,Forecast,06-03-2018 12:24,17002687,4 - 6,0,,1,1,1,1001,1,1001,0,0,0
140951388,SIS / Monm (F/C) 6th Mar,Forecast,06-03-2018 17:18,17002688,5 - 1,0,,1,1,1,1001,1,1001,0,0,0
140953552,SIS / Crayfd (F/C) 6th Mar,Forecast,06-03-2018 18:33,17002689,5 - 2,0,,1,1,1,1001,1,1001,0,0,0
140953345,SIS / Henl (F/C) 6th Mar,Forecast,06-03-2018 20:53,17002689,5 - 2,0,,1,1,1,1001,1,1001,0,0,0
140950423,SIS / Hove (F/C) 6th Mar,Forecast,06-03-2018 18:19,17002689,5 - 2,0,,1,1,1,1001,1,1001,0,0,0
140951388,SIS / Monm (F/C) 6th Mar,Forecast,06-03-2018 17:18,17002689,5 - 2,0,,1,1,1,1001,1,1001,0,0,0
140951302,RPGTV / Sheff (F/C) 6th Mar,Forecast,06-03-2018 21:14,17002690,5 - 3,0,,1,1,1,1001,1,1001,0,0,0
140954338,RPGTV / Poole (F/C) 6th Mar,Forecast,06-03-2018 20:22,17002693,6 - 1,0,,1,1,1,1001,1,1001,0,0,0
140954341,RPGTV / Poole (F/C) 6th Mar,Forecast,06-03-2018 21:07,17002693,6 - 1,0,,1,1,1,1001,1,1001,0,0,0
140950461,TRP / Kinsl (F/C) 6th Mar,Forecast,06-03-2018 13:27,17002694,6 - 2,0,,1,1,1,1001,1,1001,0,0,0
140951386,SIS / Monm (F/C) 6th Mar,Forecast,06-03-2018 16:39,17002694,6 - 2,0,,1,1,1,1001,1,1001,0,0,0
140951298,RPGTV / Sheff (F/C) 6th Mar,Forecast,06-03-2018 20:13,17002696,6 - 4,1,,1,1,1,1001,1,1001,0,0,0
140951293,RPGTV / Sheff (F/C) 6th Mar,Forecast,06-03-2018 18:56,17002697,6 - 5,0,,1,1,1,1001,1,1001,0,0,0
140950410,SIS / Hove (F/C) 6th Mar,Forecast,06-03-2018 14:12,17002697,6 - 5,0,,1,1,1,1001,1,1001,0,0,0
140951302,RPGTV / Sheff (F/C) 6th Mar,Forecast,06-03-2018 21:14,17002568,1 - 2,0,,1,1,1,1001,1,1001,0,0,0
140953684,RPGTV / Poole 6th Mar,A4 450m,06-03-2018 20:37,17504231,2. Jaxx Oyster,0,5.0202593254169905,1,1,1,1001,1,1001,0,0,0
140941271,NZL / AsPk (NZL) 6th Mar,R6 457m C0,06-03-2018 00:35,17507826,8. Watch Levi,0,,1,33.3333333333333333333333333333333333333,1,1001,1,1001,7.8,0,0
140953014,SIS / Henl 6th Mar,A5 460m,06-03-2018 19:33,17405913,6. Tree Top Bubbles,0,4.8166969616716955,1,1,1,1001,1,1001,0,0,0
140941339,AUS / Geel (AUS) 6th Mar,R10 400m Mdn,06-03-2018 07:57,17508426,7. Gunmetal James,0,9.445414928768482,1,5.71225680933852140077821011673151750973,1,1001,1,1001,92.52,0,0
140951388,SIS / Monm (F/C) 6th Mar,Forecast,06-03-2018 17:18,6953192,1 - 5,0,,1,1,1,1001,1,1001,0,0,0
140950419,SIS / Hove (F/C) 6th Mar,Forecast,06-03-2018 17:08,6953192,1 - 5,0,,1,1,1,1001,1,1001,0,0,0
140950387,SIS / Hove 6th Mar,A8 515m,06-03-2018 17:28,10130698,3. Aegean Razl,0,11.5,1,1,1,1001,1,1001,0,0,0
140952567,SIS / Crayfd 6th Mar,A8 380m,06-03-2018 12:46,10615909,1. Pesky Squirrel,0,8.890753274563465,1,1,1,1001,1,1001,0,0,0
140941213,AUS / Mait (AUS) 6th Mar,R9 400m Gr5,06-03-2018 10:38,10613818,2. Fire Swifty,0,13.496949659446033,1,10.9204605378801195289154508701001933556,1,1001,1,1001,227.56,0,0
140951355,SIS / Monm 6th Mar,S2 630m,06-03-2018 15:02,10624007,4. Supreme Monaco,0,4.327121467,1,1,1,1001,1,1001,0,0,0
140941229,AUS / Lism (AUS) 6th Mar,R6 520m Heat,06-03-2018 09:25,10627826,7. Jappular,0,4.6,1,4.1765082999427590154550658271322266743,1,1001,1,1001,1397.6,0,0
140951361,SIS / Monm 6th Mar,A5 480m,06-03-2018 15:59,10665977,4. Clonmeen Butler,0,7,1,1,1,1001,1,1001,0,0,0
140951323,TRP / Sund 6th Mar,HC 450m,06-03-2018 17:07,10718514,5. Ballymac Rio,0,5.9,1,1,1,1001,1,1001,0,0,0
140941269,NZL / AsPk (NZL) 6th Mar,R5 457m C3/4,06-03-2018 00:18,11149082,4. Spring Sam,0,,1,28.0943396226415094339622641509433962264,1,1001,1,1001,2.12,0,0
140941302,AUS / Gawl (AUS) 6th Mar,R7 531m Gr6,06-03-2018 03:14,11499732,5. Nitro Kist,0,95,1,32.6407342657342657342657342657342657343,1,1001,1,1001,45.76,0,0
140951896,SIS / CPark 6th Mar,A3 480m,06-03-2018 12:24,12249799,5. Ridgedale Bengy,0,4.4,1,1,1,1001,1,1001,0,0,0
140951373,SIS / Monm 6th Mar,A3 480m,06-03-2018 17:54,12306408,2. Estrela,0,8,1,1,1,1001,1,1001,0,0,0
140941173,AUS / Devn (AUS) 6th Mar,R7 452m FFA,06-03-2018 03:49,12365520,4. Superb Innings,0,240,1,124.84,1,1001,1,1001,42.5,0,0
140953438,SIS / Crayfd 6th Mar,A7 380m,06-03-2018 19:07,12547926,2. Lennys Boy,0,6.4,1,1,1,1001,1,1001,0,0,0
140941047,AUS / Town (AUS) 6th Mar,R4 380m Heat,06-03-2018 09:55,12654973,4. Pass The Ammo,0,3.119301112256035,1,2.43566000389382828217275618145239794925,1,1001,1,1001,4930.88,0,0
140951309,TRP / Sund 6th Mar,A4 450m,06-03-2018 14:47,12905495,2. Knockroe Fellow,0,4.860248067505891,1,1,1,1001,1,1001,0,0,0
140953678,RPGTV / Poole 6th Mar,A6 450m,06-03-2018 19:52,12932003,5. Four Days Late,0,15,1,1,1,1001,1,1001,0,0,0
140941201,AUS / Mait (AUS) 6th Mar,R3 450m Gr5,06-03-2018 08:38,14160359,4. Black Nevada,0,28.433522619269795,1,18.03064347566437742609734249029561063,1,1001,1,1001,267.92,0,0
140950158,TRP / Nott 6th Mar,A4 500m,06-03-2018 11:03,14924966,5. Roscoes Snotter,0,7.617886066,1,7.36395697965081756047329120055148427197,1,1001,1,1001,10,0,0
140941296,AUS / Gawl (AUS) 6th Mar,R4 400m Gr6,06-03-2018 02:12,14965263,1. Far Away,0,7.6,1,6.17689835528388682336631167685424412376,1,1001,1,1001,317.38,0,0
140941153,AUS / Devn (AUS) 6th Mar,R1 452m Gr6,06-03-2018 01:47,15051117,1. Newtown Flyer,0,3.436753972,1,3.10977932318475522943817763662249479794,1,1001,1,1001,1826.2,0,0
140953684,RPGTV / Poole 6th Mar,A4 450m,06-03-2018 20:37,15084703,1. Duchas,1,7.6,1,1,1,1001,1,1001,0,0,0
140941353,AUS / Cran (AUS) 6th Mar,R9 311m Heat,06-03-2018 10:28,15231006,8. Optima Semper,0,21,1,11.5662947016958088041472629821632545471,1,1001,1,1001,227.62,0,0
140941153,AUS / Devn (AUS) 6th Mar,R1 452m Gr6,06-03-2018 01:47,16195086,4. Fernandos Dream,0,7.171644019631785,1,6.37577334489736918184446371783752529633,1,1001,1,1001,484.26,0,0
140941389,NZL / Addi (NZL) 6th mar,R4 295m C1,06-03-2018 02:09,16194919,7. Dyna Ulysses,0,,1,2.7502093522395411843355265472713838359,1,1001,1,1001,568.42,0,0
140953454,SIS / Crayfd 6th Mar,A7 380m,06-03-2018 21:16,16351726,3. Ballymoon Hope,0,5,1,1,1,1001,1,1001,0,0,0
140941247,AUS / Warr (AUS) 6th Mar,R7 450m Gr6,06-03-2018 05:57,16489152,8. Saltbush Bill,1,1.777543813646307,1,1.59338651090091213960212221056262062184,1,1001,1,1001,8176.38,0,0
140950381,SIS / Hove 6th Mar,A7 515m,06-03-2018 16:29,16574209,5. Kylegrove Newera,0,7.44736232811818,1,1,1,1001,1,1001,0,0,0
140950371,SIS / Hove 6th Mar,D3 285m,06-03-2018 14:52,16790974,1. Power Mary,0,6.352394768763334,1,1,1,1001,1,1001,0,0,0
140951389,SIS / Monm (F/C) 6th Mar,Forecast,06-03-2018 17:37,17002741,5 - 6,0,,1,1,1,1001,1,1001,0,0,0
140952870,SIS / Crayfd (F/C) 6th Mar,Forecast,06-03-2018 13:31,17002741,5 - 6,0,,1,1,1,1001,1,1001,0,0,0
140941239,AUS / Warr (AUS) 6th Mar,R4 450m Gr7,06-03-2018 04:58,17190761,7. Zambora Andy,0,5.265042343,1,4.06191811207985458578514433593148279368,1,1001,1,1001,1298.36,0,0
140941399,NZL / Addi (NZL) 6th mar,R9 520m C1,06-03-2018 03:42,17033026,5. Know Potential,0,,1,3.4603450294934073560027758501040943789,1,1001,1,1001,922.24,0,0
140953555,SIS / Crayfd (F/C) 6th Mar,Forecast,06-03-2018 19:23,17002630,1 - 3,0,,1,1,1,1001,1,1001,0,0,0
140954333,RPGTV / Poole (F/C) 6th Mar,Forecast,06-03-2018 19:06,17002631,1 - 4,0,,1,1,1,1001,1,1001,0,0,0
140952001,SIS / CPark (F/C) 6th Mar,Forecast,06-03-2018 13:08,17002631,1 - 4,0,,1,1,1,1001,1,1001,0,0,0
140953339,SIS / Henl (F/C) 6th Mar,Forecast,06-03-2018 19:17,17002632,1 - 6,0,,1,1,1,1001,1,1001,0,0,0
140953553,SIS / Crayfd (F/C) 6th Mar,Forecast,06-03-2018 18:49,17002632,1 - 6,0,,1,1,1,1001,1,1001,0,0,0
140951339,TRP / Sund (F/C) 6th Mar,Forecast,06-03-2018 15:48,17002632,1 - 6,0,,1,1,1,1001,1,1001,0,0,0
140950199,TRP / Nott (F/C) 6th Mar,Forecast,06-03-2018 12:18,17002633,2 - 1,0,,1,1,1,1001,1,1001,0,0,0
140950460,TRP / Kinsl (F/C) 6th Mar,Forecast,06-03-2018 13:12,17002633,2 - 1,0,,1,1,1,1001,1,1001,0,0,0
140951995,SIS / CPark (F/C) 6th Mar,Forecast,06-03-2018 11:39,17002636,2 - 4,0,,1,1,1,1001,1,1001,0,0,0
140953346,SIS / Henl (F/C) 6th Mar,Forecast,06-03-2018 21:08,17002636,2 - 4,0,,1,1,1,1001,1,1001,0,0,0
140951378,SIS / Monm (F/C) 6th Mar,Forecast,06-03-2018 14:06,17002637,2 - 5,0,,1,1,1,1001,1,1001,0,0,0
140950416,SIS / Hove (F/C) 6th Mar,Forecast,06-03-2018 16:09,17002639,2 - 6,0,,1,1,1,1001,1,1001,0,0,0
140950200,TRP / Nott (F/C) 6th Mar,Forecast,06-03-2018 12:32,17002674,3 - 1,0,,1,1,1,1001,1,1001,0,0,0
140951337,TRP / Sund (F/C) 6th Mar,Forecast,06-03-2018 15:07,17002675,3 - 2,1,,1,1,1,1001,1,1001,0,0,0
140952871,SIS / Crayfd (F/C) 6th Mar,Forecast,06-03-2018 13:49,17002675,3 - 2,0,,1,1,1,1001,1,1001,0,0,0
140952000,SIS / CPark (F/C) 6th Mar,Forecast,06-03-2018 12:54,17002677,3 - 4,0,,1,1,1,1001,1,1001,0,0,0
140951338,TRP / Sund (F/C) 6th Mar,Forecast,06-03-2018 15:28,17002678,3 - 5,0,,1,1,1,1001,1,1001,0,0,0
140950416,SIS / Hove (F/C) 6th Mar,Forecast,06-03-2018 16:09,17002678,3 - 5,0,,1,1,1,1001,1,1001,0,0,0
140950200,TRP / Nott (F/C) 6th Mar,Forecast,06-03-2018 12:32,17002679,3 - 6,0,,1,1,1,1001,1,1001,0,0,0
140952864,SIS / Crayfd (F/C) 6th Mar,Forecast,06-03-2018 12:01,17002679,3 - 6,0,,1,1,1,1001,1,1001,0,0,0
140950418,SIS / Hove (F/C) 6th Mar,Forecast,06-03-2018 16:48,17002679,3 - 6,0,,1,1,1,1001,1,1001,0,0,0
140951378,SIS / Monm (F/C) 6th Mar,Forecast,06-03-2018 14:06,17002680,4 - 1,1,,1,1,1,1001,1,1001,0,0,0
140951298,RPGTV / Sheff (F/C) 6th Mar,Forecast,06-03-2018 20:13,17002686,4 - 5,0,,1,1,1,1001,1,1001,0,0,0
140951346,TRP / Sund (F/C) 6th Mar,Forecast,06-03-2018 17:56,17002686,4 - 5,0,,1,1,1,1001,1,1001,0,0,0
140950458,TRP / Kinsl (F/C) 6th Mar,Forecast,06-03-2018 12:42,17002687,4 - 6,0,,1,1,1,1001,1,1001,0,0,0
140952869,SIS / Crayfd (F/C) 6th Mar,Forecast,06-03-2018 13:16,17002688,5 - 1,0,,1,1,1,1001,1,1001,0,0,0
140953552,SIS / Crayfd (F/C) 6th Mar,Forecast,06-03-2018 18:33,17002688,5 - 1,0,,1,1,1,1001,1,1001,0,0,0
140952863,SIS / Crayfd (F/C) 6th Mar,Forecast,06-03-2018 11:46,17002688,5 - 1,0,,1,1,1,1001,1,1001,0,0,0
140950204,TRP / Nott (F/C) 6th Mar,Forecast,06-03-2018 13:33,17002689,5 - 2,1,,1,1,1,1001,1,1001,0,0,0
140951380,SIS / Monm (F/C) 6th Mar,Forecast,06-03-2018 14:42,17002689,5 - 2,0,,1,1,1,1001,1,1001,0,0,0
140950204,TRP / Nott (F/C) 6th Mar,Forecast,06-03-2018 13:33,17002690,5 - 3,0,,1,1,1,1001,1,1001,0,0,0
140951296,RPGTV / Sheff (F/C) 6th Mar,Forecast,06-03-2018 19:42,17002691,5 - 4,0,,1,1,1,1001,1,1001,0,0,0
140951338,TRP / Sund (F/C) 6th Mar,Forecast,06-03-2018 15:28,17002691,5 - 4,0,,1,1,1,1001,1,1001,0,0,0
140951999,SIS / CPark (F/C) 6th Mar,Forecast,06-03-2018 12:39,17002691,5 - 4,0,,1,1,1,1001,1,1001,0,0,0
140952001,SIS / CPark (F/C) 6th Mar,Forecast,06-03-2018 13:08,17002693,6 - 1,0,,1,1,1,1001,1,1001,0,0,0
140951380,SIS / Monm (F/C) 6th Mar,Forecast,06-03-2018 14:42,17002694,6 - 2,0,,1,1,1,1001,1,1001,0,0,0
140950417,SIS / Hove (F/C) 6th Mar,Forecast,06-03-2018 16:29,17002694,6 - 2,0,,1,1,1,1001,1,1001,0,0,0
140954338,RPGTV / Poole (F/C) 6th Mar,Forecast,06-03-2018 20:22,17002694,6 - 2,0,,1,1,1,1001,1,1001,0,0,0
140950421,SIS / Hove (F/C) 6th Mar,Forecast,06-03-2018 17:44,17002694,6 - 2,0,,1,1,1,1001,1,1001,0,0,0
140950199,TRP / Nott (F/C) 6th Mar,Forecast,06-03-2018 12:18,17002695,6 - 3,0,,1,1,1,1001,1,1001,0,0,0
140950461,TRP / Kinsl (F/C) 6th Mar,Forecast,06-03-2018 13:27,17002695,6 - 3,0,,1,1,1,1001,1,1001,0,0,0
140951299,RPGTV / Sheff (F/C) 6th Mar,Forecast,06-03-2018 20:28,17002697,6 - 5,0,,1,1,1,1001,1,1001,0,0,0
140951292,RPGTV / Sheff (F/C) 6th Mar,Forecast,06-03-2018 18:38,17002568,1 - 2,0,,1,1,1,1001,1,1001,0,0,0
140953022,SIS / Henl 6th Mar,A4 460m,06-03-2018 20:37,17144965,5. Circuit Court,0,4.893242939654737,1,1,1,1001,1,1001,0,0,0
140953686,RPGTV / Poole 6th Mar,A2 450m,06-03-2018 20:51,17142814,1. Fahrenheit Betty,0,2.72,1,1,1,1001,1,1001,0,0,0
140951267,RPGTV / Sheff 6th Mar,OR 280m,06-03-2018 18:56,17502731,4. Coney Cassius,0,6.6,1,1,1,1001,1,1001,0,0,0
140951584,Greyhound Racing / Trap Challenge,Sheff & Poole Trap Challenge,06-03-2018 18:22,5862,Trap 6,0,,8.21975042642966154951072807253792979621,1,8.6,8.6,1,1001,0,222.78,0
140951386,SIS / Monm (F/C) 6th Mar,Forecast,06-03-2018 16:39,6953192,1 - 5,0,,1,1,1,1001,1,1001,0,0,0
140941173,AUS / Devn (AUS) 6th Mar,R7 452m FFA,06-03-2018 03:49,10920440,6. Nebraska Beach,0,90.74434214285715,1,71.0337148803329864724245577523413111342,1,1001,1,1001,96.1,0,0
140951355,SIS / Monm 6th Mar,S2 630m,06-03-2018 15:02,10966562,5. Milgi Milgi,0,16.5,1,1,1,1001,1,1001,0,0,0
140941359,AUS / Cran (AUS) 6th Mar,R12 311m Gr5,06-03-2018 11:34,11182782,2. Birkenhead,0,12.191463619,1,1,1,1001,1,1001,0,0,0
140952563,SIS / Crayfd 6th Mar,A6 380m,06-03-2018 12:16,11482899,5. Rogue Ebear,0,4.408353231676156,1,1,1,1001,1,1001,0,0,0
140941341,AUS / Cran (AUS) 6th Mar,R5 520m Rest,06-03-2018 09:08,11735648,7. Shall She Cindy,0,24.500361659358592,1,13.2108433734939759036144578313253012048,1,1001,1,1001,230.74,0,0
140941273,NZL / AsPk (NZL) 6th Mar,R7 630m C2,06-03-2018 00:53,11831886,3. Luciastar,1,,1,56.9811320754716981132075471698113207547,1,1001,1,1001,1.06,0,0
140941237,AUS / Lism (AUS) 6th Mar,R8 420m Gr5,06-03-2018 10:05,11852750,8. Dont Seamus,1,4.6,1,4.00365245764404828721187964345849069168,1,1001,1,1001,2102.42,0,0
140953448,SIS / Crayfd 6th Mar,OR 540m,06-03-2018 20:26,12055834,5. Deanridge Gizmo,0,24.912241241857117,1,1,1,1001,1,1001,0,0,0
141000101,Match Bets / Poole (AvB) 6th Mar,Geelo Clarky v Suirview Bee,06-03-2018 19:22,12129885,5. Suirview Bee,0,,1,1,1,1001,1,1001,0,0,0
140950166,TRP / Nott 6th Mar,A4 500m,06-03-2018 12:04,12307127,1. Salacres Scotch,0,5.1,1,1,1,1001,1,1001,0,0,0
140953010,SIS / Henl 6th Mar,A6 460m,06-03-2018 19:02,12267056,2. Mustang Elmo,1,2.84402257,1,1,1,1001,1,1001,0,0,0
140941269,NZL / AsPk (NZL) 6th Mar,R5 457m C3/4,06-03-2018 00:18,12790273,1. Princely Gold,0,,1,6.05999764954753790104595134563403455165,1,1001,1,1001,850.9,0,0
140941233,AUS / Lism (AUS) 6th Mar,R7 420m Gr5,06-03-2018 09:45,12925135,8. Indominous Dane,0,12.997234483873472,1,10.8706727712069184789520539234388910085,1,1001,1,1001,786.3,0,0
140941223,AUS / Lism (AUS) 6th Mar,R3 420m Gr5,06-03-2018 08:25,12929250,1. Beer Shack,0,7,1,5.8525756123071559313170051425084982132,1,1001,1,1001,1606.22,0,0
140941321,AUS / Geel (AUS) 6th Mar,R2 400m Mdn,06-03-2018 05:08,13348410,8. Sirius Matters,0,7.4,1,4.11993939393939393939393939393939393939,1,1001,1,1001,264,0,0
140941292,AUS / Gawl (AUS) 6th Mar,R2 400m Heat,06-03-2018 01:38,13549523,4. Untapped Fury,0,12,1,8.04180284659989457037427517132314180285,1,1001,1,1001,75.88,0,0
140953442,SIS / Crayfd 6th Mar,A2 380m,06-03-2018 19:38,14191951,6. Droopys Mel,1,6.524493775315351,1,1,1,1001,1,1001,0,0,0
140951269,RPGTV / Sheff 6th Mar,OR 480m,06-03-2018 19:11,14774810,2. Rockbeare Reed,0,42,1,1,1,1001,1,1001,0,0,0
140950371,SIS / Hove 6th Mar,D3 285m,06-03-2018 14:52,14772535,6. Mercury Dream,0,6,1,1,1,1001,1,1001,0,0,0
140941205,AUS / Mait (AUS) 6th Mar,R5 450m Gr5,06-03-2018 09:18,15313263,1. Scarface,0,3.658605037,1,3.53583844366970942367571636587600606777,1,1001,1,1001,5260.58,0,0
140951311,TRP / Sund 6th Mar,D3 261m,06-03-2018 15:07,15459907,1. Malbay Duchess,0,14.89518677380518,1,1,1,1001,1,1001,0,0,0
140953444,SIS / Crayfd 6th Mar,OR 540m,06-03-2018 19:54,15494065,6. Kerstin Boy,0,11.539519897527061,1,1,1,1001,1,1001,0,0,0
140941275,NZL / AsPk (NZL) 6th Mar,R8 457m C1/2,06-03-2018 01:10,16124794,6. Know Conclusion,0,,1,11.175343320848938826466916354556803995,1,1001,1,1001,32.04,0,0
140951349,SIS / Monm 6th Mar,A3 480m,06-03-2018 14:06,16687720,1. Skyfall Bomber,0,4.5700574615877105,1,1,1,1001,1,1001,0,0,0
140941191,AUS / Ipsw (AUS) 6th Mar,R9 431m Gr5,06-03-2018 07:30,16836490,1. Mondella,0,3.468751684523303,1,3.41718947283913674945444725836939941759,1,1001,1,1001,5480.68,0,0
140953442,SIS / Crayfd 6th Mar,A2 380m,06-03-2018 19:38,16913062,3. Micks Act,0,17.29654078163498,1,1,1,1001,1,1001,0,0,0
140950439,TRP / Kinsl 6th Mar,A5 462m,06-03-2018 12:58,17353122,2. Miss Dynamic,0,4.0156585176812225,1,1,1,1001,1,1001,0,0,0
140950412,SIS / Hove (F/C) 6th Mar,Forecast,06-03-2018 14:52,17002741,5 - 6,0,,1,1,1,1001,1,1001,0,0,0
140950456,TRP / Kinsl (F/C) 6th Mar,Forecast,06-03-2018 12:12,17002630,1 - 3,0,,1,1,1,1001,1,1001,0,0,0
140951345,TRP / Sund (F/C) 6th Mar,Forecast,06-03-2018 17:38,17002630,1 - 3,0,,1,1,1,1001,1,1001,0,0,0
140951338,TRP / Sund (F/C) 6th Mar,Forecast,06-03-2018 15:28,17002630,1 - 3,0,,1,1,1,1001,1,1001,0,0,0
140953563,SIS / Crayfd (F/C) 6th Mar,Forecast,06-03-2018 21:30,17002631,1 - 4,0,,1,1,1,1001,1,1001,0,0,0
140952860,SIS / Crayfd (F/C) 6th Mar,Forecast,06-03-2018 11:01,17002632,1 - 6,0,,1,34,1,1001,1,1001,17.82,0,0
140951996,SIS / CPark (F/C) 6th Mar,Forecast,06-03-2018 11:54,17002633,2 - 1,0,,1,1,1,1001,1,1001,0,0,0
140951337,TRP / Sund (F/C) 6th Mar,Forecast,06-03-2018 15:07,17002633,2 - 1,0,,1,1,1,1001,1,1001,0,0,0
140951291,RPGTV / Sheff (F/C) 6th Mar,Forecast,06-03-2018 18:22,17002633,2 - 1,0,,1,1,1,1001,1,1001,0,0,0
140950419,SIS / Hove (F/C) 6th Mar,Forecast,06-03-2018 17:08,17002633,2 - 1,0,,1,1,1,1001,1,1001,0,0,0
140952862,SIS / Crayfd (F/C) 6th Mar,Forecast,06-03-2018 11:31,17002635,2 - 3,0,,1,1,1,1001,1,1001,0,0,0
140953342,SIS / Henl (F/C) 6th Mar,Forecast,06-03-2018 20:06,17002635,2 - 3,1,,1,1,1,1001,1,1001,0,0,0
140950196,TRP / Nott (F/C) 6th Mar,Forecast,06-03-2018 11:34,17002636,2 - 4,0,,1,1,1,1001,1,1001,0,0,0
140953555,SIS / Crayfd (F/C) 6th Mar,Forecast,06-03-2018 19:23,17002636,2 - 4,0,,1,1,1,1001,1,1001,0,0,0
140950410,SIS / Hove (F/C) 6th Mar,Forecast,06-03-2018 14:12,17002636,2 - 4,0,,1,1,1,1001,1,1001,0,0,0
140950414,SIS / Hove (F/C) 6th Mar,Forecast,06-03-2018 15:29,17002637,2 - 5,0,,1,1,1,1001,1,1001,0,0,0
140950423,SIS / Hove (F/C) 6th Mar,Forecast,06-03-2018 18:19,17002637,2 - 5,0,,1,1,1,1001,1,1001,0,0,0
140950200,TRP / Nott (F/C) 6th Mar,Forecast,06-03-2018 12:32,17002639,2 - 6,0,,1,1,1,1001,1,1001,0,0,0
140951379,SIS / Monm (F/C) 6th Mar,Forecast,06-03-2018 14:22,17002639,2 - 6,0,,1,1,1,1001,1,1001,0,0,0
140953337,SIS / Henl (F/C) 6th Mar,Forecast,06-03-2018 18:44,17002639,2 - 6,0,,1,1,1,1001,1,1001,0,0,0
140950202,TRP / Nott (F/C) 6th Mar,Forecast,06-03-2018 13:04,17002674,3 - 1,0,,1,1,1,1001,1,1001,0,0,0
140954336,RPGTV / Poole (F/C) 6th Mar,Forecast,06-03-2018 19:52,17002677,3 - 4,0,,1,1,1,1001,1,1001,0,0,0
140954342,RPGTV / Poole (F/C) 6th Mar,Forecast,06-03-2018 21:22,17002677,3 - 4,0,,1,1,1,1001,1,1001,0,0,0
140953564,SIS / Crayfd (F/C) 6th Mar,Forecast,06-03-2018 21:45,17002677,3 - 4,0,,1,1,1,1001,1,1001,0,0,0
140950452,TRP / Kinsl (F/C) 6th Mar,Forecast,06-03-2018 11:11,17002678,3 - 5,2,,1,1,1,1001,1,1001,0,0,0
140950413,SIS / Hove (F/C) 6th Mar,Forecast,06-03-2018 15:11,17002678,3 - 5,0,,1,1,1,1001,1,1001,0,0,0
140951379,SIS / Monm (F/C) 6th Mar,Forecast,06-03-2018 14:22,17002679,3 - 6,0,,1,1,1,1001,1,1001,0,0,0
140950454,TRP / Kinsl (F/C) 6th Mar,Forecast,06-03-2018 11:42,17002679,3 - 6,0,,1,1,1,1001,1,1001,0,0,0
140950456,TRP / Kinsl (F/C) 6th Mar,Forecast,06-03-2018 12:12,17002683,4 - 2,0,,1,1,1,1001,1,1001,0,0,0
140951389,SIS / Monm (F/C) 6th Mar,Forecast,06-03-2018 17:37,17002684,4 - 3,0,,1,1,1,1001,1,1001,0,0,0
140951388,SIS / Monm (F/C) 6th Mar,Forecast,06-03-2018 17:18,17002686,4 - 5,0,,1,1,1,1001,1,1001,0,0,0
140952000,SIS / CPark (F/C) 6th Mar,Forecast,06-03-2018 12:54,17002687,4 - 6,0,,1,1,1,1001,1,1001,0,0,0
140951340,TRP / Sund (F/C) 6th Mar,Forecast,06-03-2018 16:08,17002689,5 - 2,0,,1,1,1,1001,1,1001,0,0,0
140950414,SIS / Hove (F/C) 6th Mar,Forecast,06-03-2018 15:29,17002689,5 - 2,0,,1,1,1,1001,1,1001,0,0,0
140950457,TRP / Kinsl (F/C) 6th Mar,Forecast,06-03-2018 12:27,17002689,5 - 2,0,,1,1,1,1001,1,1001,0,0,0
140951296,RPGTV / Sheff (F/C) 6th Mar,Forecast,06-03-2018 19:42,17002690,5 - 3,0,,1,1,1,1001,1,1001,0,0,0
140953564,SIS / Crayfd (F/C) 6th Mar,Forecast,06-03-2018 21:45,17002690,5 - 3,0,,1,1,1,1001,1,1001,0,0,0
140953340,SIS / Henl (F/C) 6th Mar,Forecast,06-03-2018 19:33,17002691,5 - 4,0,,1,1,1,1001,1,1001,0,0,0
140953561,SIS / Crayfd (F/C) 6th Mar,Forecast,06-03-2018 20:58,17002693,6 - 1,0,,1,1,1,1001,1,1001,0,0,0
140951291,RPGTV / Sheff (F/C) 6th Mar,Forecast,06-03-2018 18:22,17002693,6 - 1,0,,1,1,1,1001,1,1001,0,0,0
140951383,SIS / Monm (F/C) 6th Mar,Forecast,06-03-2018 15:39,17002694,6 - 2,0,,1,1,1,1001,1,1001,0,0,0
140950198,TRP / Nott (F/C) 6th Mar,Forecast,06-03-2018 12:04,17002695,6 - 3,0,,1,1,1,1001,1,1001,0,0,0
140950194,TRP / Nott (F/C) 6th Mar,Forecast,06-03-2018 11:03,17002695,6 - 3,0,,1,1,1,1001,1,1001,0,0,0
140951347,TRP / Sund (F/C) 6th Mar,Forecast,06-03-2018 18:11,17002695,6 - 3,0,,1,1,1,1001,1,1001,0,0,0
140951383,SIS / Monm (F/C) 6th Mar,Forecast,06-03-2018 15:39,17002695,6 - 3,0,,1,1,1,1001,1,1001,0,0,0
140954336,RPGTV / Poole (F/C) 6th Mar,Forecast,06-03-2018 19:52,17002696,6 - 4,0,,1,1,1,1001,1,1001,0,0,0
140941165,AUS / Ipsw (AUS) 6th Mar,R3 431m Final,06-03-2018 05:27,17508635,1. Sassy Oaks,0,4.208810604465105,1,3.33738828657241227748882865724122774888,1,1001,1,1001,1092.08,0,0
140941294,AUS / Gawl (AUS) 6th Mar,R3 400m Heat,06-03-2018 01:57,17508098,1. Bell Tyson,0,48.474741643,1,19.6075471698113207547169811320754716981,1,1001,1,1001,58.3,0,0
140953454,SIS / Crayfd 6th Mar,A7 380m,06-03-2018 21:16,17504532,4. Darkcat Menace,0,5.4,1,1,1,1001,1,1001,0,0,0
140941211,AUS / Mait (AUS) 6th Mar,R8 450m Gr4/5,06-03-2018 10:18,17508774,9. Here Comes Harry,0,200,1,172.785729967069154774972557628979143798,1,1001,1,1001,91.1,0,0
140941310,AUS / Cran (AUS) 6th Mar,R1 311m Heat,06-03-2018 07:47,17508448,4. Go Maxi,0,13,1,8.08706388402102915405448462641389198662,1,1001,1,1001,251.08,0,0
140941355,AUS / Cran (AUS) 6th Mar,R10 311m Heat,06-03-2018 10:48,17508482,6. Shanlyn Sprite,0,4.3,1,4.36521929276521304510808446832437835812,1,1001,1,1001,1280.48,0,0
140941225,AUS / Lism (AUS) 6th Mar,R4 520m Heat,06-03-2018 08:45,17508599,4. Kulu Lightning,0,2.435488912196779,1,2.60916746635252800003529647939678316711,1,1001,1,1001,9066.06,0,0
140941385,NZL / Addi (NZL) 6th mar,R2 295m C0,06-03-2018 01:34,2271580,5. Platonic Affair,1,,1,7.98114921644333409039291392232568703157,1,1001,1,1001,264.18,0,0
140951300,RPGTV / Sheff (F/C) 6th Mar,Forecast,06-03-2018 20:43,6953192,1 - 5,0,,1,1,1,1001,1,1001,0,0,0
140951292,RPGTV / Sheff (F/C) 6th Mar,Forecast,06-03-2018 18:38,6953192,1 - 5,0,,1,1,1,1001,1,1001,0,0,0
140941157,AUS / Devn (AUS) 6th Mar,R3 452m Gr5,06-03-2018 02:27,10511099,8. Droopys Gem,0,36,1,36.3854785478547854785478547854785478548,1,1001,1,1001,121.2,0,0
140941279,NZL / AsPk (NZL) 6th Mar,R10 390m C1/2,06-03-2018 01:42,11402185,1. Storming Mack,0,,1,4.83245707017171931312274750900996396014,1,1001,1,1001,188.68,0,0
140953020,SIS / Henl 6th Mar,A5 460m,06-03-2018 20:21,11986783,1. Harry Lad,0,3.3538907177793584,1,1,1,1001,1,1001,0,0,0
140950447,TRP / Kinsl 6th Mar,A5 462m,06-03-2018 13:58,12094977,1. Bubbles Touch,0,3.9,1,1,1,1001,1,1001,0,0,0
140950369,SIS / Hove 6th Mar,A10 515m,06-03-2018 14:32,12081500,1. Get On Cindy,0,3.4,1,1,1,1001,1,1001,0,0,0
140941275,NZL / AsPk (NZL) 6th Mar,R8 457m C1/2,06-03-2018 01:10,12258958,1. Shift The Blame,0,,1,8.86098003629764065335753176043557168784,1,1001,1,1001,121.22,0,0
140952567,SIS / Crayfd 6th Mar,A8 380m,06-03-2018 12:46,12638505,2. Fawkham Mercedes,0,3.2478132732090303,1,1,1,1001,1,1001,0,0,0
140941405,NZL / Addi (NZL) 6th mar,R12 295m C1,06-03-2018 04:36,12667677,8. Super Stevie,0,,1,14,1,1001,1,1001,1.12,0,0
140951305,TRP / Sund 6th Mar,A2 450m,06-03-2018 14:08,13039017,2. Havana Tip Top,0,7.4,1,1,1,1001,1,1001,0,0,0
140941151,AUS / Town (AUS) 6th Mar,R11 380m Heat,06-03-2018 12:15,13173018,5. Billy Bojangles,0,6.6,1,1,1,1001,1,1001,0,0,0
140952571,SIS / Crayfd 6th Mar,E3 714m,06-03-2018 13:16,13373827,4. Moyeedy Alice,0,6.17940006386125,1,1,1,1001,1,1001,0,0,0
140951319,TRP / Sund 6th Mar,A5 450m,06-03-2018 16:27,14873514,3. Autumn Epona,0,6.142936936222686,1,1,1,1001,1,1001,0,0,0
140950176,TRP / Nott 6th Mar,A4 500m,06-03-2018 13:19,15062863,6. Slaneyside Nancy,0,5.6,1,1,1,1001,1,1001,0,0,0
140941283,NZL / AsPk (NZL) 6th Mar,R12 457m C1,06-03-2018 02:19,15206022,1. Cosmic Stu,0,,1,8.91935483870967741935483870967741935484,1,1001,1,1001,34.72,0,0
140950381,SIS / Hove 6th Mar,A7 515m,06-03-2018 16:29,15481800,6. Misterin Zippy,0,8.108387922695371,1,1,1,1001,1,1001,0,0,0
140941143,AUS / Town (AUS) 6th Mar,R8 498m Final,06-03-2018 11:12,15905735,8. Groovy Sweet,0,76.3567627517794,1,1,1,1001,1,1001,0,0,0
140941273,NZL / AsPk (NZL) 6th Mar,R7 630m C2,06-03-2018 00:53,15933714,10. Daves Pick,0,,1,50.0555555555555555555555555555555555556,1,1001,1,1001,1.08,0,0
140941249,AUS / Lism (AUS) 6th Mar,R10 420m Gr5,06-03-2018 10:45,16688955,5. Miss Gambler,0,3.23046509427295,1,2.72794453043468064398869619258685991018,1,1001,1,1001,6822.48,0,0
140941351,AUS / Cran (AUS) 6th Mar,R8 520m Gr5,06-03-2018 10:08,16448773,8. Loaded,0,5.923427581,1,4.4632830361225422953818015546410608139,1,1001,1,1001,1312.2,0,0
140951902,SIS / CPark 6th Mar,A1 480m,06-03-2018 13:08,16475501,1. King I Am,1,3.1,1,1,1,1001,1,1001,0,0,0
140941292,AUS / Gawl (AUS) 6th Mar,R2 400m Heat,06-03-2018 01:38,16806626,7. Aztec Viper,0,5.105168767767028,1,4.31206700276467718328183444462514229956,1,1001,1,1001,368.94,0,0
140941239,AUS / Warr (AUS) 6th Mar,R4 450m Gr7,06-03-2018 04:58,16892116,6. Shamrock Valley,0,3.85,1,3.82950165029949879792999470274234953751,1,1001,1,1001,1963.28,0,0
140941045,AUS / Town (AUS) 6th Mar,R3 380m Nvce,06-03-2018 09:35,16892462,3. Oh My Blonde,0,109.82084365628393,1,43.7401664145234493192133131618759455371,1,1001,1,1001,52.88,0,0
140950373,SIS / Hove 6th Mar,A4 515m,06-03-2018 15:11,17304890,4. Droopys Tim,1,3.162964535688225,1,1,1,1001,1,1001,0,0,0
140950387,SIS / Hove 6th Mar,A8 515m,06-03-2018 17:28,17124025,2. Comeonyouspurs,0,2.5531147715661784,1,1,1,1001,1,1001,0,0,0
140950463,TRP / Kinsl (F/C) 6th Mar,Forecast,06-03-2018 13:58,17002630,1 - 3,0,,1,1,1,1001,1,1001,0,0,0
140951382,SIS / Monm (F/C) 6th Mar,Forecast,06-03-2018 15:19,17002631,1 - 4,0,,1,1,1,1001,1,1001,0,0,0
140950461,TRP / Kinsl (F/C) 6th Mar,Forecast,06-03-2018 13:27,17002631,1 - 4,0,,1,1,1,1001,1,1001,0,0,0
140951998,SIS / CPark (F/C) 6th Mar,Forecast,06-03-2018 12:24,17002632,1 - 6,0,,1,1,1,1001,1,1001,0,0,0
140954333,RPGTV / Poole (F/C) 6th Mar,Forecast,06-03-2018 19:06,17002632,1 - 6,0,,1,1,1,1001,1,1001,0,0,0
140951381,SIS / Monm (F/C) 6th Mar,Forecast,06-03-2018 15:02,17002632,1 - 6,0,,1,1,1,1001,1,1001,0,0,0
140952869,SIS / Crayfd (F/C) 6th Mar,Forecast,06-03-2018 13:16,17002633,2 - 1,0,,1,1,1,1001,1,1001,0,0,0
140954341,RPGTV / Poole (F/C) 6th Mar,Forecast,06-03-2018 21:07,17002633,2 - 1,0,,1,1,1,1001,1,1001,0,0,0
140950197,TRP / Nott (F/C) 6th Mar,Forecast,06-03-2018 11:48,17002635,2 - 3,0,,1,1,1,1001,1,1001,0,0,0
140953553,SIS / Crayfd (F/C) 6th Mar,Forecast,06-03-2018 18:49,17002636,2 - 4,0,,1,1,1,1001,1,1001,0,0,0
140952869,SIS / Crayfd (F/C) 6th Mar,Forecast,06-03-2018 13:16,17002637,2 - 5,0,,1,1,1,1001,1,1001,0,0,0
140952868,SIS / Crayfd (F/C) 6th Mar,Forecast,06-03-2018 13:01,17002637,2 - 5,0,,1,1,1,1001,1,1001,0,0,0
140953342,SIS / Henl (F/C) 6th Mar,Forecast,06-03-2018 20:06,17002639,2 - 6,0,,1,1,1,1001,1,1001,0,0,0
140951997,SIS / CPark (F/C) 6th Mar,Forecast,06-03-2018 12:09,17002639,2 - 6,0,,1,1,1,1001,1,1001,0,0,0
140950421,SIS / Hove (F/C) 6th Mar,Forecast,06-03-2018 17:44,17002639,2 - 6,0,,1,1,1,1001,1,1001,0,0,0
140953559,SIS / Crayfd (F/C) 6th Mar,Forecast,06-03-2018 20:26,17002675,3 - 2,0,,1,1,1,1001,1,1001,0,0,0
140952000,SIS / CPark (F/C) 6th Mar,Forecast,06-03-2018 12:54,17002675,3 - 2,0,,1,1,1,1001,1,1001,0,0,0
140953342,SIS / Henl (F/C) 6th Mar,Forecast,06-03-2018 20:06,17002675,3 - 2,0,,1,1,1,1001,1,1001,0,0,0
140950419,SIS / Hove (F/C) 6th Mar,Forecast,06-03-2018 17:08,17002677,3 - 4,0,,1,1,1,1001,1,1001,0,0,0
140951302,RPGTV / Sheff (F/C) 6th Mar,Forecast,06-03-2018 21:14,17002679,3 - 6,0,,1,1,1,1001,1,1001,0,0,0
140951345,TRP / Sund (F/C) 6th Mar,Forecast,06-03-2018 17:38,17002679,3 - 6,0,,1,1,1,1001,1,1001,0,0,0
140953562,SIS / Crayfd (F/C) 6th Mar,Forecast,06-03-2018 21:16,17002680,4 - 1,0,,1,1,1,1001,1,1001,0,0,0
140951386,SIS / Monm (F/C) 6th Mar,Forecast,06-03-2018 16:39,17002680,4 - 1,0,,1,1,1,1001,1,1001,0,0,0
140951339,TRP / Sund (F/C) 6th Mar,Forecast,06-03-2018 15:48,17002680,4 - 1,0,,1,1,1,1001,1,1001,0,0,0
140950452,TRP / Kinsl (F/C) 6th Mar,Forecast,06-03-2018 11:11,17002683,4 - 2,0,,1,1,1,1001,1,1001,0,0,0
140951390,SIS / Monm (F/C) 6th Mar,Forecast,06-03-2018 17:54,17002683,4 - 2,0,,1,1,1,1001,1,1001,0,0,0
140950417,SIS / Hove (F/C) 6th Mar,Forecast,06-03-2018 16:29,17002684,4 - 3,0,,1,1,1,1001,1,1001,0,0,0
140951379,SIS / Monm (F/C) 6th Mar,Forecast,06-03-2018 14:22,17002686,4 - 5,0,,1,1,1,1001,1,1001,0,0,0
140952001,SIS / CPark (F/C) 6th Mar,Forecast,06-03-2018 13:08,17002686,4 - 5,0,,1,1,1,1001,1,1001,0,0,0
140954341,RPGTV / Poole (F/C) 6th Mar,Forecast,06-03-2018 21:07,17002687,4 - 6,0,,1,1,1,1001,1,1001,0,0,0
140953343,SIS / Henl (F/C) 6th Mar,Forecast,06-03-2018 20:21,17002688,5 - 1,1,,1,1,1,1001,1,1001,0,0,0
140953337,SIS / Henl (F/C) 6th Mar,Forecast,06-03-2018 18:44,17002688,5 - 1,0,,1,1,1,1001,1,1001,0,0,0
140950417,SIS / Hove (F/C) 6th Mar,Forecast,06-03-2018 16:29,17002689,5 - 2,0,,1,1,1,1001,1,1001,0,0,0
140954332,RPGTV / Poole (F/C) 6th Mar,Forecast,06-03-2018 18:48,17002689,5 - 2,0,,1,1,1,1001,1,1001,0,0,0
140950460,TRP / Kinsl (F/C) 6th Mar,Forecast,06-03-2018 13:12,17002690,5 - 3,0,,1,1,1,1001,1,1001,0,0,0
140951999,SIS / CPark (F/C) 6th Mar,Forecast,06-03-2018 12:39,17002694,6 - 2,0,,1,1,1,1001,1,1001,0,0,0
140950417,SIS / Hove (F/C) 6th Mar,Forecast,06-03-2018 16:29,17002695,6 - 3,0,,1,1,1,1001,1,1001,0,0,0
140953561,SIS / Crayfd (F/C) 6th Mar,Forecast,06-03-2018 20:58,17002695,6 - 3,0,,1,1,1,1001,1,1001,0,0,0
140951388,SIS / Monm (F/C) 6th Mar,Forecast,06-03-2018 17:18,17002695,6 - 3,0,,1,1,1,1001,1,1001,0,0,0
140950410,SIS / Hove (F/C) 6th Mar,Forecast,06-03-2018 14:12,17002695,6 - 3,0,,1,1,1,1001,1,1001,0,0,0
140952004,SIS / CPark (F/C) 6th Mar,Forecast,06-03-2018 13:57,17002695,6 - 3,0,,1,1,1,1001,1,1001,0,0,0
140953345,SIS / Henl (F/C) 6th Mar,Forecast,06-03-2018 20:53,17002696,6 - 4,0,,1,1,1,1001,1,1001,0,0,0
140951344,TRP / Sund (F/C) 6th Mar,Forecast,06-03-2018 17:22,17002696,6 - 4,0,,1,1,1,1001,1,1001,0,0,0
140950204,TRP / Nott (F/C) 6th Mar,Forecast,06-03-2018 13:33,17002697,6 - 5,0,,1,1,1,1001,1,1001,0,0,0
140953555,SIS / Crayfd (F/C) 6th Mar,Forecast,06-03-2018 19:23,17002697,6 - 5,0,,1,1,1,1001,1,1001,0,0,0
140950415,SIS / Hove (F/C) 6th Mar,Forecast,06-03-2018 15:49,17002568,1 - 2,0,,1,1,1,1001,1,1001,0,0,0
140953339,SIS / Henl (F/C) 6th Mar,Forecast,06-03-2018 19:17,17002568,1 - 2,0,,1,1,1,1001,1,1001,0,0,0
140953338,SIS / Henl (F/C) 6th Mar,Forecast,06-03-2018 19:02,17002568,1 - 2,0,,1,1,1,1001,1,1001,0,0,0
140941327,AUS / Geel (AUS) 6th Mar,R5 460m Mdn,06-03-2018 06:14,17508333,5. Pandoras Proof,0,17.5,1,15.0549053266749895963379109446525176862,1,1001,1,1001,384.48,0,0
140950162,TRP / Nott 6th Mar,A1 500m,06-03-2018 11:34,17500416,4. Hollygate Best,1,2.9914273571642838,1,1,1,1001,1,1001,0,0,0
140941397,NZL / Addi (NZL) 6th mar,R8 295m C1,06-03-2018 03:24,17508054,2. Shoe Fly,0,,1,2.57221823917407513622024663034126756524,1,1001,1,1001,139.48,0,0
140951296,RPGTV / Sheff (F/C) 6th Mar,Forecast,06-03-2018 19:42,6953192,1 - 5,0,,1,1,1,1001,1,1001,0,0,0
140951998,SIS / CPark (F/C) 6th Mar,Forecast,06-03-2018 12:24,6953192,1 - 5,0,,1,1,1,1001,1,1001,0,0,0
140953344,SIS / Henl (F/C) 6th Mar,Forecast,06-03-2018 20:37,6953192,1 - 5,0,,1,1,1,1001,1,1001,0,0,0
140941381,AUS / Mand (AUS) 6th Mar,R11 405m Final,06-03-2018 13:24,10565080,8. Attilius,0,6.35056060682633,1,1,1,1001,1,1001,0,0,0
140953438,SIS / Crayfd 6th Mar,A7 380m,06-03-2018 19:07,10754738,1. Newlawn Sandra,0,5.356358214720386,1,1,1,1001,1,1001,0,0,0
140953690,RPGTV / Poole 6th Mar,A5 450m,06-03-2018 21:22,10793832,6. Sunville Pearl,0,18,1,1,1,1001,1,1001,0,0,0
140950435,TRP / Kinsl 6th Mar,A7 462m,06-03-2018 12:27,11019960,6. Battyford Maisie,0,5.1,1,1,1,1001,1,1001,0,0,0
140950158,TRP / Nott 6th Mar,A4 500m,06-03-2018 11:03,11046946,3. Townside Fire,0,3.8,1,3.05879604774506403647553120897254991393,1,1001,1,1001,4.42,0,0
140941335,AUS / Geel (AUS) 6th Mar,R9 400m Mdn,06-03-2018 07:34,11648884,8. Her Hope Chapta,0,65,1,22.4233576642335766423357664233576642336,1,1001,1,1001,27.4,0,0
140951313,TRP / Sund 6th Mar,HC 261m,06-03-2018 15:28,11940130,6. Market Decision,0,5.1,1,1,1,1001,1,1001,0,0,0
140941369,AUS / Mand (AUS) 6th Mar,R5 405m Gr4/5,06-03-2018 11:23,12413650,6. Brock Tonic,0,19.5,1,1,1,1001,1,1001,0,0,0
140950377,SIS / Hove 6th Mar,A6 515m,06-03-2018 15:49,12829913,6. Candolim Sunset,0,6.380952038854595,1,1,1,1001,1,1001,0,0,0
140951281,RPGTV / Sheff 6th Mar,OR 660m,06-03-2018 20:43,12849733,5. Worsboro Zebo,0,70.31905994933858,1,1,1,1001,1,1001,0,0,0
140951279,RPGTV / Sheff 6th Mar,OR 660m,06-03-2018 20:28,12894761,1. Minnies Highway,0,4.6,1,1,1,1001,1,1001,0,0,0
140941148,AUS / Town (AUS) 6th Mar,R10 380m Heat,06-03-2018 11:52,12980325,3. No Not Me,0,35.822135644,1,1,1,1001,1,1001,0,0,0
140953446,SIS / Crayfd 6th Mar,A7 380m,06-03-2018 20:11,12914708,4. Cromac Terror,0,6.270029221,1,1,1,1001,1,1001,0,0,0
140941393,NZL / Addi (NZL) 6th mar,R6 295m C1,06-03-2018 02:49,12953745,4. Just James,0,,1,15.3138297872340425531914893617021276596,1,1001,1,1001,9.4,0,0
140951283,RPGTV / Sheff 6th Mar,OR 660m,06-03-2018 20:58,13211718,2. Bandicoot Pippy,0,21,1,1,1,1001,1,1001,0,0,0
140941347,AUS / Cran (AUS) 6th Mar,R7 311m Final,06-03-2018 09:48,13488066,6. Parish Power,0,40.98597607247531,1,28.3993209177898960798436053091881880852,1,1001,1,1001,388.76,0,0
140950383,SIS / Hove 6th Mar,D1 285m,06-03-2018 16:48,14088306,3. Punkrock Rambo,0,5.7,1,1,1,1001,1,1001,0,0,0
141000121,Match Bets / Sheff (AvB) 6th Mar,Swift Hansel v Huarache Madison,06-03-2018 20:43,14611236,1. Swift Hansel,0,,1,1,1,1001,1,1001,0,0,0
140953676,RPGTV / Poole 6th Mar,A5 450m,06-03-2018 19:37,14926974,6. Shale Schippers,0,20.425411931,1,1,1,1001,1,1001,0,0,0
140941255,AUS / Warr (AUS) 6th Mar,R10 450m Gr5,06-03-2018 07:01,15027517,8. Chatty Garry,0,3.8,1,2.9887760161569253467813131129896358645,1,1001,1,1001,3307.56,0,0
140953018,SIS / Henl 6th Mar,A4 460m,06-03-2018 20:06,15826617,1. Queenie,0,12,1,1,1,1001,1,1001,0,0,0
140941327,AUS / Geel (AUS) 6th Mar,R5 460m Mdn,06-03-2018 06:14,15997407,1. Redhead Chez,0,2.366345138523757,1,2.22507044061836287037359423418404651649,1,1001,1,1001,9190.72,0,0
140941269,NZL / AsPk (NZL) 6th Mar,R5 457m C3/4,06-03-2018 00:18,16155624,5. Valyrian Steel,0,,1,22.4101538461538461538461538461538461539,1,1001,1,1001,32.5,0,0
140941205,AUS / Mait (AUS) 6th Mar,R5 450m Gr5,06-03-2018 09:18,16234624,8. Big Rainbow,0,152.9361333006222,1,80.6458006279434850863422291993720565149,1,1001,1,1001,101.92,0,0
140941403,NZL / Addi (NZL) 6th mar,R11 520m C1,06-03-2018 04:17,16708041,4. Go Bliss,0,,1,20.2985781990521327014218009478672985782,1,1001,1,1001,4.22,0,0
140941167,AUS / Devn (AUS) 6th Mar,R5 580m Gr5,06-03-2018 03:04,16468151,9. Cool Dude Luke,0,47.957640832327314,1,46.0486877606082904096149129261712043169,1,1001,1,1001,163.08,0,0
140950381,SIS / Hove 6th Mar,A7 515m,06-03-2018 16:29,16801151,3. Deep Space Nine,0,4.3047765296330915,1,1,1,1001,1,1001,0,0,0
140941157,AUS / Devn (AUS) 6th Mar,R3 452m Gr5,06-03-2018 02:27,16919508,3. Dooper,1,2.0604069682331554,1,1.86103339433813649631654542927303896585,1,1001,1,1001,6906.56,0,0
140950204,TRP / Nott (F/C) 6th Mar,Forecast,06-03-2018 13:33,17002741,5 - 6,0,,1,1,1,1001,1,1001,0,0,0
140950461,TRP / Kinsl (F/C) 6th Mar,Forecast,06-03-2018 13:27,17002741,5 - 6,0,,1,1,1,1001,1,1001,0,0,0
140954333,RPGTV / Poole (F/C) 6th Mar,Forecast,06-03-2018 19:06,17002741,5 - 6,0,,1,1,1,1001,1,1001,0,0,0
140951294,RPGTV / Sheff (F/C) 6th Mar,Forecast,06-03-2018 19:11,17002631,1 - 4,0,,1,1,1,1001,1,1001,0,0,0
140951291,RPGTV / Sheff (F/C) 6th Mar,Forecast,06-03-2018 18:22,17002631,1 - 4,0,,1,1,1,1001,1,1001,0,0,0
140951385,SIS / Monm (F/C) 6th Mar,Forecast,06-03-2018 16:19,17002632,1 - 6,0,,1,1,1,1001,1,1001,0,0,0
140953338,SIS / Henl (F/C) 6th Mar,Forecast,06-03-2018 19:02,17002633,2 - 1,0,,1,1,1,1001,1,1001,0,0,0
140953341,SIS / Henl (F/C) 6th Mar,Forecast,06-03-2018 19:49,17002633,2 - 1,0,,1,1,1,1001,1,1001,0,0,0
140951381,SIS / Monm (F/C) 6th Mar,Forecast,06-03-2018 15:02,17002633,2 - 1,0,,1,1,1,1001,1,1001,0,0,0
140950416,SIS / Hove (F/C) 6th Mar,Forecast,06-03-2018 16:09,17002635,2 - 3,0,,1,1,1,1001,1,1001,0,0,0
140951344,TRP / Sund (F/C) 6th Mar,Forecast,06-03-2018 17:22,17002635,2 - 3,0,,1,1,1,1001,1,1001,0,0,0
140953557,SIS / Crayfd (F/C) 6th Mar,Forecast,06-03-2018 19:54,17002636,2 - 4,0,,1,1,1,1001,1,1001,0,0,0
140951386,SIS / Monm (F/C) 6th Mar,Forecast,06-03-2018 16:39,17002637,2 - 5,0,,1,1,1,1001,1,1001,0,0,0
140951998,SIS / CPark (F/C) 6th Mar,Forecast,06-03-2018 12:24,17002637,2 - 5,0,,1,1,1,1001,1,1001,0,0,0
140951303,RPGTV / Sheff (F/C) 6th Mar,Forecast,06-03-2018 21:32,17002674,3 - 1,0,,1,1,1,1001,1,1001,0,0,0
140953339,SIS / Henl (F/C) 6th Mar,Forecast,06-03-2018 19:17,17002675,3 - 2,0,,1,1,1,1001,1,1001,0,0,0
140950418,SIS / Hove (F/C) 6th Mar,Forecast,06-03-2018 16:48,17002675,3 - 2,0,,1,1,1,1001,1,1001,0,0,0
140950195,TRP / Nott (F/C) 6th Mar,Forecast,06-03-2018 11:19,17002677,3 - 4,0,,1,1,1,1001,1,1001,0,0,0
140954338,RPGTV / Poole (F/C) 6th Mar,Forecast,06-03-2018 20:22,17002677,3 - 4,0,,1,1,1,1001,1,1001,0,0,0
140950423,SIS / Hove (F/C) 6th Mar,Forecast,06-03-2018 18:19,17002677,3 - 4,0,,1,1,1,1001,1,1001,0,0,0
140953557,SIS / Crayfd (F/C) 6th Mar,Forecast,06-03-2018 19:54,17002677,3 - 4,0,,1,1,1,1001,1,1001,0,0,0
140951340,TRP / Sund (F/C) 6th Mar,Forecast,06-03-2018 16:08,17002678,3 - 5,0,,1,1,1,1001,1,1001,0,0,0
140952866,SIS / Crayfd (F/C) 6th Mar,Forecast,06-03-2018 12:31,17002679,3 - 6,0,,1,1,1,1001,1,1001,0,0,0
140952870,SIS / Crayfd (F/C) 6th Mar,Forecast,06-03-2018 13:31,17002680,4 - 1,0,,1,1,1,1001,1,1001,0,0,0
140951346,TRP / Sund (F/C) 6th Mar,Forecast,06-03-2018 17:56,17002680,4 - 1,0,,1,1,1,1001,1,1001,0,0,0
140953340,SIS / Henl (F/C) 6th Mar,Forecast,06-03-2018 19:33,17002683,4 - 2,0,,1,1,1,1001,1,1001,0,0,0
140953556,SIS / Crayfd (F/C) 6th Mar,Forecast,06-03-2018 19:38,17002684,4 - 3,0,,1,1,1,1001,1,1001,0,0,0
140950458,TRP / Kinsl (F/C) 6th Mar,Forecast,06-03-2018 12:42,17002684,4 - 3,0,,1,1,1,1001,1,1001,0,0,0
140952001,SIS / CPark (F/C) 6th Mar,Forecast,06-03-2018 13:08,17002684,4 - 3,0,,1,1,1,1001,1,1001,0,0,0
140951300,RPGTV / Sheff (F/C) 6th Mar,Forecast,06-03-2018 20:43,17002686,4 - 5,0,,1,1,1,1001,1,1001,0,0,0
140953346,SIS / Henl (F/C) 6th Mar,Forecast,06-03-2018 21:08,17002686,4 - 5,0,,1,1,1,1001,1,1001,0,0,0
140953339,SIS / Henl (F/C) 6th Mar,Forecast,06-03-2018 19:17,17002686,4 - 5,0,,1,1,1,1001,1,1001,0,0,0
140954331,RPGTV / Poole (F/C) 6th Mar,Forecast,06-03-2018 18:28,17002687,4 - 6,0,,1,1,1,1001,1,1001,0,0,0
140954333,RPGTV / Poole (F/C) 6th Mar,Forecast,06-03-2018 19:06,17002687,4 - 6,0,,1,1,1,1001,1,1001,0,0,0
140952004,SIS / CPark (F/C) 6th Mar,Forecast,06-03-2018 13:57,17002687,4 - 6,1,,1,1,1,1001,1,1001,0,0,0
140951994,SIS / CPark (F/C) 6th Mar,Forecast,06-03-2018 11:24,17002689,5 - 2,0,,1,1,1,1001,1,1001,0,0,0
140950201,TRP / Nott (F/C) 6th Mar,Forecast,06-03-2018 12:47,17002689,5 - 2,0,,1,1,1,1001,1,1001,0,0,0
140953346,SIS / Henl (F/C) 6th Mar,Forecast,06-03-2018 21:08,17002689,5 - 2,0,,1,1,1,1001,1,1001,0,0,0
140951339,TRP / Sund (F/C) 6th Mar,Forecast,06-03-2018 15:48,17002689,5 - 2,0,,1,1,1,1001,1,1001,0,0,0
140952002,SIS / CPark (F/C) 6th Mar,Forecast,06-03-2018 13:22,17002689,5 - 2,0,,1,1,1,1001,1,1001,0,0,0
140950200,TRP / Nott (F/C) 6th Mar,Forecast,06-03-2018 12:32,17002690,5 - 3,0,,1,1,1,1001,1,1001,0,0,0
140950196,TRP / Nott (F/C) 6th Mar,Forecast,06-03-2018 11:34,17002690,5 - 3,0,,1,1,1,1001,1,1001,0,0,0
140952863,SIS / Crayfd (F/C) 6th Mar,Forecast,06-03-2018 11:46,17002690,5 - 3,0,,1,1,1,1001,1,1001,0,0,0
140953554,SIS / Crayfd (F/C) 6th Mar,Forecast,06-03-2018 19:07,17002691,5 - 4,0,,1,1,1,1001,1,1001,0,0,0
140953343,SIS / Henl (F/C) 6th Mar,Forecast,06-03-2018 20:21,17002691,5 - 4,0,,1,1,1,1001,1,1001,0,0,0
140951344,TRP / Sund (F/C) 6th Mar,Forecast,06-03-2018 17:22,17002691,5 - 4,0,,1,1,1,1001,1,1001,0,0,0
140951334,TRP / Sund (F/C) 6th Mar,Forecast,06-03-2018 14:08,17002691,5 - 4,0,,1,1,1,1001,1,1001,0,0,0
140951999,SIS / CPark (F/C) 6th Mar,Forecast,06-03-2018 12:39,17002693,6 - 1,1,,1,1,1,1001,1,1001,0,0,0
140952867,SIS / Crayfd (F/C) 6th Mar,Forecast,06-03-2018 12:46,17002694,6 - 2,0,,1,1,1,1001,1,1001,0,0,0
140952868,SIS / Crayfd (F/C) 6th Mar,Forecast,06-03-2018 13:01,17002695,6 - 3,0,,1,1,1,1001,1,1001,0,0,0
140950415,SIS / Hove (F/C) 6th Mar,Forecast,06-03-2018 15:49,17002695,6 - 3,0,,1,1,1,1001,1,1001,0,0,0
140951343,TRP / Sund (F/C) 6th Mar,Forecast,06-03-2018 17:07,17002695,6 - 3,0,,1,1,1,1001,1,1001,0,0,0
140950421,SIS / Hove (F/C) 6th Mar,Forecast,06-03-2018 17:44,17002695,6 - 3,0,,1,1,1,1001,1,1001,0,0,0
140953337,SIS / Henl (F/C) 6th Mar,Forecast,06-03-2018 18:44,17002697,6 - 5,0,,1,1,1,1001,1,1001,0,0,0
140953552,SIS / Crayfd (F/C) 6th Mar,Forecast,06-03-2018 18:33,17002568,1 - 2,0,,1,1,1,1001,1,1001,0,0,0
140941367,AUS / Mand (AUS) 6th Mar,R4 405m Heat,06-03-2018 11:05,17509899,7. Quids In,1,2.052507081119911,1,1.89859197848036465374127362738908263357,1,1001,1,1001,18.38,0,0
140941327,AUS / Geel (AUS) 6th Mar,R5 460m Mdn,06-03-2018 06:14,17508332,4. Final Punch,0,15.5,1,12.9176804922730048381793414439381840387,1,1001,1,1001,425.78,0,0
140941289,AUS / Gawl (AUS) 6th Mar,R1 400m Heat,06-03-2018 01:14,17508092,7. Grand Chaos,0,2.88,1,3.20820144982830980541777947348340328119,1,1001,1,1001,262.1,0,0
140941316,AUS / Cran (AUS) 6th Mar,R3 311m Heat,06-03-2018 08:28,17508465,6. Aston Jabari,0,5.474751227,1,4.61043050620526288686338122457387095113,1,1001,1,1001,776.76,0,0
140941316,AUS / Cran (AUS) 6th Mar,R3 311m Heat,06-03-2018 08:28,17508466,7. Blue Irish,1,6.5569380697770985,1,5.1422130398215526383149888470398946868,1,1001,1,1001,546.94,0,0
140941219,AUS / Lism (AUS) 6th Mar,R1 420m Mdn,06-03-2018 07:40,17508489,7. Combal Zero,0,53.818205682,1,29.1676082862523540489642184557438794727,1,1001,1,1001,53.1,0,0
140951542,Greyhound Racing / Trap Challenge,Monm & Hove Trap Challenge,06-03-2018 14:06,5859,Trap 3,0,,4.00817238207857049008014715543292602812,3.99999999499866631935405054788935291429,4,4,1,1001,599.84,761.1,0
140951265,RPGTV / Sheff 6th Mar,OR 660m,06-03-2018 18:38,3944202,6. Simple As That,0,4.5,1,1,1,1001,1,1001,0,0,0
140954337,RPGTV / Poole (F/C) 6th Mar,Forecast,06-03-2018 20:07,6953192,1 - 5,0,,1,1,1,1001,1,1001,0,0,0
140950454,TRP / Kinsl (F/C) 6th Mar,Forecast,06-03-2018 11:42,6953192,1 - 5,0,,1,1,1,1001,1,1001,0,0,0
140941241,AUS / Warr (AUS) 6th Mar,R5 450m Gr5,06-03-2018 05:19,11537802,8. Media Street,0,55,1,49.4497157071783937455579246624022743426,1,1001,1,1001,112.56,0,0
140951317,TRP / Sund 6th Mar,A3 450m,06-03-2018 16:08,11829597,2. Awesome Harry,0,3.9,1,1,1,1001,1,1001,0,0,0
140941255,AUS / Warr (AUS) 6th Mar,R10 450m Gr5,06-03-2018 07:01,12425891,3. Lucks Run Out,0,3.528975490663141,1,3.90236309255346927148859401334061290859,1,1001,1,1001,10953.02,0,0
140941259,AUS / Warr (AUS) 6th Mar,R12 450m Gr5,06-03-2018 07:37,12374307,3. Carry On Elvis,0,19.088266846500332,1,16.2217167149059334298118668596237337193,1,1001,1,1001,442.24,0,0
140941245,AUS / Lism (AUS) 6th Mar,R9 420m N/G,06-03-2018 10:25,12714242,1. Kooringa Theo,0,7.589705104646274,1,6.72858729677875391295566999899020498839,1,1001,1,1001,792.24,0,0
140941389,NZL / Addi (NZL) 6th mar,R4 295m C1,06-03-2018 02:09,12851943,5. Goldstar Linkin,0,,1,7.61022696199070276182663385288487831556,1,1001,1,1001,73.14,0,0
140941213,AUS / Mait (AUS) 6th Mar,R9 400m Gr5,06-03-2018 10:38,12784847,6. Wolf Is Back,0,21.148886891519354,1,9.3931915970640344216654011642622120982,1,1001,1,1001,79.02,0,0
140951355,SIS / Monm 6th Mar,S2 630m,06-03-2018 15:02,13068374,2. Staff Rebel,0,8.221553827314272,1,1,1,1001,1,1001,0,0,0
140941373,AUS / Mand (AUS) 6th Mar,R7 405m Gr5,06-03-2018 12:02,13262894,3. Ideal Grace,1,8.383074011346325,1,1,1,1001,1,1001,0,0,0
140941393,NZL / Addi (NZL) 6th mar,R6 295m C1,06-03-2018 02:49,13379215,5. Belfast Delanie,0,,1,14.2824675324675324675324675324675324675,1,1001,1,1001,3.08,0,0
140941271,NZL / AsPk (NZL) 6th Mar,R6 457m C0,06-03-2018 00:35,13476750,7. Glass Harpoon,0,,1,31.2786885245901639344262295081967213115,1,1001,1,1001,2.44,0,0
140950375,SIS / Hove 6th Mar,A2 515m,06-03-2018 15:29,13499352,3. Oneco Go,0,6.6,1,1,1,1001,1,1001,0,0,0
140953690,RPGTV / Poole 6th Mar,A5 450m,06-03-2018 21:22,13635505,2. Galley Bullet,0,12.5,1,1,1,1001,1,1001,0,0,0
140941403,NZL / Addi (NZL) 6th mar,R11 520m C1,06-03-2018 04:17,14157415,2. Promise To Keep,1,,1,7.82151497695852534562211981566820276498,1,1001,1,1001,69.44,0,0
140941347,AUS / Cran (AUS) 6th Mar,R7 311m Final,06-03-2018 09:48,14553741,4. Riverina Miss,0,262.0898322744109,1,121.275322283609576427255985267034990792,1,1001,1,1001,65.16,0,0
140941316,AUS / Cran (AUS) 6th Mar,R3 311m Heat,06-03-2018 08:28,15070977,4. Good One Carl,0,17.369380616573608,1,13.3540506401791353275535396451742550382,1,1001,1,1001,348.34,0,0
140951269,RPGTV / Sheff 6th Mar,OR 480m,06-03-2018 19:11,15666214,3. Kingdom Deere,0,4.8,1,1,1,1001,1,1001,0,0,0
140941287,AUS / Warr (AUS) 6th Mar,R9 390m Rest,06-03-2018 06:42,15722957,6. Winlock Casper,0,7.2,1,6.30396466226951037504212604111501612826,1,1001,1,1001,830.84,0,0
140941233,AUS / Lism (AUS) 6th Mar,R7 420m Gr5,06-03-2018 09:45,15983537,3. Ace Gambler,0,6.034600994370411,1,5.08382228024213378159675962767907438371,1,1001,1,1001,2236.78,0,0
140953444,SIS / Crayfd 6th Mar,OR 540m,06-03-2018 19:54,16649346,2. Snowdon Archie,1,3.55,1,1,1,1001,1,1001,0,0,0
140952862,SIS / Crayfd (F/C) 6th Mar,Forecast,06-03-2018 11:31,17002741,5 - 6,0,,1,1,1,1001,1,1001,0,0,0
140951996,SIS / CPark (F/C) 6th Mar,Forecast,06-03-2018 11:54,17002741,5 - 6,0,,1,1,1,1001,1,1001,0,0,0
140950417,SIS / Hove (F/C) 6th Mar,Forecast,06-03-2018 16:29,17002741,5 - 6,0,,1,1,1,1001,1,1001,0,0,0
140952861,SIS / Crayfd (F/C) 6th Mar,Forecast,06-03-2018 11:16,17002630,1 - 3,0,,1,1,1,1001,1,1001,0,0,0
140951387,SIS / Monm (F/C) 6th Mar,Forecast,06-03-2018 16:58,17002630,1 - 3,0,,1,1,1,1001,1,1001,0,0,0
140953343,SIS / Henl (F/C) 6th Mar,Forecast,06-03-2018 20:21,17002631,1 - 4,0,,1,1,1,1001,1,1001,0,0,0
140952867,SIS / Crayfd (F/C) 6th Mar,Forecast,06-03-2018 12:46,17002632,1 - 6,0,,1,1,1,1001,1,1001,0,0,0
140950418,SIS / Hove (F/C) 6th Mar,Forecast,06-03-2018 16:48,17002632,1 - 6,0,,1,1,1,1001,1,1001,0,0,0
140951304,RPGTV / Sheff (F/C) 6th Mar,Forecast,06-03-2018 21:50,17002633,2 - 1,0,,1,1,1,1001,1,1001,0,0,0
140951384,SIS / Monm (F/C) 6th Mar,Forecast,06-03-2018 15:59,17002633,2 - 1,0,,1,1,1,1001,1,1001,0,0,0
140950453,TRP / Kinsl (F/C) 6th Mar,Forecast,06-03-2018 11:28,17002633,2 - 1,0,,1,1,1,1001,1,1001,0,0,0
140951346,TRP / Sund (F/C) 6th Mar,Forecast,06-03-2018 17:56,17002633,2 - 1,0,,1,1,1,1001,1,1001,0,0,0
140951339,TRP / Sund (F/C) 6th Mar,Forecast,06-03-2018 15:48,17002633,2 - 1,1,,1,1,1,1001,1,1001,0,0,0
140953559,SIS / Crayfd (F/C) 6th Mar,Forecast,06-03-2018 20:26,17002635,2 - 3,0,,1,1,1,1001,1,1001,0,0,0
140951336,TRP / Sund (F/C) 6th Mar,Forecast,06-03-2018 14:47,17002635,2 - 3,0,,1,1,1,1001,1,1001,0,0,0
140950205,TRP / Nott (F/C) 6th Mar,Forecast,06-03-2018 13:51,17002635,2 - 3,0,,1,1,1,1001,1,1001,0,0,0
140951291,RPGTV / Sheff (F/C) 6th Mar,Forecast,06-03-2018 18:22,17002635,2 - 3,0,,1,1,1,1001,1,1001,0,0,0
140953552,SIS / Crayfd (F/C) 6th Mar,Forecast,06-03-2018 18:33,17002636,2 - 4,0,,1,1,1,1001,1,1001,0,0,0
140951384,SIS / Monm (F/C) 6th Mar,Forecast,06-03-2018 15:59,17002636,2 - 4,0,,1,1,1,1001,1,1001,0,0,0
140953561,SIS / Crayfd (F/C) 6th Mar,Forecast,06-03-2018 20:58,17002636,2 - 4,0,,1,1,1,1001,1,1001,0,0,0
140950453,TRP / Kinsl (F/C) 6th Mar,Forecast,06-03-2018 11:28,17002636,2 - 4,0,,1,1,1,1001,1,1001,0,0,0
140951388,SIS / Monm (F/C) 6th Mar,Forecast,06-03-2018 17:18,17002637,2 - 5,0,,1,1,1,1001,1,1001,0,0,0
140951341,TRP / Sund (F/C) 6th Mar,Forecast,06-03-2018 16:27,17002637,2 - 5,0,,1,1,1,1001,1,1001,0,0,0
140954333,RPGTV / Poole (F/C) 6th Mar,Forecast,06-03-2018 19:06,17002674,3 - 1,0,,1,1,1,1001,1,1001,0,0,0
140951344,TRP / Sund (F/C) 6th Mar,Forecast,06-03-2018 17:22,17002674,3 - 1,0,,1,1,1,1001,1,1001,0,0,0
140950458,TRP / Kinsl (F/C) 6th Mar,Forecast,06-03-2018 12:42,17002675,3 - 2,0,,1,1,1,1001,1,1001,0,0,0
140952869,SIS / Crayfd (F/C) 6th Mar,Forecast,06-03-2018 13:16,17002677,3 - 4,0,,1,1,1,1001,1,1001,0,0,0
140950421,SIS / Hove (F/C) 6th Mar,Forecast,06-03-2018 17:44,17002679,3 - 6,0,,1,1,1,1001,1,1001,0,0,0
140950195,TRP / Nott (F/C) 6th Mar,Forecast,06-03-2018 11:19,17002680,4 - 1,0,,1,1,1,1001,1,1001,0,0,0
140953557,SIS / Crayfd (F/C) 6th Mar,Forecast,06-03-2018 19:54,17002680,4 - 1,0,,1,1,1,1001,1,1001,0,0,0
140953554,SIS / Crayfd (F/C) 6th Mar,Forecast,06-03-2018 19:07,17002683,4 - 2,0,,1,1,1,1001,1,1001,0,0,0
140951388,SIS / Monm (F/C) 6th Mar,Forecast,06-03-2018 17:18,17002683,4 - 2,0,,1,1,1,1001,1,1001,0,0,0
140950200,TRP / Nott (F/C) 6th Mar,Forecast,06-03-2018 12:32,17002684,4 - 3,0,,1,1,1,1001,1,1001,0,0,0
140951301,RPGTV / Sheff (F/C) 6th Mar,Forecast,06-03-2018 20:58,17002684,4 - 3,0,,1,1,1,1001,1,1001,0,0,0
140951383,SIS / Monm (F/C) 6th Mar,Forecast,06-03-2018 15:39,17002684,4 - 3,0,,1,1,1,1001,1,1001,0,0,0
140950422,SIS / Hove (F/C) 6th Mar,Forecast,06-03-2018 18:02,17002686,4 - 5,0,,1,1,1,1001,1,1001,0,0,0
140951386,SIS / Monm (F/C) 6th Mar,Forecast,06-03-2018 16:39,17002686,4 - 5,0,,1,1,1,1001,1,1001,0,0,0
140952860,SIS / Crayfd (F/C) 6th Mar,Forecast,06-03-2018 11:01,17002688,5 - 1,0,,1,1,1,1001,1,1001,0,0,0
140950457,TRP / Kinsl (F/C) 6th Mar,Forecast,06-03-2018 12:27,17002690,5 - 3,0,,1,1,1,1001,1,1001,0,0,0
140952004,SIS / CPark (F/C) 6th Mar,Forecast,06-03-2018 13:57,17002690,5 - 3,0,,1,1,1,1001,1,1001,0,0,0
140951298,RPGTV / Sheff (F/C) 6th Mar,Forecast,06-03-2018 20:13,17002694,6 - 2,0,,1,1,1,1001,1,1001,0,0,0
140950195,TRP / Nott (F/C) 6th Mar,Forecast,06-03-2018 11:19,17002696,6 - 4,0,,1,1,1,1001,1,1001,0,0,0
140950453,TRP / Kinsl (F/C) 6th Mar,Forecast,06-03-2018 11:28,17002696,6 - 4,0,,1,1,1,1001,1,1001,0,0,0
140951385,SIS / Monm (F/C) 6th Mar,Forecast,06-03-2018 16:19,17002696,6 - 4,0,,1,1,1,1001,1,1001,0,0,0
140950201,TRP / Nott (F/C) 6th Mar,Forecast,06-03-2018 12:47,17002568,1 - 2,0,,1,1,1,1001,1,1001,0,0,0
140950412,SIS / Hove (F/C) 6th Mar,Forecast,06-03-2018 14:52,17002568,1 - 2,0,,1,1,1,1001,1,1001,0,0,0
140953561,SIS / Crayfd (F/C) 6th Mar,Forecast,06-03-2018 20:58,17002568,1 - 2,0,,1,1,1,1001,1,1001,0,0,0
140950203,TRP / Nott (F/C) 6th Mar,Forecast,06-03-2018 13:19,17002568,1 - 2,0,,1,1,1,1001,1,1001,0,0,0
140941312,AUS / Gawl (AUS) 6th Mar,R11 400m FFA,06-03-2018 04:37,17005804,7. Chucky Brown,0,2.776301473585481,1,2.27899694775270812137171584176192471123,1,1001,1,1001,2339.26,0,0
140941161,AUS / Ipsw (AUS) 6th Mar,R2 431m Heat,06-03-2018 05:12,17080729,7. Attila,0,6.2,1,5.716410279210385914991997154543837809,1,1001,1,1001,1349.52,0,0
140941363,AUS / Mand (AUS) 6th Mar,R2 405m Heat,06-03-2018 10:22,17509883,1. Rockhold,0,2.54,1,2.51916827063283756197142023913677456985,1,1001,1,1001,2743.2,0,0
140941197,AUS / Mait (AUS) 6th Mar,R1 400m Heat,06-03-2018 08:00,17508690,1. Kathlee,1,8.329294353,1,7.03771092962438090785571317954037430421,1,1001,1,1001,1368.94,0,0
140941199,AUS / Mait (AUS) 6th Mar,R2 400m Heat,06-03-2018 08:18,17508724,4. Mr Talladega,0,13.5,1,13.9143546952433394044643991698081240205,1,1001,1,1001,944.36,0,0
140941329,AUS / Geel (AUS) 6th Mar,R6 400m Gr7,06-03-2018 06:34,17452114,1. Blackpool Blast,1,5.212461478157022,1,4.16972072603851545783221426990334243341,1,1001,1,1001,1084.24,0,0
140951279,RPGTV / Sheff 6th Mar,OR 660m,06-03-2018 20:28,17405146,6. Eskes Jewel,0,3.539929737,1,1,1,1001,1,1001,0,0,0
140941235,AUS / Warr (AUS) 6th Mar,R3 390m Rest,06-03-2018 04:34,17508446,10. Hail A Cab,0,32.514921958,1,19.3237168735323716873532371687353237169,1,1001,1,1001,59.62,0,0
140941239,AUS / Warr (AUS) 6th Mar,R4 450m Gr7,06-03-2018 04:58,17508451,4. Glendan Lad,0,6.923705575805506,1,5.73552977953274103323461665021388614676,1,1001,1,1001,486.24,0,0
140941355,AUS / Cran (AUS) 6th Mar,R10 311m Heat,06-03-2018 10:48,17508480,3. Fiesty Girl,1,4.698335515242192,1,3.90781928520813271072187800933917182986,1,1001,1,1001,1100.74,0,0
140941155,AUS / Devn (AUS) 6th Mar,R2 452m Gr5,06-03-2018 02:06,17508171,9. Gran Amor,0,278.10142462268254,1,101.307427785419532324621733149931224209,1,1001,1,1001,29.08,0,0
140941223,AUS / Lism (AUS) 6th Mar,R3 420m Gr5,06-03-2018 08:25,17508596,6. Glenreagh Skud,0,6.255313583696262,1,5.00111205584892150720486888033652555267,1,1001,1,1001,893.84,0,0
140950429,TRP / Kinsl 6th Mar,A6 462m,06-03-2018 11:42,260788,4. Billy The Kid,0,9.2,1,1,1,1001,1,1001,0,0,0
140951295,RPGTV / Sheff (F/C) 6th Mar,Forecast,06-03-2018 19:26,6953192,1 - 5,0,,1,1,1,1001,1,1001,0,0,0
140951365,SIS / Monm 6th Mar,A4 480m,06-03-2018 16:39,11507079,2. Queen Linda,0,7.785645001,1,1,1,1001,1,1001,0,0,0
140941209,AUS / Mait (AUS) 6th Mar,R7 400m Gr4/5,06-03-2018 09:58,11988682,8. Pas Girl,1,12.5,1,9.23699582027168234064785788923719958203,1,1001,1,1001,765.6,0,0
140952563,SIS / Crayfd 6th Mar,A6 380m,06-03-2018 12:16,12183766,4. Liscarton Turbo,0,18.5,1,1,1,1001,1,1001,0,0,0
140951307,TRP / Sund 6th Mar,A4 450m,06-03-2018 14:27,12090860,5. Sharpes Gold,0,9.792851284,1,1,1,1001,1,1001,0,0,0
140951319,TRP / Sund 6th Mar,A5 450m,06-03-2018 16:27,12281732,2. Pity Me Puma,0,4.104348771478873,1,1,1,1001,1,1001,0,0,0
140941296,AUS / Gawl (AUS) 6th Mar,R4 400m Gr6,06-03-2018 02:12,12661346,5. Tim Riggins,0,152.717273756,1,48.865841073271413828689370485036119711,1,1001,1,1001,38.76,0,0
140951359,SIS / Monm 6th Mar,A5 480m,06-03-2018 15:39,12859440,6. Old Cents Flyer,0,4.1,1,1,1,1001,1,1001,0,0,0
140950427,TRP / Kinsl 6th Mar,A4 462m,06-03-2018 11:28,12910557,1. Picture Women,0,3.912017897682963,1,1,1,1001,1,1001,0,0,0
140951896,SIS / CPark 6th Mar,A3 480m,06-03-2018 12:24,13155595,6. Ask Kitty,0,5.4,1,1,1,1001,1,1001,0,0,0
140951888,SIS / CPark 6th Mar,A8 480m,06-03-2018 11:24,13235633,3. Micks The Man,0,5.9600479304284075,1,1,1,1001,1,1001,0,0,0
140953674,RPGTV / Poole 6th Mar,A3 450m,06-03-2018 19:22,13385042,4. Geelo Clarky,1,3.2935844065084536,1,1,1,1001,1,1001,0,0,0
140941213,AUS / Mait (AUS) 6th Mar,R9 400m Gr5,06-03-2018 10:38,13427283,7. Miss Calabasas,0,31.47758981081202,1,20.2905797101449275362318840579710144928,1,1001,1,1001,82.8,0,0
140941221,AUS / Lism (AUS) 6th Mar,R2 420m Gr5,06-03-2018 08:06,13589608,4. Bogan Doll,0,18.5394383791741,1,15.7880902229243461470949622608390380902,1,1001,1,1001,227.88,0,0
140950429,TRP / Kinsl 6th Mar,A6 462m,06-03-2018 11:42,13552296,5. Grannys Zebo,0,4.710305754273031,1,1,1,1001,1,1001,0,0,0
140953016,SIS / Henl 6th Mar,D2 277m,06-03-2018 19:49,13923297,5. Vinneys Beauty,0,3.3144690374445047,1,1,1,1001,1,1001,0,0,0
140951281,RPGTV / Sheff 6th Mar,OR 660m,06-03-2018 20:43,14247606,4. Swift Marvelette,0,12,1,1,1,1001,1,1001,0,0,0
140951275,RPGTV / Sheff 6th Mar,OR 280m,06-03-2018 19:58,14644020,6. Lacken Decco,0,3.65,1,1,1,1001,1,1001,0,0,0
140951281,RPGTV / Sheff 6th Mar,OR 660m,06-03-2018 20:43,15061807,6. Piemans Jet,0,8.617725094351915,1,1,1,1001,1,1001,0,0,0
141000117,Match Bets / Sheff (AvB) 6th Mar,Popular Buster v Boozed Gold,06-03-2018 20:13,15141965,6. Boozed Gold,1,,1,1,1,1001,1,1001,0,0,0
140950160,TRP / Nott 6th Mar,A5 500m,06-03-2018 11:19,15853049,5. Lughill Pierce,0,4.317359432,1,1,1,1001,1,1001,0,0,0
140941333,AUS / Geel (AUS) 6th Mar,R8 460m Gr7,06-03-2018 07:14,16532669,1. Sisco Bella,0,6,1,5.14303668935791033332297203485540807974,1,1001,1,1001,1930.26,0,0
140951315,TRP / Sund 6th Mar,A5 450m,06-03-2018 15:48,16513176,4. Satley Duke,0,4.421348100404723,1,1,1,1001,1,1001,0,0,0
140954331,RPGTV / Poole (F/C) 6th Mar,Forecast,06-03-2018 18:28,17002741,5 - 6,0,,1,1,1,1001,1,1001,0,0,0
140950419,SIS / Hove (F/C) 6th Mar,Forecast,06-03-2018 17:08,17002741,5 - 6,0,,1,1,1,1001,1,1001,0,0,0
140941181,AUS / Ipsw (AUS) 6th Mar,R6 520m Gr5,06-03-2018 06:26,16969144,6. High Class Belle,1,11,1,11.7959875517946745458677902687203874329,1,1001,1,1001,1143.94,0,0
140950460,TRP / Kinsl (F/C) 6th Mar,Forecast,06-03-2018 13:12,17002630,1 - 3,0,,1,1,1,1001,1,1001,0,0,0
140953556,SIS / Crayfd (F/C) 6th Mar,Forecast,06-03-2018 19:38,17002631,1 - 4,0,,1,1,1,1001,1,1001,0,0,0
140952865,SIS / Crayfd (F/C) 6th Mar,Forecast,06-03-2018 12:16,17002631,1 - 4,0,,1,1,1,1001,1,1001,0,0,0
140953554,SIS / Crayfd (F/C) 6th Mar,Forecast,06-03-2018 19:07,17002632,1 - 6,0,,1,1,1,1001,1,1001,0,0,0
140951304,RPGTV / Sheff (F/C) 6th Mar,Forecast,06-03-2018 21:50,17002632,1 - 6,0,,1,1,1,1001,1,1001,0,0,0
140951389,SIS / Monm (F/C) 6th Mar,Forecast,06-03-2018 17:37,17002632,1 - 6,0,,1,1,1,1001,1,1001,0,0,0
140951997,SIS / CPark (F/C) 6th Mar,Forecast,06-03-2018 12:09,17002633,2 - 1,0,,1,1,1,1001,1,1001,0,0,0
140954335,RPGTV / Poole (F/C) 6th Mar,Forecast,06-03-2018 19:37,17002633,2 - 1,0,,1,1,1,1001,1,1001,0,0,0
140950194,TRP / Nott (F/C) 6th Mar,Forecast,06-03-2018 11:03,17002635,2 - 3,0,,1,1,1,1001,1,1001,0,0,0
140950411,SIS / Hove (F/C) 6th Mar,Forecast,06-03-2018 14:32,17002635,2 - 3,0,,1,1,1,1001,1,1001,0,0,0
140951292,RPGTV / Sheff (F/C) 6th Mar,Forecast,06-03-2018 18:38,17002636,2 - 4,0,,1,1,1,1001,1,1001,0,0,0
140954340,RPGTV / Poole (F/C) 6th Mar,Forecast,06-03-2018 20:51,17002636,2 - 4,0,,1,1,1,1001,1,1001,0,0,0
140951336,TRP / Sund (F/C) 6th Mar,Forecast,06-03-2018 14:47,17002636,2 - 4,0,,1,1,1,1001,1,1001,0,0,0
140950423,SIS / Hove (F/C) 6th Mar,Forecast,06-03-2018 18:19,17002636,2 - 4,0,,1,1,1,1001,1,1001,0,0,0
140950417,SIS / Hove (F/C) 6th Mar,Forecast,06-03-2018 16:29,17002637,2 - 5,0,,1,1,1,1001,1,1001,0,0,0
140950205,TRP / Nott (F/C) 6th Mar,Forecast,06-03-2018 13:51,17002637,2 - 5,0,,1,1,1,1001,1,1001,0,0,0
140952866,SIS / Crayfd (F/C) 6th Mar,Forecast,06-03-2018 12:31,17002639,2 - 6,0,,1,1,1,1001,1,1001,0,0,0
140953338,SIS / Henl (F/C) 6th Mar,Forecast,06-03-2018 19:02,17002639,2 - 6,0,,1,1,1,1001,1,1001,0,0,0
140950203,TRP / Nott (F/C) 6th Mar,Forecast,06-03-2018 13:19,17002639,2 - 6,0,,1,1,1,1001,1,1001,0,0,0
140953553,SIS / Crayfd (F/C) 6th Mar,Forecast,06-03-2018 18:49,17002639,2 - 6,0,,1,1,1,1001,1,1001,0,0,0
140950454,TRP / Kinsl (F/C) 6th Mar,Forecast,06-03-2018 11:42,17002674,3 - 1,0,,1,1,1,1001,1,1001,0,0,0
140951339,TRP / Sund (F/C) 6th Mar,Forecast,06-03-2018 15:48,17002674,3 - 1,0,,1,1,1,1001,1,1001,0,0,0
140953557,SIS / Crayfd (F/C) 6th Mar,Forecast,06-03-2018 19:54,17002675,3 - 2,0,,1,1,1,1001,1,1001,0,0,0
140953345,SIS / Henl (F/C) 6th Mar,Forecast,06-03-2018 20:53,17002677,3 - 4,0,,1,1,1,1001,1,1001,0,0,0
140951996,SIS / CPark (F/C) 6th Mar,Forecast,06-03-2018 11:54,17002677,3 - 4,0,,1,1,1,1001,1,1001,0,0,0
140952867,SIS / Crayfd (F/C) 6th Mar,Forecast,06-03-2018 12:46,17002677,3 - 4,0,,1,1,1,1001,1,1001,0,0,0
140950202,TRP / Nott (F/C) 6th Mar,Forecast,06-03-2018 13:04,17002677,3 - 4,1,,1,1,1,1001,1,1001,0,0,0
140953344,SIS / Henl (F/C) 6th Mar,Forecast,06-03-2018 20:37,17002678,3 - 5,1,,1,1,1,1001,1,1001,0,0,0
140951296,RPGTV / Sheff (F/C) 6th Mar,Forecast,06-03-2018 19:42,17002679,3 - 6,0,,1,1,1,1001,1,1001,0,0,0
140952865,SIS / Crayfd (F/C) 6th Mar,Forecast,06-03-2018 12:16,17002679,3 - 6,0,,1,1,1,1001,1,1001,0,0,0
140951343,TRP / Sund (F/C) 6th Mar,Forecast,06-03-2018 17:07,17002679,3 - 6,0,,1,1,1,1001,1,1001,0,0,0
140950411,SIS / Hove (F/C) 6th Mar,Forecast,06-03-2018 14:32,17002679,3 - 6,0,,1,1,1,1001,1,1001,0,0,0
140953564,SIS / Crayfd (F/C) 6th Mar,Forecast,06-03-2018 21:45,17002680,4 - 1,0,,1,1,1,1001,1,1001,0,0,0
140953552,SIS / Crayfd (F/C) 6th Mar,Forecast,06-03-2018 18:33,17002683,4 - 2,0,,1,1,1,1001,1,1001,0,0,0
140950197,TRP / Nott (F/C) 6th Mar,Forecast,06-03-2018 11:48,17002683,4 - 2,0,,1,1,1,1001,1,1001,0,0,0
140954338,RPGTV / Poole (F/C) 6th Mar,Forecast,06-03-2018 20:22,17002684,4 - 3,0,,1,1,1,1001,1,1001,0,0,0
140952870,SIS / Crayfd (F/C) 6th Mar,Forecast,06-03-2018 13:31,17002684,4 - 3,1,,1,1,1,1001,1,1001,0,0,0
140953563,SIS / Crayfd (F/C) 6th Mar,Forecast,06-03-2018 21:30,17002686,4 - 5,0,,1,1,1,1001,1,1001,0,0,0
140954335,RPGTV / Poole (F/C) 6th Mar,Forecast,06-03-2018 19:37,17002687,4 - 6,0,,1,1,1,1001,1,1001,0,0,0
140951386,SIS / Monm (F/C) 6th Mar,Forecast,06-03-2018 16:39,17002688,5 - 1,0,,1,1,1,1001,1,1001,0,0,0
140951291,RPGTV / Sheff (F/C) 6th Mar,Forecast,06-03-2018 18:22,17002688,5 - 1,1,,1,1,1,1001,1,1001,0,0,0
140953343,SIS / Henl (F/C) 6th Mar,Forecast,06-03-2018 20:21,17002689,5 - 2,0,,1,1,1,1001,1,1001,0,0,0
140950452,TRP / Kinsl (F/C) 6th Mar,Forecast,06-03-2018 11:11,17002689,5 - 2,0,,1,1,1,1001,1,1001,0,0,0
140951347,TRP / Sund (F/C) 6th Mar,Forecast,06-03-2018 18:11,17002689,5 - 2,0,,1,1,1,1001,1,1001,0,0,0
140952001,SIS / CPark (F/C) 6th Mar,Forecast,06-03-2018 13:08,17002689,5 - 2,0,,1,1,1,1001,1,1001,0,0,0
140954340,RPGTV / Poole (F/C) 6th Mar,Forecast,06-03-2018 20:51,17002691,5 - 4,0,,1,1,1,1001,1,1001,0,0,0
140951993,SIS / CPark (F/C) 6th Mar,Forecast,06-03-2018 11:09,17002693,6 - 1,0,,1,1,1,1001,1,1001,0,0,0
140951292,RPGTV / Sheff (F/C) 6th Mar,Forecast,06-03-2018 18:38,17002694,6 - 2,0,,1,1,1,1001,1,1001,0,0,0
140952860,SIS / Crayfd (F/C) 6th Mar,Forecast,06-03-2018 11:01,17002694,6 - 2,0,,1,24.6169870323332775451948957364895479607,1,1001,1,1001,52.74,0,0
140953339,SIS / Henl (F/C) 6th Mar,Forecast,06-03-2018 19:17,17002694,6 - 2,0,,1,1,1,1001,1,1001,0,0,0
140951384,SIS / Monm (F/C) 6th Mar,Forecast,06-03-2018 15:59,17002694,6 - 2,0,,1,1,1,1001,1,1001,0,0,0
140953560,SIS / Crayfd (F/C) 6th Mar,Forecast,06-03-2018 20:42,17002695,6 - 3,0,,1,1,1,1001,1,1001,0,0,0
140953338,SIS / Henl (F/C) 6th Mar,Forecast,06-03-2018 19:02,17002695,6 - 3,0,,1,1,1,1001,1,1001,0,0,0
140951384,SIS / Monm (F/C) 6th Mar,Forecast,06-03-2018 15:59,17002695,6 - 3,0,,1,1,1,1001,1,1001,0,0,0
140952866,SIS / Crayfd (F/C) 6th Mar,Forecast,06-03-2018 12:31,17002696,6 - 4,1,,1,1,1,1001,1,1001,0,0,0
140954338,RPGTV / Poole (F/C) 6th Mar,Forecast,06-03-2018 20:22,17002696,6 - 4,0,,1,1,1,1001,1,1001,0,0,0
140953564,SIS / Crayfd (F/C) 6th Mar,Forecast,06-03-2018 21:45,17002696,6 - 4,0,,1,1,1,1001,1,1001,0,0,0
140950423,SIS / Hove (F/C) 6th Mar,Forecast,06-03-2018 18:19,17002696,6 - 4,0,,1,1,1,1001,1,1001,0,0,0
140950422,SIS / Hove (F/C) 6th Mar,Forecast,06-03-2018 18:02,17002697,6 - 5,0,,1,1,1,1001,1,1001,0,0,0
140951380,SIS / Monm (F/C) 6th Mar,Forecast,06-03-2018 14:42,17002568,1 - 2,0,,1,1,1,1001,1,1001,0,0,0
140951998,SIS / CPark (F/C) 6th Mar,Forecast,06-03-2018 12:24,17002568,1 - 2,0,,1,1,1,1001,1,1001,0,0,0
140951329,TRP / Sund 6th Mar,A7 450m,06-03-2018 17:56,17406458,3. Grimes Lady,0,2.5,1,1,1,1001,1,1001,0,0,0
140941349,AUS / Geel (AUS) 6th Mar,R12 400m Mdn,06-03-2018 08:35,17508432,2. Macelon,0,3.6660106295355432,1,3.63580502133791498087901125090062628166,1,1001,1,1001,1804.3,0,0
140941183,AUS / Devn (AUS) 6th Mar,R10 452m Gr5,06-03-2018 04:44,17508236,2. Tecoma Hiphop,0,9.602521880533587,1,4.58846352203752925774586424405918990757,1,1001,1,1001,504.14,0,0
140951340,TRP / Sund (F/C) 6th Mar,Forecast,06-03-2018 16:08,6953192,1 - 5,0,,1,1,1,1001,1,1001,0,0,0
140950196,TRP / Nott (F/C) 6th Mar,Forecast,06-03-2018 11:34,6953192,1 - 5,0,,1,1,1,1001,1,1001,0,0,0
140950423,SIS / Hove (F/C) 6th Mar,Forecast,06-03-2018 18:19,6953192,1 - 5,0,,1,1,1,1001,1,1001,0,0,0
140952001,SIS / CPark (F/C) 6th Mar,Forecast,06-03-2018 13:08,6953192,1 - 5,0,,1,1,1,1001,1,1001,0,0,0
140950178,TRP / Nott 6th Mar,A3 500m,06-03-2018 13:33,11015956,1. Theos Charm,0,9.4,1,1,1,1001,1,1001,0,0,0
140941379,AUS / Mand (AUS) 6th Mar,R10 490m Gr4/5,06-03-2018 13:02,11072374,7. Zipping Flynn,0,14.020408163265307,1,1,1,1001,1,1001,0,0,0
140941171,AUS / Ipsw (AUS) 6th Mar,R4 431m Gr3/4,06-03-2018 05:47,11149273,7. Miss Lynbra,0,10.5,1,8.86539998770214597552727049129926827769,1,1001,1,1001,650.52,0,0
140941243,AUS / Warr (AUS) 6th Mar,R6 450m Gr5,06-03-2018 05:39,11545837,2. Mr Moonlight,0,16.5,1,12.7719705768486256291134339914827719706,1,1001,1,1001,103.32,0,0
140941163,AUS / Devn (AUS) 6th Mar,R4 580m Gr5,06-03-2018 02:47,11598805,2. Chief Jetpilot,0,1.45,1,1.44612222673735980096274154870646662287,1,1001,1,1001,12451.94,0,0
140951265,RPGTV / Sheff 6th Mar,OR 660m,06-03-2018 18:38,12121638,5. Local Fortune,0,30,1,1,1,1001,1,1001,0,0,0
140941243,AUS / Warr (AUS) 6th Mar,R6 450m Gr5,06-03-2018 05:39,12442515,8. Scarlet Blu Boy,0,21.59444066524098,1,19.849090524534686971235194585448392555,1,1001,1,1001,189.12,0,0
140941058,AUS / Town (AUS) 6th Mar,R7 380m FFA,06-03-2018 10:55,12608557,4. Whatta Pass,0,9.8,1,8.12837305892198493630474537395778445898,1,1001,1,1001,645.26,0,0
140953670,RPGTV / Poole 6th Mar,A4 450m,06-03-2018 18:48,12873900,1. Maffra Darragh,0,5.8,1,1,1,1001,1,1001,0,0,0
140951281,RPGTV / Sheff 6th Mar,OR 660m,06-03-2018 20:43,13398181,1. Swift Hansel,0,2.2,1,1,1,1001,1,1001,0,0,0
140953458,SIS / Crayfd 6th Mar,A8 380m,06-03-2018 21:45,14416731,6. Paris,0,9,1,1,1,1001,1,1001,0,0,0
140941050,AUS / Town (AUS) 6th Mar,R5 380m Heat,06-03-2018 10:15,14849501,5. Belles Hawke,0,36,1,28.2296735905044510385756676557863501484,1,1001,1,1001,168.5,0,0
140950441,TRP / Kinsl 6th Mar,A3 462m,06-03-2018 13:12,15084504,2. Bumblebee Holly,0,5.018028544533299,1,1,1,1001,1,1001,0,0,0
140941287,AUS / Warr (AUS) 6th Mar,R9 390m Rest,06-03-2018 06:42,16593610,1. Troy Bale,0,9.126715189213286,1,5.85886542864411091325362503179852454846,1,1001,1,1001,314.48,0,0
140941345,AUS / Geel (AUS) 6th Mar,R11 400m Mdn,06-03-2018 08:15,16806922,2. Masquerading,0,19,1,13.6994173343044428259286234522942461763,1,1001,1,1001,137.3,0,0
140950199,TRP / Nott (F/C) 6th Mar,Forecast,06-03-2018 12:18,17002741,5 - 6,0,,1,1,1,1001,1,1001,0,0,0
140950416,SIS / Hove (F/C) 6th Mar,Forecast,06-03-2018 16:09,17002741,5 - 6,0,,1,1,1,1001,1,1001,0,0,0
140952861,SIS / Crayfd (F/C) 6th Mar,Forecast,06-03-2018 11:16,17002741,5 - 6,0,,1,1,1,1001,1,1001,0,0,0
140951994,SIS / CPark (F/C) 6th Mar,Forecast,06-03-2018 11:24,17002630,1 - 3,0,,1,1,1,1001,1,1001,0,0,0
140953336,SIS / Henl (F/C) 6th Mar,Forecast,06-03-2018 18:27,17002631,1 - 4,0,,1,1,1,1001,1,1001,0,0,0
140951337,TRP / Sund (F/C) 6th Mar,Forecast,06-03-2018 15:07,17002631,1 - 4,0,,1,1,1,1001,1,1001,0,0,0
140953338,SIS / Henl (F/C) 6th Mar,Forecast,06-03-2018 19:02,17002631,1 - 4,0,,1,1,1,1001,1,1001,0,0,0
140953553,SIS / Crayfd (F/C) 6th Mar,Forecast,06-03-2018 18:49,17002631,1 - 4,0,,1,1,1,1001,1,1001,0,0,0
140953559,SIS / Crayfd (F/C) 6th Mar,Forecast,06-03-2018 20:26,17002632,1 - 6,0,,1,1,1,1001,1,1001,0,0,0
140952862,SIS / Crayfd (F/C) 6th Mar,Forecast,06-03-2018 11:31,17002632,1 - 6,0,,1,1,1,1001,1,1001,0,0,0
140950195,TRP / Nott (F/C) 6th Mar,Forecast,06-03-2018 11:19,17002632,1 - 6,0,,1,1,1,1001,1,1001,0,0,0
140953342,SIS / Henl (F/C) 6th Mar,Forecast,06-03-2018 20:06,17002632,1 - 6,0,,1,1,1,1001,1,1001,0,0,0
140950454,TRP / Kinsl (F/C) 6th Mar,Forecast,06-03-2018 11:42,17002632,1 - 6,0,,1,1,1,1001,1,1001,0,0,0
140951341,TRP / Sund (F/C) 6th Mar,Forecast,06-03-2018 16:27,17002632,1 - 6,0,,1,1,1,1001,1,1001,0,0,0
140951302,RPGTV / Sheff (F/C) 6th Mar,Forecast,06-03-2018 21:14,17002633,2 - 1,0,,1,1,1,1001,1,1001,0,0,0
140951296,RPGTV / Sheff (F/C) 6th Mar,Forecast,06-03-2018 19:42,17002635,2 - 3,0,,1,1,1,1001,1,1001,0,0,0
140953338,SIS / Henl (F/C) 6th Mar,Forecast,06-03-2018 19:02,17002636,2 - 4,1,,1,1,1,1001,1,1001,0,0,0
140951346,TRP / Sund (F/C) 6th Mar,Forecast,06-03-2018 17:56,17002636,2 - 4,0,,1,1,1,1001,1,1001,0,0,0
140951383,SIS / Monm (F/C) 6th Mar,Forecast,06-03-2018 15:39,17002636,2 - 4,0,,1,1,1,1001,1,1001,0,0,0
140951995,SIS / CPark (F/C) 6th Mar,Forecast,06-03-2018 11:39,17002674,3 - 1,0,,1,1,1,1001,1,1001,0,0,0
140953560,SIS / Crayfd (F/C) 6th Mar,Forecast,06-03-2018 20:42,17002674,3 - 1,0,,1,1,1,1001,1,1001,0,0,0
140951338,TRP / Sund (F/C) 6th Mar,Forecast,06-03-2018 15:28,17002674,3 - 1,0,,1,1,1,1001,1,1001,0,0,0
140954342,RPGTV / Poole (F/C) 6th Mar,Forecast,06-03-2018 21:22,17002675,3 - 2,0,,1,1,1,1001,1,1001,0,0,0
140952870,SIS / Crayfd (F/C) 6th Mar,Forecast,06-03-2018 13:31,17002675,3 - 2,0,,1,1,1,1001,1,1001,0,0,0
140951291,RPGTV / Sheff (F/C) 6th Mar,Forecast,06-03-2018 18:22,17002675,3 - 2,0,,1,1,1,1001,1,1001,0,0,0
140954333,RPGTV / Poole (F/C) 6th Mar,Forecast,06-03-2018 19:06,17002677,3 - 4,0,,1,1,1,1001,1,1001,0,0,0
140951347,TRP / Sund (F/C) 6th Mar,Forecast,06-03-2018 18:11,17002677,3 - 4,0,,1,1,1,1001,1,1001,0,0,0
140951302,RPGTV / Sheff (F/C) 6th Mar,Forecast,06-03-2018 21:14,17002678,3 - 5,0,,1,1,1,1001,1,1001,0,0,0
140950202,TRP / Nott (F/C) 6th Mar,Forecast,06-03-2018 13:04,17002678,3 - 5,0,,1,1,1,1001,1,1001,0,0,0
140951380,SIS / Monm (F/C) 6th Mar,Forecast,06-03-2018 14:42,17002679,3 - 6,0,,1,1,1,1001,1,1001,0,0,0
140952861,SIS / Crayfd (F/C) 6th Mar,Forecast,06-03-2018 11:16,17002679,3 - 6,0,,1,1,1,1001,1,1001,0,0,0
140950415,SIS / Hove (F/C) 6th Mar,Forecast,06-03-2018 15:49,17002680,4 - 1,0,,1,1,1,1001,1,1001,0,0,0
140950415,SIS / Hove (F/C) 6th Mar,Forecast,06-03-2018 15:49,17002684,4 - 3,0,,1,1,1,1001,1,1001,0,0,0
140951390,SIS / Monm (F/C) 6th Mar,Forecast,06-03-2018 17:54,17002684,4 - 3,0,,1,1,1,1001,1,1001,0,0,0
140952866,SIS / Crayfd (F/C) 6th Mar,Forecast,06-03-2018 12:31,17002684,4 - 3,0,,1,1,1,1001,1,1001,0,0,0
140953337,SIS / Henl (F/C) 6th Mar,Forecast,06-03-2018 18:44,17002684,4 - 3,0,,1,1,1,1001,1,1001,0,0,0
140953563,SIS / Crayfd (F/C) 6th Mar,Forecast,06-03-2018 21:30,17002684,4 - 3,0,,1,1,1,1001,1,1001,0,0,0
140951343,TRP / Sund (F/C) 6th Mar,Forecast,06-03-2018 17:07,17002684,4 - 3,0,,1,1,1,1001,1,1001,0,0,0
140950204,TRP / Nott (F/C) 6th Mar,Forecast,06-03-2018 13:33,17002686,4 - 5,0,,1,1,1,1001,1,1001,0,0,0
140953345,SIS / Henl (F/C) 6th Mar,Forecast,06-03-2018 20:53,17002686,4 - 5,0,,1,1,1,1001,1,1001,0,0,0
140950463,TRP / Kinsl (F/C) 6th Mar,Forecast,06-03-2018 13:58,17002686,4 - 5,0,,1,1,1,1001,1,1001,0,0,0
140951379,SIS / Monm (F/C) 6th Mar,Forecast,06-03-2018 14:22,17002687,4 - 6,0,,1,1,1,1001,1,1001,0,0,0
140952863,SIS / Crayfd (F/C) 6th Mar,Forecast,06-03-2018 11:46,17002687,4 - 6,0,,1,1,1,1001,1,1001,0,0,0
140951335,TRP / Sund (F/C) 6th Mar,Forecast,06-03-2018 14:27,17002687,4 - 6,0,,1,1,1,1001,1,1001,0,0,0
140951347,TRP / Sund (F/C) 6th Mar,Forecast,06-03-2018 18:11,17002687,4 - 6,0,,1,1,1,1001,1,1001,0,0,0
140952870,SIS / Crayfd (F/C) 6th Mar,Forecast,06-03-2018 13:31,17002687,4 - 6,0,,1,1,1,1001,1,1001,0,0,0
140951303,RPGTV / Sheff (F/C) 6th Mar,Forecast,06-03-2018 21:32,17002688,5 - 1,0,,1,1,1,1001,1,1001,0,0,0
140951383,SIS / Monm (F/C) 6th Mar,Forecast,06-03-2018 15:39,17002688,5 - 1,0,,1,1,1,1001,1,1001,0,0,0
140953556,SIS / Crayfd (F/C) 6th Mar,Forecast,06-03-2018 19:38,17002694,6 - 2,0,,1,1,1,1001,1,1001,0,0,0
140951340,TRP / Sund (F/C) 6th Mar,Forecast,06-03-2018 16:08,17002695,6 - 3,0,,1,1,1,1001,1,1001,0,0,0
140952865,SIS / Crayfd (F/C) 6th Mar,Forecast,06-03-2018 12:16,17002695,6 - 3,0,,1,1,1,1001,1,1001,0,0,0
140951335,TRP / Sund (F/C) 6th Mar,Forecast,06-03-2018 14:27,17002695,6 - 3,0,,1,1,1,1001,1,1001,0,0,0
140950411,SIS / Hove (F/C) 6th Mar,Forecast,06-03-2018 14:32,17002695,6 - 3,0,,1,1,1,1001,1,1001,0,0,0
140951391,SIS / Monm (F/C) 6th Mar,Forecast,06-03-2018 18:09,17002696,6 - 4,0,,1,1,1,1001,1,1001,0,0,0
140952870,SIS / Crayfd (F/C) 6th Mar,Forecast,06-03-2018 13:31,17002696,6 - 4,0,,1,1,1,1001,1,1001,0,0,0
140950421,SIS / Hove (F/C) 6th Mar,Forecast,06-03-2018 17:44,17002697,6 - 5,0,,1,1,1,1001,1,1001,0,0,0
140952870,SIS / Crayfd (F/C) 6th Mar,Forecast,06-03-2018 13:31,17002697,6 - 5,0,,1,1,1,1001,1,1001,0,0,0
140951299,RPGTV / Sheff (F/C) 6th Mar,Forecast,06-03-2018 20:28,17002568,1 - 2,0,,1,1,1,1001,1,1001,0,0,0
140951357,SIS / Monm 6th Mar,A7 480m,06-03-2018 15:19,16985063,2. Ferryforth Nell,0,10.5,1,1,1,1001,1,1001,0,0,0
141000102,Match Bets / Poole (AvB) 6th Mar,Kilflynn Clover v Spear Gun,06-03-2018 19:37,17504210,5. Spear Gun,0,,1,1,1,1001,1,1001,0,0,0
140941335,AUS / Geel (AUS) 6th Mar,R9 400m Mdn,06-03-2018 07:34,17508343,4. Not Practical,0,6.8,1,4.58740966505372965499905737447370074782,1,1001,1,1001,318.26,0,0
140941165,AUS / Ipsw (AUS) 6th Mar,R3 431m Final,06-03-2018 05:27,17508637,10. Drives Me Crazy,0,33.109948913661384,1,19.4704134686803664273334983906907650409,1,1001,1,1001,80.78,0,0
140953436,SIS / Crayfd 6th Mar,S5 540m,06-03-2018 18:49,17504477,3. Finchley Road,0,3.8,1,1,1,1001,1,1001,0,0,0
140941283,NZL / AsPk (NZL) 6th Mar,R12 457m C1,06-03-2018 02:19,17408602,8. Dyna Vernon,0,,1,4.07268907563025210084033613445378151261,1,1001,1,1001,38.08,0,0
140941041,AUS / Town (AUS) 6th Mar,R1 380m Mdn,06-03-2018 08:55,17508790,5. Silver Sniper,0,157.5198376118993,1,74.2156118143459915611814345991561181435,1,1001,1,1001,94.8,0,0
140951355,SIS / Monm 6th Mar,S2 630m,06-03-2018 15:02,10772751,3. Supreme Zagreb,0,5.6,1,1,1,1001,1,1001,0,0,0
140941379,AUS / Mand (AUS) 6th Mar,R10 490m Gr4/5,06-03-2018 13:02,10801677,1. Groovy Tiger,0,5.8,1,1,1,1001,1,1001,0,0,0
140941259,AUS / Warr (AUS) 6th Mar,R12 450m Gr5,06-03-2018 07:37,11164774,1. Cudgees Milo,0,4.517219510833967,1,3.62811194076513438310910095146784497223,1,1001,1,1001,7676.56,0,0
140951361,SIS / Monm 6th Mar,A5 480m,06-03-2018 15:59,11338784,6. Count You In,0,5.2,1,1,1,1001,1,1001,0,0,0
140950164,TRP / Nott 6th Mar,A2 500m,06-03-2018 11:48,12210711,5. Daylens Messi,0,13.5,1,1,1,1001,1,1001,0,0,0
140941283,NZL / AsPk (NZL) 6th Mar,R12 457m C1,06-03-2018 02:19,12381057,7. Take By Storm,0,,1,32.5,1,1001,1,1001,4.24,0,0
140941213,AUS / Mait (AUS) 6th Mar,R9 400m Gr5,06-03-2018 10:38,12536431,5. Blood Brothers,0,164.793504463,1,50.1918819188191881918819188191881918819,1,1001,1,1001,21.68,0,0
140941277,NZL / AsPk (NZL) 6th Mar,R9 390m C1/2,06-03-2018 01:27,12542366,2. Barellen Panther,0,,1,6.4086734693877551020408163265306122449,1,1001,1,1001,23.52,0,0
140941304,AUS / Gawl (AUS) 6th Mar,R8 531m Gr4/5,06-03-2018 03:38,12489637,6. Bellario,0,7.4,1,5.91036164617563102649974152075700703513,1,1001,1,1001,1779.64,0,0
140941155,AUS / Devn (AUS) 6th Mar,R2 452m Gr5,06-03-2018 02:06,12728779,8. Trumpence,0,3.537419972775096,1,2.37292990343372250384200747757873248159,1,1001,1,1001,1743.88,0,0
140950164,TRP / Nott 6th Mar,A2 500m,06-03-2018 11:48,12695444,1. Blackies Perl,0,6.2,1,1,1,1001,1,1001,0,0,0
140953684,RPGTV / Poole 6th Mar,A4 450m,06-03-2018 20:37,12977252,3. Mcgee Tarmac,0,14.5,1,1,1,1001,1,1001,0,0,0
140951277,RPGTV / Sheff 6th Mar,OR 280m,06-03-2018 20:13,13038736,3. Serious Hangover,0,5.5,1,1,1,1001,1,1001,0,0,0
140941401,NZL / Addi (NZL) 6th mar,R10 645m C1,06-03-2018 03:57,13282910,2. Goldstar Ashton,1,,1,3.45828358208955223880597014925373134328,1,1001,1,1001,5.36,0,0
140951309,TRP / Sund 6th Mar,A4 450m,06-03-2018 14:47,15215287,3. Lodge Queen,0,7,1,1,1,1001,1,1001,0,0,0
141000107,Match Bets / Poole (AvB) 6th Mar,Duchas v Farran Romeo,06-03-2018 20:37,15343402,1. Duchas,1,,1,1,1,1001,1,1001,0,0,0
140941163,AUS / Devn (AUS) 6th Mar,R4 580m Gr5,06-03-2018 02:47,15549675,1. Times A Bonus,0,48.85280849986245,1,46.7689093188466360217300459674049310489,1,1001,1,1001,143.58,0,0
140953458,SIS / Crayfd 6th Mar,A8 380m,06-03-2018 21:45,15666775,4. Pesky Xena,0,6.212932946741931,1,1,1,1001,1,1001,0,0,0
140953028,SIS / Henl 6th Mar,S3 550m,06-03-2018 21:26,15962726,6. Marys Belle,0,26.688146401145495,1,1,1,1001,1,1001,0,0,0
140953020,SIS / Henl 6th Mar,A5 460m,06-03-2018 20:21,16706084,5. Savana Biddy,1,4.6,1,1,1,1001,1,1001,0,0,0
140950435,TRP / Kinsl 6th Mar,A7 462m,06-03-2018 12:27,16432299,3. Fuzzy Duck,0,5.6,1,1,1,1001,1,1001,0,0,0
140950381,SIS / Hove 6th Mar,A7 515m,06-03-2018 16:29,16347632,4. Teresas Jet,0,6,1,1,1,1001,1,1001,0,0,0
140941353,AUS / Cran (AUS) 6th Mar,R9 311m Heat,06-03-2018 10:28,16806925,5. Aston Venus,1,2.88,1,2.47182937988315619061026254663194200042,1,1001,1,1001,5114.52,0,0
140950411,SIS / Hove (F/C) 6th Mar,Forecast,06-03-2018 14:32,17002741,5 - 6,0,,1,1,1,1001,1,1001,0,0,0
140952004,SIS / CPark (F/C) 6th Mar,Forecast,06-03-2018 13:57,17002741,5 - 6,0,,1,1,1,1001,1,1001,0,0,0
140952864,SIS / Crayfd (F/C) 6th Mar,Forecast,06-03-2018 12:01,17002630,1 - 3,0,,1,1,1,1001,1,1001,0,0,0
140951337,TRP / Sund (F/C) 6th Mar,Forecast,06-03-2018 15:07,17002630,1 - 3,0,,1,1,1,1001,1,1001,0,0,0
140951996,SIS / CPark (F/C) 6th Mar,Forecast,06-03-2018 11:54,17002631,1 - 4,0,,1,1,1,1001,1,1001,0,0,0
140953342,SIS / Henl (F/C) 6th Mar,Forecast,06-03-2018 20:06,17002633,2 - 1,0,,1,1,1,1001,1,1001,0,0,0
140950420,SIS / Hove (F/C) 6th Mar,Forecast,06-03-2018 17:28,17002635,2 - 3,0,,1,1,1,1001,1,1001,0,0,0
140950200,TRP / Nott (F/C) 6th Mar,Forecast,06-03-2018 12:32,17002637,2 - 5,0,,1,1,1,1001,1,1001,0,0,0
140951291,RPGTV / Sheff (F/C) 6th Mar,Forecast,06-03-2018 18:22,17002637,2 - 5,0,,1,1,1,1001,1,1001,0,0,0
140950460,TRP / Kinsl (F/C) 6th Mar,Forecast,06-03-2018 13:12,17002674,3 - 1,0,,1,1,1,1001,1,1001,0,0,0
140951298,RPGTV / Sheff (F/C) 6th Mar,Forecast,06-03-2018 20:13,17002675,3 - 2,0,,1,1,1,1001,1,1001,0,0,0
140951388,SIS / Monm (F/C) 6th Mar,Forecast,06-03-2018 17:18,17002675,3 - 2,0,,1,1,1,1001,1,1001,0,0,0
140953561,SIS / Crayfd (F/C) 6th Mar,Forecast,06-03-2018 20:58,17002679,3 - 6,0,,1,1,1,1001,1,1001,0,0,0
140950460,TRP / Kinsl (F/C) 6th Mar,Forecast,06-03-2018 13:12,17002679,3 - 6,0,,1,1,1,1001,1,1001,0,0,0
140954334,RPGTV / Poole (F/C) 6th Mar,Forecast,06-03-2018 19:22,17002680,4 - 1,0,,1,1,1,1001,1,1001,0,0,0
140950456,TRP / Kinsl (F/C) 6th Mar,Forecast,06-03-2018 12:12,17002680,4 - 1,0,,1,1,1,1001,1,1001,0,0,0
140952865,SIS / Crayfd (F/C) 6th Mar,Forecast,06-03-2018 12:16,17002683,4 - 2,0,,1,1,1,1001,1,1001,0,0,0
140954335,RPGTV / Poole (F/C) 6th Mar,Forecast,06-03-2018 19:37,17002684,4 - 3,0,,1,1,1,1001,1,1001,0,0,0
140950452,TRP / Kinsl (F/C) 6th Mar,Forecast,06-03-2018 11:11,17002686,4 - 5,0,,1,1,1,1001,1,1001,0,0,0
140952004,SIS / CPark (F/C) 6th Mar,Forecast,06-03-2018 13:57,17002686,4 - 5,0,,1,1,1,1001,1,1001,0,0,0
140952866,SIS / Crayfd (F/C) 6th Mar,Forecast,06-03-2018 12:31,17002687,4 - 6,0,,1,1,1,1001,1,1001,0,0,0
140951301,RPGTV / Sheff (F/C) 6th Mar,Forecast,06-03-2018 20:58,17002687,4 - 6,0,,1,1,1,1001,1,1001,0,0,0
140951304,RPGTV / Sheff (F/C) 6th Mar,Forecast,06-03-2018 21:50,17002687,4 - 6,0,,1,1,1,1001,1,1001,0,0,0
140950414,SIS / Hove (F/C) 6th Mar,Forecast,06-03-2018 15:29,17002688,5 - 1,0,,1,1,1,1001,1,1001,0,0,0
140951998,SIS / CPark (F/C) 6th Mar,Forecast,06-03-2018 12:24,17002688,5 - 1,0,,1,1,1,1001,1,1001,0,0,0
140954332,RPGTV / Poole (F/C) 6th Mar,Forecast,06-03-2018 18:48,17002688,5 - 1,0,,1,1,1,1001,1,1001,0,0,0
140953556,SIS / Crayfd (F/C) 6th Mar,Forecast,06-03-2018 19:38,17002689,5 - 2,0,,1,1,1,1001,1,1001,0,0,0
140950419,SIS / Hove (F/C) 6th Mar,Forecast,06-03-2018 17:08,17002689,5 - 2,0,,1,1,1,1001,1,1001,0,0,0
140953345,SIS / Henl (F/C) 6th Mar,Forecast,06-03-2018 20:53,17002691,5 - 4,0,,1,1,1,1001,1,1001,0,0,0
140951390,SIS / Monm (F/C) 6th Mar,Forecast,06-03-2018 17:54,17002691,5 - 4,0,,1,1,1,1001,1,1001,0,0,0
140951337,TRP / Sund (F/C) 6th Mar,Forecast,06-03-2018 15:07,17002691,5 - 4,0,,1,1,1,1001,1,1001,0,0,0
140951384,SIS / Monm (F/C) 6th Mar,Forecast,06-03-2018 15:59,17002691,5 - 4,1,,1,1,1,1001,1,1001,0,0,0
140953564,SIS / Crayfd (F/C) 6th Mar,Forecast,06-03-2018 21:45,17002693,6 - 1,0,,1,1,1,1001,1,1001,0,0,0
140951339,TRP / Sund (F/C) 6th Mar,Forecast,06-03-2018 15:48,17002693,6 - 1,0,,1,1,1,1001,1,1001,0,0,0
140953554,SIS / Crayfd (F/C) 6th Mar,Forecast,06-03-2018 19:07,17002694,6 - 2,1,,1,1,1,1001,1,1001,0,0,0
140951390,SIS / Monm (F/C) 6th Mar,Forecast,06-03-2018 17:54,17002694,6 - 2,0,,1,1,1,1001,1,1001,0,0,0
140950413,SIS / Hove (F/C) 6th Mar,Forecast,06-03-2018 15:11,17002694,6 - 2,0,,1,1,1,1001,1,1001,0,0,0
140951303,RPGTV / Sheff (F/C) 6th Mar,Forecast,06-03-2018 21:32,17002694,6 - 2,0,,1,1,1,1001,1,1001,0,0,0
140950423,SIS / Hove (F/C) 6th Mar,Forecast,06-03-2018 18:19,17002694,6 - 2,0,,1,1,1,1001,1,1001,0,0,0
140954335,RPGTV / Poole (F/C) 6th Mar,Forecast,06-03-2018 19:37,17002696,6 - 4,0,,1,1,1,1001,1,1001,0,0,0
140953562,SIS / Crayfd (F/C) 6th Mar,Forecast,06-03-2018 21:16,17002697,6 - 5,0,,1,1,1,1001,1,1001,0,0,0
140950461,TRP / Kinsl (F/C) 6th Mar,Forecast,06-03-2018 13:27,17002697,6 - 5,0,,1,1,1,1001,1,1001,0,0,0
140952000,SIS / CPark (F/C) 6th Mar,Forecast,06-03-2018 12:54,17002568,1 - 2,0,,1,1,1,1001,1,1001,0,0,0
140954332,RPGTV / Poole (F/C) 6th Mar,Forecast,06-03-2018 18:48,17002568,1 - 2,0,,1,1,1,1001,1,1001,0,0,0
140951375,SIS / Monm 6th Mar,A2 480m,06-03-2018 18:09,17211131,5. Vivas Legend,0,7.210598546,1,1,1,1001,1,1001,0,0,0
140941383,NZL / Addi (NZL) 6th mar,R1 295m C0,06-03-2018 01:18,17508034,8. Twizel Storm,0,,1,3.8547062033836638166272512279425140986,1,1001,1,1001,549.7,0,0
140941391,NZL / Addi (NZL) 6th mar,R5 520m C0,06-03-2018 02:24,17508048,6. Cossie Cooper,0,,1,7.73714574898785425101214574898785425101,1,1001,1,1001,138.32,0,0
140941345,AUS / Geel (AUS) 6th Mar,R11 400m Mdn,06-03-2018 08:15,17508429,5. Villy Mac Pizazz,1,7.5866857125821845,1,5.34237308756881710618365422635885269337,1,1001,1,1001,657.54,0,0
140941231,AUS / Warr (AUS) 6th Mar,R2 390m Rest,06-03-2018 04:14,17508442,9. El Grand Richo,0,26,1,24.7284285472113917613154771995253432785,1,1001,1,1001,117.98,0,0
140941219,AUS / Lism (AUS) 6th Mar,R1 420m Mdn,06-03-2018 07:40,17508490,8. Kingsbrae Hunter,0,7.4,1,6.05293252436109578966721823864681007538,1,1001,1,1001,652.68,0,0
140951894,SIS / CPark 6th Mar,A9 480m,06-03-2018 12:09,17437887,5. Our Bingo,0,3.424518544107996,1,1,1,1001,1,1001,0,0,0
140941233,AUS / Lism (AUS) 6th Mar,R7 420m Gr5,06-03-2018 09:45,17508616,9. Vision Time,0,15.450620863405057,1,9.96911804466554912669658789812361434056,1,1001,1,1001,369.86,0,0
140950456,TRP / Kinsl (F/C) 6th Mar,Forecast,06-03-2018 12:12,6953192,1 - 5,0,,1,1,1,1001,1,1001,0,0,0
140941337,AUS / Cran (AUS) 6th Mar,R4 311m FFA,06-03-2018 08:48,10602224,7. Shot To Glory,0,3.2252213548615325,1,2.87462997688594801604387137709895986766,1,1001,1,1001,7060.64,0,0
140941163,AUS / Devn (AUS) 6th Mar,R4 580m Gr5,06-03-2018 02:47,10756496,4. Happy Jeff,0,68.26744928817033,1,56.036925098554533508541392904073587385,1,1001,1,1001,76.1,0,0
140941209,AUS / Mait (AUS) 6th Mar,R7 400m Gr4/5,06-03-2018 09:58,10984819,5. Another Kainane,0,245.2782593538022,1,118.7742355237475601821730644111906311,1,1001,1,1001,30.74,0,0
140941393,NZL / Addi (NZL) 6th mar,R6 295m C1,06-03-2018 02:49,12023486,8. Chippy Jordy,0,,1,9.40546875,1,1001,1,1001,20.48,0,0
140953446,SIS / Crayfd 6th Mar,A7 380m,06-03-2018 20:11,12159655,1. Ashford Rosie,1,4.2,1,1,1,1001,1,1001,0,0,0
140941239,AUS / Warr (AUS) 6th Mar,R4 450m Gr7,06-03-2018 04:58,12416671,2. Pretty Sensation,0,8,1,7.12119463974520761973439096208160567274,1,1001,1,1001,665.64,0,0
140953684,RPGTV / Poole 6th Mar,A4 450m,06-03-2018 20:37,12638209,4. Spoton Fastbingo,0,26,1,1,1,1001,1,1001,0,0,0
140950391,SIS / Hove 6th Mar,D2 285m,06-03-2018 18:02,12701719,6. Scarlet Seamist,0,2.3478137706218325,1,1,1,1001,1,1001,0,0,0
140953450,SIS / Crayfd 6th Mar,S8 540m,06-03-2018 20:42,12679144,4. Weather Storm,0,8.6,1,1,1,1001,1,1001,0,0,0
140951287,RPGTV / Sheff 6th Mar,A3 500m,06-03-2018 21:32,13396436,3. Mystical Girl,0,8.81766389071825,1,1,1,1001,1,1001,0,0,0
140951894,SIS / CPark 6th Mar,A9 480m,06-03-2018 12:09,13429583,4. Fifthstreetpenny,0,13,1,1,1,1001,1,1001,0,0,0
140941148,AUS / Town (AUS) 6th Mar,R10 380m Heat,06-03-2018 11:52,14065589,2. Lochielle,0,3.75,1,1,1,1001,1,1001,0,0,0
140941302,AUS / Gawl (AUS) 6th Mar,R7 531m Gr6,06-03-2018 03:14,16205530,7. Bereluke,0,5.566765699751556,1,4.37157449380477485645210033242671501964,1,1001,1,1001,992.7,0,0
140953006,SIS / Henl 6th Mar,A9 460m,06-03-2018 18:27,16522044,6. Jazzli,0,11,1,1,1,1001,1,1001,0,0,0
140953008,SIS / Henl 6th Mar,A7 460m,06-03-2018 18:44,16635320,6. Rockmount Rose,0,7.203932655206882,1,1,1,1001,1,1001,0,0,0
140953024,SIS / Henl 6th Mar,A3 460m,06-03-2018 20:53,16946216,5. Savana Apollo,0,4.844642461764743,1,1,1,1001,1,1001,0,0,0
141000119,Match Bets / Sheff (AvB) 6th Mar,Affleck Lady v Eskes Jewel,06-03-2018 20:28,17109284,2. Affleck Lady,1,,1,1,1,1001,1,1001,0,0,0
140951336,TRP / Sund (F/C) 6th Mar,Forecast,06-03-2018 14:47,17002741,5 - 6,0,,1,1,1,1001,1,1001,0,0,0
140951382,SIS / Monm (F/C) 6th Mar,Forecast,06-03-2018 15:19,17002630,1 - 3,0,,1,1,1,1001,1,1001,0,0,0
140951386,SIS / Monm (F/C) 6th Mar,Forecast,06-03-2018 16:39,17002630,1 - 3,0,,1,1,1,1001,1,1001,0,0,0
140954333,RPGTV / Poole (F/C) 6th Mar,Forecast,06-03-2018 19:06,17002630,1 - 3,0,,1,1,1,1001,1,1001,0,0,0
140953552,SIS / Crayfd (F/C) 6th Mar,Forecast,06-03-2018 18:33,17002631,1 - 4,0,,1,1,1,1001,1,1001,0,0,0
140951293,RPGTV / Sheff (F/C) 6th Mar,Forecast,06-03-2018 18:56,17002632,1 - 6,0,,1,1,1,1001,1,1001,0,0,0
140951999,SIS / CPark (F/C) 6th Mar,Forecast,06-03-2018 12:39,17002632,1 - 6,0,,1,1,1,1001,1,1001,0,0,0
140953347,SIS / Henl (F/C) 6th Mar,Forecast,06-03-2018 21:26,17002633,2 - 1,0,,1,1,1,1001,1,1001,0,0,0
140953563,SIS / Crayfd (F/C) 6th Mar,Forecast,06-03-2018 21:30,17002633,2 - 1,0,,1,1,1,1001,1,1001,0,0,0
140953340,SIS / Henl (F/C) 6th Mar,Forecast,06-03-2018 19:33,17002636,2 - 4,0,,1,1,1,1001,1,1001,0,0,0
140950194,TRP / Nott (F/C) 6th Mar,Forecast,06-03-2018 11:03,17002637,2 - 5,0,,1,1,1,1001,1,1001,0,0,0
140951336,TRP / Sund (F/C) 6th Mar,Forecast,06-03-2018 14:47,17002639,2 - 6,0,,1,1,1,1001,1,1001,0,0,0
140950459,TRP / Kinsl (F/C) 6th Mar,Forecast,06-03-2018 12:58,17002639,2 - 6,0,,1,1,1,1001,1,1001,0,0,0
140954338,RPGTV / Poole (F/C) 6th Mar,Forecast,06-03-2018 20:22,17002674,3 - 1,0,,1,1,1,1001,1,1001,0,0,0
140954339,RPGTV / Poole (F/C) 6th Mar,Forecast,06-03-2018 20:37,17002674,3 - 1,0,,1,1,1,1001,1,1001,0,0,0
140950195,TRP / Nott (F/C) 6th Mar,Forecast,06-03-2018 11:19,17002675,3 - 2,0,,1,1,1,1001,1,1001,0,0,0
140950456,TRP / Kinsl (F/C) 6th Mar,Forecast,06-03-2018 12:12,17002675,3 - 2,0,,1,1,1,1001,1,1001,0,0,0
140950419,SIS / Hove (F/C) 6th Mar,Forecast,06-03-2018 17:08,17002675,3 - 2,1,,1,1,1,1001,1,1001,0,0,0
140952866,SIS / Crayfd (F/C) 6th Mar,Forecast,06-03-2018 12:31,17002677,3 - 4,0,,1,1,1,1001,1,1001,0,0,0
140950417,SIS / Hove (F/C) 6th Mar,Forecast,06-03-2018 16:29,17002677,3 - 4,0,,1,1,1,1001,1,1001,0,0,0
140951343,TRP / Sund (F/C) 6th Mar,Forecast,06-03-2018 17:07,17002677,3 - 4,0,,1,1,1,1001,1,1001,0,0,0
140951386,SIS / Monm (F/C) 6th Mar,Forecast,06-03-2018 16:39,17002678,3 - 5,0,,1,1,1,1001,1,1001,0,0,0
140951343,TRP / Sund (F/C) 6th Mar,Forecast,06-03-2018 17:07,17002678,3 - 5,0,,1,1,1,1001,1,1001,0,0,0
140950196,TRP / Nott (F/C) 6th Mar,Forecast,06-03-2018 11:34,17002679,3 - 6,0,,1,1,1,1001,1,1001,0,0,0
140951998,SIS / CPark (F/C) 6th Mar,Forecast,06-03-2018 12:24,17002680,4 - 1,0,,1,1,1,1001,1,1001,0,0,0
140950457,TRP / Kinsl (F/C) 6th Mar,Forecast,06-03-2018 12:27,17002680,4 - 1,0,,1,1,1,1001,1,1001,0,0,0
140951345,TRP / Sund (F/C) 6th Mar,Forecast,06-03-2018 17:38,17002683,4 - 2,1,,1,1,1,1001,1,1001,0,0,0
140950457,TRP / Kinsl (F/C) 6th Mar,Forecast,06-03-2018 12:27,17002683,4 - 2,0,,1,1,1,1001,1,1001,0,0,0
140951380,SIS / Monm (F/C) 6th Mar,Forecast,06-03-2018 14:42,17002684,4 - 3,0,,1,1,1,1001,1,1001,0,0,0
140950460,TRP / Kinsl (F/C) 6th Mar,Forecast,06-03-2018 13:12,17002684,4 - 3,0,,1,1,1,1001,1,1001,0,0,0
140950455,TRP / Kinsl (F/C) 6th Mar,Forecast,06-03-2018 11:57,17002687,4 - 6,0,,1,1,1,1001,1,1001,0,0,0
140952864,SIS / Crayfd (F/C) 6th Mar,Forecast,06-03-2018 12:01,17002687,4 - 6,0,,1,1,1,1001,1,1001,0,0,0
140950202,TRP / Nott (F/C) 6th Mar,Forecast,06-03-2018 13:04,17002687,4 - 6,0,,1,1,1,1001,1,1001,0,0,0
140951337,TRP / Sund (F/C) 6th Mar,Forecast,06-03-2018 15:07,17002688,5 - 1,0,,1,1,1,1001,1,1001,0,0,0
140951293,RPGTV / Sheff (F/C) 6th Mar,Forecast,06-03-2018 18:56,17002688,5 - 1,0,,1,1,1,1001,1,1001,0,0,0
140951387,SIS / Monm (F/C) 6th Mar,Forecast,06-03-2018 16:58,17002688,5 - 1,0,,1,1,1,1001,1,1001,0,0,0
140951343,TRP / Sund (F/C) 6th Mar,Forecast,06-03-2018 17:07,17002689,5 - 2,0,,1,1,1,1001,1,1001,0,0,0
140951389,SIS / Monm (F/C) 6th Mar,Forecast,06-03-2018 17:37,17002690,5 - 3,0,,1,1,1,1001,1,1001,0,0,0
140951381,SIS / Monm (F/C) 6th Mar,Forecast,06-03-2018 15:02,17002694,6 - 2,0,,1,1,1,1001,1,1001,0,0,0
140951385,SIS / Monm (F/C) 6th Mar,Forecast,06-03-2018 16:19,17002695,6 - 3,0,,1,1,1,1001,1,1001,0,0,0
140950457,TRP / Kinsl (F/C) 6th Mar,Forecast,06-03-2018 12:27,17002696,6 - 4,0,,1,1,1,1001,1,1001,0,0,0
140950419,SIS / Hove (F/C) 6th Mar,Forecast,06-03-2018 17:08,17002697,6 - 5,0,,1,1,1,1001,1,1001,0,0,0
140952865,SIS / Crayfd (F/C) 6th Mar,Forecast,06-03-2018 12:16,17002568,1 - 2,0,,1,1,1,1001,1,1001,0,0,0
140951384,SIS / Monm (F/C) 6th Mar,Forecast,06-03-2018 15:59,17002568,1 - 2,0,,1,1,1,1001,1,1001,0,0,0
140954335,RPGTV / Poole (F/C) 6th Mar,Forecast,06-03-2018 19:37,17002568,1 - 2,0,,1,1,1,1001,1,1001,0,0,0
140941403,NZL / Addi (NZL) 6th mar,R11 520m C1,06-03-2018 04:17,17130887,7. Eyrewell Turbo,0,,1,4.63297872340425531914893617021276595745,1,1001,1,1001,1.88,0,0
140941363,AUS / Mand (AUS) 6th Mar,R2 405m Heat,06-03-2018 10:22,17509884,2. Edna Monelli,0,15.5,1,11.0260142749812171299774605559729526672,1,1001,1,1001,319.44,0,0
140941399,NZL / Addi (NZL) 6th mar,R9 520m C1,06-03-2018 03:42,17508060,4. Eyrewell Martin,0,,1,15.0062583817612874385337505587840858292,1,1001,1,1001,44.74,0,0
140941349,AUS / Geel (AUS) 6th Mar,R12 400m Mdn,06-03-2018 08:35,17508435,6. Nostalgia,0,6.2,1,4.73325996968283582089552238805970149254,1,1001,1,1001,686.08,0,0
140941259,AUS / Warr (AUS) 6th Mar,R12 450m Gr5,06-03-2018 07:37,17508472,5. Bombastic Tim,0,30.740072668,1,20.7204788816180844735276621058893515764,1,1001,1,1001,268.96,0,0
140951334,TRP / Sund (F/C) 6th Mar,Forecast,06-03-2018 14:08,6953192,1 - 5,0,,1,1,1,1001,1,1001,0,0,0
140951387,SIS / Monm (F/C) 6th Mar,Forecast,06-03-2018 16:58,6953192,1 - 5,0,,1,1,1,1001,1,1001,0,0,0
140941169,AUS / Devn (AUS) 6th Mar,R6 452m Gr4,06-03-2018 03:22,10463224,2. Droopys Jacket,0,18.925195944120645,1,17.1130242514054524498388728153741208572,1,1001,1,1001,850.26,0,0
140953438,SIS / Crayfd 6th Mar,A7 380m,06-03-2018 19:07,10615931,6. Dragon Apache,1,3.720045422,1,1,1,1001,1,1001,0,0,0
140950429,TRP / Kinsl 6th Mar,A6 462m,06-03-2018 11:42,10777482,6. Lola Lola,0,3.8644908551557453,1,1,1,1001,1,1001,0,0,0
140952561,SIS / Crayfd 6th Mar,A7 380m,06-03-2018 12:01,10793287,4. Corrin Bubbles,0,10,1,1,1,1001,1,1001,0,0,0
140951367,SIS / Monm 6th Mar,S3 630m,06-03-2018 16:58,10813480,6. Coologue Cat,0,10.993562628329965,1,1,1,1001,1,1001,0,0,0
140941241,AUS / Warr (AUS) 6th Mar,R5 450m Gr5,06-03-2018 05:19,11186630,3. Logistic Kid,0,18.5,1,18.7480452952278242113777298463197627393,1,1001,1,1001,296.72,0,0
140952553,SIS / Crayfd 6th Mar,A8 380m,06-03-2018 11:01,12132287,6. Fiftyfourkay,0,4.7,1,4.96364819716767773271585508386744509887,1,1001,1,1001,994.26,0,0
140953020,SIS / Henl 6th Mar,A5 460m,06-03-2018 20:21,12297205,4. Savana Sarah,0,13.5,1,1,1,1001,1,1001,0,0,0
140953672,RPGTV / Poole 6th Mar,A8 450m,06-03-2018 19:06,12274474,1. Ballydaniel Moon,0,6,1,1,1,1001,1,1001,0,0,0
140941343,AUS / Cran (AUS) 6th Mar,R6 520m Gr5,06-03-2018 09:28,12370807,4. Shanakee,0,1.620685847,1,1.58105796805033964464597322007493505194,1,1001,1,1001,18383.92,0,0
140941269,NZL / AsPk (NZL) 6th Mar,R5 457m C3/4,06-03-2018 00:18,12736195,2. Zipping Clyde,1,,1,6.47973977695167286245353159851301115242,1,1001,1,1001,43.04,0,0
140941187,AUS / Devn (AUS) 6th Mar,R11 452m Gr5,06-03-2018 05:02,12889352,1. All Year Round,1,5.743444973300211,1,3.1755122393472348141432456935630099728,1,1001,1,1001,441.2,0,0
140951888,SIS / CPark 6th Mar,A8 480m,06-03-2018 11:24,12914528,1. Sign Onyx,0,3.55,1,1,1,1001,1,1001,0,0,0
140941401,NZL / Addi (NZL) 6th mar,R10 645m C1,06-03-2018 03:57,13442618,3. Goldstar Chief,0,,1,19.5551948051948051948051948051948051948,1,1001,1,1001,3.08,0,0
140941395,NZL / Addi (NZL) 6th mar,R7 520m C1,06-03-2018 03:07,14343045,6. Opawa Al,0,,1,8.98,1,1001,1,1001,1,0,0
140941045,AUS / Town (AUS) 6th Mar,R3 380m Nvce,06-03-2018 09:35,14700328,4. Want More,0,113.55398723154795,1,45.3383458646616541353383458646616541353,1,1001,1,1001,53.2,0,0
140941397,NZL / Addi (NZL) 6th mar,R8 295m C1,06-03-2018 03:24,14699200,5. Talk Soon,0,,1,14.1663498098859315589353612167300380228,1,1001,1,1001,10.52,0,0
140950427,TRP / Kinsl 6th Mar,A4 462m,06-03-2018 11:28,14774847,3. Gallarus Melody,0,5.963763599887313,1,6.99989200194396500862984466279606967075,1,1001,1,1001,4,0,0
140951906,SIS / CPark 6th Mar,D2 265m,06-03-2018 13:39,15826509,4. Feora Pandora,0,5.7,1,1,1,1001,1,1001,0,0,0
140950160,TRP / Nott 6th Mar,A5 500m,06-03-2018 11:19,16163779,3. East Ferry Sword,0,3.630528816,1,1,1,1001,1,1001,0,0,0
140941179,AUS / Devn (AUS) 6th Mar,R9 452m Gr4,06-03-2018 04:27,16099200,2. Buckle Up Ellie,0,16.5,1,16.7544567574078535292700554083353408817,1,1001,1,1001,498.12,0,0
140950435,TRP / Kinsl 6th Mar,A7 462m,06-03-2018 12:27,16349528,2. Lisheen Ebony,1,4.275625383680161,1,1,1,1001,1,1001,0,0,0
140941183,AUS / Devn (AUS) 6th Mar,R10 452m Gr5,06-03-2018 04:44,16553002,5. Buckle Up Demi,0,6.2,1,4.20609664772476983392802079203559314568,1,1001,1,1001,454.02,0,0
140951287,RPGTV / Sheff 6th Mar,A3 500m,06-03-2018 21:32,16561608,5. Geelo Tootsie,0,15.713589445743711,1,1,1,1001,1,1001,0,0,0
140941399,NZL / Addi (NZL) 6th mar,R9 520m C1,06-03-2018 03:42,16612936,1. Go Belle,0,,1,14.7578790459965928449744463373083475298,1,1001,1,1001,46.96,0,0
140941373,AUS / Mand (AUS) 6th Mar,R7 405m Gr5,06-03-2018 12:02,16892938,6. Special Hodge,0,19.5,1,1,1,1001,1,1001,0,0,0
140950204,TRP / Nott (F/C) 6th Mar,Forecast,06-03-2018 13:33,17002630,1 - 3,0,,1,1,1,1001,1,1001,0,0,0
140953342,SIS / Henl (F/C) 6th Mar,Forecast,06-03-2018 20:06,17002630,1 - 3,0,,1,1,1,1001,1,1001,0,0,0
140950423,SIS / Hove (F/C) 6th Mar,Forecast,06-03-2018 18:19,17002630,1 - 3,0,,1,1,1,1001,1,1001,0,0,0
140951295,RPGTV / Sheff (F/C) 6th Mar,Forecast,06-03-2018 19:26,17002631,1 - 4,0,,1,1,1,1001,1,1001,0,0,0
140951341,TRP / Sund (F/C) 6th Mar,Forecast,06-03-2018 16:27,17002631,1 - 4,0,,1,1,1,1001,1,1001,0,0,0
140953340,SIS / Henl (F/C) 6th Mar,Forecast,06-03-2018 19:33,17002633,2 - 1,0,,1,1,1,1001,1,1001,0,0,0
140953552,SIS / Crayfd (F/C) 6th Mar,Forecast,06-03-2018 18:33,17002635,2 - 3,0,,1,1,1,1001,1,1001,0,0,0
140951996,SIS / CPark (F/C) 6th Mar,Forecast,06-03-2018 11:54,17002636,2 - 4,0,,1,1,1,1001,1,1001,0,0,0
140950203,TRP / Nott (F/C) 6th Mar,Forecast,06-03-2018 13:19,17002674,3 - 1,0,,1,1,1,1001,1,1001,0,0,0
140951346,TRP / Sund (F/C) 6th Mar,Forecast,06-03-2018 17:56,17002674,3 - 1,0,,1,1,1,1001,1,1001,0,0,0
140951297,RPGTV / Sheff (F/C) 6th Mar,Forecast,06-03-2018 19:58,17002675,3 - 2,0,,1,1,1,1001,1,1001,0,0,0
140950412,SIS / Hove (F/C) 6th Mar,Forecast,06-03-2018 14:52,17002675,3 - 2,0,,1,1,1,1001,1,1001,0,0,0
140951297,RPGTV / Sheff (F/C) 6th Mar,Forecast,06-03-2018 19:58,17002677,3 - 4,0,,1,1,1,1001,1,1001,0,0,0
140951379,SIS / Monm (F/C) 6th Mar,Forecast,06-03-2018 14:22,17002678,3 - 5,0,,1,1,1,1001,1,1001,0,0,0
140952860,SIS / Crayfd (F/C) 6th Mar,Forecast,06-03-2018 11:01,17002678,3 - 5,0,,1,1,1,1001,1,1001,0,0,0
140950455,TRP / Kinsl (F/C) 6th Mar,Forecast,06-03-2018 11:57,17002678,3 - 5,0,,1,1,1,1001,1,1001,0,0,0
140952867,SIS / Crayfd (F/C) 6th Mar,Forecast,06-03-2018 12:46,17002679,3 - 6,0,,1,1,1,1001,1,1001,0,0,0
140953338,SIS / Henl (F/C) 6th Mar,Forecast,06-03-2018 19:02,17002679,3 - 6,0,,1,1,1,1001,1,1001,0,0,0
140952004,SIS / CPark (F/C) 6th Mar,Forecast,06-03-2018 13:57,17002679,3 - 6,0,,1,1,1,1001,1,1001,0,0,0
140951379,SIS / Monm (F/C) 6th Mar,Forecast,06-03-2018 14:22,17002680,4 - 1,0,,1,1,1,1001,1,1001,0,0,0
140953342,SIS / Henl (F/C) 6th Mar,Forecast,06-03-2018 20:06,17002683,4 - 2,0,,1,1,1,1001,1,1001,0,0,0
140952866,SIS / Crayfd (F/C) 6th Mar,Forecast,06-03-2018 12:31,17002686,4 - 5,0,,1,1,1,1001,1,1001,0,0,0
140951381,SIS / Monm (F/C) 6th Mar,Forecast,06-03-2018 15:02,17002686,4 - 5,0,,1,1,1,1001,1,1001,0,0,0
140951300,RPGTV / Sheff (F/C) 6th Mar,Forecast,06-03-2018 20:43,17002687,4 - 6,0,,1,1,1,1001,1,1001,0,0,0
140953558,SIS / Crayfd (F/C) 6th Mar,Forecast,06-03-2018 20:11,17002687,4 - 6,0,,1,1,1,1001,1,1001,0,0,0
140951338,TRP / Sund (F/C) 6th Mar,Forecast,06-03-2018 15:28,17002687,4 - 6,0,,1,1,1,1001,1,1001,0,0,0
140950197,TRP / Nott (F/C) 6th Mar,Forecast,06-03-2018 11:48,17002687,4 - 6,0,,1,1,1,1001,1,1001,0,0,0
140950204,TRP / Nott (F/C) 6th Mar,Forecast,06-03-2018 13:33,17002688,5 - 1,0,,1,1,1,1001,1,1001,0,0,0
140950423,SIS / Hove (F/C) 6th Mar,Forecast,06-03-2018 18:19,17002688,5 - 1,0,,1,1,1,1001,1,1001,0,0,0
140952001,SIS / CPark (F/C) 6th Mar,Forecast,06-03-2018 13:08,17002688,5 - 1,0,,1,1,1,1001,1,1001,0,0,0
140951378,SIS / Monm (F/C) 6th Mar,Forecast,06-03-2018 14:06,17002689,5 - 2,0,,1,1,1,1001,1,1001,0,0,0
140952869,SIS / Crayfd (F/C) 6th Mar,Forecast,06-03-2018 13:16,17002689,5 - 2,0,,1,1,1,1001,1,1001,0,0,0
140953344,SIS / Henl (F/C) 6th Mar,Forecast,06-03-2018 20:37,17002689,5 - 2,0,,1,1,1,1001,1,1001,0,0,0
140951298,RPGTV / Sheff (F/C) 6th Mar,Forecast,06-03-2018 20:13,17002693,6 - 1,0,,1,1,1,1001,1,1001,0,0,0
140950457,TRP / Kinsl (F/C) 6th Mar,Forecast,06-03-2018 12:27,17002694,6 - 2,0,,1,1,1,1001,1,1001,0,0,0
140953558,SIS / Crayfd (F/C) 6th Mar,Forecast,06-03-2018 20:11,17002695,6 - 3,0,,1,1,1,1001,1,1001,0,0,0
140950457,TRP / Kinsl (F/C) 6th Mar,Forecast,06-03-2018 12:27,17002695,6 - 3,0,,1,1,1,1001,1,1001,0,0,0
140953337,SIS / Henl (F/C) 6th Mar,Forecast,06-03-2018 18:44,17002696,6 - 4,0,,1,1,1,1001,1,1001,0,0,0
140952003,SIS / CPark (F/C) 6th Mar,Forecast,06-03-2018 13:39,17002696,6 - 4,0,,1,1,1,1001,1,1001,0,0,0
140950202,TRP / Nott (F/C) 6th Mar,Forecast,06-03-2018 13:04,17002696,6 - 4,0,,1,1,1,1001,1,1001,0,0,0
140950456,TRP / Kinsl (F/C) 6th Mar,Forecast,06-03-2018 12:12,17002697,6 - 5,0,,1,1,1,1001,1,1001,0,0,0
140953339,SIS / Henl (F/C) 6th Mar,Forecast,06-03-2018 19:17,17002697,6 - 5,0,,1,1,1,1001,1,1001,0,0,0
140950413,SIS / Hove (F/C) 6th Mar,Forecast,06-03-2018 15:11,17002697,6 - 5,0,,1,1,1,1001,1,1001,0,0,0
140953563,SIS / Crayfd (F/C) 6th Mar,Forecast,06-03-2018 21:30,17002697,6 - 5,0,,1,1,1,1001,1,1001,0,0,0
140952863,SIS / Crayfd (F/C) 6th Mar,Forecast,06-03-2018 11:46,17002568,1 - 2,0,,1,1,1,1001,1,1001,0,0,0
140950458,TRP / Kinsl (F/C) 6th Mar,Forecast,06-03-2018 12:42,17002568,1 - 2,1,,1,1,1,1001,1,1001,0,0,0
140941321,AUS / Geel (AUS) 6th Mar,R2 400m Mdn,06-03-2018 05:08,17508321,5. Gunmetal Elise,0,10.129468536,1,7.43683740730568525130458665201867618786,1,1001,1,1001,291.28,0,0
140941205,AUS / Mait (AUS) 6th Mar,R5 450m Gr5,06-03-2018 09:18,17508730,4. Middle Chic,0,8.8,1,6.91523337695519411728048856484078020814,1,1001,1,1001,641.88,0,0
140950431,TRP / Kinsl 6th Mar,HC 462m,06-03-2018 11:57,17498608,4. A Night Out,0,8,1,1,1,1001,1,1001,0,0,0
140941397,NZL / Addi (NZL) 6th mar,R8 295m C1,06-03-2018 03:24,17508057,8. Renegade Comet,0,,1,19.954887218045112781954887218045112782,1,1001,1,1001,7.98,0,0
140941153,AUS / Devn (AUS) 6th Mar,R1 452m Gr6,06-03-2018 01:47,17508141,8. Benky Bomber,0,9.4,1,9.34054737042864635483717160158298765079,1,1001,1,1001,419.46,0,0
140953458,SIS / Crayfd 6th Mar,A8 380m,06-03-2018 21:45,17504543,3. Zenas Clare,1,8.282774863800729,1,1,1,1001,1,1001,0,0,0
140941219,AUS / Lism (AUS) 6th Mar,R1 420m Mdn,06-03-2018 07:40,17409307,2. Adios Dorado,1,7.8,1,6.55780946837407838571982925882809468374,1,1001,1,1001,618.48,0,0
140951294,RPGTV / Sheff (F/C) 6th Mar,Forecast,06-03-2018 19:11,6953192,1 - 5,0,,1,1,1,1001,1,1001,0,0,0
140951382,SIS / Monm (F/C) 6th Mar,Forecast,06-03-2018 15:19,6953192,1 - 5,0,,1,1,1,1001,1,1001,0,0,0
140950371,SIS / Hove 6th Mar,D3 285m,06-03-2018 14:52,8388236,3. Maireads Mist,0,6.089681430720956,1,1,1,1001,1,1001,0,0,0
140950178,TRP / Nott 6th Mar,A3 500m,06-03-2018 13:33,10427057,4. Ksara Sara,0,19,1,1,1,1001,1,1001,0,0,0
140950180,TRP / Nott 6th Mar,A4 500m,06-03-2018 13:51,10775120,5. Dark Brindle,0,12.666111284,1,1,1,1001,1,1001,0,0,0
140950162,TRP / Nott 6th Mar,A1 500m,06-03-2018 11:34,10911854,3. Upward Mario,0,10.5,1,1,1,1001,1,1001,0,0,0
140951902,SIS / CPark 6th Mar,A1 480m,06-03-2018 13:08,11109741,3. Shaneboy Sol,0,11.164587788487552,1,1,1,1001,1,1001,0,0,0
140950433,TRP / Kinsl 6th Mar,D4 268m,06-03-2018 12:12,11211734,6. Avenue Drum,0,5.2,1,1,1,1001,1,1001,0,0,0
140941157,AUS / Devn (AUS) 6th Mar,R3 452m Gr5,06-03-2018 02:27,11810293,4. Whoop Bang,0,9.84489479935728,1,8.7861310551667726983549940925202217577,1,1001,1,1001,440.12,0,0
140941191,AUS / Ipsw (AUS) 6th Mar,R9 431m Gr5,06-03-2018 07:30,11776399,6. Haras Hook,0,5.6,1,5.4109362783424550430023455824863174355,1,1001,1,1001,1637.12,0,0
140941179,AUS / Devn (AUS) 6th Mar,R9 452m Gr4,06-03-2018 04:27,12391767,4. Free Spins,0,55,1,32.4071869736103312745648512071869736103,1,1001,1,1001,178.1,0,0
140952569,SIS / Crayfd 6th Mar,A5 380m,06-03-2018 13:01,12400302,2. Ballyard Cuckoo,0,3.459921933,1,1,1,1001,1,1001,0,0,0
140941203,AUS / Mait (AUS) 6th Mar,R4 400m Gr5,06-03-2018 08:58,12542683,2. Ellkey,0,18.23686183281243,1,15.1014568158168574401664932362122788762,1,1001,1,1001,76.88,0,0
140941283,NZL / AsPk (NZL) 6th Mar,R12 457m C1,06-03-2018 02:19,13028601,6. Awesome Annie,0,,1,32.5,1,1001,1,1001,4.24,0,0
140950373,SIS / Hove 6th Mar,A4 515m,06-03-2018 15:11,13079983,6. Killeacle Jet,0,8.6,1,1,1,1001,1,1001,0,0,0
140941249,AUS / Lism (AUS) 6th Mar,R10 420m Gr5,06-03-2018 10:45,13218779,6. Suens Boy,0,9.6,1,7.95644319314915830840518505484192621268,1,1001,1,1001,1022.94,0,0
140950443,TRP / Kinsl 6th Mar,D3 268m,06-03-2018 13:27,13285535,2. Footfield Nemo,0,11,1,1,1,1001,1,1001,0,0,0
140941271,NZL / AsPk (NZL) 6th Mar,R6 457m C0,06-03-2018 00:35,13442590,6. Melting World,0,,1,25.1323529411764705882352941176470588235,1,1001,1,1001,2.72,0,0
140941191,AUS / Ipsw (AUS) 6th Mar,R9 431m Gr5,06-03-2018 07:30,14424322,7. Good Golly Olly,0,25,1,21.0315946452105153638066171880418949851,1,1001,1,1001,576.68,0,0
140953018,SIS / Henl 6th Mar,A4 460m,06-03-2018 20:06,14445455,6. Bunnys Money,0,3.85,1,1,1,1001,1,1001,0,0,0
141000106,Match Bets / Poole (AvB) 6th Mar,Springberry Noir v Sevenofnine,06-03-2018 20:22,14611229,6. Sevenofnine,1,,1,1,1,1001,1,1001,0,0,0
141000125,Match Bets / Sheff (AvB) 6th Mar,Geelo Rush v Geelo Jenga,06-03-2018 21:50,15343106,3. Geelo Rush,0,,1,1,1,1001,1,1001,0,0,0
140951269,RPGTV / Sheff 6th Mar,OR 480m,06-03-2018 19:11,16242276,4. Fearsome Turbo,0,13.13180857846979,1,1,1,1001,1,1001,0,0,0
140950387,SIS / Hove 6th Mar,A8 515m,06-03-2018 17:28,16426940,4. Riverside Prince,0,10.095481268176808,1,1,1,1001,1,1001,0,0,0
140941161,AUS / Ipsw (AUS) 6th Mar,R2 431m Heat,06-03-2018 05:12,16468755,1. Rosdue Barista,1,11,1,9.56863841365686384136568638413656863841,1,1001,1,1001,536.58,0,0
140953012,SIS / Henl 6th Mar,A5 460m,06-03-2018 19:17,16913685,5. Savana Moll,0,5.857584312737454,1,1,1,1001,1,1001,0,0,0
140953560,SIS / Crayfd (F/C) 6th Mar,Forecast,06-03-2018 20:42,17002741,5 - 6,0,,1,1,1,1001,1,1001,0,0,0
140951384,SIS / Monm (F/C) 6th Mar,Forecast,06-03-2018 15:59,17002741,5 - 6,0,,1,1,1,1001,1,1001,0,0,0
140951347,TRP / Sund (F/C) 6th Mar,Forecast,06-03-2018 18:11,17002741,5 - 6,0,,1,1,1,1001,1,1001,0,0,0
140953344,SIS / Henl (F/C) 6th Mar,Forecast,06-03-2018 20:37,17002741,5 - 6,0,,1,1,1,1001,1,1001,0,0,0
140950199,TRP / Nott (F/C) 6th Mar,Forecast,06-03-2018 12:18,17002631,1 - 4,0,,1,1,1,1001,1,1001,0,0,0
140950203,TRP / Nott (F/C) 6th Mar,Forecast,06-03-2018 13:19,17002632,1 - 6,0,,1,1,1,1001,1,1001,0,0,0
140951303,RPGTV / Sheff (F/C) 6th Mar,Forecast,06-03-2018 21:32,17002633,2 - 1,0,,1,1,1,1001,1,1001,0,0,0
140951388,SIS / Monm (F/C) 6th Mar,Forecast,06-03-2018 17:18,17002633,2 - 1,0,,1,1,1,1001,1,1001,0,0,0
140950421,SIS / Hove (F/C) 6th Mar,Forecast,06-03-2018 17:44,17002633,2 - 1,0,,1,1,1,1001,1,1001,0,0,0
140952003,SIS / CPark (F/C) 6th Mar,Forecast,06-03-2018 13:39,17002636,2 - 4,0,,1,1,1,1001,1,1001,0,0,0
140950421,SIS / Hove (F/C) 6th Mar,Forecast,06-03-2018 17:44,17002636,2 - 4,0,,1,1,1,1001,1,1001,0,0,0
140954336,RPGTV / Poole (F/C) 6th Mar,Forecast,06-03-2018 19:52,17002637,2 - 5,0,,1,1,1,1001,1,1001,0,0,0
140954339,RPGTV / Poole (F/C) 6th Mar,Forecast,06-03-2018 20:37,17002639,2 - 6,0,,1,1,1,1001,1,1001,0,0,0
140950456,TRP / Kinsl (F/C) 6th Mar,Forecast,06-03-2018 12:12,17002674,3 - 1,0,,1,1,1,1001,1,1001,0,0,0
140950411,SIS / Hove (F/C) 6th Mar,Forecast,06-03-2018 14:32,17002674,3 - 1,0,,1,1,1,1001,1,1001,0,0,0
140950410,SIS / Hove (F/C) 6th Mar,Forecast,06-03-2018 14:12,17002674,3 - 1,0,,1,1,1,1001,1,1001,0,0,0
140951345,TRP / Sund (F/C) 6th Mar,Forecast,06-03-2018 17:38,17002675,3 - 2,0,,1,1,1,1001,1,1001,0,0,0
140954338,RPGTV / Poole (F/C) 6th Mar,Forecast,06-03-2018 20:22,17002675,3 - 2,0,,1,1,1,1001,1,1001,0,0,0
140954332,RPGTV / Poole (F/C) 6th Mar,Forecast,06-03-2018 18:48,17002675,3 - 2,0,,1,1,1,1001,1,1001,0,0,0
140950199,TRP / Nott (F/C) 6th Mar,Forecast,06-03-2018 12:18,17002677,3 - 4,0,,1,1,1,1001,1,1001,0,0,0
140950422,SIS / Hove (F/C) 6th Mar,Forecast,06-03-2018 18:02,17002677,3 - 4,0,,1,1,1,1001,1,1001,0,0,0
140951335,TRP / Sund (F/C) 6th Mar,Forecast,06-03-2018 14:27,17002677,3 - 4,0,,1,1,1,1001,1,1001,0,0,0
140950415,SIS / Hove (F/C) 6th Mar,Forecast,06-03-2018 15:49,17002678,3 - 5,1,,1,1,1,1001,1,1001,0,0,0
140952001,SIS / CPark (F/C) 6th Mar,Forecast,06-03-2018 13:08,17002679,3 - 6,0,,1,1,1,1001,1,1001,0,0,0
140951301,RPGTV / Sheff (F/C) 6th Mar,Forecast,06-03-2018 20:58,17002680,4 - 1,0,,1,1,1,1001,1,1001,0,0,0
140950199,TRP / Nott (F/C) 6th Mar,Forecast,06-03-2018 12:18,17002683,4 - 2,0,,1,1,1,1001,1,1001,0,0,0
140951340,TRP / Sund (F/C) 6th Mar,Forecast,06-03-2018 16:08,17002683,4 - 2,0,,1,1,1,1001,1,1001,0,0,0
140951380,SIS / Monm (F/C) 6th Mar,Forecast,06-03-2018 14:42,17002683,4 - 2,0,,1,1,1,1001,1,1001,0,0,0
140951343,TRP / Sund (F/C) 6th Mar,Forecast,06-03-2018 17:07,17002683,4 - 2,0,,1,1,1,1001,1,1001,0,0,0
140951300,RPGTV / Sheff (F/C) 6th Mar,Forecast,06-03-2018 20:43,17002684,4 - 3,0,,1,1,1,1001,1,1001,0,0,0
140951293,RPGTV / Sheff (F/C) 6th Mar,Forecast,06-03-2018 18:56,17002684,4 - 3,0,,1,1,1,1001,1,1001,0,0,0
140953562,SIS / Crayfd (F/C) 6th Mar,Forecast,06-03-2018 21:16,17002684,4 - 3,0,,1,1,1,1001,1,1001,0,0,0
140950455,TRP / Kinsl (F/C) 6th Mar,Forecast,06-03-2018 11:57,17002686,4 - 5,0,,1,1,1,1001,1,1001,0,0,0
140951391,SIS / Monm (F/C) 6th Mar,Forecast,06-03-2018 18:09,17002686,4 - 5,0,,1,1,1,1001,1,1001,0,0,0
140952870,SIS / Crayfd (F/C) 6th Mar,Forecast,06-03-2018 13:31,17002686,4 - 5,0,,1,1,1,1001,1,1001,0,0,0
140952860,SIS / Crayfd (F/C) 6th Mar,Forecast,06-03-2018 11:01,17002687,4 - 6,0,,1,1,1,1001,1,1001,0,0,0
140952867,SIS / Crayfd (F/C) 6th Mar,Forecast,06-03-2018 12:46,17002687,4 - 6,0,,1,1,1,1001,1,1001,0,0,0
140951334,TRP / Sund (F/C) 6th Mar,Forecast,06-03-2018 14:08,17002687,4 - 6,0,,1,1,1,1001,1,1001,0,0,0
140953560,SIS / Crayfd (F/C) 6th Mar,Forecast,06-03-2018 20:42,17002688,5 - 1,0,,1,1,1,1001,1,1001,0,0,0
140951335,TRP / Sund (F/C) 6th Mar,Forecast,06-03-2018 14:27,17002688,5 - 1,0,,1,1,1,1001,1,1001,0,0,0
140954339,RPGTV / Poole (F/C) 6th Mar,Forecast,06-03-2018 20:37,17002688,5 - 1,0,,1,1,1,1001,1,1001,0,0,0
140951346,TRP / Sund (F/C) 6th Mar,Forecast,06-03-2018 17:56,17002688,5 - 1,0,,1,1,1,1001,1,1001,0,0,0
140950411,SIS / Hove (F/C) 6th Mar,Forecast,06-03-2018 14:32,17002688,5 - 1,0,,1,1,1,1001,1,1001,0,0,0
140951993,SIS / CPark (F/C) 6th Mar,Forecast,06-03-2018 11:09,17002689,5 - 2,0,,1,1,1,1001,1,1001,0,0,0
140951296,RPGTV / Sheff (F/C) 6th Mar,Forecast,06-03-2018 19:42,17002689,5 - 2,0,,1,1,1,1001,1,1001,0,0,0
140950415,SIS / Hove (F/C) 6th Mar,Forecast,06-03-2018 15:49,17002689,5 - 2,0,,1,1,1,1001,1,1001,0,0,0
140954337,RPGTV / Poole (F/C) 6th Mar,Forecast,06-03-2018 20:07,17002690,5 - 3,0,,1,1,1,1001,1,1001,0,0,0
140953559,SIS / Crayfd (F/C) 6th Mar,Forecast,06-03-2018 20:26,17002690,5 - 3,0,,1,1,1,1001,1,1001,0,0,0
140951380,SIS / Monm (F/C) 6th Mar,Forecast,06-03-2018 14:42,17002690,5 - 3,0,,1,1,1,1001,1,1001,0,0,0
140953558,SIS / Crayfd (F/C) 6th Mar,Forecast,06-03-2018 20:11,17002693,6 - 1,0,,1,1,1,1001,1,1001,0,0,0
140950454,TRP / Kinsl (F/C) 6th Mar,Forecast,06-03-2018 11:42,17002693,6 - 1,0,,1,1,1,1001,1,1001,0,0,0
140950204,TRP / Nott (F/C) 6th Mar,Forecast,06-03-2018 13:33,17002694,6 - 2,0,,1,1,1,1001,1,1001,0,0,0
140950194,TRP / Nott (F/C) 6th Mar,Forecast,06-03-2018 11:03,17002694,6 - 2,0,,1,1,1,1001,1,1001,0,0,0
140953343,SIS / Henl (F/C) 6th Mar,Forecast,06-03-2018 20:21,17002695,6 - 3,0,,1,1,1,1001,1,1001,0,0,0
140953562,SIS / Crayfd (F/C) 6th Mar,Forecast,06-03-2018 21:16,17002695,6 - 3,0,,1,1,1,1001,1,1001,0,0,0
140953344,SIS / Henl (F/C) 6th Mar,Forecast,06-03-2018 20:37,17002695,6 - 3,0,,1,1,1,1001,1,1001,0,0,0
140951340,TRP / Sund (F/C) 6th Mar,Forecast,06-03-2018 16:08,17002697,6 - 5,0,,1,1,1,1001,1,1001,0,0,0
140941267,NZL / AsPk (NZL) 6th Mar,R4 390m C5,06-03-2018 00:00,17190564,10. Know Hassle,0,,1,10.5541958041958041958041958041958041958,1,1001,1,1001,5.72,0,0
140951267,RPGTV / Sheff 6th Mar,OR 280m,06-03-2018 18:56,17390971,3. Iris Bloom,1,7.314679849682143,1,1,1,1001,1,1001,0,0,0
140941335,AUS / Geel (AUS) 6th Mar,R9 400m Mdn,06-03-2018 07:34,17508344,5. Deep Creek Girl,0,2.640696759,1,2.4244806149467696610658901195960495747,1,1001,1,1001,10597.34,0,0
140941391,NZL / Addi (NZL) 6th mar,R5 520m C0,06-03-2018 02:24,17508047,4. Opawa Lawsey,1,,1,1.7651331524469902522359561853080092453,1,1001,1,1001,1592.16,0,0
140953006,SIS / Henl 6th Mar,A9 460m,06-03-2018 18:27,17504756,4. Blackrose Angus,1,3.7372235062021355,1,1,1,1001,1,1001,0,0,0
140953018,SIS / Henl 6th Mar,A4 460m,06-03-2018 20:06,17405923,4. Ferndale Joanna,0,7.4,1,1,1,1001,1,1001,0,0,0
140951894,SIS / CPark 6th Mar,A9 480m,06-03-2018 12:09,17437888,6. Deecees Santa,0,15.865476608141321,1,1,1,1001,1,1001,0,0,0
140941179,AUS / Devn (AUS) 6th Mar,R9 452m Gr4,06-03-2018 04:27,17508235,1. Hemsworth,1,1.1208595663063354,1,1.14086865180531080137149016590492467087,1,1001,1,1001,22562.32,0,0
140941161,AUS / Ipsw (AUS) 6th Mar,R2 431m Heat,06-03-2018 05:12,17508630,5. Braxton Hayze,0,9.658829955826516,1,7.94788430502319951583619124470445834174,1,1001,1,1001,793.12,0,0
140954335,RPGTV / Poole (F/C) 6th Mar,Forecast,06-03-2018 19:37,6953192,1 - 5,0,,1,1,1,1001,1,1001,0,0,0
140951346,TRP / Sund (F/C) 6th Mar,Forecast,06-03-2018 17:56,6953192,1 - 5,0,,1,1,1,1001,1,1001,0,0,0
140941300,AUS / Gawl (AUS) 6th Mar,R6 400m Gr4/5,06-03-2018 02:56,10732761,6. Petite Belle,0,65,1,43.4662889518413597733711048158640226629,1,1001,1,1001,35.3,0,0
140950166,TRP / Nott 6th Mar,A4 500m,06-03-2018 12:04,10897811,4. Townside Sonny,0,7.2,1,1,1,1001,1,1001,0,0,0
140941395,NZL / Addi (NZL) 6th mar,R7 520m C1,06-03-2018 03:07,11578430,3. Velvet Girl,0,,1,4.37677324926818284170231929745552803423,1,1001,1,1001,177.64,0,0
140941237,AUS / Lism (AUS) 6th Mar,R8 420m Gr5,06-03-2018 10:05,12264611,1. Slick Gambler,0,12.5,1,10.0853221914058279004430356949897345388,1,1001,1,1001,555.26,0,0
140953690,RPGTV / Poole 6th Mar,A5 450m,06-03-2018 21:22,12793631,3. Pat For Wine,0,3.85,1,1,1,1001,1,1001,0,0,0
140941283,NZL / AsPk (NZL) 6th Mar,R12 457m C1,06-03-2018 02:19,12892905,2. Homebush Ragna,0,,1,3.63312379110251450676982591876208897485,1,1001,1,1001,20.68,0,0
140953452,SIS / Crayfd 6th Mar,A8 380m,06-03-2018 20:58,15322631,5. Mums Love,0,4.862232719757305,1,1,1,1001,1,1001,0,0,0
140941335,AUS / Geel (AUS) 6th Mar,R9 400m Mdn,06-03-2018 07:34,15326243,1. Elles Toy,1,5.5691792007512415,1,5.28257098363030566420396928871505142692,1,1001,1,1001,1104.48,0,0
141000123,Match Bets / Sheff (AvB) 6th Mar,Bull Run Button v Droopys Expert,06-03-2018 21:14,15487208,2. Droopys Expert,0,,1,1,1,1001,1,1001,0,0,0
140951327,TRP / Sund 6th Mar,A3 450m,06-03-2018 17:38,15610881,4. Mineola Mary,1,4.6,1,1,1,1001,1,1001,0,0,0
140964311,NZL / Hatr (NZL) 7th Mar,R3 305m Final,06-03-2018 23:51,16155578,1. Homebush Asher,0,,1,1,1,1001,1,1001,0,0,0
140941215,AUS / Mait (AUS) 6th Mar,R10 400m Gr5,06-03-2018 10:58,16385052,4. Dark Knight,0,10.5,1,11.3250473305566073457023854600530102234,1,1001,1,1001,528.2,0,0
140941333,AUS / Geel (AUS) 6th Mar,R8 460m Gr7,06-03-2018 07:14,16297397,8. Avalon Sisco,0,4.096227636602123,1,3.67111967450412738155784202495989984742,1,1001,1,1001,2556.1,0,0
140941143,AUS / Town (AUS) 6th Mar,R8 498m Final,06-03-2018 11:12,16795922,7. Licorice Shot,0,4,1,1,1,1001,1,1001,0,0,0
140941341,AUS / Cran (AUS) 6th Mar,R5 520m Rest,06-03-2018 09:08,16874278,1. So Easy,0,6.855578115522803,1,6.11106123701398325516153070617630298514,1,1001,1,1001,2281.3,0,0
140951273,RPGTV / Sheff 6th Mar,OR 500m,06-03-2018 19:42,16887925,5. Rastaboombasta,0,4.15711048275247,1,1,1,1001,1,1001,0,0,0
140954337,RPGTV / Poole (F/C) 6th Mar,Forecast,06-03-2018 20:07,17002741,5 - 6,0,,1,1,1,1001,1,1001,0,0,0
140952863,SIS / Crayfd (F/C) 6th Mar,Forecast,06-03-2018 11:46,17002741,5 - 6,0,,1,1,1,1001,1,1001,0,0,0
140951998,SIS / CPark (F/C) 6th Mar,Forecast,06-03-2018 12:24,17002741,5 - 6,0,,1,1,1,1001,1,1001,0,0,0
140941375,AUS / Mand (AUS) 6th Mar,R8 405m Nvce,06-03-2018 12:22,17235118,5. Sticky Vicki,0,9.8,1,1,1,1001,1,1001,0,0,0
140941325,AUS / Geel (AUS) 6th Mar,R4 400m Mdn,06-03-2018 05:54,17080357,3. Kitboolou Ragsy,0,3.574833127,1,2.61253552506151765723026447050477731717,1,1001,1,1001,3608.72,0,0
140941391,NZL / Addi (NZL) 6th mar,R5 520m C0,06-03-2018 02:24,17033011,3. Lucky Blair,0,,1,7.13842848373235113566605279312461632904,1,1001,1,1001,32.58,0,0
140951293,RPGTV / Sheff (F/C) 6th Mar,Forecast,06-03-2018 18:56,17002630,1 - 3,0,,1,1,1,1001,1,1001,0,0,0
140950462,TRP / Kinsl (F/C) 6th Mar,Forecast,06-03-2018 13:44,17002630,1 - 3,1,,1,1,1,1001,1,1001,0,0,0
140950204,TRP / Nott (F/C) 6th Mar,Forecast,06-03-2018 13:33,17002632,1 - 6,0,,1,1,1,1001,1,1001,0,0,0
140952864,SIS / Crayfd (F/C) 6th Mar,Forecast,06-03-2018 12:01,17002633,2 - 1,0,,1,1,1,1001,1,1001,0,0,0
140952867,SIS / Crayfd (F/C) 6th Mar,Forecast,06-03-2018 12:46,17002633,2 - 1,0,,1,1,1,1001,1,1001,0,0,0
140951389,SIS / Monm (F/C) 6th Mar,Forecast,06-03-2018 17:37,17002635,2 - 3,0,,1,1,1,1001,1,1001,0,0,0
140951343,TRP / Sund (F/C) 6th Mar,Forecast,06-03-2018 17:07,17002635,2 - 3,0,,1,1,1,1001,1,1001,0,0,0
140954337,RPGTV / Poole (F/C) 6th Mar,Forecast,06-03-2018 20:07,17002636,2 - 4,0,,1,1,1,1001,1,1001,0,0,0
140954341,RPGTV / Poole (F/C) 6th Mar,Forecast,06-03-2018 21:07,17002636,2 - 4,0,,1,1,1,1001,1,1001,0,0,0
140951994,SIS / CPark (F/C) 6th Mar,Forecast,06-03-2018 11:24,17002637,2 - 5,0,,1,1,1,1001,1,1001,0,0,0
140953339,SIS / Henl (F/C) 6th Mar,Forecast,06-03-2018 19:17,17002637,2 - 5,0,,1,1,1,1001,1,1001,0,0,0
140953564,SIS / Crayfd (F/C) 6th Mar,Forecast,06-03-2018 21:45,17002637,2 - 5,0,,1,1,1,1001,1,1001,0,0,0
140953341,SIS / Henl (F/C) 6th Mar,Forecast,06-03-2018 19:49,17002637,2 - 5,0,,1,1,1,1001,1,1001,0,0,0
140953337,SIS / Henl (F/C) 6th Mar,Forecast,06-03-2018 18:44,17002674,3 - 1,0,,1,1,1,1001,1,1001,0,0,0
140950461,TRP / Kinsl (F/C) 6th Mar,Forecast,06-03-2018 13:27,17002674,3 - 1,0,,1,1,1,1001,1,1001,0,0,0
140954332,RPGTV / Poole (F/C) 6th Mar,Forecast,06-03-2018 18:48,17002674,3 - 1,0,,1,1,1,1001,1,1001,0,0,0
140953340,SIS / Henl (F/C) 6th Mar,Forecast,06-03-2018 19:33,17002679,3 - 6,0,,1,1,1,1001,1,1001,0,0,0
140950205,TRP / Nott (F/C) 6th Mar,Forecast,06-03-2018 13:51,17002683,4 - 2,0,,1,1,1,1001,1,1001,0,0,0
140952002,SIS / CPark (F/C) 6th Mar,Forecast,06-03-2018 13:22,17002683,4 - 2,0,,1,1,1,1001,1,1001,0,0,0
140951378,SIS / Monm (F/C) 6th Mar,Forecast,06-03-2018 14:06,17002686,4 - 5,0,,1,1,1,1001,1,1001,0,0,0
140952860,SIS / Crayfd (F/C) 6th Mar,Forecast,06-03-2018 11:01,17002686,4 - 5,0,,1,1,1,1001,1,1001,0,0,0
140951343,TRP / Sund (F/C) 6th Mar,Forecast,06-03-2018 17:07,17002686,4 - 5,0,,1,1,1,1001,1,1001,0,0,0
140950419,SIS / Hove (F/C) 6th Mar,Forecast,06-03-2018 17:08,17002686,4 - 5,0,,1,1,1,1001,1,1001,0,0,0
140950459,TRP / Kinsl (F/C) 6th Mar,Forecast,06-03-2018 12:58,17002687,4 - 6,0,,1,1,1,1001,1,1001,0,0,0
140951339,TRP / Sund (F/C) 6th Mar,Forecast,06-03-2018 15:48,17002687,4 - 6,0,,1,1,1,1001,1,1001,0,0,0
140951994,SIS / CPark (F/C) 6th Mar,Forecast,06-03-2018 11:24,17002688,5 - 1,0,,1,1,1,1001,1,1001,0,0,0
140951996,SIS / CPark (F/C) 6th Mar,Forecast,06-03-2018 11:54,17002689,5 - 2,0,,1,1,1,1001,1,1001,0,0,0
140950417,SIS / Hove (F/C) 6th Mar,Forecast,06-03-2018 16:29,17002690,5 - 3,0,,1,1,1,1001,1,1001,0,0,0
140954342,RPGTV / Poole (F/C) 6th Mar,Forecast,06-03-2018 21:22,17002690,5 - 3,1,,1,1,1,1001,1,1001,0,0,0
140951301,RPGTV / Sheff (F/C) 6th Mar,Forecast,06-03-2018 20:58,17002691,5 - 4,0,,1,1,1,1001,1,1001,0,0,0
140950205,TRP / Nott (F/C) 6th Mar,Forecast,06-03-2018 13:51,17002691,5 - 4,0,,1,1,1,1001,1,1001,0,0,0
140953552,SIS / Crayfd (F/C) 6th Mar,Forecast,06-03-2018 18:33,17002693,6 - 1,0,,1,1,1,1001,1,1001,0,0,0
140950415,SIS / Hove (F/C) 6th Mar,Forecast,06-03-2018 15:49,17002693,6 - 1,0,,1,1,1,1001,1,1001,0,0,0
140952867,SIS / Crayfd (F/C) 6th Mar,Forecast,06-03-2018 12:46,17002693,6 - 1,0,,1,1,1,1001,1,1001,0,0,0
140951387,SIS / Monm (F/C) 6th Mar,Forecast,06-03-2018 16:58,17002693,6 - 1,0,,1,1,1,1001,1,1001,0,0,0
140951380,SIS / Monm (F/C) 6th Mar,Forecast,06-03-2018 14:42,17002695,6 - 3,0,,1,1,1,1001,1,1001,0,0,0
140951303,RPGTV / Sheff (F/C) 6th Mar,Forecast,06-03-2018 21:32,17002695,6 - 3,0,,1,1,1,1001,1,1001,0,0,0
140953338,SIS / Henl (F/C) 6th Mar,Forecast,06-03-2018 19:02,17002697,6 - 5,0,,1,1,1,1001,1,1001,0,0,0
140951298,RPGTV / Sheff (F/C) 6th Mar,Forecast,06-03-2018 20:13,17002697,6 - 5,0,,1,1,1,1001,1,1001,0,0,0
140951346,TRP / Sund (F/C) 6th Mar,Forecast,06-03-2018 17:56,17002568,1 - 2,0,,1,1,1,1001,1,1001,0,0,0
140941271,NZL / AsPk (NZL) 6th Mar,R6 457m C0,06-03-2018 00:35,17507823,1. Zara Zoe,0,,1,3.65277333333333333333333333333333333333,1,1001,1,1001,150,0,0
140950433,TRP / Kinsl 6th Mar,D4 268m,06-03-2018 12:12,17498612,2. Wee Frosty,0,12.80051264533948,1,1,1,1001,1,1001,0,0,0
140950160,TRP / Nott 6th Mar,A5 500m,06-03-2018 11:19,17517056,2. Roscoes Meadow (Res),0,19.457288703873054,1,1,1,1001,1,1001,0,0,0
140951526,Greyhound Racing / Trap Challenge,Crayfd & Cpark Trap Challenge,06-03-2018 11:01,5857,Trap 1,0,,3.00555555555555555555555555555555555556,3.00555555555555555555555555555555555556,1,1001,1,1001,216,216,0
140951584,Greyhound Racing / Trap Challenge,Sheff & Poole Trap Challenge,06-03-2018 18:22,5858,Trap 2,0,,5.39732370497707391571520705800879789969,1,6,4.8,1,1001,0,392.34,8
140950414,SIS / Hove (F/C) 6th Mar,Forecast,06-03-2018 15:29,6953192,1 - 5,0,,1,1,1,1001,1,1001,0,0,0
140954332,RPGTV / Poole (F/C) 6th Mar,Forecast,06-03-2018 18:48,6953192,1 - 5,0,,1,1,1,1001,1,1001,0,0,0
140950174,TRP / Nott 6th Mar,A6 500m,06-03-2018 13:04,8589640,2. Capla Crusader,0,12.547887040532949,1,1,1,1001,1,1001,0,0,0
140952559,SIS / Crayfd 6th Mar,S3 540m,06-03-2018 11:46,12002229,3. Kentish Dream,0,4.5,1,5.09996064037785237261722287466040326013,1,1001,1,1001,10,0,0
140951289,RPGTV / Sheff 6th Mar,A1 500m,06-03-2018 21:50,12275291,4. Geelo Jenga,0,10.5,1,1,1,1001,1,1001,0,0,0
140941302,AUS / Gawl (AUS) 6th Mar,R7 531m Gr6,06-03-2018 03:14,12807249,2. Fast Fyfe,0,3.9503441147800182,1,3.81220889645928738970177594102535462973,1,1001,1,1001,1432.48,0,0
140941357,AUS / Cran (AUS) 6th Mar,R11 311m Gr5,06-03-2018 11:09,12827120,8. Crickets Dash,1,3.6,1,1,1,1001,1,1001,0,0,0
140950176,TRP / Nott 6th Mar,A4 500m,06-03-2018 13:19,13227797,4. Salacres Glen,0,4.8,1,1,1,1001,1,1001,0,0,0
140941403,NZL / Addi (NZL) 6th mar,R11 520m C1,06-03-2018 04:17,13442615,3. Black Eye Bill,0,,1,26.2566037735849056603773584905660377359,1,1001,1,1001,5.3,0,0
140953024,SIS / Henl 6th Mar,A3 460m,06-03-2018 20:53,13746941,2. Drumcrow Chris,0,2.4300899428259815,1,1,1,1001,1,1001,0,0,0
140941205,AUS / Mait (AUS) 6th Mar,R5 450m Gr5,06-03-2018 09:18,14424635,6. Point And Run,0,12.5,1,10.8005370688223243452743480427440341066,1,1001,1,1001,361.22,0,0
140941371,AUS / Mand (AUS) 6th Mar,R6 490m Nvce,06-03-2018 11:45,15155417,6. Nothing To Prove,0,8.226534009581831,1,1,1,1001,1,1001,0,0,0
140951313,TRP / Sund 6th Mar,HC 261m,06-03-2018 15:28,15215231,2. Decisive Move,1,10.39922305285523,1,1,1,1001,1,1001,0,0,0
140950439,TRP / Kinsl 6th Mar,A5 462m,06-03-2018 12:58,15215341,3. Corrin Sue,1,4.5,1,1,1,1001,1,1001,0,0,0
140941183,AUS / Devn (AUS) 6th Mar,R10 452m Gr5,06-03-2018 04:44,15313172,8. Onassis,1,4.427155212873477,1,3.63624713603355209506426934876315482894,1,1001,1,1001,1545.06,0,0
140951355,SIS / Monm 6th Mar,S2 630m,06-03-2018 15:02,16029658,1. Ballydoyle Coco,1,4.380175024,1,1,1,1001,1,1001,0,0,0
140953676,RPGTV / Poole 6th Mar,A5 450m,06-03-2018 19:37,16350939,4. Corban Kash,1,5.2404980095458455,1,1,1,1001,1,1001,0,0,0
140951894,SIS / CPark 6th Mar,A9 480m,06-03-2018 12:09,16801597,1. Orbital Princess,0,10.86913694829306,1,1,1,1001,1,1001,0,0,0
140951357,SIS / Monm 6th Mar,A7 480m,06-03-2018 15:19,16728281,4. Millies Lad,0,5.01030269,1,1,1,1001,1,1001,0,0,0
140941333,AUS / Geel (AUS) 6th Mar,R8 460m Gr7,06-03-2018 07:14,16732695,7. Dyna Xerox,1,4.6,1,4.11158872359661379140297526095175474645,1,1001,1,1001,1216.7,0,0
140950420,SIS / Hove (F/C) 6th Mar,Forecast,06-03-2018 17:28,17002741,5 - 6,0,,1,1,1,1001,1,1001,0,0,0
140953553,SIS / Crayfd (F/C) 6th Mar,Forecast,06-03-2018 18:49,17002741,5 - 6,0,,1,1,1,1001,1,1001,0,0,0
140951336,TRP / Sund (F/C) 6th Mar,Forecast,06-03-2018 14:47,17002630,1 - 3,0,,1,1,1,1001,1,1001,0,0,0
140951335,TRP / Sund (F/C) 6th Mar,Forecast,06-03-2018 14:27,17002630,1 - 3,0,,1,1,1,1001,1,1001,0,0,0
140950410,SIS / Hove (F/C) 6th Mar,Forecast,06-03-2018 14:12,17002630,1 - 3,0,,1,1,1,1001,1,1001,0,0,0
140950202,TRP / Nott (F/C) 6th Mar,Forecast,06-03-2018 13:04,17002631,1 - 4,0,,1,1,1,1001,1,1001,0,0,0
140950419,SIS / Hove (F/C) 6th Mar,Forecast,06-03-2018 17:08,17002632,1 - 6,0,,1,1,1,1001,1,1001,0,0,0
140953336,SIS / Henl (F/C) 6th Mar,Forecast,06-03-2018 18:27,17002633,2 - 1,0,,1,1,1,1001,1,1001,0,0,0
140950200,TRP / Nott (F/C) 6th Mar,Forecast,06-03-2018 12:32,17002633,2 - 1,1,,1,1,1,1001,1,1001,0,0,0
140953552,SIS / Crayfd (F/C) 6th Mar,Forecast,06-03-2018 18:33,17002633,2 - 1,0,,1,1,1,1001,1,1001,0,0,0
140951386,SIS / Monm (F/C) 6th Mar,Forecast,06-03-2018 16:39,17002633,2 - 1,0,,1,1,1,1001,1,1001,0,0,0
140951347,TRP / Sund (F/C) 6th Mar,Forecast,06-03-2018 18:11,17002633,2 - 1,0,,1,1,1,1001,1,1001,0,0,0
140950195,TRP / Nott (F/C) 6th Mar,Forecast,06-03-2018 11:19,17002635,2 - 3,0,,1,1,1,1001,1,1001,0,0,0
140954338,RPGTV / Poole (F/C) 6th Mar,Forecast,06-03-2018 20:22,17002635,2 - 3,0,,1,1,1,1001,1,1001,0,0,0
140953562,SIS / Crayfd (F/C) 6th Mar,Forecast,06-03-2018 21:16,17002635,2 - 3,0,,1,1,1,1001,1,1001,0,0,0
140953561,SIS / Crayfd (F/C) 6th Mar,Forecast,06-03-2018 20:58,17002635,2 - 3,0,,1,1,1,1001,1,1001,0,0,0
140950199,TRP / Nott (F/C) 6th Mar,Forecast,06-03-2018 12:18,17002637,2 - 5,0,,1,1,1,1001,1,1001,0,0,0
140951997,SIS / CPark (F/C) 6th Mar,Forecast,06-03-2018 12:09,17002637,2 - 5,0,,1,1,1,1001,1,1001,0,0,0
140954334,RPGTV / Poole (F/C) 6th Mar,Forecast,06-03-2018 19:22,17002674,3 - 1,0,,1,1,1,1001,1,1001,0,0,0
140950198,TRP / Nott (F/C) 6th Mar,Forecast,06-03-2018 12:04,17002674,3 - 1,0,,1,1,1,1001,1,1001,0,0,0
140951301,RPGTV / Sheff (F/C) 6th Mar,Forecast,06-03-2018 20:58,17002674,3 - 1,0,,1,1,1,1001,1,1001,0,0,0
140954336,RPGTV / Poole (F/C) 6th Mar,Forecast,06-03-2018 19:52,17002674,3 - 1,0,,1,1,1,1001,1,1001,0,0,0
140953557,SIS / Crayfd (F/C) 6th Mar,Forecast,06-03-2018 19:54,17002674,3 - 1,0,,1,1,1,1001,1,1001,0,0,0
140951336,TRP / Sund (F/C) 6th Mar,Forecast,06-03-2018 14:47,17002675,3 - 2,0,,1,1,1,1001,1,1001,0,0,0
140952870,SIS / Crayfd (F/C) 6th Mar,Forecast,06-03-2018 13:31,17002677,3 - 4,0,,1,1,1,1001,1,1001,0,0,0
140951292,RPGTV / Sheff (F/C) 6th Mar,Forecast,06-03-2018 18:38,17002678,3 - 5,0,,1,1,1,1001,1,1001,0,0,0
140950204,TRP / Nott (F/C) 6th Mar,Forecast,06-03-2018 13:33,17002678,3 - 5,0,,1,1,1,1001,1,1001,0,0,0
140953336,SIS / Henl (F/C) 6th Mar,Forecast,06-03-2018 18:27,17002683,4 - 2,0,,1,1,1,1001,1,1001,0,0,0
140950413,SIS / Hove (F/C) 6th Mar,Forecast,06-03-2018 15:11,17002684,4 - 3,0,,1,1,1,1001,1,1001,0,0,0
140951340,TRP / Sund (F/C) 6th Mar,Forecast,06-03-2018 16:08,17002686,4 - 5,0,,1,1,1,1001,1,1001,0,0,0
140951998,SIS / CPark (F/C) 6th Mar,Forecast,06-03-2018 12:24,17002686,4 - 5,0,,1,1,1,1001,1,1001,0,0,0
140950203,TRP / Nott (F/C) 6th Mar,Forecast,06-03-2018 13:19,17002686,4 - 5,0,,1,1,1,1001,1,1001,0,0,0
140952865,SIS / Crayfd (F/C) 6th Mar,Forecast,06-03-2018 12:16,17002688,5 - 1,0,,1,1,1,1001,1,1001,0,0,0
140950454,TRP / Kinsl (F/C) 6th Mar,Forecast,06-03-2018 11:42,17002688,5 - 1,0,,1,1,1,1001,1,1001,0,0,0
140951336,TRP / Sund (F/C) 6th Mar,Forecast,06-03-2018 14:47,17002691,5 - 4,0,,1,1,1,1001,1,1001,0,0,0
140953562,SIS / Crayfd (F/C) 6th Mar,Forecast,06-03-2018 21:16,17002691,5 - 4,0,,1,1,1,1001,1,1001,0,0,0
140951388,SIS / Monm (F/C) 6th Mar,Forecast,06-03-2018 17:18,17002691,5 - 4,0,,1,1,1,1001,1,1001,0,0,0
140951387,SIS / Monm (F/C) 6th Mar,Forecast,06-03-2018 16:58,17002691,5 - 4,0,,1,1,1,1001,1,1001,0,0,0
140954340,RPGTV / Poole (F/C) 6th Mar,Forecast,06-03-2018 20:51,17002695,6 - 3,0,,1,1,1,1001,1,1001,0,0,0
140951337,TRP / Sund (F/C) 6th Mar,Forecast,06-03-2018 15:07,17002695,6 - 3,0,,1,1,1,1001,1,1001,0,0,0
140950205,TRP / Nott (F/C) 6th Mar,Forecast,06-03-2018 13:51,17002696,6 - 4,0,,1,1,1,1001,1,1001,0,0,0
140953342,SIS / Henl (F/C) 6th Mar,Forecast,06-03-2018 20:06,17002697,6 - 5,0,,1,1,1,1001,1,1001,0,0,0
140951343,TRP / Sund (F/C) 6th Mar,Forecast,06-03-2018 17:07,17002697,6 - 5,0,,1,1,1,1001,1,1001,0,0,0
140951339,TRP / Sund (F/C) 6th Mar,Forecast,06-03-2018 15:48,17002697,6 - 5,0,,1,1,1,1001,1,1001,0,0,0
140951994,SIS / CPark (F/C) 6th Mar,Forecast,06-03-2018 11:24,17002568,1 - 2,0,,1,1,1,1001,1,1001,0,0,0
140951904,SIS / CPark 6th Mar,HC 480m,06-03-2018 13:22,17437917,5. Low Road,0,5.9,1,1,1,1001,1,1001,0,0,0
140941329,AUS / Geel (AUS) 6th Mar,R6 400m Gr7,06-03-2018 06:34,17508335,2. Golden Gem,0,14.690959563292566,1,8.89732770745428973277074542897327707454,1,1001,1,1001,227.52,0,0
140950443,TRP / Kinsl 6th Mar,D3 268m,06-03-2018 13:27,17498641,1. Drumleen Lady,1,4.4,1,1,1,1001,1,1001,0,0,0
140941153,AUS / Devn (AUS) 6th Mar,R1 452m Gr6,06-03-2018 01:47,17508138,2. Kayda Affair,0,22.418900458626453,1,13.4424166666666666666666666666666666667,1,1001,1,1001,120,0,0
140952553,SIS / Crayfd 6th Mar,A8 380m,06-03-2018 11:01,17504551,5. Leahs Daisy,0,6.48875408187043,1,7.36719073229485292828740886942186485837,1,1001,1,1001,214.58,0,0
140941229,AUS / Lism (AUS) 6th Mar,R6 520m Heat,06-03-2018 09:25,17508603,2. Glenreagh Spider,0,4.594301150880783,1,4.40840323747755473963497976576528287728,1,1001,1,1001,1492.52,0,0
140941229,AUS / Lism (AUS) 6th Mar,R6 520m Heat,06-03-2018 09:25,17508604,3. Seductive Smile,0,6.244936004189389,1,6.41862106008447471862106008447471862106,1,1001,1,1001,1638.36,0,0
140953684,RPGTV / Poole 6th Mar,A4 450m,06-03-2018 20:37,5442506,5. Touch Of Gold,0,2.7722677575515995,1,1,1,1001,1,1001,0,0,0
140952867,SIS / Crayfd (F/C) 6th Mar,Forecast,06-03-2018 12:46,6953192,1 - 5,0,,1,1,1,1001,1,1001,0,0,0
140950420,SIS / Hove (F/C) 6th Mar,Forecast,06-03-2018 17:28,6953192,1 - 5,1,,1,1,1,1001,1,1001,0,0,0
140950463,TRP / Kinsl (F/C) 6th Mar,Forecast,06-03-2018 13:58,6953192,1 - 5,0,,1,1,1,1001,1,1001,0,0,0
140941401,NZL / Addi (NZL) 6th mar,R10 645m C1,06-03-2018 03:57,9449281,5. Goldstar Po,0,,1,13.0699885452462772050400916380297823597,1,1001,1,1001,87.3,0,0
140952575,SIS / Crayfd 6th Mar,S4 540m,06-03-2018 13:49,10571750,4. Thiefintheshadow,0,13.354412416163832,1,1,1,1001,1,1001,0,0,0
140941167,AUS / Devn (AUS) 6th Mar,R5 580m Gr5,06-03-2018 03:04,10923710,1. Fancy Moss,0,270,1,124.803849679193400549954170485792850596,1,1001,1,1001,21.82,0,0
140951367,SIS / Monm 6th Mar,S3 630m,06-03-2018 16:58,11108363,4. Croaghill Midget,0,5.284962159,1,1,1,1001,1,1001,0,0,0
140941300,AUS / Gawl (AUS) 6th Mar,R6 400m Gr4/5,06-03-2018 02:56,11315417,8. Windy Girl,0,5.31591361077968,1,4.62077406549784981806152828316242143566,1,1001,1,1001,1874.26,0,0
140941189,AUS / Ipsw (AUS) 6th Mar,R8 431m FFA,06-03-2018 07:08,12300772,6. Road To Flame,0,4.72893317833892,1,3.69899630876126370643795461947671262621,1,1001,1,1001,1842.2,0,0
140950377,SIS / Hove 6th Mar,A6 515m,06-03-2018 15:49,12210439,1. Get On Chloe,0,5.066911032468476,1,1,1,1001,1,1001,0,0,0
140951351,SIS / Monm 6th Mar,A4 480m,06-03-2018 14:22,12266638,6. Relentless Joey,0,6.4,1,1,1,1001,1,1001,0,0,0
140941056,AUS / Town (AUS) 6th Mar,R6 498m Gr4/5,06-03-2018 10:35,12525310,1. Slow Dancer,0,2.550064555683602,1,2.490292492644767352802911457260420133,1,1001,1,1001,7572.84,0,0
140941255,AUS / Warr (AUS) 6th Mar,R10 450m Gr5,06-03-2018 07:01,12648023,5. Osanna,0,16.5,1,12.6423525037183936539414972731779871096,1,1001,1,1001,161.36,0,0
140941259,AUS / Warr (AUS) 6th Mar,R12 450m Gr5,06-03-2018 07:37,13243380,2. Terry Towelling,0,14,1,13.5190523690773067331670822942643391521,1,1001,1,1001,601.5,0,0
140950445,TRP / Kinsl 6th Mar,A4 462m,06-03-2018 13:44,13195384,5. Pennys Cercei,0,6.8,1,1,1,1001,1,1001,0,0,0
140953436,SIS / Crayfd 6th Mar,S5 540m,06-03-2018 18:49,13525039,1. Turbine Thallo,0,4.650466467624064,1,1,1,1001,1,1001,0,0,0
140941201,AUS / Mait (AUS) 6th Mar,R3 450m Gr5,06-03-2018 08:38,14909629,2. Silver Gambler,1,5.175675433469005,1,4.00623547187354718735471873547187354719,1,1001,1,1001,2064.96,0,0
140941339,AUS / Geel (AUS) 6th Mar,R10 400m Mdn,06-03-2018 07:57,15070714,1. Joe Panther,0,23.31506849315017,1,13.6479922279792746113989637305699481865,1,1001,1,1001,30.88,0,0
140950158,TRP / Nott 6th Mar,A4 500m,06-03-2018 11:03,15459082,1. Sandyhill Sophie,0,7.4,1,4.53946920661790242424890903449139992482,1,1001,1,1001,4,0,0
140941191,AUS / Ipsw (AUS) 6th Mar,R9 431m Gr5,06-03-2018 07:30,16112288,4. Sonny George,0,80,1,50.739102086438152011922503725782414307,1,1001,1,1001,214.72,0,0
140941369,AUS / Mand (AUS) 6th Mar,R5 405m Gr4/5,06-03-2018 11:23,16709481,8. Subscribe,1,1.8170885681629443,1,1,1,1001,1,1001,0,0,0
140941387,NZL / Addi (NZL) 6th mar,R3 295m C1,06-03-2018 01:50,16708060,2. Feral Kaiaka,0,,1,19.2947658402203856749311294765840220386,1,1001,1,1001,7.26,0,0
140941241,AUS / Warr (AUS) 6th Mar,R5 450m Gr5,06-03-2018 05:19,16478950,6. Aston Ninja,1,2.340563273497346,1,2.24525342227927482401961300097854564968,1,1001,1,1001,11404.68,0,0
140951906,SIS / CPark 6th Mar,D2 265m,06-03-2018 13:39,16687519,6. Edenvale Vanity,0,5.1,1,1,1,1001,1,1001,0,0,0
140950391,SIS / Hove 6th Mar,D2 285m,06-03-2018 18:02,16540580,5. Tokyo Joe,0,5.2358184738412445,1,1,1,1001,1,1001,0,0,0
140941339,AUS / Geel (AUS) 6th Mar,R10 400m Mdn,06-03-2018 07:57,17033908,3. Wise Lewis,1,1.7112059802408472,1,1.60290274754739598119933125138008264724,1,1001,1,1001,6974.22,0,0
140952867,SIS / Crayfd (F/C) 6th Mar,Forecast,06-03-2018 12:46,17002741,5 - 6,0,,1,1,1,1001,1,1001,0,0,0
140950457,TRP / Kinsl (F/C) 6th Mar,Forecast,06-03-2018 12:27,17002741,5 - 6,0,,1,1,1,1001,1,1001,0,0,0
140951388,SIS / Monm (F/C) 6th Mar,Forecast,06-03-2018 17:18,17002741,5 - 6,0,,1,1,1,1001,1,1001,0,0,0
140952001,SIS / CPark (F/C) 6th Mar,Forecast,06-03-2018 13:08,17002630,1 - 3,0,,1,1,1,1001,1,1001,0,0,0
140950411,SIS / Hove (F/C) 6th Mar,Forecast,06-03-2018 14:32,17002630,1 - 3,0,,1,1,1,1001,1,1001,0,0,0
140952860,SIS / Crayfd (F/C) 6th Mar,Forecast,06-03-2018 11:01,17002631,1 - 4,0,,1,34,1,1001,1,1001,17.82,0,0
140950458,TRP / Kinsl (F/C) 6th Mar,Forecast,06-03-2018 12:42,17002631,1 - 4,0,,1,1,1,1001,1,1001,0,0,0
140953346,SIS / Henl (F/C) 6th Mar,Forecast,06-03-2018 21:08,17002631,1 - 4,0,,1,1,1,1001,1,1001,0,0,0
140951344,TRP / Sund (F/C) 6th Mar,Forecast,06-03-2018 17:22,17002632,1 - 6,0,,1,1,1,1001,1,1001,0,0,0
140952866,SIS / Crayfd (F/C) 6th Mar,Forecast,06-03-2018 12:31,17002633,2 - 1,0,,1,1,1,1001,1,1001,0,0,0
140951300,RPGTV / Sheff (F/C) 6th Mar,Forecast,06-03-2018 20:43,17002635,2 - 3,0,,1,1,1,1001,1,1001,0,0,0
140953560,SIS / Crayfd (F/C) 6th Mar,Forecast,06-03-2018 20:42,17002635,2 - 3,0,,1,1,1,1001,1,1001,0,0,0
140954335,RPGTV / Poole (F/C) 6th Mar,Forecast,06-03-2018 19:37,17002635,2 - 3,0,,1,1,1,1001,1,1001,0,0,0
140951381,SIS / Monm (F/C) 6th Mar,Forecast,06-03-2018 15:02,17002635,2 - 3,0,,1,1,1,1001,1,1001,0,0,0
140952864,SIS / Crayfd (F/C) 6th Mar,Forecast,06-03-2018 12:01,17002636,2 - 4,0,,1,1,1,1001,1,1001,0,0,0
140950458,TRP / Kinsl (F/C) 6th Mar,Forecast,06-03-2018 12:42,17002637,2 - 5,0,,1,1,1,1001,1,1001,0,0,0
140950459,TRP / Kinsl (F/C) 6th Mar,Forecast,06-03-2018 12:58,17002637,2 - 5,0,,1,1,1,1001,1,1001,0,0,0
140950197,TRP / Nott (F/C) 6th Mar,Forecast,06-03-2018 11:48,17002639,2 - 6,0,,1,1,1,1001,1,1001,0,0,0
140954331,RPGTV / Poole (F/C) 6th Mar,Forecast,06-03-2018 18:28,17002674,3 - 1,0,,1,1,1,1001,1,1001,0,0,0
140951380,SIS / Monm (F/C) 6th Mar,Forecast,06-03-2018 14:42,17002675,3 - 2,0,,1,1,1,1001,1,1001,0,0,0
140951298,RPGTV / Sheff (F/C) 6th Mar,Forecast,06-03-2018 20:13,17002677,3 - 4,0,,1,1,1,1001,1,1001,0,0,0
140950459,TRP / Kinsl (F/C) 6th Mar,Forecast,06-03-2018 12:58,17002677,3 - 4,1,,1,1,1,1001,1,1001,0,0,0
140951297,RPGTV / Sheff (F/C) 6th Mar,Forecast,06-03-2018 19:58,17002679,3 - 6,0,,1,1,1,1001,1,1001,0,0,0
140953563,SIS / Crayfd (F/C) 6th Mar,Forecast,06-03-2018 21:30,17002679,3 - 6,0,,1,1,1,1001,1,1001,0,0,0
140952868,SIS / Crayfd (F/C) 6th Mar,Forecast,06-03-2018 13:01,17002680,4 - 1,0,,1,1,1,1001,1,1001,0,0,0
140954338,RPGTV / Poole (F/C) 6th Mar,Forecast,06-03-2018 20:22,17002680,4 - 1,0,,1,1,1,1001,1,1001,0,0,0
140951301,RPGTV / Sheff (F/C) 6th Mar,Forecast,06-03-2018 20:58,17002683,4 - 2,0,,1,1,1,1001,1,1001,0,0,0
140953554,SIS / Crayfd (F/C) 6th Mar,Forecast,06-03-2018 19:07,17002684,4 - 3,0,,1,1,1,1001,1,1001,0,0,0
140950422,SIS / Hove (F/C) 6th Mar,Forecast,06-03-2018 18:02,17002684,4 - 3,0,,1,1,1,1001,1,1001,0,0,0
140951297,RPGTV / Sheff (F/C) 6th Mar,Forecast,06-03-2018 19:58,17002686,4 - 5,0,,1,1,1,1001,1,1001,0,0,0
140953556,SIS / Crayfd (F/C) 6th Mar,Forecast,06-03-2018 19:38,17002686,4 - 5,0,,1,1,1,1001,1,1001,0,0,0
140954340,RPGTV / Poole (F/C) 6th Mar,Forecast,06-03-2018 20:51,17002686,4 - 5,0,,1,1,1,1001,1,1001,0,0,0
140951294,RPGTV / Sheff (F/C) 6th Mar,Forecast,06-03-2018 19:11,17002688,5 - 1,0,,1,1,1,1001,1,1001,0,0,0
140953338,SIS / Henl (F/C) 6th Mar,Forecast,06-03-2018 19:02,17002688,5 - 1,0,,1,1,1,1001,1,1001,0,0,0
140950197,TRP / Nott (F/C) 6th Mar,Forecast,06-03-2018 11:48,17002689,5 - 2,0,,1,1,1,1001,1,1001,0,0,0
140951341,TRP / Sund (F/C) 6th Mar,Forecast,06-03-2018 16:27,17002689,5 - 2,0,,1,1,1,1001,1,1001,0,0,0
140951299,RPGTV / Sheff (F/C) 6th Mar,Forecast,06-03-2018 20:28,17002690,5 - 3,0,,1,1,1,1001,1,1001,0,0,0
140952000,SIS / CPark (F/C) 6th Mar,Forecast,06-03-2018 12:54,17002691,5 - 4,0,,1,1,1,1001,1,1001,0,0,0
140953346,SIS / Henl (F/C) 6th Mar,Forecast,06-03-2018 21:08,17002694,6 - 2,0,,1,1,1,1001,1,1001,0,0,0
140951304,RPGTV / Sheff (F/C) 6th Mar,Forecast,06-03-2018 21:50,17002695,6 - 3,0,,1,1,1,1001,1,1001,0,0,0
140950454,TRP / Kinsl (F/C) 6th Mar,Forecast,06-03-2018 11:42,17002695,6 - 3,0,,1,1,1,1001,1,1001,0,0,0
140954337,RPGTV / Poole (F/C) 6th Mar,Forecast,06-03-2018 20:07,17002696,6 - 4,1,,1,1,1,1001,1,1001,0,0,0
140953336,SIS / Henl (F/C) 6th Mar,Forecast,06-03-2018 18:27,17002696,6 - 4,0,,1,1,1,1001,1,1001,0,0,0
140951340,TRP / Sund (F/C) 6th Mar,Forecast,06-03-2018 16:08,17002696,6 - 4,0,,1,1,1,1001,1,1001,0,0,0
140951388,SIS / Monm (F/C) 6th Mar,Forecast,06-03-2018 17:18,17002696,6 - 4,0,,1,1,1,1001,1,1001,0,0,0
140953552,SIS / Crayfd (F/C) 6th Mar,Forecast,06-03-2018 18:33,17002697,6 - 5,0,,1,1,1,1001,1,1001,0,0,0
140951380,SIS / Monm (F/C) 6th Mar,Forecast,06-03-2018 14:42,17002697,6 - 5,0,,1,1,1,1001,1,1001,0,0,0
140953553,SIS / Crayfd (F/C) 6th Mar,Forecast,06-03-2018 18:49,17002697,6 - 5,0,,1,1,1,1001,1,1001,0,0,0
140941321,AUS / Geel (AUS) 6th Mar,R2 400m Mdn,06-03-2018 05:08,17508318,2. Saras Sox,0,18.5,1,8.13671875,1,1001,1,1001,71.68,0,0
140941292,AUS / Gawl (AUS) 6th Mar,R2 400m Heat,06-03-2018 01:38,17508095,3. Chief Bothing,0,14,1,8.07392405063291139240506329113924050633,1,1001,1,1001,79,0,0
140953456,SIS / Crayfd 6th Mar,A8 380m,06-03-2018 21:30,17504538,4. Deecees Martini,0,2.562643190820599,1,1,1,1001,1,1001,0,0,0
140941043,AUS / Town (AUS) 6th Mar,R2 380m Nvce,06-03-2018 09:15,17508793,3. Premier Shamrock,0,13.5,1,10.0517948485808700375718618441899416052,1,1001,1,1001,883.64,0,0
140941231,AUS / Warr (AUS) 6th Mar,R2 390m Rest,06-03-2018 04:14,17508441,8. Disco Lemonade,0,6.923893406763671,1,6.37304651442790063009190512501504996589,1,1001,1,1001,498.34,0,0
140941159,AUS / Ipsw (AUS) 6th Mar,R1 431m Heat,06-03-2018 04:52,17508621,3. Sister Kirsty,0,3.95,1,4.02866995912806539509536784741144414169,1,1001,1,1001,704.64,0,0
140952862,SIS / Crayfd (F/C) 6th Mar,Forecast,06-03-2018 11:31,6953192,1 - 5,0,,1,1,1,1001,1,1001,0,0,0
140953670,RPGTV / Poole 6th Mar,A4 450m,06-03-2018 18:48,8314170,4. Woodside Magic,0,3.65,1,1,1,1001,1,1001,0,0,0
140941267,NZL / AsPk (NZL) 6th Mar,R4 390m C5,06-03-2018 00:00,9279092,2. Wheelchair Norm,0,,1,2.30593376748532546797885699267003475163,1,1001,1,1001,684.86,0,0
140941381,AUS / Mand (AUS) 6th Mar,R11 405m Final,06-03-2018 13:24,10482692,4. He Aint Sweet,0,10.5,1,1,1,1001,1,1001,0,0,0
140941337,AUS / Cran (AUS) 6th Mar,R4 311m FFA,06-03-2018 08:48,10513689,3. Shes Dee Rocket,0,5.2,1,4.89016228381900023691068467187870172945,1,1001,1,1001,2194.92,0,0
140941300,AUS / Gawl (AUS) 6th Mar,R6 400m Gr4/5,06-03-2018 02:56,10756594,4. Splish Splashin,0,55,1,37.0476190476190476190476190476190476191,1,1001,1,1001,49.14,0,0
140950447,TRP / Kinsl 6th Mar,A5 462m,06-03-2018 13:58,10868306,3. Sparta Lynx,0,8.831999246,1,1,1,1001,1,1001,0,0,0
140953026,SIS / Henl 6th Mar,A2 460m,06-03-2018 21:08,10970666,1. Bottom Line,0,16.5,1,1,1,1001,1,1001,0,0,0
140953008,SIS / Henl 6th Mar,A7 460m,06-03-2018 18:44,11203196,3. Westmead Boss,1,3.026442234717542,1,1,1,1001,1,1001,0,0,0
140950172,TRP / Nott 6th Mar,A3 500m,06-03-2018 12:47,12248813,4. Bigwood Messer,0,4.679504996630712,1,1,1,1001,1,1001,0,0,0
140953008,SIS / Henl 6th Mar,A7 460m,06-03-2018 18:44,12275683,4. Only Shyness,0,10.5,1,1,1,1001,1,1001,0,0,0
140950391,SIS / Hove 6th Mar,D2 285m,06-03-2018 18:02,12430445,3. Woodcocks Cobra,1,2.9873458445376304,1,1,1,1001,1,1001,0,0,0
140941306,AUS / Gawl (AUS) 6th Mar,R9 400m Gr5,06-03-2018 03:57,12600379,8. Spring Leesa,0,8.429159383709774,1,6.5173733622201588775404931393789332508,1,1001,1,1001,193.86,0,0
140953686,RPGTV / Poole 6th Mar,A2 450m,06-03-2018 20:51,12761735,6. Loggies Jayjay,0,5.848592364783399,1,1,1,1001,1,1001,0,0,0
140941243,AUS / Warr (AUS) 6th Mar,R6 450m Gr5,06-03-2018 05:39,13447022,1. Lost Love,0,4.46813325180832,1,4.03866721737334652130908774713868026043,1,1001,1,1001,1840.06,0,0
140941401,NZL / Addi (NZL) 6th mar,R10 645m C1,06-03-2018 03:57,13627456,1. Goldstar Marvely,0,,1,2.50198964005844069597556116350112896799,1,1001,1,1001,150.58,0,0
140951273,RPGTV / Sheff 6th Mar,OR 500m,06-03-2018 19:42,13881512,4. Vigorous Bocko,0,9.444981020666894,1,1,1,1001,1,1001,0,0,0
140951890,SIS / CPark 6th Mar,D1 265m,06-03-2018 11:39,14445621,6. Portdrine Honey,0,3.6,1,1,1,1001,1,1001,0,0,0
141000111,Match Bets / Sheff (AvB) 6th Mar,Slippy Maska v Simple As That,06-03-2018 18:38,15275503,1. Slippy Maska,0,,1,1,1,1001,1,1001,0,0,0
140953446,SIS / Crayfd 6th Mar,A7 380m,06-03-2018 20:11,15666735,6. Sirius Dream,0,3.55,1,1,1,1001,1,1001,0,0,0
140941231,AUS / Warr (AUS) 6th Mar,R2 390m Rest,06-03-2018 04:14,15920533,1. Zoro Bale,0,2.12,1,1.76418046326181887222327700778431744826,1,1001,1,1001,2106.8,0,0
140941296,AUS / Gawl (AUS) 6th Mar,R4 400m Gr6,06-03-2018 02:12,16468152,2. Aston Bella,0,2.9143247057609543,1,2.51510740029702611656463940304995109936,1,1001,1,1001,2208.56,0,0
140941203,AUS / Mait (AUS) 6th Mar,R4 400m Gr5,06-03-2018 08:58,16552822,1. Chaotic Cobra,0,4.8,1,4.49403925942826239426741366052340270912,1,1001,1,1001,2366.82,0,0
140941341,AUS / Cran (AUS) 6th Mar,R5 520m Rest,06-03-2018 09:08,16919406,6. Notorious King,0,15,1,11.9982830385015608740894901144640998959,1,1001,1,1001,384.4,0,0
140950391,SIS / Hove 6th Mar,D2 285m,06-03-2018 18:02,17085900,4. Whereareyougoing,0,15,1,1,1,1001,1,1001,0,0,0
140950195,TRP / Nott (F/C) 6th Mar,Forecast,06-03-2018 11:19,17002631,1 - 4,0,,1,1,1,1001,1,1001,0,0,0
140952870,SIS / Crayfd (F/C) 6th Mar,Forecast,06-03-2018 13:31,17002631,1 - 4,0,,1,1,1,1001,1,1001,0,0,0
140951334,TRP / Sund (F/C) 6th Mar,Forecast,06-03-2018 14:08,17002631,1 - 4,0,,1,1,1,1001,1,1001,0,0,0
140954332,RPGTV / Poole (F/C) 6th Mar,Forecast,06-03-2018 18:48,17002632,1 - 6,0,,1,1,1,1001,1,1001,0,0,0
140952004,SIS / CPark (F/C) 6th Mar,Forecast,06-03-2018 13:57,17002632,1 - 6,0,,1,1,1,1001,1,1001,0,0,0
140950459,TRP / Kinsl (F/C) 6th Mar,Forecast,06-03-2018 12:58,17002633,2 - 1,0,,1,1,1,1001,1,1001,0,0,0
140950452,TRP / Kinsl (F/C) 6th Mar,Forecast,06-03-2018 11:11,17002635,2 - 3,0,,1,1,1,1001,1,1001,0,0,0
140950454,TRP / Kinsl (F/C) 6th Mar,Forecast,06-03-2018 11:42,17002636,2 - 4,0,,1,1,1,1001,1,1001,0,0,0
140951338,TRP / Sund (F/C) 6th Mar,Forecast,06-03-2018 15:28,17002637,2 - 5,0,,1,1,1,1001,1,1001,0,0,0
140950412,SIS / Hove (F/C) 6th Mar,Forecast,06-03-2018 14:52,17002637,2 - 5,0,,1,1,1,1001,1,1001,0,0,0
140951347,TRP / Sund (F/C) 6th Mar,Forecast,06-03-2018 18:11,17002639,2 - 6,0,,1,1,1,1001,1,1001,0,0,0
140951291,RPGTV / Sheff (F/C) 6th Mar,Forecast,06-03-2018 18:22,17002639,2 - 6,0,,1,1,1,1001,1,1001,0,0,0
140951340,TRP / Sund (F/C) 6th Mar,Forecast,06-03-2018 16:08,17002674,3 - 1,0,,1,1,1,1001,1,1001,0,0,0
140950413,SIS / Hove (F/C) 6th Mar,Forecast,06-03-2018 15:11,17002674,3 - 1,0,,1,1,1,1001,1,1001,0,0,0
140950198,TRP / Nott (F/C) 6th Mar,Forecast,06-03-2018 12:04,17002675,3 - 2,0,,1,1,1,1001,1,1001,0,0,0
140954333,RPGTV / Poole (F/C) 6th Mar,Forecast,06-03-2018 19:06,17002675,3 - 2,0,,1,1,1,1001,1,1001,0,0,0
140951343,TRP / Sund (F/C) 6th Mar,Forecast,06-03-2018 17:07,17002675,3 - 2,0,,1,1,1,1001,1,1001,0,0,0
140950420,SIS / Hove (F/C) 6th Mar,Forecast,06-03-2018 17:28,17002675,3 - 2,0,,1,1,1,1001,1,1001,0,0,0
140951385,SIS / Monm (F/C) 6th Mar,Forecast,06-03-2018 16:19,17002677,3 - 4,0,,1,1,1,1001,1,1001,0,0,0
140951382,SIS / Monm (F/C) 6th Mar,Forecast,06-03-2018 15:19,17002678,3 - 5,0,,1,1,1,1001,1,1001,0,0,0
140950411,SIS / Hove (F/C) 6th Mar,Forecast,06-03-2018 14:32,17002678,3 - 5,0,,1,1,1,1001,1,1001,0,0,0
140951292,RPGTV / Sheff (F/C) 6th Mar,Forecast,06-03-2018 18:38,17002679,3 - 6,0,,1,1,1,1001,1,1001,0,0,0
140953345,SIS / Henl (F/C) 6th Mar,Forecast,06-03-2018 20:53,17002679,3 - 6,0,,1,1,1,1001,1,1001,0,0,0
140950458,TRP / Kinsl (F/C) 6th Mar,Forecast,06-03-2018 12:42,17002679,3 - 6,0,,1,1,1,1001,1,1001,0,0,0
140951303,RPGTV / Sheff (F/C) 6th Mar,Forecast,06-03-2018 21:32,17002679,3 - 6,0,,1,1,1,1001,1,1001,0,0,0
140950419,SIS / Hove (F/C) 6th Mar,Forecast,06-03-2018 17:08,17002679,3 - 6,0,,1,1,1,1001,1,1001,0,0,0
140952860,SIS / Crayfd (F/C) 6th Mar,Forecast,06-03-2018 11:01,17002680,4 - 1,0,,1,1,1,1001,1,1001,0,0,0
140951345,TRP / Sund (F/C) 6th Mar,Forecast,06-03-2018 17:38,17002680,4 - 1,0,,1,1,1,1001,1,1001,0,0,0
140950459,TRP / Kinsl (F/C) 6th Mar,Forecast,06-03-2018 12:58,17002680,4 - 1,0,,1,1,1,1001,1,1001,0,0,0
140950203,TRP / Nott (F/C) 6th Mar,Forecast,06-03-2018 13:19,17002680,4 - 1,0,,1,1,1,1001,1,1001,0,0,0
140952001,SIS / CPark (F/C) 6th Mar,Forecast,06-03-2018 13:08,17002680,4 - 1,0,,1,1,1,1001,1,1001,0,0,0
140951387,SIS / Monm (F/C) 6th Mar,Forecast,06-03-2018 16:58,17002680,4 - 1,0,,1,1,1,1001,1,1001,0,0,0
140951381,SIS / Monm (F/C) 6th Mar,Forecast,06-03-2018 15:02,17002680,4 - 1,0,,1,1,1,1001,1,1001,0,0,0
140950421,SIS / Hove (F/C) 6th Mar,Forecast,06-03-2018 17:44,17002683,4 - 2,0,,1,1,1,1001,1,1001,0,0,0
140950423,SIS / Hove (F/C) 6th Mar,Forecast,06-03-2018 18:19,17002687,4 - 6,0,,1,1,1,1001,1,1001,0,0,0
140951291,RPGTV / Sheff (F/C) 6th Mar,Forecast,06-03-2018 18:22,17002687,4 - 6,0,,1,1,1,1001,1,1001,0,0,0
140954340,RPGTV / Poole (F/C) 6th Mar,Forecast,06-03-2018 20:51,17002688,5 - 1,0,,1,1,1,1001,1,1001,0,0,0
140951343,TRP / Sund (F/C) 6th Mar,Forecast,06-03-2018 17:07,17002688,5 - 1,0,,1,1,1,1001,1,1001,0,0,0
140952870,SIS / Crayfd (F/C) 6th Mar,Forecast,06-03-2018 13:31,17002688,5 - 1,0,,1,1,1,1001,1,1001,0,0,0
140950413,SIS / Hove (F/C) 6th Mar,Forecast,06-03-2018 15:11,17002689,5 - 2,0,,1,1,1,1001,1,1001,0,0,0
140951385,SIS / Monm (F/C) 6th Mar,Forecast,06-03-2018 16:19,17002689,5 - 2,0,,1,1,1,1001,1,1001,0,0,0
140951379,SIS / Monm (F/C) 6th Mar,Forecast,06-03-2018 14:22,17002690,5 - 3,0,,1,1,1,1001,1,1001,0,0,0
140951383,SIS / Monm (F/C) 6th Mar,Forecast,06-03-2018 15:39,17002690,5 - 3,0,,1,1,1,1001,1,1001,0,0,0
140953339,SIS / Henl (F/C) 6th Mar,Forecast,06-03-2018 19:17,17002691,5 - 4,0,,1,1,1,1001,1,1001,0,0,0
140952001,SIS / CPark (F/C) 6th Mar,Forecast,06-03-2018 13:08,17002691,5 - 4,0,,1,1,1,1001,1,1001,0,0,0
140951346,TRP / Sund (F/C) 6th Mar,Forecast,06-03-2018 17:56,17002693,6 - 1,0,,1,1,1,1001,1,1001,0,0,0
140953345,SIS / Henl (F/C) 6th Mar,Forecast,06-03-2018 20:53,17002695,6 - 3,0,,1,1,1,1001,1,1001,0,0,0
140951378,SIS / Monm (F/C) 6th Mar,Forecast,06-03-2018 14:06,17002696,6 - 4,0,,1,1,1,1001,1,1001,0,0,0
140952860,SIS / Crayfd (F/C) 6th Mar,Forecast,06-03-2018 11:01,17002696,6 - 4,0,,1,21.9999766666925925637860402377330691855,1,1001,1,1001,.9,0,0
140954333,RPGTV / Poole (F/C) 6th Mar,Forecast,06-03-2018 19:06,17002696,6 - 4,0,,1,1,1,1001,1,1001,0,0,0
140953558,SIS / Crayfd (F/C) 6th Mar,Forecast,06-03-2018 20:11,17002697,6 - 5,0,,1,1,1,1001,1,1001,0,0,0
140953342,SIS / Henl (F/C) 6th Mar,Forecast,06-03-2018 20:06,17002568,1 - 2,0,,1,1,1,1001,1,1001,0,0,0
140950457,TRP / Kinsl (F/C) 6th Mar,Forecast,06-03-2018 12:27,17002568,1 - 2,0,,1,1,1,1001,1,1001,0,0,0
140954341,RPGTV / Poole (F/C) 6th Mar,Forecast,06-03-2018 21:07,17002568,1 - 2,0,,1,1,1,1001,1,1001,0,0,0
140941371,AUS / Mand (AUS) 6th Mar,R6 490m Nvce,06-03-2018 11:45,17509902,1. Ironbark Lass,0,6.585336597579301,1,1,1,1001,1,1001,0,0,0
140941377,AUS / Mand (AUS) 6th Mar,R9 405m Nvce,06-03-2018 12:45,17509915,7. Excel Like Fever,0,8.500447990473766,1,1,1,1001,1,1001,0,0,0
140941201,AUS / Mait (AUS) 6th Mar,R3 450m Gr5,06-03-2018 08:38,17508725,5. Annes Nitro,0,3.75,1,3.60008346676659966613293360133546826559,1,1001,1,1001,4696.48,0,0
140964306,NZL / Hatr (NZL) 7th Mar,R1 305m C0,06-03-2018 23:16,17524428,8. Tillys Silly,1,,1,1,1,1001,1,1001,0,0,0
140941385,NZL / Addi (NZL) 6th mar,R2 295m C0,06-03-2018 01:34,17508040,2. My Ginger Kiss,0,,1,3.99159077109896782027929568913175470553,1,1001,1,1001,98.82,0,0
140941385,NZL / Addi (NZL) 6th mar,R2 295m C0,06-03-2018 01:34,17508042,7. Holly Grace,0,,1,6.06512477175897748021911138161898965307,1,1001,1,1001,32.86,0,0
140941391,NZL / Addi (NZL) 6th mar,R5 520m C0,06-03-2018 02:24,17508050,9. Sly Ken,0,,1,12.075875486381322957198443579766536965,1,1001,1,1001,10.28,0,0
140941405,NZL / Addi (NZL) 6th mar,R12 295m C1,06-03-2018 04:36,17508071,5. Snickerdoodle,0,,1,4.83563030069390902081727062451811873554,1,1001,1,1001,103.76,0,0
140941353,AUS / Cran (AUS) 6th Mar,R9 311m Heat,06-03-2018 10:28,17508479,4. Galloping Bluboy,0,3.3,1,3.38348356089970813806818704943238838813,1,1001,1,1001,4344.52,0,0
141000119,Match Bets / Sheff (AvB) 6th Mar,Affleck Lady v Eskes Jewel,06-03-2018 20:28,17465029,6. Eskes Jewel,0,,1,1,1,1001,1,1001,0,0,0
140951562,Greyhound Racing / Trap Challenge,Henl & Crayfd Trap Challenge,06-03-2018 18:27,5859,Trap 3,2,,4.3,1,4.3,4.3,1,1001,0,188.72,0
140950383,SIS / Hove 6th Mar,D1 285m,06-03-2018 16:48,2300473,4. Spiderman,0,7.6,1,1,1,1001,1,1001,0,0,0
140941203,AUS / Mait (AUS) 6th Mar,R4 400m Gr5,06-03-2018 08:58,9825237,7. Rhias Rocket,0,55,1,43.0507569011576135351736420302760463045,1,1001,1,1001,44.92,0,0
140941151,AUS / Town (AUS) 6th Mar,R11 380m Heat,06-03-2018 12:15,10302082,2. Maury Spirit,0,3.05,1,1,1,1001,1,1001,0,0,0
140941381,AUS / Mand (AUS) 6th Mar,R11 405m Final,06-03-2018 13:24,10425102,5. Franc Monelli,0,5.278965247789019,1,1,1,1001,1,1001,0,0,0
140941308,AUS / Gawl (AUS) 6th Mar,R10 400m Gr5,06-03-2018 04:17,11731626,6. Mr Rumballs,0,58.066880809371355,1,28.8811013767209011264080100125156445557,1,1001,1,1001,15.98,0,0
140950445,TRP / Kinsl 6th Mar,A4 462m,06-03-2018 13:44,11910962,2. Day Of Pay,0,13.423757194521315,1,1,1,1001,1,1001,0,0,0
140941173,AUS / Devn (AUS) 6th Mar,R7 452m FFA,06-03-2018 03:49,11988616,8. Lobster Falls,0,11,1,8.49969516178199712581108740147193310979,1,1001,1,1001,459.26,0,0
140941227,AUS / Lism (AUS) 6th Mar,R5 520m Gr4/5,06-03-2018 09:05,12413262,5. Missy Chrisie,0,10.37572083329782,1,10.2998866913885455294602389781623403379,1,1001,1,1001,582.48,0,0
140941045,AUS / Town (AUS) 6th Mar,R3 380m Nvce,06-03-2018 09:35,15295380,5. Fan The Flame,0,27,1,16.9848908963674534003435333036452700554,1,1001,1,1001,314.38,0,0
140941161,AUS / Ipsw (AUS) 6th Mar,R2 431m Heat,06-03-2018 05:12,16011245,6. Fancy A Boherna,0,40.418740309327845,1,27.7901658090337335620354488279016580903,1,1001,1,1001,174.9,0,0
140941339,AUS / Geel (AUS) 6th Mar,R10 400m Mdn,06-03-2018 07:57,16125112,8. Bakali Louis,0,28,1,12.8005464480874316939890710382513661202,1,1001,1,1001,21.96,0,0
140941323,AUS / Geel (AUS) 6th Mar,R3 460m Mdn,06-03-2018 05:32,16139797,2. Bluey Can Fly,0,14.172181419441477,1,11.2774356937133776939120071506604429437,1,1001,1,1001,201.38,0,0
140950393,SIS / Hove 6th Mar,A3 515m,06-03-2018 18:19,16484538,4. Gemini Wonder,0,8.869339749350324,1,1,1,1001,1,1001,0,0,0
140950195,TRP / Nott (F/C) 6th Mar,Forecast,06-03-2018 11:19,17002741,5 - 6,0,,1,1,1,1001,1,1001,0,0,0
140952866,SIS / Crayfd (F/C) 6th Mar,Forecast,06-03-2018 12:31,17002630,1 - 3,0,,1,1,1,1001,1,1001,0,0,0
140954335,RPGTV / Poole (F/C) 6th Mar,Forecast,06-03-2018 19:37,17002630,1 - 3,0,,1,1,1,1001,1,1001,0,0,0
140951384,SIS / Monm (F/C) 6th Mar,Forecast,06-03-2018 15:59,17002631,1 - 4,0,,1,1,1,1001,1,1001,0,0,0
140951389,SIS / Monm (F/C) 6th Mar,Forecast,06-03-2018 17:37,17002631,1 - 4,0,,1,1,1,1001,1,1001,0,0,0
140950194,TRP / Nott (F/C) 6th Mar,Forecast,06-03-2018 11:03,17002632,1 - 6,0,,1,1,1,1001,1,1001,0,0,0
140952002,SIS / CPark (F/C) 6th Mar,Forecast,06-03-2018 13:22,17002632,1 - 6,0,,1,1,1,1001,1,1001,0,0,0
140951383,SIS / Monm (F/C) 6th Mar,Forecast,06-03-2018 15:39,17002633,2 - 1,1,,1,1,1,1001,1,1001,0,0,0
140953337,SIS / Henl (F/C) 6th Mar,Forecast,06-03-2018 18:44,17002636,2 - 4,0,,1,1,1,1001,1,1001,0,0,0
140951335,TRP / Sund (F/C) 6th Mar,Forecast,06-03-2018 14:27,17002636,2 - 4,0,,1,1,1,1001,1,1001,0,0,0
140951381,SIS / Monm (F/C) 6th Mar,Forecast,06-03-2018 15:02,17002636,2 - 4,0,,1,1,1,1001,1,1001,0,0,0
140950204,TRP / Nott (F/C) 6th Mar,Forecast,06-03-2018 13:33,17002637,2 - 5,0,,1,1,1,1001,1,1001,0,0,0
140954340,RPGTV / Poole (F/C) 6th Mar,Forecast,06-03-2018 20:51,17002639,2 - 6,0,,1,1,1,1001,1,1001,0,0,0
140952864,SIS / Crayfd (F/C) 6th Mar,Forecast,06-03-2018 12:01,17002639,2 - 6,0,,1,1,1,1001,1,1001,0,0,0
140952866,SIS / Crayfd (F/C) 6th Mar,Forecast,06-03-2018 12:31,17002674,3 - 1,0,,1,1,1,1001,1,1001,0,0,0
140952003,SIS / CPark (F/C) 6th Mar,Forecast,06-03-2018 13:39,17002677,3 - 4,1,,1,1,1,1001,1,1001,0,0,0
140951347,TRP / Sund (F/C) 6th Mar,Forecast,06-03-2018 18:11,17002678,3 - 5,0,,1,1,1,1001,1,1001,0,0,0
140951389,SIS / Monm (F/C) 6th Mar,Forecast,06-03-2018 17:37,17002678,3 - 5,0,,1,1,1,1001,1,1001,0,0,0
140951382,SIS / Monm (F/C) 6th Mar,Forecast,06-03-2018 15:19,17002679,3 - 6,0,,1,1,1,1001,1,1001,0,0,0
140951382,SIS / Monm (F/C) 6th Mar,Forecast,06-03-2018 15:19,17002680,4 - 1,0,,1,1,1,1001,1,1001,0,0,0
140951384,SIS / Monm (F/C) 6th Mar,Forecast,06-03-2018 15:59,17002680,4 - 1,0,,1,1,1,1001,1,1001,0,0,0
140951384,SIS / Monm (F/C) 6th Mar,Forecast,06-03-2018 15:59,17002684,4 - 3,0,,1,1,1,1001,1,1001,0,0,0
140950411,SIS / Hove (F/C) 6th Mar,Forecast,06-03-2018 14:32,17002684,4 - 3,0,,1,1,1,1001,1,1001,0,0,0
140950200,TRP / Nott (F/C) 6th Mar,Forecast,06-03-2018 12:32,17002687,4 - 6,0,,1,1,1,1001,1,1001,0,0,0
140951997,SIS / CPark (F/C) 6th Mar,Forecast,06-03-2018 12:09,17002687,4 - 6,0,,1,1,1,1001,1,1001,0,0,0
140951337,TRP / Sund (F/C) 6th Mar,Forecast,06-03-2018 15:07,17002689,5 - 2,0,,1,1,1,1001,1,1001,0,0,0
140953340,SIS / Henl (F/C) 6th Mar,Forecast,06-03-2018 19:33,17002690,5 - 3,0,,1,1,1,1001,1,1001,0,0,0
140953336,SIS / Henl (F/C) 6th Mar,Forecast,06-03-2018 18:27,17002691,5 - 4,0,,1,1,1,1001,1,1001,0,0,0
140951379,SIS / Monm (F/C) 6th Mar,Forecast,06-03-2018 14:22,17002693,6 - 1,0,,1,1,1,1001,1,1001,0,0,0
140952869,SIS / Crayfd (F/C) 6th Mar,Forecast,06-03-2018 13:16,17002693,6 - 1,0,,1,1,1,1001,1,1001,0,0,0
140953339,SIS / Henl (F/C) 6th Mar,Forecast,06-03-2018 19:17,17002693,6 - 1,0,,1,1,1,1001,1,1001,0,0,0
140950463,TRP / Kinsl (F/C) 6th Mar,Forecast,06-03-2018 13:58,17002693,6 - 1,0,,1,1,1,1001,1,1001,0,0,0
140951993,SIS / CPark (F/C) 6th Mar,Forecast,06-03-2018 11:09,17002694,6 - 2,0,,1,1,1,1001,1,1001,0,0,0
140951302,RPGTV / Sheff (F/C) 6th Mar,Forecast,06-03-2018 21:14,17002694,6 - 2,0,,1,1,1,1001,1,1001,0,0,0
140952866,SIS / Crayfd (F/C) 6th Mar,Forecast,06-03-2018 12:31,17002695,6 - 3,0,,1,1,1,1001,1,1001,0,0,0
140953342,SIS / Henl (F/C) 6th Mar,Forecast,06-03-2018 20:06,17002696,6 - 4,0,,1,1,1,1001,1,1001,0,0,0
140951336,TRP / Sund (F/C) 6th Mar,Forecast,06-03-2018 14:47,17002697,6 - 5,0,,1,1,1,1001,1,1001,0,0,0
140941287,AUS / Warr (AUS) 6th Mar,R9 390m Rest,06-03-2018 06:42,17220175,4. Dons Just Under,0,16.5,1,14.1272317963049215960254618848004968173,1,1001,1,1001,128.82,0,0
140950418,SIS / Hove (F/C) 6th Mar,Forecast,06-03-2018 16:48,17002568,1 - 2,0,,1,1,1,1001,1,1001,0,0,0
140950460,TRP / Kinsl (F/C) 6th Mar,Forecast,06-03-2018 13:12,17002568,1 - 2,0,,1,1,1,1001,1,1001,0,0,0
140941367,AUS / Mand (AUS) 6th Mar,R4 405m Heat,06-03-2018 11:05,17509896,1. Space Ghost,0,3.824417872,1,1,1,1001,1,1001,0,0,0
140941367,AUS / Mand (AUS) 6th Mar,R4 405m Heat,06-03-2018 11:05,17509897,2. Im A Fabio,0,7.2,1,1,1,1001,1,1001,0,0,0
140941314,AUS / Cran (AUS) 6th Mar,R2 311m Heat,06-03-2018 08:09,17508454,3. Aston Bardot,0,2.4354141987347244,1,2.45135570350858114122532493948291625886,1,1001,1,1001,4965.54,0,0
140941355,AUS / Cran (AUS) 6th Mar,R10 311m Heat,06-03-2018 10:48,17508481,4. Aston Cuthbert,0,3.4259766705729997,1,2.87365284385198655604085145074607478608,1,1001,1,1001,2463.56,0,0
140951888,SIS / CPark 6th Mar,A8 480m,06-03-2018 11:24,17437868,4. Fill Dis Phyllis,1,7.130221951713902,1,1,1,1001,1,1001,0,0,0
141000117,Match Bets / Sheff (AvB) 6th Mar,Popular Buster v Boozed Gold,06-03-2018 20:13,17502761,4. Popular Buster,0,,1,1,1,1001,1,1001,0,0,0
140951379,SIS / Monm (F/C) 6th Mar,Forecast,06-03-2018 14:22,6953192,1 - 5,1,,1,1,1,1001,1,1001,0,0,0
140951996,SIS / CPark (F/C) 6th Mar,Forecast,06-03-2018 11:54,6953192,1 - 5,0,,1,1,1,1001,1,1001,0,0,0
140951298,RPGTV / Sheff (F/C) 6th Mar,Forecast,06-03-2018 20:13,6953192,1 - 5,0,,1,1,1,1001,1,1001,0,0,0
140951327,TRP / Sund 6th Mar,A3 450m,06-03-2018 17:38,9098236,1. Danzey Rocket,0,4.820763802560976,1,1,1,1001,1,1001,0,0,0
140941269,NZL / AsPk (NZL) 6th Mar,R5 457m C3/4,06-03-2018 00:18,10594391,3. Cactus Jack,0,,1,2.76084801213816647305658945970934781063,1,1001,1,1001,843.62,0,0
140953682,RPGTV / Poole 6th Mar,HC 450m,06-03-2018 20:22,10942465,1. Spoton Rosefinch,0,4,1,1,1,1001,1,1001,0,0,0
140951349,SIS / Monm 6th Mar,A3 480m,06-03-2018 14:06,11016708,2. Trojan Prince,0,5.673034497815387,1,1,1,1001,1,1001,0,0,0
140951307,TRP / Sund 6th Mar,A4 450m,06-03-2018 14:27,11042513,2. Move Over Antony,1,6.294159808,1,1,1,1001,1,1001,0,0,0
140950174,TRP / Nott 6th Mar,A6 500m,06-03-2018 13:04,11505906,5. Salacres Peter,0,7.009138839462485,1,1,1,1001,1,1001,0,0,0
140951890,SIS / CPark 6th Mar,D1 265m,06-03-2018 11:39,11506365,3. Icecool Kingo,1,4.8,1,1,1,1001,1,1001,0,0,0
140951363,SIS / Monm 6th Mar,A5 480m,06-03-2018 16:19,12358983,5. Shlow Down Foxy,0,7.2,1,1,1,1001,1,1001,0,0,0
140953686,RPGTV / Poole 6th Mar,A2 450m,06-03-2018 20:51,12809550,4. Blancos Bullet,0,7.8385561861927275,1,1,1,1001,1,1001,0,0,0
140952563,SIS / Crayfd 6th Mar,A6 380m,06-03-2018 12:16,12773716,6. Droopys Present,0,7.6,1,1,1,1001,1,1001,0,0,0
140941389,NZL / Addi (NZL) 6th mar,R4 295m C1,06-03-2018 02:09,12934643,4. Sozins Angel,1,,1,6.69540717187776011305423070128952481894,1,1001,1,1001,113.22,0,0
141000122,Match Bets / Sheff (AvB) 6th Mar,Sidarian Blu Ray v Goldies Seb,06-03-2018 20:58,13697391,4. Sidarian Blu Ray,1,,1,1,1,1001,1,1001,0,0,0
140941292,AUS / Gawl (AUS) 6th Mar,R2 400m Heat,06-03-2018 01:38,15671649,6. Woodside Hussler,0,56.93748078526929,1,32.5738899933730947647448641484426772697,1,1001,1,1001,30.18,0,0
140941237,AUS / Lism (AUS) 6th Mar,R8 420m Gr5,06-03-2018 10:05,16532522,5. Jazz Mine,0,3.4,1,2.75171861499567986175557617843771000672,1,1001,1,1001,6249.8,0,0
140951363,SIS / Monm 6th Mar,A5 480m,06-03-2018 16:19,16634150,6. Ballydine Sue,1,4.6,1,1,1,1001,1,1001,0,0,0
140951325,TRP / Sund 6th Mar,A4 450m,06-03-2018 17:22,16498656,2. Marys Violin,1,4.4208998695481565,1,1,1,1001,1,1001,0,0,0
140951993,SIS / CPark (F/C) 6th Mar,Forecast,06-03-2018 11:09,17002741,5 - 6,0,,1,1,1,1001,1,1001,0,0,0
140951380,SIS / Monm (F/C) 6th Mar,Forecast,06-03-2018 14:42,17002741,5 - 6,0,,1,1,1,1001,1,1001,0,0,0
140951293,RPGTV / Sheff (F/C) 6th Mar,Forecast,06-03-2018 18:56,17002741,5 - 6,0,,1,1,1,1001,1,1001,0,0,0
140951383,SIS / Monm (F/C) 6th Mar,Forecast,06-03-2018 15:39,17002741,5 - 6,0,,1,1,1,1001,1,1001,0,0,0
140951381,SIS / Monm (F/C) 6th Mar,Forecast,06-03-2018 15:02,17002741,5 - 6,0,,1,1,1,1001,1,1001,0,0,0
140952865,SIS / Crayfd (F/C) 6th Mar,Forecast,06-03-2018 12:16,17002630,1 - 3,0,,1,1,1,1001,1,1001,0,0,0
140952862,SIS / Crayfd (F/C) 6th Mar,Forecast,06-03-2018 11:31,17002631,1 - 4,0,,1,1,1,1001,1,1001,0,0,0
140950419,SIS / Hove (F/C) 6th Mar,Forecast,06-03-2018 17:08,17002631,1 - 4,0,,1,1,1,1001,1,1001,0,0,0
140952003,SIS / CPark (F/C) 6th Mar,Forecast,06-03-2018 13:39,17002632,1 - 6,0,,1,1,1,1001,1,1001,0,0,0
140950414,SIS / Hove (F/C) 6th Mar,Forecast,06-03-2018 15:29,17002633,2 - 1,1,,1,1,1,1001,1,1001,0,0,0
140953337,SIS / Henl (F/C) 6th Mar,Forecast,06-03-2018 18:44,17002635,2 - 3,0,,1,1,1,1001,1,1001,0,0,0
140951384,SIS / Monm (F/C) 6th Mar,Forecast,06-03-2018 15:59,17002635,2 - 3,0,,1,1,1,1001,1,1001,0,0,0
140950415,SIS / Hove (F/C) 6th Mar,Forecast,06-03-2018 15:49,17002636,2 - 4,0,,1,1,1,1001,1,1001,0,0,0
140951335,TRP / Sund (F/C) 6th Mar,Forecast,06-03-2018 14:27,17002637,2 - 5,1,,1,1,1,1001,1,1001,0,0,0
140950203,TRP / Nott (F/C) 6th Mar,Forecast,06-03-2018 13:19,17002637,2 - 5,0,,1,1,1,1001,1,1001,0,0,0
140954337,RPGTV / Poole (F/C) 6th Mar,Forecast,06-03-2018 20:07,17002639,2 - 6,0,,1,1,1,1001,1,1001,0,0,0
140953556,SIS / Crayfd (F/C) 6th Mar,Forecast,06-03-2018 19:38,17002639,2 - 6,0,,1,1,1,1001,1,1001,0,0,0
140951389,SIS / Monm (F/C) 6th Mar,Forecast,06-03-2018 17:37,17002674,3 - 1,0,,1,1,1,1001,1,1001,0,0,0
140951296,RPGTV / Sheff (F/C) 6th Mar,Forecast,06-03-2018 19:42,17002675,3 - 2,0,,1,1,1,1001,1,1001,0,0,0
140951341,TRP / Sund (F/C) 6th Mar,Forecast,06-03-2018 16:27,17002675,3 - 2,0,,1,1,1,1001,1,1001,0,0,0
140951383,SIS / Monm (F/C) 6th Mar,Forecast,06-03-2018 15:39,17002675,3 - 2,0,,1,1,1,1001,1,1001,0,0,0
140950455,TRP / Kinsl (F/C) 6th Mar,Forecast,06-03-2018 11:57,17002677,3 - 4,0,,1,1,1,1001,1,1001,0,0,0
140950198,TRP / Nott (F/C) 6th Mar,Forecast,06-03-2018 12:04,17002677,3 - 4,1,,1,1,1,1001,1,1001,0,0,0
140953562,SIS / Crayfd (F/C) 6th Mar,Forecast,06-03-2018 21:16,17002677,3 - 4,0,,1,1,1,1001,1,1001,0,0,0
140951997,SIS / CPark (F/C) 6th Mar,Forecast,06-03-2018 12:09,17002678,3 - 5,0,,1,1,1,1001,1,1001,0,0,0
140950194,TRP / Nott (F/C) 6th Mar,Forecast,06-03-2018 11:03,17002678,3 - 5,0,,1,1,1,1001,1,1001,0,0,0
140951391,SIS / Monm (F/C) 6th Mar,Forecast,06-03-2018 18:09,17002678,3 - 5,0,,1,1,1,1001,1,1001,0,0,0
140951995,SIS / CPark (F/C) 6th Mar,Forecast,06-03-2018 11:39,17002679,3 - 6,1,,1,1,1,1001,1,1001,0,0,0
140952862,SIS / Crayfd (F/C) 6th Mar,Forecast,06-03-2018 11:31,17002679,3 - 6,0,,1,1,1,1001,1,1001,0,0,0
140951344,TRP / Sund (F/C) 6th Mar,Forecast,06-03-2018 17:22,17002680,4 - 1,0,,1,1,1,1001,1,1001,0,0,0
140950410,SIS / Hove (F/C) 6th Mar,Forecast,06-03-2018 14:12,17002683,4 - 2,0,,1,1,1,1001,1,1001,0,0,0
140953340,SIS / Henl (F/C) 6th Mar,Forecast,06-03-2018 19:33,17002684,4 - 3,0,,1,1,1,1001,1,1001,0,0,0
140952865,SIS / Crayfd (F/C) 6th Mar,Forecast,06-03-2018 12:16,17002686,4 - 5,0,,1,1,1,1001,1,1001,0,0,0
140951303,RPGTV / Sheff (F/C) 6th Mar,Forecast,06-03-2018 21:32,17002686,4 - 5,0,,1,1,1,1001,1,1001,0,0,0
140951344,TRP / Sund (F/C) 6th Mar,Forecast,06-03-2018 17:22,17002686,4 - 5,0,,1,1,1,1001,1,1001,0,0,0
140953338,SIS / Henl (F/C) 6th Mar,Forecast,06-03-2018 19:02,17002687,4 - 6,0,,1,1,1,1001,1,1001,0,0,0
140950456,TRP / Kinsl (F/C) 6th Mar,Forecast,06-03-2018 12:12,17002688,5 - 1,0,,1,1,1,1001,1,1001,0,0,0
140950194,TRP / Nott (F/C) 6th Mar,Forecast,06-03-2018 11:03,17002688,5 - 1,0,,1,1,1,1001,1,1001,0,0,0
140950421,SIS / Hove (F/C) 6th Mar,Forecast,06-03-2018 17:44,17002688,5 - 1,0,,1,1,1,1001,1,1001,0,0,0
140950195,TRP / Nott (F/C) 6th Mar,Forecast,06-03-2018 11:19,17002689,5 - 2,0,,1,1,1,1001,1,1001,0,0,0
140950194,TRP / Nott (F/C) 6th Mar,Forecast,06-03-2018 11:03,17002689,5 - 2,0,,1,1,1,1001,1,1001,0,0,0
140951335,TRP / Sund (F/C) 6th Mar,Forecast,06-03-2018 14:27,17002689,5 - 2,0,,1,1,1,1001,1,1001,0,0,0
140951998,SIS / CPark (F/C) 6th Mar,Forecast,06-03-2018 12:24,17002690,5 - 3,0,,1,1,1,1001,1,1001,0,0,0
140953337,SIS / Henl (F/C) 6th Mar,Forecast,06-03-2018 18:44,17002691,5 - 4,0,,1,1,1,1001,1,1001,0,0,0
140954332,RPGTV / Poole (F/C) 6th Mar,Forecast,06-03-2018 18:48,17002691,5 - 4,0,,1,1,1,1001,1,1001,0,0,0
140951383,SIS / Monm (F/C) 6th Mar,Forecast,06-03-2018 15:39,17002691,5 - 4,0,,1,1,1,1001,1,1001,0,0,0
140951292,RPGTV / Sheff (F/C) 6th Mar,Forecast,06-03-2018 18:38,17002693,6 - 1,0,,1,1,1,1001,1,1001,0,0,0
140951340,TRP / Sund (F/C) 6th Mar,Forecast,06-03-2018 16:08,17002693,6 - 1,0,,1,1,1,1001,1,1001,0,0,0
140952866,SIS / Crayfd (F/C) 6th Mar,Forecast,06-03-2018 12:31,17002693,6 - 1,0,,1,1,1,1001,1,1001,0,0,0
140951295,RPGTV / Sheff (F/C) 6th Mar,Forecast,06-03-2018 19:26,17002693,6 - 1,1,,1,1,1,1001,1,1001,0,0,0
140950462,TRP / Kinsl (F/C) 6th Mar,Forecast,06-03-2018 13:44,17002693,6 - 1,0,,1,1,1,1001,1,1001,0,0,0
140952000,SIS / CPark (F/C) 6th Mar,Forecast,06-03-2018 12:54,17002694,6 - 2,0,,1,1,1,1001,1,1001,0,0,0
140951291,RPGTV / Sheff (F/C) 6th Mar,Forecast,06-03-2018 18:22,17002694,6 - 2,0,,1,1,1,1001,1,1001,0,0,0
140951296,RPGTV / Sheff (F/C) 6th Mar,Forecast,06-03-2018 19:42,17002695,6 - 3,0,,1,1,1,1001,1,1001,0,0,0
140954332,RPGTV / Poole (F/C) 6th Mar,Forecast,06-03-2018 18:48,17002696,6 - 4,0,,1,1,1,1001,1,1001,0,0,0
140951291,RPGTV / Sheff (F/C) 6th Mar,Forecast,06-03-2018 18:22,17002697,6 - 5,0,,1,1,1,1001,1,1001,0,0,0
140951300,RPGTV / Sheff (F/C) 6th Mar,Forecast,06-03-2018 20:43,17002568,1 - 2,0,,1,1,1,1001,1,1001,0,0,0
140941393,NZL / Addi (NZL) 6th mar,R6 295m C1,06-03-2018 02:49,17130871,7. Its A Must,1,,1,3.11099731637594072691208214223207514147,1,1001,1,1001,685.64,0,0
140941371,AUS / Mand (AUS) 6th Mar,R6 490m Nvce,06-03-2018 11:45,17509908,7. Wise Quill,0,20,1,1,1,1001,1,1001,0,0,0
140951269,RPGTV / Sheff 6th Mar,OR 480m,06-03-2018 19:11,17405147,1. Slippy Tyrion,0,5.4,1,1,1,1001,1,1001,0,0,0
140941385,NZL / Addi (NZL) 6th mar,R2 295m C0,06-03-2018 01:34,17451708,4. Shanly Star,0,,1,6.23270195726580932442760774931047087363,1,1001,1,1001,601.86,0,0
140941219,AUS / Lism (AUS) 6th Mar,R1 420m Mdn,06-03-2018 07:40,17508488,6. Pretty Dazzle,0,15.553195190602692,1,6.87225620726880172724001439366678661389,1,1001,1,1001,111.16,0,0
140941245,AUS / Lism (AUS) 6th Mar,R9 420m N/G,06-03-2018 10:25,17508619,3. Dream Amore,0,39.59664521410595,1,35.6229095305258915978238968365907717107,1,1001,1,1001,198.52,0,0
140951542,Greyhound Racing / Trap Challenge,Monm & Hove Trap Challenge,06-03-2018 14:06,5858,Trap 2,0,,7.41818181818181818181818181818181818182,1,1,1001,1,1001,0,44,0
140941257,AUS / Warr (AUS) 6th Mar,R11 450m Gr5,06-03-2018 07:22,9449450,2. Full Of Boloney,0,7.994123241,1,6.75708502024291497975708502024291497976,1,1001,1,1001,894.14,0,0
140941050,AUS / Town (AUS) 6th Mar,R5 380m Heat,06-03-2018 10:15,10628165,2. Cabaret Tonight,0,70,1,52.8542397930907075558839830038795492333,1,1001,1,1001,108.26,0,0
140950445,TRP / Kinsl 6th Mar,A4 462m,06-03-2018 13:44,10768387,4. Footfield Thor,0,5.1,1,1,1,1001,1,1001,0,0,0
140951365,SIS / Monm 6th Mar,A4 480m,06-03-2018 16:39,11311165,3. Sporting Woody,0,3.954184478478491,1,1,1,1001,1,1001,0,0,0
140941173,AUS / Devn (AUS) 6th Mar,R7 452m FFA,06-03-2018 03:49,11402238,3. Hello Pipit,0,36.802013969849796,1,32.4434542102028272894898586355255070682,1,1001,1,1001,195.24,0,0
140941351,AUS / Cran (AUS) 6th Mar,R8 520m Gr5,06-03-2018 10:08,11451938,1. Spazzy Blue,0,85,1,37.676317501626545217957059206245933637,1,1001,1,1001,61.48,0,0
140952557,SIS / Crayfd 6th Mar,A7 380m,06-03-2018 11:31,12031989,1. Ceyky Beauty,0,6.2,1,1,1,1001,1,1001,0,0,0
140951896,SIS / CPark 6th Mar,A3 480m,06-03-2018 12:24,11986765,1. Savana Rita,0,4.2,1,1,1,1001,1,1001,0,0,0
140950176,TRP / Nott 6th Mar,A4 500m,06-03-2018 13:19,12056225,1. Soundless Storm,0,9.121983929614942,1,1,1,1001,1,1001,0,0,0
140941319,AUS / Geel (AUS) 6th Mar,R1 400m Mdn,06-03-2018 04:49,12079929,2. Miss Skye High,0,30,1,13.6658959537572254335260115606936416185,1,1001,1,1001,34.6,0,0
140941331,AUS / Geel (AUS) 6th Mar,R7 460m Mdn,06-03-2018 06:58,12425827,10. Fish Armo,0,45.60484842874111,1,32.889716018748276812792941825199889716,1,1001,1,1001,290.16,0,0
140941267,NZL / AsPk (NZL) 6th Mar,R4 390m C5,06-03-2018 00:00,12455154,7. Opawa Sheldon,1,,1,24.2325581395348837209302325581395348837,1,1001,1,1001,2.58,0,0
140951355,SIS / Monm 6th Mar,S2 630m,06-03-2018 15:02,12504806,6. Romeo Approach,0,5.5,1,1,1,1001,1,1001,0,0,0
140941163,AUS / Devn (AUS) 6th Mar,R4 580m Gr5,06-03-2018 02:47,12484997,5. Niko Tecoma,0,110,1,92.3645143487858719646799116997792494481,1,1001,1,1001,72.48,0,0
140950385,SIS / Hove 6th Mar,A11 515m,06-03-2018 17:08,12671374,2. Right Little Gem,0,8.47685167535726,1,1,1,1001,1,1001,0,0,0
140941304,AUS / Gawl (AUS) 6th Mar,R8 531m Gr4/5,06-03-2018 03:38,13041922,5. Edison Bale,0,42,1,23.3407792207792207792207792207792207792,1,1001,1,1001,77,0,0
140941235,AUS / Warr (AUS) 6th Mar,R3 390m Rest,06-03-2018 04:34,13460621,8. Jans Star,0,10.424679184576965,1,8.62116809207388802339999364130607573204,1,1001,1,1001,629.06,0,0
140950445,TRP / Kinsl 6th Mar,A4 462m,06-03-2018 13:44,13768964,6. Chamberlain Emma,0,3.8462909403198866,1,1,1,1001,1,1001,0,0,0
140941223,AUS / Lism (AUS) 6th Mar,R3 420m Gr5,06-03-2018 08:25,14160203,3. Lightning Sands,0,3.535349830102059,1,2.81672767160572038620819108623986672767,1,1001,1,1001,5114.34,0,0
140941243,AUS / Warr (AUS) 6th Mar,R6 450m Gr5,06-03-2018 05:39,14380949,5. Tiggerlong Rock,0,5.873050738309102,1,5.59941416929205613560028119873981305491,1,1001,1,1001,768.14,0,0
140941195,AUS / Ipsw (AUS) 6th Mar,R10 431m Gr5,06-03-2018 07:54,15522319,4. Spring Lottie,0,6.2,1,5.78840189104405072239650068484071930367,1,1001,1,1001,905.32,0,0
140953454,SIS / Crayfd 6th Mar,A7 380m,06-03-2018 21:16,16005618,5. Steeple Rd Betsy,1,4.2,1,1,1,1001,1,1001,0,0,0
140941235,AUS / Warr (AUS) 6th Mar,R3 390m Rest,06-03-2018 04:34,16653487,3. Flying Rose,0,19.5,1,16.6723750701852891633913531723750701853,1,1001,1,1001,178.1,0,0
140951902,SIS / CPark 6th Mar,A1 480m,06-03-2018 13:08,16649330,4. Lenson Tate,0,4.198324127439992,1,1,1,1001,1,1001,0,0,0
140941375,AUS / Mand (AUS) 6th Mar,R8 405m Nvce,06-03-2018 12:22,16837301,2. Do The Hokey,0,3.0978543453848397,1,1,1,1001,1,1001,0,0,0
140953440,SIS / Crayfd 6th Mar,OR 540m,06-03-2018 19:23,16949172,4. Greenfield Gate,1,3.15,1,1,1,1001,1,1001,0,0,0
140941310,AUS / Cran (AUS) 6th Mar,R1 311m Heat,06-03-2018 07:47,17102667,3. Mother Monster,1,3.8096996172001685,1,3.60236447029742263949836151081176083727,1,1001,1,1001,3527.64,0,0
140941143,AUS / Town (AUS) 6th Mar,R8 498m Final,06-03-2018 11:12,17191401,3. Magic Doug,0,22.703090109471237,1,1,1,1001,1,1001,0,0,0
140951369,SIS / Monm 6th Mar,A7 480m,06-03-2018 17:18,17272499,2. Cassies Cause,0,7.9657746321921135,1,1,1,1001,1,1001,0,0,0
140941041,AUS / Town (AUS) 6th Mar,R1 380m Mdn,06-03-2018 08:55,17006086,2. Louie Vee,0,2.518627956796627,1,2.57916126934285554503822485868919078461,1,1001,1,1001,9656.02,0,0
140953338,SIS / Henl (F/C) 6th Mar,Forecast,06-03-2018 19:02,17002630,1 - 3,0,,1,1,1,1001,1,1001,0,0,0
140953340,SIS / Henl (F/C) 6th Mar,Forecast,06-03-2018 19:33,17002631,1 - 4,0,,1,1,1,1001,1,1001,0,0,0
140954335,RPGTV / Poole (F/C) 6th Mar,Forecast,06-03-2018 19:37,17002631,1 - 4,0,,1,1,1,1001,1,1001,0,0,0
140952871,SIS / Crayfd (F/C) 6th Mar,Forecast,06-03-2018 13:49,17002631,1 - 4,0,,1,1,1,1001,1,1001,0,0,0
140950423,SIS / Hove (F/C) 6th Mar,Forecast,06-03-2018 18:19,17002631,1 - 4,0,,1,1,1,1001,1,1001,0,0,0
140954336,RPGTV / Poole (F/C) 6th Mar,Forecast,06-03-2018 19:52,17002632,1 - 6,0,,1,1,1,1001,1,1001,0,0,0
140951993,SIS / CPark (F/C) 6th Mar,Forecast,06-03-2018 11:09,17002633,2 - 1,0,,1,1,1,1001,1,1001,0,0,0
140953563,SIS / Crayfd (F/C) 6th Mar,Forecast,06-03-2018 21:30,17002635,2 - 3,0,,1,1,1,1001,1,1001,0,0,0
140950460,TRP / Kinsl (F/C) 6th Mar,Forecast,06-03-2018 13:12,17002635,2 - 3,0,,1,1,1,1001,1,1001,0,0,0
140951345,TRP / Sund (F/C) 6th Mar,Forecast,06-03-2018 17:38,17002636,2 - 4,0,,1,1,1,1001,1,1001,0,0,0
140951338,TRP / Sund (F/C) 6th Mar,Forecast,06-03-2018 15:28,17002636,2 - 4,0,,1,1,1,1001,1,1001,0,0,0
140950202,TRP / Nott (F/C) 6th Mar,Forecast,06-03-2018 13:04,17002636,2 - 4,0,,1,1,1,1001,1,1001,0,0,0
140954340,RPGTV / Poole (F/C) 6th Mar,Forecast,06-03-2018 20:51,17002637,2 - 5,0,,1,1,1,1001,1,1001,0,0,0
140950452,TRP / Kinsl (F/C) 6th Mar,Forecast,06-03-2018 11:11,17002674,3 - 1,0,,1,1,1,1001,1,1001,0,0,0
140950463,TRP / Kinsl (F/C) 6th Mar,Forecast,06-03-2018 13:58,17002674,3 - 1,0,,1,1,1,1001,1,1001,0,0,0
140951302,RPGTV / Sheff (F/C) 6th Mar,Forecast,06-03-2018 21:14,17002675,3 - 2,0,,1,1,1,1001,1,1001,0,0,0
140951299,RPGTV / Sheff (F/C) 6th Mar,Forecast,06-03-2018 20:28,17002675,3 - 2,0,,1,1,1,1001,1,1001,0,0,0
140950416,SIS / Hove (F/C) 6th Mar,Forecast,06-03-2018 16:09,17002675,3 - 2,0,,1,1,1,1001,1,1001,0,0,0
140951293,RPGTV / Sheff (F/C) 6th Mar,Forecast,06-03-2018 18:56,17002678,3 - 5,0,,1,1,1,1001,1,1001,0,0,0
140950456,TRP / Kinsl (F/C) 6th Mar,Forecast,06-03-2018 12:12,17002679,3 - 6,1,,1,1,1,1001,1,1001,0,0,0
140951301,RPGTV / Sheff (F/C) 6th Mar,Forecast,06-03-2018 20:58,17002679,3 - 6,0,,1,1,1,1001,1,1001,0,0,0
140951303,RPGTV / Sheff (F/C) 6th Mar,Forecast,06-03-2018 21:32,17002680,4 - 1,0,,1,1,1,1001,1,1001,0,0,0
140953558,SIS / Crayfd (F/C) 6th Mar,Forecast,06-03-2018 20:11,17002686,4 - 5,0,,1,1,1,1001,1,1001,0,0,0
140953562,SIS / Crayfd (F/C) 6th Mar,Forecast,06-03-2018 21:16,17002687,4 - 6,0,,1,1,1,1001,1,1001,0,0,0
140954339,RPGTV / Poole (F/C) 6th Mar,Forecast,06-03-2018 20:37,17002687,4 - 6,0,,1,1,1,1001,1,1001,0,0,0
140953557,SIS / Crayfd (F/C) 6th Mar,Forecast,06-03-2018 19:54,17002687,4 - 6,0,,1,1,1,1001,1,1001,0,0,0
140954337,RPGTV / Poole (F/C) 6th Mar,Forecast,06-03-2018 20:07,17002688,5 - 1,0,,1,1,1,1001,1,1001,0,0,0
140954334,RPGTV / Poole (F/C) 6th Mar,Forecast,06-03-2018 19:22,17002688,5 - 1,0,,1,1,1,1001,1,1001,0,0,0
140951296,RPGTV / Sheff (F/C) 6th Mar,Forecast,06-03-2018 19:42,17002688,5 - 1,0,,1,1,1,1001,1,1001,0,0,0
140950415,SIS / Hove (F/C) 6th Mar,Forecast,06-03-2018 15:49,17002688,5 - 1,0,,1,1,1,1001,1,1001,0,0,0
140951338,TRP / Sund (F/C) 6th Mar,Forecast,06-03-2018 15:28,17002688,5 - 1,0,,1,1,1,1001,1,1001,0,0,0
140950417,SIS / Hove (F/C) 6th Mar,Forecast,06-03-2018 16:29,17002688,5 - 1,0,,1,1,1,1001,1,1001,0,0,0
140951341,TRP / Sund (F/C) 6th Mar,Forecast,06-03-2018 16:27,17002688,5 - 1,0,,1,1,1,1001,1,1001,0,0,0
140951379,SIS / Monm (F/C) 6th Mar,Forecast,06-03-2018 14:22,17002689,5 - 2,0,,1,1,1,1001,1,1001,0,0,0
140953336,SIS / Henl (F/C) 6th Mar,Forecast,06-03-2018 18:27,17002690,5 - 3,0,,1,1,1,1001,1,1001,0,0,0
140950196,TRP / Nott (F/C) 6th Mar,Forecast,06-03-2018 11:34,17002691,5 - 4,0,,1,1,1,1001,1,1001,0,0,0
140950198,TRP / Nott (F/C) 6th Mar,Forecast,06-03-2018 12:04,17002691,5 - 4,0,,1,1,1,1001,1,1001,0,0,0
140951341,TRP / Sund (F/C) 6th Mar,Forecast,06-03-2018 16:27,17002691,5 - 4,0,,1,1,1,1001,1,1001,0,0,0
140951381,SIS / Monm (F/C) 6th Mar,Forecast,06-03-2018 15:02,17002691,5 - 4,0,,1,1,1,1001,1,1001,0,0,0
140950200,TRP / Nott (F/C) 6th Mar,Forecast,06-03-2018 12:32,17002693,6 - 1,0,,1,1,1,1001,1,1001,0,0,0
140951391,SIS / Monm (F/C) 6th Mar,Forecast,06-03-2018 18:09,17002694,6 - 2,0,,1,1,1,1001,1,1001,0,0,0
140950419,SIS / Hove (F/C) 6th Mar,Forecast,06-03-2018 17:08,17002694,6 - 2,0,,1,1,1,1001,1,1001,0,0,0
140951293,RPGTV / Sheff (F/C) 6th Mar,Forecast,06-03-2018 18:56,17002695,6 - 3,0,,1,1,1,1001,1,1001,0,0,0
140950422,SIS / Hove (F/C) 6th Mar,Forecast,06-03-2018 18:02,17002695,6 - 3,0,,1,1,1,1001,1,1001,0,0,0
140950455,TRP / Kinsl (F/C) 6th Mar,Forecast,06-03-2018 11:57,17002696,6 - 4,0,,1,1,1,1001,1,1001,0,0,0
140951304,RPGTV / Sheff (F/C) 6th Mar,Forecast,06-03-2018 21:50,17002696,6 - 4,0,,1,1,1,1001,1,1001,0,0,0
140951998,SIS / CPark (F/C) 6th Mar,Forecast,06-03-2018 12:24,17002696,6 - 4,0,,1,1,1,1001,1,1001,0,0,0
140953343,SIS / Henl (F/C) 6th Mar,Forecast,06-03-2018 20:21,17002697,6 - 5,0,,1,1,1,1001,1,1001,0,0,0
140941187,AUS / Devn (AUS) 6th Mar,R11 452m Gr5,06-03-2018 05:02,17327840,4. Bobby The Jett,0,1.887086042872688,1,1.8293322770146041046951374460006876037,1,1001,1,1001,4013.94,0,0
140950196,TRP / Nott (F/C) 6th Mar,Forecast,06-03-2018 11:34,17002568,1 - 2,0,,1,1,1,1001,1,1001,0,0,0
140951301,RPGTV / Sheff (F/C) 6th Mar,Forecast,06-03-2018 20:58,17002568,1 - 2,0,,1,1,1,1001,1,1001,0,0,0
140951383,SIS / Monm (F/C) 6th Mar,Forecast,06-03-2018 15:39,17002568,1 - 2,0,,1,1,1,1001,1,1001,0,0,0
140941153,AUS / Devn (AUS) 6th Mar,R1 452m Gr6,06-03-2018 01:47,17508140,6. Fernando Rhythm,0,7.42177545531791,1,6.16619819450143619203939269593762823143,1,1001,1,1001,389.92,0,0
140952565,SIS / Crayfd 6th Mar,A7 380m,06-03-2018 12:31,17504586,4. Mealbreakmoney,0,4.4,1,1,1,1001,1,1001,0,0,0
140941231,AUS / Warr (AUS) 6th Mar,R2 390m Rest,06-03-2018 04:14,17508440,4. Zambora Ella,0,7.574270871705374,1,7.19664274730907227063044592516658124039,1,1001,1,1001,156.08,0,0
140951275,RPGTV / Sheff 6th Mar,OR 280m,06-03-2018 19:58,17502752,1. Elegant Denis,0,61.050128567,1,1,1,1001,1,1001,0,0,0
140941187,AUS / Devn (AUS) 6th Mar,R11 452m Gr5,06-03-2018 05:02,17508239,6. Woodridge,0,18.5,1,12.9412105751391465677179962894248608534,1,1001,1,1001,86.24,0,0
140941159,AUS / Ipsw (AUS) 6th Mar,R1 431m Heat,06-03-2018 04:52,17508624,6. Phantom Road,0,5.4,1,5.08729350141023427157082829678236343752,1,1001,1,1001,694.92,0,0
140951535,Greyhound Racing / Trap Challenge,Nott & Kinsl Trap Challenge,06-03-2018 11:03,5861,Trap 5,0,,4.87518502854726157750052865299217593572,5.4448555586647664891398025071516329247,4.5,4.5,1,1001,71.34,189.16,0
140952000,SIS / CPark (F/C) 6th Mar,Forecast,06-03-2018 12:54,6953192,1 - 5,0,,1,1,1,1001,1,1001,0,0,0
140951325,TRP / Sund 6th Mar,A4 450m,06-03-2018 17:22,9215202,1. Farloe Cobra,0,5.4,1,1,1,1001,1,1001,0,0,0
140951283,RPGTV / Sheff 6th Mar,OR 660m,06-03-2018 20:58,10555711,5. Pointless Pearl,0,11.5,1,1,1,1001,1,1001,0,0,0
140941279,NZL / AsPk (NZL) 6th Mar,R10 390m C1/2,06-03-2018 01:42,11731376,8. Unverified,0,,1,15.142574692442882249560632688927943761,1,1001,1,1001,45.52,0,0
140941151,AUS / Town (AUS) 6th Mar,R11 380m Heat,06-03-2018 12:15,11979064,1. Lots Of Time,0,3.65,1,1,1,1001,1,1001,0,0,0
140951283,RPGTV / Sheff 6th Mar,OR 660m,06-03-2018 20:58,12186589,3. Droopys Live,0,1.850018280688455,1,1,1,1001,1,1001,0,0,0
140952565,SIS / Crayfd 6th Mar,A7 380m,06-03-2018 12:31,12258318,6. Stallone Freddie,1,7.237546412,1,1,1,1001,1,1001,0,0,0
140941245,AUS / Lism (AUS) 6th Mar,R9 420m N/G,06-03-2018 10:25,12485318,7. Cute Gambler,0,95,1,73.4418521177315147164393395549174443647,1,1001,1,1001,55.72,0,0
140952559,SIS / Crayfd 6th Mar,S3 540m,06-03-2018 11:46,12679139,5. Pesky One,0,5.611274077137933,1,1,1,1001,1,1001,0,0,0
140950172,TRP / Nott 6th Mar,A3 500m,06-03-2018 12:47,12772621,6. Salacres Kearni,0,5,1,1,1,1001,1,1001,0,0,0
140941235,AUS / Warr (AUS) 6th Mar,R3 390m Rest,06-03-2018 04:34,12807096,6. Blokes Advice,0,5.056987190431537,1,3.23040686166703320870903892676489993402,1,1001,1,1001,909.4,0,0
140941275,NZL / AsPk (NZL) 6th Mar,R8 457m C1/2,06-03-2018 01:10,13214412,2. Kia Tere,0,,1,2.95382297359415700495428775729097502426,1,1001,1,1001,783.16,0,0
141000105,Match Bets / Poole (AvB) 6th Mar,Minglers Thunder v Sound Plan,06-03-2018 20:07,14185114,4. Sound Plan,1,,1,1,1,1001,1,1001,0,0,0
140941375,AUS / Mand (AUS) 6th Mar,R8 405m Nvce,06-03-2018 12:22,14716899,1. Ebony Shadow,0,4.863993630600163,1,1,1,1001,1,1001,0,0,0
140941177,AUS / Devn (AUS) 6th Mar,R8 452m Gr5,06-03-2018 04:09,16010001,4. Flamin Baroque,1,1.611650259716107,1,1.58498345711240902444464638286974696197,1,1001,1,1001,9683.92,0,0
140953026,SIS / Henl 6th Mar,A2 460m,06-03-2018 21:08,16522107,3. Savana Duke,0,8.171038242,1,1,1,1001,1,1001,0,0,0
140941225,AUS / Lism (AUS) 6th Mar,R4 520m Heat,06-03-2018 08:45,16625524,8. Kulu Cooper,1,2.3197425486798595,1,2.28484275561431014044652270579430675356,1,1001,1,1001,7322.36,0,0
140951386,SIS / Monm (F/C) 6th Mar,Forecast,06-03-2018 16:39,17002741,5 - 6,0,,1,1,1,1001,1,1001,0,0,0
140950453,TRP / Kinsl (F/C) 6th Mar,Forecast,06-03-2018 11:28,17002741,5 - 6,0,,1,1,1,1001,1,1001,0,0,0
140941325,AUS / Geel (AUS) 6th Mar,R4 400m Mdn,06-03-2018 05:54,16979677,9. Murrabit Sammy,0,58.78932642923667,1,30.3938840712003651300775901414879050662,1,1001,1,1001,43.82,0,0
140953452,SIS / Crayfd 6th Mar,A8 380m,06-03-2018 20:58,17145896,4. Funky Me,0,9.77625,1,1,1,1001,1,1001,0,0,0
140950416,SIS / Hove (F/C) 6th Mar,Forecast,06-03-2018 16:09,17002631,1 - 4,0,,1,1,1,1001,1,1001,0,0,0
140951380,SIS / Monm (F/C) 6th Mar,Forecast,06-03-2018 14:42,17002632,1 - 6,0,,1,1,1,1001,1,1001,0,0,0
140951391,SIS / Monm (F/C) 6th Mar,Forecast,06-03-2018 18:09,17002632,1 - 6,0,,1,1,1,1001,1,1001,0,0,0
140950413,SIS / Hove (F/C) 6th Mar,Forecast,06-03-2018 15:11,17002633,2 - 1,0,,1,1,1,1001,1,1001,0,0,0
140951335,TRP / Sund (F/C) 6th Mar,Forecast,06-03-2018 14:27,17002633,2 - 1,0,,1,1,1,1001,1,1001,0,0,0
140954342,RPGTV / Poole (F/C) 6th Mar,Forecast,06-03-2018 21:22,17002635,2 - 3,0,,1,1,1,1001,1,1001,0,0,0
140951340,TRP / Sund (F/C) 6th Mar,Forecast,06-03-2018 16:08,17002636,2 - 4,0,,1,1,1,1001,1,1001,0,0,0
140951999,SIS / CPark (F/C) 6th Mar,Forecast,06-03-2018 12:39,17002636,2 - 4,0,,1,1,1,1001,1,1001,0,0,0
140951334,TRP / Sund (F/C) 6th Mar,Forecast,06-03-2018 14:08,17002636,2 - 4,0,,1,1,1,1001,1,1001,0,0,0
140951384,SIS / Monm (F/C) 6th Mar,Forecast,06-03-2018 15:59,17002639,2 - 6,0,,1,1,1,1001,1,1001,0,0,0
140950461,TRP / Kinsl (F/C) 6th Mar,Forecast,06-03-2018 13:27,17002639,2 - 6,0,,1,1,1,1001,1,1001,0,0,0
140951378,SIS / Monm (F/C) 6th Mar,Forecast,06-03-2018 14:06,17002674,3 - 1,0,,1,1,1,1001,1,1001,0,0,0
140951384,SIS / Monm (F/C) 6th Mar,Forecast,06-03-2018 15:59,17002674,3 - 1,0,,1,1,1,1001,1,1001,0,0,0
140952003,SIS / CPark (F/C) 6th Mar,Forecast,06-03-2018 13:39,17002674,3 - 1,0,,1,1,1,1001,1,1001,0,0,0
140950421,SIS / Hove (F/C) 6th Mar,Forecast,06-03-2018 17:44,17002674,3 - 1,0,,1,1,1,1001,1,1001,0,0,0
140954331,RPGTV / Poole (F/C) 6th Mar,Forecast,06-03-2018 18:28,17002677,3 - 4,1,,1,1,1,1001,1,1001,0,0,0
140951994,SIS / CPark (F/C) 6th Mar,Forecast,06-03-2018 11:24,17002678,3 - 5,0,,1,1,1,1001,1,1001,0,0,0
140951390,SIS / Monm (F/C) 6th Mar,Forecast,06-03-2018 17:54,17002679,3 - 6,0,,1,1,1,1001,1,1001,0,0,0
140950422,SIS / Hove (F/C) 6th Mar,Forecast,06-03-2018 18:02,17002679,3 - 6,0,,1,1,1,1001,1,1001,0,0,0
140952871,SIS / Crayfd (F/C) 6th Mar,Forecast,06-03-2018 13:49,17002679,3 - 6,0,,1,1,1,1001,1,1001,0,0,0
140953564,SIS / Crayfd (F/C) 6th Mar,Forecast,06-03-2018 21:45,17002679,3 - 6,0,,1,1,1,1001,1,1001,0,0,0
140950420,SIS / Hove (F/C) 6th Mar,Forecast,06-03-2018 17:28,17002679,3 - 6,0,,1,1,1,1001,1,1001,0,0,0
140953340,SIS / Henl (F/C) 6th Mar,Forecast,06-03-2018 19:33,17002680,4 - 1,0,,1,1,1,1001,1,1001,0,0,0
140951302,RPGTV / Sheff (F/C) 6th Mar,Forecast,06-03-2018 21:14,17002683,4 - 2,0,,1,1,1,1001,1,1001,0,0,0
140953554,SIS / Crayfd (F/C) 6th Mar,Forecast,06-03-2018 19:07,17002686,4 - 5,0,,1,1,1,1001,1,1001,0,0,0
140951301,RPGTV / Sheff (F/C) 6th Mar,Forecast,06-03-2018 20:58,17002686,4 - 5,0,,1,1,1,1001,1,1001,0,0,0
140951296,RPGTV / Sheff (F/C) 6th Mar,Forecast,06-03-2018 19:42,17002687,4 - 6,0,,1,1,1,1001,1,1001,0,0,0
140951389,SIS / Monm (F/C) 6th Mar,Forecast,06-03-2018 17:37,17002688,5 - 1,0,,1,1,1,1001,1,1001,0,0,0
140950196,TRP / Nott (F/C) 6th Mar,Forecast,06-03-2018 11:34,17002689,5 - 2,0,,1,1,1,1001,1,1001,0,0,0
140953563,SIS / Crayfd (F/C) 6th Mar,Forecast,06-03-2018 21:30,17002689,5 - 2,0,,1,1,1,1001,1,1001,0,0,0
140951378,SIS / Monm (F/C) 6th Mar,Forecast,06-03-2018 14:06,17002690,5 - 3,0,,1,1,1,1001,1,1001,0,0,0
140954332,RPGTV / Poole (F/C) 6th Mar,Forecast,06-03-2018 18:48,17002690,5 - 3,0,,1,1,1,1001,1,1001,0,0,0
140951379,SIS / Monm (F/C) 6th Mar,Forecast,06-03-2018 14:22,17002691,5 - 4,0,,1,1,1,1001,1,1001,0,0,0
140951386,SIS / Monm (F/C) 6th Mar,Forecast,06-03-2018 16:39,17002691,5 - 4,0,,1,1,1,1001,1,1001,0,0,0
140954337,RPGTV / Poole (F/C) 6th Mar,Forecast,06-03-2018 20:07,17002693,6 - 1,0,,1,1,1,1001,1,1001,0,0,0
140951300,RPGTV / Sheff (F/C) 6th Mar,Forecast,06-03-2018 20:43,17002694,6 - 2,0,,1,1,1,1001,1,1001,0,0,0
140952866,SIS / Crayfd (F/C) 6th Mar,Forecast,06-03-2018 12:31,17002694,6 - 2,0,,1,1,1,1001,1,1001,0,0,0
140951338,TRP / Sund (F/C) 6th Mar,Forecast,06-03-2018 15:28,17002695,6 - 3,0,,1,1,1,1001,1,1001,0,0,0
140950461,TRP / Kinsl (F/C) 6th Mar,Forecast,06-03-2018 13:27,17002696,6 - 4,0,,1,1,1,1001,1,1001,0,0,0
140950410,SIS / Hove (F/C) 6th Mar,Forecast,06-03-2018 14:12,17002696,6 - 4,0,,1,1,1,1001,1,1001,0,0,0
140950455,TRP / Kinsl (F/C) 6th Mar,Forecast,06-03-2018 11:57,17002697,6 - 5,0,,1,1,1,1001,1,1001,0,0,0
140951303,RPGTV / Sheff (F/C) 6th Mar,Forecast,06-03-2018 21:32,17002697,6 - 5,0,,1,1,1,1001,1,1001,0,0,0
140951385,SIS / Monm (F/C) 6th Mar,Forecast,06-03-2018 16:19,17002568,1 - 2,0,,1,1,1,1001,1,1001,0,0,0
140941310,AUS / Cran (AUS) 6th Mar,R1 311m Heat,06-03-2018 07:47,17296358,5. Spruce Moose,0,98.60126591183244,1,53.8492753623188405797101449275362318841,1,1001,1,1001,82.8,0,0
140941203,AUS / Mait (AUS) 6th Mar,R4 400m Gr5,06-03-2018 08:58,17508727,8. Ohmywow,1,1.7239560328595323,1,1.62672064159809095046557683555358746325,1,1001,1,1001,8129.7,0,0
140941283,NZL / AsPk (NZL) 6th Mar,R12 457m C1,06-03-2018 02:19,17507833,5. Malaga Molly,0,,1,3.64662698412698412698412698412698412698,1,1001,1,1001,15.12,0,0
140953558,SIS / Crayfd (F/C) 6th Mar,Forecast,06-03-2018 20:11,6953192,1 - 5,0,,1,1,1,1001,1,1001,0,0,0
140952863,SIS / Crayfd (F/C) 6th Mar,Forecast,06-03-2018 11:46,6953192,1 - 5,0,,1,1,1,1001,1,1001,0,0,0
140953028,SIS / Henl 6th Mar,S3 550m,06-03-2018 21:26,8869358,1. Moors Matilda,0,2.9412404481204026,1,1,1,1001,1,1001,0,0,0
140941298,AUS / Gawl (AUS) 6th Mar,R5 400m Gr6,06-03-2018 02:39,10560745,2. Full Bogan,0,9.8,1,9.10546054238944539457610554605423894454,1,1001,1,1001,491.16,0,0
140941151,AUS / Town (AUS) 6th Mar,R11 380m Heat,06-03-2018 12:15,10631018,8. Miss Lardie Da,0,34,1,1,1,1001,1,1001,0,0,0
140950393,SIS / Hove 6th Mar,A3 515m,06-03-2018 18:19,11046125,3. Dottie Belle,0,5.9,1,1,1,1001,1,1001,0,0,0
140941231,AUS / Warr (AUS) 6th Mar,R2 390m Rest,06-03-2018 04:14,11495798,2. Witch Kilty,1,9.8,1,8.94681550472538008491987398986440213669,1,1001,1,1001,146.02,0,0
140941217,AUS / Mait (AUS) 6th Mar,R11 400m Gr5,06-03-2018 11:20,12148189,4. Curly Girly,0,6.8,1,1,1,1001,1,1001,0,0,0
140950431,TRP / Kinsl 6th Mar,HC 462m,06-03-2018 11:57,12752035,5. Fuzzy The Legend,0,5.8,1,1,1,1001,1,1001,0,0,0
140950367,SIS / Hove 6th Mar,A5 515m,06-03-2018 14:12,12936559,4. Gemini Diva,0,5.284964663575229,1,1,1,1001,1,1001,0,0,0
140951307,TRP / Sund 6th Mar,A4 450m,06-03-2018 14:27,13049284,4. Nights In Havana,0,8.6,1,1,1,1001,1,1001,0,0,0
140953012,SIS / Henl 6th Mar,A5 460m,06-03-2018 19:17,13004516,6. Wicky Jo,0,7.831015272384974,1,1,1,1001,1,1001,0,0,0
140951329,TRP / Sund 6th Mar,A7 450m,06-03-2018 17:56,13030941,4. Gods Plan,0,8.448651321,1,1,1,1001,1,1001,0,0,0
140941227,AUS / Lism (AUS) 6th Mar,R5 520m Gr4/5,06-03-2018 09:05,13218762,1. Kulu Chance,0,7.8,1,6.26235113611456126251187257982026740703,1,1001,1,1001,821.22,0,0
140953686,RPGTV / Poole 6th Mar,A2 450m,06-03-2018 20:51,13499916,3. Blastoffbouchard,0,9.152108936455335,1,1,1,1001,1,1001,0,0,0
140951325,TRP / Sund 6th Mar,A4 450m,06-03-2018 17:22,14181940,5. Monagea Jamie,0,5.779443139,1,1,1,1001,1,1001,0,0,0
140941387,NZL / Addi (NZL) 6th mar,R3 295m C1,06-03-2018 01:50,15206030,5. Lord Protector,0,,1,29.5959752321981424148606811145510835913,1,1001,1,1001,19.38,0,0
140953434,SIS / Crayfd 6th Mar,A6 380m,06-03-2018 18:33,16513560,5. Freetong Frankie,1,9.985514207236118,1,1,1,1001,1,1001,0,0,0
140941385,NZL / Addi (NZL) 6th mar,R2 295m C0,06-03-2018 01:34,17233665,1. Culvie Chairman,0,,1,9.94467930909530136489914240850344244474,1,1001,1,1001,165.58,0,0
140951300,RPGTV / Sheff (F/C) 6th Mar,Forecast,06-03-2018 20:43,17002630,1 - 3,0,,1,1,1,1001,1,1001,0,0,0
140950197,TRP / Nott (F/C) 6th Mar,Forecast,06-03-2018 11:48,17002630,1 - 3,0,,1,1,1,1001,1,1001,0,0,0
140950419,SIS / Hove (F/C) 6th Mar,Forecast,06-03-2018 17:08,17002630,1 - 3,0,,1,1,1,1001,1,1001,0,0,0
140950196,TRP / Nott (F/C) 6th Mar,Forecast,06-03-2018 11:34,17002631,1 - 4,0,,1,1,1,1001,1,1001,0,0,0
140952869,SIS / Crayfd (F/C) 6th Mar,Forecast,06-03-2018 13:16,17002632,1 - 6,0,,1,1,1,1001,1,1001,0,0,0
140951379,SIS / Monm (F/C) 6th Mar,Forecast,06-03-2018 14:22,17002633,2 - 1,0,,1,1,1,1001,1,1001,0,0,0
140951345,TRP / Sund (F/C) 6th Mar,Forecast,06-03-2018 17:38,17002633,2 - 1,0,,1,1,1,1001,1,1001,0,0,0
140954331,RPGTV / Poole (F/C) 6th Mar,Forecast,06-03-2018 18:28,17002633,2 - 1,0,,1,1,1,1001,1,1001,0,0,0
140951388,SIS / Monm (F/C) 6th Mar,Forecast,06-03-2018 17:18,17002635,2 - 3,0,,1,1,1,1001,1,1001,0,0,0
140950418,SIS / Hove (F/C) 6th Mar,Forecast,06-03-2018 16:48,17002636,2 - 4,0,,1,1,1,1001,1,1001,0,0,0
140950413,SIS / Hove (F/C) 6th Mar,Forecast,06-03-2018 15:11,17002637,2 - 5,0,,1,1,1,1001,1,1001,0,0,0
140951298,RPGTV / Sheff (F/C) 6th Mar,Forecast,06-03-2018 20:13,17002637,2 - 5,0,,1,1,1,1001,1,1001,0,0,0
140951292,RPGTV / Sheff (F/C) 6th Mar,Forecast,06-03-2018 18:38,17002639,2 - 6,0,,1,1,1,1001,1,1001,0,0,0
140950420,SIS / Hove (F/C) 6th Mar,Forecast,06-03-2018 17:28,17002674,3 - 1,0,,1,1,1,1001,1,1001,0,0,0
140951378,SIS / Monm (F/C) 6th Mar,Forecast,06-03-2018 14:06,17002675,3 - 2,0,,1,1,1,1001,1,1001,0,0,0
140953340,SIS / Henl (F/C) 6th Mar,Forecast,06-03-2018 19:33,17002677,3 - 4,0,,1,1,1,1001,1,1001,0,0,0
140952002,SIS / CPark (F/C) 6th Mar,Forecast,06-03-2018 13:22,17002677,3 - 4,0,,1,1,1,1001,1,1001,0,0,0
140951345,TRP / Sund (F/C) 6th Mar,Forecast,06-03-2018 17:38,17002678,3 - 5,0,,1,1,1,1001,1,1001,0,0,0
140950197,TRP / Nott (F/C) 6th Mar,Forecast,06-03-2018 11:48,17002678,3 - 5,0,,1,1,1,1001,1,1001,0,0,0
140950204,TRP / Nott (F/C) 6th Mar,Forecast,06-03-2018 13:33,17002679,3 - 6,0,,1,1,1,1001,1,1001,0,0,0
140950459,TRP / Kinsl (F/C) 6th Mar,Forecast,06-03-2018 12:58,17002679,3 - 6,0,,1,1,1,1001,1,1001,0,0,0
140950423,SIS / Hove (F/C) 6th Mar,Forecast,06-03-2018 18:19,17002679,3 - 6,0,,1,1,1,1001,1,1001,0,0,0
140954339,RPGTV / Poole (F/C) 6th Mar,Forecast,06-03-2018 20:37,17002679,3 - 6,0,,1,1,1,1001,1,1001,0,0,0
140953339,SIS / Henl (F/C) 6th Mar,Forecast,06-03-2018 19:17,17002680,4 - 1,0,,1,1,1,1001,1,1001,0,0,0
140954337,RPGTV / Poole (F/C) 6th Mar,Forecast,06-03-2018 20:07,17002683,4 - 2,0,,1,1,1,1001,1,1001,0,0,0
140951296,RPGTV / Sheff (F/C) 6th Mar,Forecast,06-03-2018 19:42,17002684,4 - 3,0,,1,1,1,1001,1,1001,0,0,0
140953552,SIS / Crayfd (F/C) 6th Mar,Forecast,06-03-2018 18:33,17002684,4 - 3,0,,1,1,1,1001,1,1001,0,0,0
140952863,SIS / Crayfd (F/C) 6th Mar,Forecast,06-03-2018 11:46,17002686,4 - 5,0,,1,1,1,1001,1,1001,0,0,0
140950197,TRP / Nott (F/C) 6th Mar,Forecast,06-03-2018 11:48,17002686,4 - 5,0,,1,1,1,1001,1,1001,0,0,0
140953345,SIS / Henl (F/C) 6th Mar,Forecast,06-03-2018 20:53,17002687,4 - 6,0,,1,1,1,1001,1,1001,0,0,0
140951298,RPGTV / Sheff (F/C) 6th Mar,Forecast,06-03-2018 20:13,17002687,4 - 6,0,,1,1,1,1001,1,1001,0,0,0
140953556,SIS / Crayfd (F/C) 6th Mar,Forecast,06-03-2018 19:38,17002688,5 - 1,0,,1,1,1,1001,1,1001,0,0,0
140951295,RPGTV / Sheff (F/C) 6th Mar,Forecast,06-03-2018 19:26,17002688,5 - 1,0,,1,1,1,1001,1,1001,0,0,0
140954337,RPGTV / Poole (F/C) 6th Mar,Forecast,06-03-2018 20:07,17002689,5 - 2,0,,1,1,1,1001,1,1001,0,0,0
140951301,RPGTV / Sheff (F/C) 6th Mar,Forecast,06-03-2018 20:58,17002689,5 - 2,0,,1,1,1,1001,1,1001,0,0,0
140953564,SIS / Crayfd (F/C) 6th Mar,Forecast,06-03-2018 21:45,17002691,5 - 4,0,,1,1,1,1001,1,1001,0,0,0
140951995,SIS / CPark (F/C) 6th Mar,Forecast,06-03-2018 11:39,17002694,6 - 2,0,,1,1,1,1001,1,1001,0,0,0
140953342,SIS / Henl (F/C) 6th Mar,Forecast,06-03-2018 20:06,17002694,6 - 2,0,,1,1,1,1001,1,1001,0,0,0
140951996,SIS / CPark (F/C) 6th Mar,Forecast,06-03-2018 11:54,17002696,6 - 4,0,,1,1,1,1001,1,1001,0,0,0
140950458,TRP / Kinsl (F/C) 6th Mar,Forecast,06-03-2018 12:42,17002696,6 - 4,0,,1,1,1,1001,1,1001,0,0,0
140952864,SIS / Crayfd (F/C) 6th Mar,Forecast,06-03-2018 12:01,17002697,6 - 5,0,,1,1,1,1001,1,1001,0,0,0
140951335,TRP / Sund (F/C) 6th Mar,Forecast,06-03-2018 14:27,17002697,6 - 5,0,,1,1,1,1001,1,1001,0,0,0
140952001,SIS / CPark (F/C) 6th Mar,Forecast,06-03-2018 13:08,17002697,6 - 5,0,,1,1,1,1001,1,1001,0,0,0
140951995,SIS / CPark (F/C) 6th Mar,Forecast,06-03-2018 11:39,17002568,1 - 2,0,,1,1,1,1001,1,1001,0,0,0
140950205,TRP / Nott (F/C) 6th Mar,Forecast,06-03-2018 13:51,17002568,1 - 2,0,,1,1,1,1001,1,1001,0,0,0
140941365,AUS / Mand (AUS) 6th Mar,R3 405m Heat,06-03-2018 10:42,17509892,3. Riverside Pride,0,187.5184740391479,1,136.190287674848244919503826867247294801,1,1001,1,1001,75.78,0,0
140941365,AUS / Mand (AUS) 6th Mar,R3 405m Heat,06-03-2018 10:42,17509893,5. Need More Coin,0,8.4,1,6.87252015289709722590167656965522461492,1,1001,1,1001,528.46,0,0
140951906,SIS / CPark 6th Mar,D2 265m,06-03-2018 13:39,17437921,3. Im In Motion,1,8,1,1,1,1001,1,1001,0,0,0
140950369,SIS / Hove 6th Mar,A10 515m,06-03-2018 14:32,17500747,5. Puzzle Peace,1,5.251954923468875,1,1,1,1001,1,1001,0,0,0
140941289,AUS / Gawl (AUS) 6th Mar,R1 400m Heat,06-03-2018 01:14,17508090,3. Hayride Hayward,0,11.844436929319055,1,9.98700769578995020371208691715708465369,1,1001,1,1001,44.18,0,0
140941351,AUS / Cran (AUS) 6th Mar,R8 520m Gr5,06-03-2018 10:08,17508477,3. Adam Mandam,0,2.88,1,2.71189528764709085598586145613140529007,1,1001,1,1001,12120.06,0,0
140951898,SIS / CPark 6th Mar,D3 265m,06-03-2018 12:39,17437896,2. Bills Lass,0,3.7,1,1,1,1001,1,1001,0,0,0
140951542,Greyhound Racing / Trap Challenge,Monm & Hove Trap Challenge,06-03-2018 14:06,5861,Trap 5,0,,7,1,1,1001,1,1001,0,16,0
140953554,SIS / Crayfd (F/C) 6th Mar,Forecast,06-03-2018 19:07,6953192,1 - 5,0,,1,1,1,1001,1,1001,0,0,0
140951338,TRP / Sund (F/C) 6th Mar,Forecast,06-03-2018 15:28,6953192,1 - 5,0,,1,1,1,1001,1,1001,0,0,0
140951369,SIS / Monm 6th Mar,A7 480m,06-03-2018 17:18,9136057,6. Butts Muldoon,0,14.617116401669334,1,1,1,1001,1,1001,0,0,0
140953442,SIS / Crayfd 6th Mar,A2 380m,06-03-2018 19:38,10934275,1. Kelva Cuthbert,0,4.8393007175112155,1,1,1,1001,1,1001,0,0,0
140950393,SIS / Hove 6th Mar,A3 515m,06-03-2018 18:19,11378531,1. Kentish Fame,0,5,1,1,1,1001,1,1001,0,0,0
140941215,AUS / Mait (AUS) 6th Mar,R10 400m Gr5,06-03-2018 10:58,12370811,1. Turbo Diddle,0,2.287666023734637,1,1.91974780080794351946237777022690376411,1,1001,1,1001,4237.92,0,0
140950379,SIS / Hove 6th Mar,A3 515m,06-03-2018 16:09,12637377,3. Black Duggan,1,9.087990071494136,1,1,1,1001,1,1001,0,0,0
140951327,TRP / Sund 6th Mar,A3 450m,06-03-2018 17:38,12911654,2. Millwood Susie,0,4.772448616581677,1,1,1,1001,1,1001,0,0,0
140953456,SIS / Crayfd 6th Mar,A8 380m,06-03-2018 21:30,12959975,6. Jaxxon Phantom,0,25.30078564868309,1,1,1,1001,1,1001,0,0,0
140941058,AUS / Town (AUS) 6th Mar,R7 380m FFA,06-03-2018 10:55,13001526,5. Bundy Cutter,1,7.176563450420291,1,5.6043852428346928085010850856843523161,1,1001,1,1001,1069.04,0,0
140941298,AUS / Gawl (AUS) 6th Mar,R5 400m Gr6,06-03-2018 02:39,13023734,7. Jolene Marlow,0,6.671944114,1,6.77743859220334840523035561530001222046,1,1001,1,1001,818.3,0,0
140941357,AUS / Cran (AUS) 6th Mar,R11 311m Gr5,06-03-2018 11:09,13325822,5. Vienna Gypsy,0,11.922749279651907,1,1,1,1001,1,1001,0,0,0
140941389,NZL / Addi (NZL) 6th mar,R4 295m C1,06-03-2018 02:09,13333682,6. Mamma Rose,0,,1,6.96359193646915088576664630421502748931,1,1001,1,1001,32.74,0,0
140941197,AUS / Mait (AUS) 6th Mar,R1 400m Heat,06-03-2018 08:00,13283185,3. Harlem Allen,0,28,1,26.1341027308192457737321196358907672302,1,1001,1,1001,615.2,0,0
140941279,NZL / AsPk (NZL) 6th Mar,R10 390m C1/2,06-03-2018 01:42,13588345,6. Black Tori,0,,1,12.971595006934812760055478502080443828,1,1001,1,1001,72.1,0,0
140941205,AUS / Mait (AUS) 6th Mar,R5 450m Gr5,06-03-2018 09:18,13610539,2. Queens Me Mum,0,12.829558144696055,1,12.1756265250686760485566519850831018554,1,1001,1,1001,1303.22,0,0
140951900,SIS / CPark 6th Mar,A3 480m,06-03-2018 12:54,15086423,5. Itsme Itsme,0,6.8,1,1,1,1001,1,1001,0,0,0
140999801,Match Bets / Poole (AvB) 6th Mar,Lavender Blue v Fromtheretohere,06-03-2018 18:28,15215925,2. Fromtheretohere,0,,1,1,1,1001,1,1001,0,0,0
140941221,AUS / Lism (AUS) 6th Mar,R2 420m Gr5,06-03-2018 08:06,15472087,6. Arelem Dude,0,5.783025589333192,1,4.63049769595341557119558673832379242784,1,1001,1,1001,1827.22,0,0
140941308,AUS / Gawl (AUS) 6th Mar,R10 400m Gr5,06-03-2018 04:17,15549863,4. Bradley Tyson,0,5.84611868363805,1,5.17546215395934884576473834268371194702,1,1001,1,1001,217.46,0,0
140964311,NZL / Hatr (NZL) 7th Mar,R3 305m Final,06-03-2018 23:51,15566486,3. Cool Wolf,0,,1,1,1,1001,1,1001,0,0,0
140953682,RPGTV / Poole 6th Mar,HC 450m,06-03-2018 20:22,15612444,3. Slaneyside Rambo,0,21.444994113,1,1,1,1001,1,1001,0,0,0
140941243,AUS / Warr (AUS) 6th Mar,R6 450m Gr5,06-03-2018 05:39,15946476,7. Go Didda Go,0,9.8,1,9.15508479167795416373191742970146827762,1,1001,1,1001,369.14,0,0
140951265,RPGTV / Sheff 6th Mar,OR 660m,06-03-2018 18:38,15882378,4. Lightfoot Girl,1,16,1,1,1,1001,1,1001,0,0,0
140941405,NZL / Addi (NZL) 6th mar,R12 295m C1,06-03-2018 04:36,15829315,6. Cut The Ribbons,0,,1,13.0816151202749140893470790378006872852,1,1001,1,1001,23.28,0,0
140941341,AUS / Cran (AUS) 6th Mar,R5 520m Rest,06-03-2018 09:08,16775681,2. Sale Graze Bindi,0,2.06,1,2.03912812670476394888167484953362129871,1,1001,1,1001,11181.9,0,0
140941331,AUS / Geel (AUS) 6th Mar,R7 460m Mdn,06-03-2018 06:58,16855132,5. Midnight Mystery,1,1.53,1,1.63176753050355691376517090887525687324,1,1001,1,1001,22258.06,0,0
140950373,SIS / Hove 6th Mar,A4 515m,06-03-2018 15:11,16845142,2. Slippery Crystal,0,9.115042047462335,1,1,1,1001,1,1001,0,0,0
140951385,SIS / Monm (F/C) 6th Mar,Forecast,06-03-2018 16:19,17002741,5 - 6,0,,1,1,1,1001,1,1001,0,0,0
140941239,AUS / Warr (AUS) 6th Mar,R4 450m Gr7,06-03-2018 04:58,16979674,3. Don Quixote,1,11,1,8.11641431866038303419231926200742003409,1,1001,1,1001,199.46,0,0
140952003,SIS / CPark (F/C) 6th Mar,Forecast,06-03-2018 13:39,17002630,1 - 3,0,,1,1,1,1001,1,1001,0,0,0
140952004,SIS / CPark (F/C) 6th Mar,Forecast,06-03-2018 13:57,17002631,1 - 4,0,,1,1,1,1001,1,1001,0,0,0
140951386,SIS / Monm (F/C) 6th Mar,Forecast,06-03-2018 16:39,17002632,1 - 6,0,,1,1,1,1001,1,1001,0,0,0
140950457,TRP / Kinsl (F/C) 6th Mar,Forecast,06-03-2018 12:27,17002632,1 - 6,0,,1,1,1,1001,1,1001,0,0,0
140951993,SIS / CPark (F/C) 6th Mar,Forecast,06-03-2018 11:09,17002635,2 - 3,0,,1,1,1,1001,1,1001,0,0,0
140951380,SIS / Monm (F/C) 6th Mar,Forecast,06-03-2018 14:42,17002635,2 - 3,0,,1,1,1,1001,1,1001,0,0,0
140950460,TRP / Kinsl (F/C) 6th Mar,Forecast,06-03-2018 13:12,17002636,2 - 4,0,,1,1,1,1001,1,1001,0,0,0
140951996,SIS / CPark (F/C) 6th Mar,Forecast,06-03-2018 11:54,17002637,2 - 5,0,,1,1,1,1001,1,1001,0,0,0
140953338,SIS / Henl (F/C) 6th Mar,Forecast,06-03-2018 19:02,17002637,2 - 5,0,,1,1,1,1001,1,1001,0,0,0
140950410,SIS / Hove (F/C) 6th Mar,Forecast,06-03-2018 14:12,17002637,2 - 5,0,,1,1,1,1001,1,1001,0,0,0
140951996,SIS / CPark (F/C) 6th Mar,Forecast,06-03-2018 11:54,17002639,2 - 6,0,,1,1,1,1001,1,1001,0,0,0
140952871,SIS / Crayfd (F/C) 6th Mar,Forecast,06-03-2018 13:49,17002639,2 - 6,0,,1,1,1,1001,1,1001,0,0,0
140950205,TRP / Nott (F/C) 6th Mar,Forecast,06-03-2018 13:51,17002674,3 - 1,0,,1,1,1,1001,1,1001,0,0,0
140952861,SIS / Crayfd (F/C) 6th Mar,Forecast,06-03-2018 11:16,17002675,3 - 2,0,,1,1,1,1001,1,1001,0,0,0
140950410,SIS / Hove (F/C) 6th Mar,Forecast,06-03-2018 14:12,17002677,3 - 4,0,,1,1,1,1001,1,1001,0,0,0
140953563,SIS / Crayfd (F/C) 6th Mar,Forecast,06-03-2018 21:30,17002678,3 - 5,0,,1,1,1,1001,1,1001,0,0,0
140950454,TRP / Kinsl (F/C) 6th Mar,Forecast,06-03-2018 11:42,17002678,3 - 5,0,,1,1,1,1001,1,1001,0,0,0
140951338,TRP / Sund (F/C) 6th Mar,Forecast,06-03-2018 15:28,17002679,3 - 6,0,,1,1,1,1001,1,1001,0,0,0
140950198,TRP / Nott (F/C) 6th Mar,Forecast,06-03-2018 12:04,17002680,4 - 1,0,,1,1,1,1001,1,1001,0,0,0
140950458,TRP / Kinsl (F/C) 6th Mar,Forecast,06-03-2018 12:42,17002680,4 - 1,0,,1,1,1,1001,1,1001,0,0,0
140950413,SIS / Hove (F/C) 6th Mar,Forecast,06-03-2018 15:11,17002680,4 - 1,0,,1,1,1,1001,1,1001,0,0,0
140951993,SIS / CPark (F/C) 6th Mar,Forecast,06-03-2018 11:09,17002683,4 - 2,0,,1,1,1,1001,1,1001,0,0,0
140950455,TRP / Kinsl (F/C) 6th Mar,Forecast,06-03-2018 11:57,17002683,4 - 2,0,,1,1,1,1001,1,1001,0,0,0
140953560,SIS / Crayfd (F/C) 6th Mar,Forecast,06-03-2018 20:42,17002683,4 - 2,0,,1,1,1,1001,1,1001,0,0,0
140951387,SIS / Monm (F/C) 6th Mar,Forecast,06-03-2018 16:58,17002683,4 - 2,0,,1,1,1,1001,1,1001,0,0,0
140951383,SIS / Monm (F/C) 6th Mar,Forecast,06-03-2018 15:39,17002683,4 - 2,0,,1,1,1,1001,1,1001,0,0,0
140951341,TRP / Sund (F/C) 6th Mar,Forecast,06-03-2018 16:27,17002684,4 - 3,0,,1,1,1,1001,1,1001,0,0,0
140951381,SIS / Monm (F/C) 6th Mar,Forecast,06-03-2018 15:02,17002684,4 - 3,0,,1,1,1,1001,1,1001,0,0,0
140953559,SIS / Crayfd (F/C) 6th Mar,Forecast,06-03-2018 20:26,17002686,4 - 5,0,,1,1,1,1001,1,1001,0,0,0
140952003,SIS / CPark (F/C) 6th Mar,Forecast,06-03-2018 13:39,17002687,4 - 6,0,,1,1,1,1001,1,1001,0,0,0
140951343,TRP / Sund (F/C) 6th Mar,Forecast,06-03-2018 17:07,17002687,4 - 6,0,,1,1,1,1001,1,1001,0,0,0
140950200,TRP / Nott (F/C) 6th Mar,Forecast,06-03-2018 12:32,17002688,5 - 1,0,,1,1,1,1001,1,1001,0,0,0
140950199,TRP / Nott (F/C) 6th Mar,Forecast,06-03-2018 12:18,17002688,5 - 1,0,,1,1,1,1001,1,1001,0,0,0
140951995,SIS / CPark (F/C) 6th Mar,Forecast,06-03-2018 11:39,17002688,5 - 1,0,,1,1,1,1001,1,1001,0,0,0
140953564,SIS / Crayfd (F/C) 6th Mar,Forecast,06-03-2018 21:45,17002689,5 - 2,0,,1,1,1,1001,1,1001,0,0,0
140954333,RPGTV / Poole (F/C) 6th Mar,Forecast,06-03-2018 19:06,17002689,5 - 2,0,,1,1,1,1001,1,1001,0,0,0
140953561,SIS / Crayfd (F/C) 6th Mar,Forecast,06-03-2018 20:58,17002690,5 - 3,0,,1,1,1,1001,1,1001,0,0,0
140950459,TRP / Kinsl (F/C) 6th Mar,Forecast,06-03-2018 12:58,17002690,5 - 3,0,,1,1,1,1001,1,1001,0,0,0
140953563,SIS / Crayfd (F/C) 6th Mar,Forecast,06-03-2018 21:30,17002690,5 - 3,0,,1,1,1,1001,1,1001,0,0,0
140950200,TRP / Nott (F/C) 6th Mar,Forecast,06-03-2018 12:32,17002691,5 - 4,0,,1,1,1,1001,1,1001,0,0,0
140951297,RPGTV / Sheff (F/C) 6th Mar,Forecast,06-03-2018 19:58,17002693,6 - 1,0,,1,1,1,1001,1,1001,0,0,0
140950461,TRP / Kinsl (F/C) 6th Mar,Forecast,06-03-2018 13:27,17002693,6 - 1,0,,1,1,1,1001,1,1001,0,0,0
140951341,TRP / Sund (F/C) 6th Mar,Forecast,06-03-2018 16:27,17002693,6 - 1,0,,1,1,1,1001,1,1001,0,0,0
140951996,SIS / CPark (F/C) 6th Mar,Forecast,06-03-2018 11:54,17002694,6 - 2,0,,1,1,1,1001,1,1001,0,0,0
140951300,RPGTV / Sheff (F/C) 6th Mar,Forecast,06-03-2018 20:43,17002696,6 - 4,0,,1,1,1,1001,1,1001,0,0,0
140952863,SIS / Crayfd (F/C) 6th Mar,Forecast,06-03-2018 11:46,17002696,6 - 4,0,,1,1,1,1001,1,1001,0,0,0
140952863,SIS / Crayfd (F/C) 6th Mar,Forecast,06-03-2018 11:46,17002697,6 - 5,0,,1,1,1,1001,1,1001,0,0,0
140950420,SIS / Hove (F/C) 6th Mar,Forecast,06-03-2018 17:28,17002697,6 - 5,0,,1,1,1,1001,1,1001,0,0,0
140950203,TRP / Nott (F/C) 6th Mar,Forecast,06-03-2018 13:19,17002697,6 - 5,0,,1,1,1,1001,1,1001,0,0,0
140950463,TRP / Kinsl (F/C) 6th Mar,Forecast,06-03-2018 13:58,17002697,6 - 5,0,,1,1,1,1001,1,1001,0,0,0
140941375,AUS / Mand (AUS) 6th Mar,R8 405m Nvce,06-03-2018 12:22,17509910,7. Tom Gundi,0,21.800068861734786,1,1,1,1001,1,1001,0,0,0
140941319,AUS / Geel (AUS) 6th Mar,R1 400m Mdn,06-03-2018 04:49,17508311,4. Kayas Pearl,0,7.951926144741011,1,5.81728458855445032941480428885156956466,1,1001,1,1001,154.82,0,0
140964311,NZL / Hatr (NZL) 7th Mar,R3 305m Final,06-03-2018 23:51,17524437,8. Benny Burrito,1,,1,1,1,1001,1,1001,0,0,0
140941271,NZL / AsPk (NZL) 6th Mar,R6 457m C0,06-03-2018 00:35,17451740,9. Torpedo Tuck,1,,1,3.77263824528884769848625270312017299969,1,1001,1,1001,64.74,0,0
140941314,AUS / Cran (AUS) 6th Mar,R2 311m Heat,06-03-2018 08:09,17508453,2. Red Queen,0,8.8,1,6.16310581304367837253187278501403783311,1,1001,1,1001,434.54,0,0
140953434,SIS / Crayfd 6th Mar,A6 380m,06-03-2018 18:33,17406635,3. Droopys Feat,0,7.6,1,1,1,1001,1,1001,0,0,0
140941183,AUS / Devn (AUS) 6th Mar,R10 452m Gr5,06-03-2018 04:44,17508237,3. Lenards Boy,0,2.657550490701979,1,2.36469489788265880058995575331850111242,1,1001,1,1001,3200.24,0,0
140950160,TRP / Nott 6th Mar,A5 500m,06-03-2018 11:19,9051998,1. Sunset Olympian,0,4.6,1,1,1,1001,1,1001,0,0,0
140941359,AUS / Cran (AUS) 6th Mar,R12 311m Gr5,06-03-2018 11:34,9621746,5. Bobs Gift,0,13,1,1,1,1001,1,1001,0,0,0
140951305,TRP / Sund 6th Mar,A2 450m,06-03-2018 14:08,9773383,5. Boy Lee,0,4.3,1,1,1,1001,1,1001,0,0,0
140941279,NZL / AsPk (NZL) 6th Mar,R10 390m C1/2,06-03-2018 01:42,10484305,4. Opawa Binge,0,,1,4.50806451612903225806451612903225806452,1,1001,1,1001,138.26,0,0
140953020,SIS / Henl 6th Mar,A5 460m,06-03-2018 20:21,10612257,2. Monroe Twirl,0,26,1,1,1,1001,1,1001,0,0,0
140951371,SIS / Monm 6th Mar,S2 630m,06-03-2018 17:37,10904623,5. Headiton Vikki,0,6,1,1,1,1001,1,1001,0,0,0
140941300,AUS / Gawl (AUS) 6th Mar,R6 400m Gr4/5,06-03-2018 02:56,11355683,1. Allen Punter,1,4.6,1,4.44581348921567348216965252678140372395,1,1001,1,1001,1532.78,0,0
140941233,AUS / Lism (AUS) 6th Mar,R7 420m Gr5,06-03-2018 09:45,12080163,1. Blonde Gift,0,5.00079241958476,1,4.9303286010025115330860331438299303286,1,1001,1,1001,3806.44,0,0
140952571,SIS / Crayfd 6th Mar,E3 714m,06-03-2018 13:16,12854336,6. Cushie Kerena,0,4.9,1,1,1,1001,1,1001,0,0,0
140941245,AUS / Lism (AUS) 6th Mar,R9 420m N/G,06-03-2018 10:25,12844171,8. Memphis,0,26,1,25.514570299637800460981231478432663813,1,1001,1,1001,242.96,0,0
140941189,AUS / Ipsw (AUS) 6th Mar,R8 431m FFA,06-03-2018 07:08,12975820,7. Ace,0,3.3,1,3.0021969597406579927279099312217987471,1,1001,1,1001,4565.4,0,0
140941255,AUS / Warr (AUS) 6th Mar,R10 450m Gr5,06-03-2018 07:01,12991143,4. Dons Machine,1,7.26681541786529,1,5.50384466482027457637213734774710384466,1,1001,1,1001,671.58,0,0
140941329,AUS / Geel (AUS) 6th Mar,R6 400m Gr7,06-03-2018 06:34,13275033,6. Trew Danger,0,55,1,36.5799342105263157894736842105263157895,1,1001,1,1001,60.8,0,0
140951900,SIS / CPark 6th Mar,A3 480m,06-03-2018 12:54,13479603,2. Silverhill Wendy,0,11.541671483488754,1,1,1,1001,1,1001,0,0,0
140941249,AUS / Lism (AUS) 6th Mar,R10 420m Gr5,06-03-2018 10:45,16421162,4. Binglebar Girl,0,5.2,1,4.63619128949615713065755764304013663535,1,1001,1,1001,819.7,0,0
140941347,AUS / Cran (AUS) 6th Mar,R7 311m Final,06-03-2018 09:48,16653481,2. Mini Diva,0,3,1,2.81056092758053138960733599811897484129,1,1001,1,1001,4082.88,0,0
140941377,AUS / Mand (AUS) 6th Mar,R9 405m Nvce,06-03-2018 12:45,16563272,3. Oldmate Rose,0,41.949644241,1,1,1,1001,1,1001,0,0,0
140941153,AUS / Devn (AUS) 6th Mar,R1 452m Gr6,06-03-2018 01:47,16883594,3. Millie Magna,0,16.138023662129413,1,12.2529800542900979582202289625870411897,1,1001,1,1001,169.46,0,0
140941181,AUS / Ipsw (AUS) 6th Mar,R6 520m Gr5,06-03-2018 06:26,16991393,2. Adhara Steel,0,1.8805647808054342,1,1.77473363643646851466111200128184585804,1,1001,1,1001,9985.6,0,0
140941347,AUS / Cran (AUS) 6th Mar,R7 311m Final,06-03-2018 09:48,17202052,9. High Water,0,95,1,45.7914273088820150243040212107821475917,1,1001,1,1001,45.26,0,0
140941205,AUS / Mait (AUS) 6th Mar,R5 450m Gr5,06-03-2018 09:18,17033986,5. Holly Madision,0,10.84509803473018,1,9.60099986632803101189680523994118433365,1,1001,1,1001,748.1,0,0
140953553,SIS / Crayfd (F/C) 6th Mar,Forecast,06-03-2018 18:49,17002630,1 - 3,0,,1,1,1,1001,1,1001,0,0,0
140951993,SIS / CPark (F/C) 6th Mar,Forecast,06-03-2018 11:09,17002632,1 - 6,0,,1,1,1,1001,1,1001,0,0,0
140950205,TRP / Nott (F/C) 6th Mar,Forecast,06-03-2018 13:51,17002632,1 - 6,0,,1,1,1,1001,1,1001,0,0,0
140952871,SIS / Crayfd (F/C) 6th Mar,Forecast,06-03-2018 13:49,17002632,1 - 6,1,,1,1,1,1001,1,1001,0,0,0
140950455,TRP / Kinsl (F/C) 6th Mar,Forecast,06-03-2018 11:57,17002635,2 - 3,0,,1,1,1,1001,1,1001,0,0,0
140950196,TRP / Nott (F/C) 6th Mar,Forecast,06-03-2018 11:34,17002639,2 - 6,0,,1,1,1,1001,1,1001,0,0,0
140951380,SIS / Monm (F/C) 6th Mar,Forecast,06-03-2018 14:42,17002674,3 - 1,0,,1,1,1,1001,1,1001,0,0,0
140950423,SIS / Hove (F/C) 6th Mar,Forecast,06-03-2018 18:19,17002674,3 - 1,0,,1,1,1,1001,1,1001,0,0,0
140953560,SIS / Crayfd (F/C) 6th Mar,Forecast,06-03-2018 20:42,17002675,3 - 2,0,,1,1,1,1001,1,1001,0,0,0
140951294,RPGTV / Sheff (F/C) 6th Mar,Forecast,06-03-2018 19:11,17002675,3 - 2,0,,1,1,1,1001,1,1001,0,0,0
140950200,TRP / Nott (F/C) 6th Mar,Forecast,06-03-2018 12:32,17002677,3 - 4,0,,1,1,1,1001,1,1001,0,0,0
140950412,SIS / Hove (F/C) 6th Mar,Forecast,06-03-2018 14:52,17002677,3 - 4,0,,1,1,1,1001,1,1001,0,0,0
140952001,SIS / CPark (F/C) 6th Mar,Forecast,06-03-2018 13:08,17002677,3 - 4,0,,1,1,1,1001,1,1001,0,0,0
140951334,TRP / Sund (F/C) 6th Mar,Forecast,06-03-2018 14:08,17002678,3 - 5,0,,1,1,1,1001,1,1001,0,0,0
140953559,SIS / Crayfd (F/C) 6th Mar,Forecast,06-03-2018 20:26,17002679,3 - 6,0,,1,1,1,1001,1,1001,0,0,0
140950200,TRP / Nott (F/C) 6th Mar,Forecast,06-03-2018 12:32,17002680,4 - 1,0,,1,1,1,1001,1,1001,0,0,0
140954331,RPGTV / Poole (F/C) 6th Mar,Forecast,06-03-2018 18:28,17002680,4 - 1,0,,1,1,1,1001,1,1001,0,0,0
140953346,SIS / Henl (F/C) 6th Mar,Forecast,06-03-2018 21:08,17002683,4 - 2,1,,1,1,1,1001,1,1001,0,0,0
140950202,TRP / Nott (F/C) 6th Mar,Forecast,06-03-2018 13:04,17002683,4 - 2,0,,1,1,1,1001,1,1001,0,0,0
140951386,SIS / Monm (F/C) 6th Mar,Forecast,06-03-2018 16:39,17002684,4 - 3,0,,1,1,1,1001,1,1001,0,0,0
140950459,TRP / Kinsl (F/C) 6th Mar,Forecast,06-03-2018 12:58,17002684,4 - 3,0,,1,1,1,1001,1,1001,0,0,0
140950197,TRP / Nott (F/C) 6th Mar,Forecast,06-03-2018 11:48,17002684,4 - 3,0,,1,1,1,1001,1,1001,0,0,0
140950196,TRP / Nott (F/C) 6th Mar,Forecast,06-03-2018 11:34,17002686,4 - 5,1,,1,1,1,1001,1,1001,0,0,0
140952871,SIS / Crayfd (F/C) 6th Mar,Forecast,06-03-2018 13:49,17002686,4 - 5,0,,1,1,1,1001,1,1001,0,0,0
140950421,SIS / Hove (F/C) 6th Mar,Forecast,06-03-2018 17:44,17002687,4 - 6,0,,1,1,1,1001,1,1001,0,0,0
140951385,SIS / Monm (F/C) 6th Mar,Forecast,06-03-2018 16:19,17002687,4 - 6,0,,1,1,1,1001,1,1001,0,0,0
140953336,SIS / Henl (F/C) 6th Mar,Forecast,06-03-2018 18:27,17002689,5 - 2,0,,1,1,1,1001,1,1001,0,0,0
140951337,TRP / Sund (F/C) 6th Mar,Forecast,06-03-2018 15:07,17002690,5 - 3,0,,1,1,1,1001,1,1001,0,0,0
140951384,SIS / Monm (F/C) 6th Mar,Forecast,06-03-2018 15:59,17002690,5 - 3,0,,1,1,1,1001,1,1001,0,0,0
140950199,TRP / Nott (F/C) 6th Mar,Forecast,06-03-2018 12:18,17002691,5 - 4,0,,1,1,1,1001,1,1001,0,0,0
140950202,TRP / Nott (F/C) 6th Mar,Forecast,06-03-2018 13:04,17002691,5 - 4,0,,1,1,1,1001,1,1001,0,0,0
140950421,SIS / Hove (F/C) 6th Mar,Forecast,06-03-2018 17:44,17002691,5 - 4,0,,1,1,1,1001,1,1001,0,0,0
140953559,SIS / Crayfd (F/C) 6th Mar,Forecast,06-03-2018 20:26,17002693,6 - 1,0,,1,1,1,1001,1,1001,0,0,0
140950197,TRP / Nott (F/C) 6th Mar,Forecast,06-03-2018 11:48,17002693,6 - 1,0,,1,1,1,1001,1,1001,0,0,0
140953337,SIS / Henl (F/C) 6th Mar,Forecast,06-03-2018 18:44,17002694,6 - 2,0,,1,1,1,1001,1,1001,0,0,0
140952869,SIS / Crayfd (F/C) 6th Mar,Forecast,06-03-2018 13:16,17002696,6 - 4,0,,1,1,1,1001,1,1001,0,0,0
140950198,TRP / Nott (F/C) 6th Mar,Forecast,06-03-2018 12:04,17002696,6 - 4,0,,1,1,1,1001,1,1001,0,0,0
140951335,TRP / Sund (F/C) 6th Mar,Forecast,06-03-2018 14:27,17002696,6 - 4,0,,1,1,1,1001,1,1001,0,0,0
140950199,TRP / Nott (F/C) 6th Mar,Forecast,06-03-2018 12:18,17002697,6 - 5,0,,1,1,1,1001,1,1001,0,0,0
140951294,RPGTV / Sheff (F/C) 6th Mar,Forecast,06-03-2018 19:11,17002697,6 - 5,0,,1,1,1,1001,1,1001,0,0,0
140952864,SIS / Crayfd (F/C) 6th Mar,Forecast,06-03-2018 12:01,17002568,1 - 2,0,,1,1,1,1001,1,1001,0,0,0
140951267,RPGTV / Sheff 6th Mar,OR 280m,06-03-2018 18:56,17502728,1. Seaglass Caesar,0,7.8,1,1,1,1001,1,1001,0,0,0
140941271,NZL / AsPk (NZL) 6th Mar,R6 457m C0,06-03-2018 00:35,17507824,2. Sly Carl,0,,1,8.75170246202200104766893661602933473023,1,1001,1,1001,38.18,0,0
140941403,NZL / Addi (NZL) 6th mar,R11 520m C1,06-03-2018 04:17,17508066,6. Dyna Bart,0,,1,6.61818181818181818181818181818181818182,1,1001,1,1001,.44,0,0
140941043,AUS / Town (AUS) 6th Mar,R2 380m Nvce,06-03-2018 09:15,17409428,4. Rockin Ringo,1,2.375268958238885,1,2.39685095435651366617673892599551244904,1,1001,1,1001,9974.26,0,0
140952567,SIS / Crayfd 6th Mar,A8 380m,06-03-2018 12:46,17504593,5. Another Lucy,0,5.111439642279294,1,1,1,1001,1,1001,0,0,0
140941043,AUS / Town (AUS) 6th Mar,R2 380m Nvce,06-03-2018 09:15,17409374,5. Wicked Assassin,0,17.512950065517806,1,13.9728314138691497182063219799068855673,1,1001,1,1001,326.48,0,0
140953690,RPGTV / Poole 6th Mar,A5 450m,06-03-2018 21:22,8683612,1. Leaders Sveta,0,42,1,1,1,1001,1,1001,0,0,0
140953008,SIS / Henl 6th Mar,A7 460m,06-03-2018 18:44,9451367,1. Memphis Holdem,0,15.780406300346367,1,1,1,1001,1,1001,0,0,0
140951329,TRP / Sund 6th Mar,A7 450m,06-03-2018 17:56,10582596,1. Lissane Road,0,15,1,1,1,1001,1,1001,0,0,0
140941381,AUS / Mand (AUS) 6th Mar,R11 405m Final,06-03-2018 13:24,10716692,1. Hes Our Lachy,0,8.295732435234239,1,1,1,1001,1,1001,0,0,0
140951375,SIS / Monm 6th Mar,A2 480m,06-03-2018 18:09,10817889,4. Roys Boy,0,4.170974806816665,1,1,1,1001,1,1001,0,0,0
140941225,AUS / Lism (AUS) 6th Mar,R4 520m Heat,06-03-2018 08:45,11066866,6. Vinaka Mateo,0,7.4,1,6.05688399142944597490052035506580961126,1,1001,1,1001,1960.2,0,0
140953452,SIS / Crayfd 6th Mar,A8 380m,06-03-2018 20:58,11413902,6. Stan The Man,0,6.2,1,1,1,1001,1,1001,0,0,0
140941157,AUS / Devn (AUS) 6th Mar,R3 452m Gr5,06-03-2018 02:27,11692851,7. Yogo Xena,0,107.04718409917717,1,28.693391642371234207968901846452866861,1,1001,1,1001,41.16,0,0
140953024,SIS / Henl 6th Mar,A3 460m,06-03-2018 20:53,11995482,3. Holdem Pedro,0,7.220841447,1,1,1,1001,1,1001,0,0,0
140941227,AUS / Lism (AUS) 6th Mar,R5 520m Gr4/5,06-03-2018 09:05,12027555,4. Sketchy Jack,0,160,1,92.8602048558421851289833080424886191199,1,1001,1,1001,105.44,0,0
140941155,AUS / Devn (AUS) 6th Mar,R2 452m Gr5,06-03-2018 02:06,12170567,7. Mighty Nova,0,90,1,42.907875722543352601156069364161849711,1,1001,1,1001,55.36,0,0
140941357,AUS / Cran (AUS) 6th Mar,R11 311m Gr5,06-03-2018 11:09,12133565,7. Jimmy Vella,0,4.825659403122481,1,1,1,1001,1,1001,0,0,0
140953442,SIS / Crayfd 6th Mar,A2 380m,06-03-2018 19:38,12353503,5. Snowdon Hank,0,8,1,1,1,1001,1,1001,0,0,0
140953680,RPGTV / Poole 6th Mar,A1 450m,06-03-2018 20:07,12717180,4. Sound Plan,0,6.8,1,1,1,1001,1,1001,0,0,0
140941339,AUS / Geel (AUS) 6th Mar,R10 400m Mdn,06-03-2018 07:57,13309384,4. Church Parade,0,20,1,17.7361845266698702546852474771744353676,1,1001,1,1001,83.24,0,0
140941304,AUS / Gawl (AUS) 6th Mar,R8 531m Gr4/5,06-03-2018 03:38,13460615,4. Bye Felicia,0,18.5,1,17.0790145309348371959000535133577573787,1,1001,1,1001,485.86,0,0
141000104,Match Bets / Poole (AvB) 6th Mar,Spot On Blizzard v Sarum Susie,06-03-2018 19:52,14183718,1. Spot On Blizzard,1,,1,1,1,1001,1,1001,0,0,0
140941169,AUS / Devn (AUS) 6th Mar,R6 452m Gr4,06-03-2018 03:22,14405698,7. Ooaar,0,27,1,25.9716325097790110661629500852529169871,1,1001,1,1001,598.22,0,0
140999781,Match Bets / Sheff (AvB) 6th Mar,Brazen Samurai v Stanza,06-03-2018 18:22,14993636,5. Brazen Samurai,1,,1,1,1,1001,1,1001,0,0,0
140941355,AUS / Cran (AUS) 6th Mar,R10 311m Heat,06-03-2018 10:48,16139864,7. Yelredda Saint,0,13.5,1,10.4362575412916625457422609039659776481,1,1001,1,1001,202.22,0,0
140941283,NZL / AsPk (NZL) 6th Mar,R12 457m C1,06-03-2018 02:19,16155601,3. Darlek Ian,1,,1,9.70454545454545454545454545454545454545,1,1001,1,1001,5.28,0,0
140951369,SIS / Monm 6th Mar,A7 480m,06-03-2018 17:18,16610108,3. Cuckoo Martina,1,1.9906955323007516,1,1,1,1001,1,1001,0,0,0
140941323,AUS / Geel (AUS) 6th Mar,R3 460m Mdn,06-03-2018 05:32,16708548,7. Inga Ross,0,7.8,1,6.70207339829981339415301679452622848849,1,1001,1,1001,192.92,0,0
140941335,AUS / Geel (AUS) 6th Mar,R9 400m Mdn,06-03-2018 07:34,16489122,6. Destini Peso,0,14.803923513,1,13.874617394550205300485255692422545726,1,1001,1,1001,267.9,0,0
140941279,NZL / AsPk (NZL) 6th Mar,R10 390m C1/2,06-03-2018 01:42,16341361,5. Pip Baxter,0,,1,16.4085706853947197294836779815320587853,1,1001,1,1001,153.78,0,0
140941281,NZL / AsPk (NZL) 6th Mar,R11 457m C1,06-03-2018 02:02,16420945,5. Little Krakatoa,0,,1,5.63787510137875101378751013787510137875,1,1001,1,1001,221.94,0,0
140941385,NZL / Addi (NZL) 6th mar,R2 295m C0,06-03-2018 01:34,16420946,6. Goldstar Tasman,0,,1,11.8124807734563832124807734563832124808,1,1001,1,1001,182.04,0,0
140941353,AUS / Cran (AUS) 6th Mar,R9 311m Heat,06-03-2018 10:28,16468406,1. Its Fresh,0,16.444612136669456,1,15.630301124851533570879619925941451827,1,1001,1,1001,286.26,0,0
140941211,AUS / Mait (AUS) 6th Mar,R8 450m Gr4/5,06-03-2018 10:18,16905216,6. Hear The Drums,1,3.75,1,2.98479454282983957871622308521237012789,1,1001,1,1001,983.66,0,0
140950456,TRP / Kinsl (F/C) 6th Mar,Forecast,06-03-2018 12:12,17002741,5 - 6,0,,1,1,1,1001,1,1001,0,0,0
140950413,SIS / Hove (F/C) 6th Mar,Forecast,06-03-2018 15:11,17002741,5 - 6,0,,1,1,1,1001,1,1001,0,0,0
140951904,SIS / CPark 6th Mar,HC 480m,06-03-2018 13:22,17013816,6. Shirl Tel Rose,0,13,1,1,1,1001,1,1001,0,0,0
140951996,SIS / CPark (F/C) 6th Mar,Forecast,06-03-2018 11:54,17002630,1 - 3,0,,1,1,1,1001,1,1001,0,0,0
140952869,SIS / Crayfd (F/C) 6th Mar,Forecast,06-03-2018 13:16,17002631,1 - 4,0,,1,1,1,1001,1,1001,0,0,0
140951383,SIS / Monm (F/C) 6th Mar,Forecast,06-03-2018 15:39,17002631,1 - 4,0,,1,1,1,1001,1,1001,0,0,0
140951381,SIS / Monm (F/C) 6th Mar,Forecast,06-03-2018 15:02,17002631,1 - 4,1,,1,1,1,1001,1,1001,0,0,0
140952870,SIS / Crayfd (F/C) 6th Mar,Forecast,06-03-2018 13:31,17002633,2 - 1,0,,1,1,1,1001,1,1001,0,0,0
140953339,SIS / Henl (F/C) 6th Mar,Forecast,06-03-2018 19:17,17002635,2 - 3,0,,1,1,1,1001,1,1001,0,0,0
140950459,TRP / Kinsl (F/C) 6th Mar,Forecast,06-03-2018 12:58,17002635,2 - 3,0,,1,1,1,1001,1,1001,0,0,0
140951346,TRP / Sund (F/C) 6th Mar,Forecast,06-03-2018 17:56,17002635,2 - 3,0,,1,1,1,1001,1,1001,0,0,0
140952004,SIS / CPark (F/C) 6th Mar,Forecast,06-03-2018 13:57,17002635,2 - 3,0,,1,1,1,1001,1,1001,0,0,0
140950199,TRP / Nott (F/C) 6th Mar,Forecast,06-03-2018 12:18,17002636,2 - 4,0,,1,1,1,1001,1,1001,0,0,0
140950195,TRP / Nott (F/C) 6th Mar,Forecast,06-03-2018 11:19,17002636,2 - 4,0,,1,1,1,1001,1,1001,0,0,0
140950198,TRP / Nott (F/C) 6th Mar,Forecast,06-03-2018 12:04,17002636,2 - 4,0,,1,1,1,1001,1,1001,0,0,0
140952865,SIS / Crayfd (F/C) 6th Mar,Forecast,06-03-2018 12:16,17002636,2 - 4,0,,1,1,1,1001,1,1001,0,0,0
140951299,RPGTV / Sheff (F/C) 6th Mar,Forecast,06-03-2018 20:28,17002637,2 - 5,0,,1,1,1,1001,1,1001,0,0,0
140951337,TRP / Sund (F/C) 6th Mar,Forecast,06-03-2018 15:07,17002637,2 - 5,0,,1,1,1,1001,1,1001,0,0,0
140954342,RPGTV / Poole (F/C) 6th Mar,Forecast,06-03-2018 21:22,17002637,2 - 5,0,,1,1,1,1001,1,1001,0,0,0
140951391,SIS / Monm (F/C) 6th Mar,Forecast,06-03-2018 18:09,17002637,2 - 5,1,,1,1,1,1001,1,1001,0,0,0
140951334,TRP / Sund (F/C) 6th Mar,Forecast,06-03-2018 14:08,17002637,2 - 5,0,,1,1,1,1001,1,1001,0,0,0
140951297,RPGTV / Sheff (F/C) 6th Mar,Forecast,06-03-2018 19:58,17002674,3 - 1,0,,1,1,1,1001,1,1001,0,0,0
140951994,SIS / CPark (F/C) 6th Mar,Forecast,06-03-2018 11:24,17002674,3 - 1,0,,1,1,1,1001,1,1001,0,0,0
140953555,SIS / Crayfd (F/C) 6th Mar,Forecast,06-03-2018 19:23,17002674,3 - 1,0,,1,1,1,1001,1,1001,0,0,0
140953344,SIS / Henl (F/C) 6th Mar,Forecast,06-03-2018 20:37,17002675,3 - 2,0,,1,1,1,1001,1,1001,0,0,0
140952863,SIS / Crayfd (F/C) 6th Mar,Forecast,06-03-2018 11:46,17002677,3 - 4,0,,1,1,1,1001,1,1001,0,0,0
140954339,RPGTV / Poole (F/C) 6th Mar,Forecast,06-03-2018 20:37,17002677,3 - 4,0,,1,1,1,1001,1,1001,0,0,0
140952004,SIS / CPark (F/C) 6th Mar,Forecast,06-03-2018 13:57,17002677,3 - 4,0,,1,1,1,1001,1,1001,0,0,0
140953343,SIS / Henl (F/C) 6th Mar,Forecast,06-03-2018 20:21,17002678,3 - 5,0,,1,1,1,1001,1,1001,0,0,0
140950198,TRP / Nott (F/C) 6th Mar,Forecast,06-03-2018 12:04,17002678,3 - 5,0,,1,1,1,1001,1,1001,0,0,0
140950463,TRP / Kinsl (F/C) 6th Mar,Forecast,06-03-2018 13:58,17002678,3 - 5,0,,1,1,1,1001,1,1001,0,0,0
140950199,TRP / Nott (F/C) 6th Mar,Forecast,06-03-2018 12:18,17002679,3 - 6,0,,1,1,1,1001,1,1001,0,0,0
140950410,SIS / Hove (F/C) 6th Mar,Forecast,06-03-2018 14:12,17002679,3 - 6,0,,1,1,1,1001,1,1001,0,0,0
140951996,SIS / CPark (F/C) 6th Mar,Forecast,06-03-2018 11:54,17002680,4 - 1,0,,1,1,1,1001,1,1001,0,0,0
140952861,SIS / Crayfd (F/C) 6th Mar,Forecast,06-03-2018 11:16,17002680,4 - 1,0,,1,1,1,1001,1,1001,0,0,0
140954331,RPGTV / Poole (F/C) 6th Mar,Forecast,06-03-2018 18:28,17002684,4 - 3,0,,1,1,1,1001,1,1001,0,0,0
140951302,RPGTV / Sheff (F/C) 6th Mar,Forecast,06-03-2018 21:14,17002686,4 - 5,0,,1,1,1,1001,1,1001,0,0,0
140952864,SIS / Crayfd (F/C) 6th Mar,Forecast,06-03-2018 12:01,17002686,4 - 5,0,,1,1,1,1001,1,1001,0,0,0
140951297,RPGTV / Sheff (F/C) 6th Mar,Forecast,06-03-2018 19:58,17002687,4 - 6,0,,1,1,1,1001,1,1001,0,0,0
140951302,RPGTV / Sheff (F/C) 6th Mar,Forecast,06-03-2018 21:14,17002687,4 - 6,0,,1,1,1,1001,1,1001,0,0,0
140950454,TRP / Kinsl (F/C) 6th Mar,Forecast,06-03-2018 11:42,17002687,4 - 6,0,,1,1,1,1001,1,1001,0,0,0
140950420,SIS / Hove (F/C) 6th Mar,Forecast,06-03-2018 17:28,17002687,4 - 6,0,,1,1,1,1001,1,1001,0,0,0
140951294,RPGTV / Sheff (F/C) 6th Mar,Forecast,06-03-2018 19:11,17002689,5 - 2,0,,1,1,1,1001,1,1001,0,0,0
140950459,TRP / Kinsl (F/C) 6th Mar,Forecast,06-03-2018 12:58,17002689,5 - 2,0,,1,1,1,1001,1,1001,0,0,0
140951344,TRP / Sund (F/C) 6th Mar,Forecast,06-03-2018 17:22,17002689,5 - 2,0,,1,1,1,1001,1,1001,0,0,0
140951336,TRP / Sund (F/C) 6th Mar,Forecast,06-03-2018 14:47,17002690,5 - 3,0,,1,1,1,1001,1,1001,0,0,0
140953562,SIS / Crayfd (F/C) 6th Mar,Forecast,06-03-2018 21:16,17002690,5 - 3,1,,1,1,1,1001,1,1001,0,0,0
140951382,SIS / Monm (F/C) 6th Mar,Forecast,06-03-2018 15:19,17002691,5 - 4,0,,1,1,1,1001,1,1001,0,0,0
140951335,TRP / Sund (F/C) 6th Mar,Forecast,06-03-2018 14:27,17002691,5 - 4,0,,1,1,1,1001,1,1001,0,0,0
140954340,RPGTV / Poole (F/C) 6th Mar,Forecast,06-03-2018 20:51,17002693,6 - 1,0,,1,1,1,1001,1,1001,0,0,0
140951998,SIS / CPark (F/C) 6th Mar,Forecast,06-03-2018 12:24,17002693,6 - 1,0,,1,1,1,1001,1,1001,0,0,0
140950421,SIS / Hove (F/C) 6th Mar,Forecast,06-03-2018 17:44,17002693,6 - 1,0,,1,1,1,1001,1,1001,0,0,0
140953552,SIS / Crayfd (F/C) 6th Mar,Forecast,06-03-2018 18:33,17002694,6 - 2,0,,1,1,1,1001,1,1001,0,0,0
140952001,SIS / CPark (F/C) 6th Mar,Forecast,06-03-2018 13:08,17002694,6 - 2,0,,1,1,1,1001,1,1001,0,0,0
140952000,SIS / CPark (F/C) 6th Mar,Forecast,06-03-2018 12:54,17002696,6 - 4,0,,1,1,1,1001,1,1001,0,0,0
140951343,TRP / Sund (F/C) 6th Mar,Forecast,06-03-2018 17:07,17002696,6 - 4,0,,1,1,1,1001,1,1001,0,0,0
140952002,SIS / CPark (F/C) 6th Mar,Forecast,06-03-2018 13:22,17002696,6 - 4,0,,1,1,1,1001,1,1001,0,0,0
140953560,SIS / Crayfd (F/C) 6th Mar,Forecast,06-03-2018 20:42,17002697,6 - 5,0,,1,1,1,1001,1,1001,0,0,0
140950195,TRP / Nott (F/C) 6th Mar,Forecast,06-03-2018 11:19,17002568,1 - 2,0,,1,1,1,1001,1,1001,0,0,0
140952002,SIS / CPark (F/C) 6th Mar,Forecast,06-03-2018 13:22,17002568,1 - 2,1,,1,1,1,1001,1,1001,0,0,0
140964309,NZL / Hatr (NZL) 7th Mar,R2 520m C0,06-03-2018 23:33,17524433,6. Bigtime Victory,0,,1,1,1,1001,1,1001,0,0,0
140941385,NZL / Addi (NZL) 6th mar,R2 295m C0,06-03-2018 01:34,17508041,3. Hi Ho Tonto,0,,1,9.68514090520922288642186165670367207515,1,1001,1,1001,70.26,0,0
140953012,SIS / Henl 6th Mar,A5 460m,06-03-2018 19:17,17504772,2. Cashinonjoey,0,5.8,1,1,1,1001,1,1001,0,0,0
140941217,AUS / Mait (AUS) 6th Mar,R11 400m Gr5,06-03-2018 11:20,17508779,2. Wybie Blue,0,7.350281145,1,1,1,1001,1,1001,0,0,0
140941337,AUS / Cran (AUS) 6th Mar,R4 311m FFA,06-03-2018 08:48,17508471,2. Rahni,1,16.823971420654892,1,14.3298651132363477773278091025201707112,1,1001,1,1001,642.02,0,0
140951894,SIS / CPark 6th Mar,A9 480m,06-03-2018 12:09,17437884,2. Shaunas Tipp,0,3.6828900448205237,1,1,1,1001,1,1001,0,0,0
140952557,SIS / Crayfd 6th Mar,A7 380m,06-03-2018 11:31,17438212,5. Funk Doll,0,9.555631189,1,1,1,1001,1,1001,0,0,0
140951303,RPGTV / Sheff (F/C) 6th Mar,Forecast,06-03-2018 21:32,6953192,1 - 5,0,,1,1,1,1001,1,1001,0,0,0
140951389,SIS / Monm (F/C) 6th Mar,Forecast,06-03-2018 17:37,6953192,1 - 5,0,,1,1,1,1001,1,1001,0,0,0
140950418,SIS / Hove (F/C) 6th Mar,Forecast,06-03-2018 16:48,6953192,1 - 5,0,,1,1,1,1001,1,1001,0,0,0
140951383,SIS / Monm (F/C) 6th Mar,Forecast,06-03-2018 15:39,6953192,1 - 5,0,,1,1,1,1001,1,1001,0,0,0
140953434,SIS / Crayfd 6th Mar,A6 380m,06-03-2018 18:33,9171720,6. Caboose,0,4.456661338101551,1,1,1,1001,1,1001,0,0,0
140941201,AUS / Mait (AUS) 6th Mar,R3 450m Gr5,06-03-2018 08:38,10394592,8. Dugans Gun,0,246.7859101172536,1,136.467884130982367758186397984886649874,1,1001,1,1001,63.52,0,0
140950166,TRP / Nott 6th Mar,A4 500m,06-03-2018 12:04,11074564,6. Knockdrinna Kruz,0,7.2,1,1,1,1001,1,1001,0,0,0
140941225,AUS / Lism (AUS) 6th Mar,R4 520m Heat,06-03-2018 08:45,11726579,3. Just My Size,0,70,1,36.8216045732308298836980090676128523556,1,1001,1,1001,101.46,0,0
140952567,SIS / Crayfd 6th Mar,A8 380m,06-03-2018 12:46,11876774,6. Jaxx Shah Banu,1,8,1,1,1,1001,1,1001,0,0,0
140941148,AUS / Town (AUS) 6th Mar,R10 380m Heat,06-03-2018 11:52,12259675,9. Silver Mouse,0,85,1,1,1,1001,1,1001,0,0,0
140953684,RPGTV / Poole 6th Mar,A4 450m,06-03-2018 20:37,12467538,6. Farran Romeo,0,5.044708866755826,1,1,1,1001,1,1001,0,0,0
140950170,TRP / Nott 6th Mar,A3 500m,06-03-2018 12:32,12793785,1. Allaccountedfor,0,5.854747047648564,1,1,1,1001,1,1001,0,0,0
140941375,AUS / Mand (AUS) 6th Mar,R8 405m Nvce,06-03-2018 12:22,12980555,8. Admiral Nelson,1,6.8,1,1,1,1001,1,1001,0,0,0
141000108,Match Bets / Poole (AvB) 6th Mar,Blastoffbouchard v Blancos Bullet,06-03-2018 20:51,14183708,3. Blastoffbouchard,1,,1,1,1,1001,1,1001,0,0,0
140950176,TRP / Nott 6th Mar,A4 500m,06-03-2018 13:19,14616382,3. Shes The Dream,1,5.282226991,1,1,1,1001,1,1001,0,0,0
140950379,SIS / Hove 6th Mar,A3 515m,06-03-2018 16:09,14767677,4. Babyface Owen,0,6.2,1,1,1,1001,1,1001,0,0,0
140941201,AUS / Mait (AUS) 6th Mar,R3 450m Gr5,06-03-2018 08:38,14965036,3. Stilton Buddy,0,21.26175482631662,1,18.1601465985834294185471915664635150717,1,1001,1,1001,242.84,0,0
140953676,RPGTV / Poole 6th Mar,A5 450m,06-03-2018 19:37,15145545,1. Kilflynn Clover,0,3.6,1,1,1,1001,1,1001,0,0,0
140941175,AUS / Ipsw (AUS) 6th Mar,R5 431m Gr5,06-03-2018 06:07,15602471,4. Smokin Alice,0,10.5,1,7.75511165644171779141104294478527607362,1,1001,1,1001,407.5,0,0
140941243,AUS / Warr (AUS) 6th Mar,R6 450m Gr5,06-03-2018 05:39,16036436,4. Lektra Guiseppe,0,16.5,1,11.8532404024506773087516159856107020404,1,1001,1,1001,355.82,0,0
140941333,AUS / Geel (AUS) 6th Mar,R8 460m Gr7,06-03-2018 07:14,16342437,6. Dyna Diedre,0,8.43305911917356,1,8.10352074587271743889561387694130373194,1,1001,1,1001,1553.08,0,0
140951271,RPGTV / Sheff 6th Mar,OR 500m,06-03-2018 19:26,16441676,6. Princess Aurora,1,7.4,1,1,1,1001,1,1001,0,0,0
140941292,AUS / Gawl (AUS) 6th Mar,R2 400m Heat,06-03-2018 01:38,16775873,5. Luke Tyson,1,3.218029895768268,1,2.89339707366296670030272452068617558022,1,1001,1,1001,1189.2,0,0
140951886,SIS / CPark 6th Mar,D2 265m,06-03-2018 11:09,17164778,2. Sign Jake,0,3.65,1,3.01897686267856831622488010188734450054,1,1001,1,1001,67.06,0,0
140951379,SIS / Monm (F/C) 6th Mar,Forecast,06-03-2018 14:22,17002741,5 - 6,0,,1,1,1,1001,1,1001,0,0,0
140950458,TRP / Kinsl (F/C) 6th Mar,Forecast,06-03-2018 12:42,17002741,5 - 6,0,,1,1,1,1001,1,1001,0,0,0
140953557,SIS / Crayfd (F/C) 6th Mar,Forecast,06-03-2018 19:54,17002741,5 - 6,0,,1,1,1,1001,1,1001,0,0,0
141000123,Match Bets / Sheff (AvB) 6th Mar,Bull Run Button v Droopys Expert,06-03-2018 21:14,17245190,1. Bull Run Button,1,,1,1,1,1001,1,1001,0,0,0
140950199,TRP / Nott (F/C) 6th Mar,Forecast,06-03-2018 12:18,17002630,1 - 3,0,,1,1,1,1001,1,1001,0,0,0
140951341,TRP / Sund (F/C) 6th Mar,Forecast,06-03-2018 16:27,17002630,1 - 3,0,,1,1,1,1001,1,1001,0,0,0
140954339,RPGTV / Poole (F/C) 6th Mar,Forecast,06-03-2018 20:37,17002631,1 - 4,0,,1,1,1,1001,1,1001,0,0,0
140951295,RPGTV / Sheff (F/C) 6th Mar,Forecast,06-03-2018 19:26,17002633,2 - 1,0,,1,1,1,1001,1,1001,0,0,0
140950412,SIS / Hove (F/C) 6th Mar,Forecast,06-03-2018 14:52,17002633,2 - 1,0,,1,1,1,1001,1,1001,0,0,0
140951300,RPGTV / Sheff (F/C) 6th Mar,Forecast,06-03-2018 20:43,17002636,2 - 4,1,,1,1,1,1001,1,1001,0,0,0
140951302,RPGTV / Sheff (F/C) 6th Mar,Forecast,06-03-2018 21:14,17002636,2 - 4,0,,1,1,1,1001,1,1001,0,0,0
140951300,RPGTV / Sheff (F/C) 6th Mar,Forecast,06-03-2018 20:43,17002637,2 - 5,0,,1,1,1,1001,1,1001,0,0,0
140953340,SIS / Henl (F/C) 6th Mar,Forecast,06-03-2018 19:33,17002639,2 - 6,0,,1,1,1,1001,1,1001,0,0,0
140950418,SIS / Hove (F/C) 6th Mar,Forecast,06-03-2018 16:48,17002639,2 - 6,0,,1,1,1,1001,1,1001,0,0,0
140951381,SIS / Monm (F/C) 6th Mar,Forecast,06-03-2018 15:02,17002639,2 - 6,0,,1,1,1,1001,1,1001,0,0,0
140953342,SIS / Henl (F/C) 6th Mar,Forecast,06-03-2018 20:06,17002674,3 - 1,0,,1,1,1,1001,1,1001,0,0,0
140951293,RPGTV / Sheff (F/C) 6th Mar,Forecast,06-03-2018 18:56,17002674,3 - 1,1,,1,1,1,1001,1,1001,0,0,0
140951335,TRP / Sund (F/C) 6th Mar,Forecast,06-03-2018 14:27,17002674,3 - 1,0,,1,1,1,1001,1,1001,0,0,0
140951387,SIS / Monm (F/C) 6th Mar,Forecast,06-03-2018 16:58,17002674,3 - 1,1,,1,1,1,1001,1,1001,0,0,0
140952002,SIS / CPark (F/C) 6th Mar,Forecast,06-03-2018 13:22,17002674,3 - 1,0,,1,1,1,1001,1,1001,0,0,0
140951340,TRP / Sund (F/C) 6th Mar,Forecast,06-03-2018 16:08,17002675,3 - 2,0,,1,1,1,1001,1,1001,0,0,0
140952003,SIS / CPark (F/C) 6th Mar,Forecast,06-03-2018 13:39,17002675,3 - 2,0,,1,1,1,1001,1,1001,0,0,0
140952001,SIS / CPark (F/C) 6th Mar,Forecast,06-03-2018 13:08,17002675,3 - 2,0,,1,1,1,1001,1,1001,0,0,0
140953338,SIS / Henl (F/C) 6th Mar,Forecast,06-03-2018 19:02,17002677,3 - 4,0,,1,1,1,1001,1,1001,0,0,0
140950420,SIS / Hove (F/C) 6th Mar,Forecast,06-03-2018 17:28,17002677,3 - 4,0,,1,1,1,1001,1,1001,0,0,0
140953554,SIS / Crayfd (F/C) 6th Mar,Forecast,06-03-2018 19:07,17002678,3 - 5,0,,1,1,1,1001,1,1001,0,0,0
140951384,SIS / Monm (F/C) 6th Mar,Forecast,06-03-2018 15:59,17002678,3 - 5,0,,1,1,1,1001,1,1001,0,0,0
140950410,SIS / Hove (F/C) 6th Mar,Forecast,06-03-2018 14:12,17002678,3 - 5,0,,1,1,1,1001,1,1001,0,0,0
140953562,SIS / Crayfd (F/C) 6th Mar,Forecast,06-03-2018 21:16,17002679,3 - 6,0,,1,1,1,1001,1,1001,0,0,0
140951294,RPGTV / Sheff (F/C) 6th Mar,Forecast,06-03-2018 19:11,17002680,4 - 1,0,,1,1,1,1001,1,1001,0,0,0
140951298,RPGTV / Sheff (F/C) 6th Mar,Forecast,06-03-2018 20:13,17002680,4 - 1,0,,1,1,1,1001,1,1001,0,0,0
140950454,TRP / Kinsl (F/C) 6th Mar,Forecast,06-03-2018 11:42,17002680,4 - 1,0,,1,1,1,1001,1,1001,0,0,0
140950196,TRP / Nott (F/C) 6th Mar,Forecast,06-03-2018 11:34,17002683,4 - 2,0,,1,1,1,1001,1,1001,0,0,0
140953345,SIS / Henl (F/C) 6th Mar,Forecast,06-03-2018 20:53,17002683,4 - 2,0,,1,1,1,1001,1,1001,0,0,0
140951384,SIS / Monm (F/C) 6th Mar,Forecast,06-03-2018 15:59,17002683,4 - 2,0,,1,1,1,1001,1,1001,0,0,0
140951298,RPGTV / Sheff (F/C) 6th Mar,Forecast,06-03-2018 20:13,17002683,4 - 2,0,,1,1,1,1001,1,1001,0,0,0
140953555,SIS / Crayfd (F/C) 6th Mar,Forecast,06-03-2018 19:23,17002684,4 - 3,0,,1,1,1,1001,1,1001,0,0,0
140952871,SIS / Crayfd (F/C) 6th Mar,Forecast,06-03-2018 13:49,17002684,4 - 3,0,,1,1,1,1001,1,1001,0,0,0
140953559,SIS / Crayfd (F/C) 6th Mar,Forecast,06-03-2018 20:26,17002687,4 - 6,0,,1,1,1,1001,1,1001,0,0,0
140951294,RPGTV / Sheff (F/C) 6th Mar,Forecast,06-03-2018 19:11,17002687,4 - 6,0,,1,1,1,1001,1,1001,0,0,0
140950453,TRP / Kinsl (F/C) 6th Mar,Forecast,06-03-2018 11:28,17002687,4 - 6,0,,1,1,1,1001,1,1001,0,0,0
140950462,TRP / Kinsl (F/C) 6th Mar,Forecast,06-03-2018 13:44,17002687,4 - 6,0,,1,1,1,1001,1,1001,0,0,0
140951299,RPGTV / Sheff (F/C) 6th Mar,Forecast,06-03-2018 20:28,17002688,5 - 1,0,,1,1,1,1001,1,1001,0,0,0
140951336,TRP / Sund (F/C) 6th Mar,Forecast,06-03-2018 14:47,17002688,5 - 1,0,,1,1,1,1001,1,1001,0,0,0
140952865,SIS / Crayfd (F/C) 6th Mar,Forecast,06-03-2018 12:16,17002689,5 - 2,0,,1,1,1,1001,1,1001,0,0,0
140950415,SIS / Hove (F/C) 6th Mar,Forecast,06-03-2018 15:49,17002690,5 - 3,0,,1,1,1,1001,1,1001,0,0,0
140951341,TRP / Sund (F/C) 6th Mar,Forecast,06-03-2018 16:27,17002690,5 - 3,0,,1,1,1,1001,1,1001,0,0,0
140951380,SIS / Monm (F/C) 6th Mar,Forecast,06-03-2018 14:42,17002691,5 - 4,0,,1,1,1,1001,1,1001,0,0,0
140950415,SIS / Hove (F/C) 6th Mar,Forecast,06-03-2018 15:49,17002691,5 - 4,0,,1,1,1,1001,1,1001,0,0,0
140950414,SIS / Hove (F/C) 6th Mar,Forecast,06-03-2018 15:29,17002693,6 - 1,0,,1,1,1,1001,1,1001,0,0,0
140953562,SIS / Crayfd (F/C) 6th Mar,Forecast,06-03-2018 21:16,17002693,6 - 1,0,,1,1,1,1001,1,1001,0,0,0
140953341,SIS / Henl (F/C) 6th Mar,Forecast,06-03-2018 19:49,17002693,6 - 1,0,,1,1,1,1001,1,1001,0,0,0
140950458,TRP / Kinsl (F/C) 6th Mar,Forecast,06-03-2018 12:42,17002694,6 - 2,0,,1,1,1,1001,1,1001,0,0,0
140951344,TRP / Sund (F/C) 6th Mar,Forecast,06-03-2018 17:22,17002694,6 - 2,0,,1,1,1,1001,1,1001,0,0,0
140950413,SIS / Hove (F/C) 6th Mar,Forecast,06-03-2018 15:11,17002695,6 - 3,0,,1,1,1,1001,1,1001,0,0,0
140951297,RPGTV / Sheff (F/C) 6th Mar,Forecast,06-03-2018 19:58,17002696,6 - 4,0,,1,1,1,1001,1,1001,0,0,0
140951302,RPGTV / Sheff (F/C) 6th Mar,Forecast,06-03-2018 21:14,17002696,6 - 4,0,,1,1,1,1001,1,1001,0,0,0
140954340,RPGTV / Poole (F/C) 6th Mar,Forecast,06-03-2018 20:51,17002696,6 - 4,0,,1,1,1,1001,1,1001,0,0,0
140951299,RPGTV / Sheff (F/C) 6th Mar,Forecast,06-03-2018 20:28,17002696,6 - 4,0,,1,1,1,1001,1,1001,0,0,0
140954339,RPGTV / Poole (F/C) 6th Mar,Forecast,06-03-2018 20:37,17002696,6 - 4,0,,1,1,1,1001,1,1001,0,0,0
140954336,RPGTV / Poole (F/C) 6th Mar,Forecast,06-03-2018 19:52,17002697,6 - 5,0,,1,1,1,1001,1,1001,0,0,0
140951295,RPGTV / Sheff (F/C) 6th Mar,Forecast,06-03-2018 19:26,17002568,1 - 2,0,,1,1,1,1001,1,1001,0,0,0
140941247,AUS / Warr (AUS) 6th Mar,R7 450m Gr6,06-03-2018 05:57,17005751,9. Super Tokachi,0,50,1,39.6795131845841784989858012170385395538,1,1001,1,1001,39.44,0,0
140941331,AUS / Geel (AUS) 6th Mar,R7 460m Mdn,06-03-2018 06:58,17508340,8. Lil Miss Earner,0,29.11175771932991,1,12.5691593789041584865250758522220239158,1,1001,1,1001,112.06,0,0
140964309,NZL / Hatr (NZL) 7th Mar,R2 520m C0,06-03-2018 23:33,17524431,3. Bigtime Autumn,0,,1,1,1,1001,1,1001,0,0,0
140941387,NZL / Addi (NZL) 6th mar,R3 295m C1,06-03-2018 01:50,17508044,4. We Rocking,0,,1,8.39240297274979355904211395540875309661,1,1001,1,1001,24.22,0,0
140941056,AUS / Town (AUS) 6th Mar,R6 498m Gr4/5,06-03-2018 10:35,17508797,9. Banjo An Henry,0,200,1,126.982210446631339894019682059046177139,1,1001,1,1001,52.84,0,0
140941314,AUS / Cran (AUS) 6th Mar,R2 311m Heat,06-03-2018 08:09,17508457,8. Final Chimes,0,48,1,28.8473666554847366655484736665548473667,1,1001,1,1001,59.62,0,0
140941219,AUS / Lism (AUS) 6th Mar,R1 420m Mdn,06-03-2018 07:40,17508487,5. Bonny Doon Blaze,0,60.330984513238064,1,34.4594734124935467217346411977284460506,1,1001,1,1001,77.48,0,0
140952865,SIS / Crayfd (F/C) 6th Mar,Forecast,06-03-2018 12:16,6953192,1 - 5,0,,1,1,1,1001,1,1001,0,0,0
140953338,SIS / Henl (F/C) 6th Mar,Forecast,06-03-2018 19:02,6953192,1 - 5,0,,1,1,1,1001,1,1001,0,0,0
140954338,RPGTV / Poole (F/C) 6th Mar,Forecast,06-03-2018 20:22,6953192,1 - 5,0,,1,1,1,1001,1,1001,0,0,0
140951343,TRP / Sund (F/C) 6th Mar,Forecast,06-03-2018 17:07,6953192,1 - 5,0,,1,1,1,1001,1,1001,0,0,0
140941058,AUS / Town (AUS) 6th Mar,R7 380m FFA,06-03-2018 10:55,9972832,3. Gold Total,0,48,1,32.9627351664254703328509406657018813314,1,1001,1,1001,55.28,0,0
140950174,TRP / Nott 6th Mar,A6 500m,06-03-2018 13:04,10369182,6. Hangover Emmet,0,7,1,1,1,1001,1,1001,0,0,0
140950439,TRP / Kinsl 6th Mar,A5 462m,06-03-2018 12:58,10496071,5. Rigger Jake,0,9.47294169830042,1,1,1,1001,1,1001,0,0,0
140953672,RPGTV / Poole 6th Mar,A8 450m,06-03-2018 19:06,10570512,2. Ide Classic,0,11.850723138190222,1,1,1,1001,1,1001,0,0,0
140941277,NZL / AsPk (NZL) 6th Mar,R9 390m C1/2,06-03-2018 01:27,11602782,8. Broken Penniless,0,,1,14.2249575551782682512733446519524617997,1,1001,1,1001,11.78,0,0
140950168,TRP / Nott 6th Mar,A2 500m,06-03-2018 12:18,11812437,1. Bansha Pat,0,5.4,1,1,1,1001,1,1001,0,0,0
140941047,AUS / Town (AUS) 6th Mar,R4 380m Heat,06-03-2018 09:55,11979053,2. Universal One,0,4.3030010835256425,1,4.45468341935881881182010734335478829505,1,1001,1,1001,1945.16,0,0
140941148,AUS / Town (AUS) 6th Mar,R10 380m Heat,06-03-2018 11:52,12259685,4. Chief Bolt,0,41.87519878036249,1,1,1,1001,1,1001,0,0,0
140941050,AUS / Town (AUS) 6th Mar,R5 380m Heat,06-03-2018 10:15,12446591,6. Go Prancer Go,0,36,1,22.8029865604778496764559482329517172723,1,1001,1,1001,200.9,0,0
140941058,AUS / Town (AUS) 6th Mar,R7 380m FFA,06-03-2018 10:55,12446492,1. Old Mate Kick,0,3.326845366,1,2.92892326395284582796095045128016209247,1,1001,1,1001,5429,0,0
140941357,AUS / Cran (AUS) 6th Mar,R11 311m Gr5,06-03-2018 11:09,12561518,2. Early Express,0,5.8,1,1,1,1001,1,1001,0,0,0
140941337,AUS / Cran (AUS) 6th Mar,R4 311m FFA,06-03-2018 08:48,12580652,8. Rhyans Return,0,25.974536158352358,1,17.9127638268371591434293637344014789709,1,1001,1,1001,259.64,0,0
140953678,RPGTV / Poole 6th Mar,A6 450m,06-03-2018 19:52,12638344,1. Spot On Blizzard,0,2.28,1,1,1,1001,1,1001,0,0,0
140941304,AUS / Gawl (AUS) 6th Mar,R8 531m Gr4/5,06-03-2018 03:38,12608672,8. Litt Up,0,17.5,1,12.0022245214692188308329022245214692188,1,1001,1,1001,193.3,0,0
140950168,TRP / Nott 6th Mar,A2 500m,06-03-2018 12:18,12671660,6. Salacres Pops,1,9.2,1,1,1,1001,1,1001,0,0,0
140941306,AUS / Gawl (AUS) 6th Mar,R9 400m Gr5,06-03-2018 03:57,12847600,5. Im Zoolander,1,9.57409774577129,1,8.70553798820613622767284847448935988377,1,1001,1,1001,234.02,0,0
140951313,TRP / Sund 6th Mar,HC 261m,06-03-2018 15:28,12814892,3. Emers Blue,0,3.4,1,1,1,1001,1,1001,0,0,0
140941373,AUS / Mand (AUS) 6th Mar,R7 405m Gr5,06-03-2018 12:02,12835842,1. Rotten Render,0,12.009788081739092,1,1,1,1001,1,1001,0,0,0
140941269,NZL / AsPk (NZL) 6th Mar,R5 457m C3/4,06-03-2018 00:18,13283124,7. Zipping Jen,0,,1,29.7962962962962962962962962962962962963,1,1001,1,1001,7.56,0,0
140941177,AUS / Devn (AUS) 6th Mar,R8 452m Gr5,06-03-2018 04:09,13379500,8. Winklee Terror,0,23.83984223551582,1,18.4985166465223601801999780243929238545,1,1001,1,1001,182.02,0,0
140941145,AUS / Town (AUS) 6th Mar,R9 380m Heat,06-03-2018 11:37,13419592,1. Manhattan Maid,0,5.9,1,1,1,1001,1,1001,0,0,0
140941217,AUS / Mait (AUS) 6th Mar,R11 400m Gr5,06-03-2018 11:20,14598760,3. Nitro Diddle,0,6.043157129,1,1,1,1001,1,1001,0,0,0
140951289,RPGTV / Sheff 6th Mar,A1 500m,06-03-2018 21:50,15343106,3. Geelo Rush,0,5.3,1,1,1,1001,1,1001,0,0,0
140950433,TRP / Kinsl 6th Mar,D4 268m,06-03-2018 12:12,15731081,5. Image Of Tara,0,5.7,1,1,1,1001,1,1001,0,0,0
140951289,RPGTV / Sheff 6th Mar,A1 500m,06-03-2018 21:50,15787381,1. Russanda Gara,1,3.4,1,1,1,1001,1,1001,0,0,0
140941237,AUS / Lism (AUS) 6th Mar,R8 420m Gr5,06-03-2018 10:05,15894407,2. Kingsbrae Tammy,0,8.110330152149542,1,6.52157695062743745523041413525057703022,1,1001,1,1001,753.86,0,0
140941397,NZL / Addi (NZL) 6th mar,R8 295m C1,06-03-2018 03:24,16248839,3. Dunk It,0,,1,4.70872190540087219054008721905400872191,1,1001,1,1001,59.62,0,0
140953674,RPGTV / Poole 6th Mar,A3 450m,06-03-2018 19:22,16378517,3. Loggies Titch,0,8.501559934508986,1,1,1,1001,1,1001,0,0,0
140950164,TRP / Nott 6th Mar,A2 500m,06-03-2018 11:48,16463007,3. Foxdale Witch,0,3.3640595704401495,1,1,1,1001,1,1001,0,0,0
140941171,AUS / Ipsw (AUS) 6th Mar,R4 431m Gr3/4,06-03-2018 05:47,16449232,1. Follow The Duk,0,4.443855920252793,1,3.73654163850717128482390928887887662386,1,1001,1,1001,1065.36,0,0
140953448,SIS / Crayfd 6th Mar,OR 540m,06-03-2018 20:26,16813864,6. Out On Bale,1,1.686354324240893,1,1,1,1001,1,1001,0,0,0
140951388,SIS / Monm (F/C) 6th Mar,Forecast,06-03-2018 17:18,17002630,1 - 3,0,,1,1,1,1001,1,1001,0,0,0
140953564,SIS / Crayfd (F/C) 6th Mar,Forecast,06-03-2018 21:45,17002631,1 - 4,0,,1,1,1,1001,1,1001,0,0,0
140950460,TRP / Kinsl (F/C) 6th Mar,Forecast,06-03-2018 13:12,17002631,1 - 4,0,,1,1,1,1001,1,1001,0,0,0
140951296,RPGTV / Sheff (F/C) 6th Mar,Forecast,06-03-2018 19:42,17002632,1 - 6,0,,1,1,1,1001,1,1001,0,0,0
140953561,SIS / Crayfd (F/C) 6th Mar,Forecast,06-03-2018 20:58,17002632,1 - 6,0,,1,1,1,1001,1,1001,0,0,0
140950460,TRP / Kinsl (F/C) 6th Mar,Forecast,06-03-2018 13:12,17002632,1 - 6,0,,1,1,1,1001,1,1001,0,0,0
140951340,TRP / Sund (F/C) 6th Mar,Forecast,06-03-2018 16:08,17002633,2 - 1,0,,1,1,1,1001,1,1001,0,0,0
140951294,RPGTV / Sheff (F/C) 6th Mar,Forecast,06-03-2018 19:11,17002633,2 - 1,0,,1,1,1,1001,1,1001,0,0,0
140951344,TRP / Sund (F/C) 6th Mar,Forecast,06-03-2018 17:22,17002633,2 - 1,1,,1,1,1,1001,1,1001,0,0,0
140951995,SIS / CPark (F/C) 6th Mar,Forecast,06-03-2018 11:39,17002635,2 - 3,0,,1,1,1,1001,1,1001,0,0,0
140954340,RPGTV / Poole (F/C) 6th Mar,Forecast,06-03-2018 20:51,17002635,2 - 3,0,,1,1,1,1001,1,1001,0,0,0
140951338,TRP / Sund (F/C) 6th Mar,Forecast,06-03-2018 15:28,17002635,2 - 3,0,,1,1,1,1001,1,1001,0,0,0
140952003,SIS / CPark (F/C) 6th Mar,Forecast,06-03-2018 13:39,17002635,2 - 3,0,,1,1,1,1001,1,1001,0,0,0
140954337,RPGTV / Poole (F/C) 6th Mar,Forecast,06-03-2018 20:07,17002637,2 - 5,0,,1,1,1,1001,1,1001,0,0,0
140953560,SIS / Crayfd (F/C) 6th Mar,Forecast,06-03-2018 20:42,17002637,2 - 5,0,,1,1,1,1001,1,1001,0,0,0
140950460,TRP / Kinsl (F/C) 6th Mar,Forecast,06-03-2018 13:12,17002637,2 - 5,0,,1,1,1,1001,1,1001,0,0,0
140951297,RPGTV / Sheff (F/C) 6th Mar,Forecast,06-03-2018 19:58,17002639,2 - 6,0,,1,1,1,1001,1,1001,0,0,0
140953554,SIS / Crayfd (F/C) 6th Mar,Forecast,06-03-2018 19:07,17002639,2 - 6,0,,1,1,1,1001,1,1001,0,0,0
140953564,SIS / Crayfd (F/C) 6th Mar,Forecast,06-03-2018 21:45,17002639,2 - 6,0,,1,1,1,1001,1,1001,0,0,0
140951996,SIS / CPark (F/C) 6th Mar,Forecast,06-03-2018 11:54,17002674,3 - 1,0,,1,1,1,1001,1,1001,0,0,0
140952865,SIS / Crayfd (F/C) 6th Mar,Forecast,06-03-2018 12:16,17002674,3 - 1,1,,1,1,1,1001,1,1001,0,0,0
140951298,RPGTV / Sheff (F/C) 6th Mar,Forecast,06-03-2018 20:13,17002674,3 - 1,0,,1,1,1,1001,1,1001,0,0,0
140953344,SIS / Henl (F/C) 6th Mar,Forecast,06-03-2018 20:37,17002674,3 - 1,0,,1,1,1,1001,1,1001,0,0,0
140952867,SIS / Crayfd (F/C) 6th Mar,Forecast,06-03-2018 12:46,17002675,3 - 2,0,,1,1,1,1001,1,1001,0,0,0
140953552,SIS / Crayfd (F/C) 6th Mar,Forecast,06-03-2018 18:33,17002677,3 - 4,0,,1,1,1,1001,1,1001,0,0,0
140953558,SIS / Crayfd (F/C) 6th Mar,Forecast,06-03-2018 20:11,17002678,3 - 5,0,,1,1,1,1001,1,1001,0,0,0
140951998,SIS / CPark (F/C) 6th Mar,Forecast,06-03-2018 12:24,17002678,3 - 5,0,,1,1,1,1001,1,1001,0,0,0
140954335,RPGTV / Poole (F/C) 6th Mar,Forecast,06-03-2018 19:37,17002679,3 - 6,0,,1,1,1,1001,1,1001,0,0,0
140951386,SIS / Monm (F/C) 6th Mar,Forecast,06-03-2018 16:39,17002679,3 - 6,0,,1,1,1,1001,1,1001,0,0,0
140950199,TRP / Nott (F/C) 6th Mar,Forecast,06-03-2018 12:18,17002680,4 - 1,0,,1,1,1,1001,1,1001,0,0,0
140951293,RPGTV / Sheff (F/C) 6th Mar,Forecast,06-03-2018 18:56,17002680,4 - 1,0,,1,1,1,1001,1,1001,0,0,0
140950413,SIS / Hove (F/C) 6th Mar,Forecast,06-03-2018 15:11,17002683,4 - 2,0,,1,1,1,1001,1,1001,0,0,0
140950418,SIS / Hove (F/C) 6th Mar,Forecast,06-03-2018 16:48,17002683,4 - 2,0,,1,1,1,1001,1,1001,0,0,0
140954338,RPGTV / Poole (F/C) 6th Mar,Forecast,06-03-2018 20:22,17002686,4 - 5,0,,1,1,1,1001,1,1001,0,0,0
140950410,SIS / Hove (F/C) 6th Mar,Forecast,06-03-2018 14:12,17002687,4 - 6,0,,1,1,1,1001,1,1001,0,0,0
140951997,SIS / CPark (F/C) 6th Mar,Forecast,06-03-2018 12:09,17002688,5 - 1,0,,1,1,1,1001,1,1001,0,0,0
140950197,TRP / Nott (F/C) 6th Mar,Forecast,06-03-2018 11:48,17002688,5 - 1,0,,1,1,1,1001,1,1001,0,0,0
140950462,TRP / Kinsl (F/C) 6th Mar,Forecast,06-03-2018 13:44,17002688,5 - 1,0,,1,1,1,1001,1,1001,0,0,0
140953555,SIS / Crayfd (F/C) 6th Mar,Forecast,06-03-2018 19:23,17002689,5 - 2,0,,1,1,1,1001,1,1001,0,0,0
140952867,SIS / Crayfd (F/C) 6th Mar,Forecast,06-03-2018 12:46,17002691,5 - 4,0,,1,1,1,1001,1,1001,0,0,0
140950410,SIS / Hove (F/C) 6th Mar,Forecast,06-03-2018 14:12,17002691,5 - 4,0,,1,1,1,1001,1,1001,0,0,0
140950455,TRP / Kinsl (F/C) 6th Mar,Forecast,06-03-2018 11:57,17002693,6 - 1,0,,1,1,1,1001,1,1001,0,0,0
140951293,RPGTV / Sheff (F/C) 6th Mar,Forecast,06-03-2018 18:56,17002693,6 - 1,0,,1,1,1,1001,1,1001,0,0,0
140953340,SIS / Henl (F/C) 6th Mar,Forecast,06-03-2018 19:33,17002695,6 - 3,0,,1,1,1,1001,1,1001,0,0,0
140951998,SIS / CPark (F/C) 6th Mar,Forecast,06-03-2018 12:24,17002695,6 - 3,0,,1,1,1,1001,1,1001,0,0,0
140951389,SIS / Monm (F/C) 6th Mar,Forecast,06-03-2018 17:37,17002695,6 - 3,0,,1,1,1,1001,1,1001,0,0,0
140950411,SIS / Hove (F/C) 6th Mar,Forecast,06-03-2018 14:32,17002696,6 - 4,0,,1,1,1,1001,1,1001,0,0,0
140951341,TRP / Sund (F/C) 6th Mar,Forecast,06-03-2018 16:27,17002696,6 - 4,0,,1,1,1,1001,1,1001,0,0,0
140951296,RPGTV / Sheff (F/C) 6th Mar,Forecast,06-03-2018 19:42,17002697,6 - 5,0,,1,1,1,1001,1,1001,0,0,0
140953557,SIS / Crayfd (F/C) 6th Mar,Forecast,06-03-2018 19:54,17002697,6 - 5,0,,1,1,1,1001,1,1001,0,0,0
140953337,SIS / Henl (F/C) 6th Mar,Forecast,06-03-2018 18:44,17002568,1 - 2,0,,1,1,1,1001,1,1001,0,0,0
140950453,TRP / Kinsl (F/C) 6th Mar,Forecast,06-03-2018 11:28,17002568,1 - 2,0,,1,1,1,1001,1,1001,0,0,0
140953022,SIS / Henl 6th Mar,A4 460m,06-03-2018 20:37,17270817,1. Blackrose Angel,0,10.299627719,1,1,1,1001,1,1001,0,0,0
140950371,SIS / Hove 6th Mar,D3 285m,06-03-2018 14:52,17500752,4. Sisters Friend,0,5.6,1,1,1,1001,1,1001,0,0,0
140951369,SIS / Monm 6th Mar,A7 480m,06-03-2018 17:18,17503114,5. Whites Oakley,0,10.082783996183423,1,1,1,1001,1,1001,0,0,0
140941239,AUS / Warr (AUS) 6th Mar,R4 450m Gr7,06-03-2018 04:58,17508450,1. Aeroplane Mo,0,5.7,1,4.10331212463578521733959683653445917821,1,1001,1,1001,336.34,0,0
140951584,Greyhound Racing / Trap Challenge,Sheff & Poole Trap Challenge,06-03-2018 18:22,5859,Trap 3,0,,6.65448605433499466088136454234483095748,1,1,1001,6,6,0,197.04,175
140950172,TRP / Nott 6th Mar,A3 500m,06-03-2018 12:47,9592343,2. Salacres Douglas,0,14.009818224776243,1,1,1,1001,1,1001,0,0,0
140953438,SIS / Crayfd 6th Mar,A7 380m,06-03-2018 19:07,10572287,4. Tyrap Beag,0,17.5,1,1,1,1001,1,1001,0,0,0
140941359,AUS / Cran (AUS) 6th Mar,R12 311m Gr5,06-03-2018 11:34,11291498,7. In Dee Genes,0,10.834938026,1,1,1,1001,1,1001,0,0,0
140941306,AUS / Gawl (AUS) 6th Mar,R9 400m Gr5,06-03-2018 03:57,11528759,1. Dana Big Karl,0,16,1,14.2882724719101123595505617977528089888,1,1001,1,1001,170.88,0,0
140941179,AUS / Devn (AUS) 6th Mar,R9 452m Gr4,06-03-2018 04:27,12170029,3. Rikitikitana,0,143.55763126060594,1,89.2910562837316885119506553585196607556,1,1001,1,1001,51.88,0,0
140953020,SIS / Henl 6th Mar,A5 460m,06-03-2018 20:21,12077635,6. Savana Jo Jo,0,3.35,1,1,1,1001,1,1001,0,0,0
140941273,NZL / AsPk (NZL) 6th Mar,R7 630m C2,06-03-2018 00:53,12083486,7. Translator,0,,1,2.19990984974958263772954924874791318865,1,1001,1,1001,359.4,0,0
140950176,TRP / Nott 6th Mar,A4 500m,06-03-2018 13:19,12788101,2. Creevy Honey,0,9.6,1,1,1,1001,1,1001,0,0,0
140950178,TRP / Nott 6th Mar,A3 500m,06-03-2018 13:33,12942559,6. Slippy Ray,0,2.28,1,2.99992351643849296033678712016824221452,1,1001,1,1001,5.92,0,0
140953456,SIS / Crayfd 6th Mar,A8 380m,06-03-2018 21:30,13723688,3. Whiteys Galaxy,0,3.6292761467780297,1,1,1,1001,1,1001,0,0,0
141000101,Match Bets / Poole (AvB) 6th Mar,Geelo Clarky v Suirview Bee,06-03-2018 19:22,14519170,4. Geelo Clarky,1,,1,1,1,1001,1,1001,0,0,0
140941043,AUS / Town (AUS) 6th Mar,R2 380m Nvce,06-03-2018 09:15,14909562,2. Cheeky Kaya,0,33.25741222172043,1,18.9765159159710118337767177323181359508,1,1001,1,1001,218.02,0,0
140941373,AUS / Mand (AUS) 6th Mar,R7 405m Gr5,06-03-2018 12:02,14984655,4. Vaporama,0,13.989379869437396,1,1,1,1001,1,1001,0,0,0
140941405,NZL / Addi (NZL) 6th mar,R12 295m C1,06-03-2018 04:36,15070667,3. Vasterbottenost,0,,1,7.59,1,1001,1,1001,.4,0,0
140950164,TRP / Nott 6th Mar,A2 500m,06-03-2018 11:48,15081424,2. Elegant Pixie,0,11,1,1,1,1001,1,1001,0,0,0
140941167,AUS / Devn (AUS) 6th Mar,R5 580m Gr5,06-03-2018 03:04,16195487,4. Buckle Up Nel,0,3.7199608296784565,1,3.33444270876808051418418573592015358748,1,1001,1,1001,1677.22,0,0
140952555,SIS / Crayfd 6th Mar,A4 380m,06-03-2018 11:16,16465086,2. Silvus Raven,0,3.6872075851639967,1,6.81738460862202912780844841901123347225,1,1001,1,1001,14,0,0
140941345,AUS / Geel (AUS) 6th Mar,R11 400m Mdn,06-03-2018 08:15,16325178,6. Buddies Al,0,20,1,16.911917862055413637256828453527215563,1,1001,1,1001,203.56,0,0
140953342,SIS / Henl (F/C) 6th Mar,Forecast,06-03-2018 20:06,17002741,5 - 6,0,,1,1,1,1001,1,1001,0,0,0
140953561,SIS / Crayfd (F/C) 6th Mar,Forecast,06-03-2018 20:58,17002741,5 - 6,0,,1,1,1,1001,1,1001,0,0,0
140953336,SIS / Henl (F/C) 6th Mar,Forecast,06-03-2018 18:27,17002630,1 - 3,0,,1,1,1,1001,1,1001,0,0,0
140951304,RPGTV / Sheff (F/C) 6th Mar,Forecast,06-03-2018 21:50,17002630,1 - 3,0,,1,1,1,1001,1,1001,0,0,0
140950198,TRP / Nott (F/C) 6th Mar,Forecast,06-03-2018 12:04,17002631,1 - 4,0,,1,1,1,1001,1,1001,0,0,0
140953337,SIS / Henl (F/C) 6th Mar,Forecast,06-03-2018 18:44,17002631,1 - 4,0,,1,1,1,1001,1,1001,0,0,0
140951304,RPGTV / Sheff (F/C) 6th Mar,Forecast,06-03-2018 21:50,17002631,1 - 4,0,,1,1,1,1001,1,1001,0,0,0
140952860,SIS / Crayfd (F/C) 6th Mar,Forecast,06-03-2018 11:01,17002635,2 - 3,0,,1,28.9999996500000043749999453125006835937,1,1001,1,1001,16,0,0
140951303,RPGTV / Sheff (F/C) 6th Mar,Forecast,06-03-2018 21:32,17002635,2 - 3,0,,1,1,1,1001,1,1001,0,0,0
140951347,TRP / Sund (F/C) 6th Mar,Forecast,06-03-2018 18:11,17002635,2 - 3,0,,1,1,1,1001,1,1001,0,0,0
140951340,TRP / Sund (F/C) 6th Mar,Forecast,06-03-2018 16:08,17002637,2 - 5,0,,1,1,1,1001,1,1001,0,0,0
140952003,SIS / CPark (F/C) 6th Mar,Forecast,06-03-2018 13:39,17002637,2 - 5,0,,1,1,1,1001,1,1001,0,0,0
140953553,SIS / Crayfd (F/C) 6th Mar,Forecast,06-03-2018 18:49,17002637,2 - 5,0,,1,1,1,1001,1,1001,0,0,0
140954336,RPGTV / Poole (F/C) 6th Mar,Forecast,06-03-2018 19:52,17002639,2 - 6,1,,1,1,1,1001,1,1001,0,0,0
140952867,SIS / Crayfd (F/C) 6th Mar,Forecast,06-03-2018 12:46,17002674,3 - 1,0,,1,1,1,1001,1,1001,0,0,0
140950453,TRP / Kinsl (F/C) 6th Mar,Forecast,06-03-2018 11:28,17002674,3 - 1,0,,1,1,1,1001,1,1001,0,0,0
140950414,SIS / Hove (F/C) 6th Mar,Forecast,06-03-2018 15:29,17002675,3 - 2,0,,1,1,1,1001,1,1001,0,0,0
140950459,TRP / Kinsl (F/C) 6th Mar,Forecast,06-03-2018 12:58,17002675,3 - 2,0,,1,1,1,1001,1,1001,0,0,0
140953337,SIS / Henl (F/C) 6th Mar,Forecast,06-03-2018 18:44,17002677,3 - 4,1,,1,1,1,1001,1,1001,0,0,0
140951294,RPGTV / Sheff (F/C) 6th Mar,Forecast,06-03-2018 19:11,17002678,3 - 5,0,,1,1,1,1001,1,1001,0,0,0
140951381,SIS / Monm (F/C) 6th Mar,Forecast,06-03-2018 15:02,17002678,3 - 5,0,,1,1,1,1001,1,1001,0,0,0
140953346,SIS / Henl (F/C) 6th Mar,Forecast,06-03-2018 21:08,17002679,3 - 6,0,,1,1,1,1001,1,1001,0,0,0
140951336,TRP / Sund (F/C) 6th Mar,Forecast,06-03-2018 14:47,17002679,3 - 6,0,,1,1,1,1001,1,1001,0,0,0
140951335,TRP / Sund (F/C) 6th Mar,Forecast,06-03-2018 14:27,17002679,3 - 6,0,,1,1,1,1001,1,1001,0,0,0
140950203,TRP / Nott (F/C) 6th Mar,Forecast,06-03-2018 13:19,17002683,4 - 2,0,,1,1,1,1001,1,1001,0,0,0
140950463,TRP / Kinsl (F/C) 6th Mar,Forecast,06-03-2018 13:58,17002683,4 - 2,0,,1,1,1,1001,1,1001,0,0,0
140952867,SIS / Crayfd (F/C) 6th Mar,Forecast,06-03-2018 12:46,17002684,4 - 3,0,,1,1,1,1001,1,1001,0,0,0
140950460,TRP / Kinsl (F/C) 6th Mar,Forecast,06-03-2018 13:12,17002687,4 - 6,0,,1,1,1,1001,1,1001,0,0,0
140953553,SIS / Crayfd (F/C) 6th Mar,Forecast,06-03-2018 18:49,17002687,4 - 6,0,,1,1,1,1001,1,1001,0,0,0
140951382,SIS / Monm (F/C) 6th Mar,Forecast,06-03-2018 15:19,17002688,5 - 1,0,,1,1,1,1001,1,1001,0,0,0
140954335,RPGTV / Poole (F/C) 6th Mar,Forecast,06-03-2018 19:37,17002688,5 - 1,0,,1,1,1,1001,1,1001,0,0,0
140951347,TRP / Sund (F/C) 6th Mar,Forecast,06-03-2018 18:11,17002688,5 - 1,0,,1,1,1,1001,1,1001,0,0,0
140953347,SIS / Henl (F/C) 6th Mar,Forecast,06-03-2018 21:26,17002690,5 - 3,0,,1,1,1,1001,1,1001,0,0,0
140953552,SIS / Crayfd (F/C) 6th Mar,Forecast,06-03-2018 18:33,17002691,5 - 4,0,,1,1,1,1001,1,1001,0,0,0
140951300,RPGTV / Sheff (F/C) 6th Mar,Forecast,06-03-2018 20:43,17002693,6 - 1,0,,1,1,1,1001,1,1001,0,0,0
140951380,SIS / Monm (F/C) 6th Mar,Forecast,06-03-2018 14:42,17002693,6 - 1,0,,1,1,1,1001,1,1001,0,0,0
140952863,SIS / Crayfd (F/C) 6th Mar,Forecast,06-03-2018 11:46,17002693,6 - 1,0,,1,1,1,1001,1,1001,0,0,0
140951391,SIS / Monm (F/C) 6th Mar,Forecast,06-03-2018 18:09,17002693,6 - 1,0,,1,1,1,1001,1,1001,0,0,0
140954332,RPGTV / Poole (F/C) 6th Mar,Forecast,06-03-2018 18:48,17002693,6 - 1,0,,1,1,1,1001,1,1001,0,0,0
140950416,SIS / Hove (F/C) 6th Mar,Forecast,06-03-2018 16:09,17002694,6 - 2,0,,1,1,1,1001,1,1001,0,0,0
140952861,SIS / Crayfd (F/C) 6th Mar,Forecast,06-03-2018 11:16,17002694,6 - 2,0,,1,1,1,1001,1,1001,0,0,0
140950410,SIS / Hove (F/C) 6th Mar,Forecast,06-03-2018 14:12,17002694,6 - 2,0,,1,1,1,1001,1,1001,0,0,0
140953340,SIS / Henl (F/C) 6th Mar,Forecast,06-03-2018 19:33,17002696,6 - 4,0,,1,1,1,1001,1,1001,0,0,0
140953560,SIS / Crayfd (F/C) 6th Mar,Forecast,06-03-2018 20:42,17002696,6 - 4,0,,1,1,1,1001,1,1001,0,0,0
140950420,SIS / Hove (F/C) 6th Mar,Forecast,06-03-2018 17:28,17002696,6 - 4,0,,1,1,1,1001,1,1001,0,0,0
140951379,SIS / Monm (F/C) 6th Mar,Forecast,06-03-2018 14:22,17002697,6 - 5,0,,1,1,1,1001,1,1001,0,0,0
140950201,TRP / Nott (F/C) 6th Mar,Forecast,06-03-2018 12:47,17002697,6 - 5,0,,1,1,1,1001,1,1001,0,0,0
140954333,RPGTV / Poole (F/C) 6th Mar,Forecast,06-03-2018 19:06,17002697,6 - 5,0,,1,1,1,1001,1,1001,0,0,0
140951996,SIS / CPark (F/C) 6th Mar,Forecast,06-03-2018 11:54,17002568,1 - 2,0,,1,1,1,1001,1,1001,0,0,0
140952871,SIS / Crayfd (F/C) 6th Mar,Forecast,06-03-2018 13:49,17002568,1 - 2,0,,1,1,1,1001,1,1001,0,0,0
140950411,SIS / Hove (F/C) 6th Mar,Forecast,06-03-2018 14:32,17002568,1 - 2,0,,1,1,1,1001,1,1001,0,0,0
140941399,NZL / Addi (NZL) 6th mar,R9 520m C1,06-03-2018 03:42,17295784,3. Allen Mack,0,,1,5.08445620040454333281468803485296405788,1,1001,1,1001,128.54,0,0
140941367,AUS / Mand (AUS) 6th Mar,R4 405m Heat,06-03-2018 11:05,17509900,8. Lady Wild Fire,0,36.370100149,1,1,1,1001,1,1001,0,0,0
140941371,AUS / Mand (AUS) 6th Mar,R6 490m Nvce,06-03-2018 11:45,17509903,3. Mahna Mahna,1,2.0031654813984376,1,1,1,1001,1,1001,0,0,0
140951906,SIS / CPark 6th Mar,D2 265m,06-03-2018 13:39,17437920,2. Bens Lass,0,5.2,1,1,1,1001,1,1001,0,0,0
140941331,AUS / Geel (AUS) 6th Mar,R7 460m Mdn,06-03-2018 06:58,17508338,3. Miss Blue,0,12,1,6.41962555510698425514735567218409366169,1,1001,1,1001,396.32,0,0
140941285,AUS / Warr (AUS) 6th Mar,R8 450m Gr4/5,06-03-2018 06:22,17508458,1. Fernando Drums,0,2.7,1,2.60776320053480840448146615767472479991,1,1001,1,1001,9812.86,0,0
140951886,SIS / CPark 6th Mar,D2 265m,06-03-2018 11:09,17437863,5. Kitmins Rascal,0,23,1,1,1,1001,1,1001,0,0,0
140941161,AUS / Ipsw (AUS) 6th Mar,R2 431m Heat,06-03-2018 05:12,17508628,3. Powder,0,50.74316276274624,1,49.9434250764525993883792048929663608563,1,1001,1,1001,196.2,0,0
140953556,SIS / Crayfd (F/C) 6th Mar,Forecast,06-03-2018 19:38,6953192,1 - 5,0,,1,1,1,1001,1,1001,0,0,0
140950415,SIS / Hove (F/C) 6th Mar,Forecast,06-03-2018 15:49,6953192,1 - 5,0,,1,1,1,1001,1,1001,0,0,0
140941361,AUS / Mand (AUS) 6th Mar,R1 405m Final,06-03-2018 10:02,10061724,5. Stinky Pete,0,2.4072579095279805,1,2.32511744217201035991783513441100294722,1,1001,1,1001,2239.4,0,0
140941259,AUS / Warr (AUS) 6th Mar,R12 450m Gr5,06-03-2018 07:37,10679732,8. Jen Shen,0,301.60560339175174,1,201.978230004732607666824420255560814009,1,1001,1,1001,42.26,0,0
140941211,AUS / Mait (AUS) 6th Mar,R8 450m Gr4/5,06-03-2018 10:18,10679768,5. Dynamic Goodwin,0,18.639211998884566,1,16.7757252630992816971991759006626204132,1,1001,1,1001,718.36,0,0
140951892,SIS / CPark 6th Mar,A4 480m,06-03-2018 11:54,11075156,6. Ballyroyal Maybe,0,12,1,1,1,1001,1,1001,0,0,0
140941211,AUS / Mait (AUS) 6th Mar,R8 450m Gr4/5,06-03-2018 10:18,11176172,8. Brietta,0,60,1,36.0177675884797248889525720017194440464,1,1001,1,1001,139.58,0,0
140950180,TRP / Nott 6th Mar,A4 500m,06-03-2018 13:51,11285118,1. Salacres Beyonce,0,20.277541282251477,1,1,1,1001,1,1001,0,0,0
140951908,SIS / CPark 6th Mar,A2 480m,06-03-2018 13:57,11276396,1. Kilgraney Fury,0,6.6,1,1,1,1001,1,1001,0,0,0
140941275,NZL / AsPk (NZL) 6th Mar,R8 457m C1/2,06-03-2018 01:10,11342720,5. Ana Dior,0,,1,45.7733333333333333333333333333333333333,1,1001,1,1001,6,0,0
140941201,AUS / Mait (AUS) 6th Mar,R3 450m Gr5,06-03-2018 08:38,12229843,7. Real Effective,0,95,1,45.6236686390532544378698224852071005917,1,1001,1,1001,50.7,0,0
140952559,SIS / Crayfd 6th Mar,S3 540m,06-03-2018 11:46,12639429,2. Play Master,1,8.737670520321405,1,1,1,1001,1,1001,0,0,0
140951271,RPGTV / Sheff 6th Mar,OR 500m,06-03-2018 19:26,13233833,3. Lisheen Poppy,0,124.83135426256575,1,1,1,1001,1,1001,0,0,0
140941171,AUS / Ipsw (AUS) 6th Mar,R4 431m Gr3/4,06-03-2018 05:47,13283168,3. Odessa,0,12.647617576798634,1,8.99101970766323421651432758687184233869,1,1001,1,1001,1037.16,0,0
141000122,Match Bets / Sheff (AvB) 6th Mar,Sidarian Blu Ray v Goldies Seb,06-03-2018 20:58,13384640,6. Goldies Seb,0,,1,1,1,1001,1,1001,0,0,0
140950375,SIS / Hove 6th Mar,A2 515m,06-03-2018 15:29,13398782,4. Guinness Brandy,0,9,1,1,1,1001,1,1001,0,0,0
140952575,SIS / Crayfd 6th Mar,S4 540m,06-03-2018 13:49,13485440,5. Tims Hero,0,9,1,1,1,1001,1,1001,0,0,0
140950379,SIS / Hove 6th Mar,A3 515m,06-03-2018 16:09,13957750,6. Siobhans Fancy,0,6.8,1,1,1,1001,1,1001,0,0,0
140941302,AUS / Gawl (AUS) 6th Mar,R7 531m Gr6,06-03-2018 03:14,15118157,3. Kind Girl,0,65,1,28.9132947976878612716763005780346820809,1,1001,1,1001,69.2,0,0
140951317,TRP / Sund 6th Mar,A3 450m,06-03-2018 16:08,15163705,3. Lisneal Pennie,0,5.6,1,1,1,1001,1,1001,0,0,0
140941319,AUS / Geel (AUS) 6th Mar,R1 400m Mdn,06-03-2018 04:49,15537149,1. Dorans Flame,0,18.691079986349216,1,10.5992042440318302387267904509283819629,1,1001,1,1001,37.7,0,0
140951375,SIS / Monm 6th Mar,A2 480m,06-03-2018 18:09,15881243,2. Swift Acappella,1,7.394054535315372,1,1,1,1001,1,1001,0,0,0
140941143,AUS / Town (AUS) 6th Mar,R8 498m Final,06-03-2018 11:12,16112300,5. Illy Bale,0,96.09654050674737,1,1,1,1001,1,1001,0,0,0
140941333,AUS / Geel (AUS) 6th Mar,R8 460m Gr7,06-03-2018 07:14,16249333,4. Dyna Jenaya,0,10.5,1,8.85628928970095764056165912696081311321,1,1001,1,1001,340.42,0,0
140953016,SIS / Henl 6th Mar,D2 277m,06-03-2018 19:49,16263102,2. Jet Stream Ace,0,11.688380406422073,1,1,1,1001,1,1001,0,0,0
140951263,RPGTV / Sheff 6th Mar,A4 500m,06-03-2018 18:22,16550489,2. Geelo Talkes,0,9.795618226,1,1,1,1001,1,1001,0,0,0
140941333,AUS / Geel (AUS) 6th Mar,R8 460m Gr7,06-03-2018 07:14,16374313,3. Monkey Mite,0,67.76794473057612,1,45.0588497547926883637984841729826125725,1,1001,1,1001,89.72,0,0
140941335,AUS / Geel (AUS) 6th Mar,R9 400m Mdn,06-03-2018 07:34,16407620,7. Speedway Chick,0,38,1,17.0063897763578274760383386581469648562,1,1001,1,1001,68.86,0,0
140941193,AUS / Warr (AUS) 6th Mar,R1 450m Mdn,06-03-2018 03:53,16502558,4. Major Style,0,38,1,22.9876144318793753365643511039310716209,1,1001,1,1001,37.14,0,0
140953014,SIS / Henl 6th Mar,A5 460m,06-03-2018 19:33,16404038,2. Savana Pam,0,5.2,1,1,1,1001,1,1001,0,0,0
140953339,SIS / Henl (F/C) 6th Mar,Forecast,06-03-2018 19:17,17002741,5 - 6,0,,1,1,1,1001,1,1001,0,0,0
140954342,RPGTV / Poole (F/C) 6th Mar,Forecast,06-03-2018 21:22,17002741,5 - 6,0,,1,1,1,1001,1,1001,0,0,0
140950416,SIS / Hove (F/C) 6th Mar,Forecast,06-03-2018 16:09,17002630,1 - 3,0,,1,1,1,1001,1,1001,0,0,0
140953564,SIS / Crayfd (F/C) 6th Mar,Forecast,06-03-2018 21:45,17002630,1 - 3,0,,1,1,1,1001,1,1001,0,0,0
140951300,RPGTV / Sheff (F/C) 6th Mar,Forecast,06-03-2018 20:43,17002632,1 - 6,0,,1,1,1,1001,1,1001,0,0,0
140954340,RPGTV / Poole (F/C) 6th Mar,Forecast,06-03-2018 20:51,17002632,1 - 6,0,,1,1,1,1001,1,1001,0,0,0
140951389,SIS / Monm (F/C) 6th Mar,Forecast,06-03-2018 17:37,17002633,2 - 1,0,,1,1,1,1001,1,1001,0,0,0
140951304,RPGTV / Sheff (F/C) 6th Mar,Forecast,06-03-2018 21:50,17002635,2 - 3,0,,1,1,1,1001,1,1001,0,0,0
140953345,SIS / Henl (F/C) 6th Mar,Forecast,06-03-2018 20:53,17002636,2 - 4,0,,1,1,1,1001,1,1001,0,0,0
140952004,SIS / CPark (F/C) 6th Mar,Forecast,06-03-2018 13:57,17002636,2 - 4,0,,1,1,1,1001,1,1001,0,0,0
140950455,TRP / Kinsl (F/C) 6th Mar,Forecast,06-03-2018 11:57,17002637,2 - 5,0,,1,1,1,1001,1,1001,0,0,0
140953346,SIS / Henl (F/C) 6th Mar,Forecast,06-03-2018 21:08,17002639,2 - 6,0,,1,1,1,1001,1,1001,0,0,0
140951344,TRP / Sund (F/C) 6th Mar,Forecast,06-03-2018 17:22,17002639,2 - 6,0,,1,1,1,1001,1,1001,0,0,0
140951341,TRP / Sund (F/C) 6th Mar,Forecast,06-03-2018 16:27,17002639,2 - 6,0,,1,1,1,1001,1,1001,0,0,0
140952004,SIS / CPark (F/C) 6th Mar,Forecast,06-03-2018 13:57,17002639,2 - 6,0,,1,1,1,1001,1,1001,0,0,0
140950419,SIS / Hove (F/C) 6th Mar,Forecast,06-03-2018 17:08,17002674,3 - 1,0,,1,1,1,1001,1,1001,0,0,0
140950411,SIS / Hove (F/C) 6th Mar,Forecast,06-03-2018 14:32,17002675,3 - 2,0,,1,1,1,1001,1,1001,0,0,0
140953340,SIS / Henl (F/C) 6th Mar,Forecast,06-03-2018 19:33,17002678,3 - 5,0,,1,1,1,1001,1,1001,0,0,0
140950205,TRP / Nott (F/C) 6th Mar,Forecast,06-03-2018 13:51,17002678,3 - 5,0,,1,1,1,1001,1,1001,0,0,0
140952870,SIS / Crayfd (F/C) 6th Mar,Forecast,06-03-2018 13:31,17002678,3 - 5,0,,1,1,1,1001,1,1001,0,0,0
140951389,SIS / Monm (F/C) 6th Mar,Forecast,06-03-2018 17:37,17002679,3 - 6,0,,1,1,1,1001,1,1001,0,0,0
140951380,SIS / Monm (F/C) 6th Mar,Forecast,06-03-2018 14:42,17002680,4 - 1,0,,1,1,1,1001,1,1001,0,0,0
140952867,SIS / Crayfd (F/C) 6th Mar,Forecast,06-03-2018 12:46,17002680,4 - 1,0,,1,1,1,1001,1,1001,0,0,0
140951304,RPGTV / Sheff (F/C) 6th Mar,Forecast,06-03-2018 21:50,17002680,4 - 1,0,,1,1,1,1001,1,1001,0,0,0
140953563,SIS / Crayfd (F/C) 6th Mar,Forecast,06-03-2018 21:30,17002680,4 - 1,0,,1,1,1,1001,1,1001,0,0,0
140951291,RPGTV / Sheff (F/C) 6th Mar,Forecast,06-03-2018 18:22,17002680,4 - 1,0,,1,1,1,1001,1,1001,0,0,0
140951297,RPGTV / Sheff (F/C) 6th Mar,Forecast,06-03-2018 19:58,17002684,4 - 3,0,,1,1,1,1001,1,1001,0,0,0
140951382,SIS / Monm (F/C) 6th Mar,Forecast,06-03-2018 15:19,17002684,4 - 3,0,,1,1,1,1001,1,1001,0,0,0
140950423,SIS / Hove (F/C) 6th Mar,Forecast,06-03-2018 18:19,17002684,4 - 3,0,,1,1,1,1001,1,1001,0,0,0
140950419,SIS / Hove (F/C) 6th Mar,Forecast,06-03-2018 17:08,17002684,4 - 3,0,,1,1,1,1001,1,1001,0,0,0
140951336,TRP / Sund (F/C) 6th Mar,Forecast,06-03-2018 14:47,17002686,4 - 5,0,,1,1,1,1001,1,1001,0,0,0
140952003,SIS / CPark (F/C) 6th Mar,Forecast,06-03-2018 13:39,17002686,4 - 5,0,,1,1,1,1001,1,1001,0,0,0
140953556,SIS / Crayfd (F/C) 6th Mar,Forecast,06-03-2018 19:38,17002687,4 - 6,0,,1,1,1,1001,1,1001,0,0,0
140952000,SIS / CPark (F/C) 6th Mar,Forecast,06-03-2018 12:54,17002688,5 - 1,0,,1,1,1,1001,1,1001,0,0,0
140953561,SIS / Crayfd (F/C) 6th Mar,Forecast,06-03-2018 20:58,17002688,5 - 1,0,,1,1,1,1001,1,1001,0,0,0
140952861,SIS / Crayfd (F/C) 6th Mar,Forecast,06-03-2018 11:16,17002689,5 - 2,0,,1,1,1,1001,1,1001,0,0,0
140950195,TRP / Nott (F/C) 6th Mar,Forecast,06-03-2018 11:19,17002691,5 - 4,0,,1,1,1,1001,1,1001,0,0,0
140953343,SIS / Henl (F/C) 6th Mar,Forecast,06-03-2018 20:21,17002693,6 - 1,0,,1,1,1,1001,1,1001,0,0,0
140951304,RPGTV / Sheff (F/C) 6th Mar,Forecast,06-03-2018 21:50,17002693,6 - 1,0,,1,1,1,1001,1,1001,0,0,0
140951386,SIS / Monm (F/C) 6th Mar,Forecast,06-03-2018 16:39,17002693,6 - 1,0,,1,1,1,1001,1,1001,0,0,0
140950460,TRP / Kinsl (F/C) 6th Mar,Forecast,06-03-2018 13:12,17002693,6 - 1,0,,1,1,1,1001,1,1001,0,0,0
140951383,SIS / Monm (F/C) 6th Mar,Forecast,06-03-2018 15:39,17002693,6 - 1,0,,1,1,1,1001,1,1001,0,0,0
140953345,SIS / Henl (F/C) 6th Mar,Forecast,06-03-2018 20:53,17002694,6 - 2,0,,1,1,1,1001,1,1001,0,0,0
140952871,SIS / Crayfd (F/C) 6th Mar,Forecast,06-03-2018 13:49,17002694,6 - 2,0,,1,1,1,1001,1,1001,0,0,0
140953554,SIS / Crayfd (F/C) 6th Mar,Forecast,06-03-2018 19:07,17002695,6 - 3,0,,1,1,1,1001,1,1001,0,0,0
140953342,SIS / Henl (F/C) 6th Mar,Forecast,06-03-2018 20:06,17002695,6 - 3,0,,1,1,1,1001,1,1001,0,0,0
140952870,SIS / Crayfd (F/C) 6th Mar,Forecast,06-03-2018 13:31,17002695,6 - 3,0,,1,1,1,1001,1,1001,0,0,0
140950460,TRP / Kinsl (F/C) 6th Mar,Forecast,06-03-2018 13:12,17002695,6 - 3,0,,1,1,1,1001,1,1001,0,0,0
140951295,RPGTV / Sheff (F/C) 6th Mar,Forecast,06-03-2018 19:26,17002696,6 - 4,0,,1,1,1,1001,1,1001,0,0,0
140950414,SIS / Hove (F/C) 6th Mar,Forecast,06-03-2018 15:29,17002696,6 - 4,0,,1,1,1,1001,1,1001,0,0,0
140950203,TRP / Nott (F/C) 6th Mar,Forecast,06-03-2018 13:19,17002696,6 - 4,0,,1,1,1,1001,1,1001,0,0,0
140953557,SIS / Crayfd (F/C) 6th Mar,Forecast,06-03-2018 19:54,17002696,6 - 4,0,,1,1,1,1001,1,1001,0,0,0
140954341,RPGTV / Poole (F/C) 6th Mar,Forecast,06-03-2018 21:07,17002697,6 - 5,0,,1,1,1,1001,1,1001,0,0,0
140941277,NZL / AsPk (NZL) 6th Mar,R9 390m C1/2,06-03-2018 01:27,17089916,3. Debbie Baxter,1,,1,8.8246390312063344201210992081974848626,1,1001,1,1001,85.88,0,0
140951993,SIS / CPark (F/C) 6th Mar,Forecast,06-03-2018 11:09,17002568,1 - 2,0,,1,1,1,1001,1,1001,0,0,0
140953340,SIS / Henl (F/C) 6th Mar,Forecast,06-03-2018 19:33,17002568,1 - 2,1,,1,1,1,1001,1,1001,0,0,0
140950455,TRP / Kinsl (F/C) 6th Mar,Forecast,06-03-2018 11:57,17002568,1 - 2,0,,1,1,1,1001,1,1001,0,0,0
140953341,SIS / Henl (F/C) 6th Mar,Forecast,06-03-2018 19:49,17002568,1 - 2,0,,1,1,1,1001,1,1001,0,0,0
140953014,SIS / Henl 6th Mar,A5 460m,06-03-2018 19:33,17144963,3. Newtown Brenda,0,4.007204984577548,1,1,1,1001,1,1001,0,0,0
140941235,AUS / Warr (AUS) 6th Mar,R3 390m Rest,06-03-2018 04:34,17285668,4. Blank Page,0,10.123333833888173,1,7.46342248637939574046557701832590391283,1,1001,1,1001,161.52,0,0
140941325,AUS / Geel (AUS) 6th Mar,R4 400m Mdn,06-03-2018 05:54,17508329,7. Miss Payne,0,49.171349438559275,1,27.8184624017957351290684624017957351291,1,1001,1,1001,71.28,0,0
140950373,SIS / Hove 6th Mar,A4 515m,06-03-2018 15:11,17500757,3. Punk Rock Magoo,0,6.045604574724563,1,1,1,1001,1,1001,0,0,0
140941292,AUS / Gawl (AUS) 6th Mar,R2 400m Heat,06-03-2018 01:38,17508094,2. New Trix,0,4.7,1,3.43981047937569676700111482720178372352,1,1001,1,1001,179.4,0,0
140953444,SIS / Crayfd 6th Mar,OR 540m,06-03-2018 19:54,17504499,1. Bustle Around,0,7.8,1,1,1,1001,1,1001,0,0,0
140951315,TRP / Sund 6th Mar,A5 450m,06-03-2018 15:48,17519808,5. Mill Mauricio (RES),0,15,1,1,1,1001,1,1001,0,0,0
140941347,AUS / Cran (AUS) 6th Mar,R7 311m Final,06-03-2018 09:48,17508476,7. Searching,0,5.599322256590059,1,4.54729494958313326640185080099524204461,1,1001,1,1001,2290.9,0,0
140941193,AUS / Warr (AUS) 6th Mar,R1 450m Mdn,06-03-2018 03:53,2332054,5. Hit The Deck,0,12.863649769108743,1,7.82309847878302642113690952762209767814,1,1001,1,1001,199.84,0,0
140950421,SIS / Hove (F/C) 6th Mar,Forecast,06-03-2018 17:44,6953192,1 - 5,0,,1,1,1,1001,1,1001,0,0,0
140950411,SIS / Hove (F/C) 6th Mar,Forecast,06-03-2018 14:32,6953192,1 - 5,0,,1,1,1,1001,1,1001,0,0,0
140950162,TRP / Nott 6th Mar,A1 500m,06-03-2018 11:34,9362063,5. Plaza Girl,0,3.8604343777723624,1,1,1,1001,1,1001,0,0,0
140950369,SIS / Hove 6th Mar,A10 515m,06-03-2018 14:32,9257029,2. Killeacle Lulu,0,7.9258022828170205,1,1,1,1001,1,1001,0,0,0
140952565,SIS / Crayfd 6th Mar,A7 380m,06-03-2018 12:31,10672485,1. Vintage Queen,0,4.6,1,1,1,1001,1,1001,0,0,0
140951305,TRP / Sund 6th Mar,A2 450m,06-03-2018 14:08,11245226,3. Boherash De Niro,0,8.795848434527871,1,1,1,1001,1,1001,0,0,0
140952571,SIS / Crayfd 6th Mar,E3 714m,06-03-2018 13:16,11333492,1. Emmerdale Belle,0,4.851845737,1,1,1,1001,1,1001,0,0,0
140941257,AUS / Warr (AUS) 6th Mar,R11 450m Gr5,06-03-2018 07:22,11899702,4. Hard Luck Story,1,13.265750188836405,1,7.82125331048449914316871786882692008101,1,1001,1,1001,513.52,0,0
140950162,TRP / Nott 6th Mar,A1 500m,06-03-2018 11:34,11896277,6. Romeo Spike,0,17.968883461434167,1,1,1,1001,1,1001,0,0,0
140941357,AUS / Cran (AUS) 6th Mar,R11 311m Gr5,06-03-2018 11:09,11857144,3. Cosmic Sole,0,10.729774700596465,1,1,1,1001,1,1001,0,0,0
140951367,SIS / Monm 6th Mar,S3 630m,06-03-2018 16:58,11846075,3. Biltong,1,4.844992726249911,1,1,1,1001,1,1001,0,0,0
140941181,AUS / Ipsw (AUS) 6th Mar,R6 520m Gr5,06-03-2018 06:26,12312200,4. Haras Sam,0,11,1,7.31702469523909322714729819413881029725,1,1001,1,1001,572.58,0,0
140941267,NZL / AsPk (NZL) 6th Mar,R4 390m C5,06-03-2018 00:00,12381015,1. Think Tank,0,,1,7.31723477594791267713519724243584833397,1,1001,1,1001,52.22,0,0
140951315,TRP / Sund 6th Mar,A5 450m,06-03-2018 15:48,12666116,3. Witton Peerless,0,13,1,1,1,1001,1,1001,0,0,0
140941195,AUS / Ipsw (AUS) 6th Mar,R10 431m Gr5,06-03-2018 07:54,13083349,2. Kawati Son,0,3.658853950438389,1,4.15051499536987064043494810278319064203,1,1001,1,1001,3520.42,0,0
140941399,NZL / Addi (NZL) 6th mar,R9 520m C1,06-03-2018 03:42,13096719,6. Bookie Monster,1,,1,7.10443985544656685596282911719153329892,1,1001,1,1001,38.74,0,0
140941195,AUS / Ipsw (AUS) 6th Mar,R10 431m Gr5,06-03-2018 07:54,13348520,8. Paris Queen,0,14.159845611145721,1,11.2002051562606852219106886411817000616,1,1001,1,1001,584.92,0,0
140950379,SIS / Hove 6th Mar,A3 515m,06-03-2018 16:09,13492350,1. Arthurs Impact,0,4.5,1,1,1,1001,1,1001,0,0,0
140953444,SIS / Crayfd 6th Mar,OR 540m,06-03-2018 19:54,14859957,3. Roxholme Leonard,0,3.301595818469213,1,1,1,1001,1,1001,0,0,0
140941371,AUS / Mand (AUS) 6th Mar,R6 490m Nvce,06-03-2018 11:45,16385655,8. Tru Blu Keats,0,43.39333510060098,1,1,1,1001,1,1001,0,0,0
140964309,NZL / Hatr (NZL) 7th Mar,R2 520m C0,06-03-2018 23:33,16478574,1. Bigtime Nibbles,0,,1,1,1,1001,1,1001,0,0,0
140953008,SIS / Henl 6th Mar,A7 460m,06-03-2018 18:44,16522040,2. Savana Robert,0,6.323084366511903,1,1,1,1001,1,1001,0,0,0
140953012,SIS / Henl 6th Mar,A5 460m,06-03-2018 19:17,16635336,4. Savana Farah,1,4.2,1,1,1,1001,1,1001,0,0,0
140951287,RPGTV / Sheff 6th Mar,A3 500m,06-03-2018 21:32,16929128,4. Geelo Godsend,0,17.99956311567916,1,1,1,1001,1,1001,0,0,0
140950200,TRP / Nott (F/C) 6th Mar,Forecast,06-03-2018 12:32,17002741,5 - 6,0,,1,1,1,1001,1,1001,0,0,0
140953343,SIS / Henl (F/C) 6th Mar,Forecast,06-03-2018 20:21,17002741,5 - 6,0,,1,1,1,1001,1,1001,0,0,0
140950423,SIS / Hove (F/C) 6th Mar,Forecast,06-03-2018 18:19,17002741,5 - 6,0,,1,1,1,1001,1,1001,0,0,0
140941383,NZL / Addi (NZL) 6th mar,R1 295m C0,06-03-2018 01:18,17343959,6. Cold Affair,0,,1,5.84331283227353278432190138642760346086,1,1001,1,1001,575.58,0,0
140951339,TRP / Sund (F/C) 6th Mar,Forecast,06-03-2018 15:48,17002630,1 - 3,0,,1,1,1,1001,1,1001,0,0,0
140951379,SIS / Monm (F/C) 6th Mar,Forecast,06-03-2018 14:22,17002631,1 - 4,0,,1,1,1,1001,1,1001,0,0,0
140953560,SIS / Crayfd (F/C) 6th Mar,Forecast,06-03-2018 20:42,17002631,1 - 4,0,,1,1,1,1001,1,1001,0,0,0
140953339,SIS / Henl (F/C) 6th Mar,Forecast,06-03-2018 19:17,17002631,1 - 4,0,,1,1,1,1001,1,1001,0,0,0
140951391,SIS / Monm (F/C) 6th Mar,Forecast,06-03-2018 18:09,17002631,1 - 4,0,,1,1,1,1001,1,1001,0,0,0
140951292,RPGTV / Sheff (F/C) 6th Mar,Forecast,06-03-2018 18:38,17002632,1 - 6,0,,1,1,1,1001,1,1001,0,0,0
140951996,SIS / CPark (F/C) 6th Mar,Forecast,06-03-2018 11:54,17002632,1 - 6,1,,1,1,1,1001,1,1001,0,0,0
140953556,SIS / Crayfd (F/C) 6th Mar,Forecast,06-03-2018 19:38,17002633,2 - 1,0,,1,1,1,1001,1,1001,0,0,0
140951336,TRP / Sund (F/C) 6th Mar,Forecast,06-03-2018 14:47,17002633,2 - 1,0,,1,1,1,1001,1,1001,0,0,0
140953345,SIS / Henl (F/C) 6th Mar,Forecast,06-03-2018 20:53,17002635,2 - 3,0,,1,1,1,1001,1,1001,0,0,0
140950412,SIS / Hove (F/C) 6th Mar,Forecast,06-03-2018 14:52,17002636,2 - 4,0,,1,1,1,1001,1,1001,0,0,0
140951339,TRP / Sund (F/C) 6th Mar,Forecast,06-03-2018 15:48,17002636,2 - 4,0,,1,1,1,1001,1,1001,0,0,0
140951345,TRP / Sund (F/C) 6th Mar,Forecast,06-03-2018 17:38,17002637,2 - 5,0,,1,1,1,1001,1,1001,0,0,0
140952002,SIS / CPark (F/C) 6th Mar,Forecast,06-03-2018 13:22,17002637,2 - 5,0,,1,1,1,1001,1,1001,0,0,0
140950423,SIS / Hove (F/C) 6th Mar,Forecast,06-03-2018 18:19,17002639,2 - 6,0,,1,1,1,1001,1,1001,0,0,0
140951387,SIS / Monm (F/C) 6th Mar,Forecast,06-03-2018 16:58,17002639,2 - 6,0,,1,1,1,1001,1,1001,0,0,0
140951339,TRP / Sund (F/C) 6th Mar,Forecast,06-03-2018 15:48,17002639,2 - 6,0,,1,1,1,1001,1,1001,0,0,0
140951296,RPGTV / Sheff (F/C) 6th Mar,Forecast,06-03-2018 19:42,17002674,3 - 1,0,,1,1,1,1001,1,1001,0,0,0
140953552,SIS / Crayfd (F/C) 6th Mar,Forecast,06-03-2018 18:33,17002674,3 - 1,0,,1,1,1,1001,1,1001,0,0,0
140951382,SIS / Monm (F/C) 6th Mar,Forecast,06-03-2018 15:19,17002674,3 - 1,0,,1,1,1,1001,1,1001,0,0,0
140951386,SIS / Monm (F/C) 6th Mar,Forecast,06-03-2018 16:39,17002674,3 - 1,0,,1,1,1,1001,1,1001,0,0,0
140951379,SIS / Monm (F/C) 6th Mar,Forecast,06-03-2018 14:22,17002675,3 - 2,0,,1,1,1,1001,1,1001,0,0,0
140952863,SIS / Crayfd (F/C) 6th Mar,Forecast,06-03-2018 11:46,17002675,3 - 2,0,,1,1,1,1001,1,1001,0,0,0
140952866,SIS / Crayfd (F/C) 6th Mar,Forecast,06-03-2018 12:31,17002675,3 - 2,0,,1,1,1,1001,1,1001,0,0,0
140953339,SIS / Henl (F/C) 6th Mar,Forecast,06-03-2018 19:17,17002677,3 - 4,0,,1,1,1,1001,1,1001,0,0,0
140952864,SIS / Crayfd (F/C) 6th Mar,Forecast,06-03-2018 12:01,17002678,3 - 5,0,,1,1,1,1001,1,1001,0,0,0
140953552,SIS / Crayfd (F/C) 6th Mar,Forecast,06-03-2018 18:33,17002679,3 - 6,0,,1,1,1,1001,1,1001,0,0,0
140954336,RPGTV / Poole (F/C) 6th Mar,Forecast,06-03-2018 19:52,17002679,3 - 6,0,,1,1,1,1001,1,1001,0,0,0
140953554,SIS / Crayfd (F/C) 6th Mar,Forecast,06-03-2018 19:07,17002680,4 - 1,0,,1,1,1,1001,1,1001,0,0,0
140951389,SIS / Monm (F/C) 6th Mar,Forecast,06-03-2018 17:37,17002680,4 - 1,0,,1,1,1,1001,1,1001,0,0,0
140951386,SIS / Monm (F/C) 6th Mar,Forecast,06-03-2018 16:39,17002683,4 - 2,0,,1,1,1,1001,1,1001,0,0,0
140950462,TRP / Kinsl (F/C) 6th Mar,Forecast,06-03-2018 13:44,17002683,4 - 2,0,,1,1,1,1001,1,1001,0,0,0
140953342,SIS / Henl (F/C) 6th Mar,Forecast,06-03-2018 20:06,17002684,4 - 3,0,,1,1,1,1001,1,1001,0,0,0
140950203,TRP / Nott (F/C) 6th Mar,Forecast,06-03-2018 13:19,17002684,4 - 3,0,,1,1,1,1001,1,1001,0,0,0
140954332,RPGTV / Poole (F/C) 6th Mar,Forecast,06-03-2018 18:48,17002684,4 - 3,0,,1,1,1,1001,1,1001,0,0,0
140954334,RPGTV / Poole (F/C) 6th Mar,Forecast,06-03-2018 19:22,17002686,4 - 5,1,,1,1,1,1001,1,1001,0,0,0
140950412,SIS / Hove (F/C) 6th Mar,Forecast,06-03-2018 14:52,17002687,4 - 6,0,,1,1,1,1001,1,1001,0,0,0
140953561,SIS / Crayfd (F/C) 6th Mar,Forecast,06-03-2018 20:58,17002689,5 - 2,0,,1,1,1,1001,1,1001,0,0,0
140950203,TRP / Nott (F/C) 6th Mar,Forecast,06-03-2018 13:19,17002689,5 - 2,0,,1,1,1,1001,1,1001,0,0,0
140951381,SIS / Monm (F/C) 6th Mar,Forecast,06-03-2018 15:02,17002689,5 - 2,0,,1,1,1,1001,1,1001,0,0,0
140951387,SIS / Monm (F/C) 6th Mar,Forecast,06-03-2018 16:58,17002690,5 - 3,0,,1,1,1,1001,1,1001,0,0,0
140951343,TRP / Sund (F/C) 6th Mar,Forecast,06-03-2018 17:07,17002691,5 - 4,0,,1,1,1,1001,1,1001,0,0,0
140951296,RPGTV / Sheff (F/C) 6th Mar,Forecast,06-03-2018 19:42,17002693,6 - 1,0,,1,1,1,1001,1,1001,0,0,0
140950456,TRP / Kinsl (F/C) 6th Mar,Forecast,06-03-2018 12:12,17002693,6 - 1,0,,1,1,1,1001,1,1001,0,0,0
140951347,TRP / Sund (F/C) 6th Mar,Forecast,06-03-2018 18:11,17002693,6 - 1,1,,1,1,1,1001,1,1001,0,0,0
140953561,SIS / Crayfd (F/C) 6th Mar,Forecast,06-03-2018 20:58,17002694,6 - 2,0,,1,1,1,1001,1,1001,0,0,0
140951300,RPGTV / Sheff (F/C) 6th Mar,Forecast,06-03-2018 20:43,17002695,6 - 3,0,,1,1,1,1001,1,1001,0,0,0
140953337,SIS / Henl (F/C) 6th Mar,Forecast,06-03-2018 18:44,17002695,6 - 3,0,,1,1,1,1001,1,1001,0,0,0
140950414,SIS / Hove (F/C) 6th Mar,Forecast,06-03-2018 15:29,17002695,6 - 3,0,,1,1,1,1001,1,1001,0,0,0
140951386,SIS / Monm (F/C) 6th Mar,Forecast,06-03-2018 16:39,17002695,6 - 3,0,,1,1,1,1001,1,1001,0,0,0
140954333,RPGTV / Poole (F/C) 6th Mar,Forecast,06-03-2018 19:06,17002695,6 - 3,0,,1,1,1,1001,1,1001,0,0,0
140951390,SIS / Monm (F/C) 6th Mar,Forecast,06-03-2018 17:54,17002696,6 - 4,0,,1,1,1,1001,1,1001,0,0,0
140951384,SIS / Monm (F/C) 6th Mar,Forecast,06-03-2018 15:59,17002696,6 - 4,0,,1,1,1,1001,1,1001,0,0,0
140953336,SIS / Henl (F/C) 6th Mar,Forecast,06-03-2018 18:27,17002697,6 - 5,0,,1,1,1,1001,1,1001,0,0,0
140952871,SIS / Crayfd (F/C) 6th Mar,Forecast,06-03-2018 13:49,17002697,6 - 5,0,,1,1,1,1001,1,1001,0,0,0
140951340,TRP / Sund (F/C) 6th Mar,Forecast,06-03-2018 16:08,17002568,1 - 2,1,,1,1,1,1001,1,1001,0,0,0
140951999,SIS / CPark (F/C) 6th Mar,Forecast,06-03-2018 12:39,17002568,1 - 2,0,,1,1,1,1001,1,1001,0,0,0
140953010,SIS / Henl 6th Mar,A6 460m,06-03-2018 19:02,17144953,5. Blackrose Gabi,0,7.475813904,1,1,1,1001,1,1001,0,0,0
140941319,AUS / Geel (AUS) 6th Mar,R1 400m Mdn,06-03-2018 04:49,17508316,10. Murrabit Benny,0,42,1,33.7267996530789245446660884648742411102,1,1001,1,1001,23.06,0,0
140941321,AUS / Geel (AUS) 6th Mar,R2 400m Mdn,06-03-2018 05:08,17508319,3. Mias Toy,0,16.91436338460073,1,10.2783328707558516051438615968174669257,1,1001,1,1001,216.18,0,0
140941359,AUS / Cran (AUS) 6th Mar,R12 311m Gr5,06-03-2018 11:34,17508497,4. Tallinn Power,0,8.565157168172302,1,1,1,1001,1,1001,0,0,0
140941361,AUS / Mand (AUS) 6th Mar,R1 405m Final,06-03-2018 10:02,9370342,7. Oakland Raider,0,15.559159877393391,1,11.4854046081923419412288512911843276937,1,1001,1,1001,718.72,0,0
140941308,AUS / Gawl (AUS) 6th Mar,R10 400m Gr5,06-03-2018 04:17,10630462,2. Bogan At Heart,0,16,1,13.753181137724550898203592814371257485,1,1001,1,1001,53.44,0,0
140941243,AUS / Warr (AUS) 6th Mar,R6 450m Gr5,06-03-2018 05:39,10756662,3. Cool Boots,0,10.5,1,8.50064524986271279516749038989566172433,1,1001,1,1001,145.68,0,0
140941241,AUS / Warr (AUS) 6th Mar,R5 450m Gr5,06-03-2018 05:19,11451479,2. Bella Express,0,14,1,12.6089399120664386907669760625305324866,1,1001,1,1001,941.62,0,0
140951319,TRP / Sund 6th Mar,A5 450m,06-03-2018 16:27,11448494,6. Final Grundy,0,5.500814799,1,1,1,1001,1,1001,0,0,0
140951904,SIS / CPark 6th Mar,HC 480m,06-03-2018 13:22,11671902,2. Rhaegal,0,3.473791167797317,1,1,1,1001,1,1001,0,0,0
140941187,AUS / Devn (AUS) 6th Mar,R11 452m Gr5,06-03-2018 05:02,11894911,5. Marteeny,0,6.6,1,5.6298870475719350317421056970896199192,1,1001,1,1001,485.16,0,0
140941231,AUS / Warr (AUS) 6th Mar,R2 390m Rest,06-03-2018 04:14,12280462,5. Sandy Lagoon,0,40,1,32.3553178847296494355317884729649435532,1,1001,1,1001,33.66,0,0
140950425,TRP / Kinsl 6th Mar,D2 268m,06-03-2018 11:11,12977452,6. Scarty Sunoco,0,7.6,1,1,1,1001,1,1001,0,0,0
140953024,SIS / Henl 6th Mar,A3 460m,06-03-2018 20:53,13323900,4. Boleys Babe,0,5.9,1,1,1,1001,1,1001,0,0,0
140941296,AUS / Gawl (AUS) 6th Mar,R4 400m Gr6,06-03-2018 02:12,13828235,6. Woodside King,0,60,1,32.7884244372990353697749196141479099679,1,1001,1,1001,31.1,0,0
140941177,AUS / Devn (AUS) 6th Mar,R8 452m Gr5,06-03-2018 04:09,14265373,7. Perfect Nature,0,16,1,10.836575875486381322957198443579766537,1,1001,1,1001,390.64,0,0
140941247,AUS / Warr (AUS) 6th Mar,R7 450m Gr6,06-03-2018 05:57,14380229,3. Lektra Elsa,0,12.6045141765842,1,10.2824648123324396782841823056300268097,1,1001,1,1001,238.72,0,0
140941215,AUS / Mait (AUS) 6th Mar,R10 400m Gr5,06-03-2018 10:58,14623111,7. Super Beast,0,276.50560165189205,1,151.744318181818181818181818181818181818,1,1001,1,1001,24.64,0,0
140951908,SIS / CPark 6th Mar,A2 480m,06-03-2018 13:57,15275471,5. Insane Voice,0,4.185064381,1,1,1,1001,1,1001,0,0,0
140953438,SIS / Crayfd 6th Mar,A7 380m,06-03-2018 19:07,15493836,3. Pure Pal,0,4.3,1,1,1,1001,1,1001,0,0,0
140941377,AUS / Mand (AUS) 6th Mar,R9 405m Nvce,06-03-2018 12:45,16157275,8. Triple Crown Blu,0,13.5,1,1,1,1001,1,1001,0,0,0
140952000,SIS / CPark (F/C) 6th Mar,Forecast,06-03-2018 12:54,17002741,5 - 6,0,,1,1,1,1001,1,1001,0,0,0
140950455,TRP / Kinsl (F/C) 6th Mar,Forecast,06-03-2018 11:57,17002741,5 - 6,0,,1,1,1,1001,1,1001,0,0,0
140951994,SIS / CPark (F/C) 6th Mar,Forecast,06-03-2018 11:24,17002741,5 - 6,0,,1,1,1,1001,1,1001,0,0,0
140951382,SIS / Monm (F/C) 6th Mar,Forecast,06-03-2018 15:19,17002741,5 - 6,0,,1,1,1,1001,1,1001,0,0,0
140953562,SIS / Crayfd (F/C) 6th Mar,Forecast,06-03-2018 21:16,17002741,5 - 6,0,,1,1,1,1001,1,1001,0,0,0
140951351,SIS / Monm 6th Mar,A4 480m,06-03-2018 14:22,17085522,2. Barrack Ivy,0,11,1,1,1,1001,1,1001,0,0,0
140951378,SIS / Monm (F/C) 6th Mar,Forecast,06-03-2018 14:06,17002630,1 - 3,0,,1,1,1,1001,1,1001,0,0,0
140950455,TRP / Kinsl (F/C) 6th Mar,Forecast,06-03-2018 11:57,17002630,1 - 3,0,,1,1,1,1001,1,1001,0,0,0
140951299,RPGTV / Sheff (F/C) 6th Mar,Forecast,06-03-2018 20:28,17002630,1 - 3,0,,1,1,1,1001,1,1001,0,0,0
140951389,SIS / Monm (F/C) 6th Mar,Forecast,06-03-2018 17:37,17002630,1 - 3,0,,1,1,1,1001,1,1001,0,0,0
140951338,TRP / Sund (F/C) 6th Mar,Forecast,06-03-2018 15:28,17002631,1 - 4,0,,1,1,1,1001,1,1001,0,0,0
140951386,SIS / Monm (F/C) 6th Mar,Forecast,06-03-2018 16:39,17002631,1 - 4,1,,1,1,1,1001,1,1001,0,0,0
140950410,SIS / Hove (F/C) 6th Mar,Forecast,06-03-2018 14:12,17002631,1 - 4,0,,1,1,1,1001,1,1001,0,0,0
140952002,SIS / CPark (F/C) 6th Mar,Forecast,06-03-2018 13:22,17002631,1 - 4,0,,1,1,1,1001,1,1001,0,0,0
140953552,SIS / Crayfd (F/C) 6th Mar,Forecast,06-03-2018 18:33,17002632,1 - 6,0,,1,1,1,1001,1,1001,0,0,0
140950463,TRP / Kinsl (F/C) 6th Mar,Forecast,06-03-2018 13:58,17002632,1 - 6,0,,1,1,1,1001,1,1001,0,0,0
140953560,SIS / Crayfd (F/C) 6th Mar,Forecast,06-03-2018 20:42,17002633,2 - 1,0,,1,1,1,1001,1,1001,0,0,0
140951343,TRP / Sund (F/C) 6th Mar,Forecast,06-03-2018 17:07,17002633,2 - 1,0,,1,1,1,1001,1,1001,0,0,0
140952004,SIS / CPark (F/C) 6th Mar,Forecast,06-03-2018 13:57,17002633,2 - 1,0,,1,1,1,1001,1,1001,0,0,0
140950204,TRP / Nott (F/C) 6th Mar,Forecast,06-03-2018 13:33,17002635,2 - 3,0,,1,1,1,1001,1,1001,0,0,0
140951391,SIS / Monm (F/C) 6th Mar,Forecast,06-03-2018 18:09,17002635,2 - 3,0,,1,1,1,1001,1,1001,0,0,0
140952870,SIS / Crayfd (F/C) 6th Mar,Forecast,06-03-2018 13:31,17002635,2 - 3,0,,1,1,1,1001,1,1001,0,0,0
140952862,SIS / Crayfd (F/C) 6th Mar,Forecast,06-03-2018 11:31,17002636,2 - 4,0,,1,1,1,1001,1,1001,0,0,0
140951388,SIS / Monm (F/C) 6th Mar,Forecast,06-03-2018 17:18,17002636,2 - 4,0,,1,1,1,1001,1,1001,0,0,0
140950411,SIS / Hove (F/C) 6th Mar,Forecast,06-03-2018 14:32,17002636,2 - 4,0,,1,1,1,1001,1,1001,0,0,0
140950412,SIS / Hove (F/C) 6th Mar,Forecast,06-03-2018 14:52,17002674,3 - 1,0,,1,1,1,1001,1,1001,0,0,0
140953564,SIS / Crayfd (F/C) 6th Mar,Forecast,06-03-2018 21:45,17002674,3 - 1,0,,1,1,1,1001,1,1001,0,0,0
140952862,SIS / Crayfd (F/C) 6th Mar,Forecast,06-03-2018 11:31,17002675,3 - 2,0,,1,1,1,1001,1,1001,0,0,0
140950452,TRP / Kinsl (F/C) 6th Mar,Forecast,06-03-2018 11:11,17002675,3 - 2,0,,1,1,1,1001,1,1001,0,0,0
140951294,RPGTV / Sheff (F/C) 6th Mar,Forecast,06-03-2018 19:11,17002677,3 - 4,0,,1,1,1,1001,1,1001,0,0,0
140951294,RPGTV / Sheff (F/C) 6th Mar,Forecast,06-03-2018 19:11,17002679,3 - 6,0,,1,1,1,1001,1,1001,0,0,0
140953346,SIS / Henl (F/C) 6th Mar,Forecast,06-03-2018 21:08,17002680,4 - 1,0,,1,1,1,1001,1,1001,0,0,0
140950418,SIS / Hove (F/C) 6th Mar,Forecast,06-03-2018 16:48,17002680,4 - 1,0,,1,1,1,1001,1,1001,0,0,0
140951343,TRP / Sund (F/C) 6th Mar,Forecast,06-03-2018 17:07,17002680,4 - 1,0,,1,1,1,1001,1,1001,0,0,0
140952004,SIS / CPark (F/C) 6th Mar,Forecast,06-03-2018 13:57,17002680,4 - 1,0,,1,1,1,1001,1,1001,0,0,0
140952868,SIS / Crayfd (F/C) 6th Mar,Forecast,06-03-2018 13:01,17002684,4 - 3,0,,1,1,1,1001,1,1001,0,0,0
140953340,SIS / Henl (F/C) 6th Mar,Forecast,06-03-2018 19:33,17002686,4 - 5,0,,1,1,1,1001,1,1001,0,0,0
140950417,SIS / Hove (F/C) 6th Mar,Forecast,06-03-2018 16:29,17002686,4 - 5,0,,1,1,1,1001,1,1001,0,0,0
140951999,SIS / CPark (F/C) 6th Mar,Forecast,06-03-2018 12:39,17002686,4 - 5,0,,1,1,1,1001,1,1001,0,0,0
140954333,RPGTV / Poole (F/C) 6th Mar,Forecast,06-03-2018 19:06,17002686,4 - 5,0,,1,1,1,1001,1,1001,0,0,0
140953553,SIS / Crayfd (F/C) 6th Mar,Forecast,06-03-2018 18:49,17002686,4 - 5,0,,1,1,1,1001,1,1001,0,0,0
140954331,RPGTV / Poole (F/C) 6th Mar,Forecast,06-03-2018 18:28,17002688,5 - 1,0,,1,1,1,1001,1,1001,0,0,0
140950420,SIS / Hove (F/C) 6th Mar,Forecast,06-03-2018 17:28,17002688,5 - 1,0,,1,1,1,1001,1,1001,0,0,0
140950419,SIS / Hove (F/C) 6th Mar,Forecast,06-03-2018 17:08,17002688,5 - 1,0,,1,1,1,1001,1,1001,0,0,0
140953557,SIS / Crayfd (F/C) 6th Mar,Forecast,06-03-2018 19:54,17002688,5 - 1,0,,1,1,1,1001,1,1001,0,0,0
140950456,TRP / Kinsl (F/C) 6th Mar,Forecast,06-03-2018 12:12,17002689,5 - 2,0,,1,1,1,1001,1,1001,0,0,0
140951293,RPGTV / Sheff (F/C) 6th Mar,Forecast,06-03-2018 18:56,17002689,5 - 2,0,,1,1,1,1001,1,1001,0,0,0
140950454,TRP / Kinsl (F/C) 6th Mar,Forecast,06-03-2018 11:42,17002690,5 - 3,0,,1,1,1,1001,1,1001,0,0,0
140952866,SIS / Crayfd (F/C) 6th Mar,Forecast,06-03-2018 12:31,17002691,5 - 4,0,,1,1,1,1001,1,1001,0,0,0
140950453,TRP / Kinsl (F/C) 6th Mar,Forecast,06-03-2018 11:28,17002695,6 - 3,0,,1,1,1,1001,1,1001,0,0,0
140953558,SIS / Crayfd (F/C) 6th Mar,Forecast,06-03-2018 20:11,17002696,6 - 4,0,,1,1,1,1001,1,1001,0,0,0
140951301,RPGTV / Sheff (F/C) 6th Mar,Forecast,06-03-2018 20:58,17002696,6 - 4,0,,1,1,1,1001,1,1001,0,0,0
140950413,SIS / Hove (F/C) 6th Mar,Forecast,06-03-2018 15:11,17002696,6 - 4,0,,1,1,1,1001,1,1001,0,0,0
140951386,SIS / Monm (F/C) 6th Mar,Forecast,06-03-2018 16:39,17002697,6 - 5,0,,1,1,1,1001,1,1001,0,0,0
140951391,SIS / Monm (F/C) 6th Mar,Forecast,06-03-2018 18:09,17002697,6 - 5,0,,1,1,1,1001,1,1001,0,0,0
140950411,SIS / Hove (F/C) 6th Mar,Forecast,06-03-2018 14:32,17002697,6 - 5,0,,1,1,1,1001,1,1001,0,0,0
140952002,SIS / CPark (F/C) 6th Mar,Forecast,06-03-2018 13:22,17002697,6 - 5,0,,1,1,1,1001,1,1001,0,0,0
140950204,TRP / Nott (F/C) 6th Mar,Forecast,06-03-2018 13:33,17002568,1 - 2,0,,1,1,1,1001,1,1001,0,0,0
140950413,SIS / Hove (F/C) 6th Mar,Forecast,06-03-2018 15:11,17002568,1 - 2,0,,1,1,1,1001,1,1001,0,0,0
140950420,SIS / Hove (F/C) 6th Mar,Forecast,06-03-2018 17:28,17002568,1 - 2,0,,1,1,1,1001,1,1001,0,0,0
140941275,NZL / AsPk (NZL) 6th Mar,R8 457m C1/2,06-03-2018 01:10,17507829,7. Opawa Purdie,1,,1,2.5264401064773735581188997338065661047,1,1001,1,1001,225.4,0,0
140941397,NZL / Addi (NZL) 6th mar,R8 295m C1,06-03-2018 03:24,17508055,6. Jitterbug Jewel,1,,1,4.93282236248872858431018935978358881876,1,1001,1,1001,66.54,0,0
140951351,SIS / Monm 6th Mar,A4 480m,06-03-2018 14:22,17503058,3. Stalowa Sylwia,0,4.4,1,1,1,1001,1,1001,0,0,0
140941349,AUS / Geel (AUS) 6th Mar,R12 400m Mdn,06-03-2018 08:35,17508436,8. Angels Halo,0,2.941039352804059,1,2.75335939258519124453057661584746553646,1,1001,1,1001,3642.98,0,0
140941327,AUS / Geel (AUS) 6th Mar,R5 460m Mdn,06-03-2018 06:14,17426174,2. Miss Cotton Sox,0,23.565335524391845,1,18.5185917721518987341772151898734177215,1,1001,1,1001,252.8,0,0
140941167,AUS / Devn (AUS) 6th Mar,R5 580m Gr5,06-03-2018 03:04,17508185,6. Frecklenator,0,221.206812806,1,117.87336683417085427135678391959798995,1,1001,1,1001,19.9,0,0
140941227,AUS / Lism (AUS) 6th Mar,R5 520m Gr4/5,06-03-2018 09:05,17508600,7. Barcia Jeanes,1,3.698432342384618,1,3.27613175032118017100075311212510521419,1,1001,1,1001,4514.6,0,0
140954334,RPGTV / Poole (F/C) 6th Mar,Forecast,06-03-2018 19:22,6953192,1 - 5,0,,1,1,1,1001,1,1001,0,0,0
140951337,TRP / Sund (F/C) 6th Mar,Forecast,06-03-2018 15:07,6953192,1 - 5,0,,1,1,1,1001,1,1001,0,0,0
140941361,AUS / Mand (AUS) 6th Mar,R1 405m Final,06-03-2018 10:02,8780197,1. Collision Bolt,0,3.574042033235237,1,2.34314744826035441549119150371453034326,1,1001,1,1001,4625.08,0,0
140941361,AUS / Mand (AUS) 6th Mar,R1 405m Final,06-03-2018 10:02,9116420,4. Son Of Caesar,0,11.932989381880038,1,11.2950263486717009833215624490682892378,1,1001,1,1001,736.28,0,0
140941375,AUS / Mand (AUS) 6th Mar,R8 405m Nvce,06-03-2018 12:22,9364143,4. No Added Sugar,0,22,1,1,1,1001,1,1001,0,0,0
140951319,TRP / Sund 6th Mar,A5 450m,06-03-2018 16:27,10361639,4. Coonough Lady,1,10.5,1,1,1,1001,1,1001,0,0,0
140941343,AUS / Cran (AUS) 6th Mar,R6 520m Gr5,06-03-2018 09:28,10438842,2. Magical Bling,0,21,1,12.4473793677204658901830282861896838602,1,1001,1,1001,240.4,0,0
140951900,SIS / CPark 6th Mar,A3 480m,06-03-2018 12:54,10539136,3. Lets Go Ruby,0,5.6,1,1,1,1001,1,1001,0,0,0
140951265,RPGTV / Sheff 6th Mar,OR 660m,06-03-2018 18:38,10621357,2. Slick Strauss,0,2.58,1,1,1,1001,1,1001,0,0,0
140941207,AUS / Mait (AUS) 6th Mar,R6 400m Gr5,06-03-2018 09:38,10779880,1. Brucey Marlow,0,30.986192688554283,1,16.9172550750220653133274492497793468667,1,1001,1,1001,90.64,0,0
140941273,NZL / AsPk (NZL) 6th Mar,R7 630m C2,06-03-2018 00:53,11617434,8. Opawa Racer,0,,1,3.99685686653771760154738878143133462282,1,1001,1,1001,20.68,0,0
140941237,AUS / Lism (AUS) 6th Mar,R8 420m Gr5,06-03-2018 10:05,12586204,7. Cuddley Dudley,0,36.334976453,1,9.033565968760385510136257892987703556,1,1001,1,1001,60.18,0,0
140950172,TRP / Nott 6th Mar,A3 500m,06-03-2018 12:47,12977359,3. Creevy Wonder,0,5.5,1,1,1,1001,1,1001,0,0,0
140941357,AUS / Cran (AUS) 6th Mar,R11 311m Gr5,06-03-2018 11:09,12885969,6. Why Not Cory,0,13.600202383,1,1,1,1001,1,1001,0,0,0
140941257,AUS / Warr (AUS) 6th Mar,R11 450m Gr5,06-03-2018 07:22,13019347,6. Folding Green,0,7.90592465864669,1,6.19035186721991701244813278008298755187,1,1001,1,1001,1205,0,0
140950383,SIS / Hove 6th Mar,D1 285m,06-03-2018 16:48,13148363,6. Mineola Duke,0,10.916921722404659,1,1,1,1001,1,1001,0,0,0
140941223,AUS / Lism (AUS) 6th Mar,R3 420m Gr5,06-03-2018 08:25,13122058,2. Dab Livy Dab,0,58.09088386313677,1,28.8170704097803939325333937061353860086,1,1001,1,1001,88.34,0,0
140941227,AUS / Lism (AUS) 6th Mar,R5 520m Gr4/5,06-03-2018 09:05,13369852,3. Plane Spotter,0,7,1,6.73499004467348202185152341593186875701,1,1001,1,1001,2390.68,0,0
140941047,AUS / Town (AUS) 6th Mar,R4 380m Heat,06-03-2018 09:55,13687753,5. Good People,0,15.5,1,16.5338347808105872622001654259718775848,1,1001,1,1001,386.88,0,0
140999801,Match Bets / Poole (AvB) 6th Mar,Lavender Blue v Fromtheretohere,06-03-2018 18:28,14519137,1. Lavender Blue,1,,1,1,1,1001,1,1001,0,0,0
140941389,NZL / Addi (NZL) 6th mar,R4 295m C1,06-03-2018 02:09,14597915,8. Feral Whanau,0,,1,14.6603375527426160337552742616033755274,1,1001,1,1001,9.48,0,0
140951908,SIS / CPark 6th Mar,A2 480m,06-03-2018 13:57,15346884,3. View The Cake,0,4.181311190224951,1,1,1,1001,1,1001,0,0,0
140941391,NZL / Addi (NZL) 6th mar,R5 520m C0,06-03-2018 02:24,15722541,8. Wheres Snoopy,0,,1,31.3881499395405078597339782345828295042,1,1001,1,1001,16.54,0,0
140953670,RPGTV / Poole 6th Mar,A4 450m,06-03-2018 18:48,15960227,3. Evoden Junior,1,11.026862851670012,1,1,1,1001,1,1001,0,0,0
140953688,RPGTV / Poole 6th Mar,A7 450m,06-03-2018 21:07,16066498,5. Glenmare Sonic,1,4.1,1,1,1,1001,1,1001,0,0,0
140941379,AUS / Mand (AUS) 6th Mar,R10 490m Gr4/5,06-03-2018 13:02,16582055,4. Shes Roxzann,0,18.969997164668747,1,1,1,1001,1,1001,0,0,0
140941298,AUS / Gawl (AUS) 6th Mar,R5 400m Gr6,06-03-2018 02:39,17295901,8. Victa Kylie,0,4.4,1,4.05015629458199917572837079542212218242,1,1001,1,1001,1892.58,0,0
140953554,SIS / Crayfd (F/C) 6th Mar,Forecast,06-03-2018 19:07,17002741,5 - 6,0,,1,1,1,1001,1,1001,0,0,0
140953341,SIS / Henl (F/C) 6th Mar,Forecast,06-03-2018 19:49,17002741,5 - 6,0,,1,1,1,1001,1,1001,0,0,0
140951301,RPGTV / Sheff (F/C) 6th Mar,Forecast,06-03-2018 20:58,17002630,1 - 3,0,,1,1,1,1001,1,1001,0,0,0
140951303,RPGTV / Sheff (F/C) 6th Mar,Forecast,06-03-2018 21:32,17002630,1 - 3,0,,1,1,1,1001,1,1001,0,0,0
140953347,SIS / Henl (F/C) 6th Mar,Forecast,06-03-2018 21:26,17002630,1 - 3,0,,1,1,1,1001,1,1001,0,0,0
140951994,SIS / CPark (F/C) 6th Mar,Forecast,06-03-2018 11:24,17002631,1 - 4,0,,1,1,1,1001,1,1001,0,0,0
140953558,SIS / Crayfd (F/C) 6th Mar,Forecast,06-03-2018 20:11,17002632,1 - 6,1,,1,1,1,1001,1,1001,0,0,0
140950417,SIS / Hove (F/C) 6th Mar,Forecast,06-03-2018 16:29,17002632,1 - 6,0,,1,1,1,1001,1,1001,0,0,0
140950410,SIS / Hove (F/C) 6th Mar,Forecast,06-03-2018 14:12,17002632,1 - 6,0,,1,1,1,1001,1,1001,0,0,0
140952000,SIS / CPark (F/C) 6th Mar,Forecast,06-03-2018 12:54,17002633,2 - 1,0,,1,1,1,1001,1,1001,0,0,0
140954339,RPGTV / Poole (F/C) 6th Mar,Forecast,06-03-2018 20:37,17002633,2 - 1,0,,1,1,1,1001,1,1001,0,0,0
140951997,SIS / CPark (F/C) 6th Mar,Forecast,06-03-2018 12:09,17002635,2 - 3,0,,1,1,1,1001,1,1001,0,0,0
140952000,SIS / CPark (F/C) 6th Mar,Forecast,06-03-2018 12:54,17002636,2 - 4,0,,1,1,1,1001,1,1001,0,0,0
140950420,SIS / Hove (F/C) 6th Mar,Forecast,06-03-2018 17:28,17002637,2 - 5,0,,1,1,1,1001,1,1001,0,0,0
140951380,SIS / Monm (F/C) 6th Mar,Forecast,06-03-2018 14:42,17002639,2 - 6,0,,1,1,1,1001,1,1001,0,0,0
140953345,SIS / Henl (F/C) 6th Mar,Forecast,06-03-2018 20:53,17002639,2 - 6,0,,1,1,1,1001,1,1001,0,0,0
140950202,TRP / Nott (F/C) 6th Mar,Forecast,06-03-2018 13:04,17002639,2 - 6,0,,1,1,1,1001,1,1001,0,0,0
140951292,RPGTV / Sheff (F/C) 6th Mar,Forecast,06-03-2018 18:38,17002674,3 - 1,0,,1,1,1,1001,1,1001,0,0,0
140952869,SIS / Crayfd (F/C) 6th Mar,Forecast,06-03-2018 13:16,17002674,3 - 1,1,,1,1,1,1001,1,1001,0,0,0
140951304,RPGTV / Sheff (F/C) 6th Mar,Forecast,06-03-2018 21:50,17002675,3 - 2,0,,1,1,1,1001,1,1001,0,0,0
140951347,TRP / Sund (F/C) 6th Mar,Forecast,06-03-2018 18:11,17002675,3 - 2,0,,1,1,1,1001,1,1001,0,0,0
140953336,SIS / Henl (F/C) 6th Mar,Forecast,06-03-2018 18:27,17002678,3 - 5,0,,1,1,1,1001,1,1001,0,0,0
140950200,TRP / Nott (F/C) 6th Mar,Forecast,06-03-2018 12:32,17002678,3 - 5,0,,1,1,1,1001,1,1001,0,0,0
140950459,TRP / Kinsl (F/C) 6th Mar,Forecast,06-03-2018 12:58,17002678,3 - 5,0,,1,1,1,1001,1,1001,0,0,0
140951299,RPGTV / Sheff (F/C) 6th Mar,Forecast,06-03-2018 20:28,17002679,3 - 6,0,,1,1,1,1001,1,1001,0,0,0
140951391,SIS / Monm (F/C) 6th Mar,Forecast,06-03-2018 18:09,17002679,3 - 6,0,,1,1,1,1001,1,1001,0,0,0
140953336,SIS / Henl (F/C) 6th Mar,Forecast,06-03-2018 18:27,17002680,4 - 1,1,,1,1,1,1001,1,1001,0,0,0
140953339,SIS / Henl (F/C) 6th Mar,Forecast,06-03-2018 19:17,17002683,4 - 2,0,,1,1,1,1001,1,1001,0,0,0
140951337,TRP / Sund (F/C) 6th Mar,Forecast,06-03-2018 15:07,17002683,4 - 2,0,,1,1,1,1001,1,1001,0,0,0
140951303,RPGTV / Sheff (F/C) 6th Mar,Forecast,06-03-2018 21:32,17002683,4 - 2,0,,1,1,1,1001,1,1001,0,0,0
140953346,SIS / Henl (F/C) 6th Mar,Forecast,06-03-2018 21:08,17002684,4 - 3,0,,1,1,1,1001,1,1001,0,0,0
140951347,TRP / Sund (F/C) 6th Mar,Forecast,06-03-2018 18:11,17002684,4 - 3,0,,1,1,1,1001,1,1001,0,0,0
140950415,SIS / Hove (F/C) 6th Mar,Forecast,06-03-2018 15:49,17002686,4 - 5,0,,1,1,1,1001,1,1001,0,0,0
140951380,SIS / Monm (F/C) 6th Mar,Forecast,06-03-2018 14:42,17002687,4 - 6,0,,1,1,1,1001,1,1001,0,0,0
140950205,TRP / Nott (F/C) 6th Mar,Forecast,06-03-2018 13:51,17002687,4 - 6,0,,1,1,1,1001,1,1001,0,0,0
140952002,SIS / CPark (F/C) 6th Mar,Forecast,06-03-2018 13:22,17002688,5 - 1,0,,1,1,1,1001,1,1001,0,0,0
140952862,SIS / Crayfd (F/C) 6th Mar,Forecast,06-03-2018 11:31,17002689,5 - 2,0,,1,1,1,1001,1,1001,0,0,0
140951384,SIS / Monm (F/C) 6th Mar,Forecast,06-03-2018 15:59,17002689,5 - 2,0,,1,1,1,1001,1,1001,0,0,0
140950412,SIS / Hove (F/C) 6th Mar,Forecast,06-03-2018 14:52,17002690,5 - 3,0,,1,1,1,1001,1,1001,0,0,0
140952862,SIS / Crayfd (F/C) 6th Mar,Forecast,06-03-2018 11:31,17002691,5 - 4,0,,1,1,1,1001,1,1001,0,0,0
140951389,SIS / Monm (F/C) 6th Mar,Forecast,06-03-2018 17:37,17002691,5 - 4,0,,1,1,1,1001,1,1001,0,0,0
140952862,SIS / Crayfd (F/C) 6th Mar,Forecast,06-03-2018 11:31,17002694,6 - 2,0,,1,1,1,1001,1,1001,0,0,0
140953346,SIS / Henl (F/C) 6th Mar,Forecast,06-03-2018 21:08,17002696,6 - 4,0,,1,1,1,1001,1,1001,0,0,0
140953563,SIS / Crayfd (F/C) 6th Mar,Forecast,06-03-2018 21:30,17002696,6 - 4,0,,1,1,1,1001,1,1001,0,0,0
140951389,SIS / Monm (F/C) 6th Mar,Forecast,06-03-2018 17:37,17002696,6 - 4,0,,1,1,1,1001,1,1001,0,0,0
140951294,RPGTV / Sheff (F/C) 6th Mar,Forecast,06-03-2018 19:11,17002568,1 - 2,0,,1,1,1,1001,1,1001,0,0,0
140941197,AUS / Mait (AUS) 6th Mar,R1 400m Heat,06-03-2018 08:00,17508692,5. Swift Oshea,0,2.544056541329483,1,2.31900503525826464034278709278279648735,1,1001,1,1001,6982.76,0,0
140964309,NZL / Hatr (NZL) 7th Mar,R2 520m C0,06-03-2018 23:33,17524430,2. Bigtime Bridget,0,,1,1,1,1001,1,1001,0,0,0
140951357,SIS / Monm 6th Mar,A7 480m,06-03-2018 15:19,17503079,6. Blokade Knight,1,4.8,1,1,1,1001,1,1001,0,0,0
140951373,SIS / Monm 6th Mar,A3 480m,06-03-2018 17:54,17503125,4. Millbank Batman,0,3.714443638,1,1,1,1001,1,1001,0,0,0
140941316,AUS / Cran (AUS) 6th Mar,R3 311m Heat,06-03-2018 08:28,17508464,5. In Orbit,0,5.183881409414536,1,3.83147056656597657113386870993884918588,1,1001,1,1001,542.92,0,0
140951277,RPGTV / Sheff 6th Mar,OR 280m,06-03-2018 20:13,17502762,5. Geelo Star,0,30,1,1,1,1001,1,1001,0,0,0
140941163,AUS / Devn (AUS) 6th Mar,R4 580m Gr5,06-03-2018 02:47,17508184,3. Above Time,0,4.5,1,3.98300991765572249691567601687053490307,1,1001,1,1001,2091.22,0,0
140951896,SIS / CPark 6th Mar,A3 480m,06-03-2018 12:24,4141061,2. Black Trend,0,8.2,1,1,1,1001,1,1001,0,0,0
140953552,SIS / Crayfd (F/C) 6th Mar,Forecast,06-03-2018 18:33,6953192,1 - 5,0,,1,1,1,1001,1,1001,0,0,0
140951339,TRP / Sund (F/C) 6th Mar,Forecast,06-03-2018 15:48,6953192,1 - 5,0,,1,1,1,1001,1,1001,0,0,0
140952561,SIS / Crayfd 6th Mar,A7 380m,06-03-2018 12:01,10794681,1. Inslips Icon,0,5.925344288374521,1,1,1,1001,1,1001,0,0,0
140953436,SIS / Crayfd 6th Mar,S5 540m,06-03-2018 18:49,11158685,4. Kelva Keegan,0,8.799916608425267,1,1,1,1001,1,1001,0,0,0
140941395,NZL / Addi (NZL) 6th mar,R7 520m C1,06-03-2018 03:07,11668866,2. Know Leave,0,,1,8.0387983091787439613526570048309178744,1,1001,1,1001,264.96,0,0
140950447,TRP / Kinsl 6th Mar,A5 462m,06-03-2018 13:58,11907049,2. Angelito,1,8,1,1,1,1001,1,1001,0,0,0
140953680,RPGTV / Poole 6th Mar,A1 450m,06-03-2018 20:07,12274711,6. Clover Bob,1,3.174439346178697,1,1,1,1001,1,1001,0,0,0
140941300,AUS / Gawl (AUS) 6th Mar,R6 400m Gr4/5,06-03-2018 02:56,12351367,2. Strauss,0,6.18969890161442,1,5.56433156861168850557552510996015021188,1,1001,1,1001,1741.54,0,0
140950377,SIS / Hove 6th Mar,A6 515m,06-03-2018 15:49,12872964,4. Guinness Echo,0,4.061614785442942,1,1,1,1001,1,1001,0,0,0
140952575,SIS / Crayfd 6th Mar,S4 540m,06-03-2018 13:49,12988701,6. Piercali Blaze,0,6.091187375741937,1,1,1,1001,1,1001,0,0,0
140951359,SIS / Monm 6th Mar,A5 480m,06-03-2018 15:39,12970183,3. Kahuna Paula,0,4.268578563743503,1,1,1,1001,1,1001,0,0,0
140941207,AUS / Mait (AUS) 6th Mar,R6 400m Gr5,06-03-2018 09:38,12917377,4. Gillieston Marlo,0,10.294599964494624,1,8.87105348940583790191139428063416802489,1,1001,1,1001,674.9,0,0
140941323,AUS / Geel (AUS) 6th Mar,R3 460m Mdn,06-03-2018 05:32,13178307,3. Blue Berty,0,24,1,16.4633056796426292278238672622846202936,1,1001,1,1001,94.02,0,0
140941285,AUS / Warr (AUS) 6th Mar,R8 450m Gr4/5,06-03-2018 06:22,13274858,6. My Mate Lenny,0,2.388127637561411,1,2.3774228849657003162478245264747509633,1,1001,1,1001,11813.52,0,0
140941227,AUS / Lism (AUS) 6th Mar,R5 520m Gr4/5,06-03-2018 09:05,13671544,8. Kulu Tuppence,0,16,1,14.3094752563402935347674986357239279662,1,1001,1,1001,696.34,0,0
140941171,AUS / Ipsw (AUS) 6th Mar,R4 431m Gr3/4,06-03-2018 05:47,13976679,6. Valkyrie Night,0,9.306078658555634,1,7.33528810297124984963310477565259232527,1,1001,1,1001,332.52,0,0
141000116,Match Bets / Sheff (AvB) 6th Mar,Airfield Penny v Lacken Decco,06-03-2018 19:58,14658031,6. Lacken Decco,1,,1,1,1,1001,1,1001,0,0,0
140941239,AUS / Warr (AUS) 6th Mar,R4 450m Gr7,06-03-2018 04:58,15171789,5. Vectis Campinae,0,200,1,123.421385991058122205663189269746646796,1,1001,1,1001,53.68,0,0
140941353,AUS / Cran (AUS) 6th Mar,R9 311m Heat,06-03-2018 10:28,15312834,3. Big Butterbean,0,85.10358140171036,1,36.8874139626352015732546705998033431662,1,1001,1,1001,40.68,0,0
140964311,NZL / Hatr (NZL) 7th Mar,R3 305m Final,06-03-2018 23:51,15692505,7. Bright Concept,0,,1,1,1,1001,1,1001,0,0,0
140951331,TRP / Sund 6th Mar,A5 450m,06-03-2018 18:11,16667052,6. Steeple Rd John,1,3.589875768,1,1,1,1001,1,1001,0,0,0
140953452,SIS / Crayfd 6th Mar,A8 380m,06-03-2018 20:58,16292787,3. Simona,1,3.7598869141018074,1,1,1,1001,1,1001,0,0,0
140941045,AUS / Town (AUS) 6th Mar,R3 380m Nvce,06-03-2018 09:35,17090684,2. Boys Round Here,1,2.12,1,2.01127883513714263375203360829020530046,1,1001,1,1001,19952.22,0,0
140941314,AUS / Cran (AUS) 6th Mar,R2 311m Heat,06-03-2018 08:09,17080267,1. Mia Maestro,0,15.309645709593898,1,13.346507244669572387795971256920720933,1,1001,1,1001,169.78,0,0
141000109,Match Bets / Poole (AvB) 6th Mar,Ellen N Grace v Chadwell Tetra,06-03-2018 21:07,17046032,2. Chadwell Tetra,1,,1,1,1,1001,1,1001,0,0,0
140954337,RPGTV / Poole (F/C) 6th Mar,Forecast,06-03-2018 20:07,17002630,1 - 3,0,,1,1,1,1001,1,1001,0,0,0
140952860,SIS / Crayfd (F/C) 6th Mar,Forecast,06-03-2018 11:01,17002630,1 - 3,0,,1,29.4382181865070532578516288947440452964,1,1001,1,1001,27.84,0,0
140950415,SIS / Hove (F/C) 6th Mar,Forecast,06-03-2018 15:49,17002630,1 - 3,0,,1,1,1,1001,1,1001,0,0,0
140951336,TRP / Sund (F/C) 6th Mar,Forecast,06-03-2018 14:47,17002631,1 - 4,0,,1,1,1,1001,1,1001,0,0,0
140951335,TRP / Sund (F/C) 6th Mar,Forecast,06-03-2018 14:27,17002631,1 - 4,0,,1,1,1,1001,1,1001,0,0,0
140953561,SIS / Crayfd (F/C) 6th Mar,Forecast,06-03-2018 20:58,17002631,1 - 4,0,,1,1,1,1001,1,1001,0,0,0
140950459,TRP / Kinsl (F/C) 6th Mar,Forecast,06-03-2018 12:58,17002631,1 - 4,0,,1,1,1,1001,1,1001,0,0,0
140950462,TRP / Kinsl (F/C) 6th Mar,Forecast,06-03-2018 13:44,17002631,1 - 4,0,,1,1,1,1001,1,1001,0,0,0
140951387,SIS / Monm (F/C) 6th Mar,Forecast,06-03-2018 16:58,17002631,1 - 4,0,,1,1,1,1001,1,1001,0,0,0
140951994,SIS / CPark (F/C) 6th Mar,Forecast,06-03-2018 11:24,17002632,1 - 6,0,,1,1,1,1001,1,1001,0,0,0
140952865,SIS / Crayfd (F/C) 6th Mar,Forecast,06-03-2018 12:16,17002632,1 - 6,0,,1,1,1,1001,1,1001,0,0,0
140954331,RPGTV / Poole (F/C) 6th Mar,Forecast,06-03-2018 18:28,17002632,1 - 6,0,,1,1,1,1001,1,1001,0,0,0
140950423,SIS / Hove (F/C) 6th Mar,Forecast,06-03-2018 18:19,17002632,1 - 6,0,,1,1,1,1001,1,1001,0,0,0
140950417,SIS / Hove (F/C) 6th Mar,Forecast,06-03-2018 16:29,17002633,2 - 1,0,,1,1,1,1001,1,1001,0,0,0
140953344,SIS / Henl (F/C) 6th Mar,Forecast,06-03-2018 20:37,17002633,2 - 1,0,,1,1,1,1001,1,1001,0,0,0
140951998,SIS / CPark (F/C) 6th Mar,Forecast,06-03-2018 12:24,17002635,2 - 3,0,,1,1,1,1001,1,1001,0,0,0
140951993,SIS / CPark (F/C) 6th Mar,Forecast,06-03-2018 11:09,17002636,2 - 4,0,,1,1,1,1001,1,1001,0,0,0
140950459,TRP / Kinsl (F/C) 6th Mar,Forecast,06-03-2018 12:58,17002636,2 - 4,0,,1,1,1,1001,1,1001,0,0,0
140950197,TRP / Nott (F/C) 6th Mar,Forecast,06-03-2018 11:48,17002636,2 - 4,0,,1,1,1,1001,1,1001,0,0,0
140952863,SIS / Crayfd (F/C) 6th Mar,Forecast,06-03-2018 11:46,17002637,2 - 5,0,,1,1,1,1001,1,1001,0,0,0
140951304,RPGTV / Sheff (F/C) 6th Mar,Forecast,06-03-2018 21:50,17002639,2 - 6,0,,1,1,1,1001,1,1001,0,0,0
140950205,TRP / Nott (F/C) 6th Mar,Forecast,06-03-2018 13:51,17002639,2 - 6,0,,1,1,1,1001,1,1001,0,0,0
140951347,TRP / Sund (F/C) 6th Mar,Forecast,06-03-2018 18:11,17002674,3 - 1,0,,1,1,1,1001,1,1001,0,0,0
140953553,SIS / Crayfd (F/C) 6th Mar,Forecast,06-03-2018 18:49,17002674,3 - 1,0,,1,1,1,1001,1,1001,0,0,0
140950421,SIS / Hove (F/C) 6th Mar,Forecast,06-03-2018 17:44,17002675,3 - 2,0,,1,1,1,1001,1,1001,0,0,0
140950201,TRP / Nott (F/C) 6th Mar,Forecast,06-03-2018 12:47,17002677,3 - 4,0,,1,1,1,1001,1,1001,0,0,0
140954334,RPGTV / Poole (F/C) 6th Mar,Forecast,06-03-2018 19:22,17002678,3 - 5,0,,1,1,1,1001,1,1001,0,0,0
140952001,SIS / CPark (F/C) 6th Mar,Forecast,06-03-2018 13:08,17002678,3 - 5,0,,1,1,1,1001,1,1001,0,0,0
140951994,SIS / CPark (F/C) 6th Mar,Forecast,06-03-2018 11:24,17002679,3 - 6,0,,1,1,1,1001,1,1001,0,0,0
140951995,SIS / CPark (F/C) 6th Mar,Forecast,06-03-2018 11:39,17002680,4 - 1,0,,1,1,1,1001,1,1001,0,0,0
140950453,TRP / Kinsl (F/C) 6th Mar,Forecast,06-03-2018 11:28,17002680,4 - 1,0,,1,1,1,1001,1,1001,0,0,0
140951378,SIS / Monm (F/C) 6th Mar,Forecast,06-03-2018 14:06,17002683,4 - 2,0,,1,1,1,1001,1,1001,0,0,0
140951338,TRP / Sund (F/C) 6th Mar,Forecast,06-03-2018 15:28,17002684,4 - 3,0,,1,1,1,1001,1,1001,0,0,0
140952871,SIS / Crayfd (F/C) 6th Mar,Forecast,06-03-2018 13:49,17002687,4 - 6,0,,1,1,1,1001,1,1001,0,0,0
140951341,TRP / Sund (F/C) 6th Mar,Forecast,06-03-2018 16:27,17002687,4 - 6,0,,1,1,1,1001,1,1001,0,0,0
140950416,SIS / Hove (F/C) 6th Mar,Forecast,06-03-2018 16:09,17002688,5 - 1,0,,1,1,1,1001,1,1001,0,0,0
140950200,TRP / Nott (F/C) 6th Mar,Forecast,06-03-2018 12:32,17002689,5 - 2,0,,1,1,1,1001,1,1001,0,0,0
140953337,SIS / Henl (F/C) 6th Mar,Forecast,06-03-2018 18:44,17002689,5 - 2,0,,1,1,1,1001,1,1001,0,0,0
140953347,SIS / Henl (F/C) 6th Mar,Forecast,06-03-2018 21:26,17002689,5 - 2,0,,1,1,1,1001,1,1001,0,0,0
140953557,SIS / Crayfd (F/C) 6th Mar,Forecast,06-03-2018 19:54,17002689,5 - 2,0,,1,1,1,1001,1,1001,0,0,0
140953558,SIS / Crayfd (F/C) 6th Mar,Forecast,06-03-2018 20:11,17002691,5 - 4,0,,1,1,1,1001,1,1001,0,0,0
140952864,SIS / Crayfd (F/C) 6th Mar,Forecast,06-03-2018 12:01,17002691,5 - 4,0,,1,1,1,1001,1,1001,0,0,0
140950201,TRP / Nott (F/C) 6th Mar,Forecast,06-03-2018 12:47,17002691,5 - 4,1,,1,1,1,1001,1,1001,0,0,0
140950454,TRP / Kinsl (F/C) 6th Mar,Forecast,06-03-2018 11:42,17002691,5 - 4,0,,1,1,1,1001,1,1001,0,0,0
140950462,TRP / Kinsl (F/C) 6th Mar,Forecast,06-03-2018 13:44,17002691,5 - 4,0,,1,1,1,1001,1,1001,0,0,0
140953554,SIS / Crayfd (F/C) 6th Mar,Forecast,06-03-2018 19:07,17002693,6 - 1,0,,1,1,1,1001,1,1001,0,0,0
140950452,TRP / Kinsl (F/C) 6th Mar,Forecast,06-03-2018 11:11,17002693,6 - 1,0,,1,1,1,1001,1,1001,0,0,0
140951344,TRP / Sund (F/C) 6th Mar,Forecast,06-03-2018 17:22,17002693,6 - 1,0,,1,1,1,1001,1,1001,0,0,0
140951297,RPGTV / Sheff (F/C) 6th Mar,Forecast,06-03-2018 19:58,17002694,6 - 2,0,,1,1,1,1001,1,1001,0,0,0
140953555,SIS / Crayfd (F/C) 6th Mar,Forecast,06-03-2018 19:23,17002694,6 - 2,0,,1,1,1,1001,1,1001,0,0,0
140950203,TRP / Nott (F/C) 6th Mar,Forecast,06-03-2018 13:19,17002694,6 - 2,0,,1,1,1,1001,1,1001,0,0,0
140950456,TRP / Kinsl (F/C) 6th Mar,Forecast,06-03-2018 12:12,17002695,6 - 3,0,,1,1,1,1001,1,1001,0,0,0
140950202,TRP / Nott (F/C) 6th Mar,Forecast,06-03-2018 13:04,17002695,6 - 3,0,,1,1,1,1001,1,1001,0,0,0
140950459,TRP / Kinsl (F/C) 6th Mar,Forecast,06-03-2018 12:58,17002695,6 - 3,0,,1,1,1,1001,1,1001,0,0,0
140952001,SIS / CPark (F/C) 6th Mar,Forecast,06-03-2018 13:08,17002695,6 - 3,0,,1,1,1,1001,1,1001,0,0,0
140950421,SIS / Hove (F/C) 6th Mar,Forecast,06-03-2018 17:44,17002696,6 - 4,0,,1,1,1,1001,1,1001,0,0,0
140952862,SIS / Crayfd (F/C) 6th Mar,Forecast,06-03-2018 11:31,17002697,6 - 5,0,,1,1,1,1001,1,1001,0,0,0
140951293,RPGTV / Sheff (F/C) 6th Mar,Forecast,06-03-2018 18:56,17002568,1 - 2,0,,1,1,1,1001,1,1001,0,0,0
140953553,SIS / Crayfd (F/C) 6th Mar,Forecast,06-03-2018 18:49,17002568,1 - 2,0,,1,1,1,1001,1,1001,0,0,0
140951341,TRP / Sund (F/C) 6th Mar,Forecast,06-03-2018 16:27,17002568,1 - 2,0,,1,1,1,1001,1,1001,0,0,0
140953446,SIS / Crayfd 6th Mar,A7 380m,06-03-2018 20:11,17362520,5. Portmagee Aloi,0,11.137710138168188,1,1,1,1001,1,1001,0,0,0
140941327,AUS / Geel (AUS) 6th Mar,R5 460m Mdn,06-03-2018 06:14,17508331,3. Marley Moo,0,51.89607012486621,1,42.4121639258679196032367528060558600888,1,1001,1,1001,76.62,0,0
140941387,NZL / Addi (NZL) 6th mar,R3 295m C1,06-03-2018 01:50,17408600,8. Dove Love,1,,1,2.56332737030411449016100178890876565295,1,1001,1,1001,324.22,0,0
140951271,RPGTV / Sheff 6th Mar,OR 500m,06-03-2018 19:26,17405151,5. Fairhill Wendy,0,90,1,1,1,1001,1,1001,0,0,0
140953680,RPGTV / Poole 6th Mar,A1 450m,06-03-2018 20:07,17406342,3. Bandit Prince,0,18,1,1,1,1001,1,1001,0,0,0
140941159,AUS / Ipsw (AUS) 6th Mar,R1 431m Heat,06-03-2018 04:52,17508625,7. Coconut Lass,0,302.653772738,1,97.9725947521865889212827988338192419825,1,1001,1,1001,34.3,0,0
140951535,Greyhound Racing / Trap Challenge,Nott & Kinsl Trap Challenge,06-03-2018 11:03,5857,Trap 1,0,,11,10.9999985611512861652825661463933602312,1,1001,1,1001,5.56,25.44,0
140950197,TRP / Nott (F/C) 6th Mar,Forecast,06-03-2018 11:48,6953192,1 - 5,0,,1,1,1,1001,1,1001,0,0,0
140950431,TRP / Kinsl 6th Mar,HC 462m,06-03-2018 11:57,9618946,1. Springwell Scene,0,4.691660461654199,1,1,1,1001,1,1001,0,0,0
140941257,AUS / Warr (AUS) 6th Mar,R11 450m Gr5,06-03-2018 07:22,10482659,1. Winterstein,0,8.435533358199754,1,7.38815086973993914690854813709168149722,1,1001,1,1001,1045.14,0,0
140951353,SIS / Monm 6th Mar,A4 480m,06-03-2018 14:42,10611939,6. Betsy Boo Blue,0,9.6,1,1,1,1001,1,1001,0,0,0
140941359,AUS / Cran (AUS) 6th Mar,R12 311m Gr5,06-03-2018 11:34,10774634,10. Blitzen Bell,0,129.54747714285713,1,1,1,1001,1,1001,0,0,0
140941189,AUS / Ipsw (AUS) 6th Mar,R8 431m FFA,06-03-2018 07:08,10859220,4. Little Ach Cee,1,5.5,1,3.64806756915142991092358180965775902485,1,1001,1,1001,4095.36,0,0
140951327,TRP / Sund 6th Mar,A3 450m,06-03-2018 17:38,10878600,6. Ballymac Star,0,9.093052784712055,1,1,1,1001,1,1001,0,0,0
140951305,TRP / Sund 6th Mar,A2 450m,06-03-2018 14:08,10987107,1. Cairns Cilla,0,5.166088972692377,1,1,1,1001,1,1001,0,0,0
140941257,AUS / Warr (AUS) 6th Mar,R11 450m Gr5,06-03-2018 07:22,11192298,3. Ocean Bay,0,4.05546193744005,1,3.49460775591064925204930187313902036846,1,1001,1,1001,1685.94,0,0
140964309,NZL / Hatr (NZL) 7th Mar,R2 520m C0,06-03-2018 23:33,12072407,7. Bigtime Sassy,0,,1,1,1,1001,1,1001,0,0,0
140953454,SIS / Crayfd 6th Mar,A7 380m,06-03-2018 21:16,12115836,1. Forge Mist,0,15.359633044530636,1,1,1,1001,1,1001,0,0,0
140951319,TRP / Sund 6th Mar,A5 450m,06-03-2018 16:27,12081800,1. Bit View Imelda,0,8.795483003456614,1,1,1,1001,1,1001,0,0,0
140941056,AUS / Town (AUS) 6th Mar,R6 498m Gr4/5,06-03-2018 10:35,12280557,5. Burner Bant,0,37.342682832786714,1,27.0440508628519527702089009990917347866,1,1001,1,1001,220.2,0,0
140953442,SIS / Crayfd 6th Mar,A2 380m,06-03-2018 19:38,12201384,2. Mustang Swift,0,6,1,1,1,1001,1,1001,0,0,0
140950379,SIS / Hove 6th Mar,A3 515m,06-03-2018 16:09,12251730,5. Kentish Master,0,6.814801677,1,1,1,1001,1,1001,0,0,0
140941143,AUS / Town (AUS) 6th Mar,R8 498m Final,06-03-2018 11:12,12796807,1. Bimbadgen Man,1,1.62,1,1.79999918373254888509104125566250760087,1,1001,1,1001,56.06,0,0
140951363,SIS / Monm 6th Mar,A5 480m,06-03-2018 16:19,12818983,1. Oneco Floridian,0,4.258718021144304,1,1,1,1001,1,1001,0,0,0
140941169,AUS / Devn (AUS) 6th Mar,R6 452m Gr4,06-03-2018 03:22,12862953,5. Jouster,0,3.4397495065951342,1,3.24951708248809698085060403900983611129,1,1001,1,1001,5738.04,0,0
140941157,AUS / Devn (AUS) 6th Mar,R3 452m Gr5,06-03-2018 02:27,13041750,2. Its A Deal,0,3.880427492,1,3.30204280732992061725647303212404481045,1,1001,1,1001,539.16,0,0
140941223,AUS / Lism (AUS) 6th Mar,R3 420m Gr5,06-03-2018 08:25,14700281,8. Egg Shells Cloud,0,21.73285072917235,1,16.4790721498609688277476950095126591541,1,1001,1,1001,819.96,0,0
140951904,SIS / CPark 6th Mar,HC 480m,06-03-2018 13:22,15862872,3. Clounanna Tara,0,9.4,1,1,1,1001,1,1001,0,0,0
140951279,RPGTV / Sheff 6th Mar,OR 660m,06-03-2018 20:28,16004158,2. Affleck Lady,1,4,1,1,1,1001,1,1001,0,0,0
140952573,SIS / Crayfd 6th Mar,A5 380m,06-03-2018 13:31,16402991,3. Alien Sparkie,0,6.352971410308385,1,1,1,1001,1,1001,0,0,0
140941221,AUS / Lism (AUS) 6th Mar,R2 420m Gr5,06-03-2018 08:06,16527943,8. Franka,0,8.6,1,7.83929263565891472868217054263565891473,1,1001,1,1001,412.8,0,0
140953448,SIS / Crayfd 6th Mar,OR 540m,06-03-2018 20:26,16576765,4. Aunty Betty,0,10.903161393101328,1,1,1,1001,1,1001,0,0,0
140941331,AUS / Geel (AUS) 6th Mar,R7 460m Mdn,06-03-2018 06:58,16720212,7. Travellers Lady,0,67.32439550616837,1,35.4488508337088778729157278053177106805,1,1001,1,1001,88.76,0,0
140951390,SIS / Monm (F/C) 6th Mar,Forecast,06-03-2018 17:54,17002741,5 - 6,0,,1,1,1,1001,1,1001,0,0,0
140950194,TRP / Nott (F/C) 6th Mar,Forecast,06-03-2018 11:03,17002741,5 - 6,0,,1,1,1,1001,1,1001,0,0,0
140941383,NZL / Addi (NZL) 6th mar,R1 295m C0,06-03-2018 01:18,17233646,7. Parmigiano,0,,1,28.1923076923076923076923076923076923077,1,1001,1,1001,1.82,0,0
140951383,SIS / Monm (F/C) 6th Mar,Forecast,06-03-2018 15:39,17002630,1 - 3,0,,1,1,1,1001,1,1001,0,0,0
140950453,TRP / Kinsl (F/C) 6th Mar,Forecast,06-03-2018 11:28,17002631,1 - 4,0,,1,1,1,1001,1,1001,0,0,0
140951291,RPGTV / Sheff (F/C) 6th Mar,Forecast,06-03-2018 18:22,17002632,1 - 6,0,,1,1,1,1001,1,1001,0,0,0
140951391,SIS / Monm (F/C) 6th Mar,Forecast,06-03-2018 18:09,17002633,2 - 1,0,,1,1,1,1001,1,1001,0,0,0
140953557,SIS / Crayfd (F/C) 6th Mar,Forecast,06-03-2018 19:54,17002633,2 - 1,0,,1,1,1,1001,1,1001,0,0,0
140950420,SIS / Hove (F/C) 6th Mar,Forecast,06-03-2018 17:28,17002636,2 - 4,0,,1,1,1,1001,1,1001,0,0,0
140951385,SIS / Monm (F/C) 6th Mar,Forecast,06-03-2018 16:19,17002636,2 - 4,0,,1,1,1,1001,1,1001,0,0,0
140953561,SIS / Crayfd (F/C) 6th Mar,Forecast,06-03-2018 20:58,17002637,2 - 5,0,,1,1,1,1001,1,1001,0,0,0
140953343,SIS / Henl (F/C) 6th Mar,Forecast,06-03-2018 20:21,17002674,3 - 1,0,,1,1,1,1001,1,1001,0,0,0
140951390,SIS / Monm (F/C) 6th Mar,Forecast,06-03-2018 17:54,17002674,3 - 1,0,,1,1,1,1001,1,1001,0,0,0
140950416,SIS / Hove (F/C) 6th Mar,Forecast,06-03-2018 16:09,17002674,3 - 1,0,,1,1,1,1001,1,1001,0,0,0
140953563,SIS / Crayfd (F/C) 6th Mar,Forecast,06-03-2018 21:30,17002674,3 - 1,0,,1,1,1,1001,1,1001,0,0,0
140951384,SIS / Monm (F/C) 6th Mar,Forecast,06-03-2018 15:59,17002675,3 - 2,0,,1,1,1,1001,1,1001,0,0,0
140951346,TRP / Sund (F/C) 6th Mar,Forecast,06-03-2018 17:56,17002675,3 - 2,0,,1,1,1,1001,1,1001,0,0,0
140950462,TRP / Kinsl (F/C) 6th Mar,Forecast,06-03-2018 13:44,17002677,3 - 4,0,,1,1,1,1001,1,1001,0,0,0
140951298,RPGTV / Sheff (F/C) 6th Mar,Forecast,06-03-2018 20:13,17002678,3 - 5,0,,1,1,1,1001,1,1001,0,0,0
140953341,SIS / Henl (F/C) 6th Mar,Forecast,06-03-2018 19:49,17002678,3 - 5,0,,1,1,1,1001,1,1001,0,0,0
140953343,SIS / Henl (F/C) 6th Mar,Forecast,06-03-2018 20:21,17002679,3 - 6,0,,1,1,1,1001,1,1001,0,0,0
140950195,TRP / Nott (F/C) 6th Mar,Forecast,06-03-2018 11:19,17002679,3 - 6,0,,1,1,1,1001,1,1001,0,0,0
140951337,TRP / Sund (F/C) 6th Mar,Forecast,06-03-2018 15:07,17002679,3 - 6,0,,1,1,1,1001,1,1001,0,0,0
140951347,TRP / Sund (F/C) 6th Mar,Forecast,06-03-2018 18:11,17002679,3 - 6,0,,1,1,1,1001,1,1001,0,0,0
140950454,TRP / Kinsl (F/C) 6th Mar,Forecast,06-03-2018 11:42,17002683,4 - 2,0,,1,1,1,1001,1,1001,0,0,0
140954334,RPGTV / Poole (F/C) 6th Mar,Forecast,06-03-2018 19:22,17002684,4 - 3,0,,1,1,1,1001,1,1001,0,0,0
140951387,SIS / Monm (F/C) 6th Mar,Forecast,06-03-2018 16:58,17002684,4 - 3,0,,1,1,1,1001,1,1001,0,0,0
140952869,SIS / Crayfd (F/C) 6th Mar,Forecast,06-03-2018 13:16,17002686,4 - 5,0,,1,1,1,1001,1,1001,0,0,0
140952868,SIS / Crayfd (F/C) 6th Mar,Forecast,06-03-2018 13:01,17002687,4 - 6,1,,1,1,1,1001,1,1001,0,0,0
140953560,SIS / Crayfd (F/C) 6th Mar,Forecast,06-03-2018 20:42,17002687,4 - 6,0,,1,1,1,1001,1,1001,0,0,0
140950413,SIS / Hove (F/C) 6th Mar,Forecast,06-03-2018 15:11,17002687,4 - 6,1,,1,1,1,1001,1,1001,0,0,0
140950422,SIS / Hove (F/C) 6th Mar,Forecast,06-03-2018 18:02,17002687,4 - 6,0,,1,1,1,1001,1,1001,0,0,0
140953347,SIS / Henl (F/C) 6th Mar,Forecast,06-03-2018 21:26,17002688,5 - 1,0,,1,1,1,1001,1,1001,0,0,0
140952871,SIS / Crayfd (F/C) 6th Mar,Forecast,06-03-2018 13:49,17002689,5 - 2,0,,1,1,1,1001,1,1001,0,0,0
140950418,SIS / Hove (F/C) 6th Mar,Forecast,06-03-2018 16:48,17002689,5 - 2,0,,1,1,1,1001,1,1001,0,0,0
140951294,RPGTV / Sheff (F/C) 6th Mar,Forecast,06-03-2018 19:11,17002691,5 - 4,0,,1,1,1,1001,1,1001,0,0,0
140950453,TRP / Kinsl (F/C) 6th Mar,Forecast,06-03-2018 11:28,17002691,5 - 4,0,,1,1,1,1001,1,1001,0,0,0
140950196,TRP / Nott (F/C) 6th Mar,Forecast,06-03-2018 11:34,17002693,6 - 1,0,,1,1,1,1001,1,1001,0,0,0
140951343,TRP / Sund (F/C) 6th Mar,Forecast,06-03-2018 17:07,17002693,6 - 1,0,,1,1,1,1001,1,1001,0,0,0
140950455,TRP / Kinsl (F/C) 6th Mar,Forecast,06-03-2018 11:57,17002694,6 - 2,0,,1,1,1,1001,1,1001,0,0,0
140951301,RPGTV / Sheff (F/C) 6th Mar,Forecast,06-03-2018 20:58,17002694,6 - 2,0,,1,1,1,1001,1,1001,0,0,0
140952869,SIS / Crayfd (F/C) 6th Mar,Forecast,06-03-2018 13:16,17002695,6 - 3,0,,1,1,1,1001,1,1001,0,0,0
140950458,TRP / Kinsl (F/C) 6th Mar,Forecast,06-03-2018 12:42,17002695,6 - 3,0,,1,1,1,1001,1,1001,0,0,0
140951336,TRP / Sund (F/C) 6th Mar,Forecast,06-03-2018 14:47,17002695,6 - 3,0,,1,1,1,1001,1,1001,0,0,0
140951292,RPGTV / Sheff (F/C) 6th Mar,Forecast,06-03-2018 18:38,17002696,6 - 4,0,,1,1,1,1001,1,1001,0,0,0
140952865,SIS / Crayfd (F/C) 6th Mar,Forecast,06-03-2018 12:16,17002696,6 - 4,0,,1,1,1,1001,1,1001,0,0,0
140952871,SIS / Crayfd (F/C) 6th Mar,Forecast,06-03-2018 13:49,17002696,6 - 4,0,,1,1,1,1001,1,1001,0,0,0
140951334,TRP / Sund (F/C) 6th Mar,Forecast,06-03-2018 14:08,17002696,6 - 4,1,,1,1,1,1001,1,1001,0,0,0
140950419,SIS / Hove (F/C) 6th Mar,Forecast,06-03-2018 17:08,17002696,6 - 4,0,,1,1,1,1001,1,1001,0,0,0
140952003,SIS / CPark (F/C) 6th Mar,Forecast,06-03-2018 13:39,17002697,6 - 5,0,,1,1,1,1001,1,1001,0,0,0
140953344,SIS / Henl (F/C) 6th Mar,Forecast,06-03-2018 20:37,17002697,6 - 5,0,,1,1,1,1001,1,1001,0,0,0
140950419,SIS / Hove (F/C) 6th Mar,Forecast,06-03-2018 17:08,17002568,1 - 2,0,,1,1,1,1001,1,1001,0,0,0
140941365,AUS / Mand (AUS) 6th Mar,R3 405m Heat,06-03-2018 10:42,17345379,8. Tiberius Monelli,0,65,1,31.1132075471698113207547169811320754717,1,1001,1,1001,47.7,0,0
140941363,AUS / Mand (AUS) 6th Mar,R2 405m Heat,06-03-2018 10:22,17509888,7. Simply Gifted,0,48.06115195564925,1,28.3261254019292604501607717041800643087,1,1001,1,1001,124.4,0,0
140941294,AUS / Gawl (AUS) 6th Mar,R3 400m Heat,06-03-2018 01:57,17508099,2. Game Of Bones,1,4.9,1,4.67246421307134359289250489311893157309,1,1001,1,1001,521.14,0,0
140952561,SIS / Crayfd 6th Mar,A7 380m,06-03-2018 12:01,17504573,3. Ferryforth Niamh,1,3.5666852623387233,1,1,1,1001,1,1001,0,0,0
140941345,AUS / Geel (AUS) 6th Mar,R11 400m Mdn,06-03-2018 08:15,17508427,3. Got Some Zip,0,3.6700577328540382,1,3.42132301482674999593118825578178148853,1,1001,1,1001,4915.44,0,0
140941219,AUS / Lism (AUS) 6th Mar,R1 420m Mdn,06-03-2018 07:40,17508491,9. Blue Max,0,4.2,1,2.70663685467003753494693699340145491933,1,1001,1,1001,2840.02,0,0
140941221,AUS / Lism (AUS) 6th Mar,R2 420m Gr5,06-03-2018 08:06,10710065,3. Flash Gee,0,11.827774028684946,1,11.0203196615348454577506169937713009754,1,1001,1,1001,340.36,0,0
140941359,AUS / Cran (AUS) 6th Mar,R12 311m Gr5,06-03-2018 11:34,10862195,3. Really Magic,0,3.8,1,1,1,1001,1,1001,0,0,0
140952569,SIS / Crayfd 6th Mar,A5 380m,06-03-2018 13:01,11021085,5. Jumeirah Kim,0,20.349700921774783,1,1,1,1001,1,1001,0,0,0
140950427,TRP / Kinsl 6th Mar,A4 462m,06-03-2018 11:28,13148881,2. Lost Love,0,17.8433132338128,1,1,1,1001,1,1001,0,0,0
140951367,SIS / Monm 6th Mar,S3 630m,06-03-2018 16:58,13278945,1. Ferndale Queen,0,4.1,1,1,1,1001,1,1001,0,0,0
140941331,AUS / Geel (AUS) 6th Mar,R7 460m Mdn,06-03-2018 06:58,13791597,4. Little Fran,0,20,1,9.39688757145881854753334744865551556214,1,1001,1,1001,188.92,0,0
140950178,TRP / Nott 6th Mar,A3 500m,06-03-2018 13:33,14182007,2. Micks Choice,0,6.933299871156923,1,1,1,1001,1,1001,0,0,0
140950435,TRP / Kinsl 6th Mar,A7 462m,06-03-2018 12:27,15084485,1. Crowded Room,0,8.528738591176985,1,1,1,1001,1,1001,0,0,0
140941213,AUS / Mait (AUS) 6th Mar,R9 400m Gr5,06-03-2018 10:38,15189376,8. Victory Princess,0,5,1,4.36308635869027599169057275694925314077,1,1001,1,1001,2021.8,0,0
140951353,SIS / Monm 6th Mar,A4 480m,06-03-2018 14:42,15320614,4. Elderberry Vixon,0,5.790588012726522,1,1,1,1001,1,1001,0,0,0
140953026,SIS / Henl 6th Mar,A2 460m,06-03-2018 21:08,15345247,6. Samiya Dawn,0,5.6567710337929,1,1,1,1001,1,1001,0,0,0
140941155,AUS / Devn (AUS) 6th Mar,R2 452m Gr5,06-03-2018 02:06,15387300,6. Buckle Up Maria,0,9.558240585380696,1,9.31998469362563570829012985730509060386,1,1001,1,1001,810.12,0,0
140953668,RPGTV / Poole 6th Mar,A6 450m,06-03-2018 18:28,15484373,6. Burnpark Ludo,0,4.6,1,1,1,1001,1,1001,0,0,0
140941241,AUS / Warr (AUS) 6th Mar,R5 450m Gr5,06-03-2018 05:19,15549947,1. Why Not Archie,0,20,1,17.7793648639478862726470787812987717989,1,1001,1,1001,294.74,0,0
140941347,AUS / Cran (AUS) 6th Mar,R7 311m Final,06-03-2018 09:48,15722847,3. Khaleesi Girl,0,34,1,23.6330129267484255883327809081869406695,1,1001,1,1001,301.7,0,0
140951315,TRP / Sund 6th Mar,A5 450m,06-03-2018 15:48,15788093,1. Fairholme View,0,4.24843963072286,1,1,1,1001,1,1001,0,0,0
141000104,Match Bets / Poole (AvB) 6th Mar,Spot On Blizzard v Sarum Susie,06-03-2018 19:52,16463656,3. Sarum Susie,0,,1,1,1,1001,1,1001,0,0,0
140951906,SIS / CPark 6th Mar,D2 265m,06-03-2018 13:39,16889114,5. You Wana Dance,0,9.6,1,1,1,1001,1,1001,0,0,0
140953336,SIS / Henl (F/C) 6th Mar,Forecast,06-03-2018 18:27,17002741,5 - 6,0,,1,1,1,1001,1,1001,0,0,0
140952860,SIS / Crayfd (F/C) 6th Mar,Forecast,06-03-2018 11:01,17002741,5 - 6,0,,1,1,1,1001,1,1001,0,0,0
140950414,SIS / Hove (F/C) 6th Mar,Forecast,06-03-2018 15:29,17002741,5 - 6,0,,1,1,1,1001,1,1001,0,0,0
140950462,TRP / Kinsl (F/C) 6th Mar,Forecast,06-03-2018 13:44,17002741,5 - 6,0,,1,1,1,1001,1,1001,0,0,0
140954341,RPGTV / Poole (F/C) 6th Mar,Forecast,06-03-2018 21:07,17002630,1 - 3,0,,1,1,1,1001,1,1001,0,0,0
140950463,TRP / Kinsl (F/C) 6th Mar,Forecast,06-03-2018 13:58,17002631,1 - 4,0,,1,1,1,1001,1,1001,0,0,0
140951303,RPGTV / Sheff (F/C) 6th Mar,Forecast,06-03-2018 21:32,17002632,1 - 6,0,,1,1,1,1001,1,1001,0,0,0
140953554,SIS / Crayfd (F/C) 6th Mar,Forecast,06-03-2018 19:07,17002635,2 - 3,0,,1,1,1,1001,1,1001,0,0,0
140951379,SIS / Monm (F/C) 6th Mar,Forecast,06-03-2018 14:22,17002635,2 - 3,0,,1,1,1,1001,1,1001,0,0,0
140950417,SIS / Hove (F/C) 6th Mar,Forecast,06-03-2018 16:29,17002635,2 - 3,0,,1,1,1,1001,1,1001,0,0,0
140952861,SIS / Crayfd (F/C) 6th Mar,Forecast,06-03-2018 11:16,17002635,2 - 3,0,,1,1,1,1001,1,1001,0,0,0
140953341,SIS / Henl (F/C) 6th Mar,Forecast,06-03-2018 19:49,17002635,2 - 3,0,,1,1,1,1001,1,1001,0,0,0
140951378,SIS / Monm (F/C) 6th Mar,Forecast,06-03-2018 14:06,17002639,2 - 6,0,,1,1,1,1001,1,1001,0,0,0
140952870,SIS / Crayfd (F/C) 6th Mar,Forecast,06-03-2018 13:31,17002674,3 - 1,0,,1,1,1,1001,1,1001,0,0,0
140952869,SIS / Crayfd (F/C) 6th Mar,Forecast,06-03-2018 13:16,17002675,3 - 2,0,,1,1,1,1001,1,1001,0,0,0
140954339,RPGTV / Poole (F/C) 6th Mar,Forecast,06-03-2018 20:37,17002678,3 - 5,0,,1,1,1,1001,1,1001,0,0,0
140952869,SIS / Crayfd (F/C) 6th Mar,Forecast,06-03-2018 13:16,17002679,3 - 6,0,,1,1,1,1001,1,1001,0,0,0
140953344,SIS / Henl (F/C) 6th Mar,Forecast,06-03-2018 20:37,17002679,3 - 6,0,,1,1,1,1001,1,1001,0,0,0
140951383,SIS / Monm (F/C) 6th Mar,Forecast,06-03-2018 15:39,17002679,3 - 6,0,,1,1,1,1001,1,1001,0,0,0
140952869,SIS / Crayfd (F/C) 6th Mar,Forecast,06-03-2018 13:16,17002680,4 - 1,0,,1,1,1,1001,1,1001,0,0,0
140950421,SIS / Hove (F/C) 6th Mar,Forecast,06-03-2018 17:44,17002680,4 - 1,0,,1,1,1,1001,1,1001,0,0,0
140951298,RPGTV / Sheff (F/C) 6th Mar,Forecast,06-03-2018 20:13,17002684,4 - 3,0,,1,1,1,1001,1,1001,0,0,0
140950462,TRP / Kinsl (F/C) 6th Mar,Forecast,06-03-2018 13:44,17002684,4 - 3,0,,1,1,1,1001,1,1001,0,0,0
140953337,SIS / Henl (F/C) 6th Mar,Forecast,06-03-2018 18:44,17002686,4 - 5,0,,1,1,1,1001,1,1001,0,0,0
140950416,SIS / Hove (F/C) 6th Mar,Forecast,06-03-2018 16:09,17002686,4 - 5,0,,1,1,1,1001,1,1001,0,0,0
140953557,SIS / Crayfd (F/C) 6th Mar,Forecast,06-03-2018 19:54,17002686,4 - 5,0,,1,1,1,1001,1,1001,0,0,0
140950456,TRP / Kinsl (F/C) 6th Mar,Forecast,06-03-2018 12:12,17002687,4 - 6,0,,1,1,1,1001,1,1001,0,0,0
140951390,SIS / Monm (F/C) 6th Mar,Forecast,06-03-2018 17:54,17002688,5 - 1,0,,1,1,1,1001,1,1001,0,0,0
140954336,RPGTV / Poole (F/C) 6th Mar,Forecast,06-03-2018 19:52,17002689,5 - 2,0,,1,1,1,1001,1,1001,0,0,0
140953341,SIS / Henl (F/C) 6th Mar,Forecast,06-03-2018 19:49,17002689,5 - 2,0,,1,1,1,1001,1,1001,0,0,0
140952004,SIS / CPark (F/C) 6th Mar,Forecast,06-03-2018 13:57,17002689,5 - 2,0,,1,1,1,1001,1,1001,0,0,0
140953343,SIS / Henl (F/C) 6th Mar,Forecast,06-03-2018 20:21,17002690,5 - 3,0,,1,1,1,1001,1,1001,0,0,0
140950455,TRP / Kinsl (F/C) 6th Mar,Forecast,06-03-2018 11:57,17002690,5 - 3,0,,1,1,1,1001,1,1001,0,0,0
140950194,TRP / Nott (F/C) 6th Mar,Forecast,06-03-2018 11:03,17002690,5 - 3,0,,1,1,1,1001,1,1001,0,0,0
140952869,SIS / Crayfd (F/C) 6th Mar,Forecast,06-03-2018 13:16,17002691,5 - 4,0,,1,1,1,1001,1,1001,0,0,0
140952004,SIS / CPark (F/C) 6th Mar,Forecast,06-03-2018 13:57,17002691,5 - 4,0,,1,1,1,1001,1,1001,0,0,0
140951294,RPGTV / Sheff (F/C) 6th Mar,Forecast,06-03-2018 19:11,17002693,6 - 1,0,,1,1,1,1001,1,1001,0,0,0
140953347,SIS / Henl (F/C) 6th Mar,Forecast,06-03-2018 21:26,17002693,6 - 1,0,,1,1,1,1001,1,1001,0,0,0
140951388,SIS / Monm (F/C) 6th Mar,Forecast,06-03-2018 17:18,17002693,6 - 1,0,,1,1,1,1001,1,1001,0,0,0
140952868,SIS / Crayfd (F/C) 6th Mar,Forecast,06-03-2018 13:01,17002694,6 - 2,0,,1,1,1,1001,1,1001,0,0,0
140950196,TRP / Nott (F/C) 6th Mar,Forecast,06-03-2018 11:34,17002694,6 - 2,0,,1,1,1,1001,1,1001,0,0,0
140950418,SIS / Hove (F/C) 6th Mar,Forecast,06-03-2018 16:48,17002694,6 - 2,0,,1,1,1,1001,1,1001,0,0,0
140951994,SIS / CPark (F/C) 6th Mar,Forecast,06-03-2018 11:24,17002697,6 - 5,0,,1,1,1,1001,1,1001,0,0,0
140952004,SIS / CPark (F/C) 6th Mar,Forecast,06-03-2018 13:57,17002697,6 - 5,0,,1,1,1,1001,1,1001,0,0,0
140951378,SIS / Monm (F/C) 6th Mar,Forecast,06-03-2018 14:06,17002568,1 - 2,0,,1,1,1,1001,1,1001,0,0,0
140952003,SIS / CPark (F/C) 6th Mar,Forecast,06-03-2018 13:39,17002568,1 - 2,0,,1,1,1,1001,1,1001,0,0,0
140953557,SIS / Crayfd (F/C) 6th Mar,Forecast,06-03-2018 19:54,17002568,1 - 2,0,,1,1,1,1001,1,1001,0,0,0
140953678,RPGTV / Poole 6th Mar,A6 450m,06-03-2018 19:52,17504214,3. Sarum Susie,0,6.4,1,1,1,1001,1,1001,0,0,0
140941205,AUS / Mait (AUS) 6th Mar,R5 450m Gr5,06-03-2018 09:18,17508729,3. Perfect Project,1,8.8,1,7.17295798564586953926159805781451067273,1,1001,1,1001,1507.58,0,0
140941207,AUS / Mait (AUS) 6th Mar,R6 400m Gr5,06-03-2018 09:38,17508772,3. Zipping Merlow,1,1.2314157784858977,1,1.16425397967837813225840782144357902798,1,1001,1,1001,18228.86,0,0
141000098,Match Bets / Poole (AvB) 6th Mar,Woodside Magic v Hack Up Kitty,06-03-2018 18:48,17406350,5. Hack Up Kitty,1,,1,1,1,1001,1,1001,0,0,0
140951323,TRP / Sund 6th Mar,HC 450m,06-03-2018 17:07,17406443,6. Kelseys Hanna,0,8.6,1,1,1,1001,1,1001,0,0,0
140941345,AUS / Geel (AUS) 6th Mar,R11 400m Mdn,06-03-2018 08:15,17508430,8. Happy Cruising,0,2.704082844,1,2.71515314736709682118240626096629168846,1,1001,1,1001,6041.24,0,0
140951535,Greyhound Racing / Trap Challenge,Nott & Kinsl Trap Challenge,06-03-2018 11:03,5858,Trap 2,0,,14,13.9999993029490990375818210411892203116,14,14,1,1001,22.38,44,0
140951584,Greyhound Racing / Trap Challenge,Sheff & Poole Trap Challenge,06-03-2018 18:22,5860,Trap 4,3,,8.17115714474205040242776091832695606281,1,7,7,1,1001,0,151.58,0
141000109,Match Bets / Poole (AvB) 6th Mar,Ellen N Grace v Chadwell Tetra,06-03-2018 21:07,9319326,1. Ellen N Grace,0,,1,1,1,1001,1,1001,0,0,0
140951327,TRP / Sund 6th Mar,A3 450m,06-03-2018 17:38,9468091,3. Griffin Park,0,6.870265449677828,1,1,1,1001,1,1001,0,0,0
140950435,TRP / Kinsl 6th Mar,A7 462m,06-03-2018 12:27,9671619,5. Jet Setting,0,4.730384065630494,1,1,1,1001,1,1001,0,0,0
140951357,SIS / Monm 6th Mar,A7 480m,06-03-2018 15:19,11828923,1. Chauffeur Drevit,0,7.948778393773827,1,1,1,1001,1,1001,0,0,0
140941173,AUS / Devn (AUS) 6th Mar,R7 452m FFA,06-03-2018 03:49,11826400,7. High Treason,0,2.9473456594259915,1,2.8091802823604060913705583756345177665,1,1001,1,1001,3025.92,0,0
140950389,SIS / Hove 6th Mar,A5 515m,06-03-2018 17:44,12253789,6. Enzo Red,0,5.993885281802738,1,1,1,1001,1,1001,0,0,0
140941207,AUS / Mait (AUS) 6th Mar,R6 400m Gr5,06-03-2018 09:38,12536429,2. Jep Dark Kidz,0,48.72818570577947,1,34.409934892693513383168555582348685797,1,1001,1,1001,82.94,0,0
140941058,AUS / Town (AUS) 6th Mar,R7 380m FFA,06-03-2018 10:55,12485232,7. Liscoyle Lady,0,18.679436168,1,13.3880723572639909553420011305822498587,1,1001,1,1001,283.04,0,0
140952555,SIS / Crayfd 6th Mar,A4 380m,06-03-2018 11:16,12782696,6. Kirbys Xmas,1,7.8,1,1,1,1001,1,1001,0,0,0
140941233,AUS / Lism (AUS) 6th Mar,R7 420m Gr5,06-03-2018 09:45,12844163,6. Kulu Dot Com,0,19.0070328377746,1,16.4694878080247709972906721713327312605,1,1001,1,1001,310.04,0,0
140951285,RPGTV / Sheff 6th Mar,OR 500m,06-03-2018 21:14,12958593,2. Droopys Expert,0,2.16,1,1.6852543163161600292291722649598843351,1,1001,1,1001,8.18,0,0
140941343,AUS / Cran (AUS) 6th Mar,R6 520m Gr5,06-03-2018 09:28,12934788,3. Temujin,0,62.03547415851616,1,24.1437846397466349960411718131433095804,1,1001,1,1001,126.3,0,0
140941151,AUS / Town (AUS) 6th Mar,R11 380m Heat,06-03-2018 12:15,13419586,3. Call Me Dory,0,37.30684078358115,1,1,1,1001,1,1001,0,0,0
140941302,AUS / Gawl (AUS) 6th Mar,R7 531m Gr6,06-03-2018 03:14,13527588,4. Just Did It,0,9.642287633505184,1,9.5729305334208305990437798818786912909,1,1001,1,1001,426.68,0,0
140951283,RPGTV / Sheff 6th Mar,OR 660m,06-03-2018 20:58,13697391,4. Sidarian Blu Ray,0,8.357933263721643,1,1,1,1001,1,1001,0,0,0
140950443,TRP / Kinsl 6th Mar,D3 268m,06-03-2018 13:27,13992966,4. Erins Louise,0,8.846550317374057,1,1,1,1001,1,1001,0,0,0
140941155,AUS / Devn (AUS) 6th Mar,R2 452m Gr5,06-03-2018 02:06,14159848,2. Dahlhaus,0,6.2,1,5.29197800890744974691741446072924788878,1,1001,1,1001,1513.34,0,0
140941281,NZL / AsPk (NZL) 6th Mar,R11 457m C1,06-03-2018 02:02,14908324,6. Jakalberry Jewel,0,,1,21.0849214309595453025743898361751922434,1,1001,1,1001,59.82,0,0
140950369,SIS / Hove 6th Mar,A10 515m,06-03-2018 14:32,15611911,3. Saint Estephe,0,4.832134118,1,1,1,1001,1,1001,0,0,0
140941058,AUS / Town (AUS) 6th Mar,R7 380m FFA,06-03-2018 10:55,15796894,8. Toes,0,31.152702932627875,1,24.749742886527254028111073020226259856,1,1001,1,1001,233.36,0,0
140941379,AUS / Mand (AUS) 6th Mar,R10 490m Gr4/5,06-03-2018 13:02,16140971,2. Lets Get Rocked,1,1.589228432167038,1,1,1,1001,1,1001,0,0,0
140941047,AUS / Town (AUS) 6th Mar,R4 380m Heat,06-03-2018 09:55,16205902,3. Waylon Bale,0,47.040940135,1,23.3031358885017421602787456445993031359,1,1001,1,1001,63.14,0,0
140950375,SIS / Hove 6th Mar,A2 515m,06-03-2018 15:29,16574205,1. Baby Bless Him,0,5.3,1,1,1,1001,1,1001,0,0,0
140941199,AUS / Mait (AUS) 6th Mar,R2 400m Heat,06-03-2018 08:18,17191216,2. Burst Of Black,0,12.5,1,14.1594272180091697268638230373090545621,1,1001,1,1001,920.42,0,0
140951296,RPGTV / Sheff (F/C) 6th Mar,Forecast,06-03-2018 19:42,17002630,1 - 3,0,,1,1,1,1001,1,1001,0,0,0
140951995,SIS / CPark (F/C) 6th Mar,Forecast,06-03-2018 11:39,17002630,1 - 3,0,,1,1,1,1001,1,1001,0,0,0
140951390,SIS / Monm (F/C) 6th Mar,Forecast,06-03-2018 17:54,17002630,1 - 3,0,,1,1,1,1001,1,1001,0,0,0
140951294,RPGTV / Sheff (F/C) 6th Mar,Forecast,06-03-2018 19:11,17002630,1 - 3,0,,1,1,1,1001,1,1001,0,0,0
140950454,TRP / Kinsl (F/C) 6th Mar,Forecast,06-03-2018 11:42,17002631,1 - 4,0,,1,1,1,1001,1,1001,0,0,0
140951379,SIS / Monm (F/C) 6th Mar,Forecast,06-03-2018 14:22,17002632,1 - 6,0,,1,1,1,1001,1,1001,0,0,0
140951382,SIS / Monm (F/C) 6th Mar,Forecast,06-03-2018 15:19,17002632,1 - 6,0,,1,1,1,1001,1,1001,0,0,0
140953337,SIS / Henl (F/C) 6th Mar,Forecast,06-03-2018 18:44,17002632,1 - 6,0,,1,1,1,1001,1,1001,0,0,0
140950461,TRP / Kinsl (F/C) 6th Mar,Forecast,06-03-2018 13:27,17002633,2 - 1,0,,1,1,1,1001,1,1001,0,0,0
140953561,SIS / Crayfd (F/C) 6th Mar,Forecast,06-03-2018 20:58,17002633,2 - 1,0,,1,1,1,1001,1,1001,0,0,0
140951998,SIS / CPark (F/C) 6th Mar,Forecast,06-03-2018 12:24,17002633,2 - 1,0,,1,1,1,1001,1,1001,0,0,0
140951391,SIS / Monm (F/C) 6th Mar,Forecast,06-03-2018 18:09,17002636,2 - 4,0,,1,1,1,1001,1,1001,0,0,0
140953556,SIS / Crayfd (F/C) 6th Mar,Forecast,06-03-2018 19:38,17002637,2 - 5,0,,1,1,1,1001,1,1001,0,0,0
140954335,RPGTV / Poole (F/C) 6th Mar,Forecast,06-03-2018 19:37,17002637,2 - 5,0,,1,1,1,1001,1,1001,0,0,0
140952865,SIS / Crayfd (F/C) 6th Mar,Forecast,06-03-2018 12:16,17002639,2 - 6,0,,1,1,1,1001,1,1001,0,0,0
140952002,SIS / CPark (F/C) 6th Mar,Forecast,06-03-2018 13:22,17002639,2 - 6,0,,1,1,1,1001,1,1001,0,0,0
140950418,SIS / Hove (F/C) 6th Mar,Forecast,06-03-2018 16:48,17002674,3 - 1,0,,1,1,1,1001,1,1001,0,0,0
140951338,TRP / Sund (F/C) 6th Mar,Forecast,06-03-2018 15:28,17002675,3 - 2,0,,1,1,1,1001,1,1001,0,0,0
140953338,SIS / Henl (F/C) 6th Mar,Forecast,06-03-2018 19:02,17002675,3 - 2,0,,1,1,1,1001,1,1001,0,0,0
140951296,RPGTV / Sheff (F/C) 6th Mar,Forecast,06-03-2018 19:42,17002677,3 - 4,1,,1,1,1,1001,1,1001,0,0,0
140950203,TRP / Nott (F/C) 6th Mar,Forecast,06-03-2018 13:19,17002677,3 - 4,0,,1,1,1,1001,1,1001,0,0,0
140950195,TRP / Nott (F/C) 6th Mar,Forecast,06-03-2018 11:19,17002678,3 - 5,0,,1,1,1,1001,1,1001,0,0,0
140951380,SIS / Monm (F/C) 6th Mar,Forecast,06-03-2018 14:42,17002678,3 - 5,0,,1,1,1,1001,1,1001,0,0,0
140950457,TRP / Kinsl (F/C) 6th Mar,Forecast,06-03-2018 12:27,17002678,3 - 5,0,,1,1,1,1001,1,1001,0,0,0
140953558,SIS / Crayfd (F/C) 6th Mar,Forecast,06-03-2018 20:11,17002680,4 - 1,0,,1,1,1,1001,1,1001,0,0,0
140953343,SIS / Henl (F/C) 6th Mar,Forecast,06-03-2018 20:21,17002680,4 - 1,0,,1,1,1,1001,1,1001,0,0,0
140954336,RPGTV / Poole (F/C) 6th Mar,Forecast,06-03-2018 19:52,17002680,4 - 1,0,,1,1,1,1001,1,1001,0,0,0
140951999,SIS / CPark (F/C) 6th Mar,Forecast,06-03-2018 12:39,17002680,4 - 1,0,,1,1,1,1001,1,1001,0,0,0
140952000,SIS / CPark (F/C) 6th Mar,Forecast,06-03-2018 12:54,17002684,4 - 3,0,,1,1,1,1001,1,1001,0,0,0
140953557,SIS / Crayfd (F/C) 6th Mar,Forecast,06-03-2018 19:54,17002684,4 - 3,0,,1,1,1,1001,1,1001,0,0,0
140951380,SIS / Monm (F/C) 6th Mar,Forecast,06-03-2018 14:42,17002686,4 - 5,0,,1,1,1,1001,1,1001,0,0,0
140950416,SIS / Hove (F/C) 6th Mar,Forecast,06-03-2018 16:09,17002687,4 - 6,0,,1,1,1,1001,1,1001,0,0,0
140951391,SIS / Monm (F/C) 6th Mar,Forecast,06-03-2018 18:09,17002687,4 - 6,0,,1,1,1,1001,1,1001,0,0,0
140951391,SIS / Monm (F/C) 6th Mar,Forecast,06-03-2018 18:09,17002688,5 - 1,0,,1,1,1,1001,1,1001,0,0,0
140953553,SIS / Crayfd (F/C) 6th Mar,Forecast,06-03-2018 18:49,17002689,5 - 2,0,,1,1,1,1001,1,1001,0,0,0
140953560,SIS / Crayfd (F/C) 6th Mar,Forecast,06-03-2018 20:42,17002690,5 - 3,0,,1,1,1,1001,1,1001,0,0,0
140950410,SIS / Hove (F/C) 6th Mar,Forecast,06-03-2018 14:12,17002690,5 - 3,0,,1,1,1,1001,1,1001,0,0,0
140950203,TRP / Nott (F/C) 6th Mar,Forecast,06-03-2018 13:19,17002691,5 - 4,0,,1,1,1,1001,1,1001,0,0,0
140951995,SIS / CPark (F/C) 6th Mar,Forecast,06-03-2018 11:39,17002693,6 - 1,0,,1,1,1,1001,1,1001,0,0,0
140952864,SIS / Crayfd (F/C) 6th Mar,Forecast,06-03-2018 12:01,17002693,6 - 1,0,,1,1,1,1001,1,1001,0,0,0
140951338,TRP / Sund (F/C) 6th Mar,Forecast,06-03-2018 15:28,17002693,6 - 1,0,,1,1,1,1001,1,1001,0,0,0
140951295,RPGTV / Sheff (F/C) 6th Mar,Forecast,06-03-2018 19:26,17002694,6 - 2,0,,1,1,1,1001,1,1001,0,0,0
140950454,TRP / Kinsl (F/C) 6th Mar,Forecast,06-03-2018 11:42,17002694,6 - 2,0,,1,1,1,1001,1,1001,0,0,0
140952860,SIS / Crayfd (F/C) 6th Mar,Forecast,06-03-2018 11:01,17002695,6 - 3,0,,1,19.9999993666666877777770740740975308634,1,1001,1,1001,12,0,0
140950455,TRP / Kinsl (F/C) 6th Mar,Forecast,06-03-2018 11:57,17002695,6 - 3,0,,1,1,1,1001,1,1001,0,0,0
140954335,RPGTV / Poole (F/C) 6th Mar,Forecast,06-03-2018 19:37,17002695,6 - 3,0,,1,1,1,1001,1,1001,0,0,0
140953559,SIS / Crayfd (F/C) 6th Mar,Forecast,06-03-2018 20:26,17002696,6 - 4,0,,1,1,1,1001,1,1001,0,0,0
140952868,SIS / Crayfd (F/C) 6th Mar,Forecast,06-03-2018 13:01,17002568,1 - 2,0,,1,1,1,1001,1,1001,0,0,0
140950194,TRP / Nott (F/C) 6th Mar,Forecast,06-03-2018 11:03,17002568,1 - 2,0,,1,1,1,1001,1,1001,0,0,0
140953022,SIS / Henl 6th Mar,A4 460m,06-03-2018 20:37,17504803,3. Savana Sasha,1,1.7,1,1,1,1001,1,1001,0,0,0
140941175,AUS / Ipsw (AUS) 6th Mar,R5 431m Gr5,06-03-2018 06:07,17508638,10. Vegas Boy,0,100.88966556,1,68.8394941634241245136186770428015564202,1,1001,1,1001,41.12,0,0
140964311,NZL / Hatr (NZL) 7th Mar,R3 305m Final,06-03-2018 23:51,17524436,2. Breed Apart,0,,1,1,1,1001,1,1001,0,0,0
140941353,AUS / Cran (AUS) 6th Mar,R9 311m Heat,06-03-2018 10:28,17483548,7. Cersei,0,7.2,1,5.72091665599795160670848802970170272692,1,1001,1,1001,781.1,0,0
140953438,SIS / Crayfd 6th Mar,A7 380m,06-03-2018 19:07,17504485,5. Womanatthewell,0,12,1,1,1,1001,1,1001,0,0,0
140953440,SIS / Crayfd 6th Mar,OR 540m,06-03-2018 19:23,17504487,1. Leamaneigh Greta,0,13.63470319161192,1,1,1,1001,1,1001,0,0,0
140951285,RPGTV / Sheff 6th Mar,OR 500m,06-03-2018 21:14,17502786,5. Lightfoot Kante,0,11,1,1,1,1001,1,1001,0,0,0
