EVENT_ID,MENU_HINT,EVENT_NAME,EVENT_DT,SELECTION_ID,SELECTION_NAME,WIN_LOSE,BSP,PPWAP,MORNINGWAP,PPMAX,PPMIN,IPMAX,IPMIN,MORNINGTRADEDVOL,PPTRADEDVOL,IPTRADEDVOL
170473816,AUS / Rock (AUS) 20th May,TO BE PLACED,20-05-2020 11:15,28280142,2. Choppers Chance,0,5.300268109,1,2.66304897176716626002091321017776228651,1,1001,1,1001,229.52,229.52,0
170473816,AUS / Rock (AUS) 20th May,TO BE PLACED,20-05-2020 11:15,28161293,1. Absolute Madness,0,3.5,1,2.71482344102178812922614575507137490609,1,1001,1,1001,133.1,133.1,0
170473822,AUS / Rock (AUS) 20th May,TO BE PLACED,20-05-2020 12:12,27692914,4. Speed To Burn,0,3.475172016,1,1,1,1001,1,1001,0,179.64,0
170473921,AUS / MBdg (AUS) 20th May,TO BE PLACED,20-05-2020 04:12,12668500,5. Hesa Marlow,0,6.6,1,3.39124122337260502201594668570748542187,1,1001,1,1001,168.06,168.06,0
170474093,AUS / APrk (AUS) 20th May,TO BE PLACED,20-05-2020 07:17,28036111,1. Pink Adventurine,1,1.6636626613742556,1,1.6442452300785634118967452300785634119,1,1001,1,1001,712.8,712.8,0
170474099,AUS / APrk (AUS) 20th May,TO BE PLACED,20-05-2020 08:12,17409438,5. Kid Sunrise,0,19.110930288,1,9.82846153846153846153846153846153846154,1,1001,1,1001,13,13,0
170474099,AUS / APrk (AUS) 20th May,TO BE PLACED,20-05-2020 08:12,23882147,3. Crazy Zane,1,2.9,1,2.44681476339234062246905009834548189286,1,1001,1,1001,345.72,345.72,0
170473161,AUS / Bend (AUS) 20th May,TO BE PLACED,20-05-2020 07:21,26799362,6. Any Luck,1,1.5332462496488009,1,1.43608074995359198069426396881381102655,1,1001,1,1001,1077.4,1077.4,0
170473161,AUS / Bend (AUS) 20th May,TO BE PLACED,20-05-2020 07:21,24116263,10. Princess America,1,3.5213060601503825,1,3.00308708065667380442541042112776588151,1,1001,1,1001,56.04,56.04,0
170473161,AUS / Bend (AUS) 20th May,TO BE PLACED,20-05-2020 07:21,25098777,9. Awesome Asset,0,6.6,1,7.20224069389230213227322009396458258041,1,1001,1,1001,55.34,55.34,0
170472952,AUS / Cran (AUS) 20th May,TO BE PLACED,20-05-2020 11:28,16653535,3. Dexs Affair,0,5.094250341717852,1,4.32388985063810942469503603204637867869,1,1001,1,1001,496.78,496.78,0
170472976,AUS / Graf (AUS) 20th May,TO BE PLACED,20-05-2020 08:24,26503297,2. Emerley Burnout,1,1.5734596194711055,1,1.24244285873564499944252425019511651243,1,1001,1,1001,358.76,358.76,0
170472976,AUS / Graf (AUS) 20th May,TO BE PLACED,20-05-2020 08:24,28494490,3. Orara Ebony,0,5.823053714331472,1,3.67496145544249152019734813444341658958,1,1001,1,1001,129.72,129.72,0
170472976,AUS / Graf (AUS) 20th May,TO BE PLACED,20-05-2020 08:24,26067495,6. Country Knocker,0,7.6,1,7.28589510020136158787995013903538210758,1,1001,1,1001,208.58,208.58,0
170472982,AUS / Graf (AUS) 20th May,TO BE PLACED,20-05-2020 09:27,26542356,6. Vista Rose,0,25,1,13.6145996860282574568288854003139717425,1,1001,1,1001,38.22,38.22,0
170473931,AUS / MBdg (AUS) 20th May,TO BE PLACED,20-05-2020 05:05,23936662,8. Spring Glass,0,5.630912426,1,3.79798162126681982277650147686248769281,1,1001,1,1001,121.88,121.88,0
170473942,AUS / MBdg (AUS) 20th May,TO BE PLACED,20-05-2020 06:17,26220475,6. Thunder On,1,1.5157150012446072,1,1.32307436313933679331246781030862485638,1,1001,1,1001,504.82,504.82,0
170473175,AUS / Rich (AUS) 20th May,TO BE PLACED,20-05-2020 11:05,22369438,7. Gramercy Riff,0,6.8,1,5.53162587129194358891230345274760901281,1,1001,1,1001,123.38,123.38,0
170473175,AUS / Rich (AUS) 20th May,TO BE PLACED,20-05-2020 11:05,23518487,2. Diana Roman,0,4.1,1,3.45837713151132912870824573697734174258,1,1001,1,1001,342.48,342.48,0
170473175,AUS / Rich (AUS) 20th May,TO BE PLACED,20-05-2020 11:05,24618865,3. Blue Turtle,1,4.357026090486907,1,2.66996921482565227993172396976347232382,1,1001,1,1001,656.16,656.16,0
170473175,AUS / Rich (AUS) 20th May,TO BE PLACED,20-05-2020 11:05,27289752,4. Quick Single,0,1.3086753391649881,1,1.20059856034435984156553507804163426236,1,1001,1,1001,2211.64,2211.64,0
170473189,AUS / Rich (AUS) 20th May,TO BE PLACED,20-05-2020 12:49,21936997,8. Rising Forest,0,16.1981392268464,1,1,1,1001,1,1001,0,96.6,0
170473223,AUS / Ball (AUS) 20th May,TO BE PLACED,20-05-2020 11:18,21395617,3. Chill Out Isla,0,13.937520714655985,1,9.82826261008807045636509207365892714171,1,1001,1,1001,24.98,24.98,0
170473341,AUS / Cann (AUS) 20th May,TO BE PLACED,20-05-2020 13:04,28494903,8. Revved Up Moment,0,13.487428664389881,1,1,1,1001,1,1001,0,73.89,0
170473348,AUS / Cann (AUS) 20th May,TO BE PLACED,20-05-2020 13:25,24442531,5. First Rule,0,6.998666148856282,1,1,1,1001,1,1001,0,122.25,0
170473348,AUS / Cann (AUS) 20th May,TO BE PLACED,20-05-2020 13:25,24938786,2. Cocoon,1,1.8,1,1,1,1001,1,1001,0,1588.2,0
170472970,AUS / Graf (AUS) 20th May,TO BE PLACED,20-05-2020 07:42,12140719,5. You Telam Joy,0,22,1,11.0410271340398276464422964947012926517,1,1001,1,1001,171.74,171.74,0
170472944,AUS / Cran (AUS) 20th May,TO BE PLACED,20-05-2020 10:28,27391835,6. Jump The Bar,0,1.797600246,1,1.55785714285714285714285714285714285714,1,1001,1,1001,433.72,433.72,0
170472946,AUS / Cran (AUS) 20th May,TO BE PLACED,20-05-2020 10:48,25778171,6. Kinloch Journey,0,3.4,1,3.04451753348161468931900998532961052482,1,1001,1,1001,422.62,422.62,0
170472946,AUS / Cran (AUS) 20th May,TO BE PLACED,20-05-2020 10:48,26405989,4. Slingshot Titan,1,1.4669835477977173,1,1.40367943692598208921060913850819719035,1,1001,1,1001,1398.04,1398.04,0
170472950,AUS / Graf (AUS) 20th May,TO BE PLACED,20-05-2020 06:32,27523066,4. Robell Ronny,1,1.23,1,1.22966532429525500887966182245678981465,1,1001,1,1001,799.58,799.58,0
170472960,AUS / Cran (AUS) 20th May,TO BE PLACED,20-05-2020 12:09,28494469,7. Zipping Pink,1,1.72,1,1,1,1001,1,1001,0,1524.98,0
170472960,AUS / Cran (AUS) 20th May,TO BE PLACED,20-05-2020 12:09,20918460,4. Hip Hippy Shake,0,3.625430369,1,1,1,1001,1,1001,0,273.34,0
170472960,AUS / Cran (AUS) 20th May,TO BE PLACED,20-05-2020 12:09,27354669,8. Parabellum,1,3,1,1,1,1001,1,1001,0,191.36,0
170472980,AUS / Graf (AUS) 20th May,TO BE PLACED,20-05-2020 09:07,23141414,1. Lauries Bonus,1,1.6693269711405447,1,1.37174626273316576266701944701680116418,1,1001,1,1001,302.36,302.36,0
170473004,AUS / Gunn (AUS) 20th May,TO BE PLACED,20-05-2020 06:49,28494498,1. Candy Darling,0,6.731222484849859,1,6.29623430962343096234309623430962343096,1,1001,1,1001,81.26,81.26,0
170473004,AUS / Gunn (AUS) 20th May,TO BE PLACED,20-05-2020 06:49,28494500,6. Gunnedah Girl,1,1.54,1,1.44154646324549237170596393897364771151,1,1001,1,1001,57.68,57.68,0
170473012,AUS / Gunn (AUS) 20th May,TO BE PLACED,20-05-2020 08:01,28494509,6. General Curly,1,1.172603222221551,1,1.13095929592959295929592959295929592959,1,1001,1,1001,1363.5,1363.5,0
170473016,AUS / Gunn (AUS) 20th May,TO BE PLACED,20-05-2020 08:42,28420051,8. Bonts Charlie,0,3.030009596397867,1,2.1325573929961089494163424124513618677,1,1001,1,1001,205.6,205.6,0
170473016,AUS / Gunn (AUS) 20th May,TO BE PLACED,20-05-2020 08:42,28420049,2. Icy Spring,1,1.402293066,1,1.34443753681041816635036974020024867482,1,1001,1,1001,611.24,611.24,0
170473022,AUS / Gunn (AUS) 20th May,TO BE PLACED,20-05-2020 09:42,27056279,1. Super Start,0,2.7661981181526785,1,2.24834937909864657457792660806474117483,1,1001,1,1001,143.34,143.34,0
170473008,AUS / Gunn (AUS) 20th May,TO BE PLACED,20-05-2020 07:24,28453028,4. Five Mile Gem,1,1.3787442158277556,1,1.24402020890099909173478655767484105359,1,1001,1,1001,528.48,528.48,0
170473018,AUS / Gunn (AUS) 20th May,TO BE PLACED,20-05-2020 09:04,27921016,4. Mr Compliant,1,7.4,1,5.72626137303556658395368072787427626137,1,1001,1,1001,96.72,96.72,0
170473018,AUS / Gunn (AUS) 20th May,TO BE PLACED,20-05-2020 09:04,28494520,2. Pina Colada,0,1.4570790024786402,1,1.31252286562509371157825291630431523076,1,1001,1,1001,666.94,666.94,0
170473149,AUS / Bend (AUS) 20th May,TO BE PLACED,20-05-2020 05:37,19524298,6. What Feeling,0,34,1,13.5420353982300884955752212389380530974,1,1001,1,1001,13.56,13.56,0
170473153,AUS / Bend (AUS) 20th May,TO BE PLACED,20-05-2020 06:12,28494355,3. Big Boy Marjen,0,6.206448036,1,3.30221216691804927099044746103569632981,1,1001,1,1001,79.56,79.56,0
170473153,AUS / Bend (AUS) 20th May,TO BE PLACED,20-05-2020 06:12,28494356,4. Red Hot Lady,0,4.2,1,1.23037037037037037037037037037037037037,1,1001,1,1001,2.7,2.7,0
170473249,AUS / Ball (AUS) 20th May,TO BE PLACED,20-05-2020 13:01,25555734,4. Charley Davidson,0,6.5623304151371125,1,1,1,1001,1,1001,0,113.52,0
170473253,AUS / Ball (AUS) 20th May,TO BE PLACED,20-05-2020 13:37,25733609,6. Text Me Later,1,2.06,1,1,1,1001,1,1001,0,763.08,0
170473253,AUS / Ball (AUS) 20th May,TO BE PLACED,20-05-2020 13:37,20517316,8. Beaut Deeds,0,4.651964040284513,1,1,1,1001,1,1001,0,226.98,0
170473295,AUS / Mead (AUS) 20th May,TO BE PLACED,20-05-2020 05:32,22844169,7. Fancy Francene,1,1.9,1,1.62269682301229622211094419406888109943,1,1001,1,1001,718.92,718.92,0
170473365,AUS / Cann (AUS) 20th May,TO BE PLACED,20-05-2020 14:27,15352639,5. Too Dardy,0,2.34,1,1,1,1001,1,1001,0,232.54,0
170473368,AUS / Cann (AUS) 20th May,TO BE PLACED,20-05-2020 14:50,28494911,6. Herekino Fun,0,3.4,1,1,1,1001,1,1001,0,779.78,0
170473744,AUS / Rock (AUS) 20th May,TO BE PLACED,20-05-2020 10:35,27829784,2. Testing Speed,0,1.8513416522459738,1,1.5027944123717507702431874607400317071,1,1001,1,1001,668.62,668.62,0
170473780,AUS / Rock (AUS) 20th May,TO BE PLACED,20-05-2020 10:55,22894213,1. Hollow Words,1,1.4278772083601505,1,1.31211662628226520218801236197965786915,1,1001,1,1001,1378.42,1378.42,0
170473780,AUS / Rock (AUS) 20th May,TO BE PLACED,20-05-2020 10:55,26349492,6. Dr Braelyn,1,6.923524148396391,1,3.5946859630278704279495731810729832099,1,1001,1,1001,353.78,353.78,0
170473780,AUS / Rock (AUS) 20th May,TO BE PLACED,20-05-2020 10:55,27933362,2. Tommy Lava,0,1.72535818133576,1,1.66312829619106809908550119861493385421,1,1001,1,1001,1126.3,1126.3,0
170473780,AUS / Rock (AUS) 20th May,TO BE PLACED,20-05-2020 10:55,28143407,8. Sumatran Star,0,4.3,1,2.73100192341318412309844378387830040217,1,1001,1,1001,114.38,114.38,0
170473818,AUS / Rock (AUS) 20th May,TO BE PLACED,20-05-2020 11:35,22427144,5. Chardonnay Mum,0,3.324078000459995,1,2.79054759760988786117704837521486453303,1,1001,1,1001,488.68,488.68,0
170472954,AUS / Graf (AUS) 20th May,TO BE PLACED,20-05-2020 06:52,28360670,2. Speranza,1,2.28,1,2.16423085267954003037535257105662833586,1,1001,1,1001,92.18,92.18,0
170472964,AUS / Graf (AUS) 20th May,TO BE PLACED,20-05-2020 07:27,28151861,1. Freddys Home,0,1.37,1,1.31256510230361997424524252396623265131,1,1001,1,1001,559.12,559.12,0
170473006,AUS / Gunn (AUS) 20th May,TO BE PLACED,20-05-2020 07:05,23444448,7. Jolly Mulwee,0,7.2,1,2.18907849829351535836177474402730375427,1,1001,1,1001,11.72,11.72,0
170473167,AUS / Rich (AUS) 20th May,TO BE PLACED,20-05-2020 10:25,28353733,6. Trial By Combat,0,9,1,4.66675824175824175824175824175824175824,1,1001,1,1001,29.12,29.12,0
170473169,AUS / Bend (AUS) 20th May,TO BE PLACED,20-05-2020 07:57,26405984,7. Librarian,0,40.814100322,1,18.7545809552418143586662661459897867227,1,1001,1,1001,66.58,66.58,0
170473247,AUS / Ball (AUS) 20th May,TO BE PLACED,20-05-2020 12:38,28302414,7. Aston Coopers,0,6.6,1,1,1,1001,1,1001,0,287.6,0
170473285,AUS / Mead (AUS) 20th May,TO BE PLACED,20-05-2020 04:05,25017113,7. Onya Nelly,0,8.2,1,3.96355994152046783625730994152046783626,1,1001,1,1001,54.72,54.72,0
170473354,AUS / Cann (AUS) 20th May,TO BE PLACED,20-05-2020 13:42,24127896,7. Lakota Gundi,1,2.1288728081048243,1,1,1,1001,1,1001,0,542,0
170473354,AUS / Cann (AUS) 20th May,TO BE PLACED,20-05-2020 13:42,28494905,9. Miss Schmick,0,17.5,1,1,1,1001,1,1001,0,151.48,0
170473361,AUS / Cann (AUS) 20th May,TO BE PLACED,20-05-2020 14:12,28300568,3. Demon Queen,0,3.8,1,1,1,1001,1,1001,0,31.42,0
170472972,AUS / Graf (AUS) 20th May,TO BE PLACED,20-05-2020 08:04,26542352,2. Pass The Banjo,0,3.221595142614096,1,2.21424383434155421126105165193113075849,1,1001,1,1001,42.98,42.98,0
170473014,AUS / Gunn (AUS) 20th May,TO BE PLACED,20-05-2020 08:21,26284247,5. Guardiola,0,4.8,1,2.18399760860900757273814268632921482662,1,1001,1,1001,50.18,50.18,0
170473014,AUS / Gunn (AUS) 20th May,TO BE PLACED,20-05-2020 08:21,28230617,3. Tralee Ace,0,3.679449291840138,1,2.38581836665537106065740426973907150119,1,1001,1,1001,118.04,118.04,0
170473638,AUS / Rock (AUS) 20th May,TO BE PLACED,20-05-2020 09:55,27664867,2. Aerobic Sprite,0,2.92,1,2.33460863204096561814191660570592538405,1,1001,1,1001,328.08,328.08,0
170473638,AUS / Rock (AUS) 20th May,TO BE PLACED,20-05-2020 09:55,28494562,5. What Say You,1,2.68,1,2.51350138944025406907502977371973005161,1,1001,1,1001,100.76,100.76,0
170473020,AUS / Gunn (AUS) 20th May,TO BE PLACED,20-05-2020 09:19,22732355,8. Our Rock Man,0,6.6,1,4.9838276836158192090395480225988700565,1,1001,1,1001,84.96,84.96,0
170473020,AUS / Gunn (AUS) 20th May,TO BE PLACED,20-05-2020 09:19,24489991,3. Defier,1,1.78,1,1.58655684227695318871309737400097863318,1,1001,1,1001,367.86,367.86,0
170473370,AUS / Cann (AUS) 20th May,TO BE PLACED,20-05-2020 15:07,27423926,2. Charos Special,1,1.7362392656374137,1,1,1,1001,1,1001,0,711.36,0
170473370,AUS / Cann (AUS) 20th May,TO BE PLACED,20-05-2020 15:07,28309894,7. Mason Rocks,0,3.35,1,1,1,1001,1,1001,0,445.18,0
170473010,AUS / Gunn (AUS) 20th May,TO BE PLACED,20-05-2020 07:46,28494504,4. Princess Girl,1,2.4618124313850425,1,1.64331178518150174042764793635007458976,1,1001,1,1001,40.22,40.22,0
170474095,AUS / APrk (AUS) 20th May,TO BE PLACED,20-05-2020 07:34,27152595,1. Easy Al,1,1.7857946207408535,1,1.67678398697505147727816884547239381315,1,1001,1,1001,417.66,417.66,0
170473933,AUS / MBdg (AUS) 20th May,TO BE PLACED,20-05-2020 05:22,25045557,2. Galactic Horizon,0,6.2,1,3.49646648247782463283408462992583975571,1,1001,1,1001,275.08,275.08,0
170473933,AUS / MBdg (AUS) 20th May,TO BE PLACED,20-05-2020 05:22,26481942,4. Sols Buddy,0,2.386425155,1,1.826941066417212347988774555659494855,1,1001,1,1001,406.22,406.22,0
170473938,AUS / MBdg (AUS) 20th May,TO BE PLACED,20-05-2020 05:42,27185439,8. Spring Vinnie,1,1.5,1,1.37500458839406207827260458839406207827,1,1001,1,1001,370.5,370.5,0
170472956,AUS / Cran (AUS) 20th May,TO BE PLACED,20-05-2020 11:48,26824010,10. Timmy Tunga,0,8.131653628,1,6.93086705202312138728323699421965317919,1,1001,1,1001,34.6,34.6,0
170472966,AUS / Cran (AUS) 20th May,TO BE PLACED,20-05-2020 12:56,26933805,8. Gracelands,0,6.938480676,1,1,1,1001,1,1001,0,610.05,0
170473159,AUS / Bend (AUS) 20th May,TO BE PLACED,20-05-2020 07:02,16720124,3. Smash Flash,0,2.849431663772412,1,2.27924508426966292134831460674157303371,1,1001,1,1001,455.68,455.68,0
170473187,AUS / Rich (AUS) 20th May,TO BE PLACED,20-05-2020 12:26,26250459,3. Hay Blondie,0,4.638776701,1,1,1,1001,1,1001,0,164.1,0
170473203,AUS / Mead (AUS) 20th May,TO BE PLACED,20-05-2020 02:55,28494375,8. Redzin,0,7.914755013672401,1,5.92065063649222065063649222065063649222,1,1001,1,1001,113.12,113.12,0
170473203,AUS / Mead (AUS) 20th May,TO BE PLACED,20-05-2020 02:55,28326764,3. Forcefully,1,2.8293851844803433,1,2.28421630556703465375760080288092567448,1,1001,1,1001,338.78,338.78,0
170473203,AUS / Mead (AUS) 20th May,TO BE PLACED,20-05-2020 02:55,28494371,1. Niccali,0,2.08,1,1.67469540768509840674789128397375820056,1,1001,1,1001,298.76,298.76,0
170473212,AUS / Ball (AUS) 20th May,TO BE PLACED,20-05-2020 10:58,27550198,8. Do A Runner,0,1.9962110304795897,1,1.833739665041339834640661437354250583,1,1001,1,1001,1415.1,1415.1,0
170473287,AUS / Mead (AUS) 20th May,TO BE PLACED,20-05-2020 04:22,19841764,1. Loading Zone,0,1.6,1,1.45642129515346005101620998930305274418,1,1001,1,1001,1215.3,1215.3,0
170473289,AUS / Mead (AUS) 20th May,TO BE PLACED,20-05-2020 04:40,25848856,7. Barcia Prince,0,1.6651080057799845,1,1.57087029216581918469361372058950271482,1,1001,1,1001,1160.3,1160.3,0
170473291,AUS / Mead (AUS) 20th May,TO BE PLACED,20-05-2020 04:57,27819120,3. Larrakeyah Lady,1,1.436937567293389,1,1.35470298289130573045856388729886154042,1,1001,1,1001,1257.84,1257.84,0
170473183,AUS / Rich (AUS) 20th May,TO BE PLACED,20-05-2020 11:45,23399831,7. Surprise Fling,1,1.8235335322518225,1,1.32487950782490360625992288500793830801,1,1001,1,1001,2116.32,2116.32,0
170474097,AUS / APrk (AUS) 20th May,TO BE PLACED,20-05-2020 07:49,26596188,4. Khandela,0,3.7,1,3.09203840186190845616757176105508145849,1,1001,1,1001,103.12,103.12,0
170473197,AUS / Ball (AUS) 20th May,TO BE PLACED,20-05-2020 09:58,28494433,6. Urana Rose,1,2.16,1,1.92265735305045701122092591216467266107,1,1001,1,1001,269.14,269.14,0
170473177,AUS / Bend (AUS) 20th May,TO BE PLACED,20-05-2020 08:39,23399737,2. Atlas Bombshell,0,2.132832744,1,2.03352437712109924675109676351295422564,1,1001,1,1001,1208.1,1208.1,0
170473179,AUS / Rich (AUS) 20th May,TO BE PLACED,20-05-2020 11:25,24168496,5. Pop The Confetti,0,2.143033988488604,1,1.3579305111299693191461583654285527776,1,1001,1,1001,1225.52,1225.52,0
170473181,AUS / Bend (AUS) 20th May,TO BE PLACED,20-05-2020 08:59,25246010,10. Mums The Word,0,5.52221100310795,1,5.54393826503459286854709952102182011708,1,1001,1,1001,187.9,187.9,0
170473185,AUS / Rich (AUS) 20th May,TO BE PLACED,20-05-2020 12:05,27559834,7. Merciless Ming,1,1.9490789873051109,1,1,1,1001,1,1001,0,1199.3,0
170473185,AUS / Rich (AUS) 20th May,TO BE PLACED,20-05-2020 12:05,26824305,9. Uncle Benny,0,10.5,1,1,1,1001,1,1001,0,24.58,0
170473191,AUS / Rich (AUS) 20th May,TO BE PLACED,20-05-2020 13:08,21991858,4. Magic Begins,0,3.995592870848777,1,1,1,1001,1,1001,0,182.96,0
170473191,AUS / Rich (AUS) 20th May,TO BE PLACED,20-05-2020 13:08,22320776,6. Ombre Rose,0,6.265721058,1,1,1,1001,1,1001,0,293,0
170473331,AUS / Cann (AUS) 20th May,TO BE PLACED,20-05-2020 11:42,25694062,7. Kingsbrae Tull,0,1.4991499648246098,1,1.3848506166792822476512756578654436974,1,1001,1,1001,449.18,449.18,0
170473879,AUS / MBdg (AUS) 20th May,TO BE PLACED,20-05-2020 03:55,21636853,3. Trickeration,1,1.56,1,1.5759776617348418914998549463301421526,1,1001,1,1001,137.88,137.88,0
170473879,AUS / MBdg (AUS) 20th May,TO BE PLACED,20-05-2020 03:55,26595863,1. Mombasa Maine,0,4.138150803,1,2.19881025015253203172666259914582062233,1,1001,1,1001,131.12,131.12,0
170473940,AUS / MBdg (AUS) 20th May,TO BE PLACED,20-05-2020 05:57,23909000,4. Querencia,0,1.5122144934751856,1,1.43257111131196012860075662694160027889,1,1001,1,1001,1548.98,1548.98,0
170473816,AUS / Rock (AUS) 20th May,TO BE PLACED,20-05-2020 11:15,26310049,4. Miss Maia,0,7.2,1,5.61996444943399756759285246515108990551,1,1001,1,1001,213.78,213.78,0
170473816,AUS / Rock (AUS) 20th May,TO BE PLACED,20-05-2020 11:15,27849347,8. Precious Hope,1,1.513156799521021,1,1.27932035763795204823088302336183396444,1,1001,1,1001,2149.66,2149.66,0
170473822,AUS / Rock (AUS) 20th May,TO BE PLACED,20-05-2020 12:12,23304039,6. Special Speed,1,4.2,1,1,1,1001,1,1001,0,1238.7,0
170474099,AUS / APrk (AUS) 20th May,TO BE PLACED,20-05-2020 08:12,28494542,10. Rapid Effect,1,1.7168523091260428,1,1.52060798626019750966079862601975096608,1,1001,1,1001,232.9,232.9,0
170474099,AUS / APrk (AUS) 20th May,TO BE PLACED,20-05-2020 08:12,19911820,2. Solo Mission,0,1.49840769,1,1.25654168883795178257132331873439482625,1,1001,1,1001,488.62,488.62,0
170473161,AUS / Bend (AUS) 20th May,TO BE PLACED,20-05-2020 07:21,22721183,2. Meehan Pebbles,0,4.8,1,4.00480890913692736016198430777018476335,1,1001,1,1001,79.02,79.02,0
170473161,AUS / Bend (AUS) 20th May,TO BE PLACED,20-05-2020 07:21,19583172,8. You Aussie,0,6.6,1,6.37261402836335760827903411268685320046,1,1001,1,1001,104.36,104.36,0
170473161,AUS / Bend (AUS) 20th May,TO BE PLACED,20-05-2020 07:21,20585920,3. Big Flash Marjen,1,1.48,1,1.36412753222836095764272559852670349908,1,1001,1,1001,781.92,781.92,0
170472952,AUS / Cran (AUS) 20th May,TO BE PLACED,20-05-2020 11:28,28170053,8. One Night Only,0,1.84,1,1.45650624489552000956156251867492679429,1,1001,1,1001,2008.04,2008.04,0
170472982,AUS / Graf (AUS) 20th May,TO BE PLACED,20-05-2020 09:27,21098025,7. Backcreek Bandit,0,2.86,1,2.61748597011160855034995901380919351788,1,1001,1,1001,317.18,317.18,0
170473931,AUS / MBdg (AUS) 20th May,TO BE PLACED,20-05-2020 05:05,25555557,5. Silent Jacko,0,2.0192324753506554,1,1.69330766449746926970354302241503976862,1,1001,1,1001,553.2,553.2,0
170473931,AUS / MBdg (AUS) 20th May,TO BE PLACED,20-05-2020 05:05,21513066,2. Emerley Judge,0,7.8140287811064635,1,4.30786540049545829892650701899256812552,1,1001,1,1001,193.76,193.76,0
170473942,AUS / MBdg (AUS) 20th May,TO BE PLACED,20-05-2020 06:17,27837667,10. Yeah Nah Gary,0,4.981910207577749,1,4.05964912280701754385964912280701754386,1,1001,1,1001,386.46,386.46,0
170473942,AUS / MBdg (AUS) 20th May,TO BE PLACED,20-05-2020 06:17,28494409,3. Wheel Burner,0,6.2,1,2.94157408646767501003881675813144157409,1,1001,1,1001,298.84,298.84,0
170473189,AUS / Rich (AUS) 20th May,TO BE PLACED,20-05-2020 12:49,23909336,6. Call Her Pinky,0,5.1823861886793745,1,1,1,1001,1,1001,0,173.82,0
170473189,AUS / Rich (AUS) 20th May,TO BE PLACED,20-05-2020 12:49,26221992,9. Lava Lady,0,4.660948810246772,1,1,1,1001,1,1001,0,147.64,0
170473341,AUS / Cann (AUS) 20th May,TO BE PLACED,20-05-2020 13:04,27887686,4. Fabs Vera,1,1.66741423876978,1,1,1,1001,1,1001,0,1632.18,0
170473341,AUS / Cann (AUS) 20th May,TO BE PLACED,20-05-2020 13:04,28420589,2. Oriental Runner,0,3.4919164056039884,1,1,1,1001,1,1001,0,151.84,0
170472970,AUS / Graf (AUS) 20th May,TO BE PLACED,20-05-2020 07:42,27333964,3. Inspire Us,0,1.54,1,1.36534512212013481693522323283623435985,1,1001,1,1001,433.18,433.18,0
170472944,AUS / Cran (AUS) 20th May,TO BE PLACED,20-05-2020 10:28,28494412,7. Twelfth Of Never,1,1.9506724531343207,1,1.44732555548803953738024346276154017541,1,1001,1,1001,987.42,987.42,0
170472948,AUS / Cran (AUS) 20th May,TO BE PLACED,20-05-2020 11:08,28243813,3. Meat Murphy,0,7.4,1,4.81608695652173913043478260869565217391,1,1001,1,1001,69,69,0
170472980,AUS / Graf (AUS) 20th May,TO BE PLACED,20-05-2020 09:07,26297506,4. Codys Success,0,10.282782849,1,7.39601873536299765807962529274004683841,1,1001,1,1001,68.32,68.32,0
170473008,AUS / Gunn (AUS) 20th May,TO BE PLACED,20-05-2020 07:24,28494502,5. Clear Skye,1,2.88,1,1.4197041420118343195266272189349112426,1,1001,1,1001,33.8,33.8,0
170473018,AUS / Gunn (AUS) 20th May,TO BE PLACED,20-05-2020 09:04,28494521,6. Tilly Thomas,1,2.1091457442552204,1,1.55700587084148727984344422700587084149,1,1001,1,1001,102.2,102.2,0
170473149,AUS / Bend (AUS) 20th May,TO BE PLACED,20-05-2020 05:37,28494348,3. Dr Tobain,1,2.203597445,1,1.90999631540162122328666175386882829772,1,1001,1,1001,108.56,108.56,0
170473149,AUS / Bend (AUS) 20th May,TO BE PLACED,20-05-2020 05:37,28494350,8. Forever Franky,0,4.1,1,2.84090121317157712305025996533795493934,1,1001,1,1001,11.54,11.54,0
170473163,AUS / Rich (AUS) 20th May,TO BE PLACED,20-05-2020 10:05,28494456,8. Tommy Banner,1,2.089877997473886,1,1.7908154708114946683535152720043376107,1,1001,1,1001,553.3,553.3,0
170473163,AUS / Rich (AUS) 20th May,TO BE PLACED,20-05-2020 10:05,28473518,7. Bugatti Checkers,0,4.653465714285848,1,4.90087616822429906542056074766355140187,1,1001,1,1001,68.48,68.48,0
170473199,AUS / Ball (AUS) 20th May,TO BE PLACED,20-05-2020 10:18,28494437,2. Run On Time,0,2.7702157151070437,1,2.07334903830164625020785987472978216285,1,1001,1,1001,721.64,721.64,0
170473199,AUS / Ball (AUS) 20th May,TO BE PLACED,20-05-2020 10:18,28494439,7. Commander Kay,0,3.474938202795456,1,2.20575210355987055016181229773462783172,1,1001,1,1001,618,618,0
170473199,AUS / Ball (AUS) 20th May,TO BE PLACED,20-05-2020 10:18,28494440,8. Ignatious Bale,1,3.15,1,2.71795730273676290792814821781247061036,1,1001,1,1001,212.66,212.66,0
170473201,AUS / Ball (AUS) 20th May,TO BE PLACED,20-05-2020 10:38,28494445,5. Vin Joel,1,3.3570900925820757,1,2.41357202914798206278026905829596412556,1,1001,1,1001,570.88,570.88,0
170473243,AUS / Ball (AUS) 20th May,TO BE PLACED,20-05-2020 11:58,23199971,7. Ashleys Entity,0,11,1,8.17087260565521435086652477956825782913,1,1001,1,1001,65.78,65.78,0
170473245,AUS / Ball (AUS) 20th May,TO BE PLACED,20-05-2020 12:19,24139159,4. Oddjob Lad,0,14,1,1,1,1001,1,1001,0,145.86,0
170473249,AUS / Ball (AUS) 20th May,TO BE PLACED,20-05-2020 13:01,28494452,8. Top Faith,0,5.2,1,1,1,1001,1,1001,0,91.02,0
170473251,AUS / Ball (AUS) 20th May,TO BE PLACED,20-05-2020 13:22,27003986,4. Sweet Swagger,0,4.2,1,1,1,1001,1,1001,0,549.7,0
170473295,AUS / Mead (AUS) 20th May,TO BE PLACED,20-05-2020 05:32,27270583,6. Bound For Blue,1,7.595532702,1,2.13462960427221689716554840476516500068,1,1001,1,1001,146.06,146.06,0
170473337,AUS / Cann (AUS) 20th May,TO BE PLACED,20-05-2020 12:42,28494900,6. Rambos Boy,0,4.351453782,1,1,1,1001,1,1001,0,354.78,0
170473337,AUS / Cann (AUS) 20th May,TO BE PLACED,20-05-2020 12:42,28494901,7. Historic Time,0,6,1,1,1,1001,1,1001,0,534.3,0
170473368,AUS / Cann (AUS) 20th May,TO BE PLACED,20-05-2020 14:50,28480752,4. Whippy Demon,0,8.10914322254248,1,1,1,1001,1,1001,0,35.42,0
170473744,AUS / Rock (AUS) 20th May,TO BE PLACED,20-05-2020 10:35,23388694,7. Angry Angus,1,3.9625167222646995,1,3.18877296792276549361569604484584241669,1,1001,1,1001,128.44,128.44,0
170473818,AUS / Rock (AUS) 20th May,TO BE PLACED,20-05-2020 11:35,16969183,8. Hayleys Rocket,1,1.3875939508197916,1,1.30096389633384673223619583540512024449,1,1001,1,1001,1649.14,1649.14,0
170472954,AUS / Graf (AUS) 20th May,TO BE PLACED,20-05-2020 06:52,28494471,5. My Mac Boy,0,2.4181493601502,1,1.65417678277313487464161532361373757091,1,1001,1,1001,327.86,327.86,0
170472954,AUS / Graf (AUS) 20th May,TO BE PLACED,20-05-2020 06:52,28494473,8. That Fella,0,2.2,1,2.30138254247217340363210310486233157586,1,1001,1,1001,68.28,68.28,0
170472962,AUS / Cran (AUS) 20th May,TO BE PLACED,20-05-2020 12:34,18953512,3. Why Not Bazzar,1,1.78,1,1,1,1001,1,1001,0,3147.3,0
170472964,AUS / Graf (AUS) 20th May,TO BE PLACED,20-05-2020 07:27,26608440,4. On The Bubble,0,1.948358021,1,1.5506283947522353137795604579259630651,1,1001,1,1001,239.34,239.34,0
170472964,AUS / Graf (AUS) 20th May,TO BE PLACED,20-05-2020 07:27,27056495,6. Blanc Gambler,1,3.35,1,2.26000581975390754905221150648486863984,1,1001,1,1001,240.56,240.56,0
170472964,AUS / Graf (AUS) 20th May,TO BE PLACED,20-05-2020 07:27,28494480,5. Scraped By,0,1.7858846857142634,1,1.78519101123595505617977528089887640449,1,1001,1,1001,142.4,142.4,0
170473820,AUS / Rock (AUS) 20th May,TO BE PLACED,20-05-2020 11:55,20722752,2. Kinate,0,3.899396243665833,1,3.27581212994079052648423747799647943671,1,1001,1,1001,1124.82,1124.82,0
170473820,AUS / Rock (AUS) 20th May,TO BE PLACED,20-05-2020 11:55,21923318,4. Socialiser,0,5.7,1,5.50463902580458103798202377500724847782,1,1001,1,1001,68.98,68.98,0
170473165,AUS / Bend (AUS) 20th May,TO BE PLACED,20-05-2020 07:37,19461035,3. Harrys My Name,1,1.3,1,1.22702431324403130686427115076842128341,1,1001,1,1001,912.26,912.26,0
170473165,AUS / Bend (AUS) 20th May,TO BE PLACED,20-05-2020 07:37,20368864,7. Boston Quay,0,2.1080693646926365,1,2.04495844269466316710411198600174978128,1,1001,1,1001,548.64,548.64,0
170473167,AUS / Rich (AUS) 20th May,TO BE PLACED,20-05-2020 10:25,28453071,7. Nannas Naughty,0,1.9471279383102589,1,1.80810225242988703055046510009510775012,1,1001,1,1001,862.18,862.18,0
170473167,AUS / Rich (AUS) 20th May,TO BE PLACED,20-05-2020 10:25,27767770,4. Starburst Emily,1,4.888888888888889,1,3.54570596797671033478893740902474526929,1,1001,1,1001,123.66,123.66,0
170473173,AUS / Bend (AUS) 20th May,TO BE PLACED,20-05-2020 08:16,28494368,9. Our Harriet,0,4.7,1,2.14819197896120973044049967126890203813,1,1001,1,1001,30.42,30.42,0
170473283,AUS / Mead (AUS) 20th May,TO BE PLACED,20-05-2020 03:47,26234825,2. Tah Pam,1,2.076911688274558,1,1.9562148591265536372934940954034032793,1,1001,1,1001,645.26,645.26,0
170473361,AUS / Cann (AUS) 20th May,TO BE PLACED,20-05-2020 14:12,28329201,8. Shes Due,1,2.1006303171020413,1,1,1,1001,1,1001,0,742.02,0
170473361,AUS / Cann (AUS) 20th May,TO BE PLACED,20-05-2020 14:12,28382754,5. Trade Talk,1,2.7,1,1,1,1001,1,1001,0,245.78,0
170473947,AUS / MBdg (AUS) 20th May,TO BE PLACED,20-05-2020 06:36,27585477,1. Laser Guy,0,2.458251484,1,1.66806012884753042233357193987115246958,1,1001,1,1001,55.88,55.88,0
170473947,AUS / MBdg (AUS) 20th May,TO BE PLACED,20-05-2020 06:36,28494414,3. Blights Plight,0,3.118096471,1,1.78861409165389291188752048205507690681,1,1001,1,1001,1135.14,1135.14,0
170472972,AUS / Graf (AUS) 20th May,TO BE PLACED,20-05-2020 08:04,26870373,9. Rhymes Valley,0,2.28,1,2.02521223653395784543325526932084309133,1,1001,1,1001,273.28,273.28,0
170472978,AUS / Graf (AUS) 20th May,TO BE PLACED,20-05-2020 08:47,25962724,6. Orara Maddison,0,2.4,1,2.17791800949509651037876425130817479294,1,1001,1,1001,577.14,577.14,0
170473014,AUS / Gunn (AUS) 20th May,TO BE PLACED,20-05-2020 08:21,28453022,1. Erskin Boy,0,3.5,1,2.50288360853805879983890455094643576319,1,1001,1,1001,297.96,297.96,0
170473014,AUS / Gunn (AUS) 20th May,TO BE PLACED,20-05-2020 08:21,28453023,6. Merlins Missile,0,2.04,1,2.09662898936170212765957446808510638298,1,1001,1,1001,60.16,60.16,0
170473638,AUS / Rock (AUS) 20th May,TO BE PLACED,20-05-2020 09:55,27179104,1. Magenta Glow,1,1.96,1,1.65072460400449246737151930599124743426,1,1001,1,1001,516.42,516.42,0
170474087,AUS / APrk (AUS) 20th May,TO BE PLACED,20-05-2020 06:25,28494517,1. Farmor Super Dry,0,1.286053384,1,1.23423065213420203373317907812214577117,1,1001,1,1001,656.92,656.92,0
170472958,AUS / Graf (AUS) 20th May,TO BE PLACED,20-05-2020 07:07,24715692,7. Canoelands Rocka,0,16.341177877858286,1,10.1805777068934963671805777068934963672,1,1001,1,1001,112.86,112.86,0
170472958,AUS / Graf (AUS) 20th May,TO BE PLACED,20-05-2020 07:07,27592557,1. Mia Lillian,0,2.416658289173066,1,1.81778127779424844352208716276311888527,1,1001,1,1001,539.68,539.68,0
170472958,AUS / Graf (AUS) 20th May,TO BE PLACED,20-05-2020 07:07,28494474,4. Mac Zephyr,1,1.58,1,1.62570025348542458808618504435994930292,1,1001,1,1001,126.24,126.24,0
170473020,AUS / Gunn (AUS) 20th May,TO BE PLACED,20-05-2020 09:19,19214737,4. Bruno Dafon,0,8.983117173356007,1,4.2151598173515981735159817351598173516,1,1001,1,1001,21.9,21.9,0
170473020,AUS / Gunn (AUS) 20th May,TO BE PLACED,20-05-2020 09:19,26719517,5. Emiko,0,1.843178189510654,1,1.48636782001022669166524629282427134822,1,1001,1,1001,821.38,821.38,0
170474095,AUS / APrk (AUS) 20th May,TO BE PLACED,20-05-2020 07:34,24514442,7. Rapid State,0,3.4116484275860426,1,2.45885355204153882464007552513570922823,1,1001,1,1001,338.96,338.96,0
170473358,AUS / Cann (AUS) 20th May,TO BE PLACED,20-05-2020 13:57,25344582,7. Weblec Wizz,1,3.3,1,1,1,1001,1,1001,0,344.02,0
170473875,AUS / MBdg (AUS) 20th May,TO BE PLACED,20-05-2020 03:22,27585473,3. Kick Up,0,8,1,6.10817504207742245732147150757393604232,1,1001,1,1001,665.44,665.44,0
170473875,AUS / MBdg (AUS) 20th May,TO BE PLACED,20-05-2020 03:22,28494385,4. Bilmans Burglar,1,1.9915607213438493,1,1.83802889192433461649902727761910675111,1,1001,1,1001,483.18,483.18,0
170473933,AUS / MBdg (AUS) 20th May,TO BE PLACED,20-05-2020 05:22,22513073,5. Demolisher,1,1.96,1,1.30267001690775878264136764982152921285,1,1001,1,1001,425.84,425.84,0
170473933,AUS / MBdg (AUS) 20th May,TO BE PLACED,20-05-2020 05:22,24538631,7. Fly For Fun,1,2.089024098441586,1,1.45120078354554358472086190009794319295,1,1001,1,1001,102.1,102.1,0
170473933,AUS / MBdg (AUS) 20th May,TO BE PLACED,20-05-2020 05:22,15894482,8. Loggie Bridge,0,22.875964996812392,1,11.2887930029154518950437317784256559767,1,1001,1,1001,171.5,171.5,0
170473938,AUS / MBdg (AUS) 20th May,TO BE PLACED,20-05-2020 05:42,22709876,1. Notorious Jiggs,0,2.52,1,1.70696690179055887140531741725447639718,1,1001,1,1001,221.16,221.16,0
170472956,AUS / Cran (AUS) 20th May,TO BE PLACED,20-05-2020 11:48,21936877,8. Flashy De Goey,0,14.187375104613604,1,10.0790123456790123456790123456790123457,1,1001,1,1001,137.7,137.7,0
170472974,AUS / Cran (AUS) 20th May,TO BE PLACED,20-05-2020 13:32,27106014,7. Cals Girl,0,1.891009829,1,1,1,1001,1,1001,0,2849.16,0
170473159,AUS / Bend (AUS) 20th May,TO BE PLACED,20-05-2020 07:02,15905522,6. Crystal Bling,0,30.839368797,1,14.8321829163071613459879206212251941329,1,1001,1,1001,92.72,92.72,0
170473187,AUS / Rich (AUS) 20th May,TO BE PLACED,20-05-2020 12:26,21675255,4. Bugatti Monach,0,4.6,1,1,1,1001,1,1001,0,173.18,0
170473187,AUS / Rich (AUS) 20th May,TO BE PLACED,20-05-2020 12:26,28494486,7. Mrs Bennett,1,1.5908188571428572,1,1,1,1001,1,1001,0,783.46,0
170473212,AUS / Ball (AUS) 20th May,TO BE PLACED,20-05-2020 10:58,28453054,6. Fractured,0,1.9624239706515803,1,1.40413883199411795598970642298198624022,1,1001,1,1001,1523.28,1523.28,0
170473212,AUS / Ball (AUS) 20th May,TO BE PLACED,20-05-2020 10:58,27453927,1. Unknown Warrior,1,11,1,8.60970506680110915049155533148474918074,1,1001,1,1001,79.34,79.34,0
170473212,AUS / Ball (AUS) 20th May,TO BE PLACED,20-05-2020 10:58,28090422,7. Sadie Bale,1,1.6681465171551737,1,1.48211757245701070536014025140810921705,1,1001,1,1001,536.18,536.18,0
170473287,AUS / Mead (AUS) 20th May,TO BE PLACED,20-05-2020 04:22,4300985,2. Micks Legacy,0,12.5,1,5.63046757164404223227752639517345399698,1,1001,1,1001,26.52,26.52,0
170473289,AUS / Mead (AUS) 20th May,TO BE PLACED,20-05-2020 04:40,23597207,3. Gatsby,0,20.227304312416823,1,19.6608678264347130573885222955408918216,1,1001,1,1001,100.02,100.02,0
170473289,AUS / Mead (AUS) 20th May,TO BE PLACED,20-05-2020 04:40,26992865,1. Inga Mia,1,7.2,1,5.18664391103281215591279453864787491742,1,1001,1,1001,181.64,181.64,0
170473291,AUS / Mead (AUS) 20th May,TO BE PLACED,20-05-2020 04:57,28360588,2. Legasov Bale,0,2.0527130216304803,1,1.95364807282587642843308154173929885725,1,1001,1,1001,413.04,413.04,0
170473291,AUS / Mead (AUS) 20th May,TO BE PLACED,20-05-2020 04:57,22201565,1. Miss Klara,0,7.7850077857878475,1,6.56593851775359440781634760505202954961,1,1001,1,1001,251.78,251.78,0
170473297,AUS / Mead (AUS) 20th May,TO BE PLACED,20-05-2020 05:50,24823420,6. Sprint Gordon,0,1.748480524159386,1,1.48317156255529994691205096443107414617,1,1001,1,1001,452.08,452.08,0
170473155,AUS / Bend (AUS) 20th May,TO BE PLACED,20-05-2020 06:29,28419955,4. Jimmy Cheesecake,1,4,1,2.91344525547445255474452554744525547445,1,1001,1,1001,205.5,205.5,0
170473171,AUS / Rich (AUS) 20th May,TO BE PLACED,20-05-2020 10:45,28494460,1. Amid The Noise,1,1.3001268222914952,1,1.21163515663576013606188621276128819883,1,1001,1,1001,1822.7,1822.7,0
170474097,AUS / APrk (AUS) 20th May,TO BE PLACED,20-05-2020 07:49,28435004,2. In And Out,1,3.25,1,3.21279019740172093807997300489286316855,1,1001,1,1001,474.16,474.16,0
170473195,AUS / Rich (AUS) 20th May,TO BE PLACED,20-05-2020 13:50,25909603,2. Doonside Gangsta,0,2.9,1,1,1,1001,1,1001,0,698.64,0
170473197,AUS / Ball (AUS) 20th May,TO BE PLACED,20-05-2020 09:58,28494428,1. Tigers Twenty,1,3.4,1,3.29193796068796068796068796068796068796,1,1001,1,1001,260.48,260.48,0
170473225,AUS / Ball (AUS) 20th May,TO BE PLACED,20-05-2020 11:38,21923316,2. Nangar Rippa,0,3.925985551304912,1,2.52382294158120638249074407784803905508,1,1001,1,1001,610.42,610.42,0
170473279,AUS / Mead (AUS) 20th May,TO BE PLACED,20-05-2020 03:12,28494378,5. Im A Burner,0,32.3587662393041,1,18.8549673676577229876722262509064539521,1,1001,1,1001,27.58,27.58,0
170473877,AUS / MBdg (AUS) 20th May,TO BE PLACED,20-05-2020 03:37,27920725,2. Pablos Pup,1,1.97,1,1.75674392448282787708375175738100020084,1,1001,1,1001,497.9,497.9,0
170474091,AUS / APrk (AUS) 20th May,TO BE PLACED,20-05-2020 06:59,27638507,8. Zipping Flick,0,3.355919396,1,2.45983526315789473684210526315789473684,1,1001,1,1001,380,380,0
170474091,AUS / APrk (AUS) 20th May,TO BE PLACED,20-05-2020 06:59,28494534,4. Honest Daze,1,2.4,1,1.80649339076191890687657804841823852666,1,1001,1,1001,269.32,269.32,0
170473177,AUS / Bend (AUS) 20th May,TO BE PLACED,20-05-2020 08:39,24536901,5. Zero To Hero,0,2.42,1,2.01280562884784520668425681618293755497,1,1001,1,1001,90.96,90.96,0
170473191,AUS / Rich (AUS) 20th May,TO BE PLACED,20-05-2020 13:08,27378959,1. Barcias Wish,1,2.82,1,1,1,1001,1,1001,0,463.36,0
170473335,AUS / Cann (AUS) 20th May,TO BE PLACED,20-05-2020 12:22,28494896,8. Son Of Princess,1,9.8,1,1,1,1001,1,1001,0,27.75,0
170473921,AUS / MBdg (AUS) 20th May,TO BE PLACED,20-05-2020 04:12,26082764,2. Speed Crazy,1,2.513647929247636,1,1.85706787592262048338077090067055815524,1,1001,1,1001,414.58,414.58,0
170473921,AUS / MBdg (AUS) 20th May,TO BE PLACED,20-05-2020 04:12,14380161,1. Lektra Guiseppe,0,6.6,1,3.08274649735005509786430183134806107992,1,1001,1,1001,381.14,381.14,0
170473929,AUS / MBdg (AUS) 20th May,TO BE PLACED,20-05-2020 04:47,27902594,7. Zulu Zulu,1,2.324203654121957,1,1.66925340902079348429690874313568211267,1,1001,1,1001,324.14,324.14,0
170473929,AUS / MBdg (AUS) 20th May,TO BE PLACED,20-05-2020 04:47,28100801,6. Blister,0,2.797611148459837,1,1.23801354401805869074492099322799097065,1,1001,1,1001,88.6,88.6,0
170472952,AUS / Cran (AUS) 20th May,TO BE PLACED,20-05-2020 11:28,26733923,5. Pair Of Nines,0,8.6,1,3.01700457815565729234793982995421844343,1,1001,1,1001,30.58,30.58,0
170472976,AUS / Graf (AUS) 20th May,TO BE PLACED,20-05-2020 08:24,27523072,5. Nottage Hill,1,2.98,1,1.92160804020100502512562814070351758794,1,1001,1,1001,7.96,7.96,0
170472976,AUS / Graf (AUS) 20th May,TO BE PLACED,20-05-2020 08:24,28334504,4. Daniela Walsh,0,2.572330026660347,1,1.71813476468896769864851912201667784913,1,1001,1,1001,208.66,208.66,0
170473151,AUS / Bend (AUS) 20th May,TO BE PLACED,20-05-2020 05:54,28494353,4. Dusty Rebel,0,25,1,7,1,1001,1,1001,6.88,6.88,0
170473151,AUS / Bend (AUS) 20th May,TO BE PLACED,20-05-2020 05:54,6645006,5. Another Episode,0,2.7476203646811337,1,2.14941531200839014158363922391190351337,1,1001,1,1001,152.56,152.56,0
170473175,AUS / Rich (AUS) 20th May,TO BE PLACED,20-05-2020 11:05,26706058,6. Ship Of Fools,0,2.14,1,2.04482157371719237525892131414038123705,1,1001,1,1001,762.78,762.78,0
170473175,AUS / Rich (AUS) 20th May,TO BE PLACED,20-05-2020 11:05,22940062,1. Vellini,1,2.68,1,2.48941210141755614667160510454897471295,1,1001,1,1001,593.98,593.98,0
170473189,AUS / Rich (AUS) 20th May,TO BE PLACED,20-05-2020 12:49,28494492,5. Left Unsaid,1,1.3980454347676274,1,1,1,1001,1,1001,0,1853.28,0
170473193,AUS / Rich (AUS) 20th May,TO BE PLACED,20-05-2020 13:29,22458649,4. Woman In Black,1,3.190580269,1,1,1,1001,1,1001,0,150.92,0
170473223,AUS / Ball (AUS) 20th May,TO BE PLACED,20-05-2020 11:18,26894942,6. Dreamy Eyes,1,1.8712797506053538,1,1.62599678040115461475834505217970542521,1,1001,1,1001,1080.88,1080.88,0
170473223,AUS / Ball (AUS) 20th May,TO BE PLACED,20-05-2020 11:18,18967372,5. Smart Mary,0,9.4,1,6.29039025490638393864200315813219039025,1,1001,1,1001,88.66,88.66,0
170473341,AUS / Cann (AUS) 20th May,TO BE PLACED,20-05-2020 13:04,27363859,1. Burnt Star,0,2.8029382687387985,1,1,1,1001,1,1001,0,902.28,0
170473341,AUS / Cann (AUS) 20th May,TO BE PLACED,20-05-2020 13:04,27201174,6. Gypsys Mindy,1,2.467490419,1,1,1,1001,1,1001,0,284.92,0
170472970,AUS / Graf (AUS) 20th May,TO BE PLACED,20-05-2020 07:42,22564177,8. Inga Lina,0,2.7543417395951106,1,1.99055074801994719859196245233206218833,1,1001,1,1001,272.72,272.72,0
170472944,AUS / Cran (AUS) 20th May,TO BE PLACED,20-05-2020 10:28,25715662,1. Mates Rates,1,6.499044515495188,1,4.58333536808692467342204858991576120132,1,1001,1,1001,163.82,163.82,0
170472946,AUS / Cran (AUS) 20th May,TO BE PLACED,20-05-2020 10:48,23376349,3. Nero Frizzante,0,3.125922309,1,1.82094274479716121607365493430516927208,1,1001,1,1001,417.08,417.08,0
170472946,AUS / Cran (AUS) 20th May,TO BE PLACED,20-05-2020 10:48,20960595,1. Ebonique,0,3.783004463742378,1,2.03228338216827124319799079112599413981,1,1001,1,1001,382.24,382.24,0
170472948,AUS / Cran (AUS) 20th May,TO BE PLACED,20-05-2020 11:08,28170043,4. Fine Tactics,0,1.8706295476945525,1,1.66819676945668135095447870778267254038,1,1001,1,1001,1021.5,1021.5,0
170472950,AUS / Graf (AUS) 20th May,TO BE PLACED,20-05-2020 06:32,25909450,7. Black Pyjamas,0,3.1,1,2.19195106059509158039527980887569680736,1,1001,1,1001,966.91,966.91,0
170472950,AUS / Graf (AUS) 20th May,TO BE PLACED,20-05-2020 06:32,26284900,8. Delroy Boy,0,2.38,1,2.26895968594292616638985354069152951835,1,1001,1,1001,66.23,66.23,0
170472960,AUS / Cran (AUS) 20th May,TO BE PLACED,20-05-2020 12:09,23330758,6. Zipping Dodge,0,2,1,1,1,1001,1,1001,0,452.16,0
170472980,AUS / Graf (AUS) 20th May,TO BE PLACED,20-05-2020 09:07,24366712,2. Lucy Van Pelt,0,2.7158588447564393,1,1.99030829199149539333805811481218993622,1,1001,1,1001,112.88,112.88,0
170473004,AUS / Gunn (AUS) 20th May,TO BE PLACED,20-05-2020 06:49,25344234,4. Empty Head,0,33.76792229266836,1,15.1014669926650366748166259168704156479,1,1001,1,1001,73.62,73.62,0
170473004,AUS / Gunn (AUS) 20th May,TO BE PLACED,20-05-2020 06:49,27289936,5. Black Max Opal,1,2.440640573192213,1,2.35522470154384649040565035314707169198,1,1001,1,1001,319.98,319.98,0
170473004,AUS / Gunn (AUS) 20th May,TO BE PLACED,20-05-2020 06:49,28165562,3. Liberty Belle,1,1.86,1,1.83556173764177188101861759041301091376,1,1001,1,1001,93.46,93.46,0
170473012,AUS / Gunn (AUS) 20th May,TO BE PLACED,20-05-2020 08:01,27701545,1. In Your Time,0,1.2678689965448577,1,1.18421778063017633935393172580300113077,1,1001,1,1001,654.42,654.42,0
170473016,AUS / Gunn (AUS) 20th May,TO BE PLACED,20-05-2020 08:42,28494514,3. Nulas Dollar,1,2.1078519118134857,1,1.85321979551092020085909613406739669671,1,1001,1,1001,661.16,661.16,0
170473016,AUS / Gunn (AUS) 20th May,TO BE PLACED,20-05-2020 08:42,28494515,4. Sienna Road,0,10.5,1,8.30980428190756225305522374345309197831,1,1001,1,1001,108.83,108.83,0
170473022,AUS / Gunn (AUS) 20th May,TO BE PLACED,20-05-2020 09:42,15983351,6. Trendy Tralee,0,9,1,2.52431263515600864998455359901143033673,1,1001,1,1001,64.74,64.74,0
170472942,AUS / Cran (AUS) 20th May,TO BE PLACED,20-05-2020 10:08,26810759,1. Big Bash Healy,0,1.95,1,1.53408865437922482128094149686329815688,1,1001,1,1001,822.52,822.52,0
170472942,AUS / Cran (AUS) 20th May,TO BE PLACED,20-05-2020 10:08,27201349,7. Knuckle Buster,1,2.38,1,2.31006538310886136973093494832625267408,1,1001,1,1001,663.78,663.78,0
170473008,AUS / Gunn (AUS) 20th May,TO BE PLACED,20-05-2020 07:24,25989020,1. Murphey,1,1.4,1,1.25579354904876672991128660068714424901,1,1001,1,1001,390.02,390.02,0
170473018,AUS / Gunn (AUS) 20th May,TO BE PLACED,20-05-2020 09:04,27902303,1. Jimmy Mulwee,1,1.56,1,1.40090535261462545404701528339387293537,1,1001,1,1001,291.82,291.82,0
170473018,AUS / Gunn (AUS) 20th May,TO BE PLACED,20-05-2020 09:04,28392485,5. Ultimate Sugar,0,9.4,1,5.2,1,1001,1,1001,34.44,34.44,0
170473149,AUS / Bend (AUS) 20th May,TO BE PLACED,20-05-2020 05:37,28494347,1. Jerry Buzzard,0,3.5327408647799157,1,3.12715330084182543198936641559592379265,1,1001,1,1001,451.4,451.4,0
170473153,AUS / Bend (AUS) 20th May,TO BE PLACED,20-05-2020 06:12,27333412,5. Silver Bronx,0,2.560950407,1,1.92677729837371390640557583803518088284,1,1001,1,1001,421.82,421.82,0
170473199,AUS / Ball (AUS) 20th May,TO BE PLACED,20-05-2020 10:18,28246221,1. Olin Bale,0,6.021632526,1,4.83030422239706268030422239706268030422,1,1001,1,1001,152.52,152.52,0
170473251,AUS / Ball (AUS) 20th May,TO BE PLACED,20-05-2020 13:22,27165796,6. Cawbourne Mimma,0,4.5,1,1,1,1001,1,1001,0,253.1,0
170473281,AUS / Mead (AUS) 20th May,TO BE PLACED,20-05-2020 03:30,28480602,3. Red Gate,1,2.88,1,2.01974953302767872304296145355748004755,1,1001,1,1001,235.56,235.56,0
170473281,AUS / Mead (AUS) 20th May,TO BE PLACED,20-05-2020 03:30,26384225,4. Diama Miss,0,3.5,1,3.10972782258064516129032258064516129032,1,1001,1,1001,39.68,39.68,0
170473295,AUS / Mead (AUS) 20th May,TO BE PLACED,20-05-2020 05:32,26528655,8. Inga Ollie,0,6.5720276025944635,1,4.56529502022597293904310224578044357651,1,1001,1,1001,143.38,143.38,0
170473365,AUS / Cann (AUS) 20th May,TO BE PLACED,20-05-2020 14:27,23426712,3. Green Black Sash,1,2.797687703349257,1,1,1,1001,1,1001,0,644.98,0
170473368,AUS / Cann (AUS) 20th May,TO BE PLACED,20-05-2020 14:50,28306648,3. Winlock Snow,1,3.7,1,1,1,1001,1,1001,0,73.4,0
170473818,AUS / Rock (AUS) 20th May,TO BE PLACED,20-05-2020 11:35,19166568,1. Ninetymile Donny,0,10.198055385118352,1,7.07416420373853299044255939814992515257,1,1001,1,1001,260.53,260.53,0
170472954,AUS / Graf (AUS) 20th May,TO BE PLACED,20-05-2020 06:52,28494470,4. Robell Milly,0,2.68,1,1.24908850226928895612708018154311649017,1,1001,1,1001,105.76,105.76,0
170472954,AUS / Graf (AUS) 20th May,TO BE PLACED,20-05-2020 06:52,23704695,6. Proud Moment,0,3.95,1,3.34125496876774559909142532651902328223,1,1001,1,1001,140.88,140.88,0
170472962,AUS / Cran (AUS) 20th May,TO BE PLACED,20-05-2020 12:34,23275740,8. Reap The Rewards,1,2.133789067,1,1,1,1001,1,1001,0,1136.36,0
170472964,AUS / Graf (AUS) 20th May,TO BE PLACED,20-05-2020 07:27,13167436,2. Telam Bugsy Girl,0,11.5,1,10.5447470817120622568093385214007782101,1,1001,1,1001,5.14,5.14,0
170473006,AUS / Gunn (AUS) 20th May,TO BE PLACED,20-05-2020 07:05,24618908,3. Bazzas Babe,0,1.6597855696898478,1,1.59560207375525775212755551208060256285,1,1001,1,1001,204.46,204.46,0
170473006,AUS / Gunn (AUS) 20th May,TO BE PLACED,20-05-2020 07:05,28230559,6. Lizs Sniper,0,2.3006200931720375,1,1.9225422465208747514910536779324055666,1,1001,1,1001,160.96,160.96,0
170473820,AUS / Rock (AUS) 20th May,TO BE PLACED,20-05-2020 11:55,28091748,7. Slick Seven,0,2.5633545802418656,1,2.1997508841110380871905611366694833036,1,1001,1,1001,639.06,639.06,0
170473165,AUS / Bend (AUS) 20th May,TO BE PLACED,20-05-2020 07:37,20848980,8. My Victoria,1,2.6,1,2.48994102000693882271307968081415519833,1,1001,1,1001,172.94,172.94,0
170473167,AUS / Rich (AUS) 20th May,TO BE PLACED,20-05-2020 10:25,28494459,5. Shuffle Along,1,3.7574015817523465,1,2.10904787520172135556750941366325981711,1,1001,1,1001,780.78,780.78,0
170473169,AUS / Bend (AUS) 20th May,TO BE PLACED,20-05-2020 07:57,25988464,8. Laughed A Lot,0,1.9328468782955317,1,1.9132500947488103760475007369351918137,1,1001,1,1001,1424.82,1424.82,0
170473169,AUS / Bend (AUS) 20th May,TO BE PLACED,20-05-2020 07:57,28313768,3. Lexie Lee,1,2.576402057,1,2.08725385861123045906732326403807383415,1,1001,1,1001,605.14,605.14,0
170473173,AUS / Bend (AUS) 20th May,TO BE PLACED,20-05-2020 08:16,27726667,4. Aston Ensley,0,2.76,1,2.66102101327832925099909758927420394482,1,1001,1,1001,155.14,155.14,0
170473173,AUS / Bend (AUS) 20th May,TO BE PLACED,20-05-2020 08:16,28135080,1. Wicked Blast,0,5.196570772,1,2.2032033122684680758335149269993462628,1,1001,1,1001,91.78,91.78,0
170473173,AUS / Bend (AUS) 20th May,TO BE PLACED,20-05-2020 08:16,28494367,7. Link Here,1,3.673351517604023,1,2.31425378935095219588029537504858142246,1,1001,1,1001,102.92,102.92,0
170473247,AUS / Ball (AUS) 20th May,TO BE PLACED,20-05-2020 12:38,27868735,3. Cherokee Cash,1,2.731820669,1,1,1,1001,1,1001,0,320.64,0
170473354,AUS / Cann (AUS) 20th May,TO BE PLACED,20-05-2020 13:42,26504344,2. Boora Gold,0,1.7589507636512995,1,1,1,1001,1,1001,0,2838.68,0
170473354,AUS / Cann (AUS) 20th May,TO BE PLACED,20-05-2020 13:42,17385292,1. Ninetymile Turbo,1,2.3410251271436575,1,1,1,1001,1,1001,0,958.24,0
170473361,AUS / Cann (AUS) 20th May,TO BE PLACED,20-05-2020 14:12,28494909,7. Molfetta Dawn,0,5.3,1,1,1,1001,1,1001,0,16.36,0
170473947,AUS / MBdg (AUS) 20th May,TO BE PLACED,20-05-2020 06:36,24301487,7. King Percy,1,2.06,1,1.66486267870579382994732881866064710309,1,1001,1,1001,212.64,212.64,0
170472972,AUS / Graf (AUS) 20th May,TO BE PLACED,20-05-2020 08:04,25008047,4. Manny Said,1,2.38,1,1.7601000834028356964136780650542118432,1,1001,1,1001,23.98,23.98,0
170472972,AUS / Graf (AUS) 20th May,TO BE PLACED,20-05-2020 08:04,26204710,8. Payment Time,0,2.839605738443498,1,2.18929364440868865647626709573612228479,1,1001,1,1001,124.3,124.3,0
170473638,AUS / Rock (AUS) 20th May,TO BE PLACED,20-05-2020 09:55,25279044,7. Frankie Carlo,0,15.648909863457083,1,4.64989019033674963396778916544655929722,1,1001,1,1001,54.64,54.64,0
170474087,AUS / APrk (AUS) 20th May,TO BE PLACED,20-05-2020 06:25,28440124,8. Leeroy Renegade,1,1.4425994481307858,1,1.33589066702271730215347053998893699811,1,1001,1,1001,1048.54,1048.54,0
170473370,AUS / Cann (AUS) 20th May,TO BE PLACED,20-05-2020 15:07,26558256,1. Cheyenne Gundi,0,1.9348828676897396,1,1,1,1001,1,1001,0,735.19,0
170473370,AUS / Cann (AUS) 20th May,TO BE PLACED,20-05-2020 15:07,26609124,6. Bushmans Pride,1,3.020433915745526,1,1,1,1001,1,1001,0,178.02,0
170473010,AUS / Gunn (AUS) 20th May,TO BE PLACED,20-05-2020 07:46,28494503,2. Bud Star,0,10,1,5.57233300099700897308075772681954137587,1,1001,1,1001,80.24,80.24,0
170473010,AUS / Gunn (AUS) 20th May,TO BE PLACED,20-05-2020 07:46,17168195,9. Eureka Boy,0,15.5,1,18.1771273979340875553369404820462370881,1,1001,1,1001,81.32,81.32,0
170474095,AUS / APrk (AUS) 20th May,TO BE PLACED,20-05-2020 07:34,28452978,4. Just In Time,1,1.4416944763645732,1,1.41245909342641851410542568009800795476,1,1001,1,1001,1191.74,1191.74,0
170473333,AUS / Cann (AUS) 20th May,TO BE PLACED,20-05-2020 12:02,28494888,3. Lil Vegemite,0,8.5,1,1,1,1001,1,1001,0,47.82,0
170473333,AUS / Cann (AUS) 20th May,TO BE PLACED,20-05-2020 12:02,25875403,8. Bobby Tux,0,5.794758492233232,1,1,1,1001,1,1001,0,58.38,0
170473358,AUS / Cann (AUS) 20th May,TO BE PLACED,20-05-2020 13:57,28280695,8. West On Bloom,1,1.598847731,1,1,1,1001,1,1001,0,2257.16,0
170473358,AUS / Cann (AUS) 20th May,TO BE PLACED,20-05-2020 13:57,22019325,2. Marvista,0,3.8338610845163927,1,1,1,1001,1,1001,0,1832.38,0
170473875,AUS / MBdg (AUS) 20th May,TO BE PLACED,20-05-2020 03:22,28494388,7. Bradley Strapps,0,19.462066867354128,1,14.1673843407026203854434700414850601271,1,1001,1,1001,190.43,190.43,0
170473923,AUS / MBdg (AUS) 20th May,TO BE PLACED,20-05-2020 04:29,28072563,9. Mr Spock,0,36,1,20.8066150178784266984505363528009535161,1,1001,1,1001,134.24,134.24,0
170473938,AUS / MBdg (AUS) 20th May,TO BE PLACED,20-05-2020 05:42,28160913,4. Naja Naja,1,1.98,1,1.83675262203296270010251557448150776753,1,1001,1,1001,253.62,253.62,0
170473938,AUS / MBdg (AUS) 20th May,TO BE PLACED,20-05-2020 05:42,28494402,5. Danyos Bully,1,2.192641452365933,1,1.38143321442726912405866032500990883868,1,1001,1,1001,252.3,252.3,0
170472966,AUS / Cran (AUS) 20th May,TO BE PLACED,20-05-2020 12:56,27541293,5. Aston Jolie,0,3.2800907891050155,1,1,1,1001,1,1001,0,216.88,0
170472966,AUS / Cran (AUS) 20th May,TO BE PLACED,20-05-2020 12:56,24594952,3. Winlock Kin,0,4.2,1,1,1,1001,1,1001,0,862.1,0
170472974,AUS / Cran (AUS) 20th May,TO BE PLACED,20-05-2020 13:32,8579748,2. Big Bubbles,0,3.1,1,1,1,1001,1,1001,0,64.14,0
170472974,AUS / Cran (AUS) 20th May,TO BE PLACED,20-05-2020 13:32,16395564,1. Kimani,1,1.611273400594837,1,1,1,1001,1,1001,0,1492.16,0
170472974,AUS / Cran (AUS) 20th May,TO BE PLACED,20-05-2020 13:32,26766258,4. Lady Elegance,1,2.54,1,2.08899105548277894268953032555077687437,1,1001,1,1001,219.64,347.8,0
170473159,AUS / Bend (AUS) 20th May,TO BE PLACED,20-05-2020 07:02,28494360,2. Red Taltarni,0,1.719260255257832,1,1.43970408928906396548489964359407240668,1,1001,1,1001,426.48,426.48,0
170473159,AUS / Bend (AUS) 20th May,TO BE PLACED,20-05-2020 07:02,25520294,7. Moonie Convoy,1,2.36,1,2.15868514634813531503601714233609920671,1,1001,1,1001,219.34,219.34,0
170473187,AUS / Rich (AUS) 20th May,TO BE PLACED,20-05-2020 12:26,28494487,8. Hartley Entry,1,1.2825757212747704,1,1,1,1001,1,1001,0,2714.64,0
170473187,AUS / Rich (AUS) 20th May,TO BE PLACED,20-05-2020 12:26,28494485,6. Single Gated,1,3.65,1,1,1,1001,1,1001,0,284.2,0
170473203,AUS / Mead (AUS) 20th May,TO BE PLACED,20-05-2020 02:55,28494372,4. Zulu Queen,0,4,1,1.80347324126025032369443245576176089771,1,1001,1,1001,556.08,556.08,0
170473212,AUS / Ball (AUS) 20th May,TO BE PLACED,20-05-2020 10:58,26777204,2. Isotope,0,28.921927738562232,1,15.9182442025556081400851869380028395646,1,1001,1,1001,84.52,84.52,0
170473289,AUS / Mead (AUS) 20th May,TO BE PLACED,20-05-2020 04:40,27250385,8. Red Hot Tears,0,1.81,1,1.64920427017039622254157257236707041675,1,1001,1,1001,487.1,487.1,0
170473291,AUS / Mead (AUS) 20th May,TO BE PLACED,20-05-2020 04:57,25293536,8. Definite Signs,0,4.5,1,3.07498457470251211987659762009695901278,1,1001,1,1001,226.9,226.9,0
170473297,AUS / Mead (AUS) 20th May,TO BE PLACED,20-05-2020 05:50,27943792,8. Nadali,1,1.428613261281971,1,1.31426859572588215804296206306256557513,1,1001,1,1001,724.36,724.36,0
170473171,AUS / Rich (AUS) 20th May,TO BE PLACED,20-05-2020 10:45,28252234,5. Blazing Penske,0,8.6,1,7.36774417796315606534584636774417796316,1,1001,1,1001,57.54,57.54,0
170473183,AUS / Rich (AUS) 20th May,TO BE PLACED,20-05-2020 11:45,27743937,3. Eyes Adore You,0,2.24,1,2.04912985497582930488414735789298216369,1,1001,1,1001,119.98,119.98,0
170474097,AUS / APrk (AUS) 20th May,TO BE PLACED,20-05-2020 07:49,22894196,8. Mungo Barry,1,2.12,1,2.05349247412982126058325493885230479774,1,1001,1,1001,340.16,340.16,0
170474101,AUS / APrk (AUS) 20th May,TO BE PLACED,20-05-2020 08:32,17635803,8. Hay Billy,0,2.7169261968151845,1,1.9053093347933205584451136052559540104,1,1001,1,1001,438.36,438.36,0
170473225,AUS / Ball (AUS) 20th May,TO BE PLACED,20-05-2020 11:38,24203728,7. Little Tubbsy,0,10,1,9.31447605329492257832193014043932301044,1,1001,1,1001,55.54,55.54,0
170473877,AUS / MBdg (AUS) 20th May,TO BE PLACED,20-05-2020 03:37,28494392,6. Firelight Lady,0,5.631995562283566,1,2.92545700135074290859972985141828005403,1,1001,1,1001,222.1,222.1,0
170474091,AUS / APrk (AUS) 20th May,TO BE PLACED,20-05-2020 06:59,23909673,7. My Girl Maisy,0,5,1,4.53567049511097314915412075120285581251,1,1001,1,1001,515.44,515.44,0
170473179,AUS / Rich (AUS) 20th May,TO BE PLACED,20-05-2020 11:25,25017431,6. Weemala John,1,2.8,1,2.68537932178094685349473509659232236133,1,1001,1,1001,241.22,241.22,0
170473181,AUS / Bend (AUS) 20th May,TO BE PLACED,20-05-2020 08:59,17090398,5. New Fire Girl,0,3.6457122248377347,1,3.18289288330422043162224601341071730433,1,1001,1,1001,354.94,354.94,0
170473185,AUS / Rich (AUS) 20th May,TO BE PLACED,20-05-2020 12:05,28440135,8. Red Tiger Lady,0,2.9,1,1,1,1001,1,1001,0,129.3,0
170473191,AUS / Rich (AUS) 20th May,TO BE PLACED,20-05-2020 13:08,28334618,5. Fever Fury,1,1.9005405588607753,1,1,1,1001,1,1001,0,620.54,0
170473331,AUS / Cann (AUS) 20th May,TO BE PLACED,20-05-2020 11:42,24914552,5. Romario,1,2.8620989638450554,1,2.29872649461807807028919725068084554532,1,1001,1,1001,308.44,308.44,0
170473335,AUS / Cann (AUS) 20th May,TO BE PLACED,20-05-2020 12:22,28494893,4. Ruby Monelli,0,1.71,1,1,1,1001,1,1001,0,1022.62,0
170473335,AUS / Cann (AUS) 20th May,TO BE PLACED,20-05-2020 12:22,28494891,2. Mild Marcus,0,4.41267945676598,1,1,1,1001,1,1001,0,248.06,0
170473335,AUS / Cann (AUS) 20th May,TO BE PLACED,20-05-2020 12:22,28494895,7. Wicked Rhythm,0,9,1,1,1,1001,1,1001,0,24.55,0
170473879,AUS / MBdg (AUS) 20th May,TO BE PLACED,20-05-2020 03:55,25631142,2. All Out Crazy,1,1.084255909,1,1.09702802414846836103450845941715733771,1,1001,1,1001,1073.36,1073.36,0
170473879,AUS / MBdg (AUS) 20th May,TO BE PLACED,20-05-2020 03:55,28494393,6. Emerley Circuit,0,2.136046908,1,1.81156070571040818457041444827226224032,1,1001,1,1001,191.58,191.58,0
170473879,AUS / MBdg (AUS) 20th May,TO BE PLACED,20-05-2020 03:55,19387231,4. Gemtree Ablaze,1,2.2872225953324232,1,1.71811346805572988577883770553533324965,1,1001,1,1001,159.34,159.34,0
170473822,AUS / Rock (AUS) 20th May,TO BE PLACED,20-05-2020 12:12,24525415,8. Over Time,0,3.507015037593992,1,1,1,1001,1,1001,0,187.78,0
170473929,AUS / MBdg (AUS) 20th May,TO BE PLACED,20-05-2020 04:47,24782916,5. Lavish Pedro,1,2.539836589282494,1,1.72186227986923969208056522197616787936,1,1001,1,1001,189.66,189.66,0
170472976,AUS / Graf (AUS) 20th May,TO BE PLACED,20-05-2020 08:24,26752384,8. Steal Away,0,1.904463978,1,1.60399343439219851308293907502172443758,1,1001,1,1001,207.14,207.14,0
170472976,AUS / Graf (AUS) 20th May,TO BE PLACED,20-05-2020 08:24,28494489,1. Fredas Pride,1,1.54,1,1.36574864934396706971957808078209416002,1,1001,1,1001,310.96,310.96,0
170472982,AUS / Graf (AUS) 20th May,TO BE PLACED,20-05-2020 09:27,12442636,3. Hidden Sniper,0,14.5,1,8.57013144038379031943523538359530402902,1,1001,1,1001,512.78,512.78,0
170473931,AUS / MBdg (AUS) 20th May,TO BE PLACED,20-05-2020 05:05,23494277,6. Lucys Otis,0,17.21199705742299,1,10.3501364337406572547158619053268477874,1,1001,1,1001,168.58,168.58,0
170473942,AUS / MBdg (AUS) 20th May,TO BE PLACED,20-05-2020 06:17,24238146,4. Rusty Fury,1,2.4082113944718726,1,1.80560371996900025833118057349522087316,1,1001,1,1001,387.1,387.1,0
170473193,AUS / Rich (AUS) 20th May,TO BE PLACED,20-05-2020 13:29,28494497,8. Cawbourne Slider,1,2.2,1,1,1,1001,1,1001,0,169.7,0
170473193,AUS / Rich (AUS) 20th May,TO BE PLACED,20-05-2020 13:29,17201987,3. Hardaway Kate,0,8.349334503,1,1,1,1001,1,1001,0,128.48,0
170473341,AUS / Cann (AUS) 20th May,TO BE PLACED,20-05-2020 13:04,28420593,3. Bust Or Boom,0,1.8133780416104133,1,1,1,1001,1,1001,0,656.2,0
170472944,AUS / Cran (AUS) 20th May,TO BE PLACED,20-05-2020 10:28,28494413,8. Koh Lipe,0,2.0094757497468168,1,1.70168844668844668844668844668844668845,1,1001,1,1001,673.4,673.4,0
170472946,AUS / Cran (AUS) 20th May,TO BE PLACED,20-05-2020 10:48,21843283,2. Cloncurry Girl,1,2.48,1,2.38404928009499777348968383553510464598,1,1001,1,1001,134.74,134.74,0
170472946,AUS / Cran (AUS) 20th May,TO BE PLACED,20-05-2020 10:48,25778340,10. Shaun John,1,9.184221510416826,1,7.49047619047619047619047619047619047619,1,1001,1,1001,21.84,21.84,0
170472948,AUS / Cran (AUS) 20th May,TO BE PLACED,20-05-2020 11:08,28353713,6. Fernandes,0,2.5,1,2.34533752357008170961659333752357008171,1,1001,1,1001,318.2,318.2,0
170472950,AUS / Graf (AUS) 20th May,TO BE PLACED,20-05-2020 06:32,28494467,3. Revhead Sloy,0,2.7,1,2.4869287387085981933757109401137504182,1,1001,1,1001,119.56,119.56,0
170472960,AUS / Cran (AUS) 20th May,TO BE PLACED,20-05-2020 12:09,21543805,5. Winlock Newbolt,1,2.28,1,1,1,1001,1,1001,0,789.66,0
170472960,AUS / Cran (AUS) 20th May,TO BE PLACED,20-05-2020 12:09,25848962,1. Watched,0,6.6,1,1,1,1001,1,1001,0,364.52,0
170472960,AUS / Cran (AUS) 20th May,TO BE PLACED,20-05-2020 12:09,27212465,3. Dundee Ace,0,10.5,1,1,1,1001,1,1001,0,119.28,0
170472968,AUS / Cran (AUS) 20th May,TO BE PLACED,20-05-2020 13:12,16653439,4. Why Not Hugh,0,2.834606384122163,1,1,1,1001,1,1001,0,208.26,0
170472980,AUS / Graf (AUS) 20th May,TO BE PLACED,20-05-2020 09:07,27018898,7. Ballyneale Conor,1,1.915483748,1,1.39339979771709290564947261956364687184,1,1001,1,1001,415.26,415.26,0
170472980,AUS / Graf (AUS) 20th May,TO BE PLACED,20-05-2020 09:07,28364491,6. Leisa Gracie,0,2.1969380476191875,1,2.05247974068071312803889789303079416532,1,1001,1,1001,49.36,49.36,0
170473004,AUS / Gunn (AUS) 20th May,TO BE PLACED,20-05-2020 06:49,28494501,7. Name Me,0,2.3802908014332926,1,1.43515499070055796652200867947923124613,1,1001,1,1001,129.04,129.04,0
170473012,AUS / Gunn (AUS) 20th May,TO BE PLACED,20-05-2020 08:01,28295341,8. Steelcat Binx,1,4.6,1,3.89960526315789473684210526315789473684,1,1001,1,1001,449.92,449.92,0
170473012,AUS / Gunn (AUS) 20th May,TO BE PLACED,20-05-2020 08:01,25473600,9. Divas Banjo,0,11.596427644,1,6.27622102347280944744131797638139670506,1,1001,1,1001,137.18,137.18,0
170473012,AUS / Gunn (AUS) 20th May,TO BE PLACED,20-05-2020 08:01,27385550,2. Extreme Shian,0,3.9126185972357064,1,3.88293286219081272084805653710247349823,1,1001,1,1001,254.7,254.7,0
170473022,AUS / Gunn (AUS) 20th May,TO BE PLACED,20-05-2020 09:42,24587454,2. Dozer Mulwee,1,2.22,1,2.03868205937186289975620249533916535207,1,1001,1,1001,836.76,836.76,0
170472940,AUS / Cran (AUS) 20th May,TO BE PLACED,20-05-2020 09:48,28494399,9. Free Kick Hawks,0,7.9,1,8.33769230769230769230769230769230769231,1,1001,1,1001,10.4,10.4,0
170472942,AUS / Cran (AUS) 20th May,TO BE PLACED,20-05-2020 10:08,28494407,8. Mich Wiggle,0,3.95,1,1.11749040307101727447216890595009596929,1,1001,1,1001,41.68,41.68,0
170473008,AUS / Gunn (AUS) 20th May,TO BE PLACED,20-05-2020 07:24,26824266,8. Westside Later,0,3.758565590707586,1,2.62231290421927933477055743763473975978,1,1001,1,1001,64.94,64.94,0
170473008,AUS / Gunn (AUS) 20th May,TO BE PLACED,20-05-2020 07:24,21161893,6. Chance Amelia,0,2.04,1,1.89702462343766691592778549300288430723,1,1001,1,1001,748.88,748.88,0
170473153,AUS / Bend (AUS) 20th May,TO BE PLACED,20-05-2020 06:12,28494357,6. Pretty Lily,1,5.8,1,5.58433342383926147162639152864512625577,1,1001,1,1001,147.32,147.32,0
170473199,AUS / Ball (AUS) 20th May,TO BE PLACED,20-05-2020 10:18,27627269,4. Cookie Deeds,0,4.7,1,3.93118658107268585628494512321391592462,1,1001,1,1001,96.58,96.58,0
170473201,AUS / Ball (AUS) 20th May,TO BE PLACED,20-05-2020 10:38,28494441,1. Flying Farrokh,0,1.52,1,1.48321449480787600529997226758697192864,1,1001,1,1001,1298.12,1298.12,0
170473201,AUS / Ball (AUS) 20th May,TO BE PLACED,20-05-2020 10:38,28494442,2. Blackpool Alfie,0,5.2,1,5.05406496927129060579455662862159789289,1,1001,1,1001,113.9,113.9,0
170473245,AUS / Ball (AUS) 20th May,TO BE PLACED,20-05-2020 12:19,18527760,2. Vixstar,0,1.905359545687097,1,1,1,1001,1,1001,0,841.16,0
170473245,AUS / Ball (AUS) 20th May,TO BE PLACED,20-05-2020 12:19,25520202,6. Omar Little,0,9.148399235783144,1,1,1,1001,1,1001,0,260.56,0
170473249,AUS / Ball (AUS) 20th May,TO BE PLACED,20-05-2020 13:01,23412504,3. Zipping Norton,0,2.4968105513294,1,1,1,1001,1,1001,0,524.66,0
170473249,AUS / Ball (AUS) 20th May,TO BE PLACED,20-05-2020 13:01,26187859,2. Kipling,1,1.2859041954213173,1,1,1,1001,1,1001,0,2445.48,0
170473249,AUS / Ball (AUS) 20th May,TO BE PLACED,20-05-2020 13:01,21058797,7. Pure Cool Titan,0,26.394097104798995,1,1,1,1001,1,1001,0,34.98,0
170473251,AUS / Ball (AUS) 20th May,TO BE PLACED,20-05-2020 13:22,27463062,1. Begonia Bale,1,3.25,1,1,1,1001,1,1001,0,377.28,0
170473251,AUS / Ball (AUS) 20th May,TO BE PLACED,20-05-2020 13:22,28216633,7. Code Blue Sue,0,1.5714422884178543,1,1,1,1001,1,1001,0,1365.46,0
170473253,AUS / Ball (AUS) 20th May,TO BE PLACED,20-05-2020 13:37,26980797,1. Smooth Onyx,1,2.87604471870407,1,1,1,1001,1,1001,0,984.34,0
170473281,AUS / Mead (AUS) 20th May,TO BE PLACED,20-05-2020 03:30,27614487,7. Aston Lightning,1,4.006438046527835,1,2.23202049311559398014729426833173230868,1,1001,1,1001,62.46,62.46,0
170473281,AUS / Mead (AUS) 20th May,TO BE PLACED,20-05-2020 03:30,26384219,6. Ultra Lightbeam,0,2.32,1,1.6250405875531503672207189795129493622,1,1001,1,1001,569.14,569.14,0
170473293,AUS / Mead (AUS) 20th May,TO BE PLACED,20-05-2020 05:15,22939690,3. Kurri Kurri,0,38,1,19.5854579792256846081208687440982058546,1,1001,1,1001,63.54,63.54,0
170473293,AUS / Mead (AUS) 20th May,TO BE PLACED,20-05-2020 05:15,24715245,8. Gigis Fire,0,4.040546347365016,1,3.35211677760375880971025841816758026625,1,1001,1,1001,408.64,408.64,0
170473295,AUS / Mead (AUS) 20th May,TO BE PLACED,20-05-2020 05:32,19166465,4. Mimstar,0,23.45379332317971,1,6.43772241992882562277580071174377224199,1,1001,1,1001,5.62,5.62,0
170473365,AUS / Cann (AUS) 20th May,TO BE PLACED,20-05-2020 14:27,22472044,6. Red Electrical,0,7.941369302,1,1,1,1001,1,1001,0,349.94,0
170473368,AUS / Cann (AUS) 20th May,TO BE PLACED,20-05-2020 14:50,25694095,5. Conrad Tokyo,0,2.176951799586822,1,1,1,1001,1,1001,0,404.58,0
170473368,AUS / Cann (AUS) 20th May,TO BE PLACED,20-05-2020 14:50,27315125,1. Maid Of Argyll,1,1.79,1,1,1,1001,1,1001,0,1143.78,0
170473708,AUS / Rock (AUS) 20th May,TO BE PLACED,20-05-2020 10:15,28392544,5. Erratic George,1,1.5578973512998169,1,1.47580791066192526046540645080791066193,1,1001,1,1001,641.16,641.16,0
170473744,AUS / Rock (AUS) 20th May,TO BE PLACED,20-05-2020 10:35,28392529,5. Wise Decisions,1,1.3052582826110664,1,1.24444549872714649386716037954177273779,1,1001,1,1001,864.2,864.2,0
170472962,AUS / Cran (AUS) 20th May,TO BE PLACED,20-05-2020 12:34,26268272,2. Mighty Tracey,1,3.3,1,1,1,1001,1,1001,0,479.18,0
170472962,AUS / Cran (AUS) 20th May,TO BE PLACED,20-05-2020 12:34,22597019,6. Big Bella,0,5.9,1,1,1,1001,1,1001,0,247.1,0
170473157,AUS / Bend (AUS) 20th May,TO BE PLACED,20-05-2020 06:46,27767732,7. Jayla Strike,1,1.9984784182057775,1,1.74969613130128956623681125439624853458,1,1001,1,1001,426.5,426.5,0
170473247,AUS / Ball (AUS) 20th May,TO BE PLACED,20-05-2020 12:38,28494451,8. Delancy Bale,0,4.5433322674993555,1,1,1,1001,1,1001,0,237.2,0
170473283,AUS / Mead (AUS) 20th May,TO BE PLACED,20-05-2020 03:47,25792278,8. Midnight Hawk,0,5.312806594169233,1,4.16796093931643803766565914903510811439,1,1001,1,1001,258.06,258.06,0
170473285,AUS / Mead (AUS) 20th May,TO BE PLACED,20-05-2020 04:05,27201365,2. Parzival,1,1.9741931736397231,1,1.79219240643156330225645183083367112552,1,1001,1,1001,740.1,740.1,0
170473285,AUS / Mead (AUS) 20th May,TO BE PLACED,20-05-2020 04:05,27767478,3. Easy Choice,1,1.3,1,1.24182543634983874027698728893948017454,1,1001,1,1001,1686.72,1686.72,0
170473361,AUS / Cann (AUS) 20th May,TO BE PLACED,20-05-2020 14:12,28494906,1. Lightning Zach,0,2.1487115451286076,1,1,1,1001,1,1001,0,524.34,0
170473947,AUS / MBdg (AUS) 20th May,TO BE PLACED,20-05-2020 06:36,28494415,6. Mombasa Ben,0,2.56,1,1.68834210526315789473684210526315789474,1,1001,1,1001,91.2,91.2,0
170472972,AUS / Graf (AUS) 20th May,TO BE PLACED,20-05-2020 08:04,27758502,7. Super Tie,1,1.6,1,1.51842761232570149767601996901359958685,1,1001,1,1001,580.9,580.9,0
170472978,AUS / Graf (AUS) 20th May,TO BE PLACED,20-05-2020 08:47,28331524,4. Boom Yah Bonus,1,1.684728654,1,1.47436830459537494265900321109582017863,1,1001,1,1001,1482.36,1482.36,0
170472978,AUS / Graf (AUS) 20th May,TO BE PLACED,20-05-2020 08:47,27638196,1. Sail Alone,0,1.89,1,1.62785624211853720050441361916771752837,1,1001,1,1001,269.62,269.62,0
170473638,AUS / Rock (AUS) 20th May,TO BE PLACED,20-05-2020 09:55,23518410,3. Kooringa Kendal,0,2.32308961,1,2.2955534307699312480080134772116741793,1,1001,1,1001,439.26,439.26,0
170473638,AUS / Rock (AUS) 20th May,TO BE PLACED,20-05-2020 09:55,24426343,8. Sheza Code Blue,0,1.9377612963851516,1,1.5675906886517943743937924345295829292,1,1001,1,1001,824.8,824.8,0
170474087,AUS / APrk (AUS) 20th May,TO BE PLACED,20-05-2020 06:25,26735042,4. Meg Mystery,0,30,1,11.5437549721559268098647573587907716786,1,1001,1,1001,25.14,25.14,0
170473020,AUS / Gunn (AUS) 20th May,TO BE PLACED,20-05-2020 09:19,26635142,7. Its Our Time,1,1.453227170102764,1,1.35601998225260459460347717487757583725,1,1001,1,1001,608.54,608.54,0
170473370,AUS / Cann (AUS) 20th May,TO BE PLACED,20-05-2020 15:07,27038562,3. Global Event,0,7.6,1,1,1,1001,1,1001,0,344.12,0
170474089,AUS / APrk (AUS) 20th May,TO BE PLACED,20-05-2020 06:42,27445264,7. Mr Eddie,1,2.15,1,2.34181742738589211618257261410788381743,1,1001,1,1001,48.2,48.2,0
170473358,AUS / Cann (AUS) 20th May,TO BE PLACED,20-05-2020 13:57,25988883,1. Catch Jackson,0,3.3,1,1,1,1001,1,1001,0,514.1,0
170473875,AUS / MBdg (AUS) 20th May,TO BE PLACED,20-05-2020 03:22,28494383,1. Suspense,1,1.19,1,1.17824296458030082484230955846676370694,1,1001,1,1001,659.52,659.52,0
170473875,AUS / MBdg (AUS) 20th May,TO BE PLACED,20-05-2020 03:22,28494384,2. Spring Cesc,0,1.978005621,1,1.82201680672268907563025210084033613445,1,1001,1,1001,333.2,333.2,0
170473923,AUS / MBdg (AUS) 20th May,TO BE PLACED,20-05-2020 04:29,27399259,10. Euro Fabio,0,16.763119970373815,1,10.0524013569005534725941796107837886092,1,1001,1,1001,112.02,112.02,0
170473933,AUS / MBdg (AUS) 20th May,TO BE PLACED,20-05-2020 05:22,22525721,6. Emerley Fabbro,0,4.339629457,1,2.29109673790776152980877390326209223847,1,1001,1,1001,177.8,177.8,0
170473938,AUS / MBdg (AUS) 20th May,TO BE PLACED,20-05-2020 05:42,21188049,3. Lord Zanti,0,28.366532361204737,1,13.6741477874232479356341308490366292611,1,1001,1,1001,94.46,94.46,0
170472956,AUS / Cran (AUS) 20th May,TO BE PLACED,20-05-2020 11:48,27777492,5. Devel Sixteen,1,1.8,1,1.53462604149648750204214997549420029407,1,1001,1,1001,1224.2,1224.2,0
170472966,AUS / Cran (AUS) 20th May,TO BE PLACED,20-05-2020 12:56,25988910,7. Parumba Rebel,0,5.76126651671715,1,1,1,1001,1,1001,0,408.88,0
170472966,AUS / Cran (AUS) 20th May,TO BE PLACED,20-05-2020 12:56,26895090,1. Why Not Dan,0,3.319539366368845,1,1,1,1001,1,1001,0,965.18,0
170472974,AUS / Cran (AUS) 20th May,TO BE PLACED,20-05-2020 13:32,16205553,8. Little Bala,0,10.211542986701243,1,1,1,1001,1,1001,0,263.74,0
170472974,AUS / Cran (AUS) 20th May,TO BE PLACED,20-05-2020 13:32,24337026,5. Kramer Bale,0,4.5,1,1,1,1001,1,1001,0,62.88,0
170473159,AUS / Bend (AUS) 20th May,TO BE PLACED,20-05-2020 07:02,22844582,1. Meehan Poppy,1,1.523383686759007,1,1.43883563116771403311748823206136054097,1,1001,1,1001,837.02,837.02,0
170473187,AUS / Rich (AUS) 20th May,TO BE PLACED,20-05-2020 12:26,28494484,1. Claretown Trixie,0,3.418877442145023,1,1,1,1001,1,1001,0,607.04,0
170473203,AUS / Mead (AUS) 20th May,TO BE PLACED,20-05-2020 02:55,28494373,6. Belle Ali,0,2.4458607283703184,1,2.22386080262999639177324299402638014673,1,1001,1,1001,498.86,498.86,0
170473203,AUS / Mead (AUS) 20th May,TO BE PLACED,20-05-2020 02:55,28494374,7. Enchanted Spirit,1,3.9,1,2.32595433789954337899543378995433789954,1,1001,1,1001,219,219,0
170473212,AUS / Ball (AUS) 20th May,TO BE PLACED,20-05-2020 10:58,27453929,3. Elsa Rose,0,1.7640522225070163,1,1.57402623748985664051934000540979172302,1,1001,1,1001,443.64,443.64,0
170473287,AUS / Mead (AUS) 20th May,TO BE PLACED,20-05-2020 04:22,26310177,4. Weeona Pete,1,3.9,1,3.57197199457959605084855133251597083306,1,1001,1,1001,309.94,309.94,0
170473297,AUS / Mead (AUS) 20th May,TO BE PLACED,20-05-2020 05:50,27902022,7. They Love Me,0,10.494464405177858,1,7.05382436260623229461756373937677053824,1,1001,1,1001,7.06,7.06,0
170473299,AUS / Mead (AUS) 20th May,TO BE PLACED,20-05-2020 06:07,28410363,6. Lee Ali,2,2.9888123462349174,1,2.72417681345173792303701669260581647289,1,1001,1,1001,655.38,655.38,0
170473171,AUS / Rich (AUS) 20th May,TO BE PLACED,20-05-2020 10:45,27444864,8. Flighty Lass,0,5.7,1,4.94968407938061760256296164456705526386,1,1001,1,1001,224.74,224.74,0
170473171,AUS / Rich (AUS) 20th May,TO BE PLACED,20-05-2020 10:45,28494461,3. Blue Lipstick,0,1.864924439,1,1.37924412206581755198514846747878010737,1,1001,1,1001,2090.02,2090.02,0
170473183,AUS / Rich (AUS) 20th May,TO BE PLACED,20-05-2020 11:45,24939162,6. Weemala Leo,1,1.69,1,1.29396622748498999332888592394929953302,1,1001,1,1001,2398.4,2398.4,0
170474097,AUS / APrk (AUS) 20th May,TO BE PLACED,20-05-2020 07:49,27363270,6. Here I Am,0,16.003484112415475,1,11.8558292105829210582921058292105829211,1,1001,1,1001,185.96,185.96,0
170473195,AUS / Rich (AUS) 20th May,TO BE PLACED,20-05-2020 13:50,23822496,4. Savoy Brown,0,7.4,1,1,1,1001,1,1001,0,553.16,0
170474091,AUS / APrk (AUS) 20th May,TO BE PLACED,20-05-2020 06:59,25387652,6. Rock On Roxy,0,5.912942830774698,1,5.16620644312952005259697567389875082183,1,1001,1,1001,152.1,152.1,0
170473179,AUS / Rich (AUS) 20th May,TO BE PLACED,20-05-2020 11:25,26461086,7. Diamantina Rose,1,3.15,1,3.78863899106673673147661586967945349448,1,1001,1,1001,190.3,190.3,0
170473179,AUS / Rich (AUS) 20th May,TO BE PLACED,20-05-2020 11:25,26622646,1. Winking Nick,0,2.3474952663494335,1,2.11523139808784813634474158237494803935,1,1001,1,1001,1154.72,1154.72,0
170473179,AUS / Rich (AUS) 20th May,TO BE PLACED,20-05-2020 11:25,23882151,8. Spring Brigade,1,1.7092971531800143,1,1.56004284198786823708620079971710687376,1,1001,1,1001,1470.52,1470.52,0
170473181,AUS / Bend (AUS) 20th May,TO BE PLACED,20-05-2020 08:59,19625807,4. Further Dreamer,0,5.5607038036198375,1,4.56646504431002954001969334646223097482,1,1001,1,1001,142.18,142.18,0
170473181,AUS / Bend (AUS) 20th May,TO BE PLACED,20-05-2020 08:59,26323467,9. Bush Bro,1,1.65,1,1.60669101159587417515535908770581075021,1,1001,1,1001,1560.9,1560.9,0
170473181,AUS / Bend (AUS) 20th May,TO BE PLACED,20-05-2020 08:59,26583265,8. Bobs Malow,0,2.4372619842551653,1,1.86916163000810019315845224001495420275,1,1001,1,1001,641.96,641.96,0
170473181,AUS / Bend (AUS) 20th May,TO BE PLACED,20-05-2020 08:59,16544575,2. Bushmans Billy,1,3.35,1,2.98150092589584483934894902699717358111,1,1001,1,1001,615.62,615.62,0
170473185,AUS / Rich (AUS) 20th May,TO BE PLACED,20-05-2020 12:05,28435080,5. Blazing Explorer,0,4.936127620281768,1,4.98397681417442605886858955417237452941,1,1001,1,1001,24.84,109.76,0
170473331,AUS / Cann (AUS) 20th May,TO BE PLACED,20-05-2020 11:42,12247313,8. Tanoan Creek,0,7.4,1,7.29128886010362694300518134715025906736,1,1001,1,1001,123.52,123.52,0
170473879,AUS / MBdg (AUS) 20th May,TO BE PLACED,20-05-2020 03:55,22939177,5. Iroquois Lad,0,11.5,1,4.24564027727106895293688434877781831448,1,1001,1,1001,54.82,54.82,0
170473879,AUS / MBdg (AUS) 20th May,TO BE PLACED,20-05-2020 03:55,26432198,7. Miss Excuse,0,4.145422404641286,1,1.48380347103397702273282815937423612809,1,1001,1,1001,163.64,163.64,0
170473940,AUS / MBdg (AUS) 20th May,TO BE PLACED,20-05-2020 05:57,16125116,7. Chiefs Sidekick,0,2.9,1,2.13444420873992363173525668222316504031,1,1001,1,1001,94.28,94.28,0
170473940,AUS / MBdg (AUS) 20th May,TO BE PLACED,20-05-2020 05:57,28494404,3. Call Me Billy,1,9.4,1,5.72707093821510297482837528604118993135,1,1001,1,1001,87.4,87.4,0
170473921,AUS / MBdg (AUS) 20th May,TO BE PLACED,20-05-2020 04:12,28364196,7. Craggy Island,1,1.4303468614078738,1,1.33080888724993085645800682216280999355,1,1001,1,1001,1084.7,1084.7,0
170473929,AUS / MBdg (AUS) 20th May,TO BE PLACED,20-05-2020 04:47,28494400,1. Christies Bro,0,5.5541186155739695,1,4.63111634294683146949185795566019226996,1,1001,1,1001,101.94,101.94,0
170474099,AUS / APrk (AUS) 20th May,TO BE PLACED,20-05-2020 08:12,27663400,9. Pardoo Magic,0,12.444780069212431,1,11.6229545134488100267567948176313195325,1,1001,1,1001,142.02,142.02,0
170473161,AUS / Bend (AUS) 20th May,TO BE PLACED,20-05-2020 07:21,25761673,1. Nordic Prince,0,2.706206759271881,1,2.14386321626617375231053604436229205176,1,1001,1,1001,281.32,281.32,0
170472952,AUS / Cran (AUS) 20th May,TO BE PLACED,20-05-2020 11:28,26419519,2. Space Trucking,0,1.728753868,1,1.69115439616200756527354922040778669619,1,1001,1,1001,867.12,867.12,0
170473942,AUS / MBdg (AUS) 20th May,TO BE PLACED,20-05-2020 06:17,27185434,1. Top Right,0,2.94,1,2.08416225230527761428291151657837943889,1,1001,1,1001,203.88,203.88,0
170473151,AUS / Bend (AUS) 20th May,TO BE PLACED,20-05-2020 05:54,27901440,3. Not All Over,0,5.99223859,1,2.66415472337802434889813530590229619356,1,1001,1,1001,129.78,129.78,0
170473175,AUS / Rich (AUS) 20th May,TO BE PLACED,20-05-2020 11:05,28494465,8. Get Hyped,1,1.984724735,1,1.83940153343745562970325145534573335226,1,1001,1,1001,1126.88,1126.88,0
170473193,AUS / Rich (AUS) 20th May,TO BE PLACED,20-05-2020 13:29,23331091,1. Despicable Dixie,0,1.938443561645618,1,1,1,1001,1,1001,0,1639.78,0
170473193,AUS / Rich (AUS) 20th May,TO BE PLACED,20-05-2020 13:29,11895139,6. Splinters,0,1.5936050393364893,1,1,1,1001,1,1001,0,2048.1,0
170473193,AUS / Rich (AUS) 20th May,TO BE PLACED,20-05-2020 13:29,16205669,7. Sassy Slyder,0,2.76,1,1,1,1001,1,1001,0,500.1,0
170473223,AUS / Ball (AUS) 20th May,TO BE PLACED,20-05-2020 11:18,19365286,7. Fernandos Flare,1,2.219729928846209,1,1.68884818977911384132793098941314860803,1,1001,1,1001,1224.16,1224.16,0
170473341,AUS / Cann (AUS) 20th May,TO BE PLACED,20-05-2020 13:04,26100801,7. Whos Got Glam,0,5.6,1,1,1,1001,1,1001,0,560.1,0
170473348,AUS / Cann (AUS) 20th May,TO BE PLACED,20-05-2020 13:25,27315119,7. Equity Share,0,13,1,1,1,1001,1,1001,0,67.94,0
170473348,AUS / Cann (AUS) 20th May,TO BE PLACED,20-05-2020 13:25,20757818,8. Out Break,0,6.2,1,1,1,1001,1,1001,0,203.34,0
170472970,AUS / Graf (AUS) 20th May,TO BE PLACED,20-05-2020 07:42,21334038,6. Dodgy Diamonds,0,2.331141260471195,1,1.6948786700630111274969835098538678107,1,1001,1,1001,149.18,149.18,0
170472970,AUS / Graf (AUS) 20th May,TO BE PLACED,20-05-2020 07:42,25165364,7. Hay My Way,1,4.543859649122753,1,2.77192118226600985221674876847290640394,1,1001,1,1001,24.36,24.36,0
170472970,AUS / Graf (AUS) 20th May,TO BE PLACED,20-05-2020 07:42,27378937,4. Shelley Valley,1,1.905369370260305,1,1.56912603096512805672116915062943134134,1,1001,1,1001,138.22,138.22,0
170472948,AUS / Cran (AUS) 20th May,TO BE PLACED,20-05-2020 11:08,28273421,7. Verne Bale,0,3.65,1,2.84094322223685943880911605849031748123,1,1001,1,1001,151.82,151.82,0
170472950,AUS / Graf (AUS) 20th May,TO BE PLACED,20-05-2020 06:32,28230525,2. Ultimate Display,1,1.65594511,1,1.58942084597537033731929323576655363198,1,1001,1,1001,224.12,224.12,0
170472960,AUS / Cran (AUS) 20th May,TO BE PLACED,20-05-2020 12:09,27152225,2. With Confidence,0,1.6234690921747825,1,1,1,1001,1,1001,0,1134.74,0
170472968,AUS / Cran (AUS) 20th May,TO BE PLACED,20-05-2020 13:12,28364360,9. Take A Daisy,1,4.487552566313097,1,1,1,1001,1,1001,0,263.82,0
170472980,AUS / Graf (AUS) 20th May,TO BE PLACED,20-05-2020 09:07,28494495,5. Maroon Gambler,0,5.5,1,1.3519400142823137348250416567483932397,1,1001,1,1001,84.02,84.02,0
170473004,AUS / Gunn (AUS) 20th May,TO BE PLACED,20-05-2020 06:49,28494499,2. Midnight Nova,0,3.9228019144997233,1,3.18318766490765171503957783641160949868,1,1001,1,1001,485.12,485.12,0
170473012,AUS / Gunn (AUS) 20th May,TO BE PLACED,20-05-2020 08:01,25645531,7. Petes Gym Boots,0,6.308746143,1,4.43204291845493562231759656652360515021,1,1001,1,1001,233,233,0
170473012,AUS / Gunn (AUS) 20th May,TO BE PLACED,20-05-2020 08:01,27585280,4. Super Flyer,1,1.6410316227652948,1,1.45814100811229605323124601221401877678,1,1001,1,1001,438.84,438.84,0
170473016,AUS / Gunn (AUS) 20th May,TO BE PLACED,20-05-2020 08:42,28494516,5. Typhoon Jed,0,3.1,1,2.45413243714214588000995767986059248195,1,1001,1,1001,80.34,80.34,0
170473022,AUS / Gunn (AUS) 20th May,TO BE PLACED,20-05-2020 09:42,27638883,4. Nelly Erskin,0,1.747214642,1,1.34604366685945633314054366685945633314,1,1001,1,1001,691.6,691.6,0
170473022,AUS / Gunn (AUS) 20th May,TO BE PLACED,20-05-2020 09:42,17668012,3. Peanut Brittle,0,5,1,4.03497470489038785834738617200674536256,1,1001,1,1001,296.5,296.5,0
170473022,AUS / Gunn (AUS) 20th May,TO BE PLACED,20-05-2020 09:42,24795503,7. Chop Suey,1,1.7,1,1.4774939544355351915489372534046073565,1,1001,1,1001,314.28,314.28,0
170473022,AUS / Gunn (AUS) 20th May,TO BE PLACED,20-05-2020 09:42,25344632,8. Dance,1,1.58,1,1.47967379629913769294503943290269125725,1,1001,1,1001,651.74,651.74,0
170472940,AUS / Cran (AUS) 20th May,TO BE PLACED,20-05-2020 09:48,25178591,1. Taylors Chip,0,2.92,1,2.78295432268182709272691629092334836307,1,1001,1,1001,102.02,102.02,0
170473008,AUS / Gunn (AUS) 20th May,TO BE PLACED,20-05-2020 07:24,24337192,3. Sunshine Runner,0,3.95,1,2.37295390070921985815602836879432624113,1,1001,1,1001,56.4,56.4,0
170473163,AUS / Rich (AUS) 20th May,TO BE PLACED,20-05-2020 10:05,28494455,6. Bugattis Wish,0,5.9,1,5.34808127871610690480812787161069048081,1,1001,1,1001,309.06,309.06,0
170473163,AUS / Rich (AUS) 20th May,TO BE PLACED,20-05-2020 10:05,28353750,2. Aspen Park,0,4.4,1,3.63730261454827853999482267667615842609,1,1001,1,1001,77.26,77.26,0
170473201,AUS / Ball (AUS) 20th May,TO BE PLACED,20-05-2020 10:38,28161025,6. Blackpool Grace,0,3.35,1,1.68965517241379310344827586206896551724,1,1001,1,1001,71.92,71.92,0
170473243,AUS / Ball (AUS) 20th May,TO BE PLACED,20-05-2020 11:58,28204690,6. Zambora Lou,1,1.300474684,1,1.24015062393491286900115441701940520037,1,1001,1,1001,727.64,727.64,0
170473243,AUS / Ball (AUS) 20th May,TO BE PLACED,20-05-2020 11:58,19600464,3. Falconetti,0,21.750321302,1,11.5347758887171561051004636785162287481,1,1001,1,1001,25.88,25.88,0
170473243,AUS / Ball (AUS) 20th May,TO BE PLACED,20-05-2020 11:58,25199673,1. Akashi Kid,0,3.473263504774078,1,2.36207611749680715197956577266922094508,1,1001,1,1001,391.5,391.5,0
170473245,AUS / Ball (AUS) 20th May,TO BE PLACED,20-05-2020 12:19,26705811,5. Bradys Shout,1,1.5660979466170102,1,1,1,1001,1,1001,0,2343,0
170473253,AUS / Ball (AUS) 20th May,TO BE PLACED,20-05-2020 13:37,23568692,7. Merriview Mach,0,2.7882721315142405,1,1,1,1001,1,1001,0,786.96,0
170473253,AUS / Ball (AUS) 20th May,TO BE PLACED,20-05-2020 13:37,23596695,4. Why Not Kaleb,0,4.9,1,1,1,1001,1,1001,0,310.48,0
170473253,AUS / Ball (AUS) 20th May,TO BE PLACED,20-05-2020 13:37,21298999,2. Primo Beso,0,20.548410603,1,1,1,1001,1,1001,0,40.74,0
170473295,AUS / Mead (AUS) 20th May,TO BE PLACED,20-05-2020 05:32,26651867,1. Muzza Keeping,0,2.863862061,1,2.18934354485776805251641137855579868709,1,1001,1,1001,283.34,283.34,0
170473295,AUS / Mead (AUS) 20th May,TO BE PLACED,20-05-2020 05:32,28034796,2. Buddy Boy Turbo,0,2.148058228848967,1,1.90129085719547003038394254672682073474,1,1001,1,1001,217.22,217.22,0
170473337,AUS / Cann (AUS) 20th May,TO BE PLACED,20-05-2020 12:42,28494902,8. Molfetta Dream,0,48,1,17.4271276460861474419523765490128340696,1,1001,1,1001,174.28,623.02,0
170473365,AUS / Cann (AUS) 20th May,TO BE PLACED,20-05-2020 14:27,19063433,8. Hello Harry,1,2.1843908517604,1,1,1,1001,1,1001,0,531.82,0
170473368,AUS / Cann (AUS) 20th May,TO BE PLACED,20-05-2020 14:50,27542332,7. Sin City Vegas,0,2.7043764605262544,1,1,1,1001,1,1001,0,677.28,0
170473368,AUS / Cann (AUS) 20th May,TO BE PLACED,20-05-2020 14:50,28266666,2. Kentucky Gundi,1,2.52,1,1,1,1001,1,1001,0,322.4,0
170473744,AUS / Rock (AUS) 20th May,TO BE PLACED,20-05-2020 10:35,26800115,1. Oprah Sure Can,0,6.6,1,5.87651500484027105517909002904162633107,1,1001,1,1001,103.3,103.3,0
170473744,AUS / Rock (AUS) 20th May,TO BE PLACED,20-05-2020 10:35,27933427,8. Boston Honey,0,5.054927529857378,1,4.85837551500882872277810476751030017657,1,1001,1,1001,169.9,169.9,0
170473780,AUS / Rock (AUS) 20th May,TO BE PLACED,20-05-2020 10:55,27385518,4. Due To Sizzle,0,2.406465949,1,2.35194308646479387085005472455308281649,1,1001,1,1001,274.1,274.1,0
170473818,AUS / Rock (AUS) 20th May,TO BE PLACED,20-05-2020 11:35,19841922,2. Fiesty Senorita,0,2.88,1,2.6433282885609786858368016143271534872,1,1001,1,1001,317.16,317.16,0
170473818,AUS / Rock (AUS) 20th May,TO BE PLACED,20-05-2020 11:35,16593989,4. La Quinta,0,2.74,1,2.60418616289253096459401976729638433629,1,1001,1,1001,559.51,559.51,0
170472954,AUS / Graf (AUS) 20th May,TO BE PLACED,20-05-2020 06:52,28435083,1. Glenreagh Raider,0,14.642191505280787,1,9.26953881740639005349139800491542576261,1,1001,1,1001,138.34,138.34,0
170472964,AUS / Graf (AUS) 20th May,TO BE PLACED,20-05-2020 07:27,24974531,8. Alleys Angel,1,2.24,1,1.92509450945094509450945094509450945095,1,1001,1,1001,44.44,44.44,0
170473006,AUS / Gunn (AUS) 20th May,TO BE PLACED,20-05-2020 07:05,27259115,1. My Lil Louie,0,3.375977038555285,1,2.11842249764668967681204894885472230938,1,1001,1,1001,254.96,254.96,0
170473820,AUS / Rock (AUS) 20th May,TO BE PLACED,20-05-2020 11:55,20027561,3. Percys Curse,0,3.312902757608099,1,2.85420771602617131683838459802963074378,1,1001,1,1001,531.88,531.88,0
170473820,AUS / Rock (AUS) 20th May,TO BE PLACED,20-05-2020 11:55,28494620,1. Loves Me Not,0,6.6,1,5.72423169629406447725218439288942452546,1,1001,1,1001,265.52,265.52,0
170473157,AUS / Bend (AUS) 20th May,TO BE PLACED,20-05-2020 06:46,28494359,6. Daisy Hill Lad,0,15.5,1,8.25,1,1001,1,1001,6.4,6.4,0
170473165,AUS / Bend (AUS) 20th May,TO BE PLACED,20-05-2020 07:37,28230535,4. Panel,1,1.58,1,1.47753265561899456900153182008076869517,1,1001,1,1001,718.1,718.1,0
170473165,AUS / Bend (AUS) 20th May,TO BE PLACED,20-05-2020 07:37,13419416,5. Light The Track,0,8,1,7.95860884499785315586088449978531558609,1,1001,1,1001,46.58,46.58,0
170473165,AUS / Bend (AUS) 20th May,TO BE PLACED,20-05-2020 07:37,19568784,2. Another Vader,0,6.2,1,5.78395007663674184366104663893146485658,1,1001,1,1001,91.34,91.34,0
170473165,AUS / Bend (AUS) 20th May,TO BE PLACED,20-05-2020 07:37,20453346,6. Zoes All,0,15.408167198,1,7.72217410134257254222607189259419662191,1,1001,1,1001,184.72,184.72,0
170473167,AUS / Rich (AUS) 20th May,TO BE PLACED,20-05-2020 10:25,28494458,2. Luke Pride,0,2.04256,1,2.15226427962489343563512361466325660699,1,1001,1,1001,234.6,234.6,0
170473167,AUS / Rich (AUS) 20th May,TO BE PLACED,20-05-2020 10:25,28243801,3. Good Odds Kanga,0,3.039187308449764,1,2.55116974330287774255702653987196221021,1,1001,1,1001,321.78,321.78,0
170473167,AUS / Rich (AUS) 20th May,TO BE PLACED,20-05-2020 10:25,28373335,8. Private Parking,0,3.4,1,3.36921708185053380782918149466192170819,1,1001,1,1001,56.2,56.2,0
170473173,AUS / Bend (AUS) 20th May,TO BE PLACED,20-05-2020 08:16,27584674,8. Mr Daver,0,2.4226360928789656,1,2.27340106180769482860326407550632496559,1,1001,1,1001,305.14,305.14,0
170473247,AUS / Ball (AUS) 20th May,TO BE PLACED,20-05-2020 12:38,24606956,4. Aston Eureka,0,11.283348759301003,1,1,1,1001,1,1001,0,53.38,0
170473247,AUS / Ball (AUS) 20th May,TO BE PLACED,20-05-2020 12:38,27614604,1. Starchie,1,3.082013281792051,1,1,1,1001,1,1001,0,484.72,0
170473283,AUS / Mead (AUS) 20th May,TO BE PLACED,20-05-2020 03:47,24264622,1. Galway Grange,1,1.129248777767039,1,1.08938958119043501215194021427466115657,1,1001,1,1001,2197.18,2197.18,0
170473283,AUS / Mead (AUS) 20th May,TO BE PLACED,20-05-2020 03:47,28110177,5. Aston Athena,0,3.65,1,2.66583205605430260564922268447558572367,1,1001,1,1001,182.68,182.68,0
170473283,AUS / Mead (AUS) 20th May,TO BE PLACED,20-05-2020 03:47,26810727,4. Oscar The Scout,0,3.6868659935866894,1,2.32320586470033439080853982680270942296,1,1001,1,1001,233.26,233.26,0
170473283,AUS / Mead (AUS) 20th May,TO BE PLACED,20-05-2020 03:47,27453931,6. Who Is Arandt,1,4.438764241186,1,2.72910098404509410528327123340021018439,1,1001,1,1001,209.34,209.34,0
170473354,AUS / Cann (AUS) 20th May,TO BE PLACED,20-05-2020 13:42,19063439,6. Torglo,0,5.2250590948268645,1,1,1,1001,1,1001,0,493.92,0
170473361,AUS / Cann (AUS) 20th May,TO BE PLACED,20-05-2020 14:12,28494907,2. Scary Fun,0,1.5238261634981605,1,1,1,1001,1,1001,0,2117.42,0
170473947,AUS / MBdg (AUS) 20th May,TO BE PLACED,20-05-2020 06:36,27390857,5. Two Spot Bob,1,2,1,1.911235289791115033833480435422182995,1,1001,1,1001,543.84,543.84,0
170472972,AUS / Graf (AUS) 20th May,TO BE PLACED,20-05-2020 08:04,17344212,5. Kingsbrae Millie,0,6.4,1,4.19467140319715808170515097690941385435,1,1001,1,1001,11.26,11.26,0
170472972,AUS / Graf (AUS) 20th May,TO BE PLACED,20-05-2020 08:04,21149891,3. Dyna Hannah,0,5.44823542932165,1,3.23745921696574225122349102773246329527,1,1001,1,1001,98.08,98.08,0
170472978,AUS / Graf (AUS) 20th May,TO BE PLACED,20-05-2020 08:47,28494494,10. Jet Black Beach,0,4.255329002,1,3.1377439724454649827784156142365097589,1,1001,1,1001,69.68,69.68,0
170473638,AUS / Rock (AUS) 20th May,TO BE PLACED,20-05-2020 09:55,28309382,4. Shorts Small,0,7.8,1,6.6189502385821404226312201772324471711,1,1001,1,1001,117.36,117.36,0
170472958,AUS / Graf (AUS) 20th May,TO BE PLACED,20-05-2020 07:07,26067492,2. Loch It,1,2,1,1.86299002302379125095932463545663852648,1,1001,1,1001,130.3,130.3,0
170472958,AUS / Graf (AUS) 20th May,TO BE PLACED,20-05-2020 07:07,28392463,3. Wild Ambition,0,1.8615096837696368,1,1.7769918782769610362907371234707515164,1,1001,1,1001,194.54,194.54,0
170472958,AUS / Graf (AUS) 20th May,TO BE PLACED,20-05-2020 07:07,28494475,6. Little Winlock,0,3.8007122818911014,1,1.85962834280901242366814066119182985892,1,1001,1,1001,379.92,379.92,0
170472958,AUS / Graf (AUS) 20th May,TO BE PLACED,20-05-2020 07:07,28494476,8. Kasatkina,1,1.6915004542956376,1,1.59136560923109495747909241681075549596,1,1001,1,1001,566.78,566.78,0
170473020,AUS / Gunn (AUS) 20th May,TO BE PLACED,20-05-2020 09:19,24427245,1. Sunshine Ruby,1,1.76,1,1.55270795944005743000717875089734386217,1,1001,1,1001,891.52,891.52,0
170474095,AUS / APrk (AUS) 20th May,TO BE PLACED,20-05-2020 07:34,23169211,8. Lady Surprise,0,124.44035291034729,1,58.9566305254378648874061718098415346122,1,1001,1,1001,23.98,23.98,0
170473333,AUS / Cann (AUS) 20th May,TO BE PLACED,20-05-2020 12:02,26205499,1. Fremont Fun,0,4.7,1,1,1,1001,1,1001,0,57.48,0
170473333,AUS / Cann (AUS) 20th May,TO BE PLACED,20-05-2020 12:02,28420602,4. Dancing Fun,1,2,1,1,1,1001,1,1001,0,333.56,0
170473358,AUS / Cann (AUS) 20th May,TO BE PLACED,20-05-2020 13:57,22939693,4. Racing Pulse,0,5.9,1,1,1,1001,1,1001,0,386.84,0
170473923,AUS / MBdg (AUS) 20th May,TO BE PLACED,20-05-2020 04:29,28260216,8. Almighty Stripe,1,2.3085661377701028,1,1.97022688567818491457452068340383453277,1,1001,1,1001,728.12,728.12,0
170472966,AUS / Cran (AUS) 20th May,TO BE PLACED,20-05-2020 12:56,27399245,4. Slingshot Reaper,1,1.5351408802792865,1,1,1,1001,1,1001,0,2878.04,0
170473287,AUS / Mead (AUS) 20th May,TO BE PLACED,20-05-2020 04:22,28494380,6. Inga Leo,0,16,1,5.49852348993288590604026845637583892617,1,1001,1,1001,44.7,44.7,0
170473287,AUS / Mead (AUS) 20th May,TO BE PLACED,20-05-2020 04:22,20993452,3. Mid Life Crisis,1,3.6,1,2.27319986251933321876611101563842584637,1,1001,1,1001,232.76,232.76,0
170473289,AUS / Mead (AUS) 20th May,TO BE PLACED,20-05-2020 04:40,24442140,2. Devils Corner,1,4.165413916759427,1,2.73019733303134112850712040995441805158,1,1001,1,1001,706.42,706.42,0
170473291,AUS / Mead (AUS) 20th May,TO BE PLACED,20-05-2020 04:57,24771940,6. Angie Ling,0,7.6,1,5.08240491475115620901497894664181680127,1,1001,1,1001,144.87,144.87,0
170473299,AUS / Mead (AUS) 20th May,TO BE PLACED,20-05-2020 06:07,27068394,4. Maddie Zorro,1,7.002835565623353,1,4.0609375,1,1001,1,1001,166.4,166.4,0
170473299,AUS / Mead (AUS) 20th May,TO BE PLACED,20-05-2020 06:07,27541150,3. Lori Love,0,4.689553104312508,1,3.89448010763021333845858158754564674226,1,1001,1,1001,520.3,520.3,0
170473155,AUS / Bend (AUS) 20th May,TO BE PLACED,20-05-2020 06:29,26676204,3. Casanova Man,0,3.39510180586658,1,2.62015057573073516386182462356067316209,1,1001,1,1001,90.32,90.32,0
170473155,AUS / Bend (AUS) 20th May,TO BE PLACED,20-05-2020 06:29,27077362,8. Aston Sofia,0,2,1,1.72081615828524319868095630667765869744,1,1001,1,1001,169.82,169.82,0
170473155,AUS / Bend (AUS) 20th May,TO BE PLACED,20-05-2020 06:29,28452927,7. Mcivor Ernie,1,2.34,1,2.23698803046789989118607181719260065288,1,1001,1,1001,91.9,91.9,0
170473183,AUS / Rich (AUS) 20th May,TO BE PLACED,20-05-2020 11:45,21627168,8. Detroit Cobra,0,6.871589721757919,1,5.5354323995127892813641900121802679659,1,1001,1,1001,164.2,164.2,0
170473183,AUS / Rich (AUS) 20th May,TO BE PLACED,20-05-2020 11:45,22693557,5. Wild Wally,0,4.8,1,4.39110959968907889623008161678973960358,1,1001,1,1001,205.84,205.84,0
170474101,AUS / APrk (AUS) 20th May,TO BE PLACED,20-05-2020 08:32,21014777,7. Fernando Bee,0,3.2860311583854496,1,2.30636657483930211202938475665748393021,1,1001,1,1001,544.5,544.5,0
170474101,AUS / APrk (AUS) 20th May,TO BE PLACED,20-05-2020 08:32,22745700,4. Inquisitive Me,1,3.15,1,3.10111450703483163829899351846972651104,1,1001,1,1001,759.08,759.08,0
170473197,AUS / Ball (AUS) 20th May,TO BE PLACED,20-05-2020 09:58,28494429,2. Fishbone Express,0,2.050473415,1,1.8653669585393475678811148247382813579,1,1001,1,1001,724.06,724.06,0
170473197,AUS / Ball (AUS) 20th May,TO BE PLACED,20-05-2020 09:58,28494430,3. Ghost Ship,0,3.7,1,3.46072149344096871846619576185671039354,1,1001,1,1001,39.64,39.64,0
170473197,AUS / Ball (AUS) 20th May,TO BE PLACED,20-05-2020 09:58,28494434,8. Tiggerlong Pat,1,1.948151455,1,1.85365466616289739299400874399525017542,1,1001,1,1001,370.54,370.54,0
170473225,AUS / Ball (AUS) 20th May,TO BE PLACED,20-05-2020 11:38,21098369,1. Know Success,0,15.8212123667635,1,9.72355782892867291844273941460642227906,1,1001,1,1001,70.38,70.38,0
170473279,AUS / Mead (AUS) 20th May,TO BE PLACED,20-05-2020 03:12,27500220,2. Bounce Back,1,1.2,1,1.1673196904661145033552989541140197086,1,1001,1,1001,1323.28,1323.28,0
170473279,AUS / Mead (AUS) 20th May,TO BE PLACED,20-05-2020 03:12,28494376,1. Jack Of Hearts,1,1.58,1,1.5900018849697226738295516128272189628,1,1001,1,1001,848.82,848.82,0
170473877,AUS / MBdg (AUS) 20th May,TO BE PLACED,20-05-2020 03:37,28252069,5. Allegra Bliss,1,1.66,1,1.61213347425637928431224520609995470331,1,1001,1,1001,132.46,132.46,0
170473177,AUS / Bend (AUS) 20th May,TO BE PLACED,20-05-2020 08:39,28494370,10. Elegant Malt,0,2.26,1,2.13998279740637819240439327775572317057,1,1001,1,1001,302.28,302.28,0
170473179,AUS / Rich (AUS) 20th May,TO BE PLACED,20-05-2020 11:25,27302022,2. Kegless Cassian,0,4.689388358154538,1,2.62578197790496472780513776121389591375,1,1001,1,1001,150.26,150.26,0
170473185,AUS / Rich (AUS) 20th May,TO BE PLACED,20-05-2020 12:05,28494479,3. Pamelas Girl,0,1.8678510252539127,1,1,1,1001,1,1001,0,522.88,0
170473185,AUS / Rich (AUS) 20th May,TO BE PLACED,20-05-2020 12:05,24415084,4. Two One Parking,0,18.661388635374607,1,1,1,1001,1,1001,0,82.72,0
170473191,AUS / Rich (AUS) 20th May,TO BE PLACED,20-05-2020 13:08,27391352,2. Esthers Angel,0,1.76,1,1,1,1001,1,1001,0,645.52,0
170473191,AUS / Rich (AUS) 20th May,TO BE PLACED,20-05-2020 13:08,22624812,3. Seven Hour Park,0,2.3950381818288595,1,1,1,1001,1,1001,0,1046.18,0
170473191,AUS / Rich (AUS) 20th May,TO BE PLACED,20-05-2020 13:08,23882042,7. Strawberry Swirl,0,4.438155362,1,1,1,1001,1,1001,0,262.92,0
170473335,AUS / Cann (AUS) 20th May,TO BE PLACED,20-05-2020 12:22,28494892,3. Rapido Dinero,0,1.6932403736702688,1,1.21533892739853036548508090759415528371,1,1001,1,1001,3.82,1384.12,0
170473940,AUS / MBdg (AUS) 20th May,TO BE PLACED,20-05-2020 05:57,22820945,2. Cawbourne Get Up,0,1.9562850546598929,1,1.76494004567948229920060905976398934145,1,1001,1,1001,210.16,210.16,0
170473816,AUS / Rock (AUS) 20th May,TO BE PLACED,20-05-2020 11:15,19073411,7. Speed Action,0,11.591712647443636,1,12.9575900097307817061303924748621472592,1,1001,1,1001,123.32,123.32,0
170473822,AUS / Rock (AUS) 20th May,TO BE PLACED,20-05-2020 12:12,25309324,2. Tuta Time,1,2.54,1,1,1,1001,1,1001,0,315.22,0
170473822,AUS / Rock (AUS) 20th May,TO BE PLACED,20-05-2020 12:12,28013702,7. Remember Col,0,2.0652849152778803,1,1.29999441186879852238046546191786623583,1,1001,1,1001,1.02,1449.42,0
170473921,AUS / MBdg (AUS) 20th May,TO BE PLACED,20-05-2020 04:12,22041271,8. Winsome Bailey,0,2.421136258552532,1,2.12585489169994688280773543703645413232,1,1001,1,1001,1016.62,1016.62,0
170473921,AUS / MBdg (AUS) 20th May,TO BE PLACED,20-05-2020 04:12,16624685,4. Stir Crazy,0,3.7,1,2.1498603097479501973883996355906468266,1,1001,1,1001,131.72,131.72,0
170474093,AUS / APrk (AUS) 20th May,TO BE PLACED,20-05-2020 07:17,24167887,7. Te Kiewa Sunrise,0,3.05,1,2.93008844112897023763746827655156502346,1,1001,1,1001,260.06,260.06,0
170474099,AUS / APrk (AUS) 20th May,TO BE PLACED,20-05-2020 08:12,26934074,6. Yogi Bear,0,1.4492607761195173,1,1.39312486450311525011546691048251029776,1,1001,1,1001,2121.82,2121.82,0
170472982,AUS / Graf (AUS) 20th May,TO BE PLACED,20-05-2020 09:27,26920076,1. Orara Charlotte,1,1.5115027561305034,1,1.39326226624345099238976633905694290413,1,1001,1,1001,1045.96,1045.96,0
170473931,AUS / MBdg (AUS) 20th May,TO BE PLACED,20-05-2020 05:05,23535417,4. Dyna Virion,0,3.2138347512007748,1,2.57884120752673615811560850142141600108,1,1001,1,1001,147.74,147.74,0
170473931,AUS / MBdg (AUS) 20th May,TO BE PLACED,20-05-2020 05:05,23736052,1. Allinga Jess,1,1.5719684134518324,1,1.44377926000503397936068462119305310848,1,1001,1,1001,476.76,476.76,0
170473942,AUS / MBdg (AUS) 20th May,TO BE PLACED,20-05-2020 06:17,25402453,8. Double Eleven,0,5.6,1,3.66835902817015094035031075954475744612,1,1001,1,1001,247.78,247.78,0
170473223,AUS / Ball (AUS) 20th May,TO BE PLACED,20-05-2020 11:18,26176576,2. Aston Squire,1,3.497090445859212,1,2.74467267779971189243984420850450834978,1,1001,1,1001,374.86,374.86,0
170473223,AUS / Ball (AUS) 20th May,TO BE PLACED,20-05-2020 11:18,20229180,4. Bobs Brew,0,2.241186365172963,1,1.84544424327767719439415275263193187152,1,1001,1,1001,596.52,596.52,0
170473348,AUS / Cann (AUS) 20th May,TO BE PLACED,20-05-2020 13:25,26971334,4. Squillionaire,1,1.4306327131611762,1,1.12999967707086587491916421354112559848,1,1001,1,1001,9.42,1816.9,0
170473348,AUS / Cann (AUS) 20th May,TO BE PLACED,20-05-2020 13:25,19741110,3. Bee Dee,0,8,1,1,1,1001,1,1001,0,77.74,0
170472970,AUS / Graf (AUS) 20th May,TO BE PLACED,20-05-2020 07:42,19086808,1. Majestic Marvel,0,14.935806389593054,1,7.95128698580707240798652874669232619678,1,1001,1,1001,83.14,83.14,0
170472944,AUS / Cran (AUS) 20th May,TO BE PLACED,20-05-2020 10:28,27056130,3. Its A Tiger,0,1.69,1,1.61815908075845547931300499411263145073,1,1001,1,1001,985.16,985.16,0
170472944,AUS / Cran (AUS) 20th May,TO BE PLACED,20-05-2020 10:28,23199483,2. Crackerjack Scot,1,2.9730598093205485,1,2.26376680649671937184037861675809400882,1,1001,1,1001,185.94,185.94,0
170472946,AUS / Cran (AUS) 20th May,TO BE PLACED,20-05-2020 10:48,23275839,8. Lets Roll,0,1.88,1,1.83536607449498891629460801148958756127,1,1001,1,1001,640.58,640.58,0
170472946,AUS / Cran (AUS) 20th May,TO BE PLACED,20-05-2020 10:48,27838007,5. Mahjong Buddy,0,2.48,1,1.80778574067233099371998522349464351681,1,1001,1,1001,270.7,270.7,0
170472948,AUS / Cran (AUS) 20th May,TO BE PLACED,20-05-2020 11:08,28420134,5. Joyful,0,2.402351278420537,1,1.55605849985519837822183608456414711845,1,1001,1,1001,1243.08,1243.08,0
170472948,AUS / Cran (AUS) 20th May,TO BE PLACED,20-05-2020 11:08,27585296,1. According,1,1.53,1,1.41493015231843810485567617604981906926,1,1001,1,1001,950.64,950.64,0
170472948,AUS / Cran (AUS) 20th May,TO BE PLACED,20-05-2020 11:08,27984464,8. Razor Roy,1,8.4,1,5.48393285371702637889688249400479616307,1,1001,1,1001,83.4,83.4,0
170472950,AUS / Graf (AUS) 20th May,TO BE PLACED,20-05-2020 06:32,26250666,1. Three Sore Feet,1,2.110770596745132,1,1.99173533083645443196004993757802746567,1,1001,1,1001,64.08,64.08,0
170472950,AUS / Graf (AUS) 20th May,TO BE PLACED,20-05-2020 06:32,27743976,6. Nastassja,0,8.723909191759303,1,8.03896197513065417192286898540277527482,1,1001,1,1001,55.49,55.49,0
170472968,AUS / Cran (AUS) 20th May,TO BE PLACED,20-05-2020 13:12,28276934,2. Johnny Be Good,1,1.31,1,1,1,1001,1,1001,0,1829.44,0
170472968,AUS / Cran (AUS) 20th May,TO BE PLACED,20-05-2020 13:12,27185209,3. Superior Kiki,0,2.66,1,1,1,1001,1,1001,0,703.62,0
170472968,AUS / Cran (AUS) 20th May,TO BE PLACED,20-05-2020 13:12,27289856,1. Twinkle Love,1,1.9146147322887557,1,1,1,1001,1,1001,0,1579.98,0
170472968,AUS / Cran (AUS) 20th May,TO BE PLACED,20-05-2020 13:12,26894931,5. April Joon,0,3.4473115427797896,1,1,1,1001,1,1001,0,131.36,0
170472940,AUS / Cran (AUS) 20th May,TO BE PLACED,20-05-2020 09:48,28494395,3. Our Henrietta,0,2.9235992372818878,1,2.26639366883116883116883116883116883117,1,1001,1,1001,246.4,246.4,0
170472942,AUS / Cran (AUS) 20th May,TO BE PLACED,20-05-2020 10:08,28356408,3. Big Bash Punter,0,3.95,1,3.02009168825991628463225034881403229021,1,1001,1,1001,100.34,100.34,0
170472942,AUS / Cran (AUS) 20th May,TO BE PLACED,20-05-2020 10:08,28494406,4. Giant Shadow,0,9.2,1,2.55639215686274509803921568627450980392,1,1001,1,1001,25.5,25.5,0
170473008,AUS / Gunn (AUS) 20th May,TO BE PLACED,20-05-2020 07:24,26751686,2. Clean Up Speedy,0,8.8,1,3.75689655172413793103448275862068965517,1,1001,1,1001,4.64,4.64,0
170473008,AUS / Gunn (AUS) 20th May,TO BE PLACED,20-05-2020 07:24,25947443,7. Maddies Girl,0,11,1,6.57170663885992353145637817170663885992,1,1001,1,1001,57.54,57.54,0
170473018,AUS / Gunn (AUS) 20th May,TO BE PLACED,20-05-2020 09:04,27902348,3. Opal Sky,0,1.7045499251737786,1,1.36928523714094856379425517702070808283,1,1001,1,1001,269.46,269.46,0
170473018,AUS / Gunn (AUS) 20th May,TO BE PLACED,20-05-2020 09:04,22435063,7. Rubys Saga,0,5.390571811154079,1,3.96082089552238805970149253731343283582,1,1001,1,1001,75.04,75.04,0
170473149,AUS / Bend (AUS) 20th May,TO BE PLACED,20-05-2020 05:37,27390895,7. Barellan Rae,0,1.9951867234596286,1,1.7001502237374813552098870658427445131,1,1001,1,1001,187.72,187.72,0
170473153,AUS / Bend (AUS) 20th May,TO BE PLACED,20-05-2020 06:12,26962276,2. Chocolate Rocket,0,63.249327574446795,1,13.1889081455805892547660311958405545927,1,1001,1,1001,46.16,46.16,0
170473163,AUS / Rich (AUS) 20th May,TO BE PLACED,20-05-2020 10:05,28494453,3. Perfect Parking,0,10.5,1,8.65652173913043478260869565217391304348,1,1001,1,1001,19.78,19.78,0
170473199,AUS / Ball (AUS) 20th May,TO BE PLACED,20-05-2020 10:18,26962283,6. Aston Fume,0,3.3031681678723546,1,2.96644588500563697857948139797068771139,1,1001,1,1001,212.88,212.88,0
170473201,AUS / Ball (AUS) 20th May,TO BE PLACED,20-05-2020 10:38,28494444,4. Free Advice,0,9.8,1,6.3900976290097629009762900976290097629,1,1001,1,1001,14.34,14.34,0
170473201,AUS / Ball (AUS) 20th May,TO BE PLACED,20-05-2020 10:38,28494443,3. Yoel Bale,1,1.774670158250519,1,1.47284839024390243902439024390243902439,1,1001,1,1001,512.5,512.5,0
170473245,AUS / Ball (AUS) 20th May,TO BE PLACED,20-05-2020 12:19,26895070,7. Why Not Patrick,0,4.724988420791923,1,1,1,1001,1,1001,0,408.88,0
170473249,AUS / Ball (AUS) 20th May,TO BE PLACED,20-05-2020 13:01,23952805,6. Pictor Lucy,0,2.88,1,1,1,1001,1,1001,0,397.7,0
170473251,AUS / Ball (AUS) 20th May,TO BE PLACED,20-05-2020 13:22,24324747,8. Kraken Pat,1,5.518909019126951,1,1,1,1001,1,1001,0,1110.58,0
170473337,AUS / Cann (AUS) 20th May,TO BE PLACED,20-05-2020 12:42,28494897,1. Production,1,3.065305302,1,1,1,1001,1,1001,0,442.32,0
170473365,AUS / Cann (AUS) 20th May,TO BE PLACED,20-05-2020 14:27,26205500,2. Charos Hope,1,1.6526889996737741,1,1,1,1001,1,1001,0,1051.78,0
170473368,AUS / Cann (AUS) 20th May,TO BE PLACED,20-05-2020 14:50,28494912,8. Major Fun,0,1.7176164803103888,1,1,1,1001,1,1001,0,1348.08,0
170473708,AUS / Rock (AUS) 20th May,TO BE PLACED,20-05-2020 10:15,28494619,2. Sweet Blue,1,1.29,1,1.19591185708676874754613270514330585002,1,1001,1,1001,815.04,815.04,0
170473818,AUS / Rock (AUS) 20th May,TO BE PLACED,20-05-2020 11:35,15983523,7. Mon Manny Beach,1,2.467837615,1,2.28568261787473610133708655876143560873,1,1001,1,1001,454.72,454.72,0
170473818,AUS / Rock (AUS) 20th May,TO BE PLACED,20-05-2020 11:35,24860508,3. Peppa Jewel,0,3.421450042,1,3.03896573910246099404857648383464693582,1,1001,1,1001,186.51,186.51,0
170472954,AUS / Graf (AUS) 20th May,TO BE PLACED,20-05-2020 06:52,28424530,3. Hazel Bonus,1,1.77,1,1.69865690482201464276697803584953294623,1,1001,1,1001,79.22,79.22,0
170472954,AUS / Graf (AUS) 20th May,TO BE PLACED,20-05-2020 06:52,28346748,7. Overgrip,1,2.24,1,1.42031791907514450867052023121387283237,1,1001,1,1001,41.52,41.52,0
170472962,AUS / Cran (AUS) 20th May,TO BE PLACED,20-05-2020 12:34,15814875,7. Desiree Dancer,0,6.4,1,1,1,1001,1,1001,0,131.38,0
170472962,AUS / Cran (AUS) 20th May,TO BE PLACED,20-05-2020 12:34,26734553,1. Its A Drama,0,1.6900788515931344,1,1,1,1001,1,1001,0,1865.24,0
170472962,AUS / Cran (AUS) 20th May,TO BE PLACED,20-05-2020 12:34,22125660,5. Maverick Bob,0,3.98262169018395,1,1,1,1001,1,1001,0,384.98,0
170472964,AUS / Graf (AUS) 20th May,TO BE PLACED,20-05-2020 07:27,19132401,3. Elite Jax,0,8.317234826,1,4.52904286256163863952459223669237577443,1,1001,1,1001,158.18,158.18,0
170473006,AUS / Gunn (AUS) 20th May,TO BE PLACED,20-05-2020 07:05,15983364,5. Impact Rose,1,7.483790523690773,1,6.01019332161687170474516695957820738137,1,1001,1,1001,102.42,102.42,0
170473820,AUS / Rock (AUS) 20th May,TO BE PLACED,20-05-2020 11:55,22790633,8. Waltzing Danube,1,1.509438313371065,1,1.39172611963670529282806138427810836204,1,1001,1,1001,1277.2,1277.2,0
170473157,AUS / Bend (AUS) 20th May,TO BE PLACED,20-05-2020 06:46,27270458,4. Lancashire,0,4.9,1,3.8840782122905027932960893854748603352,1,1001,1,1001,21.48,21.48,0
170473165,AUS / Bend (AUS) 20th May,TO BE PLACED,20-05-2020 07:37,18864082,1. Blazin Stripes,0,2.34,1,2.25069678586011783235139707169106924109,1,1001,1,1001,685.72,685.72,0
170473173,AUS / Bend (AUS) 20th May,TO BE PLACED,20-05-2020 08:16,27829863,3. Parrotfish Fozz,0,9.2,1,5.1,1,1001,1,1001,24.36,24.36,0
170473173,AUS / Bend (AUS) 20th May,TO BE PLACED,20-05-2020 08:16,28110181,6. Aston Cinnamon,1,2.3,1,2.12524382520582647245091830272324255858,1,1001,1,1001,252.64,252.64,0
170473285,AUS / Mead (AUS) 20th May,TO BE PLACED,20-05-2020 04:05,23503239,1. Settled,0,8.8,1,5.83106194690265486725663716814159292035,1,1001,1,1001,45.2,45.2,0
170473361,AUS / Cann (AUS) 20th May,TO BE PLACED,20-05-2020 14:12,28494908,4. Whats Up Marty,1,5.6,1,1,1,1001,1,1001,0,56.02,0
170473947,AUS / MBdg (AUS) 20th May,TO BE PLACED,20-05-2020 06:36,27664795,4. Cawbourne Toe,1,1.5228230706974495,1,1.27747381683597133632569493660918182534,1,1001,1,1001,253.98,253.98,0
170472972,AUS / Graf (AUS) 20th May,TO BE PLACED,20-05-2020 08:04,26542380,6. Mr Blaster,1,1.8,1,1.35514272768463978251019483461712732216,1,1001,1,1001,176.56,176.56,0
170472978,AUS / Graf (AUS) 20th May,TO BE PLACED,20-05-2020 08:47,26962406,7. Nimble Valley,1,3.628230113778262,1,3.44306314318383941049421928598653284208,1,1001,1,1001,157.42,157.42,0
170473014,AUS / Gunn (AUS) 20th May,TO BE PLACED,20-05-2020 08:21,28161109,8. Typhoon Curly,0,10.574879194630777,1,6.28512639623750734861845972957084068195,1,1001,1,1001,34.02,34.02,0
170473020,AUS / Gunn (AUS) 20th May,TO BE PLACED,20-05-2020 09:19,13574614,2. Cougar County,0,8.229041555891383,1,4.5302546396201985325852395338800172637,1,1001,1,1001,46.34,46.34,0
170473370,AUS / Cann (AUS) 20th May,TO BE PLACED,20-05-2020 15:07,27334068,4. Laptop Genius,0,2.68740721227703,1,1,1,1001,1,1001,0,306.18,0
170473010,AUS / Gunn (AUS) 20th May,TO BE PLACED,20-05-2020 07:46,25645522,6. Typhoon Elsie,0,2.58,1,2.33137454545454545454545454545454545455,1,1001,1,1001,27.5,27.5,0
170473010,AUS / Gunn (AUS) 20th May,TO BE PLACED,20-05-2020 07:46,24878205,5. Buck Wind,0,2.005438002,1,1.52295621903869326549738920872941491498,1,1001,1,1001,149.38,149.38,0
170474089,AUS / APrk (AUS) 20th May,TO BE PLACED,20-05-2020 06:42,28494526,2. Swift Werina,0,1.6129789868265654,1,1.33680703745743473325766174801362088536,1,1001,1,1001,352.4,352.4,0
170474089,AUS / APrk (AUS) 20th May,TO BE PLACED,20-05-2020 06:42,28494527,4. Desperado Lad,0,3.3,1,2.9,1,1001,1,1001,3.98,3.98,0
170473875,AUS / MBdg (AUS) 20th May,TO BE PLACED,20-05-2020 03:22,28494387,6. Go Fashion Girl,0,18.775158828,1,10.2282642523695006365822605743386617626,1,1001,1,1001,70.69,70.69,0
170473923,AUS / MBdg (AUS) 20th May,TO BE PLACED,20-05-2020 04:29,25909457,4. Mepunga Lock,0,3.01525,1,2.20077289571201694017998941238750661726,1,1001,1,1001,188.9,188.9,0
170473933,AUS / MBdg (AUS) 20th May,TO BE PLACED,20-05-2020 05:22,28356623,3. Good Odds Diana,1,1.7240186506877944,1,1.48991047686580393547243396560893458607,1,1001,1,1001,451.28,451.28,0
170473938,AUS / MBdg (AUS) 20th May,TO BE PLACED,20-05-2020 05:42,17005801,2. Nirimba Pirate,0,3.123662555,1,1.92694902261402836335760827903411268685,1,1001,1,1001,260.9,260.9,0
170473938,AUS / MBdg (AUS) 20th May,TO BE PLACED,20-05-2020 05:42,20831798,7. Premier Double,0,5.955401387512389,1,3.52470635884973673552045362494937221547,1,1001,1,1001,49.38,49.38,0
170472956,AUS / Cran (AUS) 20th May,TO BE PLACED,20-05-2020 11:48,24472651,2. Crowdza Starring,0,2.250623540432426,1,1.67858162355040142729705619982158786798,1,1001,1,1001,448.4,448.4,0
170472956,AUS / Cran (AUS) 20th May,TO BE PLACED,20-05-2020 11:48,24715242,4. Philadelphia Pip,0,1.91,1,1.5853182564289622469451030457778588364,1,1001,1,1001,109.66,109.66,0
170472966,AUS / Cran (AUS) 20th May,TO BE PLACED,20-05-2020 12:56,20453485,6. Brother Griff,1,2.02,1,1,1,1001,1,1001,0,1132.88,0
170472974,AUS / Cran (AUS) 20th May,TO BE PLACED,20-05-2020 13:32,21963059,6. Little Rage,1,3.555252099,1,1,1,1001,1,1001,0,258.64,0
170473159,AUS / Bend (AUS) 20th May,TO BE PLACED,20-05-2020 07:02,25887007,5. Dundee Vulcan,0,6.6,1,3.9536695182350292660963529941467807294,1,1001,1,1001,44.42,44.42,0
170473187,AUS / Rich (AUS) 20th May,TO BE PLACED,20-05-2020 12:26,27727978,5. Madison Envy,0,2.18,1,1,1,1001,1,1001,0,410.52,0
170473287,AUS / Mead (AUS) 20th May,TO BE PLACED,20-05-2020 04:22,28494381,8. Farmor Beach,0,1.9266185041895363,1,1.65327752106550693123131285675455286763,1,1001,1,1001,367.9,367.9,0
170473297,AUS / Mead (AUS) 20th May,TO BE PLACED,20-05-2020 05:50,23081138,4. Star Night,0,8,1,6.58254128749578699022581732389619143916,1,1001,1,1001,178.02,178.02,0
170473299,AUS / Mead (AUS) 20th May,TO BE PLACED,20-05-2020 06:07,23503100,1. Harrell Bale,0,6,1,3.17291491659666386655466218648745949838,1,1001,1,1001,166.66,166.66,0
170473155,AUS / Bend (AUS) 20th May,TO BE PLACED,20-05-2020 06:29,26284846,6. Hitomi Bale,0,13.645677777777887,1,10.3720050441361916771752837326607818411,1,1001,1,1001,15.86,15.86,0
170473171,AUS / Rich (AUS) 20th May,TO BE PLACED,20-05-2020 10:45,27932893,2. Remember Pete,0,5,1,3.67188049761246544357878864036189997487,1,1001,1,1001,636.64,636.64,0
170473171,AUS / Rich (AUS) 20th May,TO BE PLACED,20-05-2020 10:45,28429599,7. Bugatti Motion,1,2.97,1,3.03894722670974690360796984383414108778,1,1001,1,1001,74.28,74.28,0
170474097,AUS / APrk (AUS) 20th May,TO BE PLACED,20-05-2020 07:49,23568858,7. Moby Go,0,89.99588134436868,1,27.7766749379652605459057071960297766749,1,1001,1,1001,8.06,8.06,0
170473195,AUS / Rich (AUS) 20th May,TO BE PLACED,20-05-2020 13:50,26735149,1. Jaydens Boy,0,1.6949856665986593,1,1,1,1001,1,1001,0,1108.38,0
170473197,AUS / Ball (AUS) 20th May,TO BE PLACED,20-05-2020 09:58,28494431,4. Astro Naughton,0,7,1,6.20132450331125827814569536423841059603,1,1001,1,1001,6.04,6.04,0
170473279,AUS / Mead (AUS) 20th May,TO BE PLACED,20-05-2020 03:12,28494377,4. Weblec Storm,0,4.3,1,2.30823316912972085385878489326765188834,1,1001,1,1001,243.6,243.6,0
170473877,AUS / MBdg (AUS) 20th May,TO BE PLACED,20-05-2020 03:37,27313662,4. Hopes Girl,0,1.93,1,1.22249646202574297459397533526517959431,1,1001,1,1001,593.56,593.56,0
170473877,AUS / MBdg (AUS) 20th May,TO BE PLACED,20-05-2020 03:37,27399267,8. Christies Lad,1,1.48,1,1.53169796618093976466921218732954102704,1,1001,1,1001,256.66,256.66,0
170473877,AUS / MBdg (AUS) 20th May,TO BE PLACED,20-05-2020 03:37,28494391,3. Gypsy By Design,0,11.5,1,13.0054347826086956521739130434782608696,1,1001,1,1001,123.28,123.28,0
170473177,AUS / Bend (AUS) 20th May,TO BE PLACED,20-05-2020 08:39,27091841,1. Jitterbug Witch,1,5.1943409,1,5.02358366271409749670619235836627140975,1,1001,1,1001,60.72,60.72,0
170473179,AUS / Rich (AUS) 20th May,TO BE PLACED,20-05-2020 11:25,27571843,3. His Ticking,0,2.397735712859421,1,2.15728118921922756321200333425951653237,1,1001,1,1001,431.88,431.88,0
170473185,AUS / Rich (AUS) 20th May,TO BE PLACED,20-05-2020 12:05,23881907,2. Zipping Dion,1,1.7766099082981235,1,1,1,1001,1,1001,0,361.28,0
170473331,AUS / Cann (AUS) 20th May,TO BE PLACED,20-05-2020 11:42,24287194,2. Im Your Man,0,14.5,1,10.6215351812366737739872068230277185501,1,1001,1,1001,9.38,9.38,0
170473335,AUS / Cann (AUS) 20th May,TO BE PLACED,20-05-2020 12:22,28393176,1. Fabs Winnie,1,3.0794375,1,1,1,1001,1,1001,0,287.58,0
170473940,AUS / MBdg (AUS) 20th May,TO BE PLACED,20-05-2020 05:57,25555909,1. Danyos Sarah,1,6.2,1,5.98212348230431413071557737018858176182,1,1001,1,1001,154.84,154.84,0
170473816,AUS / Rock (AUS) 20th May,TO BE PLACED,20-05-2020 11:15,28420243,5. Craigs Regret,1,1.46,1,1.39150892875118278271023333534658049969,1,1001,1,1001,993.42,993.42,0
170473822,AUS / Rock (AUS) 20th May,TO BE PLACED,20-05-2020 12:12,21544041,3. Red Jamie,0,5.6,1,1,1,1001,1,1001,0,264.7,0
170474093,AUS / APrk (AUS) 20th May,TO BE PLACED,20-05-2020 07:17,28187854,8. Magical Bill,1,1.1844602821169796,1,1.11674195603339405657319758150139141902,1,1001,1,1001,1789.54,1789.54,0
170474093,AUS / APrk (AUS) 20th May,TO BE PLACED,20-05-2020 07:17,28326741,3. Cordoza,0,7.6,1,5.11008547008547008547008547008547008547,1,1001,1,1001,187.2,187.2,0
170474099,AUS / APrk (AUS) 20th May,TO BE PLACED,20-05-2020 08:12,28494541,4. Farmor Bundys,1,2.044392732,1,1.49394977935533384497313891020721412126,1,1001,1,1001,833.92,833.92,0
170474099,AUS / APrk (AUS) 20th May,TO BE PLACED,20-05-2020 08:12,17054123,8. Impatient Kid,0,35.97517722118646,1,14.9140945096968041518710734771920240372,1,1001,1,1001,73.22,73.22,0
170472952,AUS / Cran (AUS) 20th May,TO BE PLACED,20-05-2020 11:28,28222499,6. Terrens Close,1,1.6489351091480053,1,1.22460230452992607747389550481557970315,1,1001,1,1001,3108.66,3108.66,0
170472976,AUS / Graf (AUS) 20th May,TO BE PLACED,20-05-2020 08:24,27179398,7. Mcenroe,0,8.2,1,5.60947738965610614676414838884375846196,1,1001,1,1001,73.86,73.86,0
170472982,AUS / Graf (AUS) 20th May,TO BE PLACED,20-05-2020 09:27,25909566,8. Vista Inferno,0,7.8,1,2.25654396728016359918200408997955010225,1,1001,1,1001,39.12,39.12,0
170473931,AUS / MBdg (AUS) 20th May,TO BE PLACED,20-05-2020 05:05,23806222,3. Cawbourne Terry,1,1.69,1,1.65603625013301174050296172808853261448,1,1001,1,1001,563.86,563.86,0
170473942,AUS / MBdg (AUS) 20th May,TO BE PLACED,20-05-2020 06:17,28494410,7. Spring Boot,1,1.1973679378991071,1,1.1544129303083444952291525704580289703,1,1001,1,1001,1448.38,1448.38,0
170473151,AUS / Bend (AUS) 20th May,TO BE PLACED,20-05-2020 05:54,28494352,2. Blue Magic Opal,1,1.9021315065156883,1,1.74449720247996370784817783154392862543,1,1001,1,1001,529.04,529.04,0
170473151,AUS / Bend (AUS) 20th May,TO BE PLACED,20-05-2020 05:54,28494354,8. Mcivor Stretch,0,2.32,1,1.73025304592314901593252108716026241799,1,1001,1,1001,21.34,21.34,0
170473189,AUS / Rich (AUS) 20th May,TO BE PLACED,20-05-2020 12:49,28270380,3. Eve On Fire,0,2.12,1,1,1,1001,1,1001,0,947.68,0
170473193,AUS / Rich (AUS) 20th May,TO BE PLACED,20-05-2020 13:29,15796583,2. Lauries Sticka,1,1.78,1,1,1,1001,1,1001,0,671.74,0
170473223,AUS / Ball (AUS) 20th May,TO BE PLACED,20-05-2020 11:18,21543987,8. Hooked On You,0,1.86,1,1.85818886773187625907221900267682203273,1,1001,1,1001,724.74,724.74,0
170473223,AUS / Ball (AUS) 20th May,TO BE PLACED,20-05-2020 11:18,22648742,1. Dyna Waqa,0,1.6431428797937402,1,1.69078795221069842114075781303863920653,1,1001,1,1001,2030.58,2030.58,0
170472944,AUS / Cran (AUS) 20th May,TO BE PLACED,20-05-2020 10:28,26250617,4. Maximum Jodie,0,3.3255813953488373,1,3.01421482778750729713952130764740221833,1,1001,1,1001,68.52,68.52,0
170472944,AUS / Cran (AUS) 20th May,TO BE PLACED,20-05-2020 10:28,28494411,5. My Girl Chezza,0,38.732157589234426,1,18.2800118273211117681845062093435836783,1,1001,1,1001,33.82,33.82,0
170472948,AUS / Cran (AUS) 20th May,TO BE PLACED,20-05-2020 11:08,26234765,2. Vigorous,1,1.9481597023845822,1,1.55991257193448428508189464364763169544,1,1001,1,1001,722.88,722.88,0
170472968,AUS / Cran (AUS) 20th May,TO BE PLACED,20-05-2020 13:12,27067743,8. More Wit,0,4.778966290365787,1,1,1,1001,1,1001,0,308.7,0
170472968,AUS / Cran (AUS) 20th May,TO BE PLACED,20-05-2020 13:12,21299072,7. Glayva,0,3.3,1,1,1,1001,1,1001,0,186.06,0
170472980,AUS / Graf (AUS) 20th May,TO BE PLACED,20-05-2020 09:07,26542358,8. Arty Barty,1,1.4272502493994397,1,1.26698394863563402889245585874799357945,1,1001,1,1001,498.4,498.4,0
170473004,AUS / Gunn (AUS) 20th May,TO BE PLACED,20-05-2020 06:49,28353739,8. Dana Hopalong,0,1.6,1,1.60262985533659870144663401298553365987,1,1001,1,1001,702.32,702.32,0
170473016,AUS / Gunn (AUS) 20th May,TO BE PLACED,20-05-2020 08:42,28494513,1. Olivers Mate,0,3.55,1,3.27493330792682926829268292682926829268,1,1001,1,1001,104.96,104.96,0
170472940,AUS / Cran (AUS) 20th May,TO BE PLACED,20-05-2020 09:48,28420129,7. Broady Lights,1,1.3708401624013278,1,1.34279986549885513906457656157430387652,1,1001,1,1001,1249.06,1249.06,0
170472942,AUS / Cran (AUS) 20th May,TO BE PLACED,20-05-2020 10:08,27067724,6. Ikora Bale,1,2.08,1,2.01542336548767416934619506966773847803,1,1001,1,1001,111.96,111.96,0
170473018,AUS / Gunn (AUS) 20th May,TO BE PLACED,20-05-2020 09:04,28494522,8. Gunnadoo Gift,0,6.662825419622203,1,6.27748117727583846680355920602327173169,1,1001,1,1001,116.88,116.88,0
170473149,AUS / Bend (AUS) 20th May,TO BE PLACED,20-05-2020 05:37,28459542,5. Teaks Streak,1,1.855894070158247,1,1.81783949422617895619637442745629314238,1,1001,1,1001,310.02,310.02,0
170473149,AUS / Bend (AUS) 20th May,TO BE PLACED,20-05-2020 05:37,28494349,4. Ginger Meggs,0,1.9535921091486306,1,1.84147440384525642820476923794857436185,1,1001,1,1001,857.16,857.16,0
170473153,AUS / Bend (AUS) 20th May,TO BE PLACED,20-05-2020 06:12,28295317,8. Dewana Step,0,2,1,1.82932796900610937267173297571151840262,1,1001,1,1001,402.66,402.66,0
170473163,AUS / Rich (AUS) 20th May,TO BE PLACED,20-05-2020 10:05,28453066,1. Dam Reckless,0,1.4494293553031454,1,1.24478061123519267196290746656865794012,1,1001,1,1001,1414.84,1414.84,0
170473201,AUS / Ball (AUS) 20th May,TO BE PLACED,20-05-2020 10:38,27112828,7. Catch Kate,0,4.529858182446043,1,2.4211504735180638372500876885303402315,1,1001,1,1001,57.02,57.02,0
170473243,AUS / Ball (AUS) 20th May,TO BE PLACED,20-05-2020 11:58,26406004,2. Oriental Jade,0,2.5394788442354193,1,1.73263574457150199151997944237440575614,1,1001,1,1001,778.3,778.3,0
170473245,AUS / Ball (AUS) 20th May,TO BE PLACED,20-05-2020 12:19,16532670,8. Sisco Ride,0,4.8,1,1,1,1001,1,1001,0,120.26,0
170473249,AUS / Ball (AUS) 20th May,TO BE PLACED,20-05-2020 13:01,15762177,1. Wilbur Deeds,1,13.5,1,1,1,1001,1,1001,0,35.5,0
170473251,AUS / Ball (AUS) 20th May,TO BE PLACED,20-05-2020 13:22,28419918,2. Siennas Ace,0,5.3,1,1,1,1001,1,1001,0,302.68,0
170473281,AUS / Mead (AUS) 20th May,TO BE PLACED,20-05-2020 03:30,28452821,8. Wendalin Bale,1,2.12,1,1.72325496495327102803738317757009345794,1,1001,1,1001,273.92,273.92,0
170473281,AUS / Mead (AUS) 20th May,TO BE PLACED,20-05-2020 03:30,26992913,5. Tarra Rocket,0,2.2499361183049036,1,1.82215494306693625625199531765457060764,1,1001,1,1001,187.94,187.94,0
170473293,AUS / Mead (AUS) 20th May,TO BE PLACED,20-05-2020 05:15,15946343,2. Manitoba,0,4.850291990162802,1,3.57628860432583665124287097815560098999,1,1001,1,1001,185.86,185.86,0
170473295,AUS / Mead (AUS) 20th May,TO BE PLACED,20-05-2020 05:32,26432316,3. Almapa Berisha,0,2.882233948,1,2.66598403307434599757644878466034642526,1,1001,1,1001,561.16,561.16,0
170473365,AUS / Cann (AUS) 20th May,TO BE PLACED,20-05-2020 14:27,25262260,4. Crown Benji,0,1.838764606,1,1,1,1001,1,1001,0,747.08,0
170473708,AUS / Rock (AUS) 20th May,TO BE PLACED,20-05-2020 10:15,23314692,1. Super Suzie Que,0,8.6,1,5.32589634146341463414634146341463414634,1,1001,1,1001,164,164,0
170473708,AUS / Rock (AUS) 20th May,TO BE PLACED,20-05-2020 10:15,25631473,8. Birmingham Lass,0,12,1,9.37582304526748971193415637860082304527,1,1001,1,1001,77.76,77.76,0
170473744,AUS / Rock (AUS) 20th May,TO BE PLACED,20-05-2020 10:35,26100650,4. Rose Texada,0,7.778779757,1,3.62696850393700787401574803149606299213,1,1001,1,1001,182.88,182.88,0
170472962,AUS / Cran (AUS) 20th May,TO BE PLACED,20-05-2020 12:34,20930342,4. Lemonade Kid,0,1.8467229297751326,1,1,1,1001,1,1001,0,1116.26,0
170473006,AUS / Gunn (AUS) 20th May,TO BE PLACED,20-05-2020 07:05,23736847,2. Divers Dancer,0,12,1,6.25878787878787878787878787878787878788,1,1001,1,1001,6.6,6.6,0
170473006,AUS / Gunn (AUS) 20th May,TO BE PLACED,20-05-2020 07:05,27385445,8. Sir Erskin,1,2.6314543914143,1,1.53848571428571428571428571428571428571,1,1001,1,1001,56,56,0
170473157,AUS / Bend (AUS) 20th May,TO BE PLACED,20-05-2020 06:46,27399019,5. Barellen Chubby,1,3.780313336,1,2.49026455026455026455026455026455026455,1,1001,1,1001,75.6,75.6,0
170473157,AUS / Bend (AUS) 20th May,TO BE PLACED,20-05-2020 06:46,28091302,1. Dons Boy,0,8,1,7.47069935691318327974276527331189710611,1,1001,1,1001,99.52,99.52,0
170473167,AUS / Rich (AUS) 20th May,TO BE PLACED,20-05-2020 10:25,28364470,1. Ipso Facto,1,1.277539151,1,1.21779632612196926827144909241283245549,1,1001,1,1001,918.92,918.92,0
170473283,AUS / Mead (AUS) 20th May,TO BE PLACED,20-05-2020 03:47,28494379,7. Brilliant Jet,0,9.5995731,1,6.71434386509013374685016476061252180655,1,1001,1,1001,103.18,103.18,0
170473283,AUS / Mead (AUS) 20th May,TO BE PLACED,20-05-2020 03:47,25054130,3. Aston Lindop,0,1.75,1,1.55132930411587939359151838471148326974,1,1001,1,1001,592.34,592.34,0
170473285,AUS / Mead (AUS) 20th May,TO BE PLACED,20-05-2020 04:05,20135778,8. Dyna Quota,0,9.4,1,6.05055883373828531759805623047552933009,1,1001,1,1001,288.1,288.1,0
170473285,AUS / Mead (AUS) 20th May,TO BE PLACED,20-05-2020 04:05,26335262,6. Close Your Eyes,0,26.003415642,1,12.2498090728577974644875515503283946846,1,1001,1,1001,130.94,130.94,0
170473354,AUS / Cann (AUS) 20th May,TO BE PLACED,20-05-2020 13:42,19509966,5. Sugar Kaine,0,2.037165047408489,1,1,1,1001,1,1001,0,387.08,0
170473354,AUS / Cann (AUS) 20th May,TO BE PLACED,20-05-2020 13:42,22319988,3. Repeat Set,1,3.644573202,1,1,1,1001,1,1001,0,259.62,0
170473354,AUS / Cann (AUS) 20th May,TO BE PLACED,20-05-2020 13:42,26083537,4. Sunset Inferno,0,1.930551030598581,1,1,1,1001,1,1001,0,311.52,0
170472978,AUS / Graf (AUS) 20th May,TO BE PLACED,20-05-2020 08:47,26542385,3. Sail Bye,0,2.7094335343048455,1,2.39160027508861027350156059884674390308,1,1001,1,1001,378.06,378.06,0
170472978,AUS / Graf (AUS) 20th May,TO BE PLACED,20-05-2020 08:47,27259451,8. Slipping Away,0,3.623320222795737,1,2.84255976916735366859027205276174773289,1,1001,1,1001,48.52,48.52,0
170474087,AUS / APrk (AUS) 20th May,TO BE PLACED,20-05-2020 06:25,28494518,2. Atomic Mac,0,19.185924496725207,1,9.32783565952427757027717711814428936505,1,1001,1,1001,50.87,50.87,0
170473020,AUS / Gunn (AUS) 20th May,TO BE PLACED,20-05-2020 09:19,21576291,6. Tipsy Opal,0,3.715895778632839,1,1.53714573824434773378622226939815306231,1,1001,1,1001,188.42,188.42,0
170473370,AUS / Cann (AUS) 20th May,TO BE PLACED,20-05-2020 15:07,15906698,5. Ezi Pick,0,3.9081802546797553,1,1,1,1001,1,1001,0,219.96,0
170473010,AUS / Gunn (AUS) 20th May,TO BE PLACED,20-05-2020 07:46,27354720,8. Flying Silence,0,4.3,1,2.91059464366772582841579664094416704494,1,1001,1,1001,220.3,220.3,0
170474089,AUS / APrk (AUS) 20th May,TO BE PLACED,20-05-2020 06:42,28494525,1. Farmor Fernando,0,3.239594667,1,2.38571214673404454426352236571214673404,1,1001,1,1001,106.86,106.86,0
170474089,AUS / APrk (AUS) 20th May,TO BE PLACED,20-05-2020 06:42,28494528,5. Bag Of Pearls,1,4.760282383636222,1,2.31777683495969452694102672889266016122,1,1001,1,1001,94.28,94.28,0
170474095,AUS / APrk (AUS) 20th May,TO BE PLACED,20-05-2020 07:34,27385566,2. Adelina,0,5.733980459707963,1,5.1461933409397365418525049268748055181,1,1001,1,1001,771.28,771.28,0
170474095,AUS / APrk (AUS) 20th May,TO BE PLACED,20-05-2020 07:34,28452980,5. Dinah Shian,0,7.094416729,1,3.99853709508881922675026123301985370951,1,1001,1,1001,38.28,38.28,0
170473333,AUS / Cann (AUS) 20th May,TO BE PLACED,20-05-2020 12:02,28494889,5. Gavins Girl,0,2.48,1,1,1,1001,1,1001,0,141.64,0
170473333,AUS / Cann (AUS) 20th May,TO BE PLACED,20-05-2020 12:02,28494890,6. Iconic Fun,1,3.3504433943948246,1,1,1,1001,1,1001,0,174.4,0
170473333,AUS / Cann (AUS) 20th May,TO BE PLACED,20-05-2020 12:02,28494887,2. Demon Princess,0,3.85,1,4.59999872388104937052354403083327265238,1,1001,1,1001,21.44,243.9,0
170473358,AUS / Cann (AUS) 20th May,TO BE PLACED,20-05-2020 13:57,24837133,6. Baby Shark,0,5.356867523,1,1,1,1001,1,1001,0,723.32,0
170473875,AUS / MBdg (AUS) 20th May,TO BE PLACED,20-05-2020 03:22,28494386,5. Fly For Trix,1,1.585,1,1.6592026215182960131075914800655379574,1,1001,1,1001,146.48,146.48,0
170473875,AUS / MBdg (AUS) 20th May,TO BE PLACED,20-05-2020 03:22,28494389,8. Luboko,0,3.6078960021666715,1,2.85219498927135906192390220314908277675,1,1001,1,1001,1323.56,1323.56,0
170473938,AUS / MBdg (AUS) 20th May,TO BE PLACED,20-05-2020 05:42,28494403,6. Emerley Hummer,0,2.1244198457105092,1,1.64229526778124114480022669311419665628,1,1001,1,1001,141.16,141.16,0
170472956,AUS / Cran (AUS) 20th May,TO BE PLACED,20-05-2020 11:48,26503567,1. Why Not Paps,1,1.7306164898753924,1,1.39892596245160347724450288552852655417,1,1001,1,1001,1095.12,1095.12,0
170472966,AUS / Cran (AUS) 20th May,TO BE PLACED,20-05-2020 12:56,26952833,2. Why Not Colby,1,1.4384696076907855,1,1,1,1001,1,1001,0,1971.56,0
170473159,AUS / Bend (AUS) 20th May,TO BE PLACED,20-05-2020 07:02,12901936,4. Zipping Hector,0,2.368668907,1,1.64068807631160572337042925278219395866,1,1001,1,1001,629,629,0
170473203,AUS / Mead (AUS) 20th May,TO BE PLACED,20-05-2020 02:55,27462831,2. Yellowtail Bear,0,10.5,1,9.21224985973443052178791845894894333271,1,1001,1,1001,106.94,106.94,0
170473212,AUS / Ball (AUS) 20th May,TO BE PLACED,20-05-2020 10:58,28392515,4. Nonna Josie,1,3.097783968676522,1,2.48777764217720283134000488162069807176,1,1001,1,1001,327.76,327.76,0
170473287,AUS / Mead (AUS) 20th May,TO BE PLACED,20-05-2020 04:22,23535418,7. Ernesto Bale,0,6.356180359413846,1,4.93658656548622821810005621135469364812,1,1001,1,1001,284.64,284.64,0
170473289,AUS / Mead (AUS) 20th May,TO BE PLACED,20-05-2020 04:40,26503572,6. Aston Valkyrie,0,4.068883635783276,1,3.19193300767620376831821353803210048849,1,1001,1,1001,286.6,286.6,0
170473291,AUS / Mead (AUS) 20th May,TO BE PLACED,20-05-2020 04:57,24526091,5. Run By Night,1,1.4,1,1.32713599512893659724649610427683877006,1,1001,1,1001,1773.74,1773.74,0
170473291,AUS / Mead (AUS) 20th May,TO BE PLACED,20-05-2020 04:57,25008027,7. Burning Eddy,1,6.6,1,4.76110393802453195610071013557133634603,1,1001,1,1001,61.96,61.96,0
170473297,AUS / Mead (AUS) 20th May,TO BE PLACED,20-05-2020 05:50,16544864,1. Kraken Bam Bam,1,6.4,1,4.01893663510560815731973780043699927167,1,1001,1,1001,27.46,27.46,0
170473297,AUS / Mead (AUS) 20th May,TO BE PLACED,20-05-2020 05:50,22821057,3. Bridwood Marshal,0,4.490876678465866,1,3.50985777874280751275648680924981000977,1,1001,1,1001,184.22,184.22,0
170473297,AUS / Mead (AUS) 20th May,TO BE PLACED,20-05-2020 05:50,24914150,2. Debbies Destiny,0,6.644964866119988,1,3.28234897063786702666216672291596355046,1,1001,1,1001,118.52,118.52,0
170473299,AUS / Mead (AUS) 20th May,TO BE PLACED,20-05-2020 06:07,2110498,2. Mississippi Mud,2,2.02,1,1.95974843156040424019532095064437370584,1,1001,1,1001,647.14,647.14,0
170473299,AUS / Mead (AUS) 20th May,TO BE PLACED,20-05-2020 06:07,28452809,8. Farmor Watchers,0,1.56,1,1.40465107350639378636189126133309707333,1,1001,1,1001,677.22,677.22,0
170473155,AUS / Bend (AUS) 20th May,TO BE PLACED,20-05-2020 06:29,28143547,1. Black Miss,1,1.3938692723618442,1,1.32759599424587805687728228394378665486,1,1001,1,1001,1084.44,1084.44,0
170473171,AUS / Rich (AUS) 20th May,TO BE PLACED,20-05-2020 10:45,28494462,4. Mister Farah,1,1.4663406457318526,1,1.37335647792558911180066975943961412025,1,1001,1,1001,650.98,650.98,0
170473183,AUS / Rich (AUS) 20th May,TO BE PLACED,20-05-2020 11:45,19583040,2. Wilkins Allen,0,14.5,1,7.01623555310952118877270225646670335718,1,1001,1,1001,36.34,36.34,0
170473183,AUS / Rich (AUS) 20th May,TO BE PLACED,20-05-2020 11:45,28429601,4. Cheeky Crackers,0,3.365193773342762,1,2.73188593587439704908729783410574103849,1,1001,1,1001,211.46,211.46,0
170474101,AUS / APrk (AUS) 20th May,TO BE PLACED,20-05-2020 08:32,15622849,3. Johns Last,0,5.788674740758726,1,4.14019473395501919912232583653318705431,1,1001,1,1001,291.68,291.68,0
170474101,AUS / APrk (AUS) 20th May,TO BE PLACED,20-05-2020 08:32,21675549,2. Farmor On Fire,1,1.2219103493243897,1,1.15696610503174577133200990927435893229,1,1001,1,1001,2438.12,2438.12,0
170473195,AUS / Rich (AUS) 20th May,TO BE PLACED,20-05-2020 13:50,23388721,5. Nandor Junior,1,2.7972830373089526,1,1,1,1001,1,1001,0,517.4,0
170473195,AUS / Rich (AUS) 20th May,TO BE PLACED,20-05-2020 13:50,26153950,7. Old Mick Banner,1,1.9902830173149413,1,1,1,1001,1,1001,0,350.82,0
170473225,AUS / Ball (AUS) 20th May,TO BE PLACED,20-05-2020 11:38,26335513,8. Who Told Stevie,1,1.1824120126747224,1,1.11396223810016913465189327258292775534,1,1001,1,1001,2897.1,2897.1,0
170473225,AUS / Ball (AUS) 20th May,TO BE PLACED,20-05-2020 11:38,24924862,6. Bill Bath,1,1.2905311328604876,1,1.28027141166343877770604691198622767377,1,1001,1,1001,2230.56,2230.56,0
170473877,AUS / MBdg (AUS) 20th May,TO BE PLACED,20-05-2020 03:37,25344904,1. Hot Fernando,0,6.4,1,4.4367982965543941153697251258226867983,1,1001,1,1001,103.32,103.32,0
170473877,AUS / MBdg (AUS) 20th May,TO BE PLACED,20-05-2020 03:37,25644747,7. Miss Amity,0,2.683849462210201,1,1.42455772940203912923670432626067787269,1,1001,1,1001,72.58,72.58,0
170473177,AUS / Bend (AUS) 20th May,TO BE PLACED,20-05-2020 08:39,22117740,4. Rotarua,0,2.204894301,1,1.7921809166767444672874591849074857903,1,1001,1,1001,2480.7,2480.7,0
170473177,AUS / Bend (AUS) 20th May,TO BE PLACED,20-05-2020 08:39,25278505,8. Kid Callum,0,2.678336897102855,1,1.86512818532818532818532818532818532819,1,1001,1,1001,518,518,0
170473177,AUS / Bend (AUS) 20th May,TO BE PLACED,20-05-2020 08:39,26766228,7. Especial Empire,1,2.109782465585085,1,1.98459961400955484544562913278704084538,1,1001,1,1001,632.14,632.14,0
170473177,AUS / Bend (AUS) 20th May,TO BE PLACED,20-05-2020 08:39,27355053,6. Kareda Gold,1,4.1,1,3.38864080039043435822352367008296730112,1,1001,1,1001,81.96,81.96,0
170473179,AUS / Rich (AUS) 20th May,TO BE PLACED,20-05-2020 11:25,26993213,4. Steely Eyed Punk,0,3.65,1,4.23003062687345236543724749120291932751,1,1001,1,1001,306.92,306.92,0
170473191,AUS / Rich (AUS) 20th May,TO BE PLACED,20-05-2020 13:08,26176776,8. Zhukov,1,1.957910565861384,1,1,1,1001,1,1001,0,987.98,0
170473331,AUS / Cann (AUS) 20th May,TO BE PLACED,20-05-2020 11:42,28266665,1. Mallee Girl,0,3.05,1,2.64972620887613159637889158754691984986,1,1001,1,1001,90.58,90.58,0
170473940,AUS / MBdg (AUS) 20th May,TO BE PLACED,20-05-2020 05:57,21098490,5. Emerley Zero,0,5.856966522618314,1,2.84033630470016207455429497568881685575,1,1001,1,1001,98.72,98.72,0
170473822,AUS / Rock (AUS) 20th May,TO BE PLACED,20-05-2020 12:12,25486428,1. Johnny Harks,0,6.6,1,1,1,1001,1,1001,0,281.72,0
170473929,AUS / MBdg (AUS) 20th May,TO BE PLACED,20-05-2020 04:47,21441691,2. Sky Wesley,0,4.835045660565375,1,1.66850984067478912839737582005623242737,1,1001,1,1001,21.34,21.34,0
170473929,AUS / MBdg (AUS) 20th May,TO BE PLACED,20-05-2020 04:47,23330698,3. Better Dream,0,2.08,1,1.45080132986658710199906227356037679553,1,1001,1,1001,469.22,469.22,0
170474093,AUS / APrk (AUS) 20th May,TO BE PLACED,20-05-2020 07:17,20993513,2. Coconut Lass,0,26.3767266638761,1,13.1814071771686917208250918338513704436,1,1001,1,1001,70.78,70.78,0
170474093,AUS / APrk (AUS) 20th May,TO BE PLACED,20-05-2020 07:17,25849230,4. Daydreaming,0,25,1,9.27958776595744680851063829787234042553,1,1001,1,1001,30.08,30.08,0
170473161,AUS / Bend (AUS) 20th May,TO BE PLACED,20-05-2020 07:21,28322489,7. State Of Mine,0,1.71,1,1.59933247753530166880616174582798459564,1,1001,1,1001,358.34,358.34,0
170472952,AUS / Cran (AUS) 20th May,TO BE PLACED,20-05-2020 11:28,26384220,1. Whatever I Want,1,1.54,1,1.41612362904463813601241748682347723745,1,1001,1,1001,1172.54,1172.54,0
170472952,AUS / Cran (AUS) 20th May,TO BE PLACED,20-05-2020 11:28,21857759,7. Buddy Goes Bang,0,8.6,1,4.14394618834080717488789237668161434978,1,1001,1,1001,17.84,17.84,0
170472952,AUS / Cran (AUS) 20th May,TO BE PLACED,20-05-2020 11:28,25897896,4. Dundee Joker,1,7,1,4.48156846299014468442021388131683791151,1,1001,1,1001,95.38,95.38,0
170472982,AUS / Graf (AUS) 20th May,TO BE PLACED,20-05-2020 09:27,27728099,4. Rinadeena,1,3.5886875972221612,1,2.92350323076227915593511364149835072975,1,1001,1,1001,442.62,442.62,0
170472982,AUS / Graf (AUS) 20th May,TO BE PLACED,20-05-2020 09:27,26777652,2. My Mate Morton,0,2.1599967276421377,1,2.12175105793083321173208813658251860499,1,1001,1,1001,685.3,685.3,0
170473931,AUS / MBdg (AUS) 20th May,TO BE PLACED,20-05-2020 05:05,27438737,7. Danyos Wylie,1,1.45,1,1.41045523520485584218512898330804248862,1,1001,1,1001,856.7,856.7,0
170473942,AUS / MBdg (AUS) 20th May,TO BE PLACED,20-05-2020 06:17,28494408,2. Weblec Bow,0,3.2441872651841557,1,1.7786864853468269028041324056504322159,1,1001,1,1001,474.3,474.3,0
170473151,AUS / Bend (AUS) 20th May,TO BE PLACED,20-05-2020 05:54,28230518,7. Gemma Rapid,1,2.06,1,1.79522494281114970770143183936287384563,1,1001,1,1001,236.06,236.06,0
170473151,AUS / Bend (AUS) 20th May,TO BE PLACED,20-05-2020 05:54,26297756,6. Crackerjack Jaws,0,27.431823649877913,1,12.2306547619047619047619047619047619048,1,1001,1,1001,53.76,53.76,0
170473175,AUS / Rich (AUS) 20th May,TO BE PLACED,20-05-2020 11:05,27559808,5. Monster Mission,0,4.5,1,3.79498672497266906137747930657504294862,1,1001,1,1001,128.06,128.06,0
170473189,AUS / Rich (AUS) 20th May,TO BE PLACED,20-05-2020 12:49,20944078,2. Dyna Reaver,0,5.805095443389437,1,1,1,1001,1,1001,0,141.84,0
170473189,AUS / Rich (AUS) 20th May,TO BE PLACED,20-05-2020 12:49,25540261,1. Good Odds Lauryn,1,2.06,1,1,1,1001,1,1001,0,1001.9,0
170473189,AUS / Rich (AUS) 20th May,TO BE PLACED,20-05-2020 12:49,26993248,7. Good Odds Armani,1,1.43,1,1,1,1001,1,1001,0,1221.74,0
170473193,AUS / Rich (AUS) 20th May,TO BE PLACED,20-05-2020 13:29,17619290,5. Hair Trigger,0,15.312531941197811,1,1,1,1001,1,1001,0,52.2,0
170473341,AUS / Cann (AUS) 20th May,TO BE PLACED,20-05-2020 13:04,28335459,5. Pollys Ariana,1,1.9489197886639884,1,1,1,1001,1,1001,0,1447.74,0
170473348,AUS / Cann (AUS) 20th May,TO BE PLACED,20-05-2020 13:25,27092621,1. Moment To Twelve,0,4.0688751346385095,1,1,1,1001,1,1001,0,249.34,0
170472970,AUS / Graf (AUS) 20th May,TO BE PLACED,20-05-2020 07:42,28091681,2. Imelda,1,1.44,1,1.34849658491151816206147159267308289351,1,1001,1,1001,515.36,515.36,0
170472980,AUS / Graf (AUS) 20th May,TO BE PLACED,20-05-2020 09:07,24301299,3. Johnny Stitches,0,24.387624714421108,1,12.123062200956937799043062200956937799,1,1001,1,1001,104.5,104.5,0
170473016,AUS / Gunn (AUS) 20th May,TO BE PLACED,20-05-2020 08:42,28453026,6. Elite Mia,0,9.285128333254251,1,6.18283931357254290171606864274570982839,1,1001,1,1001,44.87,44.87,0
170473016,AUS / Gunn (AUS) 20th May,TO BE PLACED,20-05-2020 08:42,28353762,7. Lucys Bear,1,1.6011989927029935,1,1.29444825334639242572641201436500163239,1,1001,1,1001,245.04,245.04,0
170473022,AUS / Gunn (AUS) 20th May,TO BE PLACED,20-05-2020 09:42,12728753,5. Kristas Honey,0,11.67383785714279,1,9.23899848254931714719271623672230652504,1,1001,1,1001,13.18,13.18,0
170472940,AUS / Cran (AUS) 20th May,TO BE PLACED,20-05-2020 09:48,28494397,6. Crackerjack Baz,0,6.4,1,4.14932211313697989714820009350163627863,1,1001,1,1001,85.56,85.56,0
170472940,AUS / Cran (AUS) 20th May,TO BE PLACED,20-05-2020 09:48,28494396,4. Aston Shaker,1,3.06,1,2.70152979821679962458939465039887376818,1,1001,1,1001,85.24,85.24,0
170473149,AUS / Bend (AUS) 20th May,TO BE PLACED,20-05-2020 05:37,28392513,2. Hotline Sally,1,2.36,1,2.01631188992120428084205574503116547101,1,1001,1,1001,170.06,170.06,0
170473153,AUS / Bend (AUS) 20th May,TO BE PLACED,20-05-2020 06:12,28494358,7. Especial Envy,1,1.926255223410989,1,1.79783055827619980411361410381978452498,1,1001,1,1001,490.08,490.08,0
170473163,AUS / Rich (AUS) 20th May,TO BE PLACED,20-05-2020 10:05,28494454,5. Simply Patches,1,2.286030628719018,1,1.68978285519900215443927882979929697245,1,1001,1,1001,1058.28,1058.28,0
170473163,AUS / Rich (AUS) 20th May,TO BE PLACED,20-05-2020 10:05,28453076,4. Old Mate Koby,1,1.534946459684834,1,1.40822582829897326145260477338606994826,1,1001,1,1001,738.26,738.26,0
170473199,AUS / Ball (AUS) 20th May,TO BE PLACED,20-05-2020 10:18,27868800,5. Eastern Faith,1,2.70191133,1,2.61991436284091966862142790654379596016,1,1001,1,1001,429.72,429.72,0
170473201,AUS / Ball (AUS) 20th May,TO BE PLACED,20-05-2020 10:38,28494446,8. Nessas Zara,1,1.310782319,1,1.30581055875435893277106479604249452599,1,1001,1,1001,1726.34,1726.34,0
170473243,AUS / Ball (AUS) 20th May,TO BE PLACED,20-05-2020 11:58,28494449,8. Bees And Honey,1,2.013883936515631,1,1.92271461611718289419980953244750804952,1,1001,1,1001,441.02,441.02,0
170473245,AUS / Ball (AUS) 20th May,TO BE PLACED,20-05-2020 12:19,22288155,1. Golden Shiraz,1,1.9135202513847618,1,1,1,1001,1,1001,0,1172.18,0
170473245,AUS / Ball (AUS) 20th May,TO BE PLACED,20-05-2020 12:19,25246069,3. Rockstar Melody,1,1.623292551393133,1,1,1,1001,1,1001,0,2281.78,0
170473251,AUS / Ball (AUS) 20th May,TO BE PLACED,20-05-2020 13:22,24837151,3. Weblec Fire,0,3.3213808573852295,1,1,1,1001,1,1001,0,533.08,0
170473253,AUS / Ball (AUS) 20th May,TO BE PLACED,20-05-2020 13:37,24442253,3. Coffey Road,0,2.835910505673383,1,1,1,1001,1,1001,0,485.72,0
170473281,AUS / Mead (AUS) 20th May,TO BE PLACED,20-05-2020 03:30,28260458,1. Tinsel Doll,0,1.61,1,1.511195817790153943151368675458414333,1,1001,1,1001,380.66,380.66,0
170473281,AUS / Mead (AUS) 20th May,TO BE PLACED,20-05-2020 03:30,27513143,2. Spooky Visitor,0,4.219811393502168,1,1.98586757712474088525789537861236434581,1,1001,1,1001,164.02,164.02,0
170473293,AUS / Mead (AUS) 20th May,TO BE PLACED,20-05-2020 05:15,18696315,4. Kissable,0,6.2,1,4.31690482265884154120949221740239857106,1,1001,1,1001,156.76,156.76,0
170473293,AUS / Mead (AUS) 20th May,TO BE PLACED,20-05-2020 05:15,20342167,1. Kraken Pennys,1,1.625141291,1,1.51899633388236544285638382657669624356,1,1001,1,1001,752.84,752.84,0
170473293,AUS / Mead (AUS) 20th May,TO BE PLACED,20-05-2020 05:15,22068445,7. Keeping Busy,0,2.42,1,2.21486479459178367134685387415496619865,1,1001,1,1001,461.52,461.52,0
170473293,AUS / Mead (AUS) 20th May,TO BE PLACED,20-05-2020 05:15,27558731,6. Be So Good,1,2.943882612,1,2.09501317786119319543167478635891701941,1,1001,1,1001,250.42,250.42,0
170473337,AUS / Cann (AUS) 20th May,TO BE PLACED,20-05-2020 12:42,28494899,4. Rapido Lass,0,1.437790377483761,1,1.12999896929388631275852027173213126667,1,1001,1,1001,2.8,1714.96,0
170473337,AUS / Cann (AUS) 20th May,TO BE PLACED,20-05-2020 12:42,25440276,3. Ultra Performer,0,17,1,1,1,1001,1,1001,0,75.56,0
170473337,AUS / Cann (AUS) 20th May,TO BE PLACED,20-05-2020 12:42,28494898,2. Bago Moscato,1,1.947056006,1,1,1,1001,1,1001,0,2244.66,0
170473365,AUS / Cann (AUS) 20th May,TO BE PLACED,20-05-2020 14:27,23305049,1. Waikarie Phoebe,0,7.6599661836493755,1,1,1,1001,1,1001,0,111.08,0
170473365,AUS / Cann (AUS) 20th May,TO BE PLACED,20-05-2020 14:27,26083435,7. Mini Boss,0,2.86,1,1,1,1001,1,1001,0,119.92,0
170473708,AUS / Rock (AUS) 20th May,TO BE PLACED,20-05-2020 10:15,22395329,4. Golden Devil,0,9.8,1,5.06770642201834862385321100917431192661,1,1001,1,1001,43.6,43.6,0
170473708,AUS / Rock (AUS) 20th May,TO BE PLACED,20-05-2020 10:15,28161273,7. Archie Harks,0,3.922852114,1,3.47349365750528541226215644820295983087,1,1001,1,1001,151.36,151.36,0
170473818,AUS / Rock (AUS) 20th May,TO BE PLACED,20-05-2020 11:35,16747152,6. Girls On Fire,1,2.084582301,1,1.65577696481420585333771785596843143703,1,1001,1,1001,2432.8,2432.8,0
170472964,AUS / Graf (AUS) 20th May,TO BE PLACED,20-05-2020 07:27,26250650,7. Unlawful Desire,1,2.919300861,1,2.51816991181349864664280101283506504846,1,1001,1,1001,229.06,229.06,0
170473820,AUS / Rock (AUS) 20th May,TO BE PLACED,20-05-2020 11:55,19365299,6. Bet On Betty,1,12.5,1,7.72661117078410311493018259935553168636,1,1001,1,1001,74.48,74.48,0
170473157,AUS / Bend (AUS) 20th May,TO BE PLACED,20-05-2020 06:46,28023595,2. Dewana Mechanic,0,2.304466283,1,1.87876720526630760023937761819269898265,1,1001,1,1001,133.68,133.68,0
170473157,AUS / Bend (AUS) 20th May,TO BE PLACED,20-05-2020 06:46,28160930,8. Secret Chimp,0,2.305454254119577,1,1.91934394463667820069204152249134948097,1,1001,1,1001,144.5,144.5,0
170473169,AUS / Bend (AUS) 20th May,TO BE PLACED,20-05-2020 07:57,25962757,4. Chasin Donuts,0,6.624256579,1,4.83755999380709088094132218609691902771,1,1001,1,1001,129.18,129.18,0
170473169,AUS / Bend (AUS) 20th May,TO BE PLACED,20-05-2020 07:57,28393105,1. Motor Ace,1,4.85187659,1,3.54228336030601736060026482271590407533,1,1001,1,1001,135.94,135.94,0
170473169,AUS / Bend (AUS) 20th May,TO BE PLACED,20-05-2020 07:57,28494361,2. Run Shifty Run,0,2.42,1,2.29814798404962339388568896765618077093,1,1001,1,1001,90.28,90.28,0
170473169,AUS / Bend (AUS) 20th May,TO BE PLACED,20-05-2020 07:57,28494362,5. Runing For Juddy,0,3.9,1,3.59063383124747678643520387565603552685,1,1001,1,1001,148.62,148.62,0
170473247,AUS / Ball (AUS) 20th May,TO BE PLACED,20-05-2020 12:38,28389143,2. Rapid Faith,0,3,1,1,1,1001,1,1001,0,380.72,0
170473247,AUS / Ball (AUS) 20th May,TO BE PLACED,20-05-2020 12:38,28494450,6. Umega Bale,0,1.7512641034364058,1,1,1,1001,1,1001,0,1611.16,0
170473285,AUS / Mead (AUS) 20th May,TO BE PLACED,20-05-2020 04:05,26406006,4. Tiggerlong Ginga,0,2.98,1,2.1243915521287294669795507877975192759,1,1001,1,1001,357.96,357.96,0
170473361,AUS / Cann (AUS) 20th May,TO BE PLACED,20-05-2020 14:12,28211052,6. Disastrous,0,2.64,1,1,1,1001,1,1001,0,1021.2,0
170473947,AUS / MBdg (AUS) 20th May,TO BE PLACED,20-05-2020 06:36,26799284,9. Unrestricted Lad,0,25.603148735687135,1,11.2338894934107121267077741506468383509,1,1001,1,1001,165.42,165.42,0
170473947,AUS / MBdg (AUS) 20th May,TO BE PLACED,20-05-2020 06:36,26895563,2. Rio Grande,0,5.6,1,4.45519835136527563111798042246264811953,1,1001,1,1001,194.1,194.1,0
170472978,AUS / Graf (AUS) 20th May,TO BE PLACED,20-05-2020 08:47,28161220,2. Kalang Beach,1,2.942374173,1,2.10994075171264580633216071097944825032,1,1001,1,1001,324.06,324.06,0
170473014,AUS / Gunn (AUS) 20th May,TO BE PLACED,20-05-2020 08:21,26751676,4. Greek Bombshell,1,1.4138927845412403,1,1.2218549453608964989211387206793345862,1,1001,1,1001,574.68,574.68,0
170473014,AUS / Gunn (AUS) 20th May,TO BE PLACED,20-05-2020 08:21,28494511,2. Disco Chook,1,1.1762934712432251,1,1.09127855332830764479886649530885278063,1,1001,1,1001,2202.02,2202.02,0
170473014,AUS / Gunn (AUS) 20th May,TO BE PLACED,20-05-2020 08:21,28494512,7. Heidis Handbag,1,7.8,1,5.9651865008880994671403197158081705151,1,1001,1,1001,56.3,56.3,0
170473638,AUS / Rock (AUS) 20th May,TO BE PLACED,20-05-2020 09:55,28494563,6. Electron Kev,1,1.566937605,1,1.32031948077109367431948077109367431948,1,1001,1,1001,2064.6,2064.6,0
170474087,AUS / APrk (AUS) 20th May,TO BE PLACED,20-05-2020 06:25,28494519,5. Debs Blue Boy,1,2,1,1.59474309418308664089752050532667106628,1,1001,1,1001,212.14,212.14,0
170473370,AUS / Cann (AUS) 20th May,TO BE PLACED,20-05-2020 15:07,27788597,8. Rippin Roxette,1,1.819992669354542,1,1,1,1001,1,1001,0,704.64,0
170473010,AUS / Gunn (AUS) 20th May,TO BE PLACED,20-05-2020 07:46,25344631,7. Rutland Sophie,1,1.39,1,1.25844183406544593060559695967622526035,1,1001,1,1001,405.22,405.22,0
170473010,AUS / Gunn (AUS) 20th May,TO BE PLACED,20-05-2020 07:46,26953134,3. Sportsmans Max,1,1.7652430184448895,1,1.29047769860121404064396938506202164159,1,1001,1,1001,227.34,227.34,0
170474089,AUS / APrk (AUS) 20th May,TO BE PLACED,20-05-2020 06:42,28309385,8. Ratties Son,0,6,1,5.26092041976388281591604722343681679056,1,1001,1,1001,182.96,182.96,0
170474095,AUS / APrk (AUS) 20th May,TO BE PLACED,20-05-2020 07:34,27463246,6. Dynamic Cyndie,0,7.8,1,6.14507724233341019137652755360848512797,1,1001,1,1001,173.48,173.48,0
170473358,AUS / Cann (AUS) 20th May,TO BE PLACED,20-05-2020 13:57,24326007,3. Barr Tux,0,7.497175711835735,1,1,1,1001,1,1001,0,92.08,0
170473923,AUS / MBdg (AUS) 20th May,TO BE PLACED,20-05-2020 04:29,27984431,5. Sweet On Me,1,2.14,1,1.89307759548144163528778913394298009683,1,1001,1,1001,594.88,594.88,0
170473923,AUS / MBdg (AUS) 20th May,TO BE PLACED,20-05-2020 04:29,22041259,1. Superstar Chase,0,2.5703931993958395,1,1.76690180744523800023939672026493237043,1,1001,1,1001,501.26,501.26,0
170473923,AUS / MBdg (AUS) 20th May,TO BE PLACED,20-05-2020 04:29,25261216,2. Slippery Jack,0,3.442926233875915,1,2.20488921713441654357459379615952732644,1,1001,1,1001,135.4,135.4,0
170473933,AUS / MBdg (AUS) 20th May,TO BE PLACED,20-05-2020 05:22,20386097,1. Abuzz,0,1.752271771,1,1.49210149391652548898814107500385030032,1,1001,1,1001,519.44,519.44,0
170472956,AUS / Cran (AUS) 20th May,TO BE PLACED,20-05-2020 11:48,21818263,7. Cranberry Miss,1,1.7389732261857713,1,1.3915699472707455739829734586266827702,1,1001,1,1001,2715.76,2715.76,0
170472956,AUS / Cran (AUS) 20th May,TO BE PLACED,20-05-2020 11:48,26284863,3. Mostro Rocks,0,6.544452613391914,1,4.0206378986866791744840525328330206379,1,1001,1,1001,10.66,10.66,0
170472974,AUS / Cran (AUS) 20th May,TO BE PLACED,20-05-2020 13:32,23168530,3. Southern Edge,0,2.099731937,1,1,1,1001,1,1001,0,351.42,0
170473159,AUS / Bend (AUS) 20th May,TO BE PLACED,20-05-2020 07:02,23909353,8. Chasing Beers,1,2.74,1,2.55324604316546762589928057553956834532,1,1001,1,1001,139,139,0
170473187,AUS / Rich (AUS) 20th May,TO BE PLACED,20-05-2020 12:26,25988894,2. Pollys Wilma,0,7.8,1,1,1,1001,1,1001,0,86.74,0
170473212,AUS / Ball (AUS) 20th May,TO BE PLACED,20-05-2020 10:58,24426355,5. Bayside Bourbski,0,2.869033824242142,1,2.33206903379091869060190073917634635692,1,1001,1,1001,303.04,303.04,0
170473289,AUS / Mead (AUS) 20th May,TO BE PLACED,20-05-2020 04:40,22613548,4. Weeona Roger,0,7.928592799,1,6.18181500465983224603914259086672879776,1,1001,1,1001,343.36,343.36,0
170473291,AUS / Mead (AUS) 20th May,TO BE PLACED,20-05-2020 04:57,27585317,4. Zipping Samara,0,1.984458560645435,1,1.51714209686003193187865886109632783395,1,1001,1,1001,187.9,187.9,0
170473299,AUS / Mead (AUS) 20th May,TO BE PLACED,20-05-2020 06:07,28494382,7. Goodnight Vicki,0,12.5,1,8.73041413373860182370820668693009118541,1,1001,1,1001,105.28,105.28,0
170473155,AUS / Bend (AUS) 20th May,TO BE PLACED,20-05-2020 06:29,27259258,2. Maddox Bale,0,1.631059391,1,1.48322519313735326577706431223036018862,1,1001,1,1001,3986.8,3986.8,0
170473155,AUS / Bend (AUS) 20th May,TO BE PLACED,20-05-2020 06:29,28216308,5. Oriental Sugar,0,3.0966227223043106,1,2.77568527918781725888324873096446700508,1,1001,1,1001,236.4,236.4,0
170473183,AUS / Rich (AUS) 20th May,TO BE PLACED,20-05-2020 11:45,23427268,1. Nero Prince,1,1.7427381042022896,1,1.58205768373401008265029664940498645358,1,1001,1,1001,583.18,583.18,0
170474097,AUS / APrk (AUS) 20th May,TO BE PLACED,20-05-2020 07:49,28260612,1. Go Lou Go,0,1.44,1,1.35801068228807718814610613370089593384,1,1001,1,1001,1160.8,1160.8,0
170474097,AUS / APrk (AUS) 20th May,TO BE PLACED,20-05-2020 07:49,28420079,3. Dynamic Trav,0,6.6,1,4.668230544340804677711262703605735765,1,1001,1,1001,287.32,287.32,0
170473195,AUS / Rich (AUS) 20th May,TO BE PLACED,20-05-2020 13:50,28064179,8. Shaking Pins,0,16.5,1,1,1,1001,1,1001,0,55.46,0
170473197,AUS / Ball (AUS) 20th May,TO BE PLACED,20-05-2020 09:58,28364344,7. Cutie Kay,0,2.398893597833811,1,2.32856808731808731808731808731808731809,1,1001,1,1001,230.88,230.88,0
170473197,AUS / Ball (AUS) 20th May,TO BE PLACED,20-05-2020 09:58,28494432,5. Glamorous Lass,0,2.515486876212526,1,1.75807366145660126371799135350848021284,1,1001,1,1001,481.12,481.12,0
170473279,AUS / Mead (AUS) 20th May,TO BE PLACED,20-05-2020 03:12,27614605,7. Also Arandt,0,44,1,24.4856230031948881789137380191693290735,1,1001,1,1001,18.78,18.78,0
170473279,AUS / Mead (AUS) 20th May,TO BE PLACED,20-05-2020 03:12,28389101,8. Love And Rain,0,3.75,1,2.70861578802097709080872205354678443279,1,1001,1,1001,434.76,434.76,0
170474091,AUS / APrk (AUS) 20th May,TO BE PLACED,20-05-2020 06:59,25886947,1. King Harold,0,9.535824184,1,2.1549059244285492147410978074949463536,1,1001,1,1001,128.62,128.62,0
170474091,AUS / APrk (AUS) 20th May,TO BE PLACED,20-05-2020 06:59,28420024,3. Special Bill,1,1.186107310421284,1,1.1493330618616172927483117852658726119,1,1001,1,1001,2946.9,2946.9,0
170473185,AUS / Rich (AUS) 20th May,TO BE PLACED,20-05-2020 12:05,28187799,1. Sierra Park,1,1.5761496085215185,1,1,1,1001,1,1001,0,1483.3,0
170473331,AUS / Cann (AUS) 20th May,TO BE PLACED,20-05-2020 11:42,21173744,4. Winsome Mia,1,2.3519810865412003,1,2.2354386941198293452049712483769245038,1,1001,1,1001,215.64,215.64,0
170473335,AUS / Cann (AUS) 20th May,TO BE PLACED,20-05-2020 12:22,28494894,6. Then What,0,8.424044245,1,1,1,1001,1,1001,0,164.51,0
170473940,AUS / MBdg (AUS) 20th May,TO BE PLACED,20-05-2020 05:57,26668415,6. Irapsag Miss,0,6.2,1,5.92587556654305727235269880510918829831,1,1001,1,1001,97.08,97.08,0
