EVENT_ID,MENU_HINT,EVENT_NAME,EVENT_DT,SELECTION_ID,SELECTION_NAME,WIN_LOSE,BSP,PPWAP,MORNINGWAP,PPMAX,PPMIN,IPMAX,IPMIN,MORNINGTRADEDVOL,PPTRADEDVOL,IPTRADEDVOL
202801742,AUS / Randwick (AUS) 3rd Sep,TO BE PLACED,03-09-2022 03:15,42900754,7. Bacio Del Mist,0,3.6108267254880047,1,2.09590626841318043783710284186194080587,1,1001,1,1001,1765.04,0,0
202801742,AUS / Randwick (AUS) 3rd Sep,TO BE PLACED,03-09-2022 03:15,4008205,3. Dick Whittington,0,2.88,1,2.14259934250422903833264179247390763142,1,1001,1,1001,1879.86,0,0
202801742,AUS / Randwick (AUS) 3rd Sep,TO BE PLACED,03-09-2022 03:15,39088657,12. Dream Maiden,0,7.6,1,3.54532441580685942661392276008319399698,1,1001,1,1001,490.42,0,0
202801742,AUS / Randwick (AUS) 3rd Sep,TO BE PLACED,03-09-2022 03:15,28101270,4. Our Bambino,0,8.8,1,3.720353688129508360203437157198417711,1,1001,1,1001,300.83,0,0
202801746,AUS / Randwick (AUS) 3rd Sep,TO BE PLACED,03-09-2022 03:50,48048549,1. Rubinocchi,0,2.1224914878268555,1,1.94888233254316103029372807840328347858,1,1001,1,1001,7036.44,0,0
202801754,AUS / Randwick (AUS) 3rd Sep,TO BE PLACED,03-09-2022 05:00,1070792,6. Handle The Truth,1,7,1,3.98924695657350358662975860939964877816,1,1001,1,1001,2015.82,0,0
202801758,AUS / Randwick (AUS) 3rd Sep,TO BE PLACED,03-09-2022 05:35,48048559,10. Waverider Buoy,0,6.2,1,4.34393888293513206833511946037949946416,1,1001,1,1001,1269.04,0,0
202801762,AUS / Randwick (AUS) 3rd Sep,TO BE PLACED,03-09-2022 06:15,22845166,11. Icebath,1,1.58,1,1.48052908787541713014460511679644048943,1,1001,1,1001,3596,0,0
202801762,AUS / Randwick (AUS) 3rd Sep,TO BE PLACED,03-09-2022 06:15,43350779,5. Character,0,7.5005,1,5.27254070683574697981541232085240489232,1,1001,1,1001,533.08,0,0
202801762,AUS / Randwick (AUS) 3rd Sep,TO BE PLACED,03-09-2022 06:15,47637351,4. Profondo,0,1.824649907,1,1.70207188281306733891465147884182461382,1,1001,1,1001,3855.72,0,0
202801766,AUS / Randwick (AUS) 3rd Sep,TO BE PLACED,03-09-2022 06:55,28494818,5. Kukeracha,0,6.2,1,4.11990059103150360583440273284291575542,1,1001,1,1001,1106.54,0,0
202801770,AUS / Randwick (AUS) 3rd Sep,TO BE PLACED,03-09-2022 07:35,36332492,1. Pioneer River,1,3.95,1,2.63565920366038608847646711050561653343,1,1001,1,1001,778.06,0,0
202801750,AUS / Randwick (AUS) 3rd Sep,TO BE PLACED,03-09-2022 04:25,39233129,7. Cadre Du Noir,1,1.8602993013613012,1,1.56094476679062682019803754648505757426,1,1001,1,1001,3571.04,0,0
202804142,AUS / Doomben (AUS) 3rd Sep,TO BE PLACED,03-09-2022 02:48,47637068,3. Executive Stress,0,3.1,1,1.77960571251164234709717479043775225085,1,1001,1,1001,1739.34,0,0
202804174,AUS / Doomben (AUS) 3rd Sep,TO BE PLACED,03-09-2022 07:43,48048633,12. Enterprise Mia,1,1.18,1,1.06435309641386454668819769799212976743,1,1001,1,1001,8533.42,0,0
202804174,AUS / Doomben (AUS) 3rd Sep,TO BE PLACED,03-09-2022 07:43,20600766,9. Big Bad Bruce,1,1.84,1,1.52361695714983527161995032166204180048,1,1001,1,1001,5773.14,0,0
202804174,AUS / Doomben (AUS) 3rd Sep,TO BE PLACED,03-09-2022 07:43,27239085,7. Love Struck,0,2.32,1,1.66045248812124778545001533751932840446,1,1001,1,1001,3194.78,0,0
202804166,AUS / Doomben (AUS) 3rd Sep,TO BE PLACED,03-09-2022 06:27,24630411,1. Phaistos,1,3.9,1,2.13499407492578991212117656721146061879,1,1001,1,1001,1704.62,0,0
202804150,AUS / Doomben (AUS) 3rd Sep,TO BE PLACED,03-09-2022 03:58,27202519,11. Tudor Music,0,5.499935004439068,1,3.62508340884751626987395996375319219046,1,1001,1,1001,1942.24,0,0
202804154,AUS / Doomben (AUS) 3rd Sep,TO BE PLACED,03-09-2022 04:33,4948814,1. Bold Style,1,5.450018814809736,1,2.52133954807984598236903434998480089168,1,1001,1,1001,1184.28,0,0
202804154,AUS / Doomben (AUS) 3rd Sep,TO BE PLACED,03-09-2022 04:33,26982152,4. Mort Doyle,0,3.250450290126027,1,1.98691498641853603875149821632470691697,1,1001,1,1001,2820.02,0,0
202804158,AUS / Doomben (AUS) 3rd Sep,TO BE PLACED,03-09-2022 05:08,38608063,8. Red Wave,0,1.8987400921748119,1,1.48876797779922779922779922779922779923,1,1001,1,1001,3315.2,0,0
202804356,AUS / Moonee Valley (AUS) 3rd Sep,TO BE PLACED,03-09-2022 04:05,16822943,2. Good Idea,0,11.5,1,6.79546796979661429789307027158689562782,1,1001,1,1001,1313.76,0,0
202804356,AUS / Moonee Valley (AUS) 3rd Sep,TO BE PLACED,03-09-2022 04:05,3824981,5. Lightning Jack,0,3.1,1,2.31488951909663419310764496851193790795,1,1001,1,1001,3483.86,0,0
202804374,AUS / Moonee Valley (AUS) 3rd Sep,TO BE PLACED,03-09-2022 05:55,48048896,2. In The Congo,0,2.9,1,2.16108428631935620499788225328250741211,1,1001,1,1001,5855.28,0,0
202804374,AUS / Moonee Valley (AUS) 3rd Sep,TO BE PLACED,03-09-2022 05:55,26516314,3. Rothfire,1,2.792516337816195,1,2.04530501802166754957256967166287536485,1,1001,1,1001,3850.92,0,0
202804380,AUS / Moonee Valley (AUS) 3rd Sep,TO BE PLACED,03-09-2022 06:35,48048901,5. Boogie Dancer,0,2.7960986525417315,1,1.98321368923993477550897069198164137455,1,1001,1,1001,8604.13,0,0
202804386,AUS / Moonee Valley (AUS) 3rd Sep,TO BE PLACED,03-09-2022 07:15,35994405,4. Ranges,0,2.5476565614808724,1,2.08500942463883966271494450248198603997,1,1001,1,1001,14186.22,0,0
202804386,AUS / Moonee Valley (AUS) 3rd Sep,TO BE PLACED,03-09-2022 07:15,48048912,8. Prince Of Boom,0,2.606002980475969,1,2.02984419841297914234846073125582163112,1,1001,1,1001,8481.3,0,0
202804398,AUS / Moonee Valley (AUS) 3rd Sep,TO BE PLACED,03-09-2022 08:25,4382096,14. Passione,0,4.8,1,2.85969921370436789104726552212788904077,1,1001,1,1001,3189.64,0,0
202804398,AUS / Moonee Valley (AUS) 3rd Sep,TO BE PLACED,03-09-2022 08:25,422914,6. Constantinople,0,44,1,20.8219699352160513239826404176363293289,1,1001,1,1001,317.98,0,0
202804398,AUS / Moonee Valley (AUS) 3rd Sep,TO BE PLACED,03-09-2022 08:25,3534742,11. Cerberus,0,10.5,1,5.16541327748283084116701573230724270615,1,1001,1,1001,1231.86,0,0
202804974,AUS / Morphettville (AUS) 3rd Sep,TO BE PLACED,03-09-2022 04:17,12360572,6. Sitting Bull,0,2.8878278135246367,1,1.75080057171089779785431959345002823264,1,1001,1,1001,2266.88,0,0
202805010,AUS / Morphettville (AUS) 3rd Sep,TO BE PLACED,03-09-2022 08:04,42464028,4. Two Times Twice,1,5.472778248712901,1,2.15636381228834059022738268021286889211,1,1001,1,1001,1033.5,0,0
202805010,AUS / Morphettville (AUS) 3rd Sep,TO BE PLACED,03-09-2022 08:04,28699685,3. Exalted Fire,0,4.2,1,3.57681221547341600956371584171567266009,1,1001,1,1001,6625.04,0,0
202805010,AUS / Morphettville (AUS) 3rd Sep,TO BE PLACED,03-09-2022 08:04,48048959,7. Load And Go,0,5.8,1,3.54638808624138697488330740164480995777,1,1001,1,1001,1799.6,0,0
202805010,AUS / Morphettville (AUS) 3rd Sep,TO BE PLACED,03-09-2022 08:04,39969389,2. Victory Club,0,2.24,1,1.71046279438002801772326338028811710861,1,1001,1,1001,4382.94,0,0
202805010,AUS / Morphettville (AUS) 3rd Sep,TO BE PLACED,03-09-2022 08:04,40041070,11. Ye Hella,0,4.47960797358188,1,3.51566062282226002783868121070970441871,1,1001,1,1001,2198.38,0,0
202804968,AUS / Morphettville (AUS) 3rd Sep,TO BE PLACED,03-09-2022 03:42,48048936,5. Nostryia,1,4.311606316,1,2.92240115130165821805997078786837357161,1,1001,1,1001,2327.8,0,0
202804992,AUS / Morphettville (AUS) 3rd Sep,TO BE PLACED,03-09-2022 06:07,21937233,6. Aadelad,0,3.4348841807305153,1,2.31325182409781108262670084795898244922,1,1001,1,1001,2332.66,0,0
202804992,AUS / Morphettville (AUS) 3rd Sep,TO BE PLACED,03-09-2022 06:07,37231612,4. Noname Lane,1,2.8,1,2.11452011842450437845873255799427864736,1,1001,1,1001,3202.04,0,0
202805016,AUS / Morphettville (AUS) 3rd Sep,TO BE PLACED,03-09-2022 08:40,28631365,3. Mccain,0,11,1,6.45591210324380885943494942448552493896,1,1001,1,1001,1032.12,0,0
202805016,AUS / Morphettville (AUS) 3rd Sep,TO BE PLACED,03-09-2022 08:40,48048965,1. Taunting,1,1.217549762178241,1,1.10980291096130397611806421774046614623,1,1001,1,1001,11416.16,0,0
202808741,AUS / Belmont (AUS) 3rd Sep,TO BE PLACED,03-09-2022 05:43,28631764,4. Astro Warrior,1,1.78513813,1,1.39129759986040894668448289320825240267,1,1001,1,1001,4355.58,0,0
202808745,AUS / Belmont (AUS) 3rd Sep,TO BE PLACED,03-09-2022 06:23,48049932,5. Alsephina,1,1.4792629301875155,1,1.27056246959734588245582391875864255224,1,1001,1,1001,10977.66,0,0
202808745,AUS / Belmont (AUS) 3rd Sep,TO BE PLACED,03-09-2022 06:23,48049933,7. Simple Logic,0,4.119158455,1,1.99034327572174079571025039498252501556,1,1001,1,1001,1670.96,0,0
202808749,AUS / Belmont (AUS) 3rd Sep,TO BE PLACED,03-09-2022 07:03,16099908,6. Vital Blast,0,8.513194880288793,1,1.61646092833603306708372898396916717869,1,1001,1,1001,716.12,0,0
202808749,AUS / Belmont (AUS) 3rd Sep,TO BE PLACED,03-09-2022 07:03,23925045,2. Titan Blinders,0,2.8177124413167256,1,1.80015887521378986552198262852543680204,1,1001,1,1001,2385.52,0,0
202808753,AUS / Belmont (AUS) 3rd Sep,TO BE PLACED,03-09-2022 07:39,46837445,10. Ghobella,0,4.662545632621473,1,3.54292321320341274651498904377826472097,1,1001,1,1001,2144.9,0,0
202808757,AUS / Belmont (AUS) 3rd Sep,TO BE PLACED,03-09-2022 08:15,29818174,10. Overthought,0,3.6095386347913876,1,2.39116635715569400347451027376744743306,1,1001,1,1001,1669.3,0,0
202808765,AUS / Belmont (AUS) 3rd Sep,TO BE PLACED,03-09-2022 09:25,14561843,4. Kia Ora Star,0,5.8,1,3.96870348655409631019387116948092557849,1,1001,1,1001,2558.4,0,0
202808765,AUS / Belmont (AUS) 3rd Sep,TO BE PLACED,03-09-2022 09:25,35586401,9. Ration Aly,0,4.6,1,2.87599168430178899381916153150549563239,1,1001,1,1001,2145.34,0,0
202808765,AUS / Belmont (AUS) 3rd Sep,TO BE PLACED,03-09-2022 09:25,44187243,1. Mood Swings,1,3.1350665611885056,1,1.72030330477770629465343852639420309484,1,1001,1,1001,2362.64,0,0
202808765,AUS / Belmont (AUS) 3rd Sep,TO BE PLACED,03-09-2022 09:25,48049945,12. Holy Ghost,0,4.2,1,2.78642533154779904099529137327746338935,1,1001,1,1001,2314.9,0,0
202841075,AUS / Gold Coast (AUS) 3rd Sep,TO BE PLACED,03-09-2022 06:04,46862015,13. Jabbar,0,4.1,1,1.64355152677300328307039716435689590052,1,1001,1,1001,1376.76,0,0
202841075,AUS / Gold Coast (AUS) 3rd Sep,TO BE PLACED,03-09-2022 06:04,48073361,1. Silesian,0,5,1,3.73232278783225818532493188648684075014,1,1001,1,1001,2136.14,0,0
202841075,AUS / Gold Coast (AUS) 3rd Sep,TO BE PLACED,03-09-2022 06:04,42879837,5. Harvesta,0,3.7,1,2.05597946844421655343332051446395761227,1,1001,1,1001,1872.24,0,0
202841084,AUS / Gold Coast (AUS) 3rd Sep,TO BE PLACED,03-09-2022 08:00,48073367,14. Excel In The Sun,0,2.26,1,1.61192588214582128216091144588918789769,1,1001,1,1001,3180.88,0,0
202841084,AUS / Gold Coast (AUS) 3rd Sep,TO BE PLACED,03-09-2022 08:00,41761318,5. Cosmic Serenade,0,3.041509837,1,2.04384882905840572245179330082761772349,1,1001,1,1001,5164.22,0,0
202841066,AUS / Gold Coast (AUS) 3rd Sep,TO BE PLACED,03-09-2022 04:14,48073355,15. Bongani,0,2.68,1,1.63839241405582381829975187126133824786,1,1001,1,1001,1942.54,0,0
202841066,AUS / Gold Coast (AUS) 3rd Sep,TO BE PLACED,03-09-2022 04:14,48073352,10. Plaintiffs Friend,0,3.9,1,2.77925377045361905316485180224771443545,1,1001,1,1001,2060.76,0,0
202841063,AUS / Gold Coast (AUS) 3rd Sep,TO BE PLACED,03-09-2022 03:39,44185770,7. A Deel Of Humour,1,5.9658,1,4.54598724487548778661592804982250292892,1,1001,1,1001,2270.46,0,0
202841063,AUS / Gold Coast (AUS) 3rd Sep,TO BE PLACED,03-09-2022 03:39,46602907,4. Enterprise Fuse,0,1.75090730879625,1,1.26421451379602085095930787915176987528,1,1001,1,1001,3664.1,0,0
202841063,AUS / Gold Coast (AUS) 3rd Sep,TO BE PLACED,03-09-2022 03:39,48073343,10. Wandilla,1,5.89253843123963952625,1,2.03991932537749634680954700438382854359,1,1001,1,1001,656.96,0,0
202841081,AUS / Gold Coast (AUS) 3rd Sep,TO BE PLACED,03-09-2022 07:24,47637279,8. Uno Moon,0,3.1,1,2.04235952470251287121961198813461079478,1,1001,1,1001,2346.32,0,0
202841072,AUS / Gold Coast (AUS) 3rd Sep,TO BE PLACED,03-09-2022 05:24,48073360,5. Ma Mas Rose,1,1.59,1,1.20936081333022605453274295036122116057,1,1001,1,1001,3432.8,0,0
202841072,AUS / Gold Coast (AUS) 3rd Sep,TO BE PLACED,03-09-2022 05:24,27944922,2. North Rocks,0,2.72,1,1.77481978237403377296921721652170676328,1,1001,1,1001,1611.94,0,0
202841072,AUS / Gold Coast (AUS) 3rd Sep,TO BE PLACED,03-09-2022 05:24,39810970,9. Jimmy Neutron,1,2.154167347302865,1,1.17137753016517039347190892162354472923,1,1001,1,1001,1321.06,0,0
202841362,AUS / Grafton (AUS) 3rd Sep,TO BE PLACED,03-09-2022 05:11,48073487,3. Gulf Of Tomini,1,2.4566564177227086,1,1.67040810727391199972564216879865564663,1,1001,1,1001,583.18,0,0
202841370,AUS / Grafton (AUS) 3rd Sep,TO BE PLACED,03-09-2022 07:46,46159269,5. Bay Of Kotor,0,1.7320448302384372,1,1.50457396067329291934640120626519371019,1,1001,1,1001,649.94,0,0
202841370,AUS / Grafton (AUS) 3rd Sep,TO BE PLACED,03-09-2022 07:46,46495382,3. Fire Up Bruce,0,1.6020539694478795,1,1.29017872116538695516351260255503855576,1,1001,1,1001,1216.42,0,0
202841360,AUS / Grafton (AUS) 3rd Sep,TO BE PLACED,03-09-2022 04:36,48073480,7. Skoozis Flyer,1,1.801139852117558,1,1.50485452953196458110343485452953196458,1,1001,1,1001,1644.32,0,0
202841360,AUS / Grafton (AUS) 3rd Sep,TO BE PLACED,03-09-2022 04:36,48073483,15. Milo Man,1,2.687522432,1,2.40397909359741420810123100199436077299,1,1001,1,1001,290.82,0,0
202841366,AUS / Grafton (AUS) 3rd Sep,TO BE PLACED,03-09-2022 06:31,48073494,3. Kambundji,1,2.2877062195723203,1,1.68620237905702003775558941933723019537,1,1001,1,1001,879.34,0,0
202841366,AUS / Grafton (AUS) 3rd Sep,TO BE PLACED,03-09-2022 06:31,2388789,12. Rule Breaker,0,8.8,1,2.32528801186266681875213870195049617885,1,1001,1,1001,175.34,0,0
202841382,AUS / Kununurra (AUS) 3rd Sep,TO BE PLACED,03-09-2022 08:35,48048698,1. Signor Fangio,1,1.35,1,1.10573115745140479190826463926718886717,1,1001,1,1001,4777.22,0,0
202841385,AUS / Kununurra (AUS) 3rd Sep,TO BE PLACED,03-09-2022 09:11,21174541,3. Pocket Pistol,0,2.734478881,1,1.45208885738679382057766966831515698246,1,1001,1,1001,1241.54,0,0
202841388,AUS / Kununurra (AUS) 3rd Sep,TO BE PLACED,03-09-2022 09:46,44364952,1. Lunch Session,1,1.31,1,1.18484821168760516693867739527586948546,1,1001,1,1001,6323.28,0,0
202841376,AUS / Kununurra (AUS) 3rd Sep,TO BE PLACED,03-09-2022 07:22,39575409,3. Constant Cause,0,3.75,1,1.2712711082934701169961385510921560717,1,1001,1,1001,694.04,0,0
202841392,AUS / Hawkesbury (AUS) 3rd Sep,TO BE PLACED,03-09-2022 04:10,48073687,7. River Tamar,1,1.4519784243259348,1,1.31702860528701661205462631800626789169,1,1001,1,1001,2801.58,0,0
202841455,AUS / Darwin (AUS) 3rd Sep,TO BE PLACED,03-09-2022 08:45,41332165,5. Champs Dor,1,1.8009739582393376,1,1.26680480581167924001117630623079072367,1,1001,1,1001,3579,0,0
202841451,AUS / Darwin (AUS) 3rd Sep,TO BE PLACED,03-09-2022 07:26,48049453,2. Bear Forever,0,1.5853296176660296,1,1.25653067160852940486523258814422107016,1,1001,1,1001,4262.9,0,0
202841453,AUS / Darwin (AUS) 3rd Sep,TO BE PLACED,03-09-2022 08:05,36037290,7. Tsugaru,0,12.5,1,1.20122703840848036012488201553764611922,1,1001,1,1001,275.46,0,0
202841449,AUS / Darwin (AUS) 3rd Sep,TO BE PLACED,03-09-2022 06:49,776294,3. Military Zone,0,14,1,1.79151430415143041514304151430415143042,1,1001,1,1001,185.96,0,0
202841462,AUS / Mildura (AUS) 3rd Sep,TO BE PLACED,03-09-2022 04:21,39233081,9. Isles Of Avalon,0,1.4519401482371728,1,1.22741749831397243250206491016693567331,1,1001,1,1001,5278.68,0,0
202841462,AUS / Mildura (AUS) 3rd Sep,TO BE PLACED,03-09-2022 04:21,48073743,7. Awesome Disguise,0,18.61897240953054,1,3.37939120488052872394509405185561769192,1,1001,1,1001,314.72,0,0
202841471,AUS / Mildura (AUS) 3rd Sep,TO BE PLACED,03-09-2022 06:11,28223974,5. Stirrup,0,2.242858706513653,1,1.44054912987921193015601029572756596845,1,1001,1,1001,5462.46,0,0
202841471,AUS / Mildura (AUS) 3rd Sep,TO BE PLACED,03-09-2022 06:11,38523366,4. Written In History,0,7.87744778,1,2.66396210417665056954325948317174770524,1,1001,1,1001,1085.08,0,0
202841471,AUS / Mildura (AUS) 3rd Sep,TO BE PLACED,03-09-2022 06:11,41018000,7. Kannenbergs Road,0,3.4897257245930087,1,1.68366332962550982573229514275120504264,1,1001,1,1001,1294.56,0,0
202841465,AUS / Mildura (AUS) 3rd Sep,TO BE PLACED,03-09-2022 04:56,40522277,6. Lastar,1,1.49,1,1.2465577146171693735498839907192575406,1,1001,1,1001,4827.2,0,0
202841468,AUS / Mildura (AUS) 3rd Sep,TO BE PLACED,03-09-2022 05:31,1010878,10. Winning Heart,0,18.40808338,1,4.17781155015197568389057750759878419453,1,1001,1,1001,190.82,0,0
202841459,AUS / Mildura (AUS) 3rd Sep,TO BE PLACED,03-09-2022 03:46,47636577,10. Savage Love,0,2.302010172,1,1.56364646723107902143802774594768987729,1,1001,1,1001,1797.74,0,0
202841474,AUS / Mildura (AUS) 3rd Sep,TO BE PLACED,03-09-2022 06:51,27911891,7. Canidae,0,3.0280365921483448,1,2.06551361316805361744604133350988520733,1,1001,1,1001,1963.54,0,0
202841477,AUS / Mildura (AUS) 3rd Sep,TO BE PLACED,03-09-2022 07:31,47663295,6. Swear By Her,1,1.54,1,1.1680765235631662279772890004941558507,1,1001,1,1001,3966.36,0,0
202841538,AUS / Toowoomba (AUS) 3rd Sep,TO BE PLACED,03-09-2022 10:52,47663704,2. Arties Dreamtime,0,3.0084626783255946,1,1.19698050639404932028873987761533106152,1,1001,1,1001,1091.64,0,0
202841523,AUS / Toowoomba (AUS) 3rd Sep,TO BE PLACED,03-09-2022 07:48,48074209,7. Duchess Bree,0,28.775176693694668,1,4.38832455480311010785051417105593177828,1,1001,1,1001,159.48,0,0
202841523,AUS / Toowoomba (AUS) 3rd Sep,TO BE PLACED,03-09-2022 07:48,42471911,2. Chosen Distance,1,2.34,1,1.08011889140092646756573018608401448198,1,1001,1,1001,1265.02,0,0
202841526,AUS / Toowoomba (AUS) 3rd Sep,TO BE PLACED,03-09-2022 08:20,37795194,1. Point The Wagon,0,3.3229175408124734,1,1.67184669706757869402748749129140540883,1,1001,1,1001,1263.12,0,0
202841526,AUS / Toowoomba (AUS) 3rd Sep,TO BE PLACED,03-09-2022 08:20,38938015,6. Anacheeva Lad,0,7.6,1,3.01365086177686417131627097969233549436,1,1001,1,1001,885.38,0,0
202841529,AUS / Toowoomba (AUS) 3rd Sep,TO BE PLACED,03-09-2022 09:00,12089090,7. Viceman,0,36.284922235533585,1,8.19967383549077565997349913362552237285,1,1001,1,1001,196.22,0,0
202841532,AUS / Toowoomba (AUS) 3rd Sep,TO BE PLACED,03-09-2022 09:40,11782548,11. Red Monkey,0,25,1,3.57426885582349923037455105182144689584,1,1001,1,1001,311.84,0,0
202841541,AUS / Toowoomba (AUS) 3rd Sep,TO BE PLACED,03-09-2022 11:27,43636339,7. So Odelia,0,1.39,1,1.14122802044062205466540999057492931197,1,1001,1,1001,5432.32,0,0
202841541,AUS / Toowoomba (AUS) 3rd Sep,TO BE PLACED,03-09-2022 11:27,42572591,8. Spur Me,0,6.8,1,3.50388552599914847929508894689102386109,1,1001,1,1001,1080.42,0,0
202841541,AUS / Toowoomba (AUS) 3rd Sep,TO BE PLACED,03-09-2022 11:27,48074230,5. Irish Sally,1,1.7211014598640397,1,1.26565496196173119623378671875947923365,1,1001,1,1001,3296.68,0,0
202841541,AUS / Toowoomba (AUS) 3rd Sep,TO BE PLACED,03-09-2022 11:27,48074231,9. Withoutado,0,2.16,1,1.21138607232846031185714459605857363699,1,1001,1,1001,1643.06,0,0
202841544,AUS / Toowoomba (AUS) 3rd Sep,TO BE PLACED,03-09-2022 12:02,9423761,5. Heart Of A Lion,1,1.243613095404962,1,1.22371342414517194310143454081553389938,1,1001,1,1001,809.6,0,0
202841544,AUS / Toowoomba (AUS) 3rd Sep,TO BE PLACED,03-09-2022 12:02,38266322,3. Delayed Launch,0,2.2830130966293654,1,2.40998443542467445480891128719253303211,1,1001,1,1001,65.1,0,0
202843535,AUS / Melton (AUS) 3rd Sep,TO BE PLACED,03-09-2022 13:28,12535319,7. Pocket Thedeal,0,6.4,1,1,1,1001,1,1001,0,0,0
202843535,AUS / Melton (AUS) 3rd Sep,TO BE PLACED,03-09-2022 13:28,27751265,4. Musztang,1,5.265328579,1,1,1,1001,1,1001,0,0,0
202843535,AUS / Melton (AUS) 3rd Sep,TO BE PLACED,03-09-2022 13:28,36864578,6. Monsieur Delacour,0,2.608380300409509,1,1,1,1001,1,1001,0,0,0
202843508,AUS / Melton (AUS) 3rd Sep,TO BE PLACED,03-09-2022 08:32,17181175,4. Our Uncle Jim,0,4.966382972152159,1,1.09305812384427007846469088909990504273,1,1001,1,1001,400.18,0,0
202843508,AUS / Melton (AUS) 3rd Sep,TO BE PLACED,03-09-2022 08:32,18129796,9. Hugo Rocks,1,1.8230737,1,1.06108950167889935518378747808516328411,1,1001,1,1001,1346.12,0,0
202843514,AUS / Melton (AUS) 3rd Sep,TO BE PLACED,03-09-2022 09:32,38904557,7. Treacherous Rock,0,1.674546350480031,1,1.11285437588159750731594349354723257332,1,1001,1,1001,949.98,0,0
202843517,AUS / Melton (AUS) 3rd Sep,TO BE PLACED,03-09-2022 10:03,43509975,6. Rocknroll Gig,1,7.288192040377709,1,2.42021857923497267759562841530054644809,1,1001,1,1001,142.74,0,0
202843520,AUS / Melton (AUS) 3rd Sep,TO BE PLACED,03-09-2022 10:32,28420085,8. Western Sonador,0,2.36,1,1.09174142286092650268533732251023861491,1,1001,1,1001,815.54,0,0
202843523,AUS / Melton (AUS) 3rd Sep,TO BE PLACED,03-09-2022 11:07,5031238,4. Just As Well,0,17.444513085280107,1,2.2868791143028126870137642130460801915,1,1001,1,1001,133.68,0,0
202843523,AUS / Melton (AUS) 3rd Sep,TO BE PLACED,03-09-2022 11:07,41120590,13. Runaway Celebrity,1,2.3183866463569434,1,1.01991649394731308762127902436093839176,1,1001,1,1001,665.82,0,0
202843523,AUS / Melton (AUS) 3rd Sep,TO BE PLACED,03-09-2022 11:07,48016195,12. Bettor Robyn,1,5.445525442187887,1,1.09181470031836847690675033451760254695,1,1001,1,1001,433.46,0,0
202843532,AUS / Melton (AUS) 3rd Sep,TO BE PLACED,03-09-2022 12:55,10920584,2. Sicario,1,2.9200311422533645,1,1,1,1001,1,1001,0,0,0
202843532,AUS / Melton (AUS) 3rd Sep,TO BE PLACED,03-09-2022 12:55,22733671,1. Ozzie Battler,1,4.775716754211742,1,1,1,1001,1,1001,0,0,0
202843529,AUS / Melton (AUS) 3rd Sep,TO BE PLACED,03-09-2022 12:21,46448222,7. Our Little Jet,0,2.66,1,1,1,1001,1,1001,0,0,0
202843575,AUS / Albion Park (AUS) 3rd Sep,TO BE PLACED,03-09-2022 12:36,19086615,1. Platinum Revolution,0,1.48437441768,1,1,1,1001,1,1001,0,0,0
202843575,AUS / Albion Park (AUS) 3rd Sep,TO BE PLACED,03-09-2022 12:36,39395773,2. Girl From Oz,1,1.7543236186944,1,1,1,1001,1,1001,0,0,0
202843557,AUS / Albion Park (AUS) 3rd Sep,TO BE PLACED,03-09-2022 09:12,2316066,8. Mufasa,0,2.835329459277078,1,1.48549163457031648020215605958712885411,1,1001,1,1001,981.42,0,0
202843563,AUS / Albion Park (AUS) 3rd Sep,TO BE PLACED,03-09-2022 10:10,23390471,4. Glenledi Commander,0,14.096906868245112,1,1.42716319824753559693318729463307776561,1,1001,1,1001,109.56,0,0
202843563,AUS / Albion Park (AUS) 3rd Sep,TO BE PLACED,03-09-2022 10:10,827618,8. Perfect Cut,0,2.390024135156879,1,1.02012831479897348160821214713430282293,1,1001,1,1001,654.64,0,0
202843563,AUS / Albion Park (AUS) 3rd Sep,TO BE PLACED,03-09-2022 10:10,12897611,1. So Bobs Your Uncle,0,2.054503245305678,1,1.65709022468403807146200655328444375098,1,1001,1,1001,2050.88,0,0
202843566,AUS / Albion Park (AUS) 3rd Sep,TO BE PLACED,03-09-2022 10:45,39368563,2. Swayzee,1,2.552990904,1,1.08473148495066816535531410016235793681,1,1001,1,1001,1281.12,0,0
202843560,AUS / Albion Park (AUS) 3rd Sep,TO BE PLACED,03-09-2022 09:44,17399069,2. Theresachance,0,1.93,1,1.24878756972111553784860557768924302789,1,1001,1,1001,1255,0,0
202854736,AUS / Hobart (AUS) 3rd Sep,TO BE PLACED,03-09-2022 14:02,36201206,11. Safe Jewels,0,19.228868364170197,1,1,1,1001,1,1001,0,0,0
202854736,AUS / Hobart (AUS) 3rd Sep,TO BE PLACED,03-09-2022 14:02,48031114,12. Safe Under Fire,0,38.8577930602145,1,1,1,1001,1,1001,0,0,0
202854720,AUS / Hobart (AUS) 3rd Sep,TO BE PLACED,03-09-2022 09:35,44965860,1. Scarlet Place,1,3.383729547,1,1.43856880095446410817259892622787830583,1,1001,1,1001,402.32,0,0
202854720,AUS / Hobart (AUS) 3rd Sep,TO BE PLACED,03-09-2022 09:35,48031092,4. Julepe Sanz,1,1.8592272041729303,1,1.07013806896996677312171360366463434304,1,1001,1,1001,619.98,0,0
202854728,AUS / Hobart (AUS) 3rd Sep,TO BE PLACED,03-09-2022 11:49,19750732,7. Diamonds N Cash,0,3.174970673581528,1,1.07712664501794565031618526747564518886,1,1001,1,1001,585.1,0,0
202854722,AUS / Hobart (AUS) 3rd Sep,TO BE PLACED,03-09-2022 10:06,23294645,10. Velocity Stride,0,5.295626099,1,,1,1001,1,1001,406.92,0,0
202854724,AUS / Hobart (AUS) 3rd Sep,TO BE PLACED,03-09-2022 10:37,40583795,9. Ideal Pace,0,1.974322759263618,1,1.10621516296646197449220595181861124232,1,1001,1,1001,846.8,0,0
202854724,AUS / Hobart (AUS) 3rd Sep,TO BE PLACED,03-09-2022 10:37,47841094,1. Rocknroll Wizard,0,16.161058077532797,1,1.5132560975609756097560975609756097561,1,1001,1,1001,164,0,0
202854734,AUS / Hobart (AUS) 3rd Sep,TO BE PLACED,03-09-2022 13:35,611575,5. Kenya,0,3.488605358271199,1,1,1,1001,1,1001,0,0,0
202854734,AUS / Hobart (AUS) 3rd Sep,TO BE PLACED,03-09-2022 13:35,12356815,12. Buster William,1,2.6000089453439488,1,1,1,1001,1,1001,0,0,0
202854718,AUS / Hobart (AUS) 3rd Sep,TO BE PLACED,03-09-2022 09:06,43332355,4. Blings On Fire,0,15.257208283878864,1,2.36409691629955947136563876651982378855,1,1001,1,1001,145.28,0,0
202854718,AUS / Hobart (AUS) 3rd Sep,TO BE PLACED,03-09-2022 09:06,43332356,5. Dukes Choice,1,4.801120173,1,1.39811425622295446425026797411568541824,1,1001,1,1001,503.78,0,0
202854730,AUS / Hobart (AUS) 3rd Sep,TO BE PLACED,03-09-2022 12:28,48031110,11. Bridwood Bella,1,12.839007806155799,1,1,1,1001,1,1001,0,0,0
202854730,AUS / Hobart (AUS) 3rd Sep,TO BE PLACED,03-09-2022 12:28,6580630,13. Lancelot,0,2.28,1,1,1,1001,1,1001,0,0,0
202854730,AUS / Hobart (AUS) 3rd Sep,TO BE PLACED,03-09-2022 12:28,39679332,8. Jack James,0,12.986961476635187,1,1,1,1001,1,1001,0,0,0
202854763,AUS / Globe Derby (AUS) 3rd Sep,TO BE PLACED,03-09-2022 12:14,38989455,4. Ohoka Agent,1,4.216392447,1,1,1,1001,1,1001,0,0,0
202854763,AUS / Globe Derby (AUS) 3rd Sep,TO BE PLACED,03-09-2022 12:14,19375956,3. Illawong Phillipa,0,17.086666116,1,1,1,1001,1,1001,0,0,0
202854761,AUS / Globe Derby (AUS) 3rd Sep,TO BE PLACED,03-09-2022 11:37,27194099,6. Double O Heaven,0,1.9399956831426723,1,1.07019399263377027428911307848923661153,1,1001,1,1001,874.26,0,0
202854765,AUS / Globe Derby (AUS) 3rd Sep,TO BE PLACED,03-09-2022 12:47,18528121,1. Bettor Beontoit,1,1.94,1,1,1,1001,1,1001,0,0,0
202854765,AUS / Globe Derby (AUS) 3rd Sep,TO BE PLACED,03-09-2022 12:47,29271078,4. Weeroona Boy,0,5.394163706265391,1,1,1,1001,1,1001,0,0,0
202854767,AUS / Globe Derby (AUS) 3rd Sep,TO BE PLACED,03-09-2022 13:13,26504217,5. Champagne Prince,1,1.2854690473018988,1,1,1,1001,1,1001,0,0,0
202854769,AUS / Globe Derby (AUS) 3rd Sep,TO BE PLACED,03-09-2022 13:43,38397623,1. Tick Tock Go,1,1.416786553417624,1,1,1,1001,1,1001,0,0,0
202854757,AUS / Globe Derby (AUS) 3rd Sep,TO BE PLACED,03-09-2022 10:25,9153934,7. Luv Me Or Hate Me,0,23,1,10.943062827225130890052356020942408377,1,1001,1,1001,30.56,0,0
202854759,AUS / Globe Derby (AUS) 3rd Sep,TO BE PLACED,03-09-2022 11:00,36136276,5. Our Spitfire,0,4.33790886135416,1,2.97350126264920153334665625056773795033,1,1001,1,1001,1100.86,0,0
202854893,AUS / Northam (AUS) 3rd Sep,TO BE PLACED,03-09-2022 13:50,41386056,8. Lets Rock Tonight,1,3.59,1,1,1,1001,1,1001,0,0,0
202854883,AUS / Northam (AUS) 3rd Sep,TO BE PLACED,03-09-2022 11:24,38484303,1. Dunamis,0,20.827979475744065,1,1.13485516976788797237675043161327450604,1,1001,1,1001,104.26,0,0
202854883,AUS / Northam (AUS) 3rd Sep,TO BE PLACED,03-09-2022 11:24,43204944,5. Luhrsy,1,2.0989156114275094,1,1.05162977732352596216678116046445386458,1,1001,1,1001,1193.66,0,0
202854883,AUS / Northam (AUS) 3rd Sep,TO BE PLACED,03-09-2022 11:24,45580903,7. Yankeedelight,0,60.393207840616824,1,1.12354570637119113573407202216066481994,1,1001,1,1001,36.1,0,0
202854885,AUS / Northam (AUS) 3rd Sep,TO BE PLACED,03-09-2022 11:58,39594438,7. Robo Reactor,0,3.52944553952082,1,2.02612981135359777192715246197697948171,1,1001,1,1001,919.18,0,0
202854887,AUS / Northam (AUS) 3rd Sep,TO BE PLACED,03-09-2022 12:25,35920995,7. Saligo Bay,1,2.1179692507213,1,1,1,1001,1,1001,0,0,0
202801742,AUS / Randwick (AUS) 3rd Sep,TO BE PLACED,03-09-2022 03:15,36241785,8. Bella Violet,0,3.3293621156123123,1,2.26670776456773814765888742110670776457,1,1001,1,1001,1362.6,0,0
202801746,AUS / Randwick (AUS) 3rd Sep,TO BE PLACED,03-09-2022 03:50,48048552,13. Hoover Lucy,0,4.5637350886804064,1,2.78830749550756860475740870465690007005,1,1001,1,1001,1313.32,0,0
202801758,AUS / Randwick (AUS) 3rd Sep,TO BE PLACED,03-09-2022 05:35,4265412,1. Shes Extreme,1,1.8075417973636243,1,1.544953262295510863105805491913872558,1,1001,1,1001,5351.14,0,0
202801758,AUS / Randwick (AUS) 3rd Sep,TO BE PLACED,03-09-2022 05:35,4670217,4. Seven Veils,0,3.45,1,2.57005018967648437832999445888922040834,1,1001,1,1001,1876.88,0,0
202801758,AUS / Randwick (AUS) 3rd Sep,TO BE PLACED,03-09-2022 05:35,48048557,7. North Star Lass,1,2.2043001604544044,1,1.39928377682190318355895697943628226853,1,1001,1,1001,3222.18,0,0
202801762,AUS / Randwick (AUS) 3rd Sep,TO BE PLACED,03-09-2022 06:15,39233188,1. Zaaki,1,1.12,1,1.10964737554969497201191145036709995018,1,1001,1,1001,25132.12,0,0
202801766,AUS / Randwick (AUS) 3rd Sep,TO BE PLACED,03-09-2022 06:55,785747,10. No Compromise,1,5.5,1,3.84136688818680321022624105748629117188,1,1001,1,1001,1101.48,0,0
202801766,AUS / Randwick (AUS) 3rd Sep,TO BE PLACED,03-09-2022 06:55,36409680,4. Stockman,0,3.0018045987700317,1,2.54321861393656956343349847210910182061,1,1001,1,1001,3265.94,0,0
202801774,AUS / Randwick (AUS) 3rd Sep,TO BE PLACED,03-09-2022 08:10,11966502,8. Alcyone,1,2.4,1,1.71307070500358129540570960810395988949,1,1001,1,1001,2345.52,0,0
202801774,AUS / Randwick (AUS) 3rd Sep,TO BE PLACED,03-09-2022 08:10,48048572,17. Opacity,0,3.0453020891800406,1,2.16192642977862165376510109124293195902,1,1001,1,1001,2396.35,0,0
202801774,AUS / Randwick (AUS) 3rd Sep,TO BE PLACED,03-09-2022 08:10,24914754,11. Kaapfever,0,27.12570374425225,1,18.0478579175704989154013015184381778742,1,1001,1,1001,368.8,0,0
202801774,AUS / Randwick (AUS) 3rd Sep,TO BE PLACED,03-09-2022 08:10,48048570,14. Niffler,0,2.749130242599057,1,1.89439346868000866989379380102593743227,1,1001,1,1001,3045.02,0,0
202801738,AUS / Randwick (AUS) 3rd Sep,TO BE PLACED,03-09-2022 02:40,47637323,4. Participator,0,2.2410466738118657,1,1.75771965572327454112737586802725524077,1,1001,1,1001,2453.84,0,0
202801750,AUS / Randwick (AUS) 3rd Sep,TO BE PLACED,03-09-2022 04:25,5429827,6. Raging Bull,0,3.25,1,3.09829009300901075164820993922981446556,1,1001,1,1001,4962.96,0,0
202804170,AUS / Doomben (AUS) 3rd Sep,TO BE PLACED,03-09-2022 07:07,20599970,3. Hasabro,1,2.74,1,2.05476137705633863386007800275887620453,1,1001,1,1001,6045.94,0,0
202804170,AUS / Doomben (AUS) 3rd Sep,TO BE PLACED,03-09-2022 07:07,48048631,10. Deep Sceiva,0,7.87768395,1,3.38875997840141266436087153218627322213,1,1001,1,1001,2740.92,0,0
202804170,AUS / Doomben (AUS) 3rd Sep,TO BE PLACED,03-09-2022 07:07,672561,9. Renouf,0,2.848914369,1,2.55608213299378977183969535397121543037,1,1001,1,1001,6785.58,0,0
202804166,AUS / Doomben (AUS) 3rd Sep,TO BE PLACED,03-09-2022 06:27,48048630,9. Chocolatier,0,2.96,1,1.69045596258768511301636788776305533905,1,1001,1,1001,1642.24,0,0
202804146,AUS / Doomben (AUS) 3rd Sep,TO BE PLACED,03-09-2022 03:23,42351639,5. Kobe Lad,0,3.95,1,3.306747860117211597779148673658235657,1,1001,1,1001,2074.88,0,0
202804150,AUS / Doomben (AUS) 3rd Sep,TO BE PLACED,03-09-2022 03:58,41575083,6. Maximum Output,1,7.8,1,3.06927227217947529433577454343190877909,1,1001,1,1001,1078.7,0,0
202804350,AUS / Moonee Valley (AUS) 3rd Sep,TO BE PLACED,03-09-2022 03:30,48048884,1. Castillian,1,1.531112817426274,1,1.34579554238499699223491487182940997292,1,1001,1,1001,13066.18,0,0
202804350,AUS / Moonee Valley (AUS) 3rd Sep,TO BE PLACED,03-09-2022 03:30,48048885,2. Major Beel,1,1.58,1,1.33110979815564836446841840984055108048,1,1001,1,1001,6651.66,0,0
202804350,AUS / Moonee Valley (AUS) 3rd Sep,TO BE PLACED,03-09-2022 03:30,6401329,8. Disturbia,0,5.975384035,1,3.37602368328334865814778850037381089465,1,1001,1,1001,2327.38,0,0
202804356,AUS / Moonee Valley (AUS) 3rd Sep,TO BE PLACED,03-09-2022 04:05,42997635,8. Prix De Turn,0,2.26,1,1.81700190547193642346288295326339332629,1,1001,1,1001,10086.74,0,0
202804362,AUS / Moonee Valley (AUS) 3rd Sep,TO BE PLACED,03-09-2022 04:40,8445738,3. Athletica,0,3.2370952534342363,1,2.44757695049468985965246845472418599794,1,1001,1,1001,4404.78,0,0
202804362,AUS / Moonee Valley (AUS) 3rd Sep,TO BE PLACED,03-09-2022 04:40,48048895,12. Social Conscience,0,21,1,11.2992644336783144747219494921856138035,1,1001,1,1001,621.29,0,0
202804368,AUS / Moonee Valley (AUS) 3rd Sep,TO BE PLACED,03-09-2022 05:15,31404318,6. Inspirational Girl,1,2.7556391653899475,1,2.09612775779932661402541841061265027039,1,1001,1,1001,3665.06,0,0
202804380,AUS / Moonee Valley (AUS) 3rd Sep,TO BE PLACED,03-09-2022 06:35,42011140,10. Va Via,0,4.4,1,2.72176297684293486346620130039848327054,1,1001,1,1001,2486.93,0,0
202804386,AUS / Moonee Valley (AUS) 3rd Sep,TO BE PLACED,03-09-2022 07:15,28532443,15. Gravina,0,4.148895313295796,1,3.00688067397556808162620016174440735268,1,1001,1,1001,6578.28,0,0
202804392,AUS / Moonee Valley (AUS) 3rd Sep,TO BE PLACED,03-09-2022 07:50,41397980,10. Wyclif,0,9.528126529625734,1,6.42911861936122029309940911575604550069,1,1001,1,1001,1536.68,0,0
202804398,AUS / Moonee Valley (AUS) 3rd Sep,TO BE PLACED,03-09-2022 08:25,48048923,13. Pounding,1,3.4095340846679756,1,2.15232407180785970438317389037276664574,1,1001,1,1001,3758.92,0,0
202804398,AUS / Moonee Valley (AUS) 3rd Sep,TO BE PLACED,03-09-2022 08:25,41034833,16. Seb Song,0,7.2,1,3.84031743815308710931136400660941609067,1,1001,1,1001,1718.76,0,0
202804974,AUS / Morphettville (AUS) 3rd Sep,TO BE PLACED,03-09-2022 04:17,42412604,9. Extremely Discreet,0,2.6262203494383716,1,1.70719518556880296970567555511873530457,1,1001,1,1001,2645.38,0,0
202804980,AUS / Morphettville (AUS) 3rd Sep,TO BE PLACED,03-09-2022 04:52,38589985,3. Four Outlaws,0,2.6605328754590287,1,1.55903475041710525373604577058853014257,1,1001,1,1001,2793.06,0,0
202805004,AUS / Morphettville (AUS) 3rd Sep,TO BE PLACED,03-09-2022 07:27,44994171,12. More Shots,0,2.84,1,2.04837435051042239745705727733969069014,1,1001,1,1001,3271.8,0,0
202804962,AUS / Morphettville (AUS) 3rd Sep,TO BE PLACED,03-09-2022 03:09,42217824,3. Miss Gobcain,1,1.7094790117639964,1,1.27027297915660880334165949497281753112,1,1001,1,1001,5716.92,0,0
202804968,AUS / Morphettville (AUS) 3rd Sep,TO BE PLACED,03-09-2022 03:42,48048938,7. Sghirripa,1,1.157520597,1,1.06395496193853914419451247258865953686,1,1001,1,1001,8746.38,0,0
202804968,AUS / Morphettville (AUS) 3rd Sep,TO BE PLACED,03-09-2022 03:42,48048940,9. The Great Baby,0,4.126152818822054,1,1.80195827175246061444608660105028143769,1,1001,1,1001,1272.04,0,0
202804968,AUS / Morphettville (AUS) 3rd Sep,TO BE PLACED,03-09-2022 03:42,48048935,4. More Money Please,0,8.248099623,1,2.10333760866467151204218326920336326065,1,1001,1,1001,701.7,0,0
202804992,AUS / Morphettville (AUS) 3rd Sep,TO BE PLACED,03-09-2022 06:07,1393481,3. Bold Star,0,11.5,1,4.61691362089781582702228075952145757875,1,1001,1,1001,546.66,0,0
202804992,AUS / Morphettville (AUS) 3rd Sep,TO BE PLACED,03-09-2022 06:07,28310473,8. Extra Mile,1,2.88,1,1.97915612469781846778186619547383035116,1,1001,1,1001,2060.02,0,0
202804992,AUS / Morphettville (AUS) 3rd Sep,TO BE PLACED,03-09-2022 06:07,40447154,5. Thompsons Reward,0,4.618632195344488,1,2.40501642453965022670491348200240584806,1,1001,1,1001,1729.12,0,0
202804992,AUS / Morphettville (AUS) 3rd Sep,TO BE PLACED,03-09-2022 06:07,36749641,10. Sparkup,1,2.8260717234596813,1,1.72987385923364282246157809728594219126,1,1001,1,1001,2018.38,0,0
202804998,AUS / Morphettville (AUS) 3rd Sep,TO BE PLACED,03-09-2022 06:47,36621237,11. Nana Dulce,1,2.22,1,1.72146927446055485786048635689005594246,1,1001,1,1001,5605.76,0,0
202804998,AUS / Morphettville (AUS) 3rd Sep,TO BE PLACED,03-09-2022 06:47,47016399,12. Graceful Eagle,0,3.683297856864047,1,2.64499920081836199731474969631097755898,1,1001,1,1001,3753.84,0,0
202804998,AUS / Morphettville (AUS) 3rd Sep,TO BE PLACED,03-09-2022 06:47,48048953,14. Oddsock,0,16.50506625475129,1,7.57539603367782610430549459319261003152,1,1001,1,1001,1503.66,0,0
202804998,AUS / Morphettville (AUS) 3rd Sep,TO BE PLACED,03-09-2022 06:47,48048951,6. Bellavardo,0,2.72,1,1.85864278676623107239161999585148309479,1,1001,1,1001,3085.44,0,0
202804998,AUS / Morphettville (AUS) 3rd Sep,TO BE PLACED,03-09-2022 06:47,42188547,4. Kungka Maru,0,2.167272982212162,1,1.92882655433628874191415515796949892777,1,1001,1,1001,10193.74,0,0
202805016,AUS / Morphettville (AUS) 3rd Sep,TO BE PLACED,03-09-2022 08:40,28314712,6. Rubble,0,21.586719659,1,7.07013821296476542729219388748296671209,1,1001,1,1001,410.96,0,0
202808737,AUS / Belmont (AUS) 3rd Sep,TO BE PLACED,03-09-2022 05:04,48049929,3. Ponyo,0,4.993168052486434,1,2.19484334116068433411606843341160684334,1,1001,1,1001,1490.5,0,0
202808745,AUS / Belmont (AUS) 3rd Sep,TO BE PLACED,03-09-2022 06:23,6959233,1. No Change,0,1.786339288,1,1.35911526924851797948244648752262965461,1,1001,1,1001,9014.72,0,0
202808745,AUS / Belmont (AUS) 3rd Sep,TO BE PLACED,03-09-2022 06:23,36088259,4. Pretty Friar,0,7.8,1,1.94231192660550458715596330275229357798,1,1001,1,1001,654,0,0
202808745,AUS / Belmont (AUS) 3rd Sep,TO BE PLACED,03-09-2022 06:23,41729829,6. Enticing,1,2.315754279575886,1,1.61147684868870552372943711567772113313,1,1001,1,1001,3044.32,0,0
202808749,AUS / Belmont (AUS) 3rd Sep,TO BE PLACED,03-09-2022 07:03,6239175,9. Honey Dew,0,1.811172009,1,1.45334277416550814991350701010572005054,1,1001,1,1001,6948.54,0,0
202808749,AUS / Belmont (AUS) 3rd Sep,TO BE PLACED,03-09-2022 07:03,38017195,4. Universal Pleasure,1,1.9514454635619773,1,1.48522054298023661355399028927032756616,1,1001,1,1001,6434.12,0,0
202808753,AUS / Belmont (AUS) 3rd Sep,TO BE PLACED,03-09-2022 07:39,40842746,8. Letsdeal,0,1.6147963238695324,1,1.31530884604234585670764269984080887402,1,1001,1,1001,7864.76,0,0
202808753,AUS / Belmont (AUS) 3rd Sep,TO BE PLACED,03-09-2022 07:39,48049936,11. Rejuva King,1,2.90599026952079,1,1.83614776392352452202826267664172901081,1,1001,1,1001,3007.5,0,0
202808753,AUS / Belmont (AUS) 3rd Sep,TO BE PLACED,03-09-2022 07:39,4305303,1. Tinsnip,0,39.54583137523384,1,10.5361834248865536183424886553618342489,1,1001,1,1001,167.48,0,0
202808757,AUS / Belmont (AUS) 3rd Sep,TO BE PLACED,03-09-2022 08:15,41833021,9. Truly Reliable,1,7.419130160259083,1,2.22011431902456401703450620982236831452,1,1001,1,1001,617.57,0,0
202808757,AUS / Belmont (AUS) 3rd Sep,TO BE PLACED,03-09-2022 08:15,33672576,11. Aragain,0,7.11768011380016,1,2.61462958387745738185155119471993788162,1,1001,1,1001,1133.32,0,0
202808757,AUS / Belmont (AUS) 3rd Sep,TO BE PLACED,03-09-2022 08:15,13354634,4. Hes A Parker,0,8.8,1,3.13841215611180757415035335932441554506,1,1001,1,1001,725.89,0,0
202808761,AUS / Belmont (AUS) 3rd Sep,TO BE PLACED,03-09-2022 08:50,48049943,8. Nowhiteflag,0,1.6155929408214438,1,1.30509910126785427700208634248114267373,1,1001,1,1001,4984.8,0,0
202808761,AUS / Belmont (AUS) 3rd Sep,TO BE PLACED,03-09-2022 08:50,22255954,2. Coming Around,1,4.3,1,2.48007802959996092414399452938015923411,1,1001,1,1001,1637.84,0,0
202808765,AUS / Belmont (AUS) 3rd Sep,TO BE PLACED,03-09-2022 09:25,28274282,7. Karijini Aurora,0,7.887671737382188,1,2.80216008709104451956683664699478599668,1,1001,1,1001,698.12,0,0
202841078,AUS / Gold Coast (AUS) 3rd Sep,TO BE PLACED,03-09-2022 06:44,48073363,8. Uncle Bud,1,2.186703953471005,1,1.54450775155524834600572726375037029723,1,1001,1,1001,3645.72,0,0
202841069,AUS / Gold Coast (AUS) 3rd Sep,TO BE PLACED,03-09-2022 04:49,48073358,7. Im Gunna Cashew,0,2.1715425181052694,1,1.39384504135234523757612755999360455821,1,1001,1,1001,2751.96,0,0
202841066,AUS / Gold Coast (AUS) 3rd Sep,TO BE PLACED,03-09-2022 04:14,48073353,12. Crystallization,1,5.780396218,1,2.31206181850950707398395962872848517617,1,1001,1,1001,887.76,0,0
202841081,AUS / Gold Coast (AUS) 3rd Sep,TO BE PLACED,03-09-2022 07:24,1029076,3. Dark Horse,1,1.09,1,1.06035348658475302742169102070175092867,1,1001,1,1001,4059.56,0,0
202841362,AUS / Grafton (AUS) 3rd Sep,TO BE PLACED,03-09-2022 05:11,48073491,14. Fiddler Onthe Roof,1,3.35,1,3.43031037299210454669207732099101551865,1,1001,1,1001,367.3,0,0
202841364,AUS / Grafton (AUS) 3rd Sep,TO BE PLACED,03-09-2022 05:51,231015,1. Miles Ahead,0,9.883979322395465,1,3.0438737502450499901980003920799843168,1,1001,1,1001,102.02,0,0
202841366,AUS / Grafton (AUS) 3rd Sep,TO BE PLACED,03-09-2022 06:31,20862672,2. Mosserati,1,2.0643249077152,1,1.56681823339195552277755715663470811823,1,1001,1,1001,705.08,0,0
202841368,AUS / Grafton (AUS) 3rd Sep,TO BE PLACED,03-09-2022 07:11,41145718,11. Street Baby,1,3.9,1,3.41149094287041337668369716674407803065,1,1001,1,1001,861.2,0,0
202841382,AUS / Kununurra (AUS) 3rd Sep,TO BE PLACED,03-09-2022 08:35,42424858,5. Lunar Mach,0,6.6,1,1.71453714173344476672729954279533946217,1,1001,1,1001,406.82,0,0
202841388,AUS / Kununurra (AUS) 3rd Sep,TO BE PLACED,03-09-2022 09:46,42088529,6. Mazy Motion,0,3.769059181,1,2.2292882232377586419171911324840487554,1,1001,1,1001,1380.77,0,0
202841388,AUS / Kununurra (AUS) 3rd Sep,TO BE PLACED,03-09-2022 09:46,9446751,3. Doon Buggy,0,5.388963381635168,1,2.65605242096838735494197679071628651461,1,1001,1,1001,799.68,0,0
202841400,AUS / Hawkesbury (AUS) 3rd Sep,TO BE PLACED,03-09-2022 06:40,41843920,8. Seanys Girl,1,1.64,1,1.27757759884424993095243153668019290828,1,1001,1,1001,7531.04,0,0
202841400,AUS / Hawkesbury (AUS) 3rd Sep,TO BE PLACED,03-09-2022 06:40,2788972,9. Shes Super,0,16,1,7.9861351819757365684575389948006932409,1,1001,1,1001,219.26,0,0
202841394,AUS / Hawkesbury (AUS) 3rd Sep,TO BE PLACED,03-09-2022 04:45,48073695,11. Shark Spirit,0,4.1,1,3.06218410370564357732093754091920911353,1,1001,1,1001,305.48,0,0
202841392,AUS / Hawkesbury (AUS) 3rd Sep,TO BE PLACED,03-09-2022 04:10,48073686,6. Aunt Roberta,0,4.181583284605878,1,3.25855719748831499929181813889806902413,1,1001,1,1001,847.24,0,0
202841455,AUS / Darwin (AUS) 3rd Sep,TO BE PLACED,03-09-2022 08:45,28205170,1. Blueant,0,1.6922019516058662,1,1.33103709341904067108303387713524879898,1,1001,1,1001,8854.94,0,0
202841451,AUS / Darwin (AUS) 3rd Sep,TO BE PLACED,03-09-2022 07:26,650145,1. Air Command,1,1.443248355556661,1,1.26081060446076122094251043714160398967,1,1001,1,1001,6155.9,0,0
202841449,AUS / Darwin (AUS) 3rd Sep,TO BE PLACED,03-09-2022 06:49,11942838,5. Patria,0,4.0908436142228295,1,1.2165695981362842166569598136284216657,1,1001,1,1001,686.8,0,0
202841462,AUS / Mildura (AUS) 3rd Sep,TO BE PLACED,03-09-2022 04:21,45737316,3. Masked Valentine,0,3.839057817,1,1.83839217781231282275427775889142505625,1,1001,1,1001,1235.46,0,0
202841462,AUS / Mildura (AUS) 3rd Sep,TO BE PLACED,03-09-2022 04:21,48073745,13. Poppet,0,2.360421056174382,1,1.76010136146881982998917275219424543297,1,1001,1,1001,2604.54,0,0
202841471,AUS / Mildura (AUS) 3rd Sep,TO BE PLACED,03-09-2022 06:11,24985078,3. Areyoulistening,1,1.832196131351666,1,1.22662368661618156579051316487410701186,1,1001,1,1001,3544.28,0,0
202841465,AUS / Mildura (AUS) 3rd Sep,TO BE PLACED,03-09-2022 04:56,47038997,11. Tafika,1,1.453857453847268,1,1.21475425683630203198728931172771561749,1,1001,1,1001,6268.74,0,0
202841465,AUS / Mildura (AUS) 3rd Sep,TO BE PLACED,03-09-2022 04:56,48073747,4. Honest Legend,1,1.659560113,1,1.24030919875717917333584408247810940589,1,1001,1,1001,3186.3,0,0
202841468,AUS / Mildura (AUS) 3rd Sep,TO BE PLACED,03-09-2022 05:31,48073751,1. Jet Jitsu,1,1.3829332665659244,1,1.16877362947318693075635156070890156384,1,1001,1,1001,5757.64,0,0
202841468,AUS / Mildura (AUS) 3rd Sep,TO BE PLACED,03-09-2022 05:31,38093498,9. Keen As A Bean,0,6.340154520167269,1,2.1174311926605504587155963302752293578,1,1001,1,1001,416.38,0,0
202841468,AUS / Mildura (AUS) 3rd Sep,TO BE PLACED,03-09-2022 05:31,24151594,8. Spears,0,2.98,1,1.21815533566493218459438710227757399983,1,1001,1,1001,937.84,0,0
202841459,AUS / Mildura (AUS) 3rd Sep,TO BE PLACED,03-09-2022 03:46,47016453,1. Bond Street Beau,1,1.08,1,1.05192402384971625653888004316947747537,1,1001,1,1001,11267.22,0,0
202841459,AUS / Mildura (AUS) 3rd Sep,TO BE PLACED,03-09-2022 03:46,46495146,2. Host Too Bee,0,12.074968631258232,1,2.34427686884913517475864435329163872296,1,1001,1,1001,641.17,0,0
202841474,AUS / Mildura (AUS) 3rd Sep,TO BE PLACED,03-09-2022 06:51,39602889,9. The Enzo,0,4.9,1,2.15036699820212116713675425140613917891,1,1001,1,1001,1212.54,0,0
202841511,AUS / Birdsville (AUS) 3rd Sep,TO BE PLACED,03-09-2022 07:27,39242335,5. Cadouin,0,2.492087351413648,1,1.28008697809011988424968995452666391071,1,1001,1,1001,1209.5,0,0
202841538,AUS / Toowoomba (AUS) 3rd Sep,TO BE PLACED,03-09-2022 10:52,44590975,8. Rose Of Taormina,0,5.8339557467191465,1,2.35600405581575008449616146009367003042,1,1001,1,1001,828.44,0,0
202841529,AUS / Toowoomba (AUS) 3rd Sep,TO BE PLACED,03-09-2022 09:00,37549724,9. Dazzling Flash,0,1.803519356,1,1.40943284098776828986845141933994922686,1,1001,1,1001,3466.4,0,0
202841532,AUS / Toowoomba (AUS) 3rd Sep,TO BE PLACED,03-09-2022 09:40,26100947,7. Epicurious,0,2.04,1,1.78271293134580772833104808993778461557,1,1001,1,1001,6811.82,0,0
202841532,AUS / Toowoomba (AUS) 3rd Sep,TO BE PLACED,03-09-2022 09:40,488512,2. Overseas,1,1.743134163,1,1.35164806198699204933458386204951848514,1,1001,1,1001,3262.62,0,0
202841532,AUS / Toowoomba (AUS) 3rd Sep,TO BE PLACED,03-09-2022 09:40,7619936,5. Octavian,0,5.5,1,1.5315299522456628181103790122710511999,1,1001,1,1001,661.72,0,0
202841535,AUS / Toowoomba (AUS) 3rd Sep,TO BE PLACED,03-09-2022 10:15,9464747,7. Petralia,0,6.4,1,1.66428393080078473336900303192438023899,1,1001,1,1001,560.7,0,0
202841541,AUS / Toowoomba (AUS) 3rd Sep,TO BE PLACED,03-09-2022 11:27,43059007,6. Miss Gideon,1,2.1341398713117457,1,1.32886741880102308959041379068708174206,1,1001,1,1001,9133.12,0,0
202841544,AUS / Toowoomba (AUS) 3rd Sep,TO BE PLACED,03-09-2022 12:02,42208995,7. Adalissa,1,1.4471676866923002,1,1.50177452011982176177473480603927485091,1,1001,1,1001,571.42,0,0
202843535,AUS / Melton (AUS) 3rd Sep,TO BE PLACED,03-09-2022 13:28,36201186,8. Gilty By The Beach,0,2.384188900893786,1,1,1,1001,1,1001,0,0,0
202843535,AUS / Melton (AUS) 3rd Sep,TO BE PLACED,03-09-2022 13:28,40372330,1. Balenciago,1,1.6,1,1,1,1001,1,1001,0,0,0
202843508,AUS / Melton (AUS) 3rd Sep,TO BE PLACED,03-09-2022 08:32,19187141,8. Messerati,0,7.2,1,1.25027242065207991005794344028366340915,1,1001,1,1001,462.52,0,0
202843511,AUS / Melton (AUS) 3rd Sep,TO BE PLACED,03-09-2022 09:04,36024250,2. Captain Confetti,0,4.258665407787191,1,1.45699752737548569410102437301306958672,1,1001,1,1001,566.2,0,0
202843511,AUS / Melton (AUS) 3rd Sep,TO BE PLACED,03-09-2022 09:04,37017022,6. Villacci,0,25.823314108251996,1,3.06036892118501956400223588596981553941,1,1001,1,1001,17.89,0,0
202843520,AUS / Melton (AUS) 3rd Sep,TO BE PLACED,03-09-2022 10:32,35372319,1. Knights Templar,0,1.9482877442570166,1,1.31040914233341448395365822222858697676,1,1001,1,1001,1396.58,0,0
202843523,AUS / Melton (AUS) 3rd Sep,TO BE PLACED,03-09-2022 11:07,48016194,7. Mosaic Art,0,22.259020294878557,1,1.02813565744600227358848048503220917014,1,1001,1,1001,105.56,0,0
202843526,AUS / Melton (AUS) 3rd Sep,TO BE PLACED,03-09-2022 11:42,12991233,6. Bulletproof Boy,0,26.984831028655172,1,1.2346172480620155038759689922480620155,1,1001,1,1001,82.56,0,0
202843532,AUS / Melton (AUS) 3rd Sep,TO BE PLACED,03-09-2022 12:55,11156017,5. Bernie Winkle,0,4.744693640251473,1,1,1,1001,1,1001,0,0,0
202843529,AUS / Melton (AUS) 3rd Sep,TO BE PLACED,03-09-2022 12:21,48016196,4. Venetian,1,7.891755683,1,1,1,1001,1,1001,0,0,0
202843557,AUS / Albion Park (AUS) 3rd Sep,TO BE PLACED,03-09-2022 09:12,34139677,9. Obi One,0,4.326018739410369,1,1.05312575312093314696100641056538294693,1,1001,1,1001,414.94,0,0
202843557,AUS / Albion Park (AUS) 3rd Sep,TO BE PLACED,03-09-2022 09:12,21949873,4. Little Bolt,0,3.55,1,1.54995955941824384935515654181556153586,1,1001,1,1001,1360.02,0,0
202843557,AUS / Albion Park (AUS) 3rd Sep,TO BE PLACED,03-09-2022 09:12,20045054,5. No Doubt,0,3.7946869017626166,1,1.6592558469170800850460666194188518781,1,1001,1,1001,705.5,0,0
202843563,AUS / Albion Park (AUS) 3rd Sep,TO BE PLACED,03-09-2022 10:10,39326227,9. Dance In The Sun,1,2.209605159,1,1.06878807986969898051517162333353441515,1,1001,1,1001,994.62,0,0
202843563,AUS / Albion Park (AUS) 3rd Sep,TO BE PLACED,03-09-2022 10:10,3111191,3. Squire,0,1.51,1,1.10217822425534126942870509954774653012,1,1001,1,1001,1538.96,0,0
202843566,AUS / Albion Park (AUS) 3rd Sep,TO BE PLACED,03-09-2022 10:45,24327135,1. Good As It Gets,1,1.4042375573355332,1,1.03592353735861708526856590637911822422,1,1001,1,1001,2028.18,0,0
202843566,AUS / Albion Park (AUS) 3rd Sep,TO BE PLACED,03-09-2022 10:45,27956482,3. The Grogfather,1,1.755582245,1,1.04739412218811152403008922640527100052,1,1001,1,1001,1114.02,0,0
202843554,AUS / Albion Park (AUS) 3rd Sep,TO BE PLACED,03-09-2022 08:44,12446370,6. Sam Is Perfection,0,18.480938190859742,1,3.59582059123343527013251783893985728848,1,1001,1,1001,58.86,0,0
202843554,AUS / Albion Park (AUS) 3rd Sep,TO BE PLACED,03-09-2022 08:44,12930231,9. Misterfreeze,0,5.174519119115233,1,1.56102799094572958648484513885054932921,1,1001,1,1001,362.26,0,0
202843560,AUS / Albion Park (AUS) 3rd Sep,TO BE PLACED,03-09-2022 09:44,44713579,9. Major Jarod,1,1.8272393393435054,1,1.27518009426723665460922942014688150828,1,1001,1,1001,1824.6,0,0
202843560,AUS / Albion Park (AUS) 3rd Sep,TO BE PLACED,03-09-2022 09:44,20358482,7. Artistic Saint,0,25.054379426361105,1,2.18092822723814354552371290895257418209,1,1001,1,1001,78.86,0,0
202843560,AUS / Albion Park (AUS) 3rd Sep,TO BE PLACED,03-09-2022 09:44,22488061,6. Mighty George,0,17.596921126116065,1,1.65743994841205868128325004030307915525,1,1001,1,1001,124.06,0,0
202843572,AUS / Albion Park (AUS) 3rd Sep,TO BE PLACED,03-09-2022 11:54,10641173,4. Gee Up Neddy,0,3.138838375878392,1,1.61313514003444212816097163056285688389,1,1001,1,1001,661.98,0,0
202843572,AUS / Albion Park (AUS) 3rd Sep,TO BE PLACED,03-09-2022 11:54,16312571,3. King Of The North,1,1.18,1,1.06702298515801924642918704937618507005,1,1001,1,1001,3364.78,0,0
202854736,AUS / Hobart (AUS) 3rd Sep,TO BE PLACED,03-09-2022 14:02,45517263,10. Shezlikeroyalty,0,23.49748950479552,1,1,1,1001,1,1001,0,0,0
202854720,AUS / Hobart (AUS) 3rd Sep,TO BE PLACED,03-09-2022 09:35,48031094,6. Reely Nauti,0,4.555056700250319,1,,1,1001,1,1001,310.62,0,0
202854732,AUS / Hobart (AUS) 3rd Sep,TO BE PLACED,03-09-2022 13:02,13943497,6. Emjays Black Chip,0,9.353679344661224,1,1,1,1001,1,1001,0,0,0
202854732,AUS / Hobart (AUS) 3rd Sep,TO BE PLACED,03-09-2022 13:02,27020023,9. Beast Mode,0,10.5,1,1,1,1001,1,1001,0,0,0
202854732,AUS / Hobart (AUS) 3rd Sep,TO BE PLACED,03-09-2022 13:02,41019616,2. Melnrowley,1,1.36,1,1,1,1001,1,1001,0,0,0
202854728,AUS / Hobart (AUS) 3rd Sep,TO BE PLACED,03-09-2022 11:49,39000687,12. The Shallows,0,2.27739734,1,1.3522484229797226036256541897996139534,1,1001,1,1001,1005.06,0,0
202854728,AUS / Hobart (AUS) 3rd Sep,TO BE PLACED,03-09-2022 11:49,44965863,9. Izaha,1,13.315412004715059,1,1.01649882151274908935076065995286050996,1,1001,1,1001,93.34,0,0
202854728,AUS / Hobart (AUS) 3rd Sep,TO BE PLACED,03-09-2022 11:49,17103271,3. Aha Reaction,1,3.350244076377815,1,1.82670272597615779984392239175479669546,1,1001,1,1001,743.22,0,0
202854722,AUS / Hobart (AUS) 3rd Sep,TO BE PLACED,03-09-2022 10:06,16327412,1. Ifbutzandmaybes,0,4,1,1.0448188571191434618417230360625804042,1,1001,1,1001,481.94,0,0
202854722,AUS / Hobart (AUS) 3rd Sep,TO BE PLACED,03-09-2022 10:06,40785377,9. Midnight Calm,0,11.5,1,3.690625,1,1001,1,1001,16,0,0
202854724,AUS / Hobart (AUS) 3rd Sep,TO BE PLACED,03-09-2022 10:37,48031102,7. Mucho Mover,0,2.829991527817001,1,,1,1001,1,1001,489.92,0,0
202854734,AUS / Hobart (AUS) 3rd Sep,TO BE PLACED,03-09-2022 13:35,37017062,4. Cheddar Valley,0,3.659776006,1,1,1,1001,1,1001,0,0,0
202854718,AUS / Hobart (AUS) 3rd Sep,TO BE PLACED,03-09-2022 09:06,47662172,3. Bolt Your Socks On,0,7,1,5.54618585298196948682385575589459084605,1,1001,1,1001,43.26,0,0
202854718,AUS / Hobart (AUS) 3rd Sep,TO BE PLACED,03-09-2022 09:06,48031090,6. Karalta Artemis,0,2,1,1.5811030628896115330883647761824820089,1,1001,1,1001,1703.62,0,0
202854726,AUS / Hobart (AUS) 3rd Sep,TO BE PLACED,03-09-2022 11:14,40042375,1. Whey Better,1,3.5210031983949124,1,1.30688027231019683291401509545656356371,1,1001,1,1001,675.7,0,0
202854726,AUS / Hobart (AUS) 3rd Sep,TO BE PLACED,03-09-2022 11:14,41580943,10. Iden Boutique,1,1.25790293033466,1,1.00681751709418600055333781273467451879,1,1001,1,1001,1518.06,0,0
202854726,AUS / Hobart (AUS) 3rd Sep,TO BE PLACED,03-09-2022 11:14,48031104,11. Strezlecki Watusi,0,5.209655659771297,1,,1,1001,1,1001,86.14,0,0
202854763,AUS / Globe Derby (AUS) 3rd Sep,TO BE PLACED,03-09-2022 12:14,28024076,7. Indyanna,0,4.446418657205281,1,1,1,1001,1,1001,0,0,0
202854763,AUS / Globe Derby (AUS) 3rd Sep,TO BE PLACED,03-09-2022 12:14,21771283,6. Passionate Pursuit,1,12.448329365754125,1,1,1,1001,1,1001,0,0,0
202854761,AUS / Globe Derby (AUS) 3rd Sep,TO BE PLACED,03-09-2022 11:37,28368771,9. Rudi Sandel,1,1.6505105348231157,1,1.20717050401216761944721246132060628311,1,1001,1,1001,2669.38,0,0
202854765,AUS / Globe Derby (AUS) 3rd Sep,TO BE PLACED,03-09-2022 12:47,10903101,3. Star Writer,0,1.69,1,1,1,1001,1,1001,0,0,0
202854765,AUS / Globe Derby (AUS) 3rd Sep,TO BE PLACED,03-09-2022 12:47,13167500,2. Abstractor,1,3.856181456444047,1,1,1,1001,1,1001,0,0,0
202854767,AUS / Globe Derby (AUS) 3rd Sep,TO BE PLACED,03-09-2022 13:13,10842637,1. Enrolled,0,11.5,1,1,1,1001,1,1001,0,0,0
202854757,AUS / Globe Derby (AUS) 3rd Sep,TO BE PLACED,03-09-2022 10:25,6328690,3. Bien Hoa,0,11.365598549,1,1.83311710481392966882895186070331171048,1,1001,1,1001,117.16,0,0
202854757,AUS / Globe Derby (AUS) 3rd Sep,TO BE PLACED,03-09-2022 10:25,11509937,4. Rocking With Charm,1,2.750036101,1,1.12440622947018587935232059357730803416,1,1001,1,1001,517.54,0,0
202854759,AUS / Globe Derby (AUS) 3rd Sep,TO BE PLACED,03-09-2022 11:00,39989673,3. Super Angus,1,1.869954128440367,1,1.09052378156194950088079859072225484439,1,1001,1,1001,681.2,0,0
202854891,AUS / Northam (AUS) 3rd Sep,TO BE PLACED,03-09-2022 13:20,20965251,9. Toto Picasso,0,11.702173913,1,1,1,1001,1,1001,0,0,0
202854891,AUS / Northam (AUS) 3rd Sep,TO BE PLACED,03-09-2022 13:20,24415814,1. Skippys Delight,1,1.3195937078863276,1,1,1,1001,1,1001,0,0,0
202854889,AUS / Northam (AUS) 3rd Sep,TO BE PLACED,03-09-2022 12:51,41243847,3. Shehadi,0,8.598096474150985,1,1,1,1001,1,1001,0,0,0
202854889,AUS / Northam (AUS) 3rd Sep,TO BE PLACED,03-09-2022 12:51,10450956,9. Count Matai,0,750.9907034556938,1,1,1,1001,1,1001,0,0,0
202854883,AUS / Northam (AUS) 3rd Sep,TO BE PLACED,03-09-2022 11:24,38605379,4. Cullen Star,0,2.333842798,1,1.20831679145626559869986650414997968541,1,1001,1,1001,689.16,0,0
202854881,AUS / Northam (AUS) 3rd Sep,TO BE PLACED,03-09-2022 10:47,47281804,5. Flashing Ark,0,6.049987345,1,,1,1001,1,1001,273.3,0,0
202854887,AUS / Northam (AUS) 3rd Sep,TO BE PLACED,03-09-2022 12:25,12757765,2. Mister Riggers,0,6.6,1,1,1,1001,1,1001,0,0,0
202801742,AUS / Randwick (AUS) 3rd Sep,TO BE PLACED,03-09-2022 03:15,48048545,9. Navajo Peak,1,3.15,1,2.27764147828788938087469898236619280665,1,1001,1,1001,2059.68,0,0
202801746,AUS / Randwick (AUS) 3rd Sep,TO BE PLACED,03-09-2022 03:50,37548322,10. Lady Banff,0,5.9,1,4.37060174552135966926963711529627928342,1,1001,1,1001,1219.12,0,0
202801746,AUS / Randwick (AUS) 3rd Sep,TO BE PLACED,03-09-2022 03:50,48048551,3. Party For One,0,3.55,1,2.46656115524660708374710360807679576299,1,1001,1,1001,2900.16,0,0
202801754,AUS / Randwick (AUS) 3rd Sep,TO BE PLACED,03-09-2022 05:00,40775951,5. Athelric,1,3.15,1,2.48398675664605722533205905872715570205,1,1001,1,1001,2050.84,0,0
202801754,AUS / Randwick (AUS) 3rd Sep,TO BE PLACED,03-09-2022 05:00,36121000,9. Rocketing By,0,7.4,1,3.67776451663120751388096102952623112449,1,1001,1,1001,1156.26,0,0
202801754,AUS / Randwick (AUS) 3rd Sep,TO BE PLACED,03-09-2022 05:00,48048555,7. Zapateo,0,1.9244313648114253,1,1.57692235759564806905543316998606303107,1,1001,1,1001,6672.9,0,0
202801758,AUS / Randwick (AUS) 3rd Sep,TO BE PLACED,03-09-2022 05:35,45367911,12. Wingardium,0,4,1,2.87507987089921150467786084896024839645,1,1001,1,1001,2447.7,0,0
202801766,AUS / Randwick (AUS) 3rd Sep,TO BE PLACED,03-09-2022 06:55,48048562,13. Alegron,0,4.387793769,1,2.94612826708639074242390653749806025405,1,1001,1,1001,902.18,0,0
202801766,AUS / Randwick (AUS) 3rd Sep,TO BE PLACED,03-09-2022 06:55,36772798,14. Benaud,0,2.42,1,2.03506074174015700910174037462393436737,1,1001,1,1001,3676.22,0,0
202801774,AUS / Randwick (AUS) 3rd Sep,TO BE PLACED,03-09-2022 08:10,48048573,18. Bold Mac,0,2.120840421696994,1,1.97725140965066464558506549701944215998,1,1001,1,1001,7441.56,0,0
202801774,AUS / Randwick (AUS) 3rd Sep,TO BE PLACED,03-09-2022 08:10,596725,1. Sacramento,0,8.139523011,1,4.04344733529164918170373478808224926563,1,1001,1,1001,571.92,0,0
202801738,AUS / Randwick (AUS) 3rd Sep,TO BE PLACED,03-09-2022 02:40,28397087,2. Pure Fuego,0,4.5,1,3.63544744132884421860829161024213887267,1,1001,1,1001,1609.82,0,0
202801738,AUS / Randwick (AUS) 3rd Sep,TO BE PLACED,03-09-2022 02:40,48048542,18. Salire,1,5.259131095448393,1,3.3498467183395210490892116633014177468,1,1001,1,1001,921.18,0,0
202804142,AUS / Doomben (AUS) 3rd Sep,TO BE PLACED,03-09-2022 02:48,48048619,5. Mighty Judd,1,9.6,1,5.32758368603308964986533282031550596383,1,1001,1,1001,1039.6,0,0
202804166,AUS / Doomben (AUS) 3rd Sep,TO BE PLACED,03-09-2022 06:27,40522112,3. Aussie Nugget,1,1.6560386337455384,1,1.38702201478125961469223165598549367967,1,1001,1,1001,6110.44,0,0
202804146,AUS / Doomben (AUS) 3rd Sep,TO BE PLACED,03-09-2022 03:23,44327556,2. Sailors Secret,0,6.6,1,3.65256931439272826930982505823779290184,1,1001,1,1001,1313.58,0,0
202804146,AUS / Doomben (AUS) 3rd Sep,TO BE PLACED,03-09-2022 03:23,43378160,1. Steady Ready,1,1.171317819,1,1.10030971601907931326252405586056832431,1,1001,1,1001,17656.82,0,0
202804146,AUS / Doomben (AUS) 3rd Sep,TO BE PLACED,03-09-2022 03:23,48048622,6. Yankee River,0,17.02979835417122,1,6.22207689557182377627641756215066714342,1,1001,1,1001,1062.74,0,0
202804150,AUS / Doomben (AUS) 3rd Sep,TO BE PLACED,03-09-2022 03:58,23378694,4. Say Haya,0,5.3,1,3.52451752181250224408459301281821119529,1,1001,1,1001,2228.08,0,0
202804154,AUS / Doomben (AUS) 3rd Sep,TO BE PLACED,03-09-2022 04:33,41489268,9. Be Water My Friend,1,1.3,1,1.16178655873041317677233198413016470965,1,1001,1,1001,8983.08,0,0
202804162,AUS / Doomben (AUS) 3rd Sep,TO BE PLACED,03-09-2022 05:47,29808298,7. Blacklog,1,2.088123648,1,1.65069775749273753572187714036040717036,1,1001,1,1001,6774.56,0,0
202804162,AUS / Doomben (AUS) 3rd Sep,TO BE PLACED,03-09-2022 05:47,28546495,2. Macchina Volante,0,4.789586730737223,1,3.33310014052666951793242500152746379911,1,1001,1,1001,1964.04,0,0
202804356,AUS / Moonee Valley (AUS) 3rd Sep,TO BE PLACED,03-09-2022 04:05,4435472,3. Irish Flame,0,2.28,1,1.77694190135533333556819743683435969467,1,1001,1,1001,5966.06,0,0
202804362,AUS / Moonee Valley (AUS) 3rd Sep,TO BE PLACED,03-09-2022 04:40,1188830,8. Amenable,0,2.86,1,2.09740457118589700148638086589591719639,1,1001,1,1001,4426.86,0,0
202804362,AUS / Moonee Valley (AUS) 3rd Sep,TO BE PLACED,03-09-2022 04:40,47016679,4. Shalaman,1,1.707573933,1,1.44850945066597310098883125847158798197,1,1001,1,1001,11995.98,0,0
202804362,AUS / Moonee Valley (AUS) 3rd Sep,TO BE PLACED,03-09-2022 04:40,9794762,1. Sebonack,0,2.858394417,1,2.0848844913863011531082497675982515477,1,1001,1,1001,4044.72,0,0
202804368,AUS / Moonee Valley (AUS) 3rd Sep,TO BE PLACED,03-09-2022 05:15,47441528,2. Mr Brightside,1,1.17,1,1.13480787049487948964379190765524163471,1,1001,1,1001,19707.02,0,0
202804368,AUS / Moonee Valley (AUS) 3rd Sep,TO BE PLACED,03-09-2022 05:15,1212492,4. Earlswood,0,2.2034753133998852,1,1.3943883002716437957960366067580164991,1,1001,1,1001,3990.52,0,0
202804380,AUS / Moonee Valley (AUS) 3rd Sep,TO BE PLACED,03-09-2022 06:35,48048905,13. Portray,0,4.6529927,1,3.0491404851821991698137697094348193983,1,1001,1,1001,4006.33,0,0
202804380,AUS / Moonee Valley (AUS) 3rd Sep,TO BE PLACED,03-09-2022 06:35,48048907,15. Denied,0,6.231814355273821,1,4.95782717036635084287111675960501795697,1,1001,1,1001,2801.14,0,0
202804386,AUS / Moonee Valley (AUS) 3rd Sep,TO BE PLACED,03-09-2022 07:15,25989138,2. Catalyst,0,13.85180800483957,1,8.41060695344725987035945786682380671774,1,1001,1,1001,1187.9,0,0
202804392,AUS / Moonee Valley (AUS) 3rd Sep,TO BE PLACED,03-09-2022 07:50,46837017,11. Mayfair Spirit,0,3.551800490234891,1,2.09980198158653138213206369685793020272,1,1001,1,1001,2852.26,0,0
202804392,AUS / Moonee Valley (AUS) 3rd Sep,TO BE PLACED,03-09-2022 07:50,8402968,7. Rousseau,0,6.2,1,3.1951706439141447806959072123716837755,1,1001,1,1001,1500.2,0,0
202804392,AUS / Moonee Valley (AUS) 3rd Sep,TO BE PLACED,03-09-2022 07:50,40599227,9. Shot Of Irish,0,3.088821436524159,1,2.13259084345720830754866516844173750665,1,1001,1,1001,3684.36,0,0
202804398,AUS / Moonee Valley (AUS) 3rd Sep,TO BE PLACED,03-09-2022 08:25,48048921,10. Attractable,0,3,1,2.09645993430837878036688150718889439762,1,1001,1,1001,5163.52,0,0
202804398,AUS / Moonee Valley (AUS) 3rd Sep,TO BE PLACED,03-09-2022 08:25,3569633,4. Global Gift,1,3.1076537658814054,1,2.22548458867710621412881740239495500602,1,1001,1,1001,5645.2,0,0
202804974,AUS / Morphettville (AUS) 3rd Sep,TO BE PLACED,03-09-2022 04:17,33669053,1. Betta Eddie,0,2.5603483205533113,1,1.91068205343570148406215434483003377439,1,1001,1,1001,3381.26,0,0
202804980,AUS / Morphettville (AUS) 3rd Sep,TO BE PLACED,03-09-2022 04:52,42711108,8. So Bene,1,3.529941468,1,1.91092065917455310199789695057833859096,1,1001,1,1001,2434.56,0,0
202804980,AUS / Morphettville (AUS) 3rd Sep,TO BE PLACED,03-09-2022 04:52,28658456,9. Whitchety Grub,0,27.568508771290347,1,12.5592105263157894736842105263157894737,1,1001,1,1001,237.12,0,0
202805004,AUS / Morphettville (AUS) 3rd Sep,TO BE PLACED,03-09-2022 07:27,23597403,3. Kalamon,1,3.95944221,1,2.54505890627747494285211886759275540707,1,1001,1,1001,1933.58,0,0
202805010,AUS / Morphettville (AUS) 3rd Sep,TO BE PLACED,03-09-2022 08:04,48048961,9. Ultimate Victory,1,3.0511489453804095,1,2.23918283293941450401329183534972971708,1,1001,1,1001,3418.64,0,0
202804968,AUS / Morphettville (AUS) 3rd Sep,TO BE PLACED,03-09-2022 03:42,48048937,6. Pearl Adios,0,1.833133498,1,1.3983331550401694498229548882636741942,1,1001,1,1001,3739.16,0,0
202804986,AUS / Morphettville (AUS) 3rd Sep,TO BE PLACED,03-09-2022 05:27,42162429,9. Aspen Colorado,0,1.70671865,1,1.48220413790896386930224123401213957309,1,1001,1,1001,7499.44,0,0
202804986,AUS / Morphettville (AUS) 3rd Sep,TO BE PLACED,03-09-2022 05:27,21544067,4. Frances Boy,1,5.3429645014915135,1,2.66230211896926258829038594117876608088,1,1001,1,1001,1537.54,0,0
202804992,AUS / Morphettville (AUS) 3rd Sep,TO BE PLACED,03-09-2022 06:07,48048948,11. Keep Reading,0,1.62,1,1.32060749669284246671732950547440119339,1,1001,1,1001,5684.64,0,0
202804998,AUS / Morphettville (AUS) 3rd Sep,TO BE PLACED,03-09-2022 06:47,17650282,1. Born To Run,0,5.109581764606045,1,2.39583980539843498138975997186483397321,1,1001,1,1001,1364.84,0,0
202805016,AUS / Morphettville (AUS) 3rd Sep,TO BE PLACED,03-09-2022 08:40,16235394,4. Zarace,1,3.682798323146999,1,2.45907115003515949626030812503995397302,1,1001,1,1001,2502.88,0,0
202808737,AUS / Belmont (AUS) 3rd Sep,TO BE PLACED,03-09-2022 05:04,24314183,5. Athlone Castle,0,12.202192412,1,2.60234870065693855008429742456833905006,1,1001,1,1001,344.02,0,0
202808741,AUS / Belmont (AUS) 3rd Sep,TO BE PLACED,03-09-2022 05:43,42562008,5. Defending,0,3.1445510016831397,1,1.88569521774785273425698131123483965644,1,1001,1,1001,1853.52,0,0
202808749,AUS / Belmont (AUS) 3rd Sep,TO BE PLACED,03-09-2022 07:03,39499046,5. Probity,1,1.604596001,1,1.31861470268880189730548332714232648513,1,1001,1,1001,5599.52,0,0
202808753,AUS / Belmont (AUS) 3rd Sep,TO BE PLACED,03-09-2022 07:39,48049935,9. Castillo Del Lago,1,2.1046458177307796,1,1.53191769505121981791041374673822627879,1,1001,1,1001,3510.36,0,0
202808757,AUS / Belmont (AUS) 3rd Sep,TO BE PLACED,03-09-2022 08:15,48049939,15. Kazkazi,0,6.559886919468406,1,3.07801236709818052404466390853685662174,1,1001,1,1001,1123.95,0,0
202808757,AUS / Belmont (AUS) 3rd Sep,TO BE PLACED,03-09-2022 08:15,39801266,12. All Man,0,6,1,5.16774420537620190037214046885921000434,1,1001,1,1001,4234.96,0,0
202808761,AUS / Belmont (AUS) 3rd Sep,TO BE PLACED,03-09-2022 08:50,18962607,6. Long Beach,0,4.7,1,2.86605892592353813422732254529043904326,1,1001,1,1001,1551.1,0,0
202808761,AUS / Belmont (AUS) 3rd Sep,TO BE PLACED,03-09-2022 08:50,28310616,1. Son Of A God,0,7.688823578540469,1,3.64168874819939179456171862495776351123,1,1001,1,1001,1124.62,0,0
202808761,AUS / Belmont (AUS) 3rd Sep,TO BE PLACED,03-09-2022 08:50,38466818,7. Spin The Knife,0,4.035444039295399,1,2.65028359476391136461955041417653373496,1,1001,1,1001,2496.52,0,0
202808761,AUS / Belmont (AUS) 3rd Sep,TO BE PLACED,03-09-2022 08:50,12521584,3. Mervyn,0,5.394543489885906,1,3.21858400516987488479018571292362781138,1,1001,1,1001,1887.86,0,0
202808765,AUS / Belmont (AUS) 3rd Sep,TO BE PLACED,03-09-2022 09:25,25088797,3. Dont Fuss,0,3.55,1,1.85694070183451320697267260409530334171,1,1001,1,1001,1313.7,0,0
202841078,AUS / Gold Coast (AUS) 3rd Sep,TO BE PLACED,03-09-2022 06:44,41737104,1. Miracle Day,1,1.4122065201925522,1,1.09703471507438944512023954337045007954,1,1001,1,1001,4274.8,0,0
202841069,AUS / Gold Coast (AUS) 3rd Sep,TO BE PLACED,03-09-2022 04:49,48073359,9. Spill The Diamonds,1,2.264371203,1,1.41771088902571875148013072514564486335,1,1001,1,1001,1689.04,0,0
202841084,AUS / Gold Coast (AUS) 3rd Sep,TO BE PLACED,03-09-2022 08:00,17550255,3. Cossie,1,2.009788565,1,1.54774954296160877513711151736745886654,1,1001,1,1001,3063.2,0,0
202841084,AUS / Gold Coast (AUS) 3rd Sep,TO BE PLACED,03-09-2022 08:00,25402641,1. Poetic Choice,1,1.553198688,1,1.29371225852361916323070805165449255949,1,1001,1,1001,4777.9,0,0
202841066,AUS / Gold Coast (AUS) 3rd Sep,TO BE PLACED,03-09-2022 04:14,48073351,9. Perovskaya,0,2.26,1,1.78438679580253792410263133456788100271,1,1001,1,1001,3661.26,0,0
202841066,AUS / Gold Coast (AUS) 3rd Sep,TO BE PLACED,03-09-2022 04:14,48073354,14. Prince Of Marakesh,1,4.327705203,1,2.18552433517310587054691419969894631209,1,1001,1,1001,996.5,0,0
202841362,AUS / Grafton (AUS) 3rd Sep,TO BE PLACED,03-09-2022 05:11,48073490,13. Miss Concheeta,0,32.723673771880556,1,7.53672612801678908709338929695697796432,1,1001,1,1001,38.12,0,0
202841362,AUS / Grafton (AUS) 3rd Sep,TO BE PLACED,03-09-2022 05:11,48073492,17. Just Finbar,0,7.4,1,2.24456928838951310861423220973782771536,1,1001,1,1001,53.4,0,0
202841364,AUS / Grafton (AUS) 3rd Sep,TO BE PLACED,03-09-2022 05:51,36318445,17. Splash Of Lime,0,3.5,1,3.20029619273661280358942679715186786748,1,1001,1,1001,615.14,0,0
202841364,AUS / Grafton (AUS) 3rd Sep,TO BE PLACED,03-09-2022 05:51,43166718,6. Tonquani,0,1.9190150078407897,1,1.36138650016709731584653130425568334651,1,1001,1,1001,2453.66,0,0
202841368,AUS / Grafton (AUS) 3rd Sep,TO BE PLACED,03-09-2022 07:11,47038843,12. Rock Pearl,0,9.4,1,2.77459016393442622950819672131147540984,1,1001,1,1001,165.92,0,0
202841368,AUS / Grafton (AUS) 3rd Sep,TO BE PLACED,03-09-2022 07:11,48073496,1. Star Of Adelaide,0,2.24,1,1.63161500313953637377141612312108358855,1,1001,1,1001,1560.74,0,0
202841368,AUS / Grafton (AUS) 3rd Sep,TO BE PLACED,03-09-2022 07:11,4507654,4. Majestic Rapture,0,2.678896533,1,1.59468260232269703461495095275679332506,1,1001,1,1001,532.14,0,0
202841368,AUS / Grafton (AUS) 3rd Sep,TO BE PLACED,03-09-2022 07:11,38092875,9. Noteably,1,2.7,1,1.44677138124436953299816919008456598181,1,1001,1,1001,1376.44,0,0
202841385,AUS / Kununurra (AUS) 3rd Sep,TO BE PLACED,03-09-2022 09:11,616820,6. Vin Rouge,0,23.7101456602104,1,5.19831774019431450161928751349406261245,1,1001,1,1001,222.32,0,0
202841379,AUS / Kununurra (AUS) 3rd Sep,TO BE PLACED,03-09-2022 07:56,47842277,5. Princess Dejour,1,2.68,1,1.65505480210707983977950362556830622207,1,1001,1,1001,1552.86,0,0
202841400,AUS / Hawkesbury (AUS) 3rd Sep,TO BE PLACED,03-09-2022 06:40,48073699,2. Another Alibi,0,1.73,1,1.63283825210863837473279533365370275242,1,1001,1,1001,2413.88,0,0
202841400,AUS / Hawkesbury (AUS) 3rd Sep,TO BE PLACED,03-09-2022 06:40,6048277,6. Celestial Spirit,1,1.367277707,1,1.22434107439838098863886829502875348148,1,1001,1,1001,3992.56,0,0
202841390,AUS / Hawkesbury (AUS) 3rd Sep,TO BE PLACED,03-09-2022 03:35,16777109,9. Romeus,1,3.15,1,2.12895098669568227904446312874029378308,1,1001,1,1001,808.76,0,0
202841398,AUS / Hawkesbury (AUS) 3rd Sep,TO BE PLACED,03-09-2022 06:00,2174563,7. Capital Asset,1,1.26,1,1.16294289301947190633677024565375024318,1,1001,1,1001,2261.72,0,0
202841394,AUS / Hawkesbury (AUS) 3rd Sep,TO BE PLACED,03-09-2022 04:45,48073693,8. Crazy About You,0,8.4,1,4.05441001835258555543560401597754507179,1,1001,1,1001,185.26,0,0
202841396,AUS / Hawkesbury (AUS) 3rd Sep,TO BE PLACED,03-09-2022 05:20,48073696,5. Piempurr,1,3.4421028052602924,1,2.45085802436299803181020267035480610671,1,1001,1,1001,1879.9,0,0
202841455,AUS / Darwin (AUS) 3rd Sep,TO BE PLACED,03-09-2022 08:45,48049456,4. Fraction Late,0,1.8965505945483163,1,1.12604293681906434339561975192609722617,1,1001,1,1001,1617.26,0,0
202841453,AUS / Darwin (AUS) 3rd Sep,TO BE PLACED,03-09-2022 08:05,39811065,2. Mr Cashman,1,4.1,1,1.13128449336150619697877574190292976757,1,1001,1,1001,634.18,0,0
202841462,AUS / Mildura (AUS) 3rd Sep,TO BE PLACED,03-09-2022 04:21,47663281,10. Kalashani Magic,1,3.4,1,1.9112042692646102447048622180283342472,1,1001,1,1001,1568.42,0,0
202841471,AUS / Mildura (AUS) 3rd Sep,TO BE PLACED,03-09-2022 06:11,24169058,6. Highway To Success,0,15.266821889709679,1,2.94368563992305080909811021839990947154,1,1001,1,1001,353.48,0,0
202841465,AUS / Mildura (AUS) 3rd Sep,TO BE PLACED,03-09-2022 04:56,25898578,3. Gallant Run,0,8.814085433737556,1,2.50595528005313261013947310161611689174,1,1001,1,1001,451.7,0,0
202841459,AUS / Mildura (AUS) 3rd Sep,TO BE PLACED,03-09-2022 03:46,41320733,9. Rainbow Dolphin,0,7.6,1,2.55957266118622189007405394388205720497,1,1001,1,1001,588.76,0,0
202841474,AUS / Mildura (AUS) 3rd Sep,TO BE PLACED,03-09-2022 06:51,37059540,11. Heavy Rotation,1,1.6,1,1.33873994998634080736335553827726059638,1,1001,1,1001,4758.7,0,0
202841474,AUS / Mildura (AUS) 3rd Sep,TO BE PLACED,03-09-2022 06:51,36621901,8. Centenary Star,0,13.978076728,1,2.58036730854908172862729567843176080392,1,1001,1,1001,404.02,0,0
202841474,AUS / Mildura (AUS) 3rd Sep,TO BE PLACED,03-09-2022 06:51,2321108,2. Sports Idol,0,2.261939620715493,1,1.60258033451942712352905019157349797499,1,1001,1,1001,2928.38,0,0
202841477,AUS / Mildura (AUS) 3rd Sep,TO BE PLACED,03-09-2022 07:31,21207096,2. Ill Be Gone,1,2.2570736982257946,1,1.41786326009886232536989162196528871336,1,1001,1,1001,2375.02,0,0
202841477,AUS / Mildura (AUS) 3rd Sep,TO BE PLACED,03-09-2022 07:31,48073756,1. Sir Peter,0,2.791883914,1,1.27830969382764354886041279467866575369,1,1001,1,1001,1226.76,0,0
202841502,AUS / Birdsville (AUS) 3rd Sep,TO BE PLACED,03-09-2022 06:07,27465203,1. The Brotherhood,1,1.1187298836575423,1,1.05039305369895347856979418813300095138,1,1001,1,1001,8303.7,0,0
202841502,AUS / Birdsville (AUS) 3rd Sep,TO BE PLACED,03-09-2022 06:07,485220,3. Ghetto,1,3.0405593564212556,1,1.47414955618587979622652159801306746821,1,1001,1,1001,1417.26,0,0
202841520,AUS / Birdsville (AUS) 3rd Sep,TO BE PLACED,03-09-2022 08:57,16039965,3. Caitlins Angel,1,2.84,1,1.24596954987621108446887732226056104646,1,1001,1,1001,1025.94,0,0
202841538,AUS / Toowoomba (AUS) 3rd Sep,TO BE PLACED,03-09-2022 10:52,42087154,5. Selling Sunset,1,1.4158436556850575,1,1.07775750194594304426013903427543817269,1,1001,1,1001,5961.12,0,0
202841523,AUS / Toowoomba (AUS) 3rd Sep,TO BE PLACED,03-09-2022 07:48,48074210,8. Reign Haylin Shine,0,6.345613117264582,1,1.77291207927021075810003145643284051589,1,1001,1,1001,508.64,0,0
202841523,AUS / Toowoomba (AUS) 3rd Sep,TO BE PLACED,03-09-2022 07:48,48074207,3. General Elliot,1,2.8134992075550693,1,1.20198801685262422458874092266000465776,1,1001,1,1001,944.66,0,0
202841526,AUS / Toowoomba (AUS) 3rd Sep,TO BE PLACED,03-09-2022 08:20,24838016,10. Phylave,0,14.192471258398143,1,2.91933603097941957098725144672148979681,1,1001,1,1001,459.66,0,0
202841529,AUS / Toowoomba (AUS) 3rd Sep,TO BE PLACED,03-09-2022 09:00,48074218,12. Stars N Riches,1,8.10317434635828,1,1.97159411996137200901319789692049071855,1,1001,1,1001,559.18,0,0
202841529,AUS / Toowoomba (AUS) 3rd Sep,TO BE PLACED,03-09-2022 09:00,2887625,4. Ultimate Power,0,24,1,9.25057976506252368321333838575217885563,1,1001,1,1001,263.9,0,0
202841535,AUS / Toowoomba (AUS) 3rd Sep,TO BE PLACED,03-09-2022 10:15,48074228,8. Imitari,0,6.865896535632201,1,2.56592818695024287777340160168045162137,1,1001,1,1001,609.36,0,0
202843508,AUS / Melton (AUS) 3rd Sep,TO BE PLACED,03-09-2022 08:32,2858608,10. Magic Mike,1,2.7879829875091673,1,1.13995448869154988205910919938948244762,1,1001,1,1001,720.7,0,0
202843508,AUS / Melton (AUS) 3rd Sep,TO BE PLACED,03-09-2022 08:32,40674644,11. Hayden Bromac,0,9,1,2.97142187866010775357226516748653080347,1,1001,1,1001,256.14,0,0
202843511,AUS / Melton (AUS) 3rd Sep,TO BE PLACED,03-09-2022 09:04,22458280,8. Arggghhh,1,1.97,1,1.8136575103596234289129007925234377296,1,1001,1,1001,4083.16,0,0
202843511,AUS / Melton (AUS) 3rd Sep,TO BE PLACED,03-09-2022 09:04,42195111,4. Pull The Other Leg,0,1.79829258,1,1.17223300047551117451260104612458392772,1,1001,1,1001,1261.8,0,0
202843514,AUS / Melton (AUS) 3rd Sep,TO BE PLACED,03-09-2022 09:32,35586001,2. Digyourheelsin,0,24,1,6.32266224703419399860432658757850662945,1,1001,1,1001,114.64,0,0
202843520,AUS / Melton (AUS) 3rd Sep,TO BE PLACED,03-09-2022 10:32,35430389,4. Major Meister,1,3.2407769992374194,1,1.11280602320745858206452478368770541284,1,1001,1,1001,596.36,0,0
202843523,AUS / Melton (AUS) 3rd Sep,TO BE PLACED,03-09-2022 11:07,10256423,2. The Wolf,0,1.4310282257405926,1,1.11292258321026922640009087810973531751,1,1001,1,1001,2112.72,0,0
202843523,AUS / Melton (AUS) 3rd Sep,TO BE PLACED,03-09-2022 11:07,38388066,5. Smooth Debate,0,4.2274077124052445,1,1.14793791345093715545755237045203969129,1,1001,1,1001,580.48,0,0
202843526,AUS / Melton (AUS) 3rd Sep,TO BE PLACED,03-09-2022 11:42,20482359,7. Torrid Saint,1,2.429991479693269,1,1.10681514810648668916385451818522684664,1,1001,1,1001,533.4,0,0
202843526,AUS / Melton (AUS) 3rd Sep,TO BE PLACED,03-09-2022 11:42,17525831,5. Supreme Dominator,0,2.76,1,1.34225238734117275668850130218609423092,1,1001,1,1001,253.42,0,0
202843526,AUS / Melton (AUS) 3rd Sep,TO BE PLACED,03-09-2022 11:42,19728374,8. Lochinvar Art,0,1.53,1,1.2549285728904443216471214260862446532,1,1001,1,1001,1954.44,0,0
202843532,AUS / Melton (AUS) 3rd Sep,TO BE PLACED,03-09-2022 12:55,22834538,4. Jilliby Chevy,0,32.8790158161521,1,1,1,1001,1,1001,0,0,0
202843532,AUS / Melton (AUS) 3rd Sep,TO BE PLACED,03-09-2022 12:55,11608357,6. Sirletic,0,1.1440476532519623,1,1,1,1001,1,1001,0,0,0
202843529,AUS / Melton (AUS) 3rd Sep,TO BE PLACED,03-09-2022 12:21,45489992,1. Gipsy Princess,0,4.172780239435378,1,1,1,1001,1,1001,0,0,0
202843575,AUS / Albion Park (AUS) 3rd Sep,TO BE PLACED,03-09-2022 12:36,46091986,5. Gunna Needamargarita,1,3.8914135623512,1,1,1,1001,1,1001,0,0,0
202843557,AUS / Albion Park (AUS) 3rd Sep,TO BE PLACED,03-09-2022 09:12,12708285,10. Bella Ball Terror,1,4.125802690170239,1,1.413712261764209816157868105920053972,1,1001,1,1001,118.58,0,0
202843566,AUS / Albion Park (AUS) 3rd Sep,TO BE PLACED,03-09-2022 10:45,25249552,8. My Ultimate Bondi,0,5.960380147,1,3.80513839811542991755005889281507656066,1,1001,1,1001,407.52,0,0
202843566,AUS / Albion Park (AUS) 3rd Sep,TO BE PLACED,03-09-2022 10:45,16554724,5. What A Jolt,0,15.161332629285749,1,2.39624912770411723656664340544312630844,1,1001,1,1001,114.64,0,0
202843569,AUS / Albion Park (AUS) 3rd Sep,TO BE PLACED,03-09-2022 11:19,10933301,6. One Last Roll,0,2.408108109,1,1.70614770007116516788510060166914666494,1,1001,1,1001,1236.56,0,0
202843569,AUS / Albion Park (AUS) 3rd Sep,TO BE PLACED,03-09-2022 11:19,37049223,4. Maywyn Troubadour,1,2.639940128,1,1.88922042615723732549595885378398236591,1,1001,1,1001,1088.8,0,0
202843569,AUS / Albion Park (AUS) 3rd Sep,TO BE PLACED,03-09-2022 11:19,39456359,7. Future Assured,1,1.2853003687682902,1,1.06667160091777070535119532232995337133,1,1001,1,1001,2702.2,0,0
202843569,AUS / Albion Park (AUS) 3rd Sep,TO BE PLACED,03-09-2022 11:19,19355680,8. Headwin,0,7.300064391500322,1,,1,1001,1,1001,214.84,0,0
202854736,AUS / Hobart (AUS) 3rd Sep,TO BE PLACED,03-09-2022 14:02,35536702,3. Resurgent Rebel,0,2.3099778463142346,1,1,1,1001,1,1001,0,0,0
202854736,AUS / Hobart (AUS) 3rd Sep,TO BE PLACED,03-09-2022 14:02,37199426,1. Dreams Are Bettor,0,5.694131957720166,1,1,1,1001,1,1001,0,0,0
202854736,AUS / Hobart (AUS) 3rd Sep,TO BE PLACED,03-09-2022 14:02,48031113,6. Stunin Magic,0,5.21332413114702,1,1,1,1001,1,1001,0,0,0
202854720,AUS / Hobart (AUS) 3rd Sep,TO BE PLACED,03-09-2022 09:35,48031093,5. Major Ideal,0,9.028720367291081,1,,1,1001,1,1001,188.02,0,0
202854732,AUS / Hobart (AUS) 3rd Sep,TO BE PLACED,03-09-2022 13:02,19547641,12. Bee Seventeen,0,16.020715327598058,1,1,1,1001,1,1001,0,0,0
202854732,AUS / Hobart (AUS) 3rd Sep,TO BE PLACED,03-09-2022 13:02,40385130,4. No Nukes Skipper,1,3.796994908729666,1,1,1,1001,1,1001,0,0,0
202854732,AUS / Hobart (AUS) 3rd Sep,TO BE PLACED,03-09-2022 13:02,44562755,15. Where Ya Bin,0,5.548012617393979,1,1,1,1001,1,1001,0,0,0
202854728,AUS / Hobart (AUS) 3rd Sep,TO BE PLACED,03-09-2022 11:49,48031106,8. Sunny Sanz,0,2.4200363471149475,1,1.05952233096527398281086988921456604898,1,1001,1,1001,805.16,0,0
202854728,AUS / Hobart (AUS) 3rd Sep,TO BE PLACED,03-09-2022 11:49,16721794,4. Vinny Chase,0,29,1,10.0062578222778473091364205256570713392,1,1001,1,1001,15.98,0,0
202854724,AUS / Hobart (AUS) 3rd Sep,TO BE PLACED,03-09-2022 10:37,484283,4. Going Great Guns,0,4,1,,1,1001,1,1001,506.86,0,0
202854734,AUS / Hobart (AUS) 3rd Sep,TO BE PLACED,03-09-2022 13:35,11294467,6. Hez Razor Sharp,0,14.282030674824489,1,1,1,1001,1,1001,0,0,0
202854734,AUS / Hobart (AUS) 3rd Sep,TO BE PLACED,03-09-2022 13:35,21319278,10. Deadly Assassin,0,6.285884987143801,1,1,1,1001,1,1001,0,0,0
202854726,AUS / Hobart (AUS) 3rd Sep,TO BE PLACED,03-09-2022 11:14,8152734,6. Hurricane Rock,0,2.890007522528758,1,1.36032218091697645600991325898389095415,1,1001,1,1001,1049.1,0,0
202854730,AUS / Hobart (AUS) 3rd Sep,TO BE PLACED,03-09-2022 12:28,48031108,7. Lalasa,0,3.781286013,1,1,1,1001,1,1001,0,0,0
202854730,AUS / Hobart (AUS) 3rd Sep,TO BE PLACED,03-09-2022 12:28,48031109,10. Jawbreaker,0,2.26,1,1,1,1001,1,1001,0,0,0
202854763,AUS / Globe Derby (AUS) 3rd Sep,TO BE PLACED,03-09-2022 12:14,45921030,1. Twin Connection,0,1.933146403117584,1,1,1,1001,1,1001,0,0,0
202854761,AUS / Globe Derby (AUS) 3rd Sep,TO BE PLACED,03-09-2022 11:37,27342300,5. Sir Roman,1,3.130024737167594,1,1.15989975342576498645862807712518695178,1,1001,1,1001,494.78,0,0
202854761,AUS / Globe Derby (AUS) 3rd Sep,TO BE PLACED,03-09-2022 11:37,40950000,8. Clarenden Envoy,0,2.110013503,1,1.50362944627796112944627796112944627796,1,1001,1,1001,872.64,0,0
202854767,AUS / Globe Derby (AUS) 3rd Sep,TO BE PLACED,03-09-2022 13:13,27355845,2. Lord Chancellor,0,2.924839139116929,1,1,1,1001,1,1001,0,0,0
202854757,AUS / Globe Derby (AUS) 3rd Sep,TO BE PLACED,03-09-2022 10:25,22119896,5. Ammicchi,0,6.146581527670174,1,3.78090651839348657101722682817852355657,1,1001,1,1001,402.86,0,0
202854759,AUS / Globe Derby (AUS) 3rd Sep,TO BE PLACED,03-09-2022 11:00,36423441,1. Illawong Moonbeam,1,1.801945260183846,1,1.22647153958423730819297069149145990296,1,1001,1,1001,2028.08,0,0
202854759,AUS / Globe Derby (AUS) 3rd Sep,TO BE PLACED,03-09-2022 11:00,43354729,4. Make Mine Muscle,0,12,1,3.97005450464892593780057710804745110612,1,1001,1,1001,62.38,0,0
202854889,AUS / Northam (AUS) 3rd Sep,TO BE PLACED,03-09-2022 12:51,28260816,6. Star For Me,0,4.375066369332059,1,1,1,1001,1,1001,0,0,0
202854889,AUS / Northam (AUS) 3rd Sep,TO BE PLACED,03-09-2022 12:51,23698198,5. Girlfromdandalup,0,60.5,1,1,1,1001,1,1001,0,0,0
202854885,AUS / Northam (AUS) 3rd Sep,TO BE PLACED,03-09-2022 11:58,48062053,9. Velvet Shadow,0,12.935004925206302,1,1.46331663884251530328324986087924318308,1,1001,1,1001,179.7,0,0
202854885,AUS / Northam (AUS) 3rd Sep,TO BE PLACED,03-09-2022 11:58,4587315,8. Cyber Storm,0,3.704761336,1,1.47151499673675548366958939871172781703,1,1001,1,1001,704.82,0,0
202854887,AUS / Northam (AUS) 3rd Sep,TO BE PLACED,03-09-2022 12:25,38858869,4. Shes A Harleequinn,0,23.849431519107274,1,1,1,1001,1,1001,0,0,0
202801746,AUS / Randwick (AUS) 3rd Sep,TO BE PLACED,03-09-2022 03:50,28494593,6. Calescent,0,14,1,8.48221941992433795712484237074401008827,1,1001,1,1001,681.98,0,0
202801746,AUS / Randwick (AUS) 3rd Sep,TO BE PLACED,03-09-2022 03:50,39008719,8. Miss Jay Fox,1,6,1,4.02077098874563408218705532318571859773,1,1001,1,1001,1391.46,0,0
202801754,AUS / Randwick (AUS) 3rd Sep,TO BE PLACED,03-09-2022 05:00,2662641,1. Eduardo,1,1.2494105664833297,1,1.17558408096763736333132654392974272399,1,1001,1,1001,23752.7,0,0
202801762,AUS / Randwick (AUS) 3rd Sep,TO BE PLACED,03-09-2022 06:15,28364926,6. Yonkers,0,6.34900877749224,1,2.96247893001099303774276291681934774643,1,1001,1,1001,1091.6,0,0
202801766,AUS / Randwick (AUS) 3rd Sep,TO BE PLACED,03-09-2022 06:55,38687354,8. Entente,0,11.272304377,1,5.03846835618335410607949037529428057056,1,1001,1,1001,433.26,0,0
202801770,AUS / Randwick (AUS) 3rd Sep,TO BE PLACED,03-09-2022 07:35,827998,5. Silent Impact,0,1.473115338362207,1,1.2140214950622397593250637657779424909,1,1001,1,1001,3669.68,0,0
202801770,AUS / Randwick (AUS) 3rd Sep,TO BE PLACED,03-09-2022 07:35,3320719,13. Arbitration,0,1.93,1,1.59135199258572752548656163113994439296,1,1001,1,1001,3237,0,0
202801774,AUS / Randwick (AUS) 3rd Sep,TO BE PLACED,03-09-2022 08:10,48048574,19. Wild Chap,1,2.996021605,1,1.89241218608815987626684032724164597664,1,1001,1,1001,2948.28,0,0
202801774,AUS / Randwick (AUS) 3rd Sep,TO BE PLACED,03-09-2022 08:10,8305847,7. Yaletown,0,6.156683867445681,1,3.17127451850536966361941954380047927576,1,1001,1,1001,676.02,0,0
202801774,AUS / Randwick (AUS) 3rd Sep,TO BE PLACED,03-09-2022 08:10,48048569,12. Kiss The Bride,1,3.994689848708223,1,2.8753868000305997552019583843329253366,1,1001,1,1001,2091.52,0,0
202801738,AUS / Randwick (AUS) 3rd Sep,TO BE PLACED,03-09-2022 02:40,46495130,8. Opal Ridge,1,1.360467721518853,1,1.36894965078965582331844208141949285849,1,1001,1,1001,7946.5,0,0
202801738,AUS / Randwick (AUS) 3rd Sep,TO BE PLACED,03-09-2022 02:40,38345670,13. Danzadel,0,7.171023719140793,1,3.85015581879166135948711416804653335032,1,1001,1,1001,471.06,0,0
202801738,AUS / Randwick (AUS) 3rd Sep,TO BE PLACED,03-09-2022 02:40,48048537,7. Prince Nicconi,1,4.4,1,2.81839921685623718068245385045683386164,1,1001,1,1001,429.04,0,0
202801738,AUS / Randwick (AUS) 3rd Sep,TO BE PLACED,03-09-2022 02:40,48048541,17. My Girona,0,19,1,7.5375267502292876796086823601345154387,1,1001,1,1001,261.68,0,0
202801750,AUS / Randwick (AUS) 3rd Sep,TO BE PLACED,03-09-2022 04:25,36155459,9. Toomuchtobear,0,1.7152533033494541,1,1.40202248933140276846818265306365854764,1,1001,1,1001,8384.42,0,0
202804142,AUS / Doomben (AUS) 3rd Sep,TO BE PLACED,03-09-2022 02:48,34613704,1. Altar Boy,0,2.0412438163734254,1,1.65822154797204385690932912557954642253,1,1001,1,1001,4930.58,0,0
202804174,AUS / Doomben (AUS) 3rd Sep,TO BE PLACED,03-09-2022 07:43,18937729,5. Parko,0,4.096288903324482,1,1.99106070864364703227262468968630106071,1,1001,1,1001,1329.3,0,0
202804174,AUS / Doomben (AUS) 3rd Sep,TO BE PLACED,03-09-2022 07:43,27303183,4. Guy Dragon,0,9.6,1,3.82298016592821671771387790300038657111,1,1001,1,1001,672.58,0,0
202804174,AUS / Doomben (AUS) 3rd Sep,TO BE PLACED,03-09-2022 07:43,591654,3. Dont Stop,1,1.43,1,1.22717452279891776503586764961401941073,1,1001,1,1001,5640.18,0,0
202804150,AUS / Doomben (AUS) 3rd Sep,TO BE PLACED,03-09-2022 03:58,47039659,7. Carribean King,0,1.59,1,1.36942737866867230611917216668215966806,1,1001,1,1001,9466.64,0,0
202804158,AUS / Doomben (AUS) 3rd Sep,TO BE PLACED,03-09-2022 05:08,10517000,2. First Son,0,3.3,1,2.31819300664917624734474692029055094821,1,1001,1,1001,2603.33,0,0
202804162,AUS / Doomben (AUS) 3rd Sep,TO BE PLACED,03-09-2022 05:47,48048629,11. Bumpnrun,0,2.98,1,2.30933401193311310849914214744820875266,1,1001,1,1001,3124.08,0,0
202804162,AUS / Doomben (AUS) 3rd Sep,TO BE PLACED,03-09-2022 05:47,6015314,1. The Ritz,0,2.002500908,1,1.77080939629116441355742377359303318999,1,1001,1,1001,5571.56,0,0
202804362,AUS / Moonee Valley (AUS) 3rd Sep,TO BE PLACED,03-09-2022 04:40,47637924,6. Latvian,0,5.8,1,3.49970265433092489654454029791384551283,1,1001,1,1001,2112.02,0,0
202804362,AUS / Moonee Valley (AUS) 3rd Sep,TO BE PLACED,03-09-2022 04:40,48048893,10. Sir Juggernaut,0,4,1,2.53125662745293728714180566124826906523,1,1001,1,1001,3206.36,0,0
202804386,AUS / Moonee Valley (AUS) 3rd Sep,TO BE PLACED,03-09-2022 07:15,28453483,13. Calypso Reign,0,5.123798533722533,1,3.69293383913071433164019803253391628625,1,1001,1,1001,3732.72,0,0
202804386,AUS / Moonee Valley (AUS) 3rd Sep,TO BE PLACED,03-09-2022 07:15,26529398,5. Wandabaa,0,4.694692602645082,1,3.56149621651442865292867487101041320552,1,1001,1,1001,3190.18,0,0
202804392,AUS / Moonee Valley (AUS) 3rd Sep,TO BE PLACED,03-09-2022 07:50,48048917,5. Uncle Bryn,1,1.503294445259162,1,1.24745906183022373574228589278524004962,1,1001,1,1001,11076.46,0,0
202804392,AUS / Moonee Valley (AUS) 3rd Sep,TO BE PLACED,03-09-2022 07:50,27132581,4. Nerve Not Verve,0,5.958620714564459,1,3.79121255653099228518222931630752859803,1,1001,1,1001,1879.5,0,0
202804398,AUS / Moonee Valley (AUS) 3rd Sep,TO BE PLACED,03-09-2022 08:25,35534373,3. Do You Reckon,1,9.228772861,1,4.69629662827350274130178221963280001195,1,1001,1,1001,1338.78,0,0
202805004,AUS / Morphettville (AUS) 3rd Sep,TO BE PLACED,03-09-2022 07:27,40041057,9. Muffla,0,7.6,1,4.19344488451782297183035912954474656224,1,1001,1,1001,898.84,0,0
202804962,AUS / Morphettville (AUS) 3rd Sep,TO BE PLACED,03-09-2022 03:09,885271,5. Dixie Whistler,0,4.174580610494303,1,2.71533099316555239949888986740427432059,1,1001,1,1001,1612.42,0,0
202804992,AUS / Morphettville (AUS) 3rd Sep,TO BE PLACED,03-09-2022 06:07,23582622,2. Grinzinger Star,0,25.296927686,1,9.83482458205792323993407110901813044502,1,1001,1,1001,339.76,0,0
202805016,AUS / Morphettville (AUS) 3rd Sep,TO BE PLACED,03-09-2022 08:40,48048967,11. So You Can,0,3.191752046,1,2.03151388794567062818336162988115449915,1,1001,1,1001,2945,0,0
202808737,AUS / Belmont (AUS) 3rd Sep,TO BE PLACED,03-09-2022 05:04,6028741,6. Real Grace,0,2.78,1,1.68991097863286464135529260630877467658,1,1001,1,1001,1992.78,0,0
202808749,AUS / Belmont (AUS) 3rd Sep,TO BE PLACED,03-09-2022 07:03,35586391,3. Dance Cockey,1,4.708697931,1,2.11766186088351851401619216649242663684,1,1001,1,1001,1645.24,0,0
202808749,AUS / Belmont (AUS) 3rd Sep,TO BE PLACED,03-09-2022 07:03,39670005,8. Queen Of Soul,0,2.76,1,1.70741171796991593210148273011305682904,1,1001,1,1001,1862.78,0,0
202808749,AUS / Belmont (AUS) 3rd Sep,TO BE PLACED,03-09-2022 07:03,31100395,1. Puli,0,3.6236816758548547,1,2.65374621980704495805832186642411238348,1,1001,1,1001,2572.62,0,0
202808753,AUS / Belmont (AUS) 3rd Sep,TO BE PLACED,03-09-2022 07:39,41553195,4. Catalpa,1,2.2043674434651557,1,1.59706865330053735850837300112662431503,1,1001,1,1001,3390.66,0,0
202808753,AUS / Belmont (AUS) 3rd Sep,TO BE PLACED,03-09-2022 07:39,40776336,5. Lonehand Larry,0,23.399935054476362,1,3.8875325831267086273761841185072159705,1,1001,1,1001,314.58,0,0
202808757,AUS / Belmont (AUS) 3rd Sep,TO BE PLACED,03-09-2022 08:15,48049937,13. Axel R Eight,1,5.021004095815286,1,1.96299445406672614986266379747721268742,1,1001,1,1001,1143.18,0,0
202808757,AUS / Belmont (AUS) 3rd Sep,TO BE PLACED,03-09-2022 08:15,48049938,14. Decoy Noxious,0,143.07609993754886,1,8.81432610744580584354382657869934024505,1,1001,1,1001,21.22,0,0
202808761,AUS / Belmont (AUS) 3rd Sep,TO BE PLACED,03-09-2022 08:50,24405535,4. Comes A Time,1,1.4237711315915011,1,1.23501610805607610621281476247529517782,1,1001,1,1001,9765.3,0,0
202841075,AUS / Gold Coast (AUS) 3rd Sep,TO BE PLACED,03-09-2022 06:04,43670131,9. Jimmy The Tulip,1,1.8430644468950517,1,1.35409978108856489781716787559258310661,1,1001,1,1001,4138.66,0,0
202841084,AUS / Gold Coast (AUS) 3rd Sep,TO BE PLACED,03-09-2022 08:00,48073369,16. Dream Entity,1,2.0414966671512196,1,1.43549307289725863593639634929727865807,1,1001,1,1001,3596.02,0,0
202841063,AUS / Gold Coast (AUS) 3rd Sep,TO BE PLACED,03-09-2022 03:39,48073344,12. Devine Falls,1,3.0838625,1,1.86979278514588859416445623342175066313,1,1001,1,1001,1885,0,0
202841063,AUS / Gold Coast (AUS) 3rd Sep,TO BE PLACED,03-09-2022 03:39,48073342,8. Coco Jewel,0,22.282,1,3.52651695692025664527956003666361136572,1,1001,1,1001,327.3,0,0
202841081,AUS / Gold Coast (AUS) 3rd Sep,TO BE PLACED,03-09-2022 07:24,46675672,11. Ralphie,1,1.894902939,1,1.64224134924039236574294481708610457744,1,1001,1,1001,4242.98,0,0
202841081,AUS / Gold Coast (AUS) 3rd Sep,TO BE PLACED,03-09-2022 07:24,42422210,10. Forked Tongue,1,4.2,1,2.33696090542455400937397812738436943647,1,1001,1,1001,1100.92,0,0
202841362,AUS / Grafton (AUS) 3rd Sep,TO BE PLACED,03-09-2022 05:11,45919421,16. Locktomic,0,18.5,1,3.14622641509433962264150943396226415094,1,1001,1,1001,42.4,0,0
202841362,AUS / Grafton (AUS) 3rd Sep,TO BE PLACED,03-09-2022 05:11,48073488,4. Here Comes Chum,0,1.57,1,1.21800697501572237150534560631181750615,1,1001,1,1001,3148.38,0,0
202841370,AUS / Grafton (AUS) 3rd Sep,TO BE PLACED,03-09-2022 07:46,35696632,12. Kiani,1,1.697946149,1,1.44233223361253858604799264101044587339,1,1001,1,1001,2261.18,0,0
202841364,AUS / Grafton (AUS) 3rd Sep,TO BE PLACED,03-09-2022 05:51,22152039,10. Everjust,0,12.28476069,1,1.60017438480914551443518697926758380159,1,1001,1,1001,103.22,0,0
202841366,AUS / Grafton (AUS) 3rd Sep,TO BE PLACED,03-09-2022 06:31,39979722,1. Albanjo,0,1.5359988971492569,1,1.41072561473597694512502796027819826568,1,1001,1,1001,3844.74,0,0
202841368,AUS / Grafton (AUS) 3rd Sep,TO BE PLACED,03-09-2022 07:11,42422213,13. Town Beach,0,12,1,4.31588976377952755905511811023622047244,1,1001,1,1001,127,0,0
202841368,AUS / Grafton (AUS) 3rd Sep,TO BE PLACED,03-09-2022 07:11,39678982,6. The Houseman,0,5.4,1,1.92488796966563254050327473285074112375,1,1001,1,1001,174.06,0,0
202841368,AUS / Grafton (AUS) 3rd Sep,TO BE PLACED,03-09-2022 07:11,40701834,10. Fenerbache,1,1.890576972736599,1,1.5758284236849913109820709532488449964,1,1001,1,1001,2359.3,0,0
202841368,AUS / Grafton (AUS) 3rd Sep,TO BE PLACED,03-09-2022 07:11,41552797,8. Chaotic Cranach,0,9.8,1,1.63952835485682201010668163952835485682,1,1001,1,1001,106.86,0,0
202841382,AUS / Kununurra (AUS) 3rd Sep,TO BE PLACED,03-09-2022 08:35,46472427,4. Im A Dreamer,0,4.112066601286038,1,1.12821590734185008465445590272433430814,1,1001,1,1001,1039.52,0,0
202841385,AUS / Kununurra (AUS) 3rd Sep,TO BE PLACED,03-09-2022 09:11,26735868,1. Arrogant Miss,1,2.06,1,1.28147014339593743418911416154538318687,1,1001,1,1001,2089.32,0,0
202841385,AUS / Kununurra (AUS) 3rd Sep,TO BE PLACED,03-09-2022 09:11,38925178,5. Superior Power,0,6.6,1,4.46887992236580009193523673323458807906,1,1001,1,1001,1174.74,0,0
202841385,AUS / Kununurra (AUS) 3rd Sep,TO BE PLACED,03-09-2022 09:11,44364944,4. Spill The Money,0,3.5,1,2.14561214929390320767252099551982011141,1,1001,1,1001,1174.06,0,0
202841376,AUS / Kununurra (AUS) 3rd Sep,TO BE PLACED,03-09-2022 07:22,27454361,1. Coin Collector,0,1.8566925012294262,1,1.17775619425173439048562933597621407334,1,1001,1,1001,2118.9,0,0
202841376,AUS / Kununurra (AUS) 3rd Sep,TO BE PLACED,03-09-2022 07:22,10494662,5. Zou Der Zee,1,2.106329213236168,1,1.09475486638073243154074562850544374794,1,1001,1,1001,1212.4,0,0
202841379,AUS / Kununurra (AUS) 3rd Sep,TO BE PLACED,03-09-2022 07:56,39308779,3. Miracoli,0,11.5,1,2.77523405932788016162412535724844781709,1,1001,1,1001,405.88,0,0
202841390,AUS / Hawkesbury (AUS) 3rd Sep,TO BE PLACED,03-09-2022 03:35,48073680,7. Voriah,0,2.806207009,1,1.66815605699753764178742986315746982602,1,1001,1,1001,495.46,0,0
202841398,AUS / Hawkesbury (AUS) 3rd Sep,TO BE PLACED,03-09-2022 06:00,47392620,8. Constructionmaster,1,2.02,1,1.9790495421460436722235266494482272834,1,1001,1,1001,1277.7,0,0
202841394,AUS / Hawkesbury (AUS) 3rd Sep,TO BE PLACED,03-09-2022 04:45,48073689,3. Marquess,1,1.3,1,1.22524786173668972528565429752248767874,1,1001,1,1001,4524.7,0,0
202841394,AUS / Hawkesbury (AUS) 3rd Sep,TO BE PLACED,03-09-2022 04:45,1031313,1. Down To Earth,0,9.4,1,2.93700217233888486603910209992758870384,1,1001,1,1001,138.1,0,0
202841396,AUS / Hawkesbury (AUS) 3rd Sep,TO BE PLACED,03-09-2022 05:20,42491724,6. Aljata,0,13.5,1,5.83232354063334605112552460892789011828,1,1001,1,1001,104.84,0,0
202841396,AUS / Hawkesbury (AUS) 3rd Sep,TO BE PLACED,03-09-2022 05:20,44735324,8. Mr Luke,0,3.935168403873458,1,2.40572211656784875265689674460230450833,1,1001,1,1001,178.78,0,0
202841455,AUS / Darwin (AUS) 3rd Sep,TO BE PLACED,03-09-2022 08:45,25054646,9. Threepoint Missile,0,28.18838638026267,1,6.63926420913496842414451461301218974886,1,1001,1,1001,272.36,0,0
202841455,AUS / Darwin (AUS) 3rd Sep,TO BE PLACED,03-09-2022 08:45,38015748,2. Canton Kid,1,1.9,1,1.24043945654457595069682750892919672246,1,1001,1,1001,2855.8,0,0
202841451,AUS / Darwin (AUS) 3rd Sep,TO BE PLACED,03-09-2022 07:26,48049454,5. Henestrosa,0,4.076717665138711,1,1.719668631074264595714927832992059132,1,1001,1,1001,800.92,0,0
202841451,AUS / Darwin (AUS) 3rd Sep,TO BE PLACED,03-09-2022 07:26,47441461,7. Laylahs Wish,0,5.7,1,2.10928706072438400430860374309950181769,1,1001,1,1001,594.16,0,0
202841453,AUS / Darwin (AUS) 3rd Sep,TO BE PLACED,03-09-2022 08:05,45141928,3. Illustrating Law,0,6.21365094775334,1,1.34283707865168539325842696629213483146,1,1001,1,1001,583.84,0,0
202841457,AUS / Darwin (AUS) 3rd Sep,TO BE PLACED,03-09-2022 09:20,42201874,3. Malibu Edition,0,2.17092966567383,1,1.27100104821802935010482180293501048218,1,1001,1,1001,2442.24,0,0
202841457,AUS / Darwin (AUS) 3rd Sep,TO BE PLACED,03-09-2022 09:20,48049457,1. Prince Ruban,1,1.360380619,1,1.21418477981293252922361855423655471466,1,1001,1,1001,6609.38,0,0
202841457,AUS / Darwin (AUS) 3rd Sep,TO BE PLACED,03-09-2022 09:20,20723910,5. Really Swish,0,2.6623826444667067,1,1.27988157047843810341128513194593434885,1,1001,1,1001,1398.3,0,0
202841449,AUS / Darwin (AUS) 3rd Sep,TO BE PLACED,03-09-2022 06:49,5275025,1. The Captain,1,1.659064851634175,1,1.14861310272180502225695742295015121139,1,1001,1,1001,2354.32,0,0
202841449,AUS / Darwin (AUS) 3rd Sep,TO BE PLACED,03-09-2022 06:49,5778823,4. Dominus,0,2.647728653196973,1,1.14103489020907867528801654248859421669,1,1001,1,1001,1218.68,0,0
202841462,AUS / Mildura (AUS) 3rd Sep,TO BE PLACED,03-09-2022 04:21,46701724,4. Mr Scorefield,1,1.7652094912672687,1,1.29741160425646551724137931034482758621,1,1001,1,1001,3563.52,0,0
202841462,AUS / Mildura (AUS) 3rd Sep,TO BE PLACED,03-09-2022 04:21,48073741,1. Just Tuned,0,16.081361300237475,1,4.08007259383351282358102987515456104663,1,1001,1,1001,501.42,0,0
202841471,AUS / Mildura (AUS) 3rd Sep,TO BE PLACED,03-09-2022 06:11,48073752,1. Media Empire,1,1.301686265786484,1,1.14556470646860829108963817652201881826,1,1001,1,1001,4414.86,0,0
202841471,AUS / Mildura (AUS) 3rd Sep,TO BE PLACED,03-09-2022 06:11,26635951,2. Pill Box,1,2.4924634064572455,1,1.46383467582199920771160702495708437871,1,1001,1,1001,1666.06,0,0
202841468,AUS / Mildura (AUS) 3rd Sep,TO BE PLACED,03-09-2022 05:31,28003806,2. Orienzel,1,2.546426348170935,1,1.7779348795238964861584075454672410274,1,1001,1,1001,1861.78,0,0
202841477,AUS / Mildura (AUS) 3rd Sep,TO BE PLACED,03-09-2022 07:31,4423339,5. Kazoom,0,7.4,1,2.86057298772169167803547066848567530696,1,1001,1,1001,747.66,0,0
202841477,AUS / Mildura (AUS) 3rd Sep,TO BE PLACED,03-09-2022 07:31,13434582,9. Zoffany Rocket,0,3.3327845457014322,1,1.56533453165568204513680846814459756341,1,1001,1,1001,1001.4,0,0
202841520,AUS / Birdsville (AUS) 3rd Sep,TO BE PLACED,03-09-2022 08:57,17440619,4. Tonys Reward,0,1.98,1,1.37242437052498084493645803059526011255,1,1001,1,1001,2270.94,0,0
202841538,AUS / Toowoomba (AUS) 3rd Sep,TO BE PLACED,03-09-2022 10:52,40598493,9. Uchida,1,3.8,1,1.61395163506457818081890629293762022534,1,1001,1,1001,1455.6,0,0
202841523,AUS / Toowoomba (AUS) 3rd Sep,TO BE PLACED,03-09-2022 07:48,1371693,4. Hear Hear,1,2.3,1,1.17556815177154944473823373876255949233,1,1001,1,1001,1210.24,0,0
202841526,AUS / Toowoomba (AUS) 3rd Sep,TO BE PLACED,03-09-2022 08:20,40785644,5. Idling By,0,1.66,1,1.26005224588326579877575653073540822485,1,1001,1,1001,4639.6,0,0
202841526,AUS / Toowoomba (AUS) 3rd Sep,TO BE PLACED,03-09-2022 08:20,48074215,11. Bearhug,1,1.9047923901975445,1,1.65886590432790720343113363875621405595,1,1001,1,1001,6565.76,0,0
202841529,AUS / Toowoomba (AUS) 3rd Sep,TO BE PLACED,03-09-2022 09:00,42145877,6. Piccannini,0,2.285260609,1,1.35578516705616792104472210465622680627,1,1001,1,1001,3260.58,0,0
202841529,AUS / Toowoomba (AUS) 3rd Sep,TO BE PLACED,03-09-2022 09:00,48074224,18. Yamumza,0,12,1,2.62585408860480493718316067886268459334,1,1001,1,1001,453.7,0,0
202841532,AUS / Toowoomba (AUS) 3rd Sep,TO BE PLACED,03-09-2022 09:40,36772730,3. Fighting Commando,1,2.7299366958458267,1,1.58399922058476653437118624947440749059,1,1001,1,1001,1950.18,0,0
202841535,AUS / Toowoomba (AUS) 3rd Sep,TO BE PLACED,03-09-2022 10:15,46447018,6. Mojo Baby,0,3.251803251354849,1,1.88765707336846372111876773408998783948,1,1001,1,1001,1233.5,0,0
202841535,AUS / Toowoomba (AUS) 3rd Sep,TO BE PLACED,03-09-2022 10:15,48074227,4. Not Too Hard,0,2.52,1,1.28243663248758188295685262983157330201,1,1001,1,1001,1566.26,0,0
202841535,AUS / Toowoomba (AUS) 3rd Sep,TO BE PLACED,03-09-2022 10:15,42729912,5. Delaneys Girl,0,2.6114082395410514,1,1.39427834750854596152275617467595347264,1,1001,1,1001,1714.26,0,0
202841544,AUS / Toowoomba (AUS) 3rd Sep,TO BE PLACED,03-09-2022 12:02,48074232,4. Mt Mort Shark,0,3.718603944104398,1,2.92685759326610706078879426142042603413,1,1001,1,1001,53.02,0,0
202841544,AUS / Toowoomba (AUS) 3rd Sep,TO BE PLACED,03-09-2022 12:02,25673006,1. Clap Chap,0,13.200826147777407,1,7.4900979322603728302659864574876090534,1,1001,1,1001,58.88,0,0
202843535,AUS / Melton (AUS) 3rd Sep,TO BE PLACED,03-09-2022 13:28,31197738,3. American Alli,0,10.58500063173473,1,1,1,1001,1,1001,0,0,0
202843514,AUS / Melton (AUS) 3rd Sep,TO BE PLACED,03-09-2022 09:32,36610553,1. Our Bella Lucia,0,34,1,11.3616438356164383561643835616438356164,1,1001,1,1001,21.9,0,0
202843514,AUS / Melton (AUS) 3rd Sep,TO BE PLACED,03-09-2022 09:32,38989372,5. Hurricane Hussler,1,1.7349592301476529,1,1.01820408754892013335265980576895202203,1,1001,1,1001,965.86,0,0
202843514,AUS / Melton (AUS) 3rd Sep,TO BE PLACED,03-09-2022 09:32,2723148,8. Talent Agent,1,4.4,1,1.14860179458140953044690304033452391323,1,1001,1,1001,229.58,0,0
202843517,AUS / Melton (AUS) 3rd Sep,TO BE PLACED,03-09-2022 10:03,48016193,4. Dougs Platter,0,2.947165885,1,1.35418970357329780653756482847218918019,1,1001,1,1001,840.68,0,0
202843517,AUS / Melton (AUS) 3rd Sep,TO BE PLACED,03-09-2022 10:03,3941131,5. El Camino,1,1.63,1,1.17386364851141162007589929980223421883,1,1001,1,1001,1496.72,0,0
202843517,AUS / Melton (AUS) 3rd Sep,TO BE PLACED,03-09-2022 10:03,7218565,1. Viking,0,37.59472930889577,1,1.09902482269503546099290780141843971631,1,1001,1,1001,45.12,0,0
202843529,AUS / Melton (AUS) 3rd Sep,TO BE PLACED,03-09-2022 12:21,16535574,3. Heavenly Sign,0,2.26,1,1,1,1001,1,1001,0,0,0
202843575,AUS / Albion Park (AUS) 3rd Sep,TO BE PLACED,03-09-2022 12:36,20409782,8. Lucky Nutter,0,1.88565111644058364688,1,1,1,1001,1,1001,0,0,0
202843575,AUS / Albion Park (AUS) 3rd Sep,TO BE PLACED,03-09-2022 12:36,38744597,7. Shereacts,0,8.281362854009241444,1,1,1,1001,1,1001,0,0,0
202843557,AUS / Albion Park (AUS) 3rd Sep,TO BE PLACED,03-09-2022 09:12,25102109,7. Rocks Or Diamonds,1,2.88,1,1.41367757335555205260431913887450176774,1,1001,1,1001,888.14,0,0
202843563,AUS / Albion Park (AUS) 3rd Sep,TO BE PLACED,03-09-2022 10:10,35818847,2. Itz Major Rich,0,3.4,1,1.61252218242829025909076243022618010519,1,1001,1,1001,619.86,0,0
202843560,AUS / Albion Park (AUS) 3rd Sep,TO BE PLACED,03-09-2022 09:44,13829861,5. The Hervey Bay,0,22.25,1,,1,1001,1,1001,67.36,0,0
202843560,AUS / Albion Park (AUS) 3rd Sep,TO BE PLACED,03-09-2022 09:44,37017081,8. Franco Nandor,0,3.5572030771407293,1,1.58674085435499135202166889664850047319,1,1001,1,1001,612.86,0,0
202854736,AUS / Hobart (AUS) 3rd Sep,TO BE PLACED,03-09-2022 14:02,36386786,4. Covered Kylie,0,4,1,1,1,1001,1,1001,0,0,0
202854732,AUS / Hobart (AUS) 3rd Sep,TO BE PLACED,03-09-2022 13:02,18040197,1. Kiavino Stride,0,4.264189716532055,1,1,1,1001,1,1001,0,0,0
202854732,AUS / Hobart (AUS) 3rd Sep,TO BE PLACED,03-09-2022 13:02,22723080,8. Oneofthelads,1,15.631451258384704,1,1,1,1001,1,1001,0,0,0
202854728,AUS / Hobart (AUS) 3rd Sep,TO BE PLACED,03-09-2022 11:49,48031107,11. Harjeet,1,2.3361876537679933,1,1.39782683663400875085963740743324728654,1,1001,1,1001,2006.66,0,0
202854728,AUS / Hobart (AUS) 3rd Sep,TO BE PLACED,03-09-2022 11:49,16492327,6. Be Major Threat,0,3.25,1,1.40510148776455922603723476328554781713,1,1001,1,1001,738.02,0,0
202854722,AUS / Hobart (AUS) 3rd Sep,TO BE PLACED,03-09-2022 10:06,5341300,7. Dapper,0,38.72953487031161,1,1.09322638146167557932263814616755793226,1,1001,1,1001,56.1,0,0
202854722,AUS / Hobart (AUS) 3rd Sep,TO BE PLACED,03-09-2022 10:06,11496440,4. Murry,1,2.960039467192896,1,1.00037642227735477799640687826161348276,1,1001,1,1001,701.34,0,0
202854724,AUS / Hobart (AUS) 3rd Sep,TO BE PLACED,03-09-2022 10:37,240302,2. Magician,1,1.366112243,1,1.03642398888852144581500711002347961242,1,1001,1,1001,2419.12,0,0
202854734,AUS / Hobart (AUS) 3rd Sep,TO BE PLACED,03-09-2022 13:35,39905489,11. Rock On Playboy,0,9.347100211485277,1,1,1,1001,1,1001,0,0,0
202854761,AUS / Globe Derby (AUS) 3rd Sep,TO BE PLACED,03-09-2022 11:37,11480202,7. Ruthless Armbro,1,13.412087304221389,1,1.22918054630246502331778814123917388408,1,1001,1,1001,120.08,0,0
202854765,AUS / Globe Derby (AUS) 3rd Sep,TO BE PLACED,03-09-2022 12:47,20740892,6. Thumbs Up,0,4.238224445331142,1,1,1,1001,1,1001,0,0,0
202854767,AUS / Globe Derby (AUS) 3rd Sep,TO BE PLACED,03-09-2022 13:13,12127818,4. Armchair Drive,0,3.7510292666885894,1,1,1,1001,1,1001,0,0,0
202854769,AUS / Globe Derby (AUS) 3rd Sep,TO BE PLACED,03-09-2022 13:43,39000739,5. Run For Stikka,0,7.212761247184595,1,1,1,1001,1,1001,0,0,0
202854891,AUS / Northam (AUS) 3rd Sep,TO BE PLACED,03-09-2022 13:20,28392399,7. Tux And Tails,0,2.015028901734104,1,1,1,1001,1,1001,0,0,0
202854883,AUS / Northam (AUS) 3rd Sep,TO BE PLACED,03-09-2022 11:24,39085329,6. Rockmyster,1,1.394836585537705,1,1.09258162811387900355871886120996441281,1,1001,1,1001,899.2,0,0
202854883,AUS / Northam (AUS) 3rd Sep,TO BE PLACED,03-09-2022 11:24,42353291,10. Meteoroid,0,42.96939506680705,1,1.28417582417582417582417582417582417582,1,1001,1,1001,45.5,0,0
202854885,AUS / Northam (AUS) 3rd Sep,TO BE PLACED,03-09-2022 11:58,42099848,4. Love To Fly,0,7.4,1,1.21415874752170643330826553633691119163,1,1001,1,1001,292.54,0,0
202854881,AUS / Northam (AUS) 3rd Sep,TO BE PLACED,03-09-2022 10:47,48062047,4. Morissette,0,17.556878262776888,1,1.02197438162544169611307420494699646643,1,1001,1,1001,90.56,0,0
202854887,AUS / Northam (AUS) 3rd Sep,TO BE PLACED,03-09-2022 12:25,42158380,9. Mary Joe,0,2.7582094135529984,1,1,1,1001,1,1001,0,0,0
202801742,AUS / Randwick (AUS) 3rd Sep,TO BE PLACED,03-09-2022 03:15,28672211,6. Scorched Land,0,1.87206253367136,1,1.57932481768113613439377304090905033518,1,1001,1,1001,4481.16,0,0
202801742,AUS / Randwick (AUS) 3rd Sep,TO BE PLACED,03-09-2022 03:15,43204181,15. Essential Sky,1,10.5,1,4.07404722679846238330587589236683141131,1,1001,1,1001,364.2,0,0
202801742,AUS / Randwick (AUS) 3rd Sep,TO BE PLACED,03-09-2022 03:15,26234999,5. Buba,0,2.9992841236940864,1,1.73979740721911540416878495170310116929,1,1001,1,1001,786.8,0,0
202801746,AUS / Randwick (AUS) 3rd Sep,TO BE PLACED,03-09-2022 03:50,42010473,9. Sneaky Paige,1,4.1,1,2.86170999825510382132263130343744547199,1,1001,1,1001,2865.5,0,0
202801770,AUS / Randwick (AUS) 3rd Sep,TO BE PLACED,03-09-2022 07:35,20168339,15. Gorush Lightning,0,8.924700816455008,1,5.45859842519685039370078740157480314961,1,1001,1,1001,381,0,0
202801770,AUS / Randwick (AUS) 3rd Sep,TO BE PLACED,03-09-2022 07:35,48048566,14. Hell I Am,1,1.6545104741409524,1,1.35967162820929476763080922976925576861,1,1001,1,1001,3077,0,0
202801774,AUS / Randwick (AUS) 3rd Sep,TO BE PLACED,03-09-2022 08:10,1185180,13. Wicklow,0,2.3158505302086074,1,2.03159492162299255873966423221066006097,1,1001,1,1001,4061.14,0,0
202801738,AUS / Randwick (AUS) 3rd Sep,TO BE PLACED,03-09-2022 02:40,41589253,3. So Country,0,2.655566054,1,2.30001042418410712853820864405420575736,1,1001,1,1001,3491.88,0,0
202804142,AUS / Doomben (AUS) 3rd Sep,TO BE PLACED,03-09-2022 02:48,4507677,4. Money Man,0,3.45,1,2.23689457044276660555226724797528475942,1,1001,1,1001,2770.76,0,0
202804170,AUS / Doomben (AUS) 3rd Sep,TO BE PLACED,03-09-2022 07:07,48048632,11. Fleet Dove,0,4,1,2.92517429512724107136156576686103669016,1,1001,1,1001,2665.02,0,0
202804166,AUS / Doomben (AUS) 3rd Sep,TO BE PLACED,03-09-2022 06:27,27693529,5. Jakama,0,1.42,1,1.169098591669950485719670361676975003,1,1001,1,1001,4669.36,0,0
202804146,AUS / Doomben (AUS) 3rd Sep,TO BE PLACED,03-09-2022 03:23,48048620,3. Flaming Conquest,1,2.3,1,1.63801902292699838712108650758957507424,1,1001,1,1001,5307.28,0,0
202804154,AUS / Doomben (AUS) 3rd Sep,TO BE PLACED,03-09-2022 04:33,36318995,3. Osamu,0,1.467945726,1,1.20131415813224951761990027126972547756,1,1001,1,1001,6333.18,0,0
202804154,AUS / Doomben (AUS) 3rd Sep,TO BE PLACED,03-09-2022 04:33,38779274,6. Daltoro,0,3.6384517151742335,1,1.83121982473148210360615455496578136548,1,1001,1,1001,4167.32,0,0
202804158,AUS / Doomben (AUS) 3rd Sep,TO BE PLACED,03-09-2022 05:08,48048627,9. Goldeel,1,1.428310361628573,1,1.24503336785672507111533380696002990125,1,1001,1,1001,7009.74,0,0
202804162,AUS / Doomben (AUS) 3rd Sep,TO BE PLACED,03-09-2022 05:47,28425076,9. Count The Coin,1,2.9,1,1.87645283205296050193908554207939134946,1,1001,1,1001,1619.32,0,0
202804356,AUS / Moonee Valley (AUS) 3rd Sep,TO BE PLACED,03-09-2022 04:05,48048890,9. Harmysian,1,3.399206768,1,1.9601328732418974403773914562767537346,1,1001,1,1001,2289.4,0,0
202804356,AUS / Moonee Valley (AUS) 3rd Sep,TO BE PLACED,03-09-2022 04:05,39243150,6. Mohican Heights,0,1.7830474684698312,1,1.42092536832722887595592806477465938626,1,1001,1,1001,5340.36,0,0
202804362,AUS / Moonee Valley (AUS) 3rd Sep,TO BE PLACED,03-09-2022 04:40,48048891,2. Millane,1,2.108972794372198,1,1.77145313481200370800292508148635460361,1,1001,1,1001,7357.06,0,0
202804368,AUS / Moonee Valley (AUS) 3rd Sep,TO BE PLACED,03-09-2022 05:15,27615381,3. Sound,0,11.5,1,7.56802406604707487962170941978144492393,1,1001,1,1001,1040.47,0,0
202804368,AUS / Moonee Valley (AUS) 3rd Sep,TO BE PLACED,03-09-2022 05:15,945954,1. Spanish Mission,0,3.45,1,2.73349022296161916784403554678682795924,1,1001,1,1001,2392.34,0,0
202804374,AUS / Moonee Valley (AUS) 3rd Sep,TO BE PLACED,03-09-2022 05:55,8970708,7. Coolangatta,0,1.7247530891563296,1,1.41173501966774568852939081433173194881,1,1001,1,1001,12634.9,0,0
202804374,AUS / Moonee Valley (AUS) 3rd Sep,TO BE PLACED,03-09-2022 05:55,48048897,6. Semillion,0,19.5,1,13.2739725300949249615527390359017871348,1,1001,1,1001,1131.42,0,0
202804380,AUS / Moonee Valley (AUS) 3rd Sep,TO BE PLACED,03-09-2022 06:35,47441049,6. Troach,1,1.7414879022493168,1,1.55026357561659827674829896413231924588,1,1001,1,1001,11478.3,0,0
202804386,AUS / Moonee Valley (AUS) 3rd Sep,TO BE PLACED,03-09-2022 07:15,5253082,12. Enchanted Heart,1,6.8,1,5.34534624212221503658335552427689225346,1,1001,1,1001,3154.44,0,0
202804386,AUS / Moonee Valley (AUS) 3rd Sep,TO BE PLACED,03-09-2022 07:15,1328803,9. Ranch Hand,0,6,1,4.12459144032119113798540335820289007006,1,1001,1,1001,2460.84,0,0
202804392,AUS / Moonee Valley (AUS) 3rd Sep,TO BE PLACED,03-09-2022 07:50,48048918,8. The Amazonian,0,6.344025900334164,1,3.4305720672989946501951257333367792624,1,1001,1,1001,1547.72,0,0
202804392,AUS / Moonee Valley (AUS) 3rd Sep,TO BE PLACED,03-09-2022 07:50,40091903,6. Military Expert,1,1.5545353844866256,1,1.28470643140723674737210211260362454487,1,1001,1,1001,7778.08,0,0
202804392,AUS / Moonee Valley (AUS) 3rd Sep,TO BE PLACED,03-09-2022 07:50,10105402,2. Dark Dream,0,7.6,1,4.0276726610767872903795233892321270962,1,1001,1,1001,1450.24,0,0
202804398,AUS / Moonee Valley (AUS) 3rd Sep,TO BE PLACED,03-09-2022 08:25,4274239,5. French Moon,0,8.6,1,4.8244830392738408905933150322108951456,1,1001,1,1001,1449.82,0,0
202804398,AUS / Moonee Valley (AUS) 3rd Sep,TO BE PLACED,03-09-2022 08:25,48048920,8. Mark Of The Man,0,2.98,1,2.55556803778915571834571940658518473023,1,1001,1,1001,7163.96,0,0
202804980,AUS / Morphettville (AUS) 3rd Sep,TO BE PLACED,03-09-2022 04:52,39980256,7. Take Me North,1,1.698637380388391,1,1.34389370715277407630200996479579275458,1,1001,1,1001,7879.74,0,0
202805004,AUS / Morphettville (AUS) 3rd Sep,TO BE PLACED,03-09-2022 07:27,38398295,10. Turfitt,0,2.0424534192406005,1,1.5679581710635662956867473805993253923,1,1001,1,1001,4909.52,0,0
202805004,AUS / Morphettville (AUS) 3rd Sep,TO BE PLACED,03-09-2022 07:27,32642339,14. Moss The Boss,0,32.867010065,1,16.0006907667510937140225650472023946581,1,1001,1,1001,347.44,0,0
202805010,AUS / Morphettville (AUS) 3rd Sep,TO BE PLACED,03-09-2022 08:04,9426284,13. Flight Deck,0,2.5,1,1.91039875280551561009044847930974236295,1,1001,1,1001,4464.42,0,0
202804986,AUS / Morphettville (AUS) 3rd Sep,TO BE PLACED,03-09-2022 05:27,48048946,8. Bolt By,0,2.9072774432109876,1,1.50249043287629084056075844695294321263,1,1001,1,1001,2080.04,0,0
202804986,AUS / Morphettville (AUS) 3rd Sep,TO BE PLACED,03-09-2022 05:27,13273168,10. Lomax,0,3.6,1,2.536454436590612846136727318970359145,1,1001,1,1001,1887.26,0,0
202804986,AUS / Morphettville (AUS) 3rd Sep,TO BE PLACED,03-09-2022 05:27,21831254,11. Kenyan Wonder,0,5.009202020530357,1,2.2914897864129349923481269545545279127,1,1001,1,1001,1202.32,0,0
202804992,AUS / Morphettville (AUS) 3rd Sep,TO BE PLACED,03-09-2022 06:07,30111624,7. Addictions,0,10,1,4.15634419056878949927078269324258629071,1,1001,1,1001,740.52,0,0
202804992,AUS / Morphettville (AUS) 3rd Sep,TO BE PLACED,03-09-2022 06:07,48048947,9. Great Diviner,0,2.6685109458861556,1,1.66839763503357049804589638240304639743,1,1001,1,1001,2394.96,0,0
202804998,AUS / Morphettville (AUS) 3rd Sep,TO BE PLACED,03-09-2022 06:47,48048952,7. Bellini Miss,0,4.1,1,2.67568283540780338135981907036328267093,1,1001,1,1001,2529.16,0,0
202804998,AUS / Morphettville (AUS) 3rd Sep,TO BE PLACED,03-09-2022 06:47,23825791,9. Sandsation,0,6.2,1,3.75411395892776233452933468852940816302,1,1001,1,1001,1633.22,0,0
202804998,AUS / Morphettville (AUS) 3rd Sep,TO BE PLACED,03-09-2022 06:47,27673100,3. Hateech,0,6.492629093236754,1,3.78617329836566684613647810757767858694,1,1001,1,1001,1151.54,0,0
202805016,AUS / Morphettville (AUS) 3rd Sep,TO BE PLACED,03-09-2022 08:40,48048966,7. Saville,0,1.709931893,1,1.4915393339721152153933397211521539334,1,1001,1,1001,8182.24,0,0
202805016,AUS / Morphettville (AUS) 3rd Sep,TO BE PLACED,03-09-2022 08:40,41465849,2. Agrimony,0,3.260496077171883,1,2.46768780609857242807697119372072226521,1,1001,1,1001,4316.42,0,0
202805016,AUS / Morphettville (AUS) 3rd Sep,TO BE PLACED,03-09-2022 08:40,48048969,14. Angel Like,0,7.2333483316597995,1,4.25715814287863842308528246367846454784,1,1001,1,1001,1196.26,0,0
202805016,AUS / Morphettville (AUS) 3rd Sep,TO BE PLACED,03-09-2022 08:40,19075207,8. Exalted Maxine,0,27.63399701734538,1,13.8299112801013941698352344740177439797,1,1001,1,1001,394.5,0,0
202808737,AUS / Belmont (AUS) 3rd Sep,TO BE PLACED,03-09-2022 05:04,40022499,1. Ghost Who Walks,1,2.3760381257889094,1,1.4476812692290030766404922624787619966,1,1001,1,1001,1742.16,0,0
202808737,AUS / Belmont (AUS) 3rd Sep,TO BE PLACED,03-09-2022 05:04,48049930,7. Nights Mystery,0,9,1,3.74107280679187033702083869307949575508,1,1001,1,1001,777.4,0,0
202808741,AUS / Belmont (AUS) 3rd Sep,TO BE PLACED,03-09-2022 05:43,4209363,7. Civvy Street,0,4.67628179342435,1,2.37573295586752501357325680601876987513,1,1001,1,1001,2062.88,0,0
202808741,AUS / Belmont (AUS) 3rd Sep,TO BE PLACED,03-09-2022 05:43,6187581,8. Evidence,0,12.783775148415007,1,4.11103899883585564610011641443538998836,1,1001,1,1001,687.2,0,0
202808745,AUS / Belmont (AUS) 3rd Sep,TO BE PLACED,03-09-2022 06:23,22255246,8. So Schmick,0,45.381705601,1,10.8085537288539432928282106266380748153,1,1001,1,1001,167.88,0,0
202808753,AUS / Belmont (AUS) 3rd Sep,TO BE PLACED,03-09-2022 07:39,41906699,2. Vital Flirt,0,16.2555973796919,1,4.33831131533601378518093049971280873061,1,1001,1,1001,417.84,0,0
202808753,AUS / Belmont (AUS) 3rd Sep,TO BE PLACED,03-09-2022 07:39,2246679,7. Inflation,0,8.8,1,2.24533285668891007308547823323800444868,1,1001,1,1001,503.52,0,0
202808757,AUS / Belmont (AUS) 3rd Sep,TO BE PLACED,03-09-2022 08:15,37456669,5. Crescent City,0,1.6904687382851624,1,1.48563245135967017761838872730353260102,1,1001,1,1001,7082.6,0,0
202808757,AUS / Belmont (AUS) 3rd Sep,TO BE PLACED,03-09-2022 08:15,48049940,16. Special Picture,0,10.5,1,2.52660724146091346533091425416107911967,1,1001,1,1001,507.08,0,0
202808765,AUS / Belmont (AUS) 3rd Sep,TO BE PLACED,03-09-2022 09:25,12387592,6. Friaresque,0,34,1,10.7908267794593880113673914480206199194,1,1001,1,1001,302.62,0,0
202841075,AUS / Gold Coast (AUS) 3rd Sep,TO BE PLACED,03-09-2022 06:04,39811052,4. Thatlldotoo,1,3.11669672455173,1,1.52946833905687243487729290560348437893,1,1001,1,1001,955.12,0,0
202841078,AUS / Gold Coast (AUS) 3rd Sep,TO BE PLACED,03-09-2022 06:44,46862177,2. Mississippi Prince,1,1.8565286655105226,1,1.38057397947692279971530762092669171239,1,1001,1,1001,4439.88,0,0
202841084,AUS / Gold Coast (AUS) 3rd Sep,TO BE PLACED,03-09-2022 08:00,36318462,6. September Girl,0,1.602416541,1,1.22956298951887287922727376521361861485,1,1001,1,1001,4379.3,0,0
202841066,AUS / Gold Coast (AUS) 3rd Sep,TO BE PLACED,03-09-2022 04:14,42729861,2. Bean Rocking,0,1.76,1,1.42454329703342095381149079984979346602,1,1001,1,1001,5326,0,0
202841066,AUS / Gold Coast (AUS) 3rd Sep,TO BE PLACED,03-09-2022 04:14,47591120,4. Island Magic,1,1.1112927794238294,1,1.07044746038163324940657510777716845261,1,1001,1,1001,9992.84,0,0
202841063,AUS / Gold Coast (AUS) 3rd Sep,TO BE PLACED,03-09-2022 03:39,45919311,11. No More Red,0,2.17051,1,1.59663731994454409449435650001174913252,1,1001,1,1001,2553.38,0,0
202841063,AUS / Gold Coast (AUS) 3rd Sep,TO BE PLACED,03-09-2022 03:39,43204034,9. Idono,0,2.50143372388425,1,1.86203288770825513238818467935206306124,1,1001,1,1001,2770.64,0,0
202841072,AUS / Gold Coast (AUS) 3rd Sep,TO BE PLACED,03-09-2022 05:24,41398242,6. Thats A Miracle,0,1.5690363618863972,1,1.14907548923833233542369142533009800523,1,1001,1,1001,2538.64,0,0
202841362,AUS / Grafton (AUS) 3rd Sep,TO BE PLACED,03-09-2022 05:11,46675377,15. Victory Lights,0,3.725,1,3.64711215580926796507723304231027535259,1,1001,1,1001,29.78,0,0
202841362,AUS / Grafton (AUS) 3rd Sep,TO BE PLACED,03-09-2022 05:11,48073489,8. Sequoia Chieftain,0,13,1,1.07480862908837856645789839944328462074,1,1001,1,1001,57.48,0,0
202841370,AUS / Grafton (AUS) 3rd Sep,TO BE PLACED,03-09-2022 07:46,48073498,10. Dees Delight,0,11.596626859,1,4.38893442622950819672131147540983606557,1,1001,1,1001,82.96,0,0
202841360,AUS / Grafton (AUS) 3rd Sep,TO BE PLACED,03-09-2022 04:36,48073482,9. Jaebeez Aldente,0,6.2,1,2.37742938907552569366679109120318526813,1,1001,1,1001,160.74,0,0
202841360,AUS / Grafton (AUS) 3rd Sep,TO BE PLACED,03-09-2022 04:36,40173962,16. Diwali Lights,0,2.18,1,1.90043096115679047349021831584916359512,1,1001,1,1001,352.7,0,0
202841364,AUS / Grafton (AUS) 3rd Sep,TO BE PLACED,03-09-2022 05:51,39142271,3. Envenomate,1,1.6556710854424455,1,1.46924893831268333260365132875093034456,1,1001,1,1001,913.64,0,0
202841364,AUS / Grafton (AUS) 3rd Sep,TO BE PLACED,03-09-2022 05:51,40701812,4. Full Of Flavour,0,2.627438833,1,1.82279661619392905381389066609795976399,1,1001,1,1001,281.34,0,0
202841364,AUS / Grafton (AUS) 3rd Sep,TO BE PLACED,03-09-2022 05:51,42350950,15. King Farouk,0,3.8,1,2.71954373551299255825301939734049042333,1,1001,1,1001,163.94,0,0
202841364,AUS / Grafton (AUS) 3rd Sep,TO BE PLACED,03-09-2022 05:51,35372930,12. Queens Do Dream,1,2.9992819482649784,1,1.4345163350005320847078854953708630414,1,1001,1,1001,563.82,0,0
202841366,AUS / Grafton (AUS) 3rd Sep,TO BE PLACED,03-09-2022 06:31,48073495,7. Two Better,0,7.4,1,2.60869020786376158276984723265715001252,1,1001,1,1001,159.72,0,0
202841366,AUS / Grafton (AUS) 3rd Sep,TO BE PLACED,03-09-2022 06:31,38276555,5. Doro Heart,0,3.2702699754291826,1,1.55301948189156066432827621180746312809,1,1001,1,1001,473.26,0,0
202841366,AUS / Grafton (AUS) 3rd Sep,TO BE PLACED,03-09-2022 06:31,46495386,13. Super Slick,1,3.7,1,2.09492168960607498813478879924062648315,1,1001,1,1001,168.56,0,0
202841379,AUS / Kununurra (AUS) 3rd Sep,TO BE PLACED,03-09-2022 07:56,40041614,6. Real Divine,1,3.5,1,2.05369292919027414314388068802561040677,1,1001,1,1001,1574.36,0,0
202841390,AUS / Hawkesbury (AUS) 3rd Sep,TO BE PLACED,03-09-2022 03:35,1129508,1. London,1,2.1,1,1.46460774745061084373843098980244337495,1,1001,1,1001,594.26,0,0
202841390,AUS / Hawkesbury (AUS) 3rd Sep,TO BE PLACED,03-09-2022 03:35,48073676,2. Kings Star,0,1.34,1,1.17244800102840982131379354672837125595,1,1001,1,1001,1555.8,0,0
202841392,AUS / Hawkesbury (AUS) 3rd Sep,TO BE PLACED,03-09-2022 04:10,48073682,2. Lyonnaise Lunch,0,20.502216902526555,1,6.44658488988012266517981600223027599665,1,1001,1,1001,251.09,0,0
202841396,AUS / Hawkesbury (AUS) 3rd Sep,TO BE PLACED,03-09-2022 05:20,1062594,2. Fathers Day,1,1.2153885864455511,1,1.13056500197060976296379708349755081358,1,1001,1,1001,2841.76,0,0
202841455,AUS / Darwin (AUS) 3rd Sep,TO BE PLACED,03-09-2022 08:45,40879209,6. Rich Sun,0,4.2,1,1.21033250433655875775878283767685845054,1,1001,1,1001,956.98,0,0
202841449,AUS / Darwin (AUS) 3rd Sep,TO BE PLACED,03-09-2022 06:49,38476111,2. Syncline,1,1.4943712581735968,1,1.22825512867177275085768274644342391599,1,1001,1,1001,5165.08,0,0
202841465,AUS / Mildura (AUS) 3rd Sep,TO BE PLACED,03-09-2022 04:56,48073749,8. Swiss Time,0,51.1892,1,20.1005884516366311143802868701728576683,1,1001,1,1001,108.76,0,0
202841465,AUS / Mildura (AUS) 3rd Sep,TO BE PLACED,03-09-2022 04:56,42279700,10. No Entitlement,0,5.3,1,1.74754391419244520441473651484532877351,1,1001,1,1001,771.96,0,0
202841465,AUS / Mildura (AUS) 3rd Sep,TO BE PLACED,03-09-2022 04:56,28587540,1. Big Teddy,0,15.072065745794617,1,2.97507242877836793819410912602607436021,1,1001,1,1001,331.36,0,0
202841468,AUS / Mildura (AUS) 3rd Sep,TO BE PLACED,03-09-2022 05:31,44711755,4. Penwortham,0,8.793236239627001,1,2.63193478194244383830334978086977841797,1,1001,1,1001,652.58,0,0
202841474,AUS / Mildura (AUS) 3rd Sep,TO BE PLACED,03-09-2022 06:51,42561226,13. Eclair Rhythm,0,14.886407530717552,1,3.01790025522521901082982686072980616679,1,1001,1,1001,289.94,0,0
202841477,AUS / Mildura (AUS) 3rd Sep,TO BE PLACED,03-09-2022 07:31,39733423,13. In Bels Shadow,0,4.9,1,2.27447554161356729732379178511910597,1,1001,1,1001,816.08,0,0
202841502,AUS / Birdsville (AUS) 3rd Sep,TO BE PLACED,03-09-2022 06:07,48014970,5. Time Flies By,0,14.5,1,3.32437113621829034321040289916862076316,1,1001,1,1001,375.28,0,0
202841520,AUS / Birdsville (AUS) 3rd Sep,TO BE PLACED,03-09-2022 08:57,3285884,1. Salazar,1,2.7533014798190587,1,1.21865470194141522812851484180155508827,1,1001,1,1001,1635.92,0,0
202841520,AUS / Birdsville (AUS) 3rd Sep,TO BE PLACED,03-09-2022 08:57,28587825,2. Coynes Road,0,2.031800345675948,1,1.15162121611251732313225137726059717561,1,1001,1,1001,1746.22,0,0
202841538,AUS / Toowoomba (AUS) 3rd Sep,TO BE PLACED,03-09-2022 10:52,42413081,1. Guts N Glory,0,2.953176593701209,1,1.71393583114162171800472518165203049079,1,1001,1,1001,1794.64,0,0
202841538,AUS / Toowoomba (AUS) 3rd Sep,TO BE PLACED,03-09-2022 10:52,45191280,4. Vintage,0,2.024952038168302,1,1.28498988462000351036018143019464023427,1,1001,1,1001,2165.02,0,0
202841529,AUS / Toowoomba (AUS) 3rd Sep,TO BE PLACED,03-09-2022 09:00,39317626,8. Countess Tessa,0,3.212181026,1,1.61914681458555829210348510276585078791,1,1001,1,1001,1835.24,0,0
202841532,AUS / Toowoomba (AUS) 3rd Sep,TO BE PLACED,03-09-2022 09:40,22537869,1. Magic Charlee,1,1.74,1,1.3520137015983661351073491648571520776,1,1001,1,1001,4338.18,0,0
202841535,AUS / Toowoomba (AUS) 3rd Sep,TO BE PLACED,03-09-2022 10:15,25793492,9. Sheindlin,1,17.306907672472292,1,5.17225997318910923126704571719132806361,1,1001,1,1001,432.66,0,0
202841541,AUS / Toowoomba (AUS) 3rd Sep,TO BE PLACED,03-09-2022 11:27,46314625,1. Clearly George,1,3.1913602688838725,1,1.54457892231687100956882826989676169843,1,1001,1,1001,1218.54,0,0
202841544,AUS / Toowoomba (AUS) 3rd Sep,TO BE PLACED,03-09-2022 12:02,801375,8. Repetiteur,0,5.704828264656825,1,7.10460293977586809610708567137435882975,1,1001,1,1001,92.54,0,0
202841544,AUS / Toowoomba (AUS) 3rd Sep,TO BE PLACED,03-09-2022 12:02,4111303,2. Got The Lot,1,1.84,1,1.95871348585703346939989243829210116038,1,1001,1,1001,57.68,0,0
202843508,AUS / Melton (AUS) 3rd Sep,TO BE PLACED,03-09-2022 08:32,11066963,1. Budd Sidewinder,0,3.4912559536984196,1,1.2132075471698113207547169811320754717,1,1001,1,1001,730.34,0,0
202843508,AUS / Melton (AUS) 3rd Sep,TO BE PLACED,03-09-2022 08:32,22281494,5. Major Delico,0,9.29401569727808,1,1.48313322845077419889045292705142005465,1,1001,1,1001,241.54,0,0
202843511,AUS / Melton (AUS) 3rd Sep,TO BE PLACED,03-09-2022 09:04,26695112,5. Accelere,0,28,1,1.76769158549466025114423189766459335759,1,1001,1,1001,85.21,0,0
202843511,AUS / Melton (AUS) 3rd Sep,TO BE PLACED,03-09-2022 09:04,28416896,9. Ozzie Playboy,0,4.508487522721774,1,1.5315882931838603397372812459886183732,1,1001,1,1001,467.42,0,0
202843520,AUS / Melton (AUS) 3rd Sep,TO BE PLACED,03-09-2022 10:32,21413050,2. Fynn Frost,0,16.41231418815218,1,1.31291346917173855517332627679280232866,1,1001,1,1001,151.16,0,0
202843520,AUS / Melton (AUS) 3rd Sep,TO BE PLACED,03-09-2022 10:32,37582453,6. Mighty Flying Art,1,2.758763729264029,1,1.33069312025182360240927388843487999031,1,1001,1,1001,1321.56,0,0
202843523,AUS / Melton (AUS) 3rd Sep,TO BE PLACED,03-09-2022 11:07,19976585,6. Larajay Macray,0,47.33757356275704,1,3.04366566716641679160419790104947526237,1,1001,1,1001,53.36,0,0
202843532,AUS / Melton (AUS) 3rd Sep,TO BE PLACED,03-09-2022 12:55,24930127,3. Sahara Sirocco,0,4,1,1,1,1001,1,1001,0,0,0
202843529,AUS / Melton (AUS) 3rd Sep,TO BE PLACED,03-09-2022 12:21,39657705,6. Ozzie Joy,0,3.124573959,1,1,1,1001,1,1001,0,0,0
202843575,AUS / Albion Park (AUS) 3rd Sep,TO BE PLACED,03-09-2022 12:36,24608606,6. Watchful Lady,1,4.65232,1,1,1,1001,1,1001,0,0,0
202843557,AUS / Albion Park (AUS) 3rd Sep,TO BE PLACED,03-09-2022 09:12,28290679,6. Shes Miss Devine,0,4.580026017595085,1,1.26429478436721064760381884023891266519,1,1001,1,1001,425.26,0,0
202843554,AUS / Albion Park (AUS) 3rd Sep,TO BE PLACED,03-09-2022 08:44,37454617,1. Betterthandiamonds,0,4.333947344398846,1,1.53279371868749876235172973722251925781,1,1001,1,1001,1009.98,0,0
202843554,AUS / Albion Park (AUS) 3rd Sep,TO BE PLACED,03-09-2022 08:44,40864713,5. Tommy Lincoln,1,2.6443366434061035,1,1.50405909505662605335194031452954752831,1,1001,1,1001,745.24,0,0
202843554,AUS / Albion Park (AUS) 3rd Sep,TO BE PLACED,03-09-2022 08:44,8563922,7. Big Wheels,0,2.106193788583517,1,1.55022817547885956395092241151028334363,1,1001,1,1001,906.32,0,0
202843560,AUS / Albion Park (AUS) 3rd Sep,TO BE PLACED,03-09-2022 09:44,11139724,1. Tuapeka Glory,1,1.50987605,1,1.07627981230595540502399096810612475303,1,1001,1,1001,1133.76,0,0
202843569,AUS / Albion Park (AUS) 3rd Sep,TO BE PLACED,03-09-2022 11:19,9503852,2. Press Statement,0,6.4,1,1.59167407407407407407407407407407407407,1,1001,1,1001,405,0,0
202854736,AUS / Hobart (AUS) 3rd Sep,TO BE PLACED,03-09-2022 14:02,38263058,5. Vivid Stride,1,2.1572132522541416,1,1,1,1001,1,1001,0,0,0
202854736,AUS / Hobart (AUS) 3rd Sep,TO BE PLACED,03-09-2022 14:02,45738530,7. Lorimertyrrell,1,4,1,1,1,1001,1,1001,0,0,0
202854736,AUS / Hobart (AUS) 3rd Sep,TO BE PLACED,03-09-2022 14:02,28658372,9. Written In Silk,0,6.882354235486842,1,1,1,1001,1,1001,0,0,0
202854720,AUS / Hobart (AUS) 3rd Sep,TO BE PLACED,03-09-2022 09:35,47662177,2. Iylac Pakaria,1,1.2155691921346978,1,1.01185999136432580848731773745336182368,1,1001,1,1001,1806.46,0,0
202854722,AUS / Hobart (AUS) 3rd Sep,TO BE PLACED,03-09-2022 10:06,24117453,2. Vigoroso,0,2.8172215316786273,1,1.01181789567058688871720033193121011818,1,1001,1,1001,698.94,0,0
202854722,AUS / Hobart (AUS) 3rd Sep,TO BE PLACED,03-09-2022 10:06,38778807,8. Seal The Destiny,0,28.025113708898424,1,1.72525879917184265010351966873706004141,1,1001,1,1001,77.28,0,0
202854722,AUS / Hobart (AUS) 3rd Sep,TO BE PLACED,03-09-2022 10:06,28658354,12. Guido Da Siena,0,5.748809541580212,1,,1,1001,1,1001,370.72,0,0
202854724,AUS / Hobart (AUS) 3rd Sep,TO BE PLACED,03-09-2022 10:37,48031099,3. All For Dave,0,2.729174293,1,1.14309715780711142823165655844928053276,1,1001,1,1001,840.9,0,0
202854724,AUS / Hobart (AUS) 3rd Sep,TO BE PLACED,03-09-2022 10:37,43828445,8. Nero Stride,1,2.179952997351438,1,,1,1001,1,1001,927.24,0,0
202854734,AUS / Hobart (AUS) 3rd Sep,TO BE PLACED,03-09-2022 13:35,7776442,1. Castle Retreat,1,2.377163068589711,1,1,1,1001,1,1001,0,0,0
202854718,AUS / Hobart (AUS) 3rd Sep,TO BE PLACED,03-09-2022 09:06,48031089,2. Nyack,1,1.4226615282311255,1,1.05574290083281729833562916250679270558,1,1001,1,1001,1582.58,0,0
202854726,AUS / Hobart (AUS) 3rd Sep,TO BE PLACED,03-09-2022 11:14,42556247,5. Sweet Amour,0,9.46584407935751,1,2.8121154456073580716777672058357120203,1,1001,1,1001,63.06,0,0
202854730,AUS / Hobart (AUS) 3rd Sep,TO BE PLACED,03-09-2022 12:28,42473126,9. Forgot The Wallet,0,5.956817728658102,1,1,1,1001,1,1001,0,0,0
202854763,AUS / Globe Derby (AUS) 3rd Sep,TO BE PLACED,03-09-2022 12:14,35384381,5. Midnight Sport,0,1.8163532821971606,1,1,1,1001,1,1001,0,0,0
202854763,AUS / Globe Derby (AUS) 3rd Sep,TO BE PLACED,03-09-2022 12:14,7665812,2. American Beauty,1,1.1470374183710434,1,1.11999999414754802550081755010437830924,1,1001,1,1001,291.16,0,0
202854763,AUS / Globe Derby (AUS) 3rd Sep,TO BE PLACED,03-09-2022 12:14,25009540,8. Ourbeachsomewhere,0,2.595413833299536,1,5.56377192140007264002040844888546827214,1,1001,1,1001,52.06,0,0
202854761,AUS / Globe Derby (AUS) 3rd Sep,TO BE PLACED,03-09-2022 11:37,20172943,4. Steam Cleaned,0,5.9,1,1.10157841412040740148242947795019463553,1,1001,1,1001,375.06,0,0
202854769,AUS / Globe Derby (AUS) 3rd Sep,TO BE PLACED,03-09-2022 13:43,41851561,6. Mariahs Shadow,0,19.46882499746978,1,1,1,1001,1,1001,0,0,0
202854759,AUS / Globe Derby (AUS) 3rd Sep,TO BE PLACED,03-09-2022 11:00,23052169,6. Great Fantasy,0,5.775706571817231,1,1.37032366540563261874737284573350147121,1,1001,1,1001,285.48,0,0
202854759,AUS / Globe Derby (AUS) 3rd Sep,TO BE PLACED,03-09-2022 11:00,26435640,2. Winsome Ruby,0,20.646724999565638,1,5.13658475426278836509528585757271815446,1,1001,1,1001,159.52,0,0
202854891,AUS / Northam (AUS) 3rd Sep,TO BE PLACED,03-09-2022 13:20,38707001,2. Minor Catastrophe,0,9.386661778,1,1,1,1001,1,1001,0,0,0
202854885,AUS / Northam (AUS) 3rd Sep,TO BE PLACED,03-09-2022 11:58,48062052,6. Five Bangles,1,1.2500317881090448,1,1.06509770340415258329309512312892322549,1,1001,1,1001,2650.88,0,0
202854885,AUS / Northam (AUS) 3rd Sep,TO BE PLACED,03-09-2022 11:58,48062054,10. Roscos Rescue,0,42.441683307,1,1.17063210227272727272727272727272727273,1,1001,1,1001,56.32,0,0
202854887,AUS / Northam (AUS) 3rd Sep,TO BE PLACED,03-09-2022 12:25,36036930,1. Hes Thunder,1,4.487323997303317,1,1,1,1001,1,1001,0,0,0
202854887,AUS / Northam (AUS) 3rd Sep,TO BE PLACED,03-09-2022 12:25,22189610,6. Adda Paris,0,34.53105,1,1,1,1001,1,1001,0,0,0
202801742,AUS / Randwick (AUS) 3rd Sep,TO BE PLACED,03-09-2022 03:15,2432342,14. Brynner,0,6.8,1,2.89834281730784819156007327788855924647,1,1001,1,1001,616.83,0,0
202801742,AUS / Randwick (AUS) 3rd Sep,TO BE PLACED,03-09-2022 03:15,40846327,11. Microna,1,2.6,1,1.77681001048857233456106544381296192404,1,1001,1,1001,1639.88,0,0
202801746,AUS / Randwick (AUS) 3rd Sep,TO BE PLACED,03-09-2022 03:50,48048550,2. Shihonka,0,4.6,1,2.15981749217999556661165981133469618975,1,1001,1,1001,812.02,0,0
202801746,AUS / Randwick (AUS) 3rd Sep,TO BE PLACED,03-09-2022 03:50,4564229,12. Ten Bells,0,7,1,2.84540297548967141175211388205073316922,1,1001,1,1001,560.58,0,0
202801754,AUS / Randwick (AUS) 3rd Sep,TO BE PLACED,03-09-2022 05:00,2445190,4. Malkovich,0,3.2642506088517242,1,2.5308311837202636858698767555173402121,1,1001,1,1001,2512.08,0,0
202801754,AUS / Randwick (AUS) 3rd Sep,TO BE PLACED,03-09-2022 05:00,48048556,8. Andermatt,0,1.3934522322777956,1,1.34800290551859247972288734727098929596,1,1001,1,1001,8452.88,0,0
202801754,AUS / Randwick (AUS) 3rd Sep,TO BE PLACED,03-09-2022 05:00,39065517,3. Shelby Sixtysix,0,5.8,1,4.29982554704133409617422785807407685309,1,1001,1,1001,2132.38,0,0
202801762,AUS / Randwick (AUS) 3rd Sep,TO BE PLACED,03-09-2022 06:15,27473235,7. Nimalee,1,2.248461116204526,1,1.50669271051112040300260836668458674313,1,1001,1,1001,5022.3,0,0
202801766,AUS / Randwick (AUS) 3rd Sep,TO BE PLACED,03-09-2022 06:55,39447883,7. Crystal Pegasus,0,7.2,1,5.07449729825493843564531845159004340508,1,1001,1,1001,677.34,0,0
202801770,AUS / Randwick (AUS) 3rd Sep,TO BE PLACED,03-09-2022 07:35,37455587,8. Ita,1,3.85,1,2.62451259658519112354375970116158084159,1,1001,1,1001,1172.54,0,0
202801738,AUS / Randwick (AUS) 3rd Sep,TO BE PLACED,03-09-2022 02:40,39088312,10. Xtra Approval,0,7.4969614,1,4.36391424326045425599660369348333687115,1,1001,1,1001,659.54,0,0
202804170,AUS / Doomben (AUS) 3rd Sep,TO BE PLACED,03-09-2022 07:07,11084531,2. Redouble,0,11,1,5.81504267629031334135303889557197685742,1,1001,1,1001,1396.56,0,0
202804170,AUS / Doomben (AUS) 3rd Sep,TO BE PLACED,03-09-2022 07:07,24168997,8. Invinciano,0,7.333482347,1,2.90378487611535232442353124938985102603,1,1001,1,1001,1024.34,0,0
202804150,AUS / Doomben (AUS) 3rd Sep,TO BE PLACED,03-09-2022 03:58,39670449,1. Ice In Vancouver,0,2.615845341,1,2.00116250981460413094684891117983559537,1,1001,1,1001,9985.12,0,0
202804150,AUS / Doomben (AUS) 3rd Sep,TO BE PLACED,03-09-2022 03:58,46472247,3. Proper Rogue,1,2.12,1,1.71777101500165818068317044146622188408,1,1001,1,1001,5126.1,0,0
202804150,AUS / Doomben (AUS) 3rd Sep,TO BE PLACED,03-09-2022 03:58,47841855,8. Fetch,1,1.8050925575595826,1,1.40686537531022211122730891098381381991,1,1001,1,1001,6406.7,0,0
202804154,AUS / Doomben (AUS) 3rd Sep,TO BE PLACED,03-09-2022 04:33,37263427,5. Superare,0,3.4495002462380224,1,2.38738768581011138255144714504575379901,1,1001,1,1001,2898.12,0,0
202804158,AUS / Doomben (AUS) 3rd Sep,TO BE PLACED,03-09-2022 05:08,48048628,10. Sheppey,1,3.533228333758306,1,2.75406177178161936904910459065965158695,1,1001,1,1001,3445.91,0,0
202804162,AUS / Doomben (AUS) 3rd Sep,TO BE PLACED,03-09-2022 05:47,36995537,4. Stubai,0,2.6571874707018646,1,2.0598615137391824292219890983444645536,1,1001,1,1001,3746.22,0,0
202804356,AUS / Moonee Valley (AUS) 3rd Sep,TO BE PLACED,03-09-2022 04:05,37238365,1. Midnight Blue,1,4.2,1,3.38484399801254246847596922126579558731,1,1001,1,1001,7446.7,0,0
202804380,AUS / Moonee Valley (AUS) 3rd Sep,TO BE PLACED,03-09-2022 06:35,47637352,1. Revolutionary Miss,0,4,1,2.51608972524803534711640194036504947399,1,1001,1,1001,3005.62,0,0
202804386,AUS / Moonee Valley (AUS) 3rd Sep,TO BE PLACED,03-09-2022 07:15,48048915,17. Kallos,0,3.9391846022774564,1,2.66470628387670900412587978318906237359,1,1001,1,1001,3955.52,0,0
202804386,AUS / Moonee Valley (AUS) 3rd Sep,TO BE PLACED,03-09-2022 07:15,48048911,3. Oxley Road,0,5.974778435,1,4.25162735423310668511944160298453577231,1,1001,1,1001,2659.04,0,0
202804398,AUS / Moonee Valley (AUS) 3rd Sep,TO BE PLACED,03-09-2022 08:25,48048924,15. Unusual Culture,0,2.2974349121155684,1,1.74256063910119337468860048412479975159,1,1001,1,1001,8501.94,0,0
202804398,AUS / Moonee Valley (AUS) 3rd Sep,TO BE PLACED,03-09-2022 08:25,23597918,9. Pythagoras,0,32,1,12.4431564868479714667855550601872492198,1,1001,1,1001,538.32,0,0
202804974,AUS / Morphettville (AUS) 3rd Sep,TO BE PLACED,03-09-2022 04:17,26396604,5. Lope De Wolf,0,4.410853472424574,1,2.26617874477499961721608917333986617874,1,1001,1,1001,1306.22,0,0
202804974,AUS / Morphettville (AUS) 3rd Sep,TO BE PLACED,03-09-2022 04:17,48048943,2. Toby Xpress,0,5.913565558212578,1,3.00133850052168728573557907288716649277,1,1001,1,1001,1341.8,0,0
202804974,AUS / Morphettville (AUS) 3rd Sep,TO BE PLACED,03-09-2022 04:17,10959388,11. Bickering,0,12.968807996152535,1,3.75870697579409661934429578184046573384,1,1001,1,1001,587.46,0,0
202804974,AUS / Morphettville (AUS) 3rd Sep,TO BE PLACED,03-09-2022 04:17,24427565,4. Magic Phantom,1,2.6750281182350584,1,1.90196614416277367304891210010339388542,1,1001,1,1001,2650.06,0,0
202804974,AUS / Morphettville (AUS) 3rd Sep,TO BE PLACED,03-09-2022 04:17,39811168,10. Skara Brae,0,5.9,1,1.84293954283272804956205938901944029054,1,1001,1,1001,1217.06,0,0
202804980,AUS / Morphettville (AUS) 3rd Sep,TO BE PLACED,03-09-2022 04:52,35709580,2. Trumpsta,0,2.16,1,1.43864584798348306958375760166969514562,1,1001,1,1001,3555.14,0,0
202804980,AUS / Morphettville (AUS) 3rd Sep,TO BE PLACED,03-09-2022 04:52,22845141,1. Harbouring,0,12.5,1,4.16974959104064426827733736001006669183,1,1001,1,1001,635.76,0,0
202804980,AUS / Morphettville (AUS) 3rd Sep,TO BE PLACED,03-09-2022 04:52,28161568,5. Moscow Red,1,3.25,1,2.15143406346269720706423497661945295461,1,1001,1,1001,2356.66,0,0
202805004,AUS / Morphettville (AUS) 3rd Sep,TO BE PLACED,03-09-2022 07:27,48048956,8. The Snow Burner,0,10.5,1,4.58733056013770350713619737502689521624,1,1001,1,1001,557.72,0,0
202805010,AUS / Morphettville (AUS) 3rd Sep,TO BE PLACED,03-09-2022 08:04,48048960,8. Hansom Man,0,7.363237276745785,1,3.07846281334162005386368344727574062565,1,1001,1,1001,965.4,0,0
202805010,AUS / Morphettville (AUS) 3rd Sep,TO BE PLACED,03-09-2022 08:04,48048963,12. Charm Slinga,0,4.4,1,2.66335438499377256658321486532388944104,1,1001,1,1001,1589.74,0,0
202804962,AUS / Morphettville (AUS) 3rd Sep,TO BE PLACED,03-09-2022 03:09,39595173,7. Whosezou,0,57.902886344170085,1,18.0810455367417392733848430050961696531,1,1001,1,1001,121.66,0,0
202804998,AUS / Morphettville (AUS) 3rd Sep,TO BE PLACED,03-09-2022 06:47,48048949,2. Cheeky Grace,1,6.8,1,2.77042956136850125167797409570801436709,1,1001,1,1001,1102.52,0,0
202805016,AUS / Morphettville (AUS) 3rd Sep,TO BE PLACED,03-09-2022 08:40,48048968,12. Hope At Hand,1,2.6003991584550388,1,1.86013640815286847987913868747776670078,1,1001,1,1001,4553.98,0,0
202808741,AUS / Belmont (AUS) 3rd Sep,TO BE PLACED,03-09-2022 05:43,42901761,3. Strike Now,0,1.6104531663785928,1,1.27784639337323901082290344035310478264,1,1001,1,1001,6615.6,0,0
202808741,AUS / Belmont (AUS) 3rd Sep,TO BE PLACED,03-09-2022 05:43,47413471,1. Lets Galahvant,1,1.45,1,1.2057760694343062883260800601205490928,1,1001,1,1001,6493.62,0,0
202808741,AUS / Belmont (AUS) 3rd Sep,TO BE PLACED,03-09-2022 05:43,48049931,6. Halatorion,0,12.435197390327232,1,5.22520426570458404074702886247877758913,1,1001,1,1001,753.92,0,0
202808745,AUS / Belmont (AUS) 3rd Sep,TO BE PLACED,03-09-2022 06:23,48049934,9. The Great Hoya,0,2.3950993142606247,1,1.50857391959031617675782984057986455148,1,1001,1,1001,5631.66,0,0
202808757,AUS / Belmont (AUS) 3rd Sep,TO BE PLACED,03-09-2022 08:15,16099916,2. Bold Success,0,4.214208596284734,1,1.53803198201298552320646064193452176108,1,1001,1,1001,871.74,0,0
202808761,AUS / Belmont (AUS) 3rd Sep,TO BE PLACED,03-09-2022 08:50,48049942,5. Gemmas Son,0,2.659102040494764,1,2.11255013189233487847978077701231848798,1,1001,1,1001,4685.64,0,0
202808765,AUS / Belmont (AUS) 3rd Sep,TO BE PLACED,03-09-2022 09:25,27945107,2. Eeyore Wayz,0,7.6,1,4.26154387075224583794806884306383277957,1,1001,1,1001,1137.66,0,0
202841075,AUS / Gold Coast (AUS) 3rd Sep,TO BE PLACED,03-09-2022 06:04,48073362,10. Magic Mikey,0,2.747430344559834,1,1.39173136146739314359199972926325763985,1,1001,1,1001,1181.96,0,0
202841078,AUS / Gold Coast (AUS) 3rd Sep,TO BE PLACED,03-09-2022 06:44,41930832,7. Prince Amongst Men,0,1.565357583189853,1,1.17960052415441720717806446660708705021,1,1001,1,1001,3647.78,0,0
202841069,AUS / Gold Coast (AUS) 3rd Sep,TO BE PLACED,03-09-2022 04:49,41320667,8. My Zebrinka,0,2.4267499625393247,1,1.36705873280836085205211017164422832674,1,1001,1,1001,2204.56,0,0
202841063,AUS / Gold Coast (AUS) 3rd Sep,TO BE PLACED,03-09-2022 03:39,48073341,6. Regimental Music,0,2.7735,1,2.16220853419032315657918228887698625245,1,1001,1,1001,4032.72,0,0
202841081,AUS / Gold Coast (AUS) 3rd Sep,TO BE PLACED,03-09-2022 07:24,48073366,15. Alberts In Charge,0,5,1,3.46182195691668829483519335582662860109,1,1001,1,1001,1464.14,0,0
202841370,AUS / Grafton (AUS) 3rd Sep,TO BE PLACED,03-09-2022 07:46,39967800,9. Beyond The Sea,1,5.4,1,2.58262363480181617376365198183826236348,1,1001,1,1001,325.96,0,0
202841360,AUS / Grafton (AUS) 3rd Sep,TO BE PLACED,03-09-2022 04:36,47871157,14. Orbital Speed,0,1.901617401304902,1,1.5405730364112709191038870769395284179,1,1001,1,1001,1496.24,0,0
202841364,AUS / Grafton (AUS) 3rd Sep,TO BE PLACED,03-09-2022 05:51,16396133,18. Budawang,0,14.5,1,1.41809192944949225013361838588989845003,1,1001,1,1001,149.68,0,0
202841364,AUS / Grafton (AUS) 3rd Sep,TO BE PLACED,03-09-2022 05:51,28339510,14. Northern Star,0,7.2,1,4.650349097615597417994994071927282308,1,1001,1,1001,151.82,0,0
202841364,AUS / Grafton (AUS) 3rd Sep,TO BE PLACED,03-09-2022 05:51,39679004,16. Moringas Hiemie,1,7.4,1,2.38841614906832298136645962732919254658,1,1001,1,1001,128.8,0,0
202841366,AUS / Grafton (AUS) 3rd Sep,TO BE PLACED,03-09-2022 06:31,26622716,10. Untamed Mistress,0,3.4282844452455175,1,2.59010780443364713027634375948982690556,1,1001,1,1001,395.16,0,0
202841368,AUS / Grafton (AUS) 3rd Sep,TO BE PLACED,03-09-2022 07:11,35523986,14. Yambas Star,0,20,1,2.66406791406791406791406791406791406791,1,1001,1,1001,115.44,0,0
202841400,AUS / Hawkesbury (AUS) 3rd Sep,TO BE PLACED,03-09-2022 06:40,42571361,1. Highly Ambitious,1,2.08,1,1.651695739411796605267439127998409284,1,1001,1,1001,1106.42,0,0
202841394,AUS / Hawkesbury (AUS) 3rd Sep,TO BE PLACED,03-09-2022 04:45,48073694,10. Kapakiri,1,1.65,1,1.39839671154179495010358973512393624485,1,1001,1,1001,2423.02,0,0
202841394,AUS / Hawkesbury (AUS) 3rd Sep,TO BE PLACED,03-09-2022 04:45,48073688,2. Makanui,0,8,1,4.6871038946462643570653597216506416252,1,1001,1,1001,534.58,0,0
202841451,AUS / Darwin (AUS) 3rd Sep,TO BE PLACED,03-09-2022 07:26,46603015,4. Gooseontheroof,1,16.5,1,1.56240411169070266953053083768027002148,1,1001,1,1001,260.72,0,0
202841453,AUS / Darwin (AUS) 3rd Sep,TO BE PLACED,03-09-2022 08:05,12173442,5. The Mistral,0,2.08,1,1.38610168434741558221770925188609500396,1,1001,1,1001,2245.38,0,0
202841453,AUS / Darwin (AUS) 3rd Sep,TO BE PLACED,03-09-2022 08:05,21335458,4. Kent Street,1,8.826586492269794,1,1.8993477297194604521562915584826800076,1,1001,1,1001,315.82,0,0
202841453,AUS / Darwin (AUS) 3rd Sep,TO BE PLACED,03-09-2022 08:05,26515997,6. Miroku,0,2.1362602463658553,1,1.3797464892516544091598293868412475733,1,1001,1,1001,2822.76,0,0
202841457,AUS / Darwin (AUS) 3rd Sep,TO BE PLACED,03-09-2022 09:20,2171931,4. Precautionary,0,1.923958535752608,1,1.12132445093995875793309175358866043364,1,1001,1,1001,1997.96,0,0
202841471,AUS / Mildura (AUS) 3rd Sep,TO BE PLACED,03-09-2022 06:11,22659725,9. Good Luck Chuck,0,9.590068078599867,1,2.51695866352538016705932747911758406511,1,1001,1,1001,466.9,0,0
202841465,AUS / Mildura (AUS) 3rd Sep,TO BE PLACED,03-09-2022 04:56,48073748,7. Le Joke,0,3.6,1,1.45795837669094693028095733610822060354,1,1001,1,1001,961,0,0
202841465,AUS / Mildura (AUS) 3rd Sep,TO BE PLACED,03-09-2022 04:56,46862216,2. Del Viento,0,3.6410231168151954,1,2.62508904390644234714813295034878949528,1,1001,1,1001,2437,0,0
202841465,AUS / Mildura (AUS) 3rd Sep,TO BE PLACED,03-09-2022 04:56,28255873,5. Kumana,0,16.5,1,2.3577592620145811635173337300996875465,1,1001,1,1001,268.84,0,0
202841468,AUS / Mildura (AUS) 3rd Sep,TO BE PLACED,03-09-2022 05:31,24264919,6. Toojay,0,3.55,1,1.94876167836806899220520758471999557742,1,1001,1,1001,1085.34,0,0
202841468,AUS / Mildura (AUS) 3rd Sep,TO BE PLACED,03-09-2022 05:31,40470324,7. Diamondsandpearls,0,2.92,1,1.31350990744217897457421193311095893437,1,1001,1,1001,905.38,0,0
202841459,AUS / Mildura (AUS) 3rd Sep,TO BE PLACED,03-09-2022 03:46,42572276,7. Hostess Deb,0,6.282087106,1,1.54581132075471698113207547169811320755,1,1001,1,1001,530,0,0
202841474,AUS / Mildura (AUS) 3rd Sep,TO BE PLACED,03-09-2022 06:51,48073755,6. Princess Pancakes,1,1.970920866611959,1,1.41511764226348295633203029467824520677,1,1001,1,1001,5152.06,0,0
202841474,AUS / Mildura (AUS) 3rd Sep,TO BE PLACED,03-09-2022 06:51,48073754,4. Inka Dinka,0,8.4,1,3.05636672325976230899830220713073005093,1,1001,1,1001,706.8,0,0
202841477,AUS / Mildura (AUS) 3rd Sep,TO BE PLACED,03-09-2022 07:31,17970724,11. Savvy Acquisition,1,14,1,1.43917014613778705636743215031315240084,1,1001,1,1001,383.2,0,0
202841477,AUS / Mildura (AUS) 3rd Sep,TO BE PLACED,03-09-2022 07:31,44416739,12. Hubble,0,4.107850237,1,1.54245002562788313685289595079446437724,1,1001,1,1001,975.5,0,0
202841517,AUS / Birdsville (AUS) 3rd Sep,TO BE PLACED,03-09-2022 08:27,19769668,3. Jochberg,0,1.762869593471878,1,1.5246227081137031984525283215251244119,1,1001,1,1001,10453.18,0,0
202841517,AUS / Birdsville (AUS) 3rd Sep,TO BE PLACED,03-09-2022 08:27,25088304,8. Magnossiva,1,3.4326897302019646,1,2.05713357991924781884405793827822796962,1,1001,1,1001,1416.68,0,0
202841517,AUS / Birdsville (AUS) 3rd Sep,TO BE PLACED,03-09-2022 08:27,17103393,4. Saccharo,1,2.96,1,1.9345644611464671731567986410862002769,1,1001,1,1001,1719.02,0,0
202841520,AUS / Birdsville (AUS) 3rd Sep,TO BE PLACED,03-09-2022 08:57,13042411,5. Sons Of Bourke,0,3.235538323860092,1,1.30489715116046551930998626904669857225,1,1001,1,1001,1500.26,0,0
202841538,AUS / Toowoomba (AUS) 3rd Sep,TO BE PLACED,03-09-2022 10:52,42351457,7. Anthropica,0,4.2817461813037525,1,1.26825362266250574545806420398190483102,1,1001,1,1001,826.74,0,0
202841523,AUS / Toowoomba (AUS) 3rd Sep,TO BE PLACED,03-09-2022 07:48,48074208,6. Whyteepee,0,1.5503466527882843,1,1.17954720414304709916719154594443278046,1,1001,1,1001,2857.8,0,0
202841523,AUS / Toowoomba (AUS) 3rd Sep,TO BE PLACED,03-09-2022 07:48,6972221,5. St Moritz,0,2.02,1,1.31780116739237122659733316626465766584,1,1001,1,1001,1915.38,0,0
202841526,AUS / Toowoomba (AUS) 3rd Sep,TO BE PLACED,03-09-2022 08:20,31556587,12. Dream Candy,0,6.113101618,1,2.02041733547351524879614767255216693419,1,1001,1,1001,809.9,0,0
202841529,AUS / Toowoomba (AUS) 3rd Sep,TO BE PLACED,03-09-2022 09:00,43691857,5. Runamigo,0,2.583480252153823,1,1.79981903489665247461553141225166652409,1,1001,1,1001,3039.26,0,0
202841532,AUS / Toowoomba (AUS) 3rd Sep,TO BE PLACED,03-09-2022 09:40,23036623,4. Jetski,0,1.95,1,1.21058250449370880766926303175554224086,1,1001,1,1001,1669,0,0
202841532,AUS / Toowoomba (AUS) 3rd Sep,TO BE PLACED,03-09-2022 09:40,40198355,8. Tango Tino,0,5.7777176185284045,1,1.64668732699482488867493079792995546997,1,1001,1,1001,664.72,0,0
202841535,AUS / Toowoomba (AUS) 3rd Sep,TO BE PLACED,03-09-2022 10:15,40786195,10. Royal Rift,0,7.7638632697972945,1,2.84757471052145702001951837100730620104,1,1001,1,1001,758.26,0,0
202843508,AUS / Melton (AUS) 3rd Sep,TO BE PLACED,03-09-2022 08:32,36331509,3. Arden Roanoke,1,2.638776729717719,1,1.15859700891958956475085507343571859701,1,1001,1,1001,894.66,0,0
202843514,AUS / Melton (AUS) 3rd Sep,TO BE PLACED,03-09-2022 09:32,39967698,3. A Perfect Dance,0,2.54,1,1.59235489009238611022618668365721567378,1,1001,1,1001,627.8,0,0
202843520,AUS / Melton (AUS) 3rd Sep,TO BE PLACED,03-09-2022 10:32,28647122,9. Khaki Nui,0,10.18780099,1,1.60439396203855925870572410700941563294,1,1001,1,1001,267.64,0,0
202843523,AUS / Melton (AUS) 3rd Sep,TO BE PLACED,03-09-2022 11:07,47414744,11. Dougs Babe,0,2.6257869638422564,1,1.1019740700725420589597160055564130267,1,1001,1,1001,1036.64,0,0
202843526,AUS / Melton (AUS) 3rd Sep,TO BE PLACED,03-09-2022 11:42,28719522,4. Tango Tara,1,1.781740264404216,1,1.33476058092209149745346173520450147899,1,1001,1,1001,899.26,0,0
202843526,AUS / Melton (AUS) 3rd Sep,TO BE PLACED,03-09-2022 11:42,10610718,10. Honolua Bay,1,1.3719978035299685,1,1.16255730056690265006645509534271842027,1,1001,1,1001,1474.68,0,0
202843557,AUS / Albion Park (AUS) 3rd Sep,TO BE PLACED,03-09-2022 09:12,27691537,2. Jenden Strike,0,14.5,1,8.45037505868442558814835422788683903949,1,1001,1,1001,1150.22,0,0
202843557,AUS / Albion Park (AUS) 3rd Sep,TO BE PLACED,03-09-2022 09:12,28286321,3. Mistery Road,1,2.644880446880797,1,1.0479969058753208396329242994268837242,1,1001,1,1001,568.82,0,0
202843563,AUS / Albion Park (AUS) 3rd Sep,TO BE PLACED,03-09-2022 10:10,9554624,5. Jumping Jack Jimmy,1,4.737998197786511,1,1.13755223075886238037471357325785146246,1,1001,1,1001,296.76,0,0
202843554,AUS / Albion Park (AUS) 3rd Sep,TO BE PLACED,03-09-2022 08:44,28499361,10. Blacksadance,1,1.2238947213752907,1,1.04346376018068578468277325302854014099,1,1001,1,1001,2922.2,0,0
202843554,AUS / Albion Park (AUS) 3rd Sep,TO BE PLACED,03-09-2022 08:44,15328681,2. Aphorism,0,2.876360582307872,1,1.1791941474395047833427124366910523354,1,1001,1,1001,710.8,0,0
202854736,AUS / Hobart (AUS) 3rd Sep,TO BE PLACED,03-09-2022 14:02,34337350,8. Miss Tyler,0,26.88900281818584,1,1,1,1001,1,1001,0,0,0
202854736,AUS / Hobart (AUS) 3rd Sep,TO BE PLACED,03-09-2022 14:02,8618804,2. Baby You A Song,1,1.32473981,1,1,1,1001,1,1001,0,0,0
202854720,AUS / Hobart (AUS) 3rd Sep,TO BE PLACED,03-09-2022 09:35,48031091,3. Areyawatchingthis,0,19.989959954536513,1,1.34846203484620348462034846203484620348,1,1001,1,1001,92.98,0,0
202854732,AUS / Hobart (AUS) 3rd Sep,TO BE PLACED,03-09-2022 13:02,21926695,10. Cool Scooter,0,6.6686497525279025,1,1,1,1001,1,1001,0,0,0
202854732,AUS / Hobart (AUS) 3rd Sep,TO BE PLACED,03-09-2022 13:02,9437643,5. Streetside Classic,0,11.74721392418778,1,1,1,1001,1,1001,0,0,0
202854728,AUS / Hobart (AUS) 3rd Sep,TO BE PLACED,03-09-2022 11:49,19742234,5. Young Rooster,0,2.7258840138529195,1,1.0794406810933340362160309971269669733,1,1001,1,1001,758.78,0,0
202854722,AUS / Hobart (AUS) 3rd Sep,TO BE PLACED,03-09-2022 10:06,6548539,6. Proficient,0,8.2,1,2.03629536921151439299123904881101376721,1,1001,1,1001,15.98,0,0
202854724,AUS / Hobart (AUS) 3rd Sep,TO BE PLACED,03-09-2022 10:37,48031100,5. Mayleejae Eagle,1,5.9721550492837245,1,1.03790186125211505922165820642978003384,1,1001,1,1001,295.5,0,0
202854734,AUS / Hobart (AUS) 3rd Sep,TO BE PLACED,03-09-2022 13:35,42140288,7. Iylac Beach,1,4.958869939392092,1,1,1,1001,1,1001,0,0,0
202854734,AUS / Hobart (AUS) 3rd Sep,TO BE PLACED,03-09-2022 13:35,4448711,8. The Democrat,0,10.24823855948316,1,1,1,1001,1,1001,0,0,0
202854734,AUS / Hobart (AUS) 3rd Sep,TO BE PLACED,03-09-2022 13:35,38858954,2. Equity Stride,0,3.137796748195175,1,1,1,1001,1,1001,0,0,0
202854726,AUS / Hobart (AUS) 3rd Sep,TO BE PLACED,03-09-2022 11:14,39161156,8. Hez A Fake,0,8.239382239604309,1,1.01029866117404737384140061791967044284,1,1001,1,1001,174.78,0,0
202854730,AUS / Hobart (AUS) 3rd Sep,TO BE PLACED,03-09-2022 12:28,41911456,4. Gordievsky Leis,1,9.945104524581742,1,1,1,1001,1,1001,0,0,0
202854761,AUS / Globe Derby (AUS) 3rd Sep,TO BE PLACED,03-09-2022 11:37,12624788,2. Im Jimmy James,0,1.9106942233044544,1,1.10190161667573809558834345900939996175,1,1001,1,1001,1359.58,0,0
202854765,AUS / Globe Derby (AUS) 3rd Sep,TO BE PLACED,03-09-2022 12:47,18133869,5. Steinman,0,5.9,1,1,1,1001,1,1001,0,0,0
202854757,AUS / Globe Derby (AUS) 3rd Sep,TO BE PLACED,03-09-2022 10:25,8069289,1. Sutter Man,0,3.2405832421510494,1,1.64950965096063834529487808139794053403,1,1001,1,1001,897.32,0,0
202854891,AUS / Northam (AUS) 3rd Sep,TO BE PLACED,03-09-2022 13:20,21570887,5. Cracka Tinny,0,3.318366061,1,1,1,1001,1,1001,0,0,0
202854891,AUS / Northam (AUS) 3rd Sep,TO BE PLACED,03-09-2022 13:20,25284510,8. Brewery Lane,1,11.597530992151919,1,1,1,1001,1,1001,0,0,0
202854893,AUS / Northam (AUS) 3rd Sep,TO BE PLACED,03-09-2022 13:50,11134394,1. Cavalry Call,1,1.6567077432188724,1,1,1,1001,1,1001,0,0,0
202854893,AUS / Northam (AUS) 3rd Sep,TO BE PLACED,03-09-2022 13:50,24034151,4. Rockinthebox,1,1.7,1,1,1,1001,1,1001,0,0,0
202854883,AUS / Northam (AUS) 3rd Sep,TO BE PLACED,03-09-2022 11:24,39679024,3. Hilo Louisa,1,7.026608828142505,1,1.41353965183752417794970986460348162476,1,1001,1,1001,62.04,0,0
202854883,AUS / Northam (AUS) 3rd Sep,TO BE PLACED,03-09-2022 11:24,48062049,2. Takethecannoli,0,5.166010220799871,1,1.24539877300613496932515337423312883436,1,1001,1,1001,107.58,0,0
202854883,AUS / Northam (AUS) 3rd Sep,TO BE PLACED,03-09-2022 11:24,48062050,8. Extraordinary Mary,0,1.8862024172101148,1,1.14170057782149004179985247110892549791,1,1001,1,1001,650.72,0,0
202854881,AUS / Northam (AUS) 3rd Sep,TO BE PLACED,03-09-2022 10:47,48062046,3. Sanford Bart,0,63.36280605729669,1,1.80575539568345323741007194244604316547,1,1001,1,1001,38.92,0,0
202854887,AUS / Northam (AUS) 3rd Sep,TO BE PLACED,03-09-2022 12:25,27408241,3. General Jolt,0,1.1262316786570756,1,1,1,1001,1,1001,0,0,0
202801746,AUS / Randwick (AUS) 3rd Sep,TO BE PLACED,03-09-2022 03:50,39800399,11. Duchy Of Savoy,0,2.602945515659303,1,2.06769954928585366782319821427721537663,1,1001,1,1001,4202.22,0,0
202801758,AUS / Randwick (AUS) 3rd Sep,TO BE PLACED,03-09-2022 05:35,43988515,3. Paris Dior,0,1.628912791,1,1.43613235985284345979936145730353467417,1,1001,1,1001,7404.36,0,0
202801758,AUS / Randwick (AUS) 3rd Sep,TO BE PLACED,03-09-2022 05:35,48048560,11. Madame Pommery,0,7.915317121677801,1,3.61872834340029916876526612765796300153,1,1001,1,1001,1056.26,0,0
202801758,AUS / Randwick (AUS) 3rd Sep,TO BE PLACED,03-09-2022 05:35,47637354,5. Willinga Beast,1,2.12,1,1.89630872197257975175596437924241977299,1,1001,1,1001,6102.06,0,0
202801766,AUS / Randwick (AUS) 3rd Sep,TO BE PLACED,03-09-2022 06:55,41133888,3. Knights Order,1,2.6619188026049594,1,2.05761786511835640911121036176864671728,1,1001,1,1001,2239,0,0
202801770,AUS / Randwick (AUS) 3rd Sep,TO BE PLACED,03-09-2022 07:35,40187521,2. War Eternal,0,4.119825783,1,2.20702120822622107969151670951156812339,1,1001,1,1001,871.36,0,0
202801774,AUS / Randwick (AUS) 3rd Sep,TO BE PLACED,03-09-2022 08:10,39307997,5. Regal Lion,0,14,1,7.38657700246354617484519608495905186763,1,1001,1,1001,600.76,0,0
202801738,AUS / Randwick (AUS) 3rd Sep,TO BE PLACED,03-09-2022 02:40,44735826,1. Jalmari,0,14,1,6.96464889377490724199532774494984196784,1,1001,1,1001,582.16,0,0
202801738,AUS / Randwick (AUS) 3rd Sep,TO BE PLACED,03-09-2022 02:40,48048538,14. Moskeeta,0,8.2,1,3.9844695999590226911847564411207293961,1,1001,1,1001,390.46,0,0
202801750,AUS / Randwick (AUS) 3rd Sep,TO BE PLACED,03-09-2022 04:25,47637347,10. Chalk Stream,0,2.2907145244602365,1,1.78943133964995394130806685090143439926,1,1001,1,1001,2431.68,0,0
202801750,AUS / Randwick (AUS) 3rd Sep,TO BE PLACED,03-09-2022 04:25,20267956,4. Attorney,0,7.685703672561795,1,4.1549969236178254372857519557000966863,1,1001,1,1001,796.39,0,0
202804142,AUS / Doomben (AUS) 3rd Sep,TO BE PLACED,03-09-2022 02:48,48048618,2. Lammer,1,1.28,1,1.18091322496912214421114508959531845472,1,1001,1,1001,12112.24,0,0
202804170,AUS / Doomben (AUS) 3rd Sep,TO BE PLACED,03-09-2022 07:07,7619038,7. Bonaparte,1,2.12,1,1.92499385800515069958204166466978264653,1,1001,1,1001,7929.02,0,0
202804170,AUS / Doomben (AUS) 3rd Sep,TO BE PLACED,03-09-2022 07:07,31550706,6. Snippy Fox,1,1.540899344,1,1.41995487778176556761673878546969768791,1,1001,1,1001,8860.38,0,0
202804166,AUS / Doomben (AUS) 3rd Sep,TO BE PLACED,03-09-2022 06:27,17365807,2. Slow Hands,0,1.8550523634526412,1,1.4539130506313494838152428741825360918,1,1001,1,1001,9725.2,0,0
202804158,AUS / Doomben (AUS) 3rd Sep,TO BE PLACED,03-09-2022 05:08,39000389,6. Sergeant Silva,0,4.187769276192849,1,2.03492923318345052358390922533723632194,1,1001,1,1001,1325.48,0,0
202804162,AUS / Doomben (AUS) 3rd Sep,TO BE PLACED,03-09-2022 05:47,28500178,6. Vendidit,0,3.65,1,2.26024140687450039968025579536370903277,1,1001,1,1001,2251.8,0,0
202804162,AUS / Doomben (AUS) 3rd Sep,TO BE PLACED,03-09-2022 05:47,41420339,8. Za Ceibas,1,1.945577798,1,1.37397329307448595547428182610729549852,1,1001,1,1001,5643.48,0,0
202804350,AUS / Moonee Valley (AUS) 3rd Sep,TO BE PLACED,03-09-2022 03:30,48048887,7. Elegant Diva,0,1.856032168,1,1.62561584631891983159133120189977178774,1,1001,1,1001,7344.04,0,0
202804350,AUS / Moonee Valley (AUS) 3rd Sep,TO BE PLACED,03-09-2022 03:30,47441319,5. Red Sun Sensation,1,1.6464452821914892,1,1.29277767081554299693081305140605003568,1,1001,1,1001,5297.82,0,0
202804356,AUS / Moonee Valley (AUS) 3rd Sep,TO BE PLACED,03-09-2022 04:05,48048888,4. Desert Icon,1,1.677054233,1,1.3993303483540047142454280864739466109,1,1001,1,1001,7517.64,0,0
202804362,AUS / Moonee Valley (AUS) 3rd Sep,TO BE PLACED,03-09-2022 04:40,42471785,5. Sir Bailey,0,7.2297038374664995,1,5.09234161467617349970291146761734997029,1,1001,1,1001,2154.24,0,0
202804362,AUS / Moonee Valley (AUS) 3rd Sep,TO BE PLACED,03-09-2022 04:40,48048894,11. Meridius,1,2.772774339564057,1,2.38169167951529050803071273059728668056,1,1001,1,1001,5162.68,0,0
202804374,AUS / Moonee Valley (AUS) 3rd Sep,TO BE PLACED,03-09-2022 05:55,8252798,5. Away Game,0,2.809632447623735,1,1.68676493860919274183564165639449447456,1,1001,1,1001,3715.54,0,0
202804380,AUS / Moonee Valley (AUS) 3rd Sep,TO BE PLACED,03-09-2022 06:35,42769973,7. Mumbai Jewel,0,5.932253082,1,3.99084619647964936645155536302421435533,1,1001,1,1001,3139.46,0,0
202804380,AUS / Moonee Valley (AUS) 3rd Sep,TO BE PLACED,03-09-2022 06:35,48048899,3. Imlovinya,1,1.676687756,1,1.49104900536579996310140447217179241904,1,1001,1,1001,12900.22,0,0
202804386,AUS / Moonee Valley (AUS) 3rd Sep,TO BE PLACED,03-09-2022 07:15,36306661,10. Aysar,1,6.6,1,6.07628137430914915337768859788080402718,1,1001,1,1001,2272.56,0,0
202804386,AUS / Moonee Valley (AUS) 3rd Sep,TO BE PLACED,03-09-2022 07:15,39530039,7. Corner Pocket,1,2.76,1,2.22784600851649887731709685678215243179,1,1001,1,1001,6796.22,0,0
202804386,AUS / Moonee Valley (AUS) 3rd Sep,TO BE PLACED,03-09-2022 07:15,48048913,11. Felicia,0,7.459748411391772,1,4.44640423465423465423465423465423465423,1,1001,1,1001,2059.2,0,0
202804392,AUS / Moonee Valley (AUS) 3rd Sep,TO BE PLACED,03-09-2022 07:50,11726880,3. So Si Bon,1,3.25,1,2.1653788797104962836379547886965828391,1,1001,1,1001,3382.34,0,0
202804398,AUS / Moonee Valley (AUS) 3rd Sep,TO BE PLACED,03-09-2022 08:25,27994104,7. Unanimous,0,4.9,1,2.88453066343817230056353485293221032828,1,1001,1,1001,2296.22,0,0
202804398,AUS / Moonee Valley (AUS) 3rd Sep,TO BE PLACED,03-09-2022 08:25,48048919,1. Hes Our Bonneval,0,3.131756435759966,1,2.01756353678445415767023013323503080731,1,1001,1,1001,3797.8,0,0
202804980,AUS / Morphettville (AUS) 3rd Sep,TO BE PLACED,03-09-2022 04:52,28273559,10. Scouts Honour,0,31.079899468287763,1,10.0623438429506246281975014872099940512,1,1001,1,1001,168.1,0,0
202805004,AUS / Morphettville (AUS) 3rd Sep,TO BE PLACED,03-09-2022 07:27,48048957,11. Sea Of Secrets,1,3.677771397624165,1,3.0112522343917579381845363840228801716,1,1001,1,1001,4307.66,0,0
202805010,AUS / Morphettville (AUS) 3rd Sep,TO BE PLACED,03-09-2022 08:04,42343092,1. Run And Tell,1,2.7416258672409723,1,1.9434914331265246537715372351664393692,1,1001,1,1001,4164.88,0,0
202805010,AUS / Morphettville (AUS) 3rd Sep,TO BE PLACED,03-09-2022 08:04,40022356,6. Go Bundle,0,3.903786542706076,1,2.29450928036470205144903940084662976229,1,1001,1,1001,1535.5,0,0
202804962,AUS / Morphettville (AUS) 3rd Sep,TO BE PLACED,03-09-2022 03:09,4294112,4. Smiling Assassin,1,2.286012081,1,1.8240618107827373753183739097027561576,1,1001,1,1001,4216.74,0,0
202804962,AUS / Morphettville (AUS) 3rd Sep,TO BE PLACED,03-09-2022 03:09,15296178,2. Silent Command,0,3.2641344445206038,1,1.60544721650375019794710853260008925615,1,1001,1,1001,1389.26,0,0
202804962,AUS / Morphettville (AUS) 3rd Sep,TO BE PLACED,03-09-2022 03:09,26188931,6. Hasta La Fiorente,0,6.87152212814719,1,2.98608968958589851597433737282094485127,1,1001,1,1001,1234.48,0,0
202804968,AUS / Morphettville (AUS) 3rd Sep,TO BE PLACED,03-09-2022 03:42,48048942,11. Pretty Reliable,1,1.5,1,1.21900169511719596204670508210216195139,1,1001,1,1001,7385.92,0,0
202804968,AUS / Morphettville (AUS) 3rd Sep,TO BE PLACED,03-09-2022 03:42,48048933,2. Base Of Fire,0,3.2,1,2.28663482268976284291130770946398037321,1,1001,1,1001,2690.2,0,0
202804986,AUS / Morphettville (AUS) 3rd Sep,TO BE PLACED,03-09-2022 05:27,526163,2. Melody Man,0,2.0921530288965546,1,1.53136543716006647329264843715305452259,1,1001,1,1001,8556.82,0,0
202804998,AUS / Morphettville (AUS) 3rd Sep,TO BE PLACED,03-09-2022 06:47,48048950,5. Scenic Host,1,1.9608470661764659,1,1.58176584726276049730855136153699177082,1,1001,1,1001,6071.08,0,0
202808737,AUS / Belmont (AUS) 3rd Sep,TO BE PLACED,03-09-2022 05:04,42394271,2. Cash Away,1,1.564147267418884,1,1.20241968603928561778930588203507065467,1,1001,1,1001,5921.76,0,0
202808753,AUS / Belmont (AUS) 3rd Sep,TO BE PLACED,03-09-2022 07:39,40165447,3. Allez Allez,0,2.7115535921169793,1,1.97352408877393269116422880247354025449,1,1001,1,1001,5381.76,0,0
202808757,AUS / Belmont (AUS) 3rd Sep,TO BE PLACED,03-09-2022 08:15,19431864,1. Bad Wolf,0,32.39482681,1,5.35382928475033738191632928475033738192,1,1001,1,1001,118.56,0,0
202808757,AUS / Belmont (AUS) 3rd Sep,TO BE PLACED,03-09-2022 08:15,36750201,7. Olden,0,4.5,1,1.62975847511369607363519414397274918012,1,1001,1,1001,1103.82,0,0
202808765,AUS / Belmont (AUS) 3rd Sep,TO BE PLACED,03-09-2022 09:25,27543029,5. Em Tee Aye,1,2.4,1,1.72768982391778223096107094172262810405,1,1001,1,1001,3183.74,0,0
202808765,AUS / Belmont (AUS) 3rd Sep,TO BE PLACED,03-09-2022 09:25,45737848,8. Multinational,1,1.44,1,1.30861586068418707291568652166734426125,1,1001,1,1001,11265.34,0,0
202808765,AUS / Belmont (AUS) 3rd Sep,TO BE PLACED,03-09-2022 09:25,39089307,10. Tri For Us,0,2.8,1,2.50159272617828241884669343055063374094,1,1001,1,1001,4119.98,0,0
202841063,AUS / Gold Coast (AUS) 3rd Sep,TO BE PLACED,03-09-2022 03:39,48073339,1. Jakat,0,1.881322563998492753275,1,1.25546535739379294980549414768735112162,1,1001,1,1001,3501.18,0,0
202841081,AUS / Gold Coast (AUS) 3rd Sep,TO BE PLACED,03-09-2022 07:24,48073365,9. Nicci De Rosa,0,1.3057289293724261,1,1.10135701652470565599307338804567419763,1,1001,1,1001,5405.24,0,0
202841072,AUS / Gold Coast (AUS) 3rd Sep,TO BE PLACED,03-09-2022 05:24,506277,4. Expresso Love,1,1.41,1,1.17553584461447910535609181871689228958,1,1001,1,1001,5097,0,0
202841362,AUS / Grafton (AUS) 3rd Sep,TO BE PLACED,03-09-2022 05:11,2176237,10. Diamondsaretrumps,1,4.25439713724205,1,2.56996730992302014130549404196984076769,1,1001,1,1001,379.32,0,0
202841362,AUS / Grafton (AUS) 3rd Sep,TO BE PLACED,03-09-2022 05:11,38677239,12. Glam Time,0,9.8,1,2.1686046511627906976744186046511627907,1,1001,1,1001,79.12,0,0
202841362,AUS / Grafton (AUS) 3rd Sep,TO BE PLACED,03-09-2022 05:11,42421721,1. Coal Fire,0,2.2782083412288934,1,2.23785898160356627111194826395429145476,1,1001,1,1001,637.08,0,0
202841370,AUS / Grafton (AUS) 3rd Sep,TO BE PLACED,03-09-2022 07:46,36155618,14. Miss Marcie,0,4.034683485768328,1,1.92469174410293066476054324517512508935,1,1001,1,1001,447.68,0,0
202841370,AUS / Grafton (AUS) 3rd Sep,TO BE PLACED,03-09-2022 07:46,47662674,8. Blend,1,1.815358576714162,1,1.19879275571105165671948960691500308705,1,1001,1,1001,485.9,0,0
202841360,AUS / Grafton (AUS) 3rd Sep,TO BE PLACED,03-09-2022 04:36,48073479,2. Buon Acquisto,1,1.434262122724904,1,1.24953142873796877163070959656677377283,1,1001,1,1001,8234.82,0,0
202841360,AUS / Grafton (AUS) 3rd Sep,TO BE PLACED,03-09-2022 04:36,671561,4. Justinian,0,4.2,1,3.56680705657978385251112523839796567069,1,1001,1,1001,503.36,0,0
202841364,AUS / Grafton (AUS) 3rd Sep,TO BE PLACED,03-09-2022 05:51,35546681,11. Jacin Talee,0,5.2,1,4.05345100701516180131251414347137361394,1,1001,1,1001,176.76,0,0
202841368,AUS / Grafton (AUS) 3rd Sep,TO BE PLACED,03-09-2022 07:11,35621117,7. Blue Tone,0,4.539114337600767,1,2.16534846029173419773095623987034035656,1,1001,1,1001,123.4,0,0
202841382,AUS / Kununurra (AUS) 3rd Sep,TO BE PLACED,03-09-2022 08:35,8512754,6. War Games,0,2.1,1,1.33735321076752884159511141547700574198,1,1001,1,1001,1898.3,0,0
202841382,AUS / Kununurra (AUS) 3rd Sep,TO BE PLACED,03-09-2022 08:35,41589517,3. Raffalli,1,2.517583092547575,1,1.26456201901312811226799456767768220914,1,1001,1,1001,1413.76,0,0
202841385,AUS / Kununurra (AUS) 3rd Sep,TO BE PLACED,03-09-2022 09:11,12140794,2. Hattan Man,1,1.486080796509941,1,1.29753406291896610856483646681008948337,1,1001,1,1001,7697.52,0,0
202841388,AUS / Kununurra (AUS) 3rd Sep,TO BE PLACED,03-09-2022 09:46,23807505,5. Mangione,1,1.3239039433578914,1,1.14282030293441923812406278804220721155,1,1001,1,1001,5815.12,0,0
202841376,AUS / Kununurra (AUS) 3rd Sep,TO BE PLACED,03-09-2022 07:22,40273242,2. Feed The Monster,1,1.8976693066823063,1,1.48315377805607436276679585865892234446,1,1001,1,1001,3705.08,0,0
202841379,AUS / Kununurra (AUS) 3rd Sep,TO BE PLACED,03-09-2022 07:56,30143102,4. More Snitzel,0,3.5,1,1.18914524464729176454795623867373649238,1,1001,1,1001,1191.92,0,0
202841400,AUS / Hawkesbury (AUS) 3rd Sep,TO BE PLACED,03-09-2022 06:40,28355548,7. Powderfinger,0,4.517576653157766,1,3.40207476431405379827466967568157827685,1,1001,1,1001,549.46,0,0
202841400,AUS / Hawkesbury (AUS) 3rd Sep,TO BE PLACED,03-09-2022 06:40,46345035,3. Archregency,0,27,1,10.057408044001375042970092815400481265,1,1001,1,1001,116.36,0,0
202841390,AUS / Hawkesbury (AUS) 3rd Sep,TO BE PLACED,03-09-2022 03:35,48073677,4. The Seven Seas,1,1.25,1,1.12755617516811546662292930949647367558,1,1001,1,1001,3170.44,0,0
202841390,AUS / Hawkesbury (AUS) 3rd Sep,TO BE PLACED,03-09-2022 03:35,48073679,6. Schueller,0,4.5,1,1.70943826617700305177675477163399368955,1,1001,1,1001,386.66,0,0
202841398,AUS / Hawkesbury (AUS) 3rd Sep,TO BE PLACED,03-09-2022 06:00,2362544,5. Caribbean Stud,0,3.25,1,2.42948561256210643781385338895236070888,1,1001,1,1001,752.74,0,0
202841392,AUS / Hawkesbury (AUS) 3rd Sep,TO BE PLACED,03-09-2022 04:10,3223153,8. Victorine,1,1.092019464239784,1,1.03496086221138339299059906383983007513,1,1001,1,1001,3050.76,0,0
202841396,AUS / Hawkesbury (AUS) 3rd Sep,TO BE PLACED,03-09-2022 05:20,5858542,9. Cairdeas,0,1.2505690801622045,1,1.11374538961683094209629275594953603088,1,1001,1,1001,2217.82,0,0
202841455,AUS / Darwin (AUS) 3rd Sep,TO BE PLACED,03-09-2022 08:45,35727766,8. Bat Pad,1,2.56,1,1.44011294547970935692748751915377391132,1,1001,1,1001,1618.48,0,0
202841451,AUS / Darwin (AUS) 3rd Sep,TO BE PLACED,03-09-2022 07:26,48049455,6. Watch The Duck,0,28.303470857843728,1,4.7975098296199213630406290956749672346,1,1001,1,1001,91.56,0,0
202841451,AUS / Darwin (AUS) 3rd Sep,TO BE PLACED,03-09-2022 07:26,43987507,3. Exgames,0,5.882920425139311,1,1.86828289522126500257712981371033060894,1,1001,1,1001,543.24,0,0
202841457,AUS / Darwin (AUS) 3rd Sep,TO BE PLACED,03-09-2022 09:20,41512906,6. The Albion,1,7.8,1,1.82951147271883809727723655568640045677,1,1001,1,1001,560.46,0,0
202841457,AUS / Darwin (AUS) 3rd Sep,TO BE PLACED,03-09-2022 09:20,27911886,8. Leanna Belle,0,21,1,7.8574434389140271493212669683257918552,1,1001,1,1001,442,0,0
202841457,AUS / Darwin (AUS) 3rd Sep,TO BE PLACED,03-09-2022 09:20,867926,2. Against The Tide,0,1.92,1,1.60642658173866492455381041819782054423,1,1001,1,1001,4408.44,0,0
202841468,AUS / Mildura (AUS) 3rd Sep,TO BE PLACED,03-09-2022 05:31,37455515,5. Only Need Time,1,2.15402075910366,1,1.73381857692863288929085096627915010143,1,1001,1,1001,3184.38,0,0
202841468,AUS / Mildura (AUS) 3rd Sep,TO BE PLACED,03-09-2022 05:31,45565368,3. Regal Rocket,0,5.456010488840038,1,1.96354948153103646007550054952931619439,1,1001,1,1001,1674.16,0,0
202841459,AUS / Mildura (AUS) 3rd Sep,TO BE PLACED,03-09-2022 03:46,40846311,8. Lushfields,1,2.519406618291687,1,1.892551859752618226190162668001018321,1,1001,1,1001,2278.26,0,0
202841459,AUS / Mildura (AUS) 3rd Sep,TO BE PLACED,03-09-2022 03:46,48073738,4. Makpin,1,1.459407784,1,1.2171140379893681949692274004258312795,1,1001,1,1001,4292.78,0,0
202841459,AUS / Mildura (AUS) 3rd Sep,TO BE PLACED,03-09-2022 03:46,39575516,3. Humpback,0,5.12430729214706,1,1.91852648965189319052028329037263194775,1,1001,1,1001,799.18,0,0
202841474,AUS / Mildura (AUS) 3rd Sep,TO BE PLACED,03-09-2022 06:51,27870071,5. Rippa Eagle,1,3.2741076347272613,1,1.41266424226681386237201549884191614174,1,1001,1,1001,923.94,0,0
202841474,AUS / Mildura (AUS) 3rd Sep,TO BE PLACED,03-09-2022 06:51,48073753,3. Golden Fourth,0,3.154898611,1,1.57590619391231090436247756492436174499,1,1001,1,1001,1092.04,0,0
202841477,AUS / Mildura (AUS) 3rd Sep,TO BE PLACED,03-09-2022 07:31,28442684,7. Ammo Loco,0,3.563954666,1,1.34135951209073400385191525786432698481,1,1001,1,1001,934.6,0,0
202841477,AUS / Mildura (AUS) 3rd Sep,TO BE PLACED,03-09-2022 07:31,47268623,10. Lavrovsky,0,27.700357386246324,1,6.87186616399622997172478793590951932139,1,1001,1,1001,212.2,0,0
202841502,AUS / Birdsville (AUS) 3rd Sep,TO BE PLACED,03-09-2022 06:07,40032427,4. Do Your Best,0,4.5,1,2.45920556762853134541853492146452837455,1,1001,1,1001,727.06,0,0
202841511,AUS / Birdsville (AUS) 3rd Sep,TO BE PLACED,03-09-2022 07:27,37059500,3. Solarch,1,1.231201909,1,1.09037651546935756642546031773493829991,1,1001,1,1001,4623.98,0,0
202841511,AUS / Birdsville (AUS) 3rd Sep,TO BE PLACED,03-09-2022 07:27,36229101,1. Crazy Lad,1,1.2885931097618595,1,1.05495217431877566256065696155281821575,1,1001,1,1001,2571.84,0,0
202841517,AUS / Birdsville (AUS) 3rd Sep,TO BE PLACED,03-09-2022 08:27,26516329,6. Getyourgreyon,0,4.3,1,2.15059640944034784947441558150480758455,1,1001,1,1001,1338.51,0,0
202841517,AUS / Birdsville (AUS) 3rd Sep,TO BE PLACED,03-09-2022 08:27,16746931,5. Bernies Tiger,0,4.982453394603072,1,1.60717416158536585365853658536585365854,1,1001,1,1001,839.68,0,0
202841538,AUS / Toowoomba (AUS) 3rd Sep,TO BE PLACED,03-09-2022 10:52,42010304,3. Eye Shoot To Win,1,2.34,1,1.48825014238523749857614762501423852375,1,1001,1,1001,1755.8,0,0
202841529,AUS / Toowoomba (AUS) 3rd Sep,TO BE PLACED,03-09-2022 09:00,13467577,2. Good Grab,0,8.594710774146954,1,3.47708489124426959716487303703222030757,1,1001,1,1001,615.14,0,0
202841529,AUS / Toowoomba (AUS) 3rd Sep,TO BE PLACED,03-09-2022 09:00,18129833,10. Peachies Dream,1,1.56844954666014,1,1.38175295528895632758436486137426176943,1,1001,1,1001,14788.74,0,0
202841541,AUS / Toowoomba (AUS) 3rd Sep,TO BE PLACED,03-09-2022 11:27,48074229,4. Dont Talk Aboutit,0,3.11822992,1,1.78833005868514257645872650655360512913,1,1001,1,1001,1547.24,0,0
202843535,AUS / Melton (AUS) 3rd Sep,TO BE PLACED,03-09-2022 13:28,24690197,2. Lombo Heaven,1,1.4222222853300301,1,1,1,1001,1,1001,0,0,0
202843508,AUS / Melton (AUS) 3rd Sep,TO BE PLACED,03-09-2022 08:32,28452881,2. Major Mal,0,3.084379108112772,1,1.19031118958287353785036415802251158685,1,1001,1,1001,815.58,0,0
202843511,AUS / Melton (AUS) 3rd Sep,TO BE PLACED,03-09-2022 09:04,12264725,1. Cobber,1,2.355544781,1,1.77144427359189019875847143914801526283,1,1001,1,1001,2107.08,0,0
202843511,AUS / Melton (AUS) 3rd Sep,TO BE PLACED,03-09-2022 09:04,36136279,3. Captain Bellasario,1,1.15,1,1.0661479341826997472533140764429772528,1,1001,1,1001,3489.66,0,0
202843514,AUS / Melton (AUS) 3rd Sep,TO BE PLACED,03-09-2022 09:32,40762623,6. Over The Odds,0,9.525606738,1,5.01161772557394554191137213027229044314,1,1001,1,1001,561.9,0,0
202843517,AUS / Melton (AUS) 3rd Sep,TO BE PLACED,03-09-2022 10:03,43883237,2. Sweetheart Bart,0,1.7960135047678594,1,1.21988899879107594241125398395428069019,1,1001,1,1001,1273.86,0,0
202843517,AUS / Melton (AUS) 3rd Sep,TO BE PLACED,03-09-2022 10:03,48016192,3. Cheerstolou,0,3.5152213238664505,1,1.39762133589620374819798173954829408938,1,1001,1,1001,582.68,0,0
202843520,AUS / Melton (AUS) 3rd Sep,TO BE PLACED,03-09-2022 10:32,19451949,10. Enchanted Stride,1,3.2731387792749995,1,1.14116965090815406415045729743655803169,1,1001,1,1001,621.04,0,0
202843520,AUS / Melton (AUS) 3rd Sep,TO BE PLACED,03-09-2022 10:32,36841130,5. Blitzern,0,1.3720019003096988,1,1.0149870814453201075031484919697225432,1,1001,1,1001,1540.42,0,0
202843520,AUS / Melton (AUS) 3rd Sep,TO BE PLACED,03-09-2022 10:32,10469898,3. Love Ina Chevy,0,5.6,1,1.57637417932620884650404945607897637418,1,1001,1,1001,417.34,0,0
202843523,AUS / Melton (AUS) 3rd Sep,TO BE PLACED,03-09-2022 11:07,34337351,9. Ruby Wingate,1,3.868882080227195,1,1.82965873176954971150221809852416712575,1,1001,1,1001,689.78,0,0
202843523,AUS / Melton (AUS) 3rd Sep,TO BE PLACED,03-09-2022 11:07,36682270,10. Art Of Sheng Li,0,2.879887570268582,1,1.00621528277449992804720103612030507987,1,1001,1,1001,555.92,0,0
202843526,AUS / Melton (AUS) 3rd Sep,TO BE PLACED,03-09-2022 11:42,22734346,1. Rackemup Tigerpie,0,20.228673262284616,1,17.9707963942486776428518215004097444685,1,1001,1,1001,268.46,0,0
202843526,AUS / Melton (AUS) 3rd Sep,TO BE PLACED,03-09-2022 11:42,13369041,9. Boncel Benjamin,0,15.83452364818693,1,1.00800114302043149021288755536505215031,1,1001,1,1001,139.98,0,0
202843526,AUS / Melton (AUS) 3rd Sep,TO BE PLACED,03-09-2022 11:42,14121414,11. Shortys Mate,0,20.913524105294293,1,1.19875,1,1001,1,1001,16,0,0
202843529,AUS / Melton (AUS) 3rd Sep,TO BE PLACED,03-09-2022 12:21,47841092,2. Perfect As I Am,0,5.2932310237302405,1,1,1,1001,1,1001,0,0,0
202843529,AUS / Melton (AUS) 3rd Sep,TO BE PLACED,03-09-2022 12:21,41653795,5. Petillante,1,1.1436323801430763,1,1,1,1001,1,1001,0,0,0
202843529,AUS / Melton (AUS) 3rd Sep,TO BE PLACED,03-09-2022 12:21,42003667,8. Beach Memories,1,2.020007971303308,1,1,1,1001,1,1001,0,0,0
202843575,AUS / Albion Park (AUS) 3rd Sep,TO BE PLACED,03-09-2022 12:36,38461803,10. Weewah,0,3.32523146717539095528,1,1,1,1001,1,1001,0,0,0
202843557,AUS / Albion Park (AUS) 3rd Sep,TO BE PLACED,03-09-2022 09:12,48006965,11. Gleneagle Warrior,0,10.567826562558906,1,3.50206359506813757300454250486696950032,1,1001,1,1001,154.1,0,0
202843557,AUS / Albion Park (AUS) 3rd Sep,TO BE PLACED,03-09-2022 09:12,20076852,1. Just Joshin,0,2.318947222705694,1,1.30233139521197711918269343941997598927,1,1001,1,1001,849.62,0,0
202843566,AUS / Albion Park (AUS) 3rd Sep,TO BE PLACED,03-09-2022 10:45,27047336,10. Jigamaroo,0,9.6,1,7.08608861362553596950929013816102906146,1,1001,1,1001,881.58,0,0
202843566,AUS / Albion Park (AUS) 3rd Sep,TO BE PLACED,03-09-2022 10:45,29251980,7. Scotch En Ice,0,6.499321836853323,1,1.58916642178469977470859045939856988931,1,1001,1,1001,204.18,0,0
202843566,AUS / Albion Park (AUS) 3rd Sep,TO BE PLACED,03-09-2022 10:45,33751185,6. Brian Christopher,0,2.66,1,1.670699496974557118903550338995407159,1,1001,1,1001,1097.36,0,0
202843554,AUS / Albion Park (AUS) 3rd Sep,TO BE PLACED,03-09-2022 08:44,11398794,8. Warfare,0,27.198965749666087,1,1.39044481054365733113673805601317957166,1,1001,1,1001,12.14,0,0
202843560,AUS / Albion Park (AUS) 3rd Sep,TO BE PLACED,03-09-2022 09:44,48006966,4. Parama,0,3.110573543343708,1,1.44965270413573700954400848356309650053,1,1001,1,1001,603.52,0,0
202843560,AUS / Albion Park (AUS) 3rd Sep,TO BE PLACED,03-09-2022 09:44,20602858,10. Air Time,1,4.867382847,1,,1,1001,1,1001,318.48,0,0
202854732,AUS / Hobart (AUS) 3rd Sep,TO BE PLACED,03-09-2022 13:02,44759088,7. Sharmey,0,4.974206658468223,1,1,1,1001,1,1001,0,0,0
202854732,AUS / Hobart (AUS) 3rd Sep,TO BE PLACED,03-09-2022 13:02,48031111,14. Colby Sanz,0,2.6957711912403246,1,1,1,1001,1,1001,0,0,0
202854728,AUS / Hobart (AUS) 3rd Sep,TO BE PLACED,03-09-2022 11:49,4116514,2. Eureka,0,18.5,1,6.25526230569948186528497409326424870466,1,1001,1,1001,123.52,0,0
202854728,AUS / Hobart (AUS) 3rd Sep,TO BE PLACED,03-09-2022 11:49,17793609,10. Call Me Hector,0,11.378282844,1,,1,1001,1,1001,177.1,0,0
202854734,AUS / Hobart (AUS) 3rd Sep,TO BE PLACED,03-09-2022 13:35,48031112,13. Better Amour,0,5.780775660867695,1,1,1,1001,1,1001,0,0,0
202854718,AUS / Hobart (AUS) 3rd Sep,TO BE PLACED,03-09-2022 09:06,47662171,1. Heres Henry,0,3.0039849494155093,1,1.3797759028614793982411499486630061158,1,1001,1,1001,448.02,0,0
202854726,AUS / Hobart (AUS) 3rd Sep,TO BE PLACED,03-09-2022 11:14,30142113,2. Royal Reactor,0,1.9527548754615474,1,1.02853914402098097204397076056023659394,1,1001,1,1001,1075.26,0,0
202854730,AUS / Hobart (AUS) 3rd Sep,TO BE PLACED,03-09-2022 12:28,39797202,1. Southshore,0,29.90542386554182,1,1,1,1001,1,1001,0,0,0
202854761,AUS / Globe Derby (AUS) 3rd Sep,TO BE PLACED,03-09-2022 11:37,39539739,3. Whitestarchristian,0,4.996037732764008,1,1.21969484227276982121127024244126181784,1,1001,1,1001,213.66,0,0
202854767,AUS / Globe Derby (AUS) 3rd Sep,TO BE PLACED,03-09-2022 13:13,36513122,6. Millys Magic,1,1.882128703,1,1,1,1001,1,1001,0,0,0
202854769,AUS / Globe Derby (AUS) 3rd Sep,TO BE PLACED,03-09-2022 13:43,41988643,2. Village Lover,0,22.917675316,1,1,1,1001,1,1001,0,0,0
202854769,AUS / Globe Derby (AUS) 3rd Sep,TO BE PLACED,03-09-2022 13:43,41748836,3. Lou Lou Quick,1,1.42974327,1,1,1,1001,1,1001,0,0,0
202854757,AUS / Globe Derby (AUS) 3rd Sep,TO BE PLACED,03-09-2022 10:25,4603348,2. Above Average,0,4.537073179,1,1.90057260581088859938800860423546520435,1,1001,1,1001,660.14,0,0
202854891,AUS / Northam (AUS) 3rd Sep,TO BE PLACED,03-09-2022 13:20,16421339,4. Thewizard,1,9.305281090289608,1,1,1,1001,1,1001,0,0,0
202854891,AUS / Northam (AUS) 3rd Sep,TO BE PLACED,03-09-2022 13:20,26721236,3. Hesacharmer,0,2.4565298482429183,1,1,1,1001,1,1001,0,0,0
202854891,AUS / Northam (AUS) 3rd Sep,TO BE PLACED,03-09-2022 13:20,48062055,6. Bellezza Nera,0,1.3679798675148054,1,1,1,1001,1,1001,0,0,0
202854893,AUS / Northam (AUS) 3rd Sep,TO BE PLACED,03-09-2022 13:50,24138969,5. Miss Pocket Rocket,0,499.5193036726861,1,1,1,1001,1,1001,0,0,0
202854893,AUS / Northam (AUS) 3rd Sep,TO BE PLACED,03-09-2022 13:50,25673822,6. Alfredi,0,2.125068982,1,1,1,1001,1,1001,0,0,0
202854893,AUS / Northam (AUS) 3rd Sep,TO BE PLACED,03-09-2022 13:50,35546111,3. Bazza Mac,0,4.746835443,1,1,1,1001,1,1001,0,0,0
202854893,AUS / Northam (AUS) 3rd Sep,TO BE PLACED,03-09-2022 13:50,44187341,2. Sir Belvedere,0,2.913394303255518,1,1,1,1001,1,1001,0,0,0
202854889,AUS / Northam (AUS) 3rd Sep,TO BE PLACED,03-09-2022 12:51,38416717,7. Taking The Miki,1,1.1652268066410578,1,1,1,1001,1,1001,0,0,0
202854889,AUS / Northam (AUS) 3rd Sep,TO BE PLACED,03-09-2022 12:51,47281814,2. Louie Lebeau,1,1.29,1,1,1,1001,1,1001,0,0,0
202854883,AUS / Northam (AUS) 3rd Sep,TO BE PLACED,03-09-2022 11:24,48062051,9. Mancave,0,3.5,1,1.36471702127659574468085106382978723404,1,1001,1,1001,470,0,0
202854885,AUS / Northam (AUS) 3rd Sep,TO BE PLACED,03-09-2022 11:58,12502155,1. Im Riddler,0,7.857553437738321,1,3.26220110085120461996571119198724696965,1,1001,1,1001,664.94,0,0
202854885,AUS / Northam (AUS) 3rd Sep,TO BE PLACED,03-09-2022 11:58,41385239,3. Ardens Horizon,1,1.03,1,1.04351371043602612133042613003028638852,1,1001,1,1001,3678.22,0,0
202854881,AUS / Northam (AUS) 3rd Sep,TO BE PLACED,03-09-2022 10:47,42770252,2. Overly Excited,0,2.1298232275232847,1,1.43108187300864815657715065999089667729,1,1001,1,1001,703.04,0,0
202854881,AUS / Northam (AUS) 3rd Sep,TO BE PLACED,03-09-2022 10:47,42770249,6. Temukas Girl,0,2.189050857,1,1.27430813939639360663157142516852862009,1,1001,1,1001,839.62,0,0
202854887,AUS / Northam (AUS) 3rd Sep,TO BE PLACED,03-09-2022 12:25,28420029,8. The Bands Playing,0,3.871572006,1,1,1,1001,1,1001,0,0,0
202854887,AUS / Northam (AUS) 3rd Sep,TO BE PLACED,03-09-2022 12:25,24611294,5. Tenacious George,1,3.850014463407579,1,1,1,1001,1,1001,0,0,0
202801746,AUS / Randwick (AUS) 3rd Sep,TO BE PLACED,03-09-2022 03:50,45758122,4. Jal Lei,1,2.76,1,2.06340094597958675628578541199900423201,1,1001,1,1001,2008.5,0,0
202801746,AUS / Randwick (AUS) 3rd Sep,TO BE PLACED,03-09-2022 03:50,48048553,14. Sifu,0,19.49333717474481,1,8.26067707168731273198873037878449085461,1,1001,1,1001,447.22,0,0
202801746,AUS / Randwick (AUS) 3rd Sep,TO BE PLACED,03-09-2022 03:50,38687299,5. Never Second,0,8.2,1,4.46834849014807042089308616066223621313,1,1001,1,1001,686.16,0,0
202801746,AUS / Randwick (AUS) 3rd Sep,TO BE PLACED,03-09-2022 03:50,2221105,7. Miss Dior,0,7,1,4.21160577554145701159483701597024721068,1,1001,1,1001,548.52,0,0
202801758,AUS / Randwick (AUS) 3rd Sep,TO BE PLACED,03-09-2022 05:35,3494589,8. Russian Conquest,0,7.8,1,4.37994100925470750422125804176373779041,1,1001,1,1001,935.74,0,0
202801762,AUS / Randwick (AUS) 3rd Sep,TO BE PLACED,03-09-2022 06:15,39000140,3. Converge,0,2.631005555,1,2.16196776885365599248982997809533743611,1,1001,1,1001,1533.92,0,0
202801766,AUS / Randwick (AUS) 3rd Sep,TO BE PLACED,03-09-2022 06:55,5063996,9. Surefire,0,1.59,1,1.37351017135573532888582794527306929268,1,1001,1,1001,9728.3,0,0
202801766,AUS / Randwick (AUS) 3rd Sep,TO BE PLACED,03-09-2022 06:55,40940218,2. Numerian,1,1.9547634134732612,1,1.94630026208667925073796988621960391601,1,1001,1,1001,9546.46,0,0
202801770,AUS / Randwick (AUS) 3rd Sep,TO BE PLACED,03-09-2022 07:35,48048563,3. Tiger Legend,0,3.063244044227395,1,2.16570086603289232418403904200400575475,1,1001,1,1001,1417.96,0,0
202801738,AUS / Randwick (AUS) 3rd Sep,TO BE PLACED,03-09-2022 02:40,2324759,11. Wizard Of Oz,0,5.7,1,4.65062757008089875561050339989786868062,1,1001,1,1001,744.14,0,0
202801738,AUS / Randwick (AUS) 3rd Sep,TO BE PLACED,03-09-2022 02:40,48048194,5. Platara,0,16.483342822594565,1,5.90774539877300613496932515337423312883,1,1001,1,1001,286.88,0,0
202801738,AUS / Randwick (AUS) 3rd Sep,TO BE PLACED,03-09-2022 02:40,48048543,19. Brazen Impact,0,22.86931585513055,1,5.56123822341857335127860026917900403769,1,1001,1,1001,208.04,0,0
202801750,AUS / Randwick (AUS) 3rd Sep,TO BE PLACED,03-09-2022 04:25,24129704,1. Arapaho,1,1.8500335723863095,1,1.59225878493410103869770644834248331006,1,1001,1,1001,4182.16,0,0
202801750,AUS / Randwick (AUS) 3rd Sep,TO BE PLACED,03-09-2022 04:25,28453490,3. Realm Of Flowers,1,3.4397193217436133,1,2.99282165812586921930011401651360054127,1,1001,1,1001,3192.52,0,0
202801750,AUS / Randwick (AUS) 3rd Sep,TO BE PLACED,03-09-2022 04:25,36540602,11. Shes A Maneater,0,4.880749884109245,1,4.63303931327426651029398720766357534962,1,1001,1,1001,2029.34,0,0
202804170,AUS / Doomben (AUS) 3rd Sep,TO BE PLACED,03-09-2022 07:07,25355020,5. Sir Rocket,0,1.685974247351624,1,1.41605001295062280722409286773882125786,1,1001,1,1001,8493.8,0,0
202804174,AUS / Doomben (AUS) 3rd Sep,TO BE PLACED,03-09-2022 07:43,25989141,6. Tappys One,0,5.857023693267548,1,3.2152331166996326645945182254874258265,1,1001,1,1001,1415.6,0,0
202804166,AUS / Doomben (AUS) 3rd Sep,TO BE PLACED,03-09-2022 06:27,28335300,4. Jetty,1,1.6735078702876485,1,1.22835132057655455883578193129113783431,1,1001,1,1001,3600.7,0,0
202804146,AUS / Doomben (AUS) 3rd Sep,TO BE PLACED,03-09-2022 03:23,48048621,4. Clairvue Molly,0,3.9,1,2.7875125602893890675241157556270096463,1,1001,1,1001,1990.4,0,0
202804146,AUS / Doomben (AUS) 3rd Sep,TO BE PLACED,03-09-2022 03:23,1559868,7. Eurydice,0,36,1,12.7214268232990699951052373959862946647,1,1001,1,1001,326.88,0,0
202804150,AUS / Doomben (AUS) 3rd Sep,TO BE PLACED,03-09-2022 03:58,26323810,2. Kavak,0,3.35,1,2.59138868144639219446666165858745652914,1,1001,1,1001,4526.02,0,0
202804150,AUS / Doomben (AUS) 3rd Sep,TO BE PLACED,03-09-2022 03:58,48048623,9. Hes The News,0,4.363886029865826,1,2.62482141161325722003566491859324054827,1,1001,1,1001,1895.42,0,0
202804154,AUS / Doomben (AUS) 3rd Sep,TO BE PLACED,03-09-2022 04:33,48048624,10. Never Paid,1,1.987810224707937,1,1.47202006474379538627548193298142261367,1,1001,1,1001,3428.9,0,0
202804158,AUS / Doomben (AUS) 3rd Sep,TO BE PLACED,03-09-2022 05:08,24116546,7. Flybridge,1,3.970630691668484,1,2.89808468214261543187059760624313447832,1,1001,1,1001,1920.83,0,0
202804158,AUS / Doomben (AUS) 3rd Sep,TO BE PLACED,03-09-2022 05:08,48048625,1. Coup De Tonnerre,0,1.4316703975326526,1,1.23387229885014932885285094130839461306,1,1001,1,1001,5404.18,0,0
202804350,AUS / Moonee Valley (AUS) 3rd Sep,TO BE PLACED,03-09-2022 03:30,43837022,3. Big Story,0,2.36,1,1.77119287248244239363863253816240060363,1,1001,1,1001,3445.8,0,0
202804374,AUS / Moonee Valley (AUS) 3rd Sep,TO BE PLACED,03-09-2022 05:55,40775961,1. The Inferno,0,7.124434924512313,1,3.6836927930016226076615300887898975036,1,1001,1,1001,1984.46,0,0
202804374,AUS / Moonee Valley (AUS) 3rd Sep,TO BE PLACED,03-09-2022 05:55,24036641,4. Zoustyle,1,4.6,1,2.72426250523498707851969887332863461322,1,1001,1,1001,3915.96,0,0
202804380,AUS / Moonee Valley (AUS) 3rd Sep,TO BE PLACED,03-09-2022 06:35,48048900,4. Lady Laguna,1,1.94,1,1.58695112895228198539965883505695176953,1,1001,1,1001,8429.94,0,0
202804386,AUS / Moonee Valley (AUS) 3rd Sep,TO BE PLACED,03-09-2022 07:15,25487609,6. Age Of Chivalry,0,5.32460972966903,1,4.30014107738571936207564081485449405725,1,1001,1,1001,3770.98,0,0
202804974,AUS / Morphettville (AUS) 3rd Sep,TO BE PLACED,03-09-2022 04:17,47590485,7. Elsas Pride,1,2.489752891335666,1,1.95392820878845426698445472582282890852,1,1001,1,1001,4707.54,0,0
202804974,AUS / Morphettville (AUS) 3rd Sep,TO BE PLACED,03-09-2022 04:17,46603059,8. Fields Of Athenry,1,2.1,1,1.63799273387829246139872842870118074478,1,1001,1,1001,4404,0,0
202804980,AUS / Morphettville (AUS) 3rd Sep,TO BE PLACED,03-09-2022 04:52,28246384,4. Rapid Raiser,0,2.039781054218511,1,1.64314677407109949694129117070032644874,1,1001,1,1001,5005.38,0,0
202804980,AUS / Morphettville (AUS) 3rd Sep,TO BE PLACED,03-09-2022 04:52,38999817,6. African Awesome,0,2.2267285138032458,1,1.58344135272253481533704280468160866713,1,1001,1,1001,8964.44,0,0
202805004,AUS / Morphettville (AUS) 3rd Sep,TO BE PLACED,03-09-2022 07:27,14885975,7. Keysor,0,7.4,1,3.7924731392469239319072597156952596377,1,1001,1,1001,1025.66,0,0
202805004,AUS / Morphettville (AUS) 3rd Sep,TO BE PLACED,03-09-2022 07:27,44913230,1. Short Stories,1,2.6907850417478762,1,2.34854614281522624051046173809907553197,1,1001,1,1001,4839.54,0,0
202805004,AUS / Morphettville (AUS) 3rd Sep,TO BE PLACED,03-09-2022 07:27,48048955,4. The Big Kahuna,0,2.18518298520652,1,1.68076754659955616637216580101260701686,1,1001,1,1001,6723.24,0,0
202805004,AUS / Morphettville (AUS) 3rd Sep,TO BE PLACED,03-09-2022 07:27,25262545,5. Ziggi Rocks,0,2.34,1,1.7680847953216374269005847953216374269,1,1001,1,1001,4049.28,0,0
202804962,AUS / Morphettville (AUS) 3rd Sep,TO BE PLACED,03-09-2022 03:09,16396435,1. Classy Joe,0,3.5,1,2.7522976482754809627939655648796507543,1,1001,1,1001,2533.46,0,0
202804986,AUS / Morphettville (AUS) 3rd Sep,TO BE PLACED,03-09-2022 05:27,27973111,6. Unlaced,1,2.2,1,1.54639486612187607798356112241135257943,1,1001,1,1001,3362.76,0,0
202804986,AUS / Morphettville (AUS) 3rd Sep,TO BE PLACED,03-09-2022 05:27,48048945,3. Hes Exclusive,1,3.4903696638328254,1,2.28428989658204098650400166773921634384,1,1001,1,1001,2206.58,0,0
202804986,AUS / Morphettville (AUS) 3rd Sep,TO BE PLACED,03-09-2022 05:27,38849201,5. Impossible Action,0,3.9249120312450385,1,2.11258068704823188238519138376303905585,1,1001,1,1001,1386.22,0,0
202804992,AUS / Morphettville (AUS) 3rd Sep,TO BE PLACED,03-09-2022 06:07,18390048,1. Tequila Time,0,4.1,1,3.15235326960366382725084692052905182625,1,1001,1,1001,2650.78,0,0
202808737,AUS / Belmont (AUS) 3rd Sep,TO BE PLACED,03-09-2022 05:04,39361564,4. Strathmore Rose,0,4.8,1,1.19600653476129969141404973679433654021,1,1001,1,1001,661.08,0,0
202808741,AUS / Belmont (AUS) 3rd Sep,TO BE PLACED,03-09-2022 05:43,41750620,2. Aint No Other Man,1,2.2,1,1.52241243942832607495552965711832178127,1,1001,1,1001,3260.6,0,0
202808745,AUS / Belmont (AUS) 3rd Sep,TO BE PLACED,03-09-2022 06:23,38328002,3. Ginger Green,1,3.500857817,1,1.79462570283149693653715236630443004463,1,1001,1,1001,1586.44,0,0
202808745,AUS / Belmont (AUS) 3rd Sep,TO BE PLACED,03-09-2022 06:23,19087893,2. Kendels Mee Dad,0,3.564761778,1,2.14584310760781349016643134290193113723,1,1001,1,1001,1798.94,0,0
202808753,AUS / Belmont (AUS) 3rd Sep,TO BE PLACED,03-09-2022 07:39,40858225,6. Power Of St George,0,3.565732729,1,1.91854114465752065295591555235803418591,1,1001,1,1001,1612.36,0,0
202808757,AUS / Belmont (AUS) 3rd Sep,TO BE PLACED,03-09-2022 08:15,375323,3. General Grant,1,3.05,1,1.50270359297796442147824933065856952174,1,1001,1,1001,2562.22,0,0
202808757,AUS / Belmont (AUS) 3rd Sep,TO BE PLACED,03-09-2022 08:15,38925525,6. Our Norman,0,8.738755752455912,1,1.59065186164755238377527987414213730363,1,1001,1,1001,438.59,0,0
202808757,AUS / Belmont (AUS) 3rd Sep,TO BE PLACED,03-09-2022 08:15,39970247,8. Blackwater Bay,0,4.9,1,2.76833894311679569168630090878492090205,1,1001,1,1001,1188.4,0,0
202808761,AUS / Belmont (AUS) 3rd Sep,TO BE PLACED,03-09-2022 08:50,45169661,9. Startrade,1,3.3034672447146214,1,1.64116870663276300478386415549713399129,1,1001,1,1001,1856.24,0,0
202841075,AUS / Gold Coast (AUS) 3rd Sep,TO BE PLACED,03-09-2022 06:04,39317752,6. Go Millo,1,1.4235557994768895,1,1.25406661714436394390473709767148705185,1,1001,1,1001,6219.42,0,0
202841075,AUS / Gold Coast (AUS) 3rd Sep,TO BE PLACED,03-09-2022 06:04,47016364,3. Saint Martin,0,2.3873968634433567,1,1.31064057583101240640937533909646616269,1,1001,1,1001,3317.64,0,0
202841078,AUS / Gold Coast (AUS) 3rd Sep,TO BE PLACED,03-09-2022 06:44,35910477,9. Concealed Dynamite,0,14.5,1,2.23778532540832126267419209829678837221,1,1001,1,1001,400.42,0,0
202841078,AUS / Gold Coast (AUS) 3rd Sep,TO BE PLACED,03-09-2022 06:44,40786322,11. Helsun,0,18.155809785,1,4.09020520779444731850319020520779444732,1,1001,1,1001,347.94,0,0
202841078,AUS / Gold Coast (AUS) 3rd Sep,TO BE PLACED,03-09-2022 06:44,35441914,6. Kingscote,0,1.835442204521969,1,1.32742451090816480260562016199037240568,1,1001,1,1001,2787.82,0,0
202841069,AUS / Gold Coast (AUS) 3rd Sep,TO BE PLACED,03-09-2022 04:49,41845211,11. Laylas Song,1,2.2166160311993366,1,1.17772378942692136828076410484229231453,1,1001,1,1001,1440.64,0,0
202841069,AUS / Gold Coast (AUS) 3rd Sep,TO BE PLACED,03-09-2022 04:49,48073356,5. Byron Eyes,0,1.6496550797409504,1,1.20360843701026641507020181021524290786,1,1001,1,1001,3752.04,0,0
202841069,AUS / Gold Coast (AUS) 3rd Sep,TO BE PLACED,03-09-2022 04:49,20501669,3. San Pierre,1,1.5994145308559884,1,1.13936626820956893825009101054528744413,1,1001,1,1001,3351.26,0,0
202841072,AUS / Gold Coast (AUS) 3rd Sep,TO BE PLACED,03-09-2022 05:24,37059275,8. Rebel Leader,0,4.8,1,1.87391152908394287704632532218739115291,1,1001,1,1001,861.3,0,0
202841362,AUS / Grafton (AUS) 3rd Sep,TO BE PLACED,03-09-2022 05:11,39151554,5. Mahomes,0,3.01983972235801,1,1.75076357466063348416289592760180995475,1,1001,1,1001,212.16,0,0
202841370,AUS / Grafton (AUS) 3rd Sep,TO BE PLACED,03-09-2022 07:46,48073501,18. Sir Slew,0,8.8,1,2.29573682443773078214165827458878818395,1,1001,1,1001,59.58,0,0
202841370,AUS / Grafton (AUS) 3rd Sep,TO BE PLACED,03-09-2022 07:46,17759063,17. Secret Lago,0,90.11859872371892,1,14.9532710280373831775700934579439252336,1,1001,1,1001,27.82,0,0
202841360,AUS / Grafton (AUS) 3rd Sep,TO BE PLACED,03-09-2022 04:36,1359742,5. Starvin Marvin,0,11.5,1,2.96668384879725085910652920962199312715,1,1001,1,1001,116.4,0,0
202841366,AUS / Grafton (AUS) 3rd Sep,TO BE PLACED,03-09-2022 06:31,2439382,14. Face The Facts,0,3.2961437428715277,1,2.21450276904068945415312599243897451961,1,1001,1,1001,4597.26,0,0
202841368,AUS / Grafton (AUS) 3rd Sep,TO BE PLACED,03-09-2022 07:11,38523144,3. Estroncio,0,4.111051831186996,1,2.15316854921519730086548335044741088455,1,1001,1,1001,272.68,0,0
202841376,AUS / Kununurra (AUS) 3rd Sep,TO BE PLACED,03-09-2022 07:22,12898116,4. Karaoke Express,0,5.324073917283569,1,1.58284249960976117383838909412560487018,1,1001,1,1001,768.76,0,0
202841379,AUS / Kununurra (AUS) 3rd Sep,TO BE PLACED,03-09-2022 07:56,40687980,1. Lethal Encounter,0,2.42,1,1.45615594961882664898906198210142525688,1,1001,1,1001,1448.16,0,0
202841379,AUS / Kununurra (AUS) 3rd Sep,TO BE PLACED,03-09-2022 07:56,35727745,2. Chilli Bean,0,1.7670938841484167,1,1.27190017540464791106172870331645869876,1,1001,1,1001,3204.02,0,0
202841400,AUS / Hawkesbury (AUS) 3rd Sep,TO BE PLACED,03-09-2022 06:40,45367206,4. Dubai Showgirl,0,2.277687174800012,1,2.00832848929045302331458899349213369558,1,1001,1,1001,1266.16,0,0
202841398,AUS / Hawkesbury (AUS) 3rd Sep,TO BE PLACED,03-09-2022 06:00,5226699,2. Endorsement,0,1.7092179815968849,1,1.64482224332093783790911728248542869953,1,1001,1,1001,1516.68,0,0
202841398,AUS / Hawkesbury (AUS) 3rd Sep,TO BE PLACED,03-09-2022 06:00,39810751,3. Allusionist,1,1.2325450783750784,1,1.12457780175924417657598957484932399414,1,1001,1,1001,1964.48,0,0
202841394,AUS / Hawkesbury (AUS) 3rd Sep,TO BE PLACED,03-09-2022 04:45,48073691,6. Brave Image,0,2.490916032,1,1.78525428428817037324607620209638955133,1,1001,1,1001,1081.86,0,0
202841394,AUS / Hawkesbury (AUS) 3rd Sep,TO BE PLACED,03-09-2022 04:45,48073692,7. Bring The Boom,0,9,1,2.38150129612266284264519331531630908389,1,1001,1,1001,362.62,0,0
202841394,AUS / Hawkesbury (AUS) 3rd Sep,TO BE PLACED,03-09-2022 04:45,48073690,5. Ambassadors,1,1.5572063156415608,1,1.54473959006312243071607348810053646888,1,1001,1,1001,4179.18,0,0
202841392,AUS / Hawkesbury (AUS) 3rd Sep,TO BE PLACED,03-09-2022 04:10,48073685,5. A Lot More Love,1,1.075048042,1,1.03933491355939522765331631551420524066,1,1001,1,1001,4168.18,0,0
202841396,AUS / Hawkesbury (AUS) 3rd Sep,TO BE PLACED,03-09-2022 05:20,48073697,7. Galifianakis,1,1.59,1,1.17604361766293133551315831243452588807,1,1001,1,1001,630.02,0,0
202841455,AUS / Darwin (AUS) 3rd Sep,TO BE PLACED,03-09-2022 08:45,11689205,3. Familja,0,5.944506169168598,1,2.75772412251285490722110440420299575229,1,1001,1,1001,1252.44,0,0
202841453,AUS / Darwin (AUS) 3rd Sep,TO BE PLACED,03-09-2022 08:05,40857710,1. Mister Monaro,0,2.515529467,1,1.03892593069321090945495630783312595644,1,1001,1,1001,1398.42,0,0
202841457,AUS / Darwin (AUS) 3rd Sep,TO BE PLACED,03-09-2022 09:20,35910511,7. Reds Mate,1,4.893541989717049,1,1.58822956226264241455126923845692584449,1,1001,1,1001,800.48,0,0
202841462,AUS / Mildura (AUS) 3rd Sep,TO BE PLACED,03-09-2022 04:21,48073742,6. Son Of Vadamos,0,3.05,1,1.8202823302828823082018695257489143502,1,1001,1,1001,3260.72,0,0
202841462,AUS / Mildura (AUS) 3rd Sep,TO BE PLACED,03-09-2022 04:21,37059842,5. Ready Or Bust,1,12.20010730630078,1,3.97233716761278757095906782193008664476,1,1001,1,1001,535.52,0,0
202841462,AUS / Mildura (AUS) 3rd Sep,TO BE PLACED,03-09-2022 04:21,41160829,11. Masina,0,3.9,1,1.45256589335600631604518401554718814527,1,1001,1,1001,987.96,0,0
202841471,AUS / Mildura (AUS) 3rd Sep,TO BE PLACED,03-09-2022 06:11,1176769,8. Wasabi,0,3.2,1,2.15880603328811284699429638381981824282,1,1001,1,1001,1371.06,0,0
202841477,AUS / Mildura (AUS) 3rd Sep,TO BE PLACED,03-09-2022 07:31,28728958,3. Frag,0,3.4,1,1.18859646975298063505275785247386588978,1,1001,1,1001,816.94,0,0
202841502,AUS / Birdsville (AUS) 3rd Sep,TO BE PLACED,03-09-2022 06:07,48014969,2. Triny Bee,0,2.0828728772290965,1,1.39570857944477259303012404016538688718,1,1001,1,1001,2708.8,0,0
202841517,AUS / Birdsville (AUS) 3rd Sep,TO BE PLACED,03-09-2022 08:27,42492089,10. Hammoon Sweetheart,0,8,1,2.05550493545937737281700835231586940015,1,1001,1,1001,421.44,0,0
202841517,AUS / Birdsville (AUS) 3rd Sep,TO BE PLACED,03-09-2022 08:27,48014972,9. Stradari,0,3.9,1,1.47560404648440765822255664242120224062,1,1001,1,1001,717.66,0,0
202841523,AUS / Toowoomba (AUS) 3rd Sep,TO BE PLACED,03-09-2022 07:48,48074211,9. Captains Lounge,0,3.590991492,1,1.40051706100112666988572348301947529374,1,1001,1,1001,994.08,0,0
202841523,AUS / Toowoomba (AUS) 3rd Sep,TO BE PLACED,03-09-2022 07:48,39388476,1. A Devils Chance,0,7.679484770205501,1,2.7879621413782904466134279798876072168,1,1001,1,1001,540.96,0,0
202841526,AUS / Toowoomba (AUS) 3rd Sep,TO BE PLACED,03-09-2022 08:20,48074214,4. Rose Pin,1,2.108404816311559,1,1.38110681410368527767521101761341184549,1,1001,1,1001,3087.42,0,0
202841526,AUS / Toowoomba (AUS) 3rd Sep,TO BE PLACED,03-09-2022 08:20,40701602,16. Cutabri,1,3.8944819381519844,1,2.02417862660784423223692783082965693118,1,1001,1,1001,2148.84,0,0
202841526,AUS / Toowoomba (AUS) 3rd Sep,TO BE PLACED,03-09-2022 08:20,29471056,8. Milagro,0,2.02,1,1.32451807994059657453273539095856415668,1,1001,1,1001,2047.02,0,0
202841529,AUS / Toowoomba (AUS) 3rd Sep,TO BE PLACED,03-09-2022 09:00,48074219,13. Twilight Boom,1,3.4,1,1.63195535918087846871229660547167965566,1,1001,1,1001,1226.68,0,0
202841532,AUS / Toowoomba (AUS) 3rd Sep,TO BE PLACED,03-09-2022 09:40,18275832,10. Jackpot Jay,0,12.5,1,3.74470748531039768372647534701524312356,1,1001,1,1001,469.72,0,0
202841535,AUS / Toowoomba (AUS) 3rd Sep,TO BE PLACED,03-09-2022 10:15,47039059,1. Kyogle Kid,0,3.062246311888594,1,1.7786098810805559828056569712375231727,1,1001,1,1001,2470.58,0,0
202841535,AUS / Toowoomba (AUS) 3rd Sep,TO BE PLACED,03-09-2022 10:15,48074225,2. Ravaged Award,1,1.153331179607749,1,1.07647269592987438497813409065166763818,1,1001,1,1001,7239.58,0,0
202841535,AUS / Toowoomba (AUS) 3rd Sep,TO BE PLACED,03-09-2022 10:15,48074226,3. Sisyphean,1,5,1,2.08214295510024959543596917084944732439,1,1001,1,1001,729.18,0,0
202843535,AUS / Melton (AUS) 3rd Sep,TO BE PLACED,03-09-2022 13:28,20169802,5. Rocking Bugatti,0,3.2657238263602437,1,1,1,1001,1,1001,0,0,0
202843508,AUS / Melton (AUS) 3rd Sep,TO BE PLACED,03-09-2022 08:32,28737109,7. Boxofchocolates,0,1.5847334705871914,1,1.13958532523651607160802216575505692177,1,1001,1,1001,2786.28,0,0
202843511,AUS / Melton (AUS) 3rd Sep,TO BE PLACED,03-09-2022 09:04,42335621,7. Im Off N Gone,0,5.5,1,1.22940610315348468550076430957368510446,1,1001,1,1001,353.26,0,0
202843523,AUS / Melton (AUS) 3rd Sep,TO BE PLACED,03-09-2022 11:07,21832930,3. Outback Shadow,0,32.97879649261476,1,1.40820734341252699784017278617710583153,1,1001,1,1001,46.3,0,0
202843523,AUS / Melton (AUS) 3rd Sep,TO BE PLACED,03-09-2022 11:07,40385062,1. Niki Nah Nah,0,4.205560035519882,1,2.23559175322631413282971356625747560592,1,1001,1,1001,762.48,0,0
202843526,AUS / Melton (AUS) 3rd Sep,TO BE PLACED,03-09-2022 11:42,12276522,2. Bettor Be The Bomb,0,6.154449473786451,1,1.97704754516236285049318408511581513909,1,1001,1,1001,360.92,0,0
202843575,AUS / Albion Park (AUS) 3rd Sep,TO BE PLACED,03-09-2022 12:36,38139121,3. Dancintothebeat,0,4.56536,1,1,1,1001,1,1001,0,0,0
202843563,AUS / Albion Park (AUS) 3rd Sep,TO BE PLACED,03-09-2022 10:10,39098020,7. Aunty Bella,1,2.3998964364731914,1,1.56385150055576139310855872545387180437,1,1001,1,1001,1349.5,0,0
202843566,AUS / Albion Park (AUS) 3rd Sep,TO BE PLACED,03-09-2022 10:45,28036874,4. Backintown,0,3.25,1,1.21588719882240528884642202308705420551,1,1001,1,1001,774.46,0,0
202843566,AUS / Albion Park (AUS) 3rd Sep,TO BE PLACED,03-09-2022 10:45,17567528,9. Yankee C J,0,29.499923755750054,1,1.01302016849629818738830737809548123564,1,1001,1,1001,78.34,0,0
202843554,AUS / Albion Park (AUS) 3rd Sep,TO BE PLACED,03-09-2022 08:44,17441057,4. Feelingforarainbow,1,5.389773645188665,1,1.11454275929049736747942544599499054337,1,1001,1,1001,391.26,0,0
202843554,AUS / Albion Park (AUS) 3rd Sep,TO BE PLACED,03-09-2022 08:44,18740214,3. Escalera,0,6.848042566785589,1,1.00482874066443471542621684264743754829,1,1001,1,1001,310.64,0,0
202843560,AUS / Albion Park (AUS) 3rd Sep,TO BE PLACED,03-09-2022 09:44,38788915,3. Docta Feelgood,0,3.426773443,1,1.06564308449074074074074074074074074074,1,1001,1,1001,552.96,0,0
202843572,AUS / Albion Park (AUS) 3rd Sep,TO BE PLACED,03-09-2022 11:54,3372202,1. Kingdom Come,1,2.06,1,1.46173564928822576609557923015130963825,1,1001,1,1001,1518.74,0,0
202843572,AUS / Albion Park (AUS) 3rd Sep,TO BE PLACED,03-09-2022 11:54,25102115,2. Indefensible,0,8.106987755561764,1,1.93492840181334100885083111462905663093,1,1001,1,1001,277.94,0,0
202843572,AUS / Albion Park (AUS) 3rd Sep,TO BE PLACED,03-09-2022 11:54,35921066,5. Sir Fahrenheit,0,3.976134753,1,3.35452283997433055247651828948136048072,1,1001,1,1001,1714.1,0,0
202854720,AUS / Hobart (AUS) 3rd Sep,TO BE PLACED,03-09-2022 09:35,48031095,7. Cee Tee Chelsea,0,1.92,1,1.4905612811963221178134788319692836213,1,1001,1,1001,1583.52,0,0
202854720,AUS / Hobart (AUS) 3rd Sep,TO BE PLACED,03-09-2022 09:35,48031096,8. Chasin Frankie,0,2.302151252615731,1,1.16932454277473137024945323148118799328,1,1001,1,1001,630.98,0,0
202854732,AUS / Hobart (AUS) 3rd Sep,TO BE PLACED,03-09-2022 13:02,19554340,3. Jackson Neptune,0,3.2991165574237673,1,1,1,1001,1,1001,0,0,0
202854732,AUS / Hobart (AUS) 3rd Sep,TO BE PLACED,03-09-2022 13:02,45346665,11. Lifeofbrian,0,14.252502109621835,1,1,1,1001,1,1001,0,0,0
202854728,AUS / Hobart (AUS) 3rd Sep,TO BE PLACED,03-09-2022 11:49,39890292,1. Our Balou,0,18.5,1,6.14580725907384230287859824780976220275,1,1001,1,1001,15.98,0,0
202854722,AUS / Hobart (AUS) 3rd Sep,TO BE PLACED,03-09-2022 10:06,17117979,11. One Off,0,15.5,1,3.25031289111389236545682102628285356696,1,1001,1,1001,15.98,0,0
202854722,AUS / Hobart (AUS) 3rd Sep,TO BE PLACED,03-09-2022 10:06,38835844,3. Mia Ragazza,1,1.9550205678063253,1,1.06040489314556741809658102441078982548,1,1001,1,1001,1092.14,0,0
202854722,AUS / Hobart (AUS) 3rd Sep,TO BE PLACED,03-09-2022 10:06,25268095,13. Somedan,1,3.0880694543859244,1,,1,1001,1,1001,325.64,0,0
202854734,AUS / Hobart (AUS) 3rd Sep,TO BE PLACED,03-09-2022 13:35,27207240,9. Kuzma,0,2.500059880239521,1,1,1,1001,1,1001,0,0,0
202854726,AUS / Hobart (AUS) 3rd Sep,TO BE PLACED,03-09-2022 11:14,40960943,4. Miss Barty,0,10.230569935329257,1,1.00987856141989724427837459131247080803,1,1001,1,1001,171.28,0,0
202854726,AUS / Hobart (AUS) 3rd Sep,TO BE PLACED,03-09-2022 11:14,42259968,3. Baldasarre,0,23.958246928416195,1,1.13838422883649014302280633938925396212,1,1001,1,1001,51.74,0,0
202854726,AUS / Hobart (AUS) 3rd Sep,TO BE PLACED,03-09-2022 11:14,47210821,13. Impulze,0,3.0345243412237606,1,1.169077752300407968791876358655191924,1,1001,1,1001,671.62,0,0
202854726,AUS / Hobart (AUS) 3rd Sep,TO BE PLACED,03-09-2022 11:14,48031103,9. Sports Illustrator,1,15.481140754899135,1,1.14304276523274883310205626340355746184,1,1001,1,1001,158.54,0,0
202854730,AUS / Hobart (AUS) 3rd Sep,TO BE PLACED,03-09-2022 12:28,26880011,2. Mozasu,0,9.403831773198577,1,1,1,1001,1,1001,0,0,0
202854730,AUS / Hobart (AUS) 3rd Sep,TO BE PLACED,03-09-2022 12:28,38753632,5. Alta Cassino,1,1.208406181801185,1,1,1,1001,1,1001,0,0,0
202854730,AUS / Hobart (AUS) 3rd Sep,TO BE PLACED,03-09-2022 12:28,40284953,12. Ifitstobeitsuptome,0,8.8592598262684,1,1,1,1001,1,1001,0,0,0
202854769,AUS / Globe Derby (AUS) 3rd Sep,TO BE PLACED,03-09-2022 13:43,41922033,4. Rock To Success,0,2.9047619047619047,1,1,1,1001,1,1001,0,0,0
202854757,AUS / Globe Derby (AUS) 3rd Sep,TO BE PLACED,03-09-2022 10:25,35090171,6. Amore Rock,1,1.467169359,1,1.17621233859397417503586800573888091822,1,1001,1,1001,2077.06,0,0
202854759,AUS / Globe Derby (AUS) 3rd Sep,TO BE PLACED,03-09-2022 11:00,43883250,7. Kabayo King,0,6.145507902763657,1,2.14792317301686445971267957526545908807,1,1001,1,1001,128.08,0,0
202854893,AUS / Northam (AUS) 3rd Sep,TO BE PLACED,03-09-2022 13:50,24465402,7. Dynamite Beach,0,2.24,1,1,1,1001,1,1001,0,0,0
202854889,AUS / Northam (AUS) 3rd Sep,TO BE PLACED,03-09-2022 12:51,21530607,1. Ourcaribbeancruise,0,27.11343283582101,1,1,1,1001,1,1001,0,0,0
202854885,AUS / Northam (AUS) 3rd Sep,TO BE PLACED,03-09-2022 11:58,27423490,5. Osaka,1,2.6595480386793815,1,1.10197473911936879613133112751336217867,1,1001,1,1001,628.64,0,0
202854881,AUS / Northam (AUS) 3rd Sep,TO BE PLACED,03-09-2022 10:47,48062048,7. Stapleton,1,9.849009901,1,,1,1001,1,1001,181.66,0,0
202854881,AUS / Northam (AUS) 3rd Sep,TO BE PLACED,03-09-2022 10:47,42496690,1. Heez Good As Gold,1,1.5146720781555634,1,1.05172466418616383931386769250173424986,1,1001,1,1001,1585.7,0,0
202854887,AUS / Northam (AUS) 3rd Sep,TO BE PLACED,03-09-2022 12:25,38461370,10. Batavia Streamline,0,4.85298648,1,1,1,1001,1,1001,0,0,0
