EVENT_ID,MENU_HINT,EVENT_NAME,EVENT_DT,SELECTION_ID,SELECTION_NAME,WIN_LOSE,BSP,PPWAP,MORNINGWAP,PPMAX,PPMIN,IPMAX,IPMIN,MORNINGTRADEDVOL,PPTRADEDVOL,IPTRADEDVOL
114597429,GB / Daily Win Dist Odds,Newton Abbot,14-07-2014 14:10,2401417,Less than 27 lengths,1,,2.3616827262096875645291458887162611702,1,1,1001,1,1001,0,543.64,24
114597429,GB / Daily Win Dist Odds,Newton Abbot,14-07-2014 14:10,2436171,27 - 37 lengths inclusive,0,,3.60989092711948438274665344571145265245,1,1,1001,1,1001,0,80.68,0
114587611,GB / Ayr 14th Jul,7f Mdn,14-07-2014 14:30,8596856,Go On Chas,0,160,169.893028013737083317154801139253227593,72.8573590452632823863387634723584810157,330,80,1000,170,48.14,2034.1,94.74
114587615,GB / Ayr 14th Jul,1m2f Hcap,14-07-2014 15:30,7720366,Maracuja,1,2.165174595,2.19320864437595661932575365608784632854,2.69446202485565808499185684822044160702,3.38,2.14,2.26,1.01,14033.04,462198.4,169837.3
114587619,GB / Ayr 14th Jul,5f Hcap,14-07-2014 16:30,5800734,Black Douglas,0,8.281784631,8.20205025486511598409952963707476787928,7.44427438696019006610381612843864343971,9.4,7,1000,3.95,715.3,48304.06,3259.48
114587619,GB / Ayr 14th Jul,5f Hcap,14-07-2014 16:30,6454853,Findog,0,26,18.9772914215665835567925257094106550186,32.9593473466590193456534210052234101268,34,19.5,1000,2.5,88.24,11582.32,2777.86
114587640,GB / Ling 14th Jul,1m Hcap,14-07-2014 20:50,3195949,Cyflymder,1,6.385252483482999,5.23686998064622297902830553909563454324,6.94874579911737238141250795863128940454,6.4,4.1,6.6,1.01,424.94,135329.84,90638.38
114587640,GB / Ling 14th Jul,1m Hcap,14-07-2014 20:50,4717588,Greek Islands,0,12.985734753372231,12.3812253318515659458207404975104636466,7.80166969256241265936120142455380888694,14,9,850,7,232.68,27535.8,1438.22
114587640,GB / Ling 14th Jul,1m Hcap,14-07-2014 20:50,5661119,Cahala Dancer,0,76.013867429,65.1602624535051110717288352347653864425,16.6350604867376947904557271698574024697,90,36,850,70,65.56,4653,283.52
114587634,GB / Ling 14th Jul,7f Hcap,14-07-2014 19:20,7615275,Marmarus,1,15,15.5400416586260914416993710163967424182,16.7016771874124826694126493171512993832,18.5,13,18,1.01,159.62,10463.2,49767.64
114587634,GB / Ling 14th Jul,7f Hcap,14-07-2014 19:20,8492636,Crafty Business,0,85,68.8677769155037732034781481956692436996,44.5710924515725164405874583253214903771,85,48,1000,55,33.6,2957.36,468.8
114587638,GB / Ling 14th Jul,1m2f Mdn Stks,14-07-2014 20:20,7897659,Born To Reign,0,58.55370858,66.4932035228979045708085632019171564706,31.5477904294252541968817270136137412276,130,32,1000,75,98.3,6077.64,173.8
114587638,GB / Ling 14th Jul,1m2f Mdn Stks,14-07-2014 20:20,8481070,Old Guard,1,2.000668553465645,1.96505437740334329168977662701344161131,2.00190073598544935716520415701244122155,2.18,1.84,18,1.01,5514.1,467425.88,93114.42
114587638,GB / Ling 14th Jul,1m2f Mdn Stks,14-07-2014 20:20,8492640,Slunovrat,0,504.6111723563175,811.038081430672303712413070746711360534,256.388299967839445418817659327461083639,1000,250,1000,510,7.32,679.78,24.24
114587628,GB / Ling 14th Jul,6f Mdn Stks,14-07-2014 17:50,4453750,Willow Creek,0,2.3289935682216987,2.29235659467016701056233212404130948347,2.85054579639492111254296730184404641562,3.15,2.18,400,1.58,1744.7,382240.24,41382.92
114587636,GB / Ling 14th Jul,1m4f Claim Stks,14-07-2014 19:50,6365548,Sutton Sid,0,6,5.89939121333606588064169214657082747684,6.19042366971608670749593155506051469969,6.6,5.1,1000,5.8,281.24,38534.24,5767.32
114587649,GB / Newt 14th Jul,2m6f Hcap Hrd,14-07-2014 14:40,6918044,Goodacres Garden,0,15.5,15.8442317150155201436188885849020803117,22.6664308818836452794099017043954816846,26,15,1000,9,244.84,8834.24,3345.94
114587651,GB / Newt 14th Jul,2m5f Hcap Chs,14-07-2014 15:10,2597538,Porters War,1,9.050779948229408,8.45121865885938380216189258753058146597,8.07936093526058163360782246416324667345,9.6,6.93,390,1.02,868.64,42536.62,145628.72
114587655,GB / Newt 14th Jul,2m1f Hcap Hrd,14-07-2014 16:10,7272361,Sureness,0,8.092453465647523,6.54461645591414123756025169529095058298,3.8562046751606978978664635426539205082,8,3.6,1000,2.5,2691.02,69661.04,18503.4
114587657,GB / Newt 14th Jul,2m Hcap Chs,14-07-2014 16:40,4768896,Miss Tenacious,1,7,6.27066248510306283738607749291073055516,4.06791063820531660280161515060821622952,7.4,3.9,7,1.01,1070.36,73602.18,168004.82
114587661,GB / Wind 14th Jul,5f App Hcap,14-07-2014 18:00,3212673,Dark Lane,1,5.008994586629125,4.75942260992006970932620542559065819442,4.48037306194588515316384784240602273053,5.7,4.24,10,1.01,1169.52,56695.86,46013.4
114587663,GB / Wind 14th Jul,1m2f Sell Stks,14-07-2014 18:30,8330201,Lindart,0,27.123124843,21.50856546364970571312366262183188584,17.5298269500104364486579760080641228666,32,15.5,990,1.28,47.78,12548.02,21771.7
114587665,GB / Wind 14th Jul,5f Mdn,14-07-2014 19:00,8665851,Gen I Am,0,87.2260348532338,89.249691003148985528029500196644327659,95.0528655206633110057175658641494156599,150,65,900,80,11.94,3351.66,59.72
114587667,GB / Wind 14th Jul,6f Mdn,14-07-2014 19:30,346323,Commodore,0,66.28107095726997,68.7567702902543801493475082797314533234,93.9929327316096311985739801093598749332,140,42,190,50,9.46,3050.34,134.72
114587667,GB / Wind 14th Jul,6f Mdn,14-07-2014 19:30,8698325,Skate,0,46.6672436102666,51.3679312904681945308858725648982284299,41.8159290698195307587759784802979531149,85,30,1000,21,45.78,8312.22,488.6
114587669,GB / Wind 14th Jul,1m Hcap,14-07-2014 20:00,7338843,Rayoumti,0,12,10.5621616436220296208084826002395427953,7.28667605365907441894710249051062922598,14.5,7.06,990,8,531.22,28101.24,1439.12
114587669,GB / Wind 14th Jul,1m Hcap,14-07-2014 20:00,7600763,Alys Love,0,26,19.9121718938152605566112275189379723869,13.5507964358362127710018972721382206692,32,13,850,27,477.84,12633.54,467.5
114587671,GB / Wind 14th Jul,1m3f Hcap,14-07-2014 20:30,8231809,Barye,0,7.758392305302561,6.74351984592801382815271395659123006798,7.46540258316156797290247753421931313568,9.37,6,900,2.02,1987.42,75363.48,14890.8
114587673,GB / Wind 14th Jul,1m2f Hcap,14-07-2014 21:00,8493523,Duke of Destiny,0,6.4,7.24484365143218639500471945198635835646,9.85501207234845478591632493891590950846,12,6,1000,7.2,418.8,78025.06,1497.46
114587611,GB / Ayr 14th Jul,7f Mdn,14-07-2014 14:30,8603830,Chadic,1,5.1,4.18683885254215323209101577454727570068,4.19494755756721739623157751528880897457,5.1,3.6,4.7,1.01,4710.86,188103.64,94016.84
114587611,GB / Ayr 14th Jul,7f Mdn,14-07-2014 14:30,8556769,Intiwin,0,4.6,3.82663531820578423561773196133575633056,3.67327374007654087942802662572387511811,4.8,3.04,1000,2.72,6094.26,225318.3,10360.44
114587613,GB / Ayr 14th Jul,1m Hcap,14-07-2014 15:00,914807,Dhaular Dhar,0,10.043663988647442,8.24845891815054225691253725772842969078,10.6422196423345426970732483403201650677,12.5,7.4,140,3,895.14,50719.22,8067.52
114587617,GB / Ayr 14th Jul,6f Hcap,14-07-2014 16:00,3015086,Go Go Green,0,14.5,10.3194658371068235478993932569809090284,12.5085620696315166332531893975885969962,22,9.2,1000,2.8,3982.92,54950.78,5647.82
114587619,GB / Ayr 14th Jul,5f Hcap,14-07-2014 16:30,6410829,Classy Anne,0,6.868075555777613,6.06334246381641164604827315810775592817,6.2520354380204152628174626596155705817,7.2,5.2,300,1.21,1459.44,101603.8,39768.76
114587619,GB / Ayr 14th Jul,5f Hcap,14-07-2014 16:30,5649452,Baltic Spirit,0,5.600537879,5.83071135598274509061907142324161707807,7.0633432610517129329114009525274354949,7.6,5.5,1000,5.7,1551.84,111810.52,4474.1
114587621,GB / Ayr 14th Jul,7f Hcap,14-07-2014 17:00,5559049,Escape To Glory,1,7.641133492374518,8.12122865149434440444924352114454364261,12.9003544282381258211546952355853376972,13.5,6.8,9.2,1.01,710.82,46049.88,56928.62
114587623,GB / Ayr 14th Jul,1m5f App Hcap,14-07-2014 17:30,4106166,Vittachi,0,11,10.2316798165763906533995374670068931978,13.7565999773514782765258016961729347153,12.69,8.8,1000,8.8,220.42,20979.02,2154.9
114587623,GB / Ayr 14th Jul,1m5f App Hcap,14-07-2014 17:30,6858952,Rainford Glory,0,4.1,4.34601607582622080440801130828358634174,4.50022756741329557625281814129051854856,5.78,3.95,1000,2,3725.06,166747.06,35007.94
114587640,GB / Ling 14th Jul,1m Hcap,14-07-2014 20:50,4867790,Warbond,0,6,5.93215128919611919934932164761875657078,7.21606399290718365243150605618052244979,7.03,5.2,850,5.8,1876.16,77565.86,2060.06
114587640,GB / Ling 14th Jul,1m Hcap,14-07-2014 20:50,8296064,Happydoingnothing,0,13,14.635488823313944891381996618907032423,10.8082307515094585023495908028777090642,18.5,12,220,11,126.98,17121.08,740.16
114587634,GB / Ling 14th Jul,7f Hcap,14-07-2014 19:20,7390421,Half Way,0,5.009425875345915,4.88901735140244686898712422304671838769,4.84179751391711492514475479860788483808,5.5,4.6,980,3.55,397.8,75026.58,6085.02
114587628,GB / Ling 14th Jul,6f Mdn Stks,14-07-2014 17:50,8565278,White Vin Jan,0,6.4,6.61530399522200782728804108656295348313,7.79878575620730613818980421908966940865,9.8,5.8,1000,4,264.4,65061.64,3746.78
114587630,GB / Ling 14th Jul,1m5f Hcap,14-07-2014 18:20,7300758,Harlequin Jinks,0,158.2599062558841,115.534458173477888524400978728647751322,67.1412143368365020899037858217507201928,210,65,340,110,1.16,1867.76,265.56
114587630,GB / Ling 14th Jul,1m5f Hcap,14-07-2014 18:20,7808951,Chesil Beach,0,9.427298561716011,8.1484639588618739920485428031706228677,8.4656324607194267498831490659267876457,10.5,7.2,900,7,429.52,40886.86,3782.26
114587630,GB / Ling 14th Jul,1m5f Hcap,14-07-2014 18:20,8183520,Dark Tsarina,0,95,73.2962136624123603544279748060905166242,26.9026126233393055921092518803916732207,130,28,1000,7,46.1,3443.5,1732.48
114587636,GB / Ling 14th Jul,1m4f Claim Stks,14-07-2014 19:50,5847455,Rock Band,0,11.97808900839187,11.8564508430296154767857861326427736637,11.4362946627490408075852312409030353128,13.5,9,850,7.4,673.48,15459.8,3257.74
114587636,GB / Ling 14th Jul,1m4f Claim Stks,14-07-2014 19:50,6817834,Ice Tres,0,9.528536642,11.1731184047712262710973737817150237709,18.0843497124816972868539925403327889486,15.5,9.4,1000,4.1,25.86,14496.7,4768.9
114587647,GB / Newt 14th Jul,2m1f Nov Hrd,14-07-2014 14:10,5631825,Calverleigh Court,0,218.615563294,334.707986130449658371570348395032112208,138.496277605980215116253879089396342944,580,100,1000,90,51.56,887.82,240.02
114587649,GB / Newt 14th Jul,2m6f Hcap Hrd,14-07-2014 14:40,6256474,Strong Wind,1,5,5.17178930254785225622908412667050859361,7.64364982749832037892108445282407662858,8.4,4.8,6.4,1.01,1212.06,74071.54,108845.24
114587649,GB / Newt 14th Jul,2m6f Hcap Hrd,14-07-2014 14:40,6761283,Cash For Steel,0,4.529497364,4.19635888464054450620636488417159436857,3.97359660383629362983980221279089064622,4.7,3.75,890,2.02,2993.24,88630.26,34541.88
114587649,GB / Newt 14th Jul,2m6f Hcap Hrd,14-07-2014 14:40,6761282,Darcey Diva,0,13.119171386377129,12.6338432975429591644822265758548873286,17.2757392153529793616334935949305800872,25,12.5,1000,11.5,630.46,11106.36,2782.36
114587653,GB / Newt 14th Jul,3m3f Hcap Hrd,14-07-2014 15:40,5869378,Right Enough,0,9.6,9.84628727808949864744539969915100860466,10.1836012404538988129060854637507872934,15.96,6.2,1000,4.8,1138.68,36527.86,10066.44
114587655,GB / Newt 14th Jul,2m1f Hcap Hrd,14-07-2014 16:10,5075244,Ittirad,1,5.368544555,4.56352432023945875294599472371868705804,3.51586832373046730508510711125714274927,5.5,3.36,8.2,1.01,2299.82,130961.82,127775.24
114587657,GB / Newt 14th Jul,2m Hcap Chs,14-07-2014 16:40,2282948,Bennys Quest,0,6.698409932,5.95532377493518313960729278224466202208,7.75601543127891471272449458295948774299,8.2,5.7,1000,6,244.86,74691.92,8299.96
114587659,GB / Newt 14th Jul,2m1f Hcap Hrd,14-07-2014 17:10,7044475,Dance,0,16.5,12.5046763646814346326424027945415074745,7.70847400112184656241067134792963182067,17,11,900,10,554.54,24977.16,5723.5
114587659,GB / Newt 14th Jul,2m1f Hcap Hrd,14-07-2014 17:10,6340905,Snowball,0,17.5,14.4718741150361057967185885352346891601,15.6050340672578603206260703048697193131,19.5,12,1000,13.5,192.44,16133.34,1755.26
114587661,GB / Wind 14th Jul,5f App Hcap,14-07-2014 18:00,2503257,First In Command,0,15.5,12.6426958966848526472318848809314430042,10.8189832551904489743240386950898293985,15.5,12.5,1000,12.5,192.82,8476.36,1338.02
114587661,GB / Wind 14th Jul,5f App Hcap,14-07-2014 18:00,3048059,Triple Dream,0,28.790187655168516,25.0659319951193523389004531013017599849,19.7172319128519544821796461263091727806,36,17.96,1000,30,172.26,7886.58,441.92
114587665,GB / Wind 14th Jul,5f Mdn,14-07-2014 19:00,17260,Effectual,0,13.499004557487767,14.7793657222474826499216160287298311825,13.3631843898436745975916494842367881724,24,10.5,850,2.22,108.02,15815.98,3325.86
114587665,GB / Wind 14th Jul,5f Mdn,14-07-2014 19:00,8698315,Candlelight,0,30,26.3047473029130694316944401419129186374,38.9971692843088528930839347053569020666,70,20,850,13,73.96,6790.64,376.64
114587667,GB / Wind 14th Jul,6f Mdn,14-07-2014 19:30,8497807,Carnival King,0,55,57.7065404127690517218149948316368617784,30.8224404363475697930487633012405311809,75,30,900,50,70.72,4072.06,82.12
114587667,GB / Wind 14th Jul,6f Mdn,14-07-2014 19:30,8698324,Sir Henry Raeburn,0,17.330855807894828,16.224408692259891982768333810471214219,25.1942002694297314419416643517192645593,27,13,850,12.5,99.78,18831.76,479.02
114587667,GB / Wind 14th Jul,6f Mdn,14-07-2014 19:30,8698320,Dunnscotia,0,291.2232878694683,233.465612919372831332357593149033979054,37.9721213669260528478585905552052435563,390,15,140,4,66.68,1090.66,1744.28
114587669,GB / Wind 14th Jul,1m Hcap,14-07-2014 20:00,7697042,Havelovewilltravel,0,7,6.66088040238598393740228907037420578058,8.72212386555653026255616807227312520446,12,6.2,1000,3.8,273.16,70657.6,6316.26
114587673,GB / Wind 14th Jul,1m2f Hcap,14-07-2014 21:00,6444045,Its Taboo,0,30.956284944,27.5528294578725462043104592339048481262,33.1442796223189189704790096640079765106,40,24,1000,32,37.72,8013,277.82
114587611,GB / Ayr 14th Jul,7f Mdn,14-07-2014 14:30,8525613,Gaudy,0,4.1,4.51635609936976516986015972345360644052,4.25633662413845219191117708194317480983,5.3,3.9,1000,4.2,2991.26,168067.78,5457.44
114587613,GB / Ayr 14th Jul,1m Hcap,14-07-2014 15:00,2424976,Berbice,0,67.753450663,68.8324575330751982807754392874362198383,32.0083487887358228629207447687282778347,110,28,1000,12,149.3,7124.52,2228.96
114587613,GB / Ayr 14th Jul,1m Hcap,14-07-2014 15:00,6358820,Rioja Day,0,8.550143957183028,7.43969493953279492881120872025121771316,9.17292044861765347597802856695980292166,10,6.6,1000,6.2,712,43791.28,3424.58
114587613,GB / Ayr 14th Jul,1m Hcap,14-07-2014 15:00,7298193,Live Dangerously,0,5.90917137927172,6.1474254658349480129032215443657292752,6.33711940386235560972792237976594419708,7.4,5.2,1000,3.3,1440.26,105336.88,6884.98
114587615,GB / Ayr 14th Jul,1m2f Hcap,14-07-2014 15:30,2586010,Royal Straight,0,7.316101675757945,6.80507726637902225329638144617018110171,5.96408736645369325926615424975863403259,8.2,5.8,1000,4.5,1783.34,63883.92,8368.76
114587615,GB / Ayr 14th Jul,1m2f Hcap,14-07-2014 15:30,2967343,Spavento,0,20.5636850403677,14.2966671036490904274377623409162667644,12.4804918141609445739591107214603179628,23,10.13,1000,23,1009.12,23968.88,820.7
114587617,GB / Ayr 14th Jul,6f Hcap,14-07-2014 16:00,5595057,Sunny Side Up,0,9.244510738591796,8.94360053281940257937956042457562627112,5.7649638436967960148134112510362226094,12,5.2,990,5,5058.76,50450.08,5303.68
114587617,GB / Ayr 14th Jul,6f Hcap,14-07-2014 16:00,7387175,Thorntoun Lady,0,7.693464530262935,7.80876397572442832917654222158734065656,9.55785647654179479068600502394029103468,11.5,7.6,1000,7.4,877.62,57358.42,1817.86
114587619,GB / Ayr 14th Jul,5f Hcap,14-07-2014 16:30,3253901,Chosen One,0,10,7.98183583480637918844143110578408443244,5.10280474983141197873024190978619273975,10.5,4.76,1000,8,5280.02,60903.06,2935.58
114587619,GB / Ayr 14th Jul,5f Hcap,14-07-2014 16:30,6793504,Little Eli,0,12.187282135553978,10.1233702816348682312960797595095239375,11.329398846264247560679321150623512707,17.5,9.2,1000,5.5,3553.7,36465.42,5078.04
114587623,GB / Ayr 14th Jul,1m5f App Hcap,14-07-2014 17:30,3830828,Stormy Morning,0,28.06886045071377,20.8296035991329661079271702582674471345,33.1958812166942965960222339939299562545,35,21,1000,26,34.54,8820.28,938.58
114587634,GB / Ling 14th Jul,7f Hcap,14-07-2014 19:20,7378273,Chantrea,0,9.2,8.46496265354891073701745245054216028515,6.83083288883031352253350989736984234666,9.6,6.2,1000,1.12,1013.44,46659.5,30024.56
114587638,GB / Ling 14th Jul,1m2f Mdn Stks,14-07-2014 20:20,8455752,Tabjeel,0,3.9,3.37959487231520671210886148095936307095,3.00651772589676909413042727653457618156,3.9,2.96,1000,1.3,1957.48,228058.14,39073.84
114587638,GB / Ling 14th Jul,1m2f Mdn Stks,14-07-2014 20:20,8698314,Deftera Fantutte,0,548.898462537,501.003638949449162297472714407107567339,120.82396976126606157311757328524891674,840,95,1000,160,20.84,849.42,134.4
114587628,GB / Ling 14th Jul,6f Mdn Stks,14-07-2014 17:50,8659871,Bannister Bell,0,34.63216762858449,38.3806980470041423429970517998690186294,27.9652585598961845345245491409468077906,48,25,1000,2.84,37.18,5132.7,4855.78
114587632,GB / Ling 14th Jul,6f Hcap,14-07-2014 18:50,5667996,Als Memory,0,24,20.6806213648834975707998603860995045471,19.6897180118018110624173811338081410635,28,18,1000,3,397.64,12333.44,5356.62
114587636,GB / Ling 14th Jul,1m4f Claim Stks,14-07-2014 19:50,6393124,Elegant Ophelia,1,4.522777808216905,4.47196868836546998989207702357040404603,7.65568721720698833166158870314645549364,7.8,4,5.3,1.01,816.2,87868.3,66960.34
114587647,GB / Newt 14th Jul,2m1f Nov Hrd,14-07-2014 14:10,7853140,Leviche,0,1000,667.463827961344234026829865471446271518,223.747055492908659766621627991845369217,1000,150,1000,730,47.2,753.44,45.94
114587649,GB / Newt 14th Jul,2m6f Hcap Hrd,14-07-2014 14:40,6271723,Genuine Art,0,176.03955900533794,138.997412932375737636813517693683083999,113.532453135281796225124756166605787883,230,130,1000,160,13.38,1204.84,144.46
114587649,GB / Newt 14th Jul,2m6f Hcap Hrd,14-07-2014 14:40,6850738,No Ifs No Buts,0,12.5,10.5879448269181135727943183654758942049,14.1938523406324659760872214963168902913,17,9.6,1000,2.52,479.74,24526.24,21688.92
114587651,GB / Newt 14th Jul,2m5f Hcap Chs,14-07-2014 15:10,4717605,Cardigan Island,0,12,9.31536410822945577282530618982443867226,6.8976970065184186842898070793924228094,12.5,6.2,1000,2.66,2098.76,32174.2,18548.28
114587653,GB / Newt 14th Jul,3m3f Hcap Hrd,14-07-2014 15:40,5431053,Franklin Roosevelt,1,5.3,4.84575209897570778010128759156762494087,5.05801952758168264690404510554919351998,5.4,4.4,5.3,1.01,1162.32,117397.28,174021.36
114587653,GB / Newt 14th Jul,3m3f Hcap Hrd,14-07-2014 15:40,3304101,Tarvini,0,13.869923619582478,14.6369232259760938118354090143251615795,14.5987068308153531046599110866588279269,21,12.5,1000,13.5,235.56,19550.54,6243.16
114587655,GB / Newt 14th Jul,2m1f Hcap Hrd,14-07-2014 16:10,5099916,Tenby Jewel,0,24,30.8789597100101741651142646192220288152,33.6720841067673684241687508169827903378,50,23,1000,3,95.8,10453.64,6795.22
114587659,GB / Newt 14th Jul,2m1f Hcap Hrd,14-07-2014 17:10,4951796,Simmons,0,28,26.3532389643147370414580979510347299301,27.8974826234463493807854565257371167967,46,26,1000,30,89.86,9285.18,1088.72
114587659,GB / Newt 14th Jul,2m1f Hcap Hrd,14-07-2014 17:10,5033061,Taqaat,0,19.92246638668046,17.1615505308910795276768601325088220596,23.2025476207792111698868053327074515629,26,18.5,900,8.6,324.9,12567.22,4914.96
114587661,GB / Wind 14th Jul,5f App Hcap,14-07-2014 18:00,7390426,Joyous,0,10.27737507,9.09151538138006069758571031386142991843,5.79466909295813122501516405931313860397,12,5.16,950,4,952.96,27719.9,4000.02
114587661,GB / Wind 14th Jul,5f App Hcap,14-07-2014 18:00,4924349,Whitecrest,0,10.5,8.80686763860733438685253021456757444457,11.2376501705507571275708230139117187884,12.5,10,1000,9.6,271.98,18136.04,2085.18
114587665,GB / Wind 14th Jul,5f Mdn,14-07-2014 19:00,250663,Inspire,0,526.4572663705084,416.676753300469221863639473229357404253,237.428894996997822468015327628828835547,670,190,900,740,1.18,937.48,3.4
114587665,GB / Wind 14th Jul,5f Mdn,14-07-2014 19:00,8521311,Lady Kyllar,0,43.570004334,35.4537747595753543364386927756752449115,24.476937795735340812519658323155692168,55,16.5,850,30,82.22,7391.64,93.54
114587667,GB / Wind 14th Jul,6f Mdn,14-07-2014 19:30,8641321,Starlight June,0,156.351959888,131.703221152819984405839510871370876172,54.7772091796067576198073540324321290299,210,60,200,160,27.08,1801.04,28.82
114587667,GB / Wind 14th Jul,6f Mdn,14-07-2014 19:30,8698321,Fast Dancer,0,87.83978472872028,130.792067811705217300176917689271689472,70.5469946324490064906355134164845029851,200,80,180,95,12.62,1756.66,76.5
114587669,GB / Wind 14th Jul,1m Hcap,14-07-2014 20:00,8486262,Rekdhat,1,8.435176599709084,6.89016642821502802571384092481631866702,6.88858481150082844249159729571570622602,8.6,6.6,75,1.01,492.9,52151.36,55529.58
114587671,GB / Wind 14th Jul,1m3f Hcap,14-07-2014 20:30,236440,Ganges,0,4.044486533495762,3.99614255127656692732437377383443128382,3.64164568114010692648584531620318135587,4.7,3.33,1000,3.9,5315.04,121522.58,8071.7
114587673,GB / Wind 14th Jul,1m2f Hcap,14-07-2014 21:00,3351441,Chapter And Verse,0,8.6,8.54883805844861035504379739712005401149,14.9049938432022602618924552865170058557,19.16,8.4,1000,7.6,507.5,60166.54,2964.44
114587615,GB / Ayr 14th Jul,1m2f Hcap,14-07-2014 15:30,6718197,Woodstock,0,20,16.1883211024787231365067915195644528233,15.7276900390030761491049890848464012644,23,13,1000,14,300,19021.26,2186.1
114587615,GB / Ayr 14th Jul,1m2f Hcap,14-07-2014 15:30,7664395,Thorntoun Care,0,5.332565305413372,5.35161257400419572047769454476115709956,6.05978624954173197302935732390062099505,6.6,5,1000,5,925.02,92402.86,8546.68
114587619,GB / Ayr 14th Jul,5f Hcap,14-07-2014 16:30,6465011,Chloes Dream,0,22,18.8691456832365456794947739994210265637,25.8955710010184485539587850272125118632,34,21,1000,12.5,112,11804.14,728.4
114587621,GB / Ayr 14th Jul,7f Hcap,14-07-2014 17:00,5486051,Gatepost,0,5.712286629771262,5.91489324076770782769054638438429293113,6.84427713480944760402667164564512153929,7.2,5.4,1000,5.5,1032.74,85520.64,3166.42
114587623,GB / Ayr 14th Jul,1m5f App Hcap,14-07-2014 17:30,4789203,Eilean Mor,1,7.2,6.0162398494453969281574495978669979342,5.0944670450587703982777509444828515832,7.4,4.2,8,1.02,414.66,58551.74,94621.82
114587623,GB / Ayr 14th Jul,1m5f App Hcap,14-07-2014 17:30,6404053,Wor Lass,0,12,10.8007957766402681081663001578524589323,10.1689524466260122767086443355265206185,15.5,8.23,34,1.21,118.32,15074.48,24630.54
114587623,GB / Ayr 14th Jul,1m5f App Hcap,14-07-2014 17:30,7691149,Mystical King,0,48.47015265973285,46.0959390408958167146203130165054315535,38.9060774040136744237000022554421748354,78.75,42,1000,30,34.76,4960.28,839.18
114587623,GB / Ayr 14th Jul,1m5f App Hcap,14-07-2014 17:30,5658076,Inniscastle Boy,0,24.566696690318636,22.6740646791185464211669578551669314609,25.9663974406881447975982590677345318119,36,21,1000,23,46,6407.44,1049.24
114587638,GB / Ling 14th Jul,1m2f Mdn Stks,14-07-2014 20:20,8639909,Kicking The Can,0,5.761138863354715,6.95818446870763849675836056981827597813,9.45702889338252379709679966261667163031,11.5,5.3,1000,2.42,218.66,115412.18,14226.98
114587630,GB / Ling 14th Jul,1m5f Hcap,14-07-2014 18:20,7367927,Acquaint,0,14.5,11.0164860714938249076102264842417106472,12.7722429857627344473745262790764270638,18.5,9.4,1000,8,1041.06,28297.34,2315.6
114587632,GB / Ling 14th Jul,6f Hcap,14-07-2014 18:50,8145908,Outbacker,0,12.308342488472478,10.4775244270274550275452276116704971535,8.19424688551104262549982273256507575079,14,7.6,1000,6.6,1272.84,23412.22,4727.5
114587632,GB / Ling 14th Jul,6f Hcap,14-07-2014 18:50,5706179,Kinglami,0,12.347858148,10.6503698225185970205688209088929870975,17.6241066045082809791071872076596270998,24,10.5,1000,13,541.04,21739.72,830.18
114587632,GB / Ling 14th Jul,6f Hcap,14-07-2014 18:50,7185306,Honey Meadow,0,9.583383492882017,10.0685275351408439470322394993630792671,10.7774361145941349804429824325252474295,15,9.4,1000,10,3402.26,40131.16,1160.44
114587636,GB / Ling 14th Jul,1m4f Claim Stks,14-07-2014 19:50,4111692,Green Earth,0,22,21.5057507782435727202201833583801427793,16.3371037735919653375878021486301698712,28,19,850,21,41.96,4612.9,1035.5
114587649,GB / Newt 14th Jul,2m6f Hcap Hrd,14-07-2014 14:40,5045285,Watchmetail,0,12,10.3761732447700020155296173432876316305,14.5891722337937934958074335400942480666,16,10.5,1000,8.4,693.96,16817.72,4807.12
114587651,GB / Newt 14th Jul,2m5f Hcap Chs,14-07-2014 15:10,5985445,Martin Cash,0,8.8,8.02860735176176796461138219999632262508,9.59157617922147259368637678164702326554,10.5,8.2,1000,4.2,891.78,26818.8,10395.38
114587653,GB / Newt 14th Jul,3m3f Hcap Hrd,14-07-2014 15:40,2720821,Southway Queen,0,21.211083051,23.2281099355638063697483354076741370893,18.8062174010090442596469402066770378885,28,16.72,1000,20,204.64,10569.5,1736.04
114587655,GB / Newt 14th Jul,2m1f Hcap Hrd,14-07-2014 16:10,2514190,Bathwick Man,0,10.5,11.9181878546776374818973474250426214383,13.0254384468558203681954726824054576519,27,8.58,900,11,239.44,15485.4,2016.4
114587655,GB / Newt 14th Jul,2m1f Hcap Hrd,14-07-2014 16:10,6810844,Ubaldo Des Menhies,0,6.878762270737935,6.92469469977868271950328960408493876326,13.8253786213017727103780089113484802451,14.14,5.9,900,4.4,452,63971.88,18080.56
114587663,GB / Wind 14th Jul,1m2f Sell Stks,14-07-2014 18:30,6869858,Hail To Princess,0,12.645549761,14.8631641848941007529911814557786246446,37.5956494594586966567100125789559690714,45.98,12.5,990,7.8,76.46,20957.72,2992.38
114587667,GB / Wind 14th Jul,6f Mdn,14-07-2014 19:30,8452037,Crafty Choice,0,10.838642052422276,10.4827379164244689853730137513664925318,6.30546815798760603608199246410241283819,13,5.8,1000,14.5,1097.86,27119.68,501.08
114587667,GB / Wind 14th Jul,6f Mdn,14-07-2014 19:30,8553190,Heartbreak Hero,1,1.8601355832916124,1.86711229891665374167027710875054358776,2.11918842716036156500081434105967780843,2.26,1.79,1.87,1.01,9655.58,596218.28,77511.54
114587667,GB / Wind 14th Jul,6f Mdn,14-07-2014 19:30,8665857,Arthurs Way,0,391.05963066988403,320.08373283510138251275706578206846403,78.2998166235695701421758724051497778992,510,85,290,240,13.02,1044.64,30.94
114587669,GB / Wind 14th Jul,1m Hcap,14-07-2014 20:00,5668082,Flamborough Breeze,0,46,25.1800445843844038140463272903315215701,37.4008372412495038481740447295465827824,46,23,900,25,58,9229.44,516.66
114587669,GB / Wind 14th Jul,1m Hcap,14-07-2014 20:00,7185303,Hedge End,0,9,7.62800972439330931204042171101901866226,9.98645873899795896380017063993868217242,10,7,1000,6.8,271.38,62658.9,2654.64
114587669,GB / Wind 14th Jul,1m Hcap,14-07-2014 20:00,7596830,Tullia,0,7.28924549559888,7.08873737005580079036775318032995350497,9.17255977873937081774579268147363586476,10,6.2,1000,5,315.78,46002.02,3321.96
114587669,GB / Wind 14th Jul,1m Hcap,14-07-2014 20:00,6783620,Thankyou Very Much,0,10.996112159,10.1514544532846902375821760638936494405,11.8826016483318806364382393178511829054,15.5,10,1000,11,213.44,19607.04,853.76
114597381,GB / Daily Win Dist Odds,Ayr,14-07-2014 14:30,2381570,More than 12 lengths,0,,2.64025282545429661360223664989055703282,1,1,1001,1,1001,0,278.44,4
114587611,GB / Ayr 14th Jul,7f Mdn,14-07-2014 14:30,8698309,Sir Chauvelin,0,30.85497545759776,32.7086335088103474394220940183395679969,38.4911413240004289531446989862288887208,60,27,1000,34,157.24,18458.92,731.24
114587611,GB / Ayr 14th Jul,7f Mdn,14-07-2014 14:30,8560723,Danny Oruairc,0,36.85966698565258,27.5406947466466935424494035566560111766,17.9083166127406506139741205785592409323,44,14.46,990,18,443.64,16118.52,1186.2
114587613,GB / Ayr 14th Jul,1m Hcap,14-07-2014 15:00,5502105,Ewell Place,0,3.788553281,3.62943859741362690810192833607408994476,4.38786656111333075020386965506838961049,4.6,3.4,1000,3.1,2276.02,177578.24,18075.1
114587613,GB / Ayr 14th Jul,1m Hcap,14-07-2014 15:00,6315863,Run Fat Lass Run,0,10.620433665660094,9.53894477507760585114507933614706667993,7.57629477908647520221314208535444274313,12.5,6.4,1000,9.6,802.6,26061.76,1366.32
114587615,GB / Ayr 14th Jul,1m2f Hcap,14-07-2014 15:30,6745318,Mandy The Nag,0,32.56259673219974,23.2248526091399404748641166276749761975,12.0441306653877584049282861195265175475,34,14.5,1000,24,292.76,14956.26,1269.46
114587621,GB / Ayr 14th Jul,7f Hcap,14-07-2014 17:00,5184675,Circuitous,0,7.839408290213324,8.6774980201612857402858545063388671851,8.92800681433353522249774033082665248705,11.5,7,1000,2.32,2628.62,48904.92,14641.8
114587623,GB / Ayr 14th Jul,1m5f App Hcap,14-07-2014 17:30,6764644,Jebulani,0,23.01515432781416,19.6228290550310751776414225111102184847,30.3333657691464454871479590432769654719,42,22,1000,13,22,9286.8,1300.32
114587640,GB / Ling 14th Jul,1m Hcap,14-07-2014 20:50,3138955,Bold Ring,0,32,30.2603838877602817689591034423495916333,15.1319102302747144082706012710935402227,38,19.5,1000,29,100.02,10486.98,325.02
114587640,GB / Ling 14th Jul,1m Hcap,14-07-2014 20:50,4955715,Divine Rule,0,42.39711535552356,39.7062688151483355356610403577037842139,15.8305430057407181687775840430547816734,48,32,770,34,43.5,5088.94,281.84
114587638,GB / Ling 14th Jul,1m2f Mdn Stks,14-07-2014 20:20,8617710,Perfect Outcome,0,150,168.568685438446758161221106104551558911,92.2412841244923691593381172040028846676,240,75,1000,130,45.06,1977.6,157.5
114587628,GB / Ling 14th Jul,6f Mdn Stks,14-07-2014 17:50,8698310,Snappy Mann,0,61.26173154489458,70.483421136383264191662490776864211699,23.8290379181716116042821815601816219877,90,30,1000,75,37.2,2596.22,180.72
114587630,GB / Ling 14th Jul,1m5f Hcap,14-07-2014 18:20,7808934,Rock of Leon,0,5.7,4.60996332171907727148574066466599030244,4.73030841109860929911054276309893042747,5.6,4.1,1000,2.3,425.1,93532.14,12766.6
114587630,GB / Ling 14th Jul,1m5f Hcap,14-07-2014 18:20,7615715,Maid of Tuscany,0,11.5,9.87018166789828954424509692148483465057,8.49499109019328089117809081166398193647,12.5,8.4,1000,1.24,218.56,18965.54,18561.34
114587636,GB / Ling 14th Jul,1m4f Claim Stks,14-07-2014 19:50,4007711,Until The Man,0,85,71.2693872697901812313806009457766812552,1,85,42,850,36,0,1414.28,881.42
114587647,GB / Newt 14th Jul,2m1f Nov Hrd,14-07-2014 14:10,7627280,My Direction,0,7.73923108829884,7.09928495232972735701963293107692664011,5.76410735385740178648723904786198987275,7.8,5.2,1000,3.45,2422.26,51570.46,13220.62
114587649,GB / Newt 14th Jul,2m6f Hcap Hrd,14-07-2014 14:40,7092718,Unefille De Guye,0,30,28.1848239722737732622806932219371741194,28.4775030514981970946553962969779902664,36,21,1000,28,213.42,7706.8,1357.86
114587651,GB / Newt 14th Jul,2m5f Hcap Chs,14-07-2014 15:10,6020225,The Rattler Obrien,0,5.185903695562757,4.5825927528844858365495035634609003934,6.22444303186400936814664642382408234042,6.6,4.2,1000,5.2,969.8,138160.7,12609.9
114587655,GB / Newt 14th Jul,2m1f Hcap Hrd,14-07-2014 16:10,379647,Taste The Wine,0,15.881982446525944,16.7206160836965193720857128790189804655,20.662401758084124456050143722816032503,37.05,13,1000,3.35,291.12,11818.78,11268.42
114587655,GB / Newt 14th Jul,2m1f Hcap Hrd,14-07-2014 16:10,6637333,Marjus Quest,0,9.8,9.34980549461063460160838140471781147248,13.9954669258296502486751964650320754721,15,7.4,900,9.6,334.38,28189.24,5260.9
114587657,GB / Newt 14th Jul,2m Hcap Chs,14-07-2014 16:40,4704038,Easily Pleased,0,2.96,3.12627403269568903155133066857238322419,3.77100219428345583555315383599833515036,4,2.88,1000,1.32,2880.1,313926.6,96608.54
114587659,GB / Newt 14th Jul,2m1f Hcap Hrd,14-07-2014 17:10,6313868,Special Report,0,14.610359711,10.1067779035450312138134145282589775212,11.5461833672455302011870686194460264393,15,8.6,900,6,244.08,25182.6,6084.64
114587661,GB / Wind 14th Jul,5f App Hcap,14-07-2014 18:00,4007707,Valmina,0,11.5,10.5809691847541644832648359738932990207,16.4965621856876163439102000819244110937,14.5,10,950,3.55,191.58,17059.36,3432.92
114587665,GB / Wind 14th Jul,5f Mdn,14-07-2014 19:00,8576023,War Alert,1,3.9908655366877444,3.85381184320749955802968792307840008079,2.74372631741072372770606089413025411825,4.5,2.62,9.8,1.01,4171.22,256673.56,64170.88
114587665,GB / Wind 14th Jul,5f Mdn,14-07-2014 19:00,8648368,Disprove,0,9.525168463,10.165938492126807232484748951933230614,10.0644076076778380295351851320860383738,17,9,32,1.03,180.04,31672.24,18618.9
114587665,GB / Wind 14th Jul,5f Mdn,14-07-2014 19:00,8466221,Artfilly,0,7.721817568,8.28936380479684736196348920239447294618,12.368218375160074537602481777464876629,14.5,6.4,900,4.8,125.64,46158.4,1535.34
114587667,GB / Wind 14th Jul,6f Mdn,14-07-2014 19:30,8698326,Snappy Guest,0,65,61.2630362939064892439088531062804993975,23.1918275808263931029529486171730039917,75,25,1000,65,88.88,3699.58,93.14
114587671,GB / Wind 14th Jul,1m3f Hcap,14-07-2014 20:30,7684827,Tears of The Sun,0,3.4503435013913126,3.38512453514962530821231159608360527006,3.14923207894107551490030462199024418838,3.8,3.05,1000,2,4255.18,202122.72,31008.14
114587673,GB / Wind 14th Jul,1m2f Hcap,14-07-2014 21:00,1124690,Megalala,0,20.209147801501334,16.7936534952477714549177510158985829197,16.2102153288084102347769146474100509032,22,15,1000,17.5,63.22,17872.32,1488.94
114587673,GB / Wind 14th Jul,1m2f Hcap,14-07-2014 21:00,5779770,Emman Bee,0,13.74281479018082,12.1906507738902573133012454891279346746,14.767955820398704672675029848192207712,16,10,1000,5,167.46,26368.12,1652.98
114587673,GB / Wind 14th Jul,1m2f Hcap,14-07-2014 21:00,5896210,Treasure The Ridge,0,29.560729996786673,20.2565494549906076488610877184234018108,14.1973878115408218352047211421014471267,32,16.5,1000,29,147.1,15287.58,429.74
114597858,GB / Daily Win Dist Odds,Lingfield,14-07-2014 17:50,2381568,Less than 9 lengths,1,,2.1006087694989496267822822151700710678,1,2.14,2.04,1,1001,0,447.46,0
114597858,GB / Daily Win Dist Odds,Lingfield,14-07-2014 17:50,2381570,More than 12 lengths,0,,3.15044934327488131995125195850240769781,1,1,1001,1,1001,0,68.98,16
114597381,GB / Daily Win Dist Odds,Ayr,14-07-2014 14:30,2381568,Less than 9 lengths,1,,2.7450649904315602414250115233014876094,1,2.8,2.8,1,1001,0,218.44,5
114597429,GB / Daily Win Dist Odds,Newton Abbot,14-07-2014 14:10,2415398,More than 37 lengths,0,,3.04330364626990779547359597652975691534,1,3,3,1,1001,0,381.76,0
114587611,GB / Ayr 14th Jul,7f Mdn,14-07-2014 14:30,8463802,Ythan Waters,0,3.87351002,4.0398998053201595925151262108419219012,5.52302937139059976412089252036605943391,6.8,3.55,990,3,2122.88,180632.88,9911.68
114587613,GB / Ayr 14th Jul,1m Hcap,14-07-2014 15:00,7591212,Dark Crystal,1,4.1,3.916961922546115874260639846213200443,3.88345021342883747581611865127969403668,5.1,3.5,4.6,1.01,5245.2,175325.84,78214.68
114587615,GB / Ayr 14th Jul,1m2f Hcap,14-07-2014 15:30,4043790,Action Master,0,10.779339075652238,8.65083625369944084424042172722636964112,11.8531162387502229279479690654096413569,14.5,8.8,1000,10,560.02,42300.7,2113.06
114587617,GB / Ayr 14th Jul,6f Hcap,14-07-2014 16:00,4938525,Jinky,0,3.9,3.67079350582041341563574411955229529274,3.90039212647734224047086631429582407476,4.6,3.2,740,2.82,10051.76,279077.7,22128.34
114587619,GB / Ayr 14th Jul,5f Hcap,14-07-2014 16:30,3790673,Here Now And Why,0,11.073831335300675,9.76755773784727162806969784977325895404,15.8744649301866678707133300163089880224,20.53,11,1000,15,1313.88,22244.4,475.96
114587621,GB / Ayr 14th Jul,7f Hcap,14-07-2014 17:00,2485518,Silver Rime,0,11.6078596081843,11.7628973474395409946654183263372084758,8.92703117041487862997194484788578994665,13,8,1000,11,1058.5,35731.6,1706.42
114587623,GB / Ayr 14th Jul,1m5f App Hcap,14-07-2014 17:30,1498437,Hunting Tower,0,10.645466627,9.15189320829668922053051769606545391985,10.0076550931558451934977140192385663874,11.5,8.58,1000,9,576.54,26858.58,2214.02
114587640,GB / Ling 14th Jul,1m Hcap,14-07-2014 20:50,6378386,Squirrel Wood,0,15.763434013,13.5890089957671917053846436190846779969,12.9509789575714118319551762140396153112,16.5,9.6,1000,8,158.4,21342.16,2358.06
114587634,GB / Ling 14th Jul,7f Hcap,14-07-2014 19:20,7422133,Punk,0,28.669719321,24.9316430294476901233751314854553904433,17.8068189447592710539160982549351566058,30,18,850,26,70.54,6439.18,1475.02
114587638,GB / Ling 14th Jul,1m2f Mdn Stks,14-07-2014 20:20,8574940,Arryzona,0,1000,945.210491196372823507435661860644152723,259.456519233444376385404862212612488629,1000,230,1000,1000,11.44,530.94,23.82
114587638,GB / Ling 14th Jul,1m2f Mdn Stks,14-07-2014 20:20,8698313,Numrood,0,24.06837716926521,32.4189580806312464224280479550806182316,16.2777738107346169480267863862196385116,55,18,1000,22,263.7,10745.12,624.18
114587628,GB / Ling 14th Jul,6f Mdn Stks,14-07-2014 17:50,8642554,Cartmell Cleave,0,13,12.6866151212623629654615168967548280801,11.8413382994396719016270646462948552537,15,8.8,1000,1.12,100.96,25328.9,16582.98
114587628,GB / Ling 14th Jul,6f Mdn Stks,14-07-2014 17:50,8698311,Dark Symphony,0,242.88178024618185,165.981076794402839174149412267367172579,20.8423488537749902639699231016017486246,280,30,900,200,19.12,1421.48,53.88
114587632,GB / Ling 14th Jul,6f Hcap,14-07-2014 18:50,972584,Drive On,0,3.95,3.8777833029286302251143327266941274525,5.85660745121612368985759495344359203567,9,3.65,1000,1.25,6805.56,172501.8,35966.7
114587636,GB / Ling 14th Jul,1m4f Claim Stks,14-07-2014 19:50,6342680,Litmus,0,10.5,10.2674046330479166832890415539863640529,11.8433417084507909839678555488850067638,17,9,850,5,118.08,23944.38,5263.66
114587651,GB / Newt 14th Jul,2m5f Hcap Chs,14-07-2014 15:10,5945767,Ballylifen,0,6,5.98456242391705214631139888673278723258,7.00694481711332025465668906448971900903,8,5.5,1000,4,1299,79970.08,14025.7
114587653,GB / Newt 14th Jul,3m3f Hcap Hrd,14-07-2014 15:40,2708192,Possol,0,5.667086850243212,6.02591680085808345410922199205510745195,6.63103422464270185374984708534002049236,8.6,5.4,1000,2.98,791.1,70231.02,38543.4
114587655,GB / Newt 14th Jul,2m1f Hcap Hrd,14-07-2014 16:10,6705069,Vinnie The Fish,0,20,20.7708873429803390457618618036004880458,18.0111802277224338906814836586004759476,24,14,1000,5.3,933,12476.36,4155.6
114587657,GB / Newt 14th Jul,2m Hcap Chs,14-07-2014 16:40,4860986,Ted Dolly,0,13.649858569711942,10.6638990785384719173034001453036544566,14.6738565175319947155147059225413769966,16.5,9.4,1000,11,176.74,43018.52,6915.14
114587659,GB / Newt 14th Jul,2m1f Hcap Hrd,14-07-2014 17:10,3162572,Mt Kintyre,0,81.9288232537359,64.5295065814747664797823581328320072893,55.6904264062802188199003434846260223115,100,50,1000,50,20.62,3897,968.56
114587659,GB / Newt 14th Jul,2m1f Hcap Hrd,14-07-2014 17:10,6011230,Kruseman,0,14,13.0371097586369631818112560435602804908,15.2966936947528674730474404275236714218,19,12.5,1000,16,166.08,13413.66,1723.8
114587661,GB / Wind 14th Jul,5f App Hcap,14-07-2014 18:00,5536112,Tidals Baby,0,5.622232798672373,5.27242845866469224381935465539957893503,9.58221911301326016334301011647992650219,13.35,4.8,950,5.4,2013.98,74205.86,7604.08
114587665,GB / Wind 14th Jul,5f Mdn,14-07-2014 19:00,8545940,Carrot Top,0,13,11.8341014022972354013804426654736116555,15.1629978531498587924397962803818742704,18,10.5,1000,11,144.16,24060.02,541.04
114587665,GB / Wind 14th Jul,5f Mdn,14-07-2014 19:00,8698318,Star Fire,0,17.435870313649072,16.173726160378973525543090253233052523,16.8005228269984860230763087977375123083,25,14,1000,23,185.26,13543.64,185.58
114587667,GB / Wind 14th Jul,6f Mdn,14-07-2014 19:30,8680117,Classic Seniority,0,60,62.7589946436219058296878159537511739794,17.1414834754453714699088104994344254188,75,42,110,40,114.38,3943.98,484.34
114587667,GB / Wind 14th Jul,6f Mdn,14-07-2014 19:30,8698323,Ocean Bentley,0,746.6030455796721,529.860929688676797511793166479723768321,127.556324804327682324105307981856206896,850,220,1000,430,5,683.14,8.64
114587669,GB / Wind 14th Jul,1m Hcap,14-07-2014 20:00,421879,Anya,0,24,18.5881544058725975798683452751192482251,18.1936625176691687671122354312157855906,28,17.5,1000,15,84.48,11226.52,920.9
114587669,GB / Wind 14th Jul,1m Hcap,14-07-2014 20:00,6846738,Celestial Bay,0,70,36.7652742913204021175347446220372257306,38.4807032238827746760286978750160932122,70,32,1000,65,67.48,6044.32,95.72
114587673,GB / Wind 14th Jul,1m2f Hcap,14-07-2014 21:00,4115201,If I Were A Boy,1,5.0039347797536315,4.98293397386983906517243741836472362206,7.06130146646414874220863534200245414448,6.97,4.7,8,1.01,437.88,166571.26,104385.96
114587673,GB / Wind 14th Jul,1m2f Hcap,14-07-2014 21:00,4817558,Highlife Dancer,0,30.467178209587,25.8386602090850007361286894094093833939,19.9162214792433221257344455382099315757,40,21,1000,19.5,27.02,11506.18,397.56
114587673,GB / Wind 14th Jul,1m2f Hcap,14-07-2014 21:00,5298120,Casual Mover,0,54.506243653,41.8788068039100713074385872450645284795,37.7710910296382421236335772329527732858,70,29,1000,44,14.14,5940.2,282.02
114587611,GB / Ayr 14th Jul,7f Mdn,14-07-2014 14:30,8632118,Sabbra Cadabra,0,220,167.97594171588766814415521334614990153,94.937406111633552437406845816622981519,330,80,1000,190,53.12,2945.38,110.94
114587617,GB / Ayr 14th Jul,6f Hcap,14-07-2014 16:00,5444237,Tango Sky,0,6.6,5.94051062709698603729277565248861493995,8.59239220266376453315538674294627147609,10.5,5.4,990,6.8,2243.62,144982.72,1624.74
114587617,GB / Ayr 14th Jul,6f Hcap,14-07-2014 16:00,4154275,Lami Louis,0,34.100956713246035,22.7160699831072314341454135831393997227,18.3705323223176749327769185931310892361,36,16,970,8.4,512.04,19596.64,1757.56
114587617,GB / Ayr 14th Jul,6f Hcap,14-07-2014 16:00,5634230,Goninodaethat,1,39.98379332727753,34.1375647077922753033011993103835758034,26.4052835793043466094285472997529029678,46,24,32,1.01,271.62,11243.94,49883.5
114587617,GB / Ayr 14th Jul,6f Hcap,14-07-2014 16:00,6365545,Opt Out,0,21.42148986726359,18.8382503060796108413391588893008717439,18.1775418859795053018129827950952084694,28,16,850,6.2,460.74,20666.22,1631.2
114587617,GB / Ayr 14th Jul,6f Hcap,14-07-2014 16:00,6831854,Natures Law,0,8.6,9.64344167835853892037088226634055957507,14.5089564404256741646236036041583879604,16,8.6,1000,5,815.38,35317.7,2189.04
114587619,GB / Ayr 14th Jul,5f Hcap,14-07-2014 16:30,4853015,Saxonette,0,12.920841394621608,10.6247592657005488295746052650481416576,11.9637986567555098057800464059519169503,14,9.4,1000,2.52,482.68,28160.48,4955.6
114587621,GB / Ayr 14th Jul,7f Hcap,14-07-2014 17:00,7663016,Order of Service,0,7,7.30528832174178640834337375745460406433,4.88378181172314875653537203169024853288,9.2,4.2,1000,5.1,3903.7,50264,3803.26
114587621,GB / Ayr 14th Jul,7f Hcap,14-07-2014 17:00,7712768,King of Macedon,0,4.5,4.16710956069710488635985860940769675997,5.52085397937306059203845915942422758546,8,3.65,990,4.3,4397.22,238864.72,9727.12
114587621,GB / Ayr 14th Jul,7f Hcap,14-07-2014 17:00,3966379,Powerful Presence,0,7.674364434,7.01935059861089402616266130069882133601,5.5412997842903827246316142077410794143,8.2,5.1,1000,2.52,1601.9,56170.66,15933.4
114587623,GB / Ayr 14th Jul,1m5f App Hcap,14-07-2014 17:30,2952319,Saddlers Mot,0,26,20.9719249010309847916876020662968769497,30.9302410800687062404225136926457069704,43.75,17.5,1000,17,86.02,7988.64,1203.28
114587640,GB / Ling 14th Jul,1m Hcap,14-07-2014 20:50,3195916,Greensward,0,6.8,6.61961281709724767916874997669676225157,7.41419229396707820138718578685272128374,8,5.8,1000,5.9,604.68,99933,1585.34
114587640,GB / Ling 14th Jul,1m Hcap,14-07-2014 20:50,22240,Plough Boy,0,5.099483623373946,7.06180711645562158447232881789596156538,9.4107784879613143215795606696862879849,12,5,1000,1.12,238.7,70620.36,20602.76
114587640,GB / Ling 14th Jul,1m Hcap,14-07-2014 20:50,5556822,Orders From Rome,0,18.369171410602554,18.5301793894266775072147120790644972662,16.9337544325460787532414799796903676158,24,16.5,850,10.5,106.96,12949.86,917.96
114587634,GB / Ling 14th Jul,7f Hcap,14-07-2014 19:20,7171287,Tyrsal,0,10.115498428572316,11.2816164578525849753148211539306162912,6.76028067514240434352453716817721668953,13,8.4,1000,5.7,306.74,27925.7,3379.22
114587634,GB / Ling 14th Jul,7f Hcap,14-07-2014 19:20,8429554,Thanks Harry,0,3.237840519572587,3.42173132687126528135188152582389827451,6.29456896533299080650777465955160264981,5.5,3.1,1000,2.76,1107.28,199825.78,22929.64
114587628,GB / Ling 14th Jul,6f Mdn Stks,14-07-2014 17:50,8698312,Lady Maesmor,0,16.5,14.9931608509921248021062190219667109994,9.43139898782916526357565422476656862931,18.5,9.4,850,15.5,89.24,17445.76,728.74
114587632,GB / Ling 14th Jul,6f Hcap,14-07-2014 18:50,7590000,Zarliman,0,14.10320161914802,13.2608946228669621303782421405138276182,16.2758810867830305541377896042754413972,19,12.5,1000,34,546.3,16071.28,339.5
114587636,GB / Ling 14th Jul,1m4f Claim Stks,14-07-2014 19:50,4073227,Red Willow,0,84.50034936957061,89.465901992302684807999746305541614246,42.5995355500315748332900234220422577135,130,44,850,48,13.26,2055.7,603.04
114587636,GB / Ling 14th Jul,1m4f Claim Stks,14-07-2014 19:50,5120613,Cabuchon,0,4.8,4.6915722817449768348244546774493961313,4.25902735638556173229506087513496663832,5.3,3.85,850,4.8,1423.64,68088.14,5422.66
114587647,GB / Newt 14th Jul,2m1f Nov Hrd,14-07-2014 14:10,6371898,Supreme Present,0,1.36,1.34882202500534878710440576172407967967,1.39472237333309641753583662475598955311,1.49,1.32,1000,1.22,28034.42,717330.46,116971.06
114587649,GB / Newt 14th Jul,2m6f Hcap Hrd,14-07-2014 14:40,6561499,Mister Hendre,0,4.4,3.74108621827143748643769437275698109767,2.93601994528158092392190010735890941353,4.8,2.86,1000,2.5,4815.28,151525.28,30215.68
114587651,GB / Newt 14th Jul,2m5f Hcap Chs,14-07-2014 15:10,6476290,Vif Argent,0,6.270691275,6.64561586074836072529857732769224373259,8.07793490143383603082426824829473808615,9.4,5.9,1000,2.22,702.5,55853.42,37115.4
114587651,GB / Newt 14th Jul,2m5f Hcap Chs,14-07-2014 15:10,5586665,Falcarragh,0,11.263247770245833,10.0170306733717462347282186666892646218,8.52588307982239511224344346472853339421,13,8.8,85,1.01,767.5,23763.32,117928.92
114587655,GB / Newt 14th Jul,2m1f Hcap Hrd,14-07-2014 16:10,4134120,Speed Steed,0,6,6.0192468742863290578267264126374868481,7.96422883279647168147822213640066698183,7.8,5.5,1000,5,547.62,78696.12,22328.24
114587659,GB / Newt 14th Jul,2m1f Hcap Hrd,14-07-2014 17:10,6662079,Cyclone,0,4.4,4.36203487511893379898123835209543134568,3.3936732759770493122227912645360439325,5.3,3.2,1000,2,2514.26,189430.18,49385.8
114587659,GB / Newt 14th Jul,2m1f Hcap Hrd,14-07-2014 17:10,6586771,Miss Fortywinks,0,4.5,4.30067034692442129570547898371474573835,5.60800536869939869732324724421262360541,6.2,3.9,1000,4.3,1107.56,124296.58,15614.3
114587663,GB / Wind 14th Jul,1m2f Sell Stks,14-07-2014 18:30,7547999,Clodoaldo,0,4.8,4.52983873134436290507238629540092691475,4.42350786398450497092622762383931191537,5,4.3,1000,2.86,734.04,65089.86,11565.48
114587663,GB / Wind 14th Jul,1m2f Sell Stks,14-07-2014 18:30,7551440,Stanlow,0,4.3,4.29151297815969900713630403604844736501,7.30699683872172351647765579695764726545,7.09,4.2,1000,3.4,290.48,98101.32,7703.08
114587663,GB / Wind 14th Jul,1m2f Sell Stks,14-07-2014 18:30,8539341,Exclusive Contract,1,3.274514268443727,3.15130767561548137155866994103279397699,2.71687902610605895377143327537884924719,3.4,2.96,18,1.01,616.22,167790.36,57495.52
114587663,GB / Wind 14th Jul,1m2f Sell Stks,14-07-2014 18:30,8144263,Haleo,0,8.383615340816032,6.87549905109394850594359035432668583002,4.55936333808731818408128721943036346069,8.4,5,1000,2.72,143.78,58783.76,6902.02
114587663,GB / Wind 14th Jul,1m2f Sell Stks,14-07-2014 18:30,8582388,Deja Bougg,0,74.930423431,60.2953876947332012091386384926884081885,40.7107303781089125100812225743013170095,170,34.49,1000,55,30,3484.08,474.94
114587665,GB / Wind 14th Jul,5f Mdn,14-07-2014 19:00,8619562,Robin Hill,0,21,19.5202417664028266565148770958983173322,13.5873117118929472300514407115217537941,28,13.5,1000,9.4,133.1,15011.7,1344.94
114587665,GB / Wind 14th Jul,5f Mdn,14-07-2014 19:00,8570551,Emirates Challenge,0,19.331372133775027,18.0355013410843005187354542526586265502,13.6144880185873620914772889407058345883,22,13.5,850,18,88.92,14801.28,238.98
114587665,GB / Wind 14th Jul,5f Mdn,14-07-2014 19:00,8698316,Renaissant,0,9.26930035679645,8.58198126496325664060739344859429968304,9.3479323534473553084879583405168688864,14,7.8,1000,8,148.66,35436.56,836.16
114587667,GB / Wind 14th Jul,6f Mdn,14-07-2014 19:30,8582394,Able Mate,0,7.6,8.0444036971559832228265754703122266679,9.44522492911345430676921564892156467305,13,7.2,1000,7.4,1088.06,64792.46,842.76
114587667,GB / Wind 14th Jul,6f Mdn,14-07-2014 19:30,8698319,Accra Beach,0,11.5,12.6188044223724049277056802280552692479,8.88484798551949242750037189680422059328,18,8.4,1000,18,626.36,28903.24,524.82
114587669,GB / Wind 14th Jul,1m Hcap,14-07-2014 20:00,6566315,Al Manaal,0,48,36.8644044614339648609385690941526683638,39.7169873537141140007583464134841357015,70,36,1000,40,47.1,5721.32,503
114587671,GB / Wind 14th Jul,1m3f Hcap,14-07-2014 20:30,7607933,Avocadeau,0,25.453417254231596,18.6825929472833853036292420104841799852,13.5478003169889184479582526911185651841,28,12.18,1000,14.5,475.34,27020.44,4450.22
114587673,GB / Wind 14th Jul,1m2f Hcap,14-07-2014 21:00,3351453,Bennelong,0,34,25.5398491704569138681375646907059303974,22.8128083475368826147474162050738698841,34,22,1000,22,55.42,11207.76,343.48
114587673,GB / Wind 14th Jul,1m2f Hcap,14-07-2014 21:00,6327890,Bridge That Gap,0,70,54.0078306779596357187733508213773287495,37.7995257333210530611520114775617070306,80,30,1000,55,54.22,5006.44,148.1
114597858,GB / Daily Win Dist Odds,Lingfield,14-07-2014 17:50,2381569,9 - 12 lengths inclusive,0,,3.06258064516129032258064516129032258065,1,1,1001,1,1001,0,62,0
114598128,GB / Daily Win Dist Odds,Windsor,14-07-2014 18:00,2394129,Less than 8 lengths,1,,2.53655169764566038541964852724743918539,1,2.58,2.58,1,1001,0,232,22
114598128,GB / Daily Win Dist Odds,Windsor,14-07-2014 18:00,2394131,More than 11 lengths,0,,3.25189421846523711660010081817829307069,1,3.5,3.3,1,1001,0,515.78,0
114598128,GB / Daily Win Dist Odds,Windsor,14-07-2014 18:00,2399561,8 - 11 lengths inclusive,0,,3.17101438787370106890333000467004808357,1,1,1001,1,1001,0,82.8,8
114597381,GB / Daily Win Dist Odds,Ayr,14-07-2014 14:30,2381569,9 - 12 lengths inclusive,0,,3.20478615071283095723014256619144602851,2.79999967073176754906691175605272755133,1,1001,1,1001,9.84,117.84,0
114587617,GB / Ayr 14th Jul,6f Hcap,14-07-2014 16:00,8491390,Spirit of Alsace,0,13.173412283296056,11.6708822138340768347203317651953034262,14.2229291816184169533794866551894085966,17.5,11.5,990,6.6,549.02,26374.92,1719.56
114587619,GB / Ayr 14th Jul,5f Hcap,14-07-2014 16:30,2494471,Tadalavil,1,17,17.4821180857966296282133988335562068077,32.4117672629678946575016038677542673305,34,16.5,26,1.01,112.6,14698.48,112785.5
114587619,GB / Ayr 14th Jul,5f Hcap,14-07-2014 16:30,877399,Emily Davison,0,14,13.0941822537097425234146946542119400728,16.2232108203411331905670247832645013005,20,12.5,1000,11,115.52,16557.7,747.04
114587619,GB / Ayr 14th Jul,5f Hcap,14-07-2014 16:30,6432506,Fife Jo,0,118.02796435919367,76.6367652855873023291036320139661212675,72.0278593867661151473090744260566440365,250,55,1000,100,28.84,4721.92,85.14
114587623,GB / Ayr 14th Jul,1m5f App Hcap,14-07-2014 17:30,1509107,Grand Diamond,0,9.8,7.60540861781217386261681928683247799948,7.21540531313600766674031313998926449089,10.5,7.18,1000,9.2,356.64,43545.08,4566.08
114587623,GB / Ayr 14th Jul,1m5f App Hcap,14-07-2014 17:30,6856253,Captain Rhyric,0,17,11.5191456668566720364259646642696340004,11.9462217349407883500867713702896761091,17.5,11.81,1000,6.2,78.18,9779.04,4772.56
114587634,GB / Ling 14th Jul,7f Hcap,14-07-2014 19:20,7452814,Giant Samurai,0,16.552031763511508,16.8914140249934380556544856313408452453,17.561768613315706976533153254072208861,19.5,14.5,1000,9.8,225.72,9887.38,2470.26
114587634,GB / Ling 14th Jul,7f Hcap,14-07-2014 19:20,8648284,Shaft of Light,0,9.723962530431011,8.3079316180183906625453342941464759215,6.63419698998097109622911222528658811027,10,6.8,850,9.6,222.96,38717.92,1805.46
114587638,GB / Ling 14th Jul,1m2f Mdn Stks,14-07-2014 20:20,8587357,Byronegetonefree,0,907.5684321911262,858.736936900548807600727805724264605388,243.018920807118404613213342208875509855,1000,220,1000,510,3.3,589.44,106.22
114587628,GB / Ling 14th Jul,6f Mdn Stks,14-07-2014 17:50,8574932,The Dapper Tapper,1,4.281075009,4.49813359713914092361262000628679524681,4.46327376564129173887398256803220070283,5.1,3.85,320,1.01,972.66,90619.98,32082.12
114587630,GB / Ling 14th Jul,1m5f Hcap,14-07-2014 18:20,7262336,Flying Author,0,13.290955274892912,9.71445152423080708616206708595568385486,17.7654315169764101115777739816759277215,26,9.4,990,14.5,466.08,21676.76,879.18
114587630,GB / Ling 14th Jul,1m5f Hcap,14-07-2014 18:20,7860596,Telegraphy,0,4.475552056,4.68457991440765156190074777478674669608,5.52878633466865332754491360582160956803,7.8,4.1,1000,4.6,1332.5,99235.44,4919.76
114587630,GB / Ling 14th Jul,1m5f Hcap,14-07-2014 18:20,8151446,Windshield,1,4.1,4.43841605145938417864698424580470995066,4.76206916332006040266284160110979223158,6,3.9,16,1.01,918.74,146632.62,90274.1
114587632,GB / Ling 14th Jul,6f Hcap,14-07-2014 18:50,4829136,Putin,0,9.795155387480053,9.16700381646435753125255453947082386779,8.92595182800562179020151554788804229215,12,8.4,1000,6.6,780.52,43685,3747.72
114587632,GB / Ling 14th Jul,6f Hcap,14-07-2014 18:50,7327214,Thataboy,0,15.522006805413728,10.2517636332259335204243110186083753357,6.49070861461827460040484454674434747802,16.5,5.2,1000,10.5,1697.42,30079.56,1416.6
114587632,GB / Ling 14th Jul,6f Hcap,14-07-2014 18:50,8472214,Dinneratmidnight,1,4.80388643223343,4.72665898626831578342862919229642958221,4.94120050587425959805593007374447232582,7,4,6.8,1.01,4556.84,79764.54,47544.78
114587636,GB / Ling 14th Jul,1m4f Claim Stks,14-07-2014 19:50,4706130,Illegale,0,38.957722287338925,39.7813812471153915853203785979720734633,25.9550936309993221046211601594630083035,50,26,850,5.1,10,2884.64,3241.4
114587636,GB / Ling 14th Jul,1m4f Claim Stks,14-07-2014 19:50,2153031,Iceman George,0,29.091497541,35.09820169525385494031085471668634021,8.8479741190080474187757829571821696178,44,29,1000,20,78.96,4121.42,461.9
114587647,GB / Newt 14th Jul,2m1f Nov Hrd,14-07-2014 14:10,5826525,Collodi,1,11,11.4951463828612998840014139900691964942,13.8315944504349332602205474309259020938,16,10.5,12.5,1.01,1051.76,27635.3,68956.52
114587647,GB / Newt 14th Jul,2m1f Nov Hrd,14-07-2014 14:10,6438778,Karl Marx,0,54.331988906173216,73.3628245600975029066559976275237976261,47.2981583584409849028066837873252964665,110,36,1000,44,241.16,5499.68,501.5
114587647,GB / Newt 14th Jul,2m1f Nov Hrd,14-07-2014 14:10,7603844,Minella Web,0,76.95711283657883,72.2382491550661159975354339236134004611,55.8766422051007559562453374788999511155,100,40,1000,48,193.58,3582.62,509.86
114587649,GB / Newt 14th Jul,2m6f Hcap Hrd,14-07-2014 14:40,4735519,Spice Hill,0,66.19300266781735,50.9213074325503328056152107533647584858,48.8367035887292923724741515597662604373,130,40,1000,55,83.5,4673.9,1118
114587651,GB / Newt 14th Jul,2m5f Hcap Chs,14-07-2014 15:10,5541143,Forever My Friend,0,10.26449795812871,9.47623165281365630860168498850133079306,8.33669782852783478880356770659615069707,13,8,1000,3.95,836.24,24000.64,11929.86
114587653,GB / Newt 14th Jul,3m3f Hcap Hrd,14-07-2014 15:40,5781251,Well Mett,0,6.435772146354179,5.22139299109842089035600057410042519822,5.05625500982817919524261011119663347995,7,4.2,1000,5.2,1401.44,105051.44,14267.34
114587653,GB / Newt 14th Jul,3m3f Hcap Hrd,14-07-2014 15:40,3766554,Viking Blond,0,4,4.29645072603373218178226241702995885173,4.27842635463606436124379356214017967754,5,3.9,1000,3.5,2062.46,166296.62,29964.76
114587657,GB / Newt 14th Jul,2m Hcap Chs,14-07-2014 16:40,1042818,Templeton,0,7.4,7.39984114834814800318167546061463828283,7.93006134487240353182011913853446585309,9.6,6.6,1000,6.6,1081.6,45048.88,8160.56
114587657,GB / Newt 14th Jul,2m Hcap Chs,14-07-2014 16:40,4571171,Another Flutter,0,6.6,5.9451642554246164641630027974140126033,5.70115289743153779242973434755777165099,6.6,5.5,1000,6.2,730.52,72109.54,6854.88
114587659,GB / Newt 14th Jul,2m1f Hcap Hrd,14-07-2014 17:10,7344930,Tempuran,1,5.267845764822923,5.17285341618804993040118070970944112947,8.2265896604682406639059956371847398376,9.4,4.8,5.7,1.01,1354.4,93169.08,74590.44
114587661,GB / Wind 14th Jul,5f App Hcap,14-07-2014 18:00,7288652,The Dandy Yank,0,4,3.79037452501838108307165795540092802486,4.40444327106262489729502528744017548602,4.4,3.7,950,2.44,914.74,95896.4,20811.96
114587665,GB / Wind 14th Jul,5f Mdn,14-07-2014 19:00,8698317,Some Show,0,80,73.8756710070574218671864663973015748532,41.6482409559849980835960192693759331837,90,32,900,95,40.7,2718.54,34.7
114587667,GB / Wind 14th Jul,6f Mdn,14-07-2014 19:30,8698322,Hillgrove Angel,0,350.02495935821105,277.301665002155275933532204429575829553,113.994394968417584979759396315418340978,390,95,1,1001,7.08,1008.26,5.06
114587669,GB / Wind 14th Jul,1m Hcap,14-07-2014 20:00,7760736,Joys of Spring,0,5.982643512602126,5.83973177277667702959862411978927363729,7.29928119417295848533415182494267855571,8.1,5.9,1000,1.37,2347.68,82261.24,35137.78
114587671,GB / Wind 14th Jul,1m3f Hcap,14-07-2014 20:30,7344955,Solidarity,1,3.1272765878953352,3.14735877290337980273741059371114827507,4.47098209312969395699807168758478298944,4.78,3,4,1.01,1845.46,198105.72,69871.22
114587673,GB / Wind 14th Jul,1m2f Hcap,14-07-2014 21:00,6751800,Bertie Moon,0,8.6,6.87385717487010447435556405666867757975,4.9874592003901609071638924538786801458,8.6,4.62,100,1.33,649.92,78905.92,22966.1
114587673,GB / Wind 14th Jul,1m2f Hcap,14-07-2014 21:00,5586638,Minstrel Lad,0,7.345419053423549,6.56771717539430902077709108915255351825,6.77840857009551323939294661951164612717,8,5.9,1000,5.8,98.08,70382,2622.24
