EVENT_ID,MENU_HINT,EVENT_NAME,EVENT_DT,SELECTION_ID,SELECTION_NAME,WIN_LOSE,BSP,PPWAP,MORNINGWAP,PPMAX,PPMIN,IPMAX,IPMIN,MORNINGTRADEDVOL,PPTRADEDVOL,IPTRADEDVOL
158605715,AUS / Mdra (AUS) 9th May,R2 1790m Pace M,09-05-2019 08:45,21335726,3. Nevaevabend,1,3.5,2.96831205945112645347001311852551668357,2.35678303534661646243160390688711313986,4.4,3.4,1.78,1.01,7430.98,4393.96,3037.02
158605715,AUS / Mdra (AUS) 9th May,R2 1790m Pace M,09-05-2019 08:45,19769704,2. New York Babe,0,20,15.2515415034387037880820032138855616966,21.2818148487626031164069660861594867094,38,21,100,34,436.4,332.98,103.42
158605717,AUS / Mdra (AUS) 9th May,R3 2190m Pace M,09-05-2019 09:17,22639306,7. Dee Lewis,0,9.396439721,9.03040729044066758228632781862698090674,7.87182699573359993489961753525301961149,12,8.2,1,1001,1720.42,1240.94,261.5
158605713,AUS / Mdra (AUS) 9th May,R1 2190m Pace M,09-05-2019 08:16,16821486,6. The Quick Shadow,1,2.18,2.47603098053207639423902290503628477829,2.35139092395593636132111723156088267665,3.3,2.2,4.2,1.01,22224.22,17376.34,3454.9
158605713,AUS / Mdra (AUS) 9th May,R1 2190m Pace M,09-05-2019 08:16,22668155,11. Alexandergreenwood,0,5.1,4.67200806707349511565128463616810516871,4.75269011538996246350618657027665786181,5.1,3.9,18.5,18.5,2301.76,1722.74,151.38
158605778,AUS / Pinj (AUS) 9th May,R4 1000m CL1,09-05-2019 07:52,12940318,9. Lies In Disguise,0,3.3156185448610636,3.32876069471195398316524309031553102157,2.8821742435034263521720223725052107544,3.9,3.05,200,3,21340.48,15649.56,757.14
158605778,AUS / Pinj (AUS) 9th May,R4 1000m CL1,09-05-2019 07:52,18358969,2. Denga,0,38,32.7376586737326203312376102187978937392,27.167155472218215619340673429812330721,40,24,120,120,1247.94,988.96,9.26
158605782,AUS / Pinj (AUS) 9th May,R6 2000m CL3,09-05-2019 09:10,23569215,3. Eye Art,1,6.560250233212283,6.84439446396402180188187934724572336567,5.72541567110465479332296962864852251476,7.4,6,6.2,6,12170.68,9164.94,1441.82
158605772,AUS / Pinj (AUS) 9th May,R1 1200m 3yo,09-05-2019 06:04,24117901,6. Sea Maher,0,42.54142289181706,51.4516887172842393426966304786190769824,32.9467887606623181133968891118916206724,65,40,60,60,797.2,293.08,74.24
158605780,AUS / Pinj (AUS) 9th May,R5 1200m CL5,09-05-2019 08:30,12346966,3. The Gospel Sin,0,23.81923296331778,26.5502352159231674346452552693664896549,16.2974458229671336912400157129762995941,34,20,180,24,2443.84,1285.1,51.64
158605774,AUS / Pinj (AUS) 9th May,R2 1406m Mdn,09-05-2019 06:42,10470308,11. Across The Sea,0,7,7.12272642532961802086832252739595025588,6.54017227365726510897897028185988284644,8.6,6.2,1000,6.4,10703.9,9052.86,161.42
158605774,AUS / Pinj (AUS) 9th May,R2 1406m Mdn,09-05-2019 06:42,20741860,3. Shivers Of Joy,0,60.999398351684206,66.9896258566352838179157196456566089736,53.7367200972493144488734345404687190795,90,38,1,1001,707.46,508.76,3.6
158605774,AUS / Pinj (AUS) 9th May,R2 1406m Mdn,09-05-2019 06:42,24117909,14. Trace Sea,0,221.19263457288736,225.530512877500393944697863664850842528,87.0472395662175484719027275714755175813,390,110,990,490,243.44,66.24,2.14
158605801,AUS / Hawk (AUS) 9th May,R8 1800m CL2,09-05-2019 07:45,24127728,8. Wild Impact,0,4,3.6462063127092784035964471789429961149,3.69676767757401885411395980605512789652,4.5,3.8,4.4,3.6,32570.08,31885.3,684.78
158605799,AUS / Hawk (AUS) 9th May,R7 1600m Hcap,09-05-2019 07:10,19660665,2. The Cartoonist,0,22,13.1126904122678298494328487011709498431,13.6400994684722436646743565426435235218,23,16,1,1001,1813.64,1781.94,31.7
158605799,AUS / Hawk (AUS) 9th May,R7 1600m Hcap,09-05-2019 07:10,11979011,10. Colonial Reign,0,395.627678337,153.362564893764424754789901172428190649,159.303575206261899724984133700021155067,390,250,550,190,189.08,179.36,9.72
158605791,AUS / Hawk (AUS) 9th May,R3 1100m Mdn,09-05-2019 04:40,24127707,8. Breaking Cover,0,20.088625572231674,18.909877181414185189143316698967280866,9.7259084013580871198439644585711189771,22,18,15,15,1107.44,285.02,56.74
158605795,AUS / Hawk (AUS) 9th May,R5 1100m CL2,09-05-2019 05:55,12668184,7. Dizzy Miss Lizzy,0,16.88280055839772,11.9702528329811595905354332290138108747,12.4899109483386802184178898257767178643,18,14,25,25,2113.38,2010.48,102.9
158605795,AUS / Hawk (AUS) 9th May,R5 1100m CL2,09-05-2019 05:55,24127716,5. Dont Doubt Arthur,0,17.64544951727934,12.9359872131418619616623453699769830506,13.1091949572819120192077487670239618034,27,14.5,11,11,2923.82,2858.84,64.98
158605789,AUS / Hawk (AUS) 9th May,R2 1800m Mdn,09-05-2019 04:05,22054146,9. Savigne,0,1.8640808948095635,1.72792584510429035890998730595865340996,1.64572173730544510113294381752971026171,1.8,1.6,1.77,1.28,53365.4,42777.5,3239.46
158605787,AUS / Hawk (AUS) 9th May,R1 1600m 3yo,09-05-2019 03:30,23953428,1. Nowyunomi,0,4.963369471341137,4.37166548730007864502179747028752204481,3.97711636133040893144914973209143216183,5.1,3.35,6.2,6,6875.48,5155.38,399.84
158605797,AUS / Hawk (AUS) 9th May,R6 1400m CL1,09-05-2019 06:35,20862535,2. Oakfield Jet,0,16.357029861569757,15.67114712295821159171064535178684615,11.4043123054824036389753411539382331817,18.5,13.5,70,70,2673.28,1575.16,80.64
158605797,AUS / Hawk (AUS) 9th May,R6 1400m CL1,09-05-2019 06:35,12238407,7. Talladega Knight,0,20.974595060143045,22.9564153308969842910487307967854590877,19.1484307734507745174980760878675434118,60,19.5,1,1001,2624.86,2015.58,65.48
158606331,AUS / Pakn (AUS) 9th May,R3 1400m 3yo,09-05-2019 10:00,24127761,2. Its Tiger Time,0,16.36270101,11.7714012952711447046739309712608512247,14.3797479263169234083809113433157384466,18,16,1000,1000,2413.58,2373.52,40.06
158606329,AUS / Pakn (AUS) 9th May,R2 1600m Mdn,09-05-2019 09:30,3193608,4. Mr Ziggy,0,19.5,16.7793152730057715081968369216969129186,15.5760100827333191908856083956224964748,23,14.5,960,12,3205.48,2296.58,434.12
158606329,AUS / Pakn (AUS) 9th May,R2 1600m Mdn,09-05-2019 09:30,21949112,1. Belar Blue,0,37.0735777908926,35.1925339284672734599432548024245157464,26.6127870169139185486157044316356420675,46,30,750,32,1693.28,1060.3,76.84
158606339,AUS / Pakn (AUS) 9th May,R7 1400m Hcap,09-05-2019 12:00,13184998,3. Desidero,0,5.2,5.30618988057855217894908200570181101263,5.28243267736811126031336626634333438167,6.6,4.9,4,4,7359.6,11413.66,314.32
158606341,AUS / Pakn (AUS) 9th May,R8 1200m Hcap,09-05-2019 12:30,24127782,8. Mint On Moseley,0,5.6,5.73047651193235714409081783157714581439,7.52308935708175070506405865918226173581,8.6,5.7,5.6,5.6,39.34,16134.14,546.78
158606341,AUS / Pakn (AUS) 9th May,R8 1200m Hcap,09-05-2019 12:30,24127783,9. That Song,0,7.85196164243156,5.39037149247757978527210727093717155135,4.6982443010541447272000145307635075077,7.8,4.6,5.5,2,81.46,11667.62,1094.74
158606350,AUS / Seym (AUS) 9th May,R3 1600m Mdn,09-05-2019 05:00,24127913,9. Valoyd Star,0,92.5841462801327,119.783728169320242872890391880409072593,73.6555663373323923782639378969654199012,190,60,900,380,453.44,232.78,13.1
158606350,AUS / Seym (AUS) 9th May,R3 1600m Mdn,09-05-2019 05:00,13231651,2. Dixie Built,0,10.916524553,10.6620847754891695635872051986519395798,8.94727786054202751667879554520896597183,11.5,10,1,1001,5249.18,3997.98,511.96
158606350,AUS / Seym (AUS) 9th May,R3 1600m Mdn,09-05-2019 05:00,23781916,3. First Water,0,10.5,9.04300158450473268204902851848260613982,7.87676680228907764774867719745645746149,10,8.4,50,15,7230.86,5917.2,84.74
158606350,AUS / Seym (AUS) 9th May,R3 1600m Mdn,09-05-2019 05:00,24127910,1. Catcha Spark,0,55,53.9460744065794934149935704838358227712,43.0728919657303519800535794806503806265,70,29,38,21,754.02,546.96,64.34
158606354,AUS / Seym (AUS) 9th May,R5 1200m Hcap,09-05-2019 06:00,19583179,8. Written In Rouge,0,27.554169102,19.8052921277209988230291744631180906625,15.84305116444761098989179320479137908,27,11.5,60,60,1796.56,1268.24,32.18
158606356,AUS / Seym (AUS) 9th May,R6 1600m Hcap,09-05-2019 06:30,24127932,10. Mystical Rose,0,6.380370328,6.33668188380172546815387930714024605453,5.61986164064437394407232898400059614485,7.2,5.9,6.2,6,16371.86,13205.5,549.98
158606356,AUS / Seym (AUS) 9th May,R6 1600m Hcap,09-05-2019 06:30,20961115,5. Solar Cross,0,46.85883680681698,45.4763712603532743923778876141714164127,28.6722467485980193294356282066579167164,85,36,20,13,838.1,422.9,66.46
158606358,AUS / Seym (AUS) 9th May,R7 2000m Hcap,09-05-2019 07:00,24127937,14. Dylans Star,0,180,138.809012392363125258620764865024630588,71.7645281677625733072685267460458503643,220,65,90,44,450.16,169.64,130.86
158606346,AUS / Seym (AUS) 9th May,R1 1100m 3yo,09-05-2019 04:00,24127901,6. Vindico,0,36,29.2690191500654233362590657006460747322,24.8055227525658464201805366637813775195,38,19,1,1001,1293.92,1004.58,9.66
158606346,AUS / Seym (AUS) 9th May,R1 1100m 3yo,09-05-2019 04:00,24127900,5. Quacky Jack,0,35.73851602987553,50.2161436668389415664464136123495699155,21.582268178640097884985142457612305541,65,42,12.5,12.5,1830.72,481.42,42.18
158606352,AUS / Seym (AUS) 9th May,R4 1400m Mdn,09-05-2019 05:30,23953361,10. Fayes Opal,0,85,85.6882866239415216077113436291070688133,63.8741735081485112118612915083935792182,140.91,56.36,260,260,489.66,354.24,2.42
158606352,AUS / Seym (AUS) 9th May,R4 1400m Mdn,09-05-2019 05:30,24127920,9. Crimson Ace,1,3.788706268458195,3.38197060960195886820647994081901799298,2.79096079729169107797155515582593604819,3.85,2.87,2,1.01,31576.9,23105.26,6193.88
158606360,AUS / Seym (AUS) 9th May,R8 1300m Hcap,09-05-2019 07:30,24127941,9. Moski,0,3.6,3.77033604165223648858973742496401116862,3.87390743019050814599410953286358721992,5.3,3.45,130,3.45,26823,25911.38,911.62
158606360,AUS / Seym (AUS) 9th May,R8 1300m Hcap,09-05-2019 07:30,15935127,4. Never Sue,0,18.303887425,13.8360671497937488865676736150959519935,14.4441646765652580209739383241615616239,20,14.5,1,1001,3081.92,3054.44,27.48
158606471,AUS / Town (AUS) 9th May,R3 1200m Mdn,09-05-2019 05:40,24127811,5. Kiss The Boss,0,3.95,3.93503402055535331530045525308062483317,3.53538452412125671048945943308605643305,4.7,3.4,100,3,28488.98,22055.78,3084.98
158606471,AUS / Town (AUS) 9th May,R3 1200m Mdn,09-05-2019 05:40,24127814,10. La Shaft,0,147.07442831740713,103.560657719121596046519992863307323471,57.4491383254537135885313405520817447003,120,85,350,350,131.14,41.98,5.1
158606471,AUS / Town (AUS) 9th May,R3 1200m Mdn,09-05-2019 05:40,24127810,4. Hershiser,0,19,15.8892331651050428319590020595363535922,14.0895386053362034781623520081572537246,18,12.5,1,1001,1412.24,995.38,89.88
158606467,AUS / Town (AUS) 9th May,R1 1000m 2yo,09-05-2019 04:25,23082917,1. Lady Yendor,1,4,4.38928458692359352706974283546241996569,3.5788740453888719617074393324356466784,5.4,4.1,1,1001,10174.3,7260.52,1695.44
158606477,AUS / Town (AUS) 9th May,R6 1000m Hcap,09-05-2019 07:25,20633090,7. Ceebiz Kit,0,24,13.0225174521019336188565665216757667073,14.2511252154032519492927948678575693982,26,15.5,1,1001,1172.22,1120.24,51.98
158606475,AUS / Town (AUS) 9th May,R5 1200m CL2,09-05-2019 06:50,20944900,8. Tecza,0,16.761061788833764,18.651926235088461628761567604284971425,13.6589286344233957738032243270892863442,24,12.5,1,1001,2834.7,1831.16,88.36
158606475,AUS / Town (AUS) 9th May,R5 1200m CL2,09-05-2019 06:50,13522679,1. Buxton,0,5.455688525,5.82073270840853740035129925223515677419,5.0833485685355572040825654205443186173,7.6,5.4,5.3,5.2,11377.16,8862.48,496.32
158606475,AUS / Town (AUS) 9th May,R5 1200m CL2,09-05-2019 06:50,14048783,5. Magitorial,0,600.7721458725259,301.117703931806764460625648673981966636,180.481009556481254594462141631952952708,490,150,200,200,81.62,21.96,13.16
158606473,AUS / Town (AUS) 9th May,R4 1200m 3yo,09-05-2019 06:15,22660025,8. Brittex,0,171.46098036275765,75.0495860553811709211801264868498020886,86.5495081967213114754098360655737704918,210,60,890,75,213.5,177.78,35.72
158606516,AUS / Penr (AUS) 9th May,R5 1720m Pace M,09-05-2019 11:03,19187524,5. Goodlookin Rooster,0,51.29851859612363,62.6371912543840011939407506902469964928,46.651376146788990825688073394495412844,1,1001,750,750,69.76,29.08,9.5
158606520,AUS / Penr (AUS) 9th May,R7 1720m Pace M,09-05-2019 12:03,2737863,7. Make Way,1,1.782885369,1.66131708026525638170661250361954487469,1.57139842887629044056772394250143147174,1.72,1.56,1.01,1.01,973.06,6273.24,2077.78
158606514,AUS / Penr (AUS) 9th May,R4 1720m Pace M,09-05-2019 10:33,12462711,4. Ohoka Jimmy,0,4.3,4.08941188456888480808867849442754761611,4.32416989564402382013738870029375121444,4.4,3.75,350,350,3499.56,2895.58,185.62
158606512,AUS / Penr (AUS) 9th May,R3 2125m Pace M,09-05-2019 10:03,13611937,9. Major Chili,1,7.823920403,8.27201108298448195987014847117176325925,3.4338661935079845527606721636572382841,8.2,8,1.01,1.01,1916.2,421.3,1168.14
158606512,AUS / Penr (AUS) 9th May,R3 2125m Pace M,09-05-2019 10:03,11953556,5. Miss Aeyla,0,127.728223232,75.7955984087813948707319937983647314047,37.2665666416604151037759439859964991248,70,70,890,890,79.98,14.32,1.96
158606510,AUS / Penr (AUS) 9th May,R2 1720m Pace M,09-05-2019 09:34,9931159,5. Its Inevitable,0,8.8,6.8789371612442324013683064435491431662,7.39891259783824077525158404770778978755,8,6.8,1,1001,1073.2,855.4,217.8
158606510,AUS / Penr (AUS) 9th May,R2 1720m Pace M,09-05-2019 09:34,12792208,9. Tavewa Sunset,1,8.6,6.46958506804144409361778137489010828306,3.80366084633893291538818127635151541909,8.6,8,1.01,1.01,2718.06,1276.52,1441.54
158606518,AUS / Penr (AUS) 9th May,R6 1720m Pace M,09-05-2019 11:33,24126415,9. Old Tanner Burn,0,46,51.7568701535929291257304711803763888296,31.1315391593589355911702449349863925008,55,50,1,1001,132.28,69.62,2.6
158606518,AUS / Penr (AUS) 9th May,R6 1720m Pace M,09-05-2019 11:33,20358721,1. Its Nicholas,0,32,38.3743819269098086622593346015540123411,16.1139836617011052378664103796251802018,38,34,1,1001,208.1,69.38,2.92
158606693,AUS / Mary (AUS) 9th May,R10 2190m Trot M,09-05-2019 07:55,3070269,4. Angels Breath,0,10.5,10.6709893043788594354442798677029591161,9.41388856510082760228464856043827951976,10.5,10,1,1001,343.16,209.48,21.52
158606693,AUS / Mary (AUS) 9th May,R10 2190m Trot M,09-05-2019 07:55,24117573,6. Courtesy Chancery,0,51.820611851327136,47.7999813632937371796781097225810493642,41.0363636363636363636363636363636363636,1,1001,95,95,45.1,21.42,5.02
158606691,AUS / Mary (AUS) 9th May,R9 2190m Trot M,09-05-2019 07:20,13599428,6. Ima Calvert Rose,0,7.6,7.72637721949622928133595090715147121308,6.25447536585365853658536585365853658537,7.6,7.6,95,4.6,1640,676.34,591.56
158606691,AUS / Mary (AUS) 9th May,R9 2190m Trot M,09-05-2019 07:20,4914697,5. Revy Jay,0,5.3,4.80916640369038010617171773015139497539,3.99915013732072017088800732377174244736,5,5,5.6,5.6,2752.68,1048.06,1308.26
158606683,AUS / Mary (AUS) 9th May,R5 2190m Pace M,09-05-2019 04:52,24117563,4. Fresco Bromac,0,34,22.9678834806188439589433220642543256472,31.3005452320017803493935684878157338378,1,1001,750,22,179.74,132.1,47.64
158606683,AUS / Mary (AUS) 9th May,R5 2190m Pace M,09-05-2019 04:52,13192150,6. Sheer Modern,0,4,3.00167729599052088683920545088594905404,3.29563078452512636693316904465198336577,3.2,2.74,4.7,2.42,5713.52,3710.2,1972.3
158606683,AUS / Mary (AUS) 9th May,R5 2190m Pace M,09-05-2019 04:52,20741876,7. Save The Game,0,8.8,8.93014715576446986910818674027412213317,9.08406119164307634982326669392275486599,11,8.2,10,10,3864.58,3669.76,174.02
158606679,AUS / Mary (AUS) 9th May,R3 1690m Trot M,09-05-2019 03:42,24117552,6. Black And Gold,0,16.5,29.4246549561465193075303731596558321799,31.5165969681129116570831155253528489284,36,36,1,1001,153.04,108.66,8.28
158606677,AUS / Mary (AUS) 9th May,R2 1690m Trot M,09-05-2019 03:16,24117544,3. Sky Eagle,0,5.6,4.79992518667937756296913488922845563786,4.94768037246748650800672387861629655844,5.5,4.6,1,1001,1808.48,1806.32,2.16
158606689,AUS / Mary (AUS) 9th May,R8 2190m Trot M,09-05-2019 06:45,16492335,3. Shield Maiden,0,48,34.5082793973926352086445022219763603843,40.1529721719084472254240079038366540425,55,22,750,140,121.46,45.12,12.72
158607547,AUS / APrk (AUS) 9th May,R7 1660m Pace M,09-05-2019 05:47,12110806,2. Hammerhoff,0,2.668130178277663,2.10280036356622652134191171042536779346,2.31722912121476568636006632341391046339,3,2.68,2.34,2.1,4583.6,3927.04,656.56
158607547,AUS / APrk (AUS) 9th May,R7 1660m Pace M,09-05-2019 05:47,7246684,3. Archiecano,0,629.0516013414785,407.11423544290795703216825379196083843,442.428793170353123787349631354287931704,670,400,910,910,51.54,47.9,3.64
158607549,AUS / APrk (AUS) 9th May,R8 2138m Pace M,09-05-2019 06:22,19630126,10. Little Change,0,40,43.4956498145283195774308413739245161263,34.3104165173130690372069682414510000717,60,34,150,140,278.98,178.86,12.96
158607539,AUS / APrk (AUS) 9th May,R3 2138m Pace M,09-05-2019 03:22,19073687,1. Mucho Guapa,0,3.946269317692786,3.86366381632451897537119897134864654912,4.02542361381256954684856654332938292156,5.3,4.2,6.6,6.6,2210.74,1926.16,284.58
158607541,AUS / APrk (AUS) 9th May,R4 1660m Pace M,09-05-2019 03:52,7194582,7. One Wise Man,0,3.5,3.31304231321540779973653991334661905233,3.45286420055381313667805740500016203895,3.7,3,4.4,3.8,5554.22,4462.3,558.16
158607537,AUS / APrk (AUS) 9th May,R2 1660m Pace M,09-05-2019 02:42,2360584,5. Quality Time,0,293.2801805231721,119.721652598131473611616509920785733604,160.322448979591836734693877551020408163,180,80,890,700,34.3,7.92,1.02
158607537,AUS / APrk (AUS) 9th May,R2 1660m Pace M,09-05-2019 02:42,24091761,3. Blackjewel,0,120,167.983978344253196114120576370305828509,73.933492822966507177033492822966507177,340,140,890,700,41.8,12.9,1.08
158607545,AUS / APrk (AUS) 9th May,R6 2138m Pace M,09-05-2019 05:12,12624721,6. Bee Gees Bandit,1,5.4,6.71182269838468438639204545063752467295,3.5393023544209612556911793363686289794,9,7.2,5,1.01,4515.76,1817.4,2285.48
158605778,AUS / Pinj (AUS) 9th May,R4 1000m CL1,09-05-2019 07:52,18358968,1. Texas Moon,1,11,11.6730425762686706507552409541933490814,7.60918591895210806385591485878018829308,12.5,10,1.01,1.01,4886,2947.62,1090.98
158605778,AUS / Pinj (AUS) 9th May,R4 1000m CL1,09-05-2019 07:52,20484265,3. Hitchiker,0,60,60.6342197788305520344924903223406467367,30.4122654285161539949700135422712323467,70,55,1,1001,827.04,390.54,1.84
158605778,AUS / Pinj (AUS) 9th May,R4 1000m CL1,09-05-2019 07:52,24117916,5. Carranya Lass,0,8.4,8.30810828782434399524545551661396903146,7.71436189703967629012263864091748984508,9.6,7,1,1001,12826.3,11620,28.8
158605782,AUS / Pinj (AUS) 9th May,R6 2000m CL3,09-05-2019 09:10,12980350,12. Tortina,0,36,30.6746024671336376754150632835844056441,25.8273529672669209615896389603477335226,40,27,13,13,901.84,649.06,50.26
158605780,AUS / Pinj (AUS) 9th May,R5 1200m CL5,09-05-2019 08:30,10860075,2. Black Dynamite,0,40,38.3736817757057277728758846543252412171,23.5601745466870022030164378918827317404,48,29,1,1001,944.16,496.42,56.68
158605784,AUS / Pinj (AUS) 9th May,R7 1600m CL1,09-05-2019 09:45,24117923,6. Spookwood,0,17.525716382847165,16.9882787181244200773111733034933611791,14.3608725050712479026320402694648268263,19,14.5,11.5,11.5,1597.24,1116.56,55.8
158605784,AUS / Pinj (AUS) 9th May,R7 1600m CL1,09-05-2019 09:45,24117925,14. Saxy Filly,0,158.29745341185253,208.482679635960983531082009393241403956,56.6463474343909126517822169996083039561,250,140,200,100,408.48,100.86,8.82
158605784,AUS / Pinj (AUS) 9th May,R7 1600m CL1,09-05-2019 09:45,20978173,3. Bantry,0,6.2828747788361206,6.22638451325751230611910936741430820053,5.42049214409870147575065607852493098395,8,5.5,6.4,6.4,8802.3,6964.88,192.42
158605784,AUS / Pinj (AUS) 9th May,R7 1600m CL1,09-05-2019 09:45,16327318,10. Time Stands Still,0,50.34759623153442,55.4329814970843780868484948472069860515,29.1638519415779542966293181765240280463,80,48,1,1001,858.58,429.4,4.42
158605784,AUS / Pinj (AUS) 9th May,R7 1600m CL1,09-05-2019 09:45,12929714,7. Technical Limit,0,20.453018701859836,23.9592133705177058842815142054007776409,13.2655560353099213202840145845327192478,27,21,1,1001,1667.52,815.72,16.12
158605774,AUS / Pinj (AUS) 9th May,R2 1406m Mdn,09-05-2019 06:42,23808241,7. Kuraka,0,71.40510223187509,52.137672482476684857003114112489198999,44.3804699288639793058848889846949773658,70,30,750,22,742.24,540.04,39.58
158605774,AUS / Pinj (AUS) 9th May,R2 1406m Mdn,09-05-2019 06:42,24117911,16. Miss Damina,0,42,35.197594021345777437414316869758859397,30.5355955272996674764390689340293930153,48,24,1,1001,1160.82,971.74,19.28
158605774,AUS / Pinj (AUS) 9th May,R2 1406m Mdn,09-05-2019 06:42,24117908,10. The Last Breeze,0,432.09848652355373,179.714226472056963667027839005976508333,129.439904184866845145836268845991263914,360,100,1,1001,141.94,72.94,.96
158605799,AUS / Hawk (AUS) 9th May,R7 1600m Hcap,09-05-2019 07:10,6279127,1. Redemption Road,0,7.86831415,5.50027396689129877258785525064009287728,5.68197898292923555263236569105204938862,8.8,5,1,1001,6689.8,6547.78,142.02
158605791,AUS / Hawk (AUS) 9th May,R3 1100m Mdn,09-05-2019 04:40,10511529,6. Prince George,0,23,18.5875849467137047035714599227509491609,14.8812637529742204411685779201030466751,22,16.5,750,23,1117.94,724.28,51.86
158605789,AUS / Hawk (AUS) 9th May,R2 1800m Mdn,09-05-2019 04:05,23894142,7. Wristband,0,103.67544223669152,97.6421859275052875242940475597337978432,62.2015441765605652268919804792774419113,120,75,1,1001,274.58,158.8,8.12
158605787,AUS / Hawk (AUS) 9th May,R1 1600m 3yo,09-05-2019 03:30,23909756,2. The Golden Bear,0,14,15.8564371956596141505804250213159132185,13.7805029965753424657534246575342465753,21,14.5,21,21,1868.8,1389.6,114.68
158605797,AUS / Hawk (AUS) 9th May,R6 1400m CL1,09-05-2019 06:35,20600038,1. Bondi Boy,0,2.212573932,2.25214112910417979722795456792939258883,2.14875854469265461158092050429746566475,2.32,2.12,55,2.1,36426.12,28696.18,2439.56
158606331,AUS / Pakn (AUS) 9th May,R3 1400m 3yo,09-05-2019 10:00,20977616,8. Lope Glow,0,84.87964097818121,49.3275265486988779541200657301727732556,51.5666796198820079838909103755254883951,150,70,80,60,566.14,547.22,18.92
158606327,AUS / Pakn (AUS) 9th May,R1 1200m 2yo,09-05-2019 09:00,23825786,1. Aladaala,1,1.64,1.76152050939375268685116284706613321953,1.68193697581211888730372272534534835909,2.1,1.64,1.64,1.15,84099.14,71540.42,7157.58
158606327,AUS / Pakn (AUS) 9th May,R1 1200m 2yo,09-05-2019 09:00,24127749,2. Aragon Star,0,10.055691637421518,9.60108393714546939234833950850313478194,7.99810812354480733501096959088297647166,11,8.4,1,1001,5952.82,4369.44,75.64
158606327,AUS / Pakn (AUS) 9th May,R1 1200m 2yo,09-05-2019 09:00,1146118,3. Brooklet,0,42.555938713297365,39.8435595976451976883251101336480483057,27.1765953594247135207842934374919165007,50,38,560,95,773.18,255.54,20.12
158606329,AUS / Pakn (AUS) 9th May,R2 1600m Mdn,09-05-2019 09:30,22381747,9. Princess Maribel,0,4.1,3.9457125717960899533076853355626895247,3.72167832632149440560659392281471730905,4.7,3.65,11,8.2,24097.34,20915.56,588.2
158606337,AUS / Pakn (AUS) 9th May,R6 1600m Hcap,09-05-2019 11:30,9586756,2. Seul Spirit,0,18.44242782362271,18.8556472513424552107117263041551983179,14.8054641914008760416831385695535982542,22,15.5,44,19,2529.56,1645.2,109.44
158606337,AUS / Pakn (AUS) 9th May,R6 1600m Hcap,09-05-2019 11:30,12386967,5. Millie The Missile,0,11.5,10.1391093619123595974008770862910916489,4.39493112747326000666606066115201648335,12,9.2,2.02,1.01,19801.8,7008.36,11356.56
158606337,AUS / Pakn (AUS) 9th May,R6 1600m Hcap,09-05-2019 11:30,24127777,12. Thats All Zariz,0,440.94068597421517,433.441767763151598902172745108277590013,208.120759708967211565718605310403477275,520,310,1,1001,211.66,93.42,.18
158606339,AUS / Pakn (AUS) 9th May,R7 1400m Hcap,09-05-2019 12:00,10467091,10. Mrs Bignell,1,16,14.4719641946151628291098142309254165362,15.0258012750791233901855365830874090642,17,10.5,34,1.01,2576.64,3825.04,7660.26
158606335,AUS / Pakn (AUS) 9th May,R5 1100m Hcap,09-05-2019 11:00,9763771,12. Fabrication,0,70,73.635640079948647682610890142017211096,49.1179521242623202105101806197787599315,100,55,1,1001,782.86,496.08,7.2
158606341,AUS / Pakn (AUS) 9th May,R8 1200m Hcap,09-05-2019 12:30,24127785,11. Kobe Princess,0,30,20.1617889625521699918273597181261710075,22.3629963422244809995772789533981926352,36,17,1,1001,27.76,2462.9,23.9
158606333,AUS / Pakn (AUS) 9th May,R4 1100m Mdn,09-05-2019 10:30,24127768,4. Seattle Reins,0,18.90577875549396,18.6381989803837017022339848737941110839,13.094399413641458998016728464257997758,20,18,44,44,1855.52,989.32,55.18
158606350,AUS / Seym (AUS) 9th May,R3 1600m Mdn,09-05-2019 05:00,24127916,14. Our Hopeinfaith,0,408.1145785823511,267.175644033215337427968310925130009344,161.903777756416418340863212534845717581,370,160,1,1001,208.06,115.44,2.32
158606358,AUS / Seym (AUS) 9th May,R7 2000m Hcap,09-05-2019 07:00,24127938,15. Malonga,0,332.8633441508706,331.23651962725613263768001720008403009,207.855946903989742816200316765970284335,400,180,1,1001,265.18,142.92,.9
158606358,AUS / Seym (AUS) 9th May,R7 2000m Hcap,09-05-2019 07:00,15797082,2. Eaton,1,9,9.0456251209433320635094296190610918623,4.90903616632832404594193223156259792635,11,8.2,9,1.01,5871.76,2672.16,2355.04
158606358,AUS / Seym (AUS) 9th May,R7 2000m Hcap,09-05-2019 07:00,19920896,11. Snowy Black,0,120,87.4338436914356732249868075552034406362,58.4176353841791891125602495038276155373,120,60,890,60,282.16,154.52,23.84
158606346,AUS / Seym (AUS) 9th May,R1 1100m 3yo,09-05-2019 04:00,24127902,8. Floridante,0,51.327875722873145,47.336074477502873621237861449219244925,34.3852084998667732480682120969890754063,65,12,1,1001,600.48,381.56,15.02
158606348,AUS / Seym (AUS) 9th May,R2 1200m Mdn,09-05-2019 04:30,24127909,12. St Edwards Crown,0,18.431099333,18.5153026837577658336551729324566977321,11.5339152744929256123753729409896621176,21,14.5,1,1001,2393.14,1052.04,120.26
158606348,AUS / Seym (AUS) 9th May,R2 1200m Mdn,09-05-2019 04:30,17311722,6. Wokit,0,160.82018533118472,144.308325553514207082537694878596779988,90.2485462555066079295154185022026431718,180,95,1,1001,227,126.44,11.76
158606360,AUS / Seym (AUS) 9th May,R8 1300m Hcap,09-05-2019 07:30,16011318,5. Perfect Command,0,14.372535367,7.67004593351416468069666472659008490367,8.04960677294424930199045303071242006665,15,8.2,1,1001,4441.2,4332.32,108.88
158606360,AUS / Seym (AUS) 9th May,R8 1300m Hcap,09-05-2019 07:30,24127939,1. Think Positive,0,10,8.55735477021777630863589918752964509251,8.75516633455499386483289980838936248663,12.5,7,1,1001,9926.38,9862.18,64.2
158606360,AUS / Seym (AUS) 9th May,R8 1300m Hcap,09-05-2019 07:30,5264773,2. Autonomous,0,4.5,3.3399568493615801127865057684880720213,3.46964439924957896350575885279549482679,4.4,3.6,170,3.65,18133.82,17610.8,523.02
158606360,AUS / Seym (AUS) 9th May,R8 1300m Hcap,09-05-2019 07:30,11065884,13. Champenoise,0,67.421372957,42.4441527581388458438496313836415851821,38.90409450323690308401614868254461193,80,46,1,1001,837.22,722.38,114.84
158606471,AUS / Town (AUS) 9th May,R3 1200m Mdn,09-05-2019 05:40,11305767,11. Tellmay,0,50.59537963729351,42.3785863206636048042807444859578486924,32.3016392032009637310157897001247687476,55,25,1,1001,464.86,311.02,10.74
158606471,AUS / Town (AUS) 9th May,R3 1200m Mdn,09-05-2019 05:40,19873746,8. Craiglea Treacle,0,41.155480897171934,50.3355180195348530462711668084501042724,23.1592137789657736599875394416865968607,80,34,750,750,995.14,340.74,6.88
158606467,AUS / Town (AUS) 9th May,R1 1000m 2yo,09-05-2019 04:25,22152652,6. Kwikilla,0,10,9.8515647026169443482336262848921667787,8.38139943347010770047160997630739104763,11,7.4,1,1001,2675.94,1985.72,153.58
158606467,AUS / Town (AUS) 9th May,R1 1000m 2yo,09-05-2019 04:25,22152700,5. Kodai,0,4.3180269716412285,3.99271420306591824045942520708983125863,3.45311782886049716302615340886603798703,4.3,3.7,4,3.6,11117.48,7542.1,1431.38
158606467,AUS / Town (AUS) 9th May,R1 1000m 2yo,09-05-2019 04:25,24127805,4. Redeski,0,7.813251032641273,7.60210049544192950521687627420916343933,6.7679910284855252154661948887503202386,8,7.4,4.7,4.7,4137.54,3128.6,249.86
158606467,AUS / Town (AUS) 9th May,R1 1000m 2yo,09-05-2019 04:25,24127807,9. Gotta Be Better,0,75.72405448725186,66.1186257241624996738824685781037397154,25.5851370181142591732466326056665118439,90,50,1,1001,215.3,68.84,3
158606469,AUS / Town (AUS) 9th May,R2 1400m Hcap,09-05-2019 05:05,4014830,5. Arms Race,0,61.27883555334062,29.5920417659180073061150331810123636324,37.7470412678810332407121539569826078008,85,42,750,60,583.02,474.42,22.98
158606479,AUS / Town (AUS) 9th May,R7 1400m Hcap,09-05-2019 08:00,13602019,1. Lauderdale,0,17.95791506882408,14.594181851561475011790913816305707052,12.2564370110726804243366837670326609253,18,10,12,12,3446.32,2677.82,106.06
158606479,AUS / Town (AUS) 9th May,R7 1400m Hcap,09-05-2019 08:00,24127824,10. Damky,0,48,51.8115083054434058663598921004998551793,36.5044889248657001986901170064022371035,60,46,1,1001,543.56,345.04,14.58
158606477,AUS / Town (AUS) 9th May,R6 1000m Hcap,09-05-2019 07:25,14163252,8. Little Stryker,1,11,9.90084375832246142397219769731577649013,6.25497366906934744042576994997522734901,14.5,9.8,1.01,1.01,10011.04,5672.6,4338.44
158606475,AUS / Town (AUS) 9th May,R5 1200m CL2,09-05-2019 06:50,15723782,3. Toff Rocks,0,11.732494852675591,12.7493539524485657084713090933470356409,11.5896492634388215021144033830454128727,21,10.5,11,11,4166.66,3262.36,83.44
158606475,AUS / Town (AUS) 9th May,R5 1200m CL2,09-05-2019 06:50,18697076,11. Lucky Connection,0,42,35.2543623748427781746025959762054488274,24.9162819869543401906673356748620170597,46,27,1,1001,797.2,519.84,7.18
158606475,AUS / Town (AUS) 9th May,R5 1200m CL2,09-05-2019 06:50,24127819,12. Double Denman,0,3.05,2.86756330598143599518700373835176885371,2.75827298563833496960820605260757836684,3.45,2.64,1000,2.4,29823.84,24694.86,1762.52
158606516,AUS / Penr (AUS) 9th May,R5 1720m Pace M,09-05-2019 11:03,17743188,1. Thanks Jack,0,3.65,3.58770111844163417348639089449114031517,3.22198491243390093630233347887255615388,3.65,3.4,5.2,5.2,3298.08,2220.34,597.5
158606516,AUS / Penr (AUS) 9th May,R5 1720m Pace M,09-05-2019 11:03,22822383,8. Hayaku Harry,0,9.98391211556853,10.7557902099505345501964422488544702276,6.34895406694629492556953696850069907065,12.5,10.5,1,1001,972.72,417.16,279.4
158606520,AUS / Penr (AUS) 9th May,R7 1720m Pace M,09-05-2019 12:03,24126418,8. Alta Dream Lover,0,36.463804641,45.3191403798129261006176063772779159899,60.202148501273427806438973421276039966,44,38,1,1001,.98,74.42,7.66
158606512,AUS / Penr (AUS) 9th May,R3 2125m Pace M,09-05-2019 10:03,9401373,4. Make Mine Grange,0,100,64.0143619295125692467925569895327913862,42.5775058275058275058275058275058275058,70,55,1000,1000,102.96,34.2,13.28
158606510,AUS / Penr (AUS) 9th May,R2 1720m Pace M,09-05-2019 09:34,15058503,2. Sam Is Perfection,0,3.65,3.34743169893975248883056894312706033537,3.62853343829003869237272958238060133528,4.3,3.65,5,5,4801.98,4563.88,238.1
158606510,AUS / Penr (AUS) 9th May,R2 1720m Pace M,09-05-2019 09:34,8500515,3. Mortenson,0,65,27.7353751431952688337289860773884862616,65.706106194690265486725663716814159292,60,50,1000,750,135.6,110.88,24.72
158606518,AUS / Penr (AUS) 9th May,R6 1720m Pace M,09-05-2019 11:33,24126413,6. Miss Peudiepie,1,1.865959168,1.66123929198060197405414684412571182983,1.529928669358625223025636209972767396,1.82,1.62,2,1.01,10649,5996.96,3963.3
158606518,AUS / Penr (AUS) 9th May,R6 1720m Pace M,09-05-2019 11:33,24126414,7. Itsallaboutned,0,29.620677950767146,49.9025197269143858236889604512490862708,21.2400702644676490680199082658339026056,50,48,750,750,204.94,57.9,4.9
158606685,AUS / Mary (AUS) 9th May,R6 2190m Trot M,09-05-2019 05:33,6810054,7. Argyle Melody,0,20,9.92429329592126090763160360411789270421,16.7227294569918308505526189332051898126,1,1001,1,1001,83.24,80.58,2.66
158606681,AUS / Mary (AUS) 9th May,R4 1690m Trot M,09-05-2019 04:17,5164859,9. Our Ivy,0,8.324059191421256,11.3466392489036097702464903155925082934,7.75863839378887172851358684309387652878,15,8.6,1,1001,958.28,553.14,63.22
158606691,AUS / Mary (AUS) 9th May,R9 2190m Trot M,09-05-2019 07:20,24117570,7. Like A Sunbeam,0,15.5,15.4303986136865171941090461742448210109,10.9254175132563556172258288319540115962,1,1001,1,1001,403.58,163.92,38.96
158606683,AUS / Mary (AUS) 9th May,R5 2190m Pace M,09-05-2019 04:52,24117561,1. Oceanique,1,2.163188735,2.24429044155335988841766294942363089028,2.03844174028347361768343473936973933687,2.72,2.2,2.56,1.01,21297.22,16509.86,4787.36
158606687,AUS / Mary (AUS) 9th May,R7 2190m Pace M,09-05-2019 06:10,13023680,3. Barbie Mattgregor,1,26,24.5177083378003385574198126188852594234,2.94851365546218487394957983193277310924,25,24,1.01,1.01,1942.08,119.86,1724.66
158606677,AUS / Mary (AUS) 9th May,R2 1690m Trot M,09-05-2019 03:16,24117542,1. Im Daddy Warbucks,0,5.541773830831733,4.73765564228700437547377644915065006392,5.04544498043365902882035883930988653983,5.3,4.6,1,1001,1625.24,1588.84,36.4
158606677,AUS / Mary (AUS) 9th May,R2 1690m Trot M,09-05-2019 03:16,24117546,6. Floating Mountain,0,56.81900729155278,21.4650491646791288410122360182090376432,33.2094527363184079601990049751243781095,65,65,750,750,80.4,77.84,2.56
158606689,AUS / Mary (AUS) 9th May,R8 2190m Trot M,09-05-2019 06:45,2436708,8. Express Yourself,0,28,30.0190914217708403262510589132413137808,21.1025007642922653622745337817181290125,42,36,1,1001,327.1,133.2,37.54
158607547,AUS / APrk (AUS) 9th May,R7 1660m Pace M,09-05-2019 05:47,10308295,4. Mo Jarney,1,5.1617533557565185,4.96897729884330290990319710291401105913,3.08503957001989081213762749164162681451,6.4,5.5,1.01,1.01,5198.38,2228.02,2832.36
158607547,AUS / APrk (AUS) 9th May,R7 1660m Pace M,09-05-2019 05:47,20169408,8. Holdingno Currency,0,25,16.6432826460277639741189807377217321339,18.2518111416437671746190357232075943043,26,20,1,1001,400.3,394.38,5.92
158607547,AUS / APrk (AUS) 9th May,R7 1660m Pace M,09-05-2019 05:47,23519272,7. Cannan,0,26,16.6859129411693741734842305993521058979,21.6200899809655649766395570167849108842,26,26,60,60,231.16,211.54,19.62
158607547,AUS / APrk (AUS) 9th May,R7 1660m Pace M,09-05-2019 05:47,22044022,11. Tascott Lady,0,13.821922740247103,9.5156237479235379921826471356654935856,12.0207544128314661078423470621423390022,19,19,32,32,496.28,475.46,20.82
158607549,AUS / APrk (AUS) 9th May,R8 2138m Pace M,09-05-2019 06:22,6401393,11. Weasel,0,257.192411763,145.821448616249816640145482592651499942,87.4383043149129447388342165026495079485,140,140,1,1001,52.84,18.12,1.38
158607549,AUS / APrk (AUS) 9th May,R8 2138m Pace M,09-05-2019 06:22,8705546,2. Monterey Jack,0,70,72.0807094685877903198981536096484371683,45.1541227844849730285127151297200102749,65,65,1,1001,77.86,36.04,4.12
158607551,AUS / APrk (AUS) 9th May,R9 1660m Pace M,09-05-2019 07:03,13673109,10. Broadwater,0,14.119564065709708,16.1785716265917578329648091205868688343,13.2992664714976481036807999736850761488,19,13.5,1,1001,608.02,414.82,13.26
158607551,AUS / APrk (AUS) 9th May,R9 1660m Pace M,09-05-2019 07:03,8201332,7. Rafferty Delights,0,60.63268332517821,59.3367922013864950970392659496162427629,40.6136719220122758454687688049103381875,70,55,1,1001,166.18,98.24,3.32
158607539,AUS / APrk (AUS) 9th May,R3 2138m Pace M,09-05-2019 03:22,21100782,3. Doolittle Doozzie,1,4.6,4.59570585442707150747666455222650789734,2.83600099416581639327106715851712319807,4.8,4.7,3.75,1.01,3822.3,1593.26,2229.04
158607543,AUS / APrk (AUS) 9th May,R5 2138m Pace M,09-05-2019 04:33,19308105,7. Matron Jujon,0,17,15.4275322338082651156211922966521316758,18.6789437055366532632230126817197649242,17,17,11,11,258.64,186.18,35.18
158607541,AUS / APrk (AUS) 9th May,R4 1660m Pace M,09-05-2019 03:52,6929991,8. Karloo Mac,0,32,14.0309318301689411525827425668517236087,15.8486690504568931267381803734604688121,1,1001,1,1001,201.36,168.04,7.62
158607537,AUS / APrk (AUS) 9th May,R2 1660m Pace M,09-05-2019 02:42,23399744,1. The Ragnbone Man,0,7.390730346650817,7.44253274560858886581964032683694043096,7.86340390036242305700972214232295921302,8,7,1,1001,695.32,577.78,19.82
158607537,AUS / APrk (AUS) 9th May,R2 1660m Pace M,09-05-2019 02:42,24091760,2. Call Me Trish,0,7.609810305545105,6.73901520680355039041138238971799528689,7.24721118862445341967355385693781501385,7,7,1,1001,599.18,453.38,55.26
158607535,AUS / APrk (AUS) 9th May,R1 2138m Pace M,09-05-2019 02:10,23157204,3. Peggy Stardust,0,287.9386822685691,149.367117996856417002846723767799835634,141.005045408678102926337033299697275479,1,1001,1,1001,19.82,.64,.28
158607535,AUS / APrk (AUS) 9th May,R1 2138m Pace M,09-05-2019 02:10,23429335,5. Impressive Diamond,0,8.2,7.0289945121697622890838494274590093873,10.76041868847913489532788021627616803,1,1001,1,1001,288.52,225.68,6.94
158607535,AUS / APrk (AUS) 9th May,R1 2138m Pace M,09-05-2019 02:10,19101414,1. Meant To Be Me,0,32.560202977,22.7799770796946137886267655712815827324,23.1365592890863648986392668703138017217,29,29,1,1001,144.04,119.22,2.12
158607545,AUS / APrk (AUS) 9th May,R6 2138m Pace M,09-05-2019 05:12,13550010,7. Our Bondi Beach,0,4.3,4.15837401492402192449808265743101423053,4.04661572086899275839368005266622778144,4.6,3.75,10.5,5,7595,5876.9,520.9
158605715,AUS / Mdra (AUS) 9th May,R2 1790m Pace M,09-05-2019 08:45,16421360,4. Bay Louie,0,3.0769906471339343,3.26392674330555730267448491179435770212,3.48970308196409915471554753537847848799,7,3,8,4.2,5053.92,4757.96,295.96
158605715,AUS / Mdra (AUS) 9th May,R2 1790m Pace M,09-05-2019 08:45,24126278,5. Systamatic,0,3.733390296270226,2.62925079831344373871845931679016323351,2.72704677593447559615053197761430942684,3.75,2.12,1,1001,8819.92,8303.1,516.82
158605717,AUS / Mdra (AUS) 9th May,R3 2190m Pace M,09-05-2019 09:17,13321317,1. Snapper Rocks,1,4.254277044384361,4.45833384356305734573188316729275659231,2.99328346876737615476455927720841224636,6.8,3.3,3.9,1.01,7085.86,3306.68,3113.22
158605713,AUS / Mdra (AUS) 9th May,R1 2190m Pace M,09-05-2019 08:16,24035653,8. Tunza Tenacity,0,9.8,9.73274904988346712454450572852271792946,8.43145903210349784379492093914710110206,11.5,9.8,1,1001,834.8,483.26,139.54
158605782,AUS / Pinj (AUS) 9th May,R6 2000m CL3,09-05-2019 09:10,11294608,10. Memoirs Of Paris,0,30,30.3055982641918245335595824326270458408,24.0273552692844948005587459258109576284,32,29,1,1001,1030.88,732.04,21.78
158605782,AUS / Pinj (AUS) 9th May,R6 2000m CL3,09-05-2019 09:10,24117921,4. Lavistarr,0,4.029122913797764,4.0360845609504752874360448874346657971,3.48154601787191031884590645961591472939,5,3.85,5.2,4.1,13930.24,9534.4,1461.96
158605772,AUS / Pinj (AUS) 9th May,R1 1200m 3yo,09-05-2019 06:04,23783678,2. Calag,0,4.887270672,4.16734438815854337176358664463743133296,3.66660771515593589174890081072371889338,4.6,3.65,4.8,4.8,14833.66,11374.88,566.76
158605780,AUS / Pinj (AUS) 9th May,R5 1200m CL5,09-05-2019 08:30,5682306,5. Light The Fuse,0,50,49.6776246311465774960610349561948534469,36.7419276270006958942240779401530967293,65,32,65,44,574.8,318.94,60.32
158605780,AUS / Pinj (AUS) 9th May,R5 1200m CL5,09-05-2019 08:30,24117920,8. Parisa,0,9.913465486171265,11.102385403841537954190690326194822406,8.84666636988232500853254982267135585926,16,9.8,25,25,4043.34,2786.06,124.98
158605774,AUS / Pinj (AUS) 9th May,R2 1406m Mdn,09-05-2019 06:42,24117907,9. Rivalry Galore,0,183.62247406763953,113.082503481011541456551458676603634471,75.8409828872312417727073277753400614305,170,55,1,1001,227.9,116.18,2.14
158605774,AUS / Pinj (AUS) 9th May,R2 1406m Mdn,09-05-2019 06:42,24117910,15. Overthought,1,6.23159139,5.66840575919246784386550741387669352735,4.48720472707052664497133675015253120694,6.4,5,6,1.01,22192.18,15751.32,4067.14
158605776,AUS / Pinj (AUS) 9th May,R3 1000m Mdn,09-05-2019 07:17,16286762,3. Wattos Revenge,0,170,137.95874478374621710585037386171091654,114.741826287978863936591809775429326288,210,65,890,160,484.48,371.4,10.56
158605776,AUS / Pinj (AUS) 9th May,R3 1000m Mdn,09-05-2019 07:17,20863000,2. Our Mate Boots,0,28,21.7198454949031506096369238727069579507,15.7234235996001961770311462077614089981,27,18.5,13,6.6,3221.58,2137.82,311.24
158605801,AUS / Hawk (AUS) 9th May,R8 1800m CL2,09-05-2019 07:45,24127726,6. Regal Toff,0,40,17.6518525558480182182599408202286483123,18.2710479218032314989799877348218420295,42,16,42,42,1598.02,1582.5,15.52
158605795,AUS / Hawk (AUS) 9th May,R5 1100m CL2,09-05-2019 05:55,18389679,4. Norton,0,22,15.123779481098896114517818831694636931,15.5024478675246748014884391531586926331,24,16,1,1001,1886.54,1869.84,16.7
158605795,AUS / Hawk (AUS) 9th May,R5 1100m CL2,09-05-2019 05:55,14120167,10. Lass Vegas,0,100,55.2176917313163785328147448359605449774,56.992481203007518796992481203007518797,150,70,1,1001,273.98,272.84,1.14
158605789,AUS / Hawk (AUS) 9th May,R2 1800m Mdn,09-05-2019 04:05,3467598,1. Golden Creek,0,290.91575542753105,232.470054170635217444999112470938326575,156.12873901903367496339677891654465593,360,170,1,1001,218.56,105.54,1.64
158605789,AUS / Hawk (AUS) 9th May,R2 1800m Mdn,09-05-2019 04:05,22861358,3. Dragon Li,0,76.92717667744029,84.6588024057921210867886038910611837607,68.6203726106944108395838374062424389064,110,65,750,750,247.98,173.26,8.18
158605793,AUS / Hawk (AUS) 9th May,R4 1300m Mdn,09-05-2019 05:20,24127711,2. Euroblaze,1,24.051339862556787,13.9497582220353520411733598560546043431,9.97712425703712010765952674666367612426,24,17.5,1,1001,1783.4,1193.08,590.32
158605787,AUS / Hawk (AUS) 9th May,R1 1600m 3yo,09-05-2019 03:30,23807380,3. Costa Zou,0,7.889574293,8.42248769910158466329755091735818665284,6.49789415977243277642747061484554104721,8.6,7.8,8,7,2608.46,1260.66,715.9
158606331,AUS / Pakn (AUS) 9th May,R3 1400m 3yo,09-05-2019 10:00,23953356,11. Shezandi As,1,1.9901386494863074,1.92367589611088664308977075187405543613,1.87937153420243750062676627133622346623,2.32,1.93,2.76,1.01,113678.74,104840.62,8838.12
158606331,AUS / Pakn (AUS) 9th May,R3 1400m 3yo,09-05-2019 10:00,24127760,1. Hot Maverick,0,120,52.474494058782209470539848227026816831,74.7635209916623625765513170515752969822,120,95,1000,180,271.06,255,16.06
158606329,AUS / Pakn (AUS) 9th May,R2 1600m Mdn,09-05-2019 09:30,19544033,6. Rembetiko,0,85.78212878458375,93.3190218350141053503244602435752130207,45.0306377216368329736363251660953831831,110,85,390,50,472.62,148.98,29.06
158606329,AUS / Pakn (AUS) 9th May,R2 1600m Mdn,09-05-2019 09:30,23793258,2. Givepeace A Chance,1,13,13.3761116273903082051827130299907824531,5.78077644910309485490567426537729299167,15.5,8.8,8.8,1.01,10053.46,3688.46,5739.5
158606329,AUS / Pakn (AUS) 9th May,R2 1600m Mdn,09-05-2019 09:30,24127756,5. Rapid Ride,0,5.7910393612604825,6.58152856174772832464111848296695014595,5.79590801700322763675599252155633481848,8.8,5.7,6.2,6.2,8600.72,6752.54,279.06
158606339,AUS / Pakn (AUS) 9th May,R7 1400m Hcap,09-05-2019 12:00,1345898,11. Frankincense,0,140,136.234342922760671478575053764911266023,122.893961843694417876196303917224287593,180,80,120,60,116.24,167.9,17.54
158606339,AUS / Pakn (AUS) 9th May,R7 1400m Hcap,09-05-2019 12:00,10531842,5. Internship,0,67.21724642477928,49.9187054328406521078238807731870545713,45.9751665303455018592645664279446467222,75,30,1,1001,498.62,625.88,4.52
158606335,AUS / Pakn (AUS) 9th May,R5 1100m Hcap,09-05-2019 11:00,723535,4. Ocean King,0,4.5813286224908385,4.24259859482430957743417294389529263179,3.83168690984795413957435052441515130586,5.9,3.8,110,4,20270.2,15809.48,456.4
158606335,AUS / Pakn (AUS) 9th May,R5 1100m Hcap,09-05-2019 11:00,793816,6. Solomon,0,9.515118359464687,9.42058734377600888362686972465499014704,8.33475143851081614461759370697040430912,11,8.6,9.8,7.2,5766.38,4563.26,150.18
158606335,AUS / Pakn (AUS) 9th May,R5 1100m Hcap,09-05-2019 11:00,20632979,9. Famoosa,0,75.06202356329203,88.7687260363296357818364642835252920079,44.5409444971400649593285619844212583714,130,70,1,1001,695.82,329.44,2.7
158606341,AUS / Pakn (AUS) 9th May,R8 1200m Hcap,09-05-2019 12:30,21637703,1. Bianconi Magic,1,20.848856336537,12.3067809833718755405638904251625206008,13.3234411234097807694245080791252418327,21,11,1.03,1.01,10.72,4181.94,5750.26
158606341,AUS / Pakn (AUS) 9th May,R8 1200m Hcap,09-05-2019 12:30,24127786,13. Kurocaine,0,24.16542844680138,19.6592616201865948824203961579072120469,26.1274973098727974717980250384239628998,40,21,14,8.4,15.34,2276.92,287.52
158606333,AUS / Pakn (AUS) 9th May,R4 1100m Mdn,09-05-2019 10:30,24127769,6. Yulong November,0,1.9296778645257564,2.03361224939660943502071795723260092819,1.97071357108943888824865062690049051082,2.5,1.88,110,1.93,105689.82,89519.34,3485.86
158606333,AUS / Pakn (AUS) 9th May,R4 1100m Mdn,09-05-2019 10:30,24127770,11. Till We Meet,0,340,126.893772665900388933430154869884916867,75.5808851224105461393596986817325800377,340,65,890,20,212.4,103.2,45.62
158606350,AUS / Seym (AUS) 9th May,R3 1600m Mdn,09-05-2019 05:00,24127912,8. Sirius Deal,0,100,86.0215326523056794827388536223354590163,63.5787354193667839289020551749675985929,150,42,95,40,432.08,297.22,17.3
158606354,AUS / Seym (AUS) 9th May,R5 1200m Hcap,09-05-2019 06:00,17982770,9. Rokurokubi,0,77.96570635525511,76.8966249985056982289100878640428918458,58.4038115183246073298429319371727748691,100,50,750,38,477.5,310.68,29.72
158606354,AUS / Seym (AUS) 9th May,R5 1200m Hcap,09-05-2019 06:00,10614235,11. Sheer Force,0,65,60.4473097718765726492773866221991087193,41.136763465477768405832027955175322328,75,48,1,1001,497.94,308.46,14.48
158606354,AUS / Seym (AUS) 9th May,R5 1200m Hcap,09-05-2019 06:00,13036766,2. Just Stellar,0,12.5,11.7705137659607460042757809244351509664,9.06152402278789475417393881516119471795,12.5,10.5,10,10,2429.36,1558.2,143.6
158606356,AUS / Seym (AUS) 9th May,R6 1600m Hcap,09-05-2019 06:30,24127931,8. Makfly,0,10.737192188864576,8.68952186387874473546986651893249298258,6.18175662522267726947163504802482966337,10.5,6.4,7.2,5.2,4356.08,2137.72,1025.98
158606358,AUS / Seym (AUS) 9th May,R7 2000m Hcap,09-05-2019 07:00,13535820,9. Haylin Rouge,0,4.469660172,3.99780676653411430566518246192362786284,3.57976549216681698575538107145837669461,4.4,3.6,1,1001,19891.02,15440.6,744.46
158606358,AUS / Seym (AUS) 9th May,R7 2000m Hcap,09-05-2019 07:00,24127935,7. Miss Matilda,0,21.45987188217194,19.0455476162464615994097152997345578292,14.7012698171632031454341424726419790586,26,6.4,750,15,2370.42,1492.92,74.46
158606346,AUS / Seym (AUS) 9th May,R1 1100m 3yo,09-05-2019 04:00,17684753,3. Hautclere,1,2.492602261395787,2.58352569595946224134797863893670948404,2.27477844869071950689565877464104675756,3.65,2.36,2.5,1.01,35990.76,27530.16,5124.06
158606348,AUS / Seym (AUS) 9th May,R2 1200m Mdn,09-05-2019 04:30,21676492,3. Quattro Porte,0,80,61.6930830835392568448990422379626714552,34.2676945668135095447870778267254038179,90,32,1,1001,544.8,263.54,4.98
158606352,AUS / Seym (AUS) 9th May,R4 1400m Mdn,09-05-2019 05:30,24127919,8. Baby Cakes,0,15.310907013245346,14.3292873935558079517016745155240974682,12.3314945980377558279975513310501149882,15.97,11.74,1,1001,2417.64,2003.48,18.62
158606352,AUS / Seym (AUS) 9th May,R4 1400m Mdn,09-05-2019 05:30,24127923,15. Novaandout,0,160,154.658766552271491484330436734105667992,92.3277381542017500412745583622255241869,225.45,65.76,1,1001,242.28,142.82,.28
158606352,AUS / Seym (AUS) 9th May,R4 1400m Mdn,09-05-2019 05:30,24127918,5. Recycle,0,90.30413733810416,110.930934559763998734725654484493813166,68.8736760912939802423475594919460801012,159.7,70.45,750,30,410.98,222.32,46.02
158606360,AUS / Seym (AUS) 9th May,R8 1300m Hcap,09-05-2019 07:30,22381310,15. Magic Ticket,0,48,43.2246095740712296141513951231620278333,44.5598126503227984303135153381999240474,80,42,75,75,947.96,927,20.96
158606360,AUS / Seym (AUS) 9th May,R8 1300m Hcap,09-05-2019 07:30,24127940,7. Broo Boss,0,7.098088648824486,6.11018876697046010807623394106184900451,6.32159382364353924342945836212036607641,7.6,6,8,8,8452.88,8109.7,343.18
158606471,AUS / Town (AUS) 9th May,R3 1200m Mdn,09-05-2019 05:40,6879767,2. Buck Stops Here,0,6.285264275258234,6.27431585159618959063295793037580673048,5.41962884061830309024739731933401808245,6.8,5,4.1,4.1,6308.88,4739.66,233.86
158606471,AUS / Town (AUS) 9th May,R3 1200m Mdn,09-05-2019 05:40,11252225,9. Daesy Danoro,0,206.95356059788259,159.06560091850929982370673337736673396,100.897169126542463101863053472054197919,200,130,400,400,165.32,74.74,3.94
158606479,AUS / Town (AUS) 9th May,R7 1400m Hcap,09-05-2019 08:00,11496093,11. Pretty Vacant,0,123.63790965656051,126.058801309460334224424662381131721429,87.2035965274906986357999173212071103762,190,70,890,140,387.04,233.06,12.22
158606479,AUS / Town (AUS) 9th May,R7 1400m Hcap,09-05-2019 08:00,18428575,12. Craiglea Cetina,0,6.366422681374827,6.72626684203596833819695157816237514433,6.0964398354312398203677377444288579041,9.6,5.4,10,5.7,8497.36,6765.22,417.98
158606477,AUS / Town (AUS) 9th May,R6 1000m Hcap,09-05-2019 07:25,11772017,2. Simply Marvellous,0,38.25126056025437,22.593830042009586589612906357905182949,25.220214370354411289453840353334051492,48,29,1,1001,742.64,724.98,17.66
158606477,AUS / Town (AUS) 9th May,R6 1000m Hcap,09-05-2019 07:25,20862693,10. Countless Rock,0,5.9,5.74826398542315766991894108965678686564,5.86148739750380355353439178099521601188,7.2,5.1,5.5,5.5,12015.08,11621.7,393.38
158606475,AUS / Town (AUS) 9th May,R5 1200m CL2,09-05-2019 06:50,16747127,6. Micks Dream,0,34,31.2815951001232145184266397411535832935,25.7377627160800895411018530033577913195,38,22,75,9.4,964.92,698.44,71.2
158606475,AUS / Town (AUS) 9th May,R5 1200m CL2,09-05-2019 06:50,11546154,2. San Vittorio,0,190,92.3781374071315422776245549192430780951,71.7060427730730587053251040620066025549,190,50,890,890,278.68,194.26,7.04
158606508,AUS / Penr (AUS) 9th May,R1 1720m Pace M,09-05-2019 09:03,19588151,4. Classic Grange,0,20.4933430863847,18.9907188155128606486419094537479722699,20.1446030211077395044849778252025742772,28,24,1,1001,599.78,554.08,45.7
158606508,AUS / Penr (AUS) 9th May,R1 1720m Pace M,09-05-2019 09:03,24126411,3. Rockin Priddy,0,8,6.95000072069583883424805281398672543804,7.6584618115773805459585683267557934698,8.6,7.6,1,1001,1464.58,1272.52,192.06
158606508,AUS / Penr (AUS) 9th May,R1 1720m Pace M,09-05-2019 09:03,9423213,5. Gracie Taljuice,0,22.016682382486756,14.7443592259640329833220467698310167648,17.1315716911764705882352941176470588235,44,18,1,1001,435.2,397.44,37.76
158606514,AUS / Penr (AUS) 9th May,R4 1720m Pace M,09-05-2019 10:33,1310070,1. Belligerence,0,21.333547549271614,21.1972985613703901077560900707234019492,15.3561574434918160561184723304754481684,21,21,30,30,513.2,226.74,28.58
158606514,AUS / Penr (AUS) 9th May,R4 1720m Pace M,09-05-2019 10:33,10195932,8. The Maldives,0,36.15945137441771,31.9512989111355728729043947831894868962,27.0379903647625602202339986235375086029,34,32,60,60,290.6,163.98,38.38
158606514,AUS / Penr (AUS) 9th May,R4 1720m Pace M,09-05-2019 10:33,13022185,9. General Joy,0,13,12.2820051275375632188334101360575699274,9.25607878908811037313645563125338502323,12.5,11.5,1,1001,701.62,446.26,18.74
158606512,AUS / Penr (AUS) 9th May,R3 2125m Pace M,09-05-2019 10:03,8892461,8. Luke By Knight,0,50,49.4513295019185260106833259296755097048,60.1145356101624323198667221990837151187,48,48,750,750,48.02,19.04,7.32
158606512,AUS / Penr (AUS) 9th May,R3 2125m Pace M,09-05-2019 10:03,13269055,10. Magnum Rose,0,85,76.5579820416730173758090265821195750495,29.4867832452216348108987393249288328589,1,1001,1,1001,49.18,7.44,3.54
158606518,AUS / Penr (AUS) 9th May,R6 1720m Pace M,09-05-2019 11:33,18953349,4. Gina Tarantella,0,17.777146720585286,23.2140835845727858141961945311397606995,17.0345618596115614008258143447010246215,17.5,17.5,1,1001,130.78,63.98,5.4
158606518,AUS / Penr (AUS) 9th May,R6 1720m Pace M,09-05-2019 11:33,20232648,2. Good Cop,0,7.211860187381365,8.60694053540778447724769797799335763733,5.80468336036055009161173472611250342228,8,8,1,1001,949.66,438.94,155.22
158606685,AUS / Mary (AUS) 9th May,R6 2190m Trot M,09-05-2019 05:33,10921185,5. My Darling Beware,0,65,39.5332600114078449625234801520989112206,49.3698402820991495540344326903132130263,40,40,750,750,96.42,93.76,2.66
158606685,AUS / Mary (AUS) 9th May,R6 2190m Trot M,09-05-2019 05:33,22212018,4. Aldebaran Poppy,0,70,38.8607049534567241011995600019130351607,65.1669724770642201834862385321100917431,1,1001,1,1001,10.9,9.2,1.7
158606681,AUS / Mary (AUS) 9th May,R4 1690m Trot M,09-05-2019 04:17,24117556,2. Roblen Dancer,1,3.647386045680469,4.20238357970878580581369790671182641734,2.89764464277617399452866405695025920832,4.8,3.8,3,1.01,5293.04,2533.2,2058.94
158606691,AUS / Mary (AUS) 9th May,R9 2190m Trot M,09-05-2019 07:20,18491018,2. Sugar Danni,0,5.407050955720333,5.56587365953732669202376795102610957356,5.51720059880239520958083832335329341317,7.2,4.9,18.5,18.5,2004,1487.5,146.56
158606691,AUS / Mary (AUS) 9th May,R9 2190m Trot M,09-05-2019 07:20,18967641,4. Majestic Pinevale,1,2.4861582927242853,2.75723927863138739475558143911959800858,2.09439578270878628980688067527816856375,3.2,2.56,3.4,1.01,7506.24,3008.9,3371.04
158606683,AUS / Mary (AUS) 9th May,R5 2190m Pace M,09-05-2019 04:52,24117562,2. Aristocrat Chester,0,22.95179060814902,16.0580286671245076830320287252311620491,16.2570689049042010898224644049920899982,23,23,28,15.5,455.12,211.06,207.58
158606687,AUS / Mary (AUS) 9th May,R7 2190m Pace M,09-05-2019 06:10,24117565,13. Metro Man,0,120,71.9080717290999310728687582114288057258,45.5039855072463768115942028985507246377,90,75,1,1001,55.2,28.34,1.72
158606675,AUS / Mary (AUS) 9th May,R1 2190m Pace M,09-05-2019 02:50,23429211,5. Go Jo Jolt,0,25.305088612,26.5681523274119686251094228615233656879,38.0389415299283568292119251213311763346,28,28,750,70,86.54,44.12,14.32
158607551,AUS / APrk (AUS) 9th May,R9 1660m Pace M,09-05-2019 07:03,12607690,5. Vintage Dream,0,27,26.1625529726336912630520072139384936608,29.2606542421477909552977974716538511664,1,1001,750,55,153.46,88.32,18.4
158607551,AUS / APrk (AUS) 9th May,R9 1660m Pace M,09-05-2019 07:03,22970702,12. The Harlem Hammer,0,18.660528170336036,18.7195892839891600931278536008363314159,14.7788871196798209751689116495244652924,19,18,1,1001,464.74,301.22,11.5
158607539,AUS / APrk (AUS) 9th May,R3 2138m Pace M,09-05-2019 03:22,19166696,7. Point Oh Five,0,7.381996369713743,5.46993288958847464648914338869557866658,6.50847573479152426520847573479152426521,5.3,4.9,1,1001,1111.88,1075.74,36.14
158607543,AUS / APrk (AUS) 9th May,R5 2138m Pace M,09-05-2019 04:33,12741174,8. Our Memphis Mac,1,3.7217802001140075,3.80027891138446189255353167058158358477,3.44743607825695106892253310938533296659,6.4,2.68,16,1.03,6834.92,4600.42,1442.7
158607543,AUS / APrk (AUS) 9th May,R5 2138m Pace M,09-05-2019 04:33,23742428,9. Morroch Bay,0,4.9,4.58861986388671868723489986607057833283,3.68045573458822050609243532434067358531,5.2,3.9,1,1001,2545.78,1634.94,378.08
158607541,AUS / APrk (AUS) 9th May,R4 1660m Pace M,09-05-2019 03:52,6550002,1. Blucolla Moon,0,31.731905599574098,35.4776790830972632627663270552127588106,25.6448357070763709767859145452506448357,38,38,75,70,178.34,63.5,14.4
158607535,AUS / APrk (AUS) 9th May,R1 2138m Pace M,09-05-2019 02:10,6231777,4. Our Delight,1,1.6656075091057574,1.77452614090916170607345379543120134235,1.44531161483901999557180922132555600516,1.8,1.8,1.01,1.01,5239.16,2783.76,1537.1
158607545,AUS / APrk (AUS) 9th May,R6 2138m Pace M,09-05-2019 05:12,9252827,4. Stevie Dee,0,8.298301238843704,7.70118463184036861315689688910897071138,5.79220320587744197695775588579061612957,1,1001,1,1001,1197.8,517.06,328.14
158607545,AUS / APrk (AUS) 9th May,R6 2138m Pace M,09-05-2019 05:12,11094390,5. Lethal Star,0,11.5,10.4866192675169350007187383225531179028,4.25407480911822266324871137572700460321,1,1001,1,1001,725.58,170.66,189.98
158605715,AUS / Mdra (AUS) 9th May,R2 1790m Pace M,09-05-2019 08:45,24126279,8. Prettypud,0,39.261835857182746,19.6959760501542633182141717140193849929,21.9128973738769868693849343469246717346,65,36,1,1001,231.52,211.24,20.28
158605717,AUS / Mdra (AUS) 9th May,R3 2190m Pace M,09-05-2019 09:17,476386,5. Night Safari,0,22.103016502,20.8152411241297198857353602678023810914,16.5516737220305218597701967201451389136,65,12.5,750,750,562.22,330.18,43.46
158605713,AUS / Mdra (AUS) 9th May,R1 2190m Pace M,09-05-2019 08:16,12792074,3. Pattys Angel,0,100,65.1287841964306276595072563188740920812,44.0042355788624445340863251311012505042,100,60,750,180,99.16,29.44,24
158605713,AUS / Mdra (AUS) 9th May,R1 2190m Pace M,09-05-2019 08:16,17234802,9. Velox Equus,0,26.014085229894846,25.760496681623950438310377155796892337,16.8085706546974152607955424856833307538,28,28,34,34,516.88,236.68,89.54
158605713,AUS / Mdra (AUS) 9th May,R1 2190m Pace M,09-05-2019 08:16,21663373,10. Samara Crocker,0,9.60498389,8.29837783675538656808517235699112363433,7.48395229850397836702138007509289341089,9.2,9.2,12,12,1028.06,720.98,80.46
158605778,AUS / Pinj (AUS) 9th May,R4 1000m CL1,09-05-2019 07:52,24117917,7. The Beach,0,4.2,3.87485509720931179205167173612765805162,3.57827551017528942930532263996019612251,4.8,2.46,1,1001,21264.26,18625.64,98.28
158605778,AUS / Pinj (AUS) 9th May,R4 1000m CL1,09-05-2019 07:52,21048173,8. Flying Target,0,13.597088102555716,14.5837109108395175466576054392139748921,11.6181783598090978258363498028727549397,23,13.5,14.5,14.5,3469.84,2602.62,33.06
158605772,AUS / Pinj (AUS) 9th May,R1 1200m 3yo,09-05-2019 06:04,24117899,4. Country Is,0,155.718421753,106.664074949684867833127277505863171746,70.4784737221022318214542836573074154068,150,80,700,310,138.9,47.88,7.82
158605772,AUS / Pinj (AUS) 9th May,R1 1200m 3yo,09-05-2019 06:04,24117904,10. Lil Red Bikini,0,13.641867043,14.0525659863958048454476905942024239057,11.2669990161341144242455420586589843675,16.5,11,4.6,4.6,3110.18,2173.34,282.38
158605772,AUS / Pinj (AUS) 9th May,R1 1200m 3yo,09-05-2019 06:04,23925576,8. Twentytwo Bang,0,160,116.670760318765244519713540304747918168,48.4255891190890400126522220464969160209,160,80,1,1001,126.46,41.34,3.62
158605780,AUS / Pinj (AUS) 9th May,R5 1200m CL5,09-05-2019 08:30,19052106,6. Citichant,0,6.4,6.74603477996306324475146779587124143851,5.38874610134249423676716539348189666863,9.2,5.7,6.2,3.25,8406.74,5594.48,1091.58
158605784,AUS / Pinj (AUS) 9th May,R7 1600m CL1,09-05-2019 09:45,23388891,13. Churches,0,13.5,14.1668749980126437166013646170940644267,11.5739109110662734750892441409281390657,21,11,8.4,8.4,3221.5,2481.94,52.08
158605784,AUS / Pinj (AUS) 9th May,R7 1600m CL1,09-05-2019 09:45,23413886,5. Groovershaker,0,42.431704624,40.2427550375776839240691080218336670988,30.7249102794155344783388874647526275314,65,34,1,1001,624.16,407.76,8.08
158605776,AUS / Pinj (AUS) 9th May,R3 1000m Mdn,09-05-2019 07:17,24117912,6. Hicount,0,53.07836067379453,52.3362935641723357832253977493863157939,40.1737921651557947974741574362993744547,80,32,1,1001,1352.42,970.12,5.26
158605776,AUS / Pinj (AUS) 9th May,R3 1000m Mdn,09-05-2019 07:17,24117914,12. Madame Michelle,0,174.2489443647675,104.462373783463359716066314847832937558,71.0103987014304555138480267829968550269,150,65,120,110,394.28,214.7,14.52
158605776,AUS / Pinj (AUS) 9th May,R3 1000m Mdn,09-05-2019 07:17,16786977,8. Miss Quoted,0,27.13390086987987,26.5018134388376078666438107515546121169,20.8048651944771113724465351278365782482,38,16.5,1,1001,2295.9,1743.56,22.34
158605801,AUS / Hawk (AUS) 9th May,R8 1800m CL2,09-05-2019 07:45,12231716,3. Never Been Another,0,44.86942111838608,36.581929893894188487236649380957062367,37.8367998465417077715663707113887975447,55,32,110,60,1459.68,1434.08,25.6
158605801,AUS / Hawk (AUS) 9th May,R8 1800m CL2,09-05-2019 07:45,24127731,13. Isadora Twinkle,0,184.77152659047394,63.8656562608190731121953596843152411642,64.9516267704421014525544142268880944839,190,70,1,1001,441.98,440.42,1.56
158605799,AUS / Hawk (AUS) 9th May,R7 1600m Hcap,09-05-2019 07:10,18953516,3. Stock Up,0,3.1630795838855668,2.99609760047841285427616014601344045543,3.05014063194538674252881092639469214537,4.1,3.25,1,1001,21372.1,20617.74,754.36
158605799,AUS / Hawk (AUS) 9th May,R7 1600m Hcap,09-05-2019 07:10,12268409,8. Purrfect Trick,0,16.386745578805122,9.8547027133832983666361994535734001761,10.0550630709800259973270353893191263434,23,6.4,20,11,7646.94,7535.16,111.78
158605791,AUS / Hawk (AUS) 9th May,R3 1100m Mdn,09-05-2019 04:40,24127709,11. Written Wonder,0,70,74.2668799255729142458790894922048464137,37.0738840638254898000403958796202787316,120,48,1,1001,495.1,169.28,2.96
158605791,AUS / Hawk (AUS) 9th May,R3 1100m Mdn,09-05-2019 04:40,335443,10. Si Senor,0,44,39.9015306049431751708011463733591733903,32.7702095808383233532934131736526946108,46,36,750,95,454.24,311.64,13.78
158605795,AUS / Hawk (AUS) 9th May,R5 1100m CL2,09-05-2019 05:55,23629595,1. Rare Episode,1,14.5,10.8545424479678894996134767833716253955,7.72073794871570892605226263217431941963,16,11,15.5,4.6,4579.18,3001.54,1577.64
158605793,AUS / Hawk (AUS) 9th May,R4 1300m Mdn,09-05-2019 05:20,20705741,6. Stella Maris,0,14,8.82155016209943756385086468830666791699,9.12604201314784545214455492187667292415,14.5,11,1,1001,2801.98,2752.58,49.4
158605787,AUS / Hawk (AUS) 9th May,R1 1600m 3yo,09-05-2019 03:30,18357512,7. Rose Of War,0,60,80.3812918909432636566448357977588755858,65.5814593672456575682382133995037220844,95,36,95,60,515.84,396.92,19.82
158605797,AUS / Hawk (AUS) 9th May,R6 1400m CL1,09-05-2019 06:35,9119903,6. Russian Express,0,69.797938465,51.9173403583367468969224581272183789638,33.7345887961859356376638855780691299166,80,36,1,1001,604.08,303.9,33.7
158606327,AUS / Pakn (AUS) 9th May,R1 1200m 2yo,09-05-2019 09:00,24127755,9. Undoubtedly So,0,13.585440058239893,13.5060594204947409526961544460895139422,11.7576413259717906877975724791559559202,16,12,1,1001,4473.7,3509.44,25.76
158606327,AUS / Pakn (AUS) 9th May,R1 1200m 2yo,09-05-2019 09:00,24127750,4. Diaquin,0,270,287.794259713769325136128807478907817771,135.133470709449514277303503090962614071,440,220,250,40,339.7,130.06,91.4
158606337,AUS / Pakn (AUS) 9th May,R6 1600m Hcap,09-05-2019 11:30,11000512,10. Dangerous Spin,0,57.32880828861089,62.4724321601469741974427471164957652756,33.1632008215336611568615834271382585856,100,48,1,1001,1012.74,489.2,6.18
158606335,AUS / Pakn (AUS) 9th May,R5 1100m Hcap,09-05-2019 11:00,9222193,8. Count The Interest,0,152.4507120958064,163.712919191906131954756006017005052497,93.367799811142587346553352219074598678,220,110,130,48,508.32,261.42,27.46
158606341,AUS / Pakn (AUS) 9th May,R8 1200m Hcap,09-05-2019 12:30,8578423,3. Time Ford,0,32.63880643633194,20.9448602096798194773152885086841646568,1,34,21,10,8.4,0,1578.4,113.7
158606341,AUS / Pakn (AUS) 9th May,R8 1200m Hcap,09-05-2019 12:30,1547735,4. Valderrama,0,24,16.5873897474158977124678265982936495875,10.8471615500966708959058563684226854617,32,14,1,1001,10.74,1789.66,125.56
158606333,AUS / Pakn (AUS) 9th May,R4 1100m Mdn,09-05-2019 10:30,3864146,2. Black Sea,0,4.7,4.43653689520911880237178632795720699648,3.78160257562662057044079515989628349179,5,4,1,1001,11570,8694.18,358.46
158606333,AUS / Pakn (AUS) 9th May,R4 1100m Mdn,09-05-2019 10:30,21162365,10. Stryke A Nerv,0,30,31.3846185160864440536949663893108486952,19.6106735801986009881132906129237391772,50,28,20,20,1635.44,902.5,56.1
158606333,AUS / Pakn (AUS) 9th May,R4 1100m Mdn,09-05-2019 10:30,24127767,3. Bold Cavalier,0,324.05739513244345,272.98932012188194115298967434239483471,150.446751195950025544563652408155682504,430,70,280,280,430.62,162.74,29.04
158606333,AUS / Pakn (AUS) 9th May,R4 1100m Mdn,09-05-2019 10:30,23597821,1. Authorisation,0,146.12754477111622,135.985151520717285249402300277530016371,76.4163750071719547879970164668081932412,230,85,700,60,348.58,149.18,22.12
158606350,AUS / Seym (AUS) 9th May,R3 1600m Mdn,09-05-2019 05:00,23051860,6. Quercus,0,54.66918032561951,54.2913069877330009491678174336972620833,51.0777244688142563399588759424263193969,70,36,1000,30,583.6,387.24,57.26
158606356,AUS / Seym (AUS) 9th May,R6 1600m Hcap,09-05-2019 06:30,11129363,2. Hes Got Spunk,0,8.691504067854254,8.7647980253172251412117832577370938841,8.17529678681025112730098172310083068878,13.5,8,990,6.2,9163.48,6937.5,561.84
158606358,AUS / Seym (AUS) 9th May,R7 2000m Hcap,09-05-2019 07:00,5285084,6. Smart Talk,0,42,35.2972970706619055040281108518236771928,24.4342552159146045608927704997573993207,42,26,30,30,989.28,603.66,40.18
158606358,AUS / Seym (AUS) 9th May,R7 2000m Hcap,09-05-2019 07:00,21770670,5. Generalmaintenance,0,18.680830228678985,16.0837233929824925252764218416649481669,13.5309411881314293400921789489334286746,19,15,18.5,15,2824.94,1785.2,486.18
158606358,AUS / Seym (AUS) 9th May,R7 2000m Hcap,09-05-2019 07:00,23612497,8. Dangerpet,0,34,38.85126033582038032954946804983558414,29.0221866307004973446851555255837477872,50,32,750,28,1186.3,818.56,37.76
158606346,AUS / Seym (AUS) 9th May,R1 1100m 3yo,09-05-2019 04:00,24127898,1. Bragging,0,16.5,16.7619196094286301022749203937947410028,12.7859387572302600616374925989463935994,19,13,1,1001,2634.76,1571.1,30.68
158606346,AUS / Seym (AUS) 9th May,R1 1100m 3yo,09-05-2019 04:00,24070158,2. Dothraki King,0,16.504001469523253,20.8765231767262617045454421449137005416,16.0261639021234045056173166284336215517,28,18,65,18,2720.16,1631.16,164.8
158606346,AUS / Seym (AUS) 9th May,R1 1100m 3yo,09-05-2019 04:00,24127904,10. Our Regal Spirit,0,7.9313952591968695,7.00320933526003266072200103506655819914,6.45514825879689055997940166377002563433,7.8,6.2,1,1001,5281.98,4411.94,133.42
158606348,AUS / Seym (AUS) 9th May,R2 1200m Mdn,09-05-2019 04:30,24127906,7. Yulong Storm,0,3.3770418874935695,3.56637291042649091268519081834290236192,3.34141637291178595669213758675804085565,4.6,3.25,280,3.4,18269.2,14240.68,940.14
158606348,AUS / Seym (AUS) 9th May,R2 1200m Mdn,09-05-2019 04:30,24069174,11. Sweet Hannaford,0,129.41568174674177,79.0818216686109726921957040297362745937,61.6381807882172048231771465566075908392,110,50,100,100,247.14,149.04,13.96
158606352,AUS / Seym (AUS) 9th May,R4 1400m Mdn,09-05-2019 05:30,23894377,6. Spilia,0,2.18,2.13017640918276590277684933686299407312,2.00962357846429852271231978973785174489,3.01,1.9,48,1.92,46509.56,39161.38,2125.18
158606352,AUS / Seym (AUS) 9th May,R4 1400m Mdn,09-05-2019 05:30,22019263,2. Black Hat,0,21,17.390016169818762116083573770116515361,14.3712946150768957240643612765579162592,21.61,14.56,170,26,3599.68,2774.7,28.08
158606352,AUS / Seym (AUS) 9th May,R4 1400m Mdn,09-05-2019 05:30,24127921,13. Regal Bellarina,0,34.87891752323601,40.469184525572160352902161275794837186,31.6118979029542323587938160110209704577,61.06,15.03,40,40,1306.6,877.48,24.08
158606360,AUS / Seym (AUS) 9th May,R8 1300m Hcap,09-05-2019 07:30,24127942,10. Crash Cranach,0,20.414457396,18.7864130551141859976662283510317636376,19.1955322278384613661646893688823850019,29,18.5,32,32,2678.74,2553,125.74
158606360,AUS / Seym (AUS) 9th May,R8 1300m Hcap,09-05-2019 07:30,24127943,12. Dash To The Bar,1,39.83391367749603,42.875100393192534713588000473389342033,12.0729190804095165227529420337377491165,140,38,36,1.01,5489.4,1345.26,4144.14
158606471,AUS / Town (AUS) 9th May,R3 1200m Mdn,09-05-2019 05:40,24127813,7. Casino Week,0,428.8848494714498,380.387565364769185649806264280759677305,199.007926267281105990783410138248847926,540,240,1000,1000,108.5,43.14,2.18
158606467,AUS / Town (AUS) 9th May,R1 1000m 2yo,09-05-2019 04:25,24127806,8. Craiglea Cruella,0,161.78772521422212,148.672162461815184133207484383326958619,74.3337484433374844333748443337484433375,220,120,1,1001,240.9,101.62,2.3
158606469,AUS / Town (AUS) 9th May,R2 1400m Hcap,09-05-2019 05:05,12173575,2. Schedule,0,17.598225766593828,10.0473930029941950175542840927634392638,10.721146107251174083626679212628855153,18,11,18.5,18.5,2380.58,2073.48,159.1
158606479,AUS / Town (AUS) 9th May,R7 1400m Hcap,09-05-2019 08:00,15832150,8. Rock Em Sock Em,0,8.266266982282396,7.33502897937099032324697724592946434437,6.6755071042330292588509977172714884605,8,7,1,1001,4608.52,3614.52,209.1
158606479,AUS / Town (AUS) 9th May,R7 1400m Hcap,09-05-2019 08:00,24127825,13. Ifyouknowhatimean,0,17.829763400160587,19.3363318859096832018694003245932870349,13.4467322089109979493519363416046075805,21,15,1000,1000,2038.38,908.42,146.96
158606477,AUS / Town (AUS) 9th May,R6 1000m Hcap,09-05-2019 07:25,12902256,3. Aztec Warrior,0,9.4,7.49444012480528225613595937925734590313,7.58930763104079216446023033042729523194,9.4,8.6,9.4,7,4645.5,4005.46,640.04
158606477,AUS / Town (AUS) 9th May,R6 1000m Hcap,09-05-2019 07:25,23719668,4. Make Her Own Whey,0,14,7.79611760161825896318286300778296858601,8.83389347353476196814410577221704600914,11.5,8.6,1,1001,1803.12,1758.04,45.08
158606475,AUS / Town (AUS) 9th May,R5 1200m CL2,09-05-2019 06:50,13590176,10. Leighway,0,573.2116543277465,401.115067696960323459229121042896008217,264.537513208876364917224374779852060585,570,250,1000,670,113.56,63.26,6.22
158606508,AUS / Penr (AUS) 9th May,R1 1720m Pace M,09-05-2019 09:03,13077671,6. Sams A Blast,0,3.55,4.25297756757101361988630806179265947362,4.4202273319194850615768128883431930647,7.2,4,1,1001,4300.32,4213.36,86.96
158606516,AUS / Penr (AUS) 9th May,R5 1720m Pace M,09-05-2019 11:03,4067538,4. In Massachusetts,1,25,20.7826029981683558261292262691203493168,14.5807387015370497820601055287910071117,1,1001,25,25,348.72,158.88,120.18
158606518,AUS / Penr (AUS) 9th May,R6 1720m Pace M,09-05-2019 11:33,23721187,10. Terroroan,0,83.4923856017705,81.1813139921487200396287419601178287298,63.8642923649906890130353817504655493482,80,80,750,75,171.84,108.18,14.32
158606679,AUS / Mary (AUS) 9th May,R3 1690m Trot M,09-05-2019 03:42,24117548,1. Millys Magic,0,89.34864205367863,62.2743815381564687794851673254467952389,68.4338961452691940108314749920356801529,85,55,1,1001,62.78,49.3,3.96
158606679,AUS / Mary (AUS) 9th May,R3 1690m Trot M,09-05-2019 03:42,24117550,3. Zingara Lass,0,62.0686511128989,60.8642515485227880932383662319310304445,70.5251114413075780089153046062407132244,75,65,750,750,67.3,54,5.34
158606687,AUS / Mary (AUS) 9th May,R7 2190m Pace M,09-05-2019 06:10,9370831,1. Touch Of Armbro,0,194.05308460953623,127.381353513867736416625524149729973017,78.2340239276334986868981616574263203969,210,110,1,1001,68.54,35.94,1.14
158606687,AUS / Mary (AUS) 9th May,R7 2190m Pace M,09-05-2019 06:10,10984736,2. Whata Challenge,0,2.6678716116503356,2.95333460194878274386319707181580334716,2.71202226602834882192809537219562564536,4.5,2.4,2.2,2.1,10653,7915.8,1763.6
158606687,AUS / Mary (AUS) 9th May,R7 2190m Pace M,09-05-2019 06:10,13467964,12. Rose Cooper,0,160,86.2280945976632352884839827113176035157,87.6672131147540983606557377049180327869,85,85,890,700,48.8,15.14,1.42
158606687,AUS / Mary (AUS) 9th May,R7 2190m Pace M,09-05-2019 06:10,14160640,5. Mystery Writer,0,13.5,15.1533991747289395819434161402752676462,14.3955443360619577471692564089995588452,15.5,14.5,110,110,408.02,245.62,14.22
158607547,AUS / APrk (AUS) 9th May,R7 1660m Pace M,09-05-2019 05:47,17632426,6. Getinanhangon,0,5.101705333457212,4.0209809753236148343656712874468283141,4.39470231240596131700387502416636546269,5.4,3.7,1,1001,2379.34,2260.64,118.7
158607549,AUS / APrk (AUS) 9th May,R8 2138m Pace M,09-05-2019 06:22,17525672,1. Goalkicker,0,2.32,2.07219683980140470876674621153953744646,2.06788748595652488678076627099147604632,2.42,1.8,1.92,1.92,14917.96,12620.86,1443.06
158607549,AUS / APrk (AUS) 9th May,R8 2138m Pace M,09-05-2019 06:22,10172800,9. Johnnycake,0,136.17501751973478,96.3085547399943828596188722182966330806,50.2434233602244826376709926341634514206,85,80,1,1001,57.02,23.3,2.34
158607549,AUS / APrk (AUS) 9th May,R8 2138m Pace M,09-05-2019 06:22,12273104,7. Classie American,1,2.38,2.65273523416215069407319886731740633088,1.95992119582992004335786749063227108635,3,2.44,1.08,1.01,12841.96,6355.44,5025.88
158607551,AUS / APrk (AUS) 9th May,R9 1660m Pace M,09-05-2019 07:03,17221380,4. Ykikafil,0,13.32460283550521,15.433068137594632825128635944348105677,11.7962962962962962962962962962962962963,1,1001,1,1001,347.76,163.22,22.22
158607551,AUS / APrk (AUS) 9th May,R9 1660m Pace M,09-05-2019 07:03,8418924,3. Lurah,0,3.8436627184669487,3.35208894635236359723166537841418307582,3.02155034993297276286933995287112881818,3.85,3.15,5.5,1.4,9056.02,5657.48,2629.46
158607541,AUS / APrk (AUS) 9th May,R4 1660m Pace M,09-05-2019 03:52,6120473,4. Surface To Air,0,52.781965323698245,55.8310361369514794538162143984016063065,12.3104795910403496448919066573011784906,1,1001,30,6,512.52,20.22,409.32
158607535,AUS / APrk (AUS) 9th May,R1 2138m Pace M,09-05-2019 02:10,19799025,6. Overthemoon,0,9.2,9.80552778041993262422389509044598462566,14.5568931707732969562622559467985335493,9.4,9.4,1,1001,234.58,169.18,19.54
158607545,AUS / APrk (AUS) 9th May,R6 2138m Pace M,09-05-2019 05:12,7374398,2. Wills,0,103.58903924427928,72.5842699032200894834040344064867174622,47.7420157346374654475866468211779715076,90,70,1,1001,94.06,37.5,17.74
158607545,AUS / APrk (AUS) 9th May,R6 2138m Pace M,09-05-2019 05:12,18697013,1. Crookwell Jake,0,29,21.4790540577511819408597508413158641601,24.2196051315247454834343553227799682222,30,19,55,20,679.72,348.7,248.42
158605715,AUS / Mdra (AUS) 9th May,R2 1790m Pace M,09-05-2019 08:45,141797,1. She Said Yes,0,490,130.360467116844748487639442782601551318,134.238970588235294117647058823529411765,490,150,1,1001,38.08,37.78,.3
158605713,AUS / Mdra (AUS) 9th May,R1 2190m Pace M,09-05-2019 08:16,20044620,5. Lieutenant Mossman,0,95,70.7085284978899040022260353383109956871,30.7679277244494635798983625070581592321,1,1001,140,140,70.84,6.9,14.1
158605782,AUS / Pinj (AUS) 9th May,R6 2000m CL3,09-05-2019 09:10,2261103,9. Unending,0,5.622810475774605,5.43716622186894556840757220359245540502,4.63897514453431118865608966302435273765,5.9,5,5.3,3.6,6763.1,4309.38,1346.58
158605782,AUS / Pinj (AUS) 9th May,R6 2000m CL3,09-05-2019 09:10,11402889,7. Im A Love Man,0,16.88156630566111,14.9140883664905716367940481169656684226,13.7550481413833754117188725353787307675,17,11,1,1001,3952.94,3334.9,106.2
158605782,AUS / Pinj (AUS) 9th May,R6 2000m CL3,09-05-2019 09:10,19921926,1. Elsas Tribe,0,16.580545431243948,14.9317969832125808749480762507026728916,12.1926140510269432984316587480079236234,16.5,13.5,1,1001,1342.82,851.58,70.26
158605772,AUS / Pinj (AUS) 9th May,R1 1200m 3yo,09-05-2019 06:04,24117905,11. Traceyanne,0,193.91146308546422,199.402115764470399831165079591752691246,115.047569444444444444444444444444444444,240,160,890,260,288,119.52,10
158605780,AUS / Pinj (AUS) 9th May,R5 1200m CL5,09-05-2019 08:30,16980740,1. Regal Moon,1,3.643128889677282,3.21189720373599878661061555708337617366,2.64696651376878791048825074070068245528,3.7,2.26,4.2,1.01,22559.72,13607.74,4939.14
158605784,AUS / Pinj (AUS) 9th May,R7 1600m CL1,09-05-2019 09:45,11810693,1. Flat Biccy,0,8.6,7.04854157811624098549040124174240541475,5.89368690008188252644033936234518414994,8.4,6.2,4.5,4.4,4665.22,3360.02,340.76
158605774,AUS / Pinj (AUS) 9th May,R2 1406m Mdn,09-05-2019 06:42,21072904,6. Magic Empire,0,2.0187826188232787,2.09828073316551603578783222549787420488,2.02755583590439382827370527618892247251,2.4,1.97,110,1.96,54186.46,45293.32,3630.6
158605774,AUS / Pinj (AUS) 9th May,R2 1406m Mdn,09-05-2019 06:42,22527634,13. Lock Her In,0,15,16.8596267647344840441343125183556987756,14.1303396901072705601907032181168057211,20,13.5,55,20,4027.2,3181.28,89.04
158605774,AUS / Pinj (AUS) 9th May,R2 1406m Mdn,09-05-2019 06:42,12521577,4. Designer Prince,0,444.3147967803384,262.180605603225937703167547926153743966,186.051357733175914994096812278630460449,410,110,1,1001,135.52,87.2,.82
158605776,AUS / Pinj (AUS) 9th May,R3 1000m Mdn,09-05-2019 07:17,20962223,5. Sir Mambo,0,2.3568390177589302,2.44567009210681722195582511085821174839,2.11968442393431041315468705694527104716,2.7,2.14,2.56,2.1,70603.58,51927.26,1479.9
158605801,AUS / Hawk (AUS) 9th May,R8 1800m CL2,09-05-2019 07:45,19960204,1. Righteousness,0,10.446578675457493,6.76800965984472584095063596791670651201,7.04398727180088635948510396939079608925,13.5,8.6,13,13,8321.68,8228.46,93.22
158605801,AUS / Hawk (AUS) 9th May,R8 1800m CL2,09-05-2019 07:45,20600045,11. Holy Empress,0,11.866284454670966,9.97569672202273762484872853725006772618,10.1051853730148138262378219671693580675,13,9.6,9.8,9.8,7493,7381.82,111.18
158605801,AUS / Hawk (AUS) 9th May,R8 1800m CL2,09-05-2019 07:45,24127724,4. Baaed,1,5.376816463,4.5141897366830449648531999687692416119,4.21529061862159933041729931587441866614,8.2,5.3,5.2,3.95,19665.98,17553.72,2112.26
158605799,AUS / Hawk (AUS) 9th May,R7 1600m Hcap,09-05-2019 07:10,10614076,4. Carluca,1,3.4351998816726335,3.12677530115092641982177727906866838324,2.93884910419210658973605878189650892021,4.7,3.25,3.65,1.02,23765.14,19685.98,4079.16
158605799,AUS / Hawk (AUS) 9th May,R7 1600m Hcap,09-05-2019 07:10,229142,6. Taj,0,7.050613970764662,6.45326725831274021632624717531810215292,6.61416354321247745672501487451006720732,12,6.6,6.8,6,8638.94,8281.38,357.56
158605791,AUS / Hawk (AUS) 9th May,R3 1100m Mdn,09-05-2019 04:40,18739705,1. Banjos Voice,0,8.8,8.80651344578823242523137230022975787723,8.50778845456384883503411099530806790894,10.5,7.8,60,12,5238.78,3427.54,564.48
158605791,AUS / Hawk (AUS) 9th May,R3 1100m Mdn,09-05-2019 04:40,21058919,2. Bravo Del Campos,0,17.104517094,12.7931201362483871146466953895710694543,11.4677162559578136091674272386167731467,16.5,9,40,40,1972.2,1606.36,27
158605789,AUS / Hawk (AUS) 9th May,R2 1800m Mdn,09-05-2019 04:05,23737183,5. Off The Ground,0,14.934563727232165,16.6910954903944907481266147519877713487,11.9795094680389061606016530292899143155,22,14,90,21,2901.34,1522.3,70
158605787,AUS / Hawk (AUS) 9th May,R1 1600m 3yo,09-05-2019 03:30,9095755,6. Exterminate,0,46,45.0295516115122275890999987512903003007,36.7089368550601154974912430180819842848,50,42,55,55,422.52,252.1,51.72
158605787,AUS / Hawk (AUS) 9th May,R1 1600m 3yo,09-05-2019 03:30,24127701,5. Bernson,1,70,67.6000285700307337415653596080600514144,11.1945184439398483355468917355725975751,85,48,1.01,1.01,1867.28,252.88,1492.6
158605797,AUS / Hawk (AUS) 9th May,R6 1400m CL1,09-05-2019 06:35,24127723,8. Quite Unexpected,0,41.76430181936129,38.6899400349628299117041275092590601109,29.9982310023191644236791766119885565318,50,17.5,34,34,1181.46,783.8,124.22
158606331,AUS / Pakn (AUS) 9th May,R3 1400m 3yo,09-05-2019 10:00,24127762,3. Rockin Sonny,0,30.48784010083901,25.6612749000731112872037239224617184404,29.2199457667972280807472130159686652606,38,29,1000,80,1659.5,1639.7,19.8
158606331,AUS / Pakn (AUS) 9th May,R3 1400m 3yo,09-05-2019 10:00,24127763,4. Rugged Roy,0,6.4,5.72181015058693366991122380180470028175,6.11739445747438587828663128008887791631,7.2,5.9,1000,6.8,9073.12,8826.72,246.4
158606331,AUS / Pakn (AUS) 9th May,R3 1400m 3yo,09-05-2019 10:00,22054404,5. Toff Love,0,10.5,8.59697199826105828500527401549671656662,8.26322242045709941371187254268138722486,11,9.2,990,9,7208.06,5894.84,1313.22
158606327,AUS / Pakn (AUS) 9th May,R1 1200m 2yo,09-05-2019 09:00,24127754,8. Springrolls,0,70,79.9971259592685012306555932680151711122,55.6903594042629091233389815392847587622,95,70,1,1001,448.52,285.94,5.44
158606329,AUS / Pakn (AUS) 9th May,R2 1600m Mdn,09-05-2019 09:30,24127758,8. Derugle Diamond,0,572.6431934528237,316.434647884920203177366331522144924939,100.590355222190772714407019530144353241,440,280,340,18,282.64,60,120.22
158606337,AUS / Pakn (AUS) 9th May,R6 1600m Hcap,09-05-2019 11:30,23719313,7. Awesome Mover,0,27,23.2840070389341723171159014071161155426,16.8428177648573946181248540808410968602,28,20,1,1001,2655.58,1835.94,11.3
158606339,AUS / Pakn (AUS) 9th May,R7 1400m Hcap,09-05-2019 12:00,9294537,13. Lardie Lass,0,260,277.148041376040079679077084469267347765,252.39089668790274256769704481953067559,490,80,330,330,135.76,193.02,3.1
158606339,AUS / Pakn (AUS) 9th May,R7 1400m Hcap,09-05-2019 12:00,12485398,8. Tell The Truth,0,7.794932890194858,7.29302717700735150061578304318247401577,7.29772989208938138830647745615661834679,9,6.6,1,1001,5089.08,10169.12,105.2
158606339,AUS / Pakn (AUS) 9th May,R7 1400m Hcap,09-05-2019 12:00,15568566,9. Toorak Warrior,0,6.2,6.22002483745280238586442379847403435981,6.10617107736592583320524154230557636168,7.2,5.7,1,1001,3692.3,6103.06,139.98
158606335,AUS / Pakn (AUS) 9th May,R5 1100m Hcap,09-05-2019 11:00,6169324,5. Channing,0,24,22.0916327344603269698777217691194921377,17.0915880323958000942091747580191761256,26,16,1,1001,2632.44,1831.74,41.54
158606335,AUS / Pakn (AUS) 9th May,R5 1100m Hcap,09-05-2019 11:00,20518090,11. Quora,1,3.2295607632461363,2.87170151308380118993598897090153490145,2.45708583768710983822970040051014700289,3.25,2.2,2.98,1.01,57207.04,42778,8729.64
158606341,AUS / Pakn (AUS) 9th May,R8 1200m Hcap,09-05-2019 12:30,22538024,6. Magnossiva,0,5.470646401177364,4.3714456468791533703250848419112472873,5.46077616398635995097714612957072312935,5.7,4.6,1,1001,514.36,15096.62,143
158606341,AUS / Pakn (AUS) 9th May,R8 1200m Hcap,09-05-2019 12:30,24127784,10. All That She Wants,0,24.79678184884134,17.9286025827788100143405792402138723026,14.0126217485981990678017848591836527625,32,22,20,20,10.92,1961.28,62.42
158606350,AUS / Seym (AUS) 9th May,R3 1600m Mdn,09-05-2019 05:00,24127915,13. Mazy Motion,0,77.254067536,65.6908580418136375490739360379132360906,35.2940557743905919963464063481189701433,100,32,21,18,700.68,320.38,258.42
158606354,AUS / Seym (AUS) 9th May,R5 1200m Hcap,09-05-2019 06:00,2673078,10. Press Release,0,50,57.8707040254922075326344690526610150092,37.2618960434445306439100077579519006982,85,50,1,1001,644.5,358.4,42.5
158606358,AUS / Seym (AUS) 9th May,R7 2000m Hcap,09-05-2019 07:00,24127934,1. Medusas Son,0,21.521390594236998,18.5627501603559311151922165534820467275,14.4011078948674264353176637941015928677,21,14,1,1001,2418.28,1736.1,304.02
158606358,AUS / Seym (AUS) 9th May,R7 2000m Hcap,09-05-2019 07:00,24127936,10. Kurgan,0,22,21.424255025248192218994074367779589819,17.4118137350811974173351594599882606144,24,19,20,20,2555.5,1944.26,49.56
158606346,AUS / Seym (AUS) 9th May,R1 1100m 3yo,09-05-2019 04:00,18721693,7. Afrikaans,0,24,22.9471885746666535852224871214668580125,19.0243766135633776210566085259114665323,26,18.5,30,30,1270.48,968.7,32.02
158606348,AUS / Seym (AUS) 9th May,R2 1200m Mdn,09-05-2019 04:30,12945673,1. Dukebox George,0,297.850028305,229.19842633048241926450785676466672154,143.301979144498829538199616939774420089,410,120,930,930,187.96,96.78,10.32
158606352,AUS / Seym (AUS) 9th May,R4 1400m Mdn,09-05-2019 05:30,24127917,3. Destitution,0,35.915460018231535,65.081148766692777688666808023217780421,28.6126303260491614732393612753095995934,93.94,45.09,130,130,747.74,302.12,6.86
158606471,AUS / Town (AUS) 9th May,R3 1200m Mdn,09-05-2019 05:40,23413226,12. Three Point Genius,0,67.75683709629287,73.0430056548090819123821004359890164821,29.8162890054621167054242604510302309232,80,65,1,1001,369.82,77.62,4.12
158606467,AUS / Town (AUS) 9th May,R1 1000m 2yo,09-05-2019 04:25,487977,7. Mountain Halo,0,55,50.4978092953169363666825610511055718899,33.2722703765751329302935392235414086969,65,48,60,60,274.58,123.88,19.36
158606467,AUS / Town (AUS) 9th May,R1 1000m 2yo,09-05-2019 04:25,23400225,2. Craiglea Altona,0,44.905271062627435,37.3673555383876240620517956819402407669,26.4902329289822882852098638874651176035,40,30,1,1001,351.18,212.52,5.64
158606479,AUS / Town (AUS) 9th May,R7 1400m Hcap,09-05-2019 08:00,11669487,6. Broken Finger,1,7,6.66735685879961855264672473802129836507,5.89502196319191091497922527557589850488,9,6,12,1.03,12789.58,8334.78,3388.62
158606479,AUS / Town (AUS) 9th May,R7 1400m Hcap,09-05-2019 08:00,24127820,3. Lord Archer,0,7.392051118224918,7.16513500008914591315262010062370506139,5.2518567036381969353852257136717523183,8.2,4.9,3,2.02,7259.64,3990.76,654.82
158606479,AUS / Town (AUS) 9th May,R7 1400m Hcap,09-05-2019 08:00,24127821,5. Arno Bay,0,30.277752097288623,28.3488513418834178401078774896249615996,18.3535435652002884678423916606569199502,32,24,1,1001,1525.3,927.64,18.5
158606475,AUS / Town (AUS) 9th May,R5 1200m CL2,09-05-2019 06:50,17409403,7. Omineca,1,4.3,4.65298062127311281962683829650120273527,3.55707176715523786745171941641130514485,5.1,4.2,4.3,1.01,12459.46,8125.08,2631.12
158606473,AUS / Town (AUS) 9th May,R4 1200m 3yo,09-05-2019 06:15,24127816,4. Poetic Attacks,1,12.172722913257095,8.3560479716441181032464692629113627727,5.37374147645834214471340692597970797912,13,8.6,12,1.01,4255.86,2391.74,1864.12
158606473,AUS / Town (AUS) 9th May,R4 1200m 3yo,09-05-2019 06:15,24127817,7. Craiglea Zed,0,32,15.4650303251407516414560235685986598299,14.0576117266919456452778966316006904997,32,20,16,11,1355.54,1004.96,350.58
158606508,AUS / Penr (AUS) 9th May,R1 1720m Pace M,09-05-2019 09:03,17635811,7. Britney Jane,0,91.258321533,42.6430722528628652422067970091311155414,46.1355663824604141291108404384896467722,170,44,1,1001,164.2,161.5,2.7
158606520,AUS / Penr (AUS) 9th May,R7 1720m Pace M,09-05-2019 12:03,22638154,3. Prince Joy,0,6.63856109,7.3293441832722513555945077476462008807,8.12405943017413427168696005087841393511,7.8,7.8,8,8,21.6,534.84,106.66
158606512,AUS / Penr (AUS) 9th May,R3 2125m Pace M,09-05-2019 10:03,12827996,3. Shadow Eclipse,0,1.7459462025252288,1.69700403676427255867233308117891865652,1.64024676092579645497845753235222175356,1.7,1.61,1.43,1.43,10384.14,6381.42,2842.5
158606510,AUS / Penr (AUS) 9th May,R2 1720m Pace M,09-05-2019 09:34,8251787,4. Got The Scoop,0,42.884357750261074,20.7306676304137049479317953483703821737,24.3311547854401674613327131061751366438,50,44,1,1001,171.98,163.08,8.9
158606681,AUS / Mary (AUS) 9th May,R4 1690m Trot M,09-05-2019 04:17,24117559,7. Zippin Around,0,60,82.8117885729207675130378306087776906207,63.7393501805054151624548736462093862816,160,50,750,750,110.8,71.22,1.88
158606683,AUS / Mary (AUS) 9th May,R5 2190m Pace M,09-05-2019 04:52,18575759,5. Power And Torque,0,14.897141675,10.6212214946270527334107369222867757566,14.1060192632714980960720030951556741127,14.5,6.6,70,38,982.18,942.64,39.54
158606679,AUS / Mary (AUS) 9th May,R3 1690m Trot M,09-05-2019 03:42,23429216,4. Magical,0,12.524129762,12.7830759979413049436945482527493640361,12.4909544376233679216240198475217761359,28,7,70,29,2208.84,1476.5,439.82
158606679,AUS / Mary (AUS) 9th May,R3 1690m Trot M,09-05-2019 03:42,24117549,2. Speedway Queen,0,7.8,8.68627898272990689757913934826677911989,8.60639854724136089301928109811461838381,9.4,9.4,1,1001,748.92,530.88,105.34
158606679,AUS / Mary (AUS) 9th May,R3 1690m Trot M,09-05-2019 03:42,24117553,8. The Best Dream,0,6.226602016817777,7.22563120711763121595798458740080767427,6.69217347239530278037757703305738116045,9.6,6.6,1,1001,3867.82,3303.94,327.66
158606679,AUS / Mary (AUS) 9th May,R3 1690m Trot M,09-05-2019 03:42,24117551,5. Shezagem,0,48.813175785,40.7906591142923562180932410999331448574,54.5712039532794249775381850853548966757,44,36,1000,750,178.08,150.98,6.86
158606679,AUS / Mary (AUS) 9th May,R3 1690m Trot M,09-05-2019 03:42,10602916,7. Stick With Me,0,32,29.2364006023242400413950804005428378918,25.0563665855636658556366585563665855637,36,32,750,750,197.28,112.16,4.26
158606687,AUS / Mary (AUS) 9th May,R7 2190m Pace M,09-05-2019 06:10,12085005,4. Honey Cullen,0,50,55.5162070609334819802280933243121629947,37.2055066704513198978143627590122055067,75,50,1,1001,140.92,67.32,11.18
158606677,AUS / Mary (AUS) 9th May,R2 1690m Trot M,09-05-2019 03:16,23783428,7. Jade Nien,0,18,18.1533985614705329328606860321833816297,22.4297225290792124244590291766846448762,65,18,1,1001,307.78,299.54,8.24
158606677,AUS / Mary (AUS) 9th May,R2 1690m Trot M,09-05-2019 03:16,23924181,5. Andover Sun,1,2.06,2.33823706166802797177122788419992805239,2.14168809283156063813290636694323576504,2.82,2.04,1.48,1.01,10704.98,8790.88,1914.1
158606677,AUS / Mary (AUS) 9th May,R2 1690m Trot M,09-05-2019 03:16,24117545,4. Lord Chancellor,0,28.654110769132103,27.9220735389213873825760294026644349258,45.8691151919866444073455759599332220367,80,28,1000,750,419.3,403.22,16.08
158606677,AUS / Mary (AUS) 9th May,R2 1690m Trot M,09-05-2019 03:16,24117547,8. Gatesys Gift,0,60,22.1156503836931845927168369881770183051,36.9975220264317180616740088105726872247,44,44,750,750,72.64,69.34,3.3
158607549,AUS / APrk (AUS) 9th May,R8 2138m Pace M,09-05-2019 06:22,10221767,8. Doolittle Dandy,0,30,33.9558161264649364484412895794519264657,17.3491120346026630480875243830039860911,44,32,12,12,471.64,182.6,121.46
158607551,AUS / APrk (AUS) 9th May,R9 1660m Pace M,09-05-2019 07:03,10125077,11. Topnotch Mach,1,6.6,7.1176416295565761914637742009047657575,3.36749617255809206273602558432279794509,8,6.8,1.01,1.01,3527.16,1155.74,1680.94
158607551,AUS / APrk (AUS) 9th May,R9 1660m Pace M,09-05-2019 07:03,10707830,9. Our Pepperjack,0,8.159619579724968,7.48485516860795262207196693785090762963,6.15596225053345048324337893811974394377,8.8,5.5,1,1001,2549.44,1607.46,553.62
158607543,AUS / APrk (AUS) 9th May,R5 2138m Pace M,09-05-2019 04:33,18130525,10. Ritchie Bee,0,16.69896848335396,24.4190199751664970877633055244627364947,15.439610317723901250968670430643197166,1,1001,1,1001,180.66,69.58,6.26
158607541,AUS / APrk (AUS) 9th May,R4 1660m Pace M,09-05-2019 03:52,8420379,5. Gotta Glow,0,161.00996399341142,137.965455762837995715595663758691037898,81.4510050251256281407035175879396984925,150,150,890,890,63.68,14.26,1.38
158607537,AUS / APrk (AUS) 9th May,R2 1660m Pace M,09-05-2019 02:42,24091763,9. Devouged,1,3.45,3.16158937214366644653455528611833143542,1.7723222123173898006205945822190396859,2.6,2.6,1.01,1.01,4105.74,1227.72,2464.52
158607545,AUS / APrk (AUS) 9th May,R6 2138m Pace M,09-05-2019 05:12,12668445,3. Colombian Gold,0,85,57.3440627646264682552260921440095952226,34.7544037940379403794037940379403794038,1,1001,750,750,88.56,20.38,20.64
158605715,AUS / Mdra (AUS) 9th May,R2 1790m Pace M,09-05-2019 08:45,24035647,6. Forest Major,0,89.96207085482372,32.1243939454168405481938202323388292371,34.9912350597609561752988047808764940239,90,80,1,1001,100.4,98.06,2.34
158605715,AUS / Mdra (AUS) 9th May,R2 1790m Pace M,09-05-2019 08:45,8736230,7. The Verginian,0,49.687151245386495,27.5333393632563508500079862918258436292,37.1322920838339340541983713789881190762,70,55,750,750,149.82,143.02,6.8
158605717,AUS / Mdra (AUS) 9th May,R3 2190m Pace M,09-05-2019 09:17,21444768,4. Stonebridge Star,0,151.170938993,71.6182479548782701012056216995697698948,55.2606175454241444654999442648534165645,110,65,890,17.5,179.42,81.44,39.48
158605713,AUS / Mdra (AUS) 9th May,R1 2190m Pace M,09-05-2019 08:16,23084557,7. All About Lexy,0,13.813452878,15.5496053951570287668842321842463478854,11.7075324412003244120032441200324412003,17,14,12,7,986.4,551.68,183.42
158605778,AUS / Pinj (AUS) 9th May,R4 1000m CL1,09-05-2019 07:52,17997045,4. Woodbug,0,13.5,13.0907254232709741504061890873451536865,11.8030760116449673468821016481609190082,19,11,1,1001,4321.18,3700.92,45.7
158605778,AUS / Pinj (AUS) 9th May,R4 1000m CL1,09-05-2019 07:52,22021290,10. Chasing The Ace,0,14.185881648863429,16.2149003026711408157403753401088303871,14.427797014637970696550087855332698345,23,12.5,1,1001,5816.38,4929.48,11.48
158605772,AUS / Pinj (AUS) 9th May,R1 1200m 3yo,09-05-2019 06:04,18100878,3. Im Icey,1,3.9186845602476392,4.66541943535351139048280251942167910822,3.1193653695418570194599008287691064534,5.8,3.75,3.45,1.01,16508.82,8710.8,5069.16
158605772,AUS / Pinj (AUS) 9th May,R1 1200m 3yo,09-05-2019 06:04,24117902,7. Street Fair,0,20.260693065,19.5306468355603967826236965956043321122,13.742675998991798669949783818368652694,22,18,1,1001,1031.54,537.16,33.2
158605774,AUS / Pinj (AUS) 9th May,R2 1406m Mdn,09-05-2019 06:42,21072511,5. My Man Abraham,0,870,560.909761926818746148330296609150490264,216.073310060298317994287527768962234211,890,300,1,1001,126.04,47.82,.34
158605774,AUS / Pinj (AUS) 9th May,R2 1406m Mdn,09-05-2019 06:42,24117906,8. Rexford,0,40,40.7379024816964488661155542853832183892,33.8875445276992998403144576833312860828,55,34,1,1001,976.92,750.68,6.22
158605776,AUS / Pinj (AUS) 9th May,R3 1000m Mdn,09-05-2019 07:17,21627814,9. Indigo Wild,0,3.2,3.1406218246259813085340244381348839928,2.96318050073543252755422515933381748566,4.8,2.82,4.2,4.2,33680.86,29666.8,521.76
158605776,AUS / Pinj (AUS) 9th May,R3 1000m Mdn,09-05-2019 07:17,22435756,11. Miss Marietta,1,10,13.4978658173883512114967126502467279823,9.69575211116686084582741582971196285367,17,10,12.5,1.01,9407.12,6412.56,1975.48
158605776,AUS / Pinj (AUS) 9th May,R3 1000m Mdn,09-05-2019 07:17,24117913,7. Faith In Rikki,0,580,353.592017791575700779504727628733459523,258.302370122097198946612401244912616711,600,170,250,240,167.08,118.58,3.94
158605776,AUS / Pinj (AUS) 9th May,R3 1000m Mdn,09-05-2019 07:17,19921065,4. Global Ruler,0,244.555740178,210.431943747918065760315073173160507078,132.200342368045649072753209700427960057,320,95,1,1001,350.5,214.74,.74
158605801,AUS / Hawk (AUS) 9th May,R8 1800m CL2,09-05-2019 07:45,24127725,5. Miss Quaintly,0,11.652997580887678,8.10317236520236931709865851827036429999,8.2936296298414341410551327672751863231,17,10,42,14,13989.14,13862.18,126.96
158605801,AUS / Hawk (AUS) 9th May,R8 1800m CL2,09-05-2019 07:45,24127727,7. Scenic Sight,0,7.647156462,6.15106021656350451514517639464233010832,6.24803477632717999110923937203153880349,9.2,7,11,8.2,13677.12,13431.12,246
158605801,AUS / Hawk (AUS) 9th May,R8 1800m CL2,09-05-2019 07:45,20930412,9. Louisville Lip,0,256.8543566293293,100.446453172307984377706428010233194869,108.547992307244011888804708899119995338,300,120,700,360,343.18,337.98,5.2
158605791,AUS / Hawk (AUS) 9th May,R3 1100m Mdn,09-05-2019 04:40,24127704,4. Dirty Littlesecret,0,59.432955007518174,62.56628270004902316169615612214297262,31.9553545160341276846131215063253898205,70,55,1,1001,543.84,159.92,3.64
158605795,AUS / Hawk (AUS) 9th May,R5 1100m CL2,09-05-2019 05:55,24127715,3. Taken Everything,0,1.6569942345791238,1.6137500854303583496934841806567552881,1.67639115786965485972988446786048774353,2.2,1.65,740,2,60433.4,58598.08,1835.32
158605795,AUS / Hawk (AUS) 9th May,R5 1100m CL2,09-05-2019 05:55,24127719,11. Celestial King,0,144.79220673314995,84.5216413229343530353902841438306879274,87.322347378667779168404950632735363649,260,95,270,270,287.64,283.7,3.94
158605793,AUS / Hawk (AUS) 9th May,R4 1300m Mdn,09-05-2019 05:20,17131907,7. Happy Hustler,0,5.5,5.06179332054281016872494863402885874097,5.07829389910050840829096597575283535393,9,5.1,6,6,14319.2,14083.16,236.04
158605793,AUS / Hawk (AUS) 9th May,R4 1300m Mdn,09-05-2019 05:20,24127710,1. Switching To Win,0,77.1382662806788,37.6574424656006367055147048686122389556,38.4588898505298121681364178615704895792,100,38,750,44,855.02,830.5,24.52
158606331,AUS / Pakn (AUS) 9th May,R3 1400m 3yo,09-05-2019 10:00,24127765,9. Mrs Hardwick,0,15.196601470139576,12.0849852236037594946841645675634025483,12.246793658435178397540400669606223399,16,11,9.2,7,3655.88,3346.3,309.58
158606331,AUS / Pakn (AUS) 9th May,R3 1400m 3yo,09-05-2019 10:00,22211709,6. Blackcurrant,0,21.645777349883872,12.1481493078570339329551092027418362966,12.9984149751955288296278692768297806428,25,11.5,80,24,4712.86,4634.56,78.3
158606331,AUS / Pakn (AUS) 9th May,R3 1400m 3yo,09-05-2019 10:00,24127766,10. Ritratto Di Donna,0,300,168.696882105432780459106412626261035612,173.745777330554157981743692949040465751,420,170,600,200,278.26,270.52,7.74
158606327,AUS / Pakn (AUS) 9th May,R1 1200m 2yo,09-05-2019 09:00,24127753,7. Lever Du Soleil,0,28.75455649,25.7761471106621176704585301129312991823,23.4966165914125579537338546647459719885,36,20,1,1001,1652.18,1346.1,26.86
158606329,AUS / Pakn (AUS) 9th May,R2 1600m Mdn,09-05-2019 09:30,24127757,7. Thurmanator,0,4.551942366826625,4.5743084632621710545180915812954601694,3.72378134785883223445159414928055177517,5.1,3.8,3.2,3.2,12109.28,7851.44,833.82
158606337,AUS / Pakn (AUS) 9th May,R6 1600m Hcap,09-05-2019 11:30,16479969,9. Reliabelle,0,7.2,8.68176745384890083309144705991743868789,7.35781040166790737475237362708024702045,13,6.8,7,5.5,16173.56,13078.06,218.06
158606335,AUS / Pakn (AUS) 9th May,R5 1100m Hcap,09-05-2019 11:00,473135,7. Bionics,0,10.725716760251089,11.044859894717506087133738123655999669,9.07875999958244457821682957127497068413,12.5,9.8,1,1001,5747.74,4256,86.68
158606335,AUS / Pakn (AUS) 9th May,R5 1100m Hcap,09-05-2019 11:00,2785985,3. All In Brawl,0,12.5,14.5156327897620817594179221900319261748,11.1454542713524549562161067870418628291,18.5,12.5,1,1001,4643.26,3312.4,41.96
158606335,AUS / Pakn (AUS) 9th May,R5 1100m Hcap,09-05-2019 11:00,11810673,2. Docs Hero,0,23,26.3985864540358563527918542584733303823,17.0736377025036818851251840942562592047,42,20,670,19,2987.6,1762.44,44.52
158606335,AUS / Pakn (AUS) 9th May,R5 1100m Hcap,09-05-2019 11:00,24127771,13. Niamh Chinn Oir,0,40,45.4500584057980443639022948912124255114,28.7791839710170539895732084474684103561,55,32,13,13,905.36,531.5,56.92
158606341,AUS / Pakn (AUS) 9th May,R8 1200m Hcap,09-05-2019 12:30,19155700,5. I Am Vinnie,0,7.6,6.23021123747561473586563908811485777369,10.4003312240477155978088040100367821768,10.5,6.8,1,1001,72.06,10030.92,149.52
158606341,AUS / Pakn (AUS) 9th May,R8 1200m Hcap,09-05-2019 12:30,5567107,12. Valrouz,0,70,46.4057142044911355365580961881826800674,31.9763934507826739950323073152547984871,95,34,1,1001,22.18,777.54,10.48
158606350,AUS / Seym (AUS) 9th May,R3 1600m Mdn,09-05-2019 05:00,23936695,10. Wardy Boy,0,494.793246214,390.493846698899176208624567820726735378,227.507904388516504363222461110408498799,610,120,50,50,158.14,89.38,12.06
158606354,AUS / Seym (AUS) 9th May,R5 1200m Hcap,09-05-2019 06:00,24127925,1. Annies Street,0,7.6,7.45516871769083321186682371628208594638,6.16541843487753291942416592754315344204,8.6,6.8,7,7,5862.8,3653.16,926.04
158606354,AUS / Seym (AUS) 9th May,R5 1200m Hcap,09-05-2019 06:00,24127926,3. Mosarbe,0,40,35.4713665726892062156386653046663976806,24.0935918705931148900871007880547490668,44,30,740,38,964.4,535.14,21.62
158606354,AUS / Seym (AUS) 9th May,R5 1200m Hcap,09-05-2019 06:00,24127927,4. Tarazal,0,19,19.1103289427490841317846153590719557797,16.1090233474731954975116069340993353151,22,17.5,19,19,2395.12,1623.78,414.92
158606354,AUS / Seym (AUS) 9th May,R5 1200m Hcap,09-05-2019 06:00,24127930,7. Grand Wish,1,5.5,5.26559215080053421124756024014110808833,3.06610459877206813349578346353233474283,6.2,5,6,1.01,20929.5,9192.24,9143.14
158606356,AUS / Seym (AUS) 9th May,R6 1600m Hcap,09-05-2019 06:30,24036071,6. Extreme Torque,0,60.6670807058312,73.3129524412707165048936195454238625262,46.5768928851780489545422108042531934632,110,50,1,1001,560.52,338.18,2.86
158606358,AUS / Seym (AUS) 9th May,R7 2000m Hcap,09-05-2019 07:00,17286837,13. My Clementina,0,6.049498848790535,6.69937409897176477260599925571745515215,5.77461626079304225837018827795572902003,9,5.9,8.6,4.2,12431.62,9894.86,647.6
158606348,AUS / Seym (AUS) 9th May,R2 1200m Mdn,09-05-2019 04:30,24127908,9. High Excalebration,1,7.2,8.60131813966382721983529374545448152958,4.31116074066578973995750278255590407771,11,7.4,1.03,1.01,14824.5,6166.32,4613.18
158606348,AUS / Seym (AUS) 9th May,R2 1200m Mdn,09-05-2019 04:30,18113273,2. Governor Landy,0,3.5969723966615126,3.55889872818658165251498691235682979923,3.48797078810216245788822021941317054911,4,3.3,1000,3.05,16669.92,13207.44,515.66
158606360,AUS / Seym (AUS) 9th May,R8 1300m Hcap,09-05-2019 07:30,20878629,14. Kwatile Fame,0,146.33425784662774,74.8597020990799397615837242696252862201,81.0152308424559733460257020466444550214,200,95,330,140,504.24,482.48,21.76
158606471,AUS / Town (AUS) 9th May,R3 1200m Mdn,09-05-2019 05:40,20075792,1. Wirraway,1,3.202588297735105,3.44814625032071946799907207108311050401,2.77409128573619850184304615759270182186,4,3.15,4.4,1.01,25295.08,16753.8,5398.92
158606471,AUS / Town (AUS) 9th May,R3 1200m Mdn,09-05-2019 05:40,24127812,6. Bask In Glory,0,110,100.597562058193976124841989346925984109,46.2354838709677419354838709677419354839,110,75,1,1001,161.2,62.88,3.36
158606469,AUS / Town (AUS) 9th May,R2 1400m Hcap,09-05-2019 05:05,7409866,3. Fastcar,1,11.726367463630158,10.278342852911724796467364095199508682,7.88678013401413741815784228038701565543,13,9.6,9.6,1.01,5217.36,3717.1,1500.26
158606469,AUS / Town (AUS) 9th May,R2 1400m Hcap,09-05-2019 05:05,10494325,4. Best Hoffa,0,6.4,4.53389560331461682597436482038667049851,4.63545757767048265743094535341988978554,7.4,4.7,1,1001,4689.04,4655.46,33.58
158606469,AUS / Town (AUS) 9th May,R2 1400m Hcap,09-05-2019 05:05,19533128,1. Imanui,0,1.443309045,1.42874412893442212635624574068293967273,1.49800770901987274868321359781646234037,1.64,1.41,200,1.43,43818.8,40544.56,2802.48
158606479,AUS / Town (AUS) 9th May,R7 1400m Hcap,09-05-2019 08:00,24127823,9. Thai Boxing,0,12,9.90811861102695530156389890006022638698,9.03392807716055954180594885770860391339,11,9,14.5,14.5,3757.36,2832.18,157.68
158606477,AUS / Town (AUS) 9th May,R6 1000m Hcap,09-05-2019 07:25,12089480,1. Exceedingly Kool,0,6.77968583623122,5.27744566432038656558745696617854834335,7.4099169646227085117349361406812472352,7,6,1000,6.2,4928.02,4504.08,423.94
158606473,AUS / Town (AUS) 9th May,R4 1200m 3yo,09-05-2019 06:15,17297017,2. Tawhiri,0,10.5,7.68540784442413417834236536258139924498,7.92844172181808237160203467702237050812,12.5,9.4,9.8,8,3656.6,3388.62,267.98
158606508,AUS / Penr (AUS) 9th May,R1 1720m Pace M,09-05-2019 09:03,20695953,8. Courageous Becqui,0,3.6632578913426554,2.39641098036710937053586112359177522761,2.45815168046475229974358338275987271632,3.1,2,3,2.7,8868.38,8063.74,804.64
158606508,AUS / Penr (AUS) 9th May,R1 1720m Pace M,09-05-2019 09:03,14426333,1. Sheiswatching,0,45.02686008848249,29.5083384715130291154394736900892772836,30.6456317204301075268817204301075268817,60,34,1,1001,238.08,220.24,17.84
158606516,AUS / Penr (AUS) 9th May,R5 1720m Pace M,09-05-2019 11:03,8542514,7. Gentleman Red,0,8.139889315336873,7.61728608852321107403269316273189076668,6.03023318933345396150453486531110759279,1,1001,1,1001,884.26,525.54,86.22
158606520,AUS / Penr (AUS) 9th May,R7 1720m Pace M,09-05-2019 12:03,24126417,6. Casino Comedy,0,21.257655392384404,21.6837271626284641937964422602250044781,32.4610025873185676507707835745654881703,24,20,1,1001,1.82,110.74,13.96
158606520,AUS / Penr (AUS) 9th May,R7 1720m Pace M,09-05-2019 12:03,24126416,4. Our Jaguar Star,0,31.231092907,34.1262328682563389233640649028260431927,34.0593062690637941265809721963910895486,1,1001,750,440,5.38,39.56,12.36
158606514,AUS / Penr (AUS) 9th May,R4 1720m Pace M,09-05-2019 10:33,20507309,3. Speedy Dominic,0,9.6,9.51340012426140908594228704949516343686,7.0731132806446613977994731132806446614,8.8,8.8,1,1001,774.36,459.56,31.88
158606512,AUS / Penr (AUS) 9th May,R3 2125m Pace M,09-05-2019 10:03,20781321,2. Cronin,0,10.300250059,11.0933864455445767436490079158533631152,13.0592882295214454771113548461582866709,15,9.6,1000,1000,692.92,441.56,105.32
158606512,AUS / Penr (AUS) 9th May,R3 2125m Pace M,09-05-2019 10:03,18258280,6. Premier Joy,0,7.090820645477214,8.28137539424128657718837766527724811205,9.1901121304791029561671763506625891947,7.8,7.6,1,1001,667.08,405.14,109.76
158606512,AUS / Penr (AUS) 9th May,R3 2125m Pace M,09-05-2019 10:03,6509036,7. All About Art,0,34.62424332872558,26.2897283045025338743701116625291136538,27.3162072629539346209138071129445590349,27,25,750,750,319.98,234.62,21.22
158606518,AUS / Penr (AUS) 9th May,R6 1720m Pace M,09-05-2019 11:33,19941764,3. Gemmas Express,0,15.562828345141316,15.6401409023263445020198869792253736463,13.6273066908185214536397599909430544549,17.5,17,10,10,353.32,208.06,62.5
158606518,AUS / Penr (AUS) 9th May,R6 1720m Pace M,09-05-2019 11:33,23681559,8. Johnrod,0,180.92961645033748,149.817886233465476331157210493338581646,101.301281107347960536003534089235753203,190,85,1,1001,135.82,75.28,.52
158606693,AUS / Mary (AUS) 9th May,R10 2190m Trot M,09-05-2019 07:55,23131701,3. I Am Pegasus,1,1.182254107792032,1.18535098718987335386967446345723571923,1.12720216555295757639612113156625724856,1.21,1.16,1.09,1.01,9870.92,5810.92,3110.78
158606685,AUS / Mary (AUS) 9th May,R6 2190m Trot M,09-05-2019 05:33,12329847,6. Brochel Bow,0,8.2,7.72574658171203859382483528711084642203,8.41516988688878130363980458606575414814,10.5,7.4,1,1001,1817.68,1809.62,8.06
158606685,AUS / Mary (AUS) 9th May,R6 2190m Trot M,09-05-2019 05:33,17550180,3. Parisian Amore,1,1.408082189797387,1.34709165196700805962217466952825345536,1.3015677910861240120589912816752220321,1.59,1.39,1.41,1.01,9818.4,7315.24,2503.16
158606681,AUS / Mary (AUS) 9th May,R4 1690m Trot M,09-05-2019 04:17,24117558,6. Illawong Stardust,0,20,7.01949082374403081743704245432357085853,7.70061157473779521617746925224477476798,46,2.5,700,20,6626.5,6155.8,38.94
158606683,AUS / Mary (AUS) 9th May,R5 2190m Pace M,09-05-2019 04:52,668633,3. Break Out,0,89.64519738171253,57.6069213857747939515549752761323484804,46.1371632700866713516045912391660810494,85,60,750,12.5,170.76,67.84,102.92
158606687,AUS / Mary (AUS) 9th May,R7 2190m Pace M,09-05-2019 06:10,24117564,10. Ballygar,0,9.299582810272845,11.02509851048295195295305437258522669,9.3889186599653729135499487317409356037,14,10,10,10,1189.82,826.86,45.82
158606689,AUS / Mary (AUS) 9th May,R8 2190m Trot M,09-05-2019 06:45,10521980,2. Coco Lombo,0,27,19.6727432560071698452261920230137330399,21.5811591574474700106225872477135528668,28,12.5,750,42,771.94,601.74,19.92
158606689,AUS / Mary (AUS) 9th May,R8 2190m Trot M,09-05-2019 06:45,24117566,4. Four Walls,0,1.82,1.90566837689664418058114481211035546534,1.83326404837548329414655287144119764811,2,1.81,1.64,1.6,11721.64,7955.44,1992.28
158607547,AUS / APrk (AUS) 9th May,R7 1660m Pace M,09-05-2019 05:47,10098577,9. Itz Sportz Torque,0,15.404922911585892,11.2231033061662211763459020848486814199,12.7183763673365555838209107097430679217,19,15.5,1,1001,628.96,580.62,11.3
158607549,AUS / APrk (AUS) 9th May,R8 2138m Pace M,09-05-2019 06:22,21336570,4. Montana Chief,0,28.8591987087205,30.3014550424492906369396624694241802391,22.6301014780498566071034634899624972424,38,28,1,1001,362.64,217.72,12.56
158607539,AUS / APrk (AUS) 9th May,R3 2138m Pace M,09-05-2019 03:22,22021341,5. Our Doug,0,4.109198449543619,3.82791615465529700716833401252328047034,4.0490372573575453976205385097056981841,4.3,4,1,1001,1916.4,1826.46,89.94
158607541,AUS / APrk (AUS) 9th May,R4 1660m Pace M,09-05-2019 03:52,9550812,9. Rory Mach,0,5.6,4.71070517899958026726377937143045944208,4.71103795296054915731730301857969030543,5.3,3.65,1,1001,4032.36,3484.66,236.64
158607535,AUS / APrk (AUS) 9th May,R1 2138m Pace M,09-05-2019 02:10,22928318,8. My Ultimate Major,0,7.6,8.04795554398365029452788623396124003569,10.5589217587091125148539620989430233285,8.8,7.8,1,1001,319.78,233.7,15.42
158607535,AUS / APrk (AUS) 9th May,R1 2138m Pace M,09-05-2019 02:10,12607686,7. Wild About Town,0,430,356.757987808999843017549073775606714827,100.714125560538116591928251121076233184,430,410,1,1001,17.84,3.58,.08
158607535,AUS / APrk (AUS) 9th May,R1 2138m Pace M,09-05-2019 02:10,17006253,2. Naughtyinheaven,0,44.06906583488117,30.3788692090448313913254904894607888978,29.1515151515151515151515151515151515152,1,1001,1,1001,39.6,8.02,2.16
158607545,AUS / APrk (AUS) 9th May,R6 2138m Pace M,09-05-2019 05:12,8004571,8. Ruato Bay,0,3.110164124140283,3.36565134540518707626990593039259113915,3.13190486310044967315816764563375013813,4.2,2.92,1,1001,16469.74,14204.48,169.5
158605717,AUS / Mdra (AUS) 9th May,R3 2190m Pace M,09-05-2019 09:17,16565822,6. Our Master George,0,2.4097459102113508,2.46508652430371111407117963584564723997,2.47912123141104606123718933746491751648,6,1.53,2.62,2.24,25197.76,21144.48,3544.38
158605717,AUS / Mdra (AUS) 9th May,R3 2190m Pace M,09-05-2019 09:17,18489412,2. Renaissance Art,0,36,20.4311851325534314797864272091266069278,24.6203062306876354747959230733754554259,34,15,750,120,433.66,355.78,47.22
158605713,AUS / Mdra (AUS) 9th May,R1 2190m Pace M,09-05-2019 08:16,19769718,2. Little Believer,0,70,53.9131352242626637217161036353593241302,45.8899058577405857740585774058577405858,90,65,750,750,76.48,38.76,8.98
158605713,AUS / Mdra (AUS) 9th May,R1 2190m Pace M,09-05-2019 08:16,12741439,1. Abstract Hanover,0,164.00109430313165,89.7047192630970922762790291271235519922,38.2933812949640287769784172661870503597,95,80,25,25,139,26.46,65.14
158605778,AUS / Pinj (AUS) 9th May,R4 1000m CL1,09-05-2019 07:52,12737657,11. Kilkenny Joe,0,263.6224908291641,332.151214974652749398683938524371182473,155.872160026341784655910437932169904511,480,270,500,500,242.96,99.08,3.62
158605782,AUS / Pinj (AUS) 9th May,R6 2000m CL3,09-05-2019 09:10,22821406,8. Rosie Red Dress,0,32.241095446244,32.9494311029347483733541070312794134287,20.8731311233391491075023486780297946584,36,30,19.5,19.5,745.1,356.82,76.62
158605772,AUS / Pinj (AUS) 9th May,R1 1200m 3yo,09-05-2019 06:04,21724029,1. Lukes Choice,0,2.637740552675414,2.73754618502288508431151675101587365959,2.38074513273269895846304009897211990729,3,2.64,11.5,3,19916.72,13372.78,574.56
158605772,AUS / Pinj (AUS) 9th May,R1 1200m 3yo,09-05-2019 06:04,24117903,9. Riding Hood Fame,0,80,52.7924105463507873268347561829607853726,39.5883385646645741341703463318614672554,70,28,60,46,375.94,236.22,24.96
158605780,AUS / Pinj (AUS) 9th May,R5 1200m CL5,09-05-2019 08:30,24117919,7. Orava,0,2.7296412844269615,2.85608161490138794226567395746885307947,2.65715098880841358212311486387976643216,3.75,2.64,1.99,1.99,32374.32,26299,1628.24
158605784,AUS / Pinj (AUS) 9th May,R7 1600m CL1,09-05-2019 09:45,5960544,9. Pearl Dancer,0,28,27.8226690318981837008253559758617959639,22.1819594567842578295126103654432434573,30,26,30,30,1010.28,715.62,41.96
158605784,AUS / Pinj (AUS) 9th May,R7 1600m CL1,09-05-2019 09:45,450519,4. Black Comet,0,7.777595331801567,7.80881258853011134487467738748025274562,5.22151715445258828975869211871766538595,9,7.4,4.4,4.4,5918.58,3285.76,321.02
158605774,AUS / Pinj (AUS) 9th May,R2 1406m Mdn,09-05-2019 06:42,22126389,2. Kebalah,0,300,170.523698650677281984673860085378043001,122.046678798908098271155595996360327571,260,100,700,390,219.8,144.24,7.1
158605774,AUS / Pinj (AUS) 9th May,R2 1406m Mdn,09-05-2019 06:42,13072946,1. Diamonds For All,0,55,42.0086881100017121873833533018614322346,28.7794854409161110483293780841526349493,55,30,1,1001,1061.88,686.56,16.7
158605776,AUS / Pinj (AUS) 9th May,R3 1000m Mdn,09-05-2019 07:17,15845520,1. Lucs Star,0,760,571.999790586841722463721089861384476563,337.126521806133456618893512097395592541,780,340,1,1001,129.78,76.06,.24
158605776,AUS / Pinj (AUS) 9th May,R3 1000m Mdn,09-05-2019 07:17,24117915,13. Single Finger,0,520,347.172195834129650802587607545428569588,244.044041735310269082921471718835804503,600,160,1,1001,182.1,124.5,.12
158605801,AUS / Hawk (AUS) 9th May,R8 1800m CL2,09-05-2019 07:45,23807352,2. Lady Cuvee,0,7.6,6.07656039684482739432018174956885788923,6.31698339320416936576173370237324068076,8.6,7.2,1,1001,6792.4,6732.6,59.8
158605801,AUS / Hawk (AUS) 9th May,R8 1800m CL2,09-05-2019 07:45,24127732,14. Captain Americain,0,93.69289721025069,67.0038281857703990792825979749290268638,67.3295484038411627303399948092395535946,190,90,1,1001,616.48,615.48,1
158605799,AUS / Hawk (AUS) 9th May,R7 1600m Hcap,09-05-2019 07:10,10564587,5. Another Larga,0,42,27.3542461738633495204240446648791845401,29.7631495378649863782988751650482191506,42,32,750,75,1196.62,1170.08,26.54
158605791,AUS / Hawk (AUS) 9th May,R3 1100m Mdn,09-05-2019 04:40,24127708,9. Destorner,1,2.16,2.32332446209879062789288483028758753086,2.05626608337982992062401691260791180322,3,2.12,2.3,1.01,28532.56,21286.18,4254.34
158605795,AUS / Hawk (AUS) 9th May,R5 1100m CL2,09-05-2019 05:55,20369119,9. Song And A Prayer,0,33.2690271283986,22.4746149538605661386678382396020121443,23.2067750411315472828622645679345824227,42,27,85,42,1628.92,1605.8,23.12
158605795,AUS / Hawk (AUS) 9th May,R5 1100m CL2,09-05-2019 05:55,24127717,6. A Room Somewhere,0,7.4,6.1890993276171740626927373430497732976,6.56559086949365513309969128739978883898,11,7.4,10,7.4,4981.98,4842.86,139.12
158605795,AUS / Hawk (AUS) 9th May,R5 1100m CL2,09-05-2019 05:55,24127720,12. Banter,0,134.71929471974028,73.4391464230024000610802555583819227815,75.0148959743936969100086175058475932537,200,110,1,1001,324.92,322.88,2.04
158605795,AUS / Hawk (AUS) 9th May,R5 1100m CL2,09-05-2019 05:55,24127721,13. Chrissys Dream,0,426.06348076757627,214.706765135576321093094755387703883566,218.866316639741518578352180936995153473,480,160,530,530,148.56,146.72,1.84
158605789,AUS / Hawk (AUS) 9th May,R2 1800m Mdn,09-05-2019 04:05,5445880,8. Joyous Times,0,40,38.5155859606005002594460999803935258209,29.3657286590158780066027354189592831316,48,32,750,750,636.1,446.74,5.86
158605789,AUS / Hawk (AUS) 9th May,R2 1800m Mdn,09-05-2019 04:05,21268376,2. Aurman Zou,0,6.986033449743991,7.02592800749051425328373090720962628959,6.36533655289078060625903795257973861559,9,6.2,28,5.2,5864.16,4556.38,313.54
158605789,AUS / Hawk (AUS) 9th May,R2 1800m Mdn,09-05-2019 04:05,24127703,10. The Summit,0,14,15.2306799561282242803693891736577035778,11.2689408210715679785482748671995655347,19,14.5,1,1001,1178.46,672.04,23.08
158605793,AUS / Hawk (AUS) 9th May,R4 1300m Mdn,09-05-2019 05:20,17996197,8. Mandalong One Up,0,25,13.1138368488612647608509984044429883035,14.4539363617533181434330236930577906662,26,17,750,20,1255.22,1191.6,63.62
158605793,AUS / Hawk (AUS) 9th May,R4 1300m Mdn,09-05-2019 05:20,18544158,4. Oakfield Romance,0,8.483679386296732,5.40221347786617775056591803927364889098,5.41890391265011711923853904594296478987,8.6,5,1,1001,4841.22,4516.88,324.34
158605793,AUS / Hawk (AUS) 9th May,R4 1300m Mdn,09-05-2019 05:20,24127712,3. Satirical Knight,0,4.6,3.8567073113589619669394673093931747773,3.87635792959549165316567872815892251828,5.3,3.2,4,4,14579.18,14215.74,363.44
158605793,AUS / Hawk (AUS) 9th May,R4 1300m Mdn,09-05-2019 05:20,24127714,9. Scarpa,0,23.178278636,19.4453061721895559112646771674255501859,18.3779447586804838776268527311011106065,34,21,29,4,1937.68,1643.4,294.28
158605797,AUS / Hawk (AUS) 9th May,R6 1400m CL1,09-05-2019 06:35,21817958,3. Rheingau,0,4,4.34357931075752599907393720010432324024,3.47631489777262997723233802880875731716,4.8,4,4.7,3.7,17612.7,11269.68,1360.74
158605797,AUS / Hawk (AUS) 9th May,R6 1400m CL1,09-05-2019 06:35,13489142,9. Dragons Shadow,0,44,37.9123117813922889862222213421855961231,27.0140712514920576622899641906161050409,48,30,48,30,871.28,520.18,84.32
158606329,AUS / Pakn (AUS) 9th May,R2 1600m Mdn,09-05-2019 09:30,19475605,3. Harbour Skies,0,12.5,13.1321747950672595059038305221650282748,11.3106805461192532919214468277847876023,15,11.5,12.5,12.5,4945.44,3863.62,218.84
158606329,AUS / Pakn (AUS) 9th May,R2 1600m Mdn,09-05-2019 09:30,24127759,10. Saskia Rain,0,8.2,7.44280184734097227238550330334446512229,6.55899874828519877279093960295894807906,8.4,6.4,1000,5.3,8324.58,6429.06,517.4
158606337,AUS / Pakn (AUS) 9th May,R6 1600m Hcap,09-05-2019 11:30,5582723,3. Atlantic Express,0,5.214521291636046,4.94260814772419619691972606790431578316,4.30348850727832005231670986024656671592,5.6,4.5,5,5,12386.1,9543.38,380.88
158606337,AUS / Pakn (AUS) 9th May,R6 1600m Hcap,09-05-2019 11:30,15208156,8. Goosey Fair,0,28.700121356868188,25.111476901368775906943079217947624865,18.3427025778256935486976108426544481451,29,20,55,17,2077.72,1342.52,88.08
158606337,AUS / Pakn (AUS) 9th May,R6 1600m Hcap,09-05-2019 11:30,20723348,4. Jawwaal,0,3.95,4.06223210673576034836876379052290880605,3.60642446491383336829227022816359534862,4.5,3.55,5,3.8,25649.14,19889.48,706.44
158606339,AUS / Pakn (AUS) 9th May,R7 1400m Hcap,09-05-2019 12:00,11403021,6. Sensation Ally,0,8.893102913573802,8.47380374296113145076639481858381156771,8.32168833597901832196875392675477975536,9.6,5.7,8.8,5.1,5292.96,7034.72,513.42
158606339,AUS / Pakn (AUS) 9th May,R7 1400m Hcap,09-05-2019 12:00,20045891,4. Fight For Victory,0,22,23.0470757407779814951468764429816978716,23.3590681278832413520870006953970154683,34,15.5,1,1001,2357.96,3092.42,75.04
158606339,AUS / Pakn (AUS) 9th May,R7 1400m Hcap,09-05-2019 12:00,24127778,7. Gaelic Dream,0,3.8,3.73662425694333071560858753445578173606,3.74803218282947951182833923356212555971,4.4,3.3,990,2,11407.24,18907.08,1494.8
158606335,AUS / Pakn (AUS) 9th May,R5 1100m Hcap,09-05-2019 11:00,10945164,10. Contilla,0,29.89811206086801,32.8664096922729538313466533868529999213,23.0442641871352634231188126859242160704,46,11.5,1,1001,2460.68,1630.92,18.64
158606341,AUS / Pakn (AUS) 9th May,R8 1200m Hcap,09-05-2019 12:30,19556365,2. Cash Raider,0,9.18891098031432,7.02649913435779898596663062441585149203,10.8881027351570191682358453760945451315,11,8,1,1001,5.38,7374.62,440.16
158606333,AUS / Pakn (AUS) 9th May,R4 1100m Mdn,09-05-2019 10:30,13089031,5. Star Selection,0,15.730663731176755,17.5483083190663673552036778203064969815,14.2415266769194368863125517567727434047,30,15,1,1001,3381.2,2600.66,42.92
158606333,AUS / Pakn (AUS) 9th May,R4 1100m Mdn,09-05-2019 10:30,23612123,8. Fighting Zeffa,0,37.7384647116391,34.7244057051094009630787960635991008428,22.9487700403867335699424795006731122262,38,30,1,1001,817.1,460.72,36.62
158606350,AUS / Seym (AUS) 9th May,R3 1600m Mdn,09-05-2019 05:00,5238540,7. Satisfied Mind,0,101.219488239,64.2172546387859147670455953875336808096,49.2045923632610939112487100103199174407,100,42,65,65,465.12,332.9,10.8
158606350,AUS / Seym (AUS) 9th May,R3 1600m Mdn,09-05-2019 05:00,24127914,11. Head Noises,1,1.3765890163887708,1.43970546342098055619899364613494822081,1.40423648799466522376499883754223480533,1.65,1.37,4,1.01,86196.68,68354.62,10877.34
158606350,AUS / Seym (AUS) 9th May,R3 1600m Mdn,09-05-2019 05:00,13052527,5. Prince Sava,0,180,162.025629250292306048287851841475454818,111.542835671342685370741482965931863727,200,110,890,410,239.52,147.2,6.98
158606354,AUS / Seym (AUS) 9th May,R5 1200m Hcap,09-05-2019 06:00,24127928,5. Dreamwaker,0,3.7828726236602415,4.50837665170153074698217366074636490474,3.73839564197781723910126344948901512586,6,3.7,3.65,2.66,20374.38,14015.9,1753.74
158606354,AUS / Seym (AUS) 9th May,R5 1200m Hcap,09-05-2019 06:00,24127929,6. Lady Makfi,0,5.2,4.96612784917021616051058220013168007724,4.18548538731349576939534680338698241855,5.4,4,5.5,5.5,12806.68,9172.98,308.54
158606356,AUS / Seym (AUS) 9th May,R6 1600m Hcap,09-05-2019 06:30,11983975,9. Supreme Harmony,1,8.547481824725981,8.52988443226651761865788303036117750791,5.44422549126726380465079516369376259697,10,7.6,8.2,1.01,8603.26,4618.08,2733.84
158606356,AUS / Seym (AUS) 9th May,R6 1600m Hcap,09-05-2019 06:30,11993626,1. Drysdale Spirit,0,38,32.0126703789166734447421674526471022974,25.8434898500485832085926626224428162504,40,13,95,19,1523.16,1019.34,211.74
158606356,AUS / Seym (AUS) 9th May,R6 1600m Hcap,09-05-2019 06:30,6181438,11. La Rita,0,38.93420838912019,29.3871055334163017606932753698897228751,22.3835974376264329062710721510451786918,40,18,70,65,1186.4,760.12,25.62
158606356,AUS / Seym (AUS) 9th May,R6 1600m Hcap,09-05-2019 06:30,10531990,3. Ripper Rio,0,8,7.37471369015368766811805505346144931178,6.6571941784925736326588625074435211347,8.6,6.4,8,8,16322.92,13365.66,385.04
158606348,AUS / Seym (AUS) 9th May,R2 1200m Mdn,09-05-2019 04:30,20297626,10. Smokeball,0,38,29.7077740378701138849790655821360625613,27.8300094229235914800202955277354954283,70,27,750,19,1931.46,1678.46,81.9
158606352,AUS / Seym (AUS) 9th May,R4 1400m Mdn,09-05-2019 05:30,13602056,4. Drovers Yarn,0,13.5,15.7376003472336906585611907395043920551,12.3010692475332886291790401379442475333,20.67,12.21,8.4,8.4,3340.48,2491.5,61.04
158606352,AUS / Seym (AUS) 9th May,R4 1400m Mdn,09-05-2019 05:30,23894344,12. Gracie Grace,0,177.025495081,124.636148782798474456486653243919936736,69.5784035000825491167244510483737824005,197.27,70.45,1,1001,242.28,133.74,.14
158606360,AUS / Seym (AUS) 9th May,R8 1300m Hcap,09-05-2019 07:30,19556402,8. Shes Going Off,0,40,29.8234914277984566229209777291598966533,30.9091810370726431532776542690620681368,50,21,1,1001,1331.44,1323.84,7.6
158606471,AUS / Town (AUS) 9th May,R3 1200m Mdn,09-05-2019 05:40,13611001,13. Zulu Tuk,0,44,44.8660828629944025159444968847779977113,25.412251974571373531111539202465806203,55,36,50,50,726.74,357.64,28.92
158606471,AUS / Town (AUS) 9th May,R3 1200m Mdn,09-05-2019 05:40,24127809,3. Hammertone,0,8.29454389538023,7.44499150560904989025237078565548764101,6.26953880064829821717990275526742301459,9,6.6,1000,4,7712.5,5033.68,795.9
158606467,AUS / Town (AUS) 9th May,R1 1000m 2yo,09-05-2019 04:25,9046434,3. Oriental Girl,0,4.367197852802057,4.34252849956555434252911902062016287773,4.16828989080662205001761183515322296583,4.5,4,1000,4.6,8062.76,5976.22,647.34
158606479,AUS / Town (AUS) 9th May,R7 1400m Hcap,09-05-2019 08:00,24127822,7. Hutcho,0,46,33.6629625561012554587027694156138727444,23.6284145159553465666391471337808248681,40,26,100,100,557.18,305.7,21.38
158606477,AUS / Town (AUS) 9th May,R6 1000m Hcap,09-05-2019 07:25,13904351,5. Sweet Perfume,0,5.395372976345678,4.80268547506490985872761459834533084888,4.35325619250344334862892118230229286509,7,5.3,480,2.34,8146.14,6188.58,1957.56
158606477,AUS / Town (AUS) 9th May,R6 1000m Hcap,09-05-2019 07:25,11372560,11. Liker,0,14.428217786,9.43492676206457578250925323439653066534,10.3545908655676430211229422147364535145,15.5,10,1,1001,1733.66,1634.16,99.5
158606477,AUS / Town (AUS) 9th May,R6 1000m Hcap,09-05-2019 07:25,16126571,9. Magic Belinda,0,34,14.8620950955391523462590414384968827301,17.464400974774418757821247447803464401,38,24,95,95,910.98,887.16,23.82
158606473,AUS / Town (AUS) 9th May,R4 1200m 3yo,09-05-2019 06:15,15296559,1. Aetherius,0,2.1013284946755917,1.92032391648938493318730904399651204721,1.98061864393973737098992096952113271983,2.3,2,23,2.1,52941.6,50613.32,2328.28
158606473,AUS / Town (AUS) 9th May,R4 1200m 3yo,09-05-2019 06:15,6846962,5. Wicked Dancer,0,8.923799294,5.46219230490967689585992515618256014341,8.05037122421656297208479806404960156938,9,8.4,1000,8.4,2793.46,2382.72,410.74
158606508,AUS / Penr (AUS) 9th May,R1 1720m Pace M,09-05-2019 09:03,11415534,2. Gunnareign,1,4.477308786240776,4.54471901838624998650973138990685518956,3.5340552199153793171307684738758240677,6.2,4.5,1.01,1.01,5081.5,3441.74,1639.76
158606516,AUS / Penr (AUS) 9th May,R5 1720m Pace M,09-05-2019 11:03,12986496,2. Major Lucky,0,2.98,3.19226788079849624608060996274825017184,2.82888010496965720846317861243234377563,3.6,2.98,2.72,2.72,4877.6,3273.68,656.68
158606520,AUS / Penr (AUS) 9th May,R7 1720m Pace M,09-05-2019 12:03,18097952,5. Double Bliss,0,5.685183227,6.23723347762570688682426318567487980001,6.66167468122294710533030657939888500742,6.6,5.7,440,6,84.18,568.38,239.64
158606520,AUS / Penr (AUS) 9th May,R7 1720m Pace M,09-05-2019 12:03,20151543,1. Modern Metropolis,0,58.07230875472073,51.6588373576752854458857981711677647988,40.6723929490241993185881001886331164389,70,48,1,1001,2.14,42.94,5.24
158606514,AUS / Penr (AUS) 9th May,R4 1720m Pace M,09-05-2019 10:33,18759711,5. Bracken Sky,0,6.617226710212416,6.01096428315072359921681783839387478162,4.73290829489484793995778281604252990384,6.4,6,1,1001,1023.28,610.98,59.08
158606514,AUS / Penr (AUS) 9th May,R4 1720m Pace M,09-05-2019 10:33,11094344,2. Simply Clever,0,24,25.0350324160129885719222874501118069599,16.9130562854376987968469091411976213525,29,23,32,11,578.48,304.42,116.98
158606510,AUS / Penr (AUS) 9th May,R2 1720m Pace M,09-05-2019 09:34,10988819,8. Pumpniron,0,15.299086316491012,10.6288808624686681010468634735514932998,11.687289136302294197031039136302294197,18,12,1,1001,711.36,683.1,28.26
158606510,AUS / Penr (AUS) 9th May,R2 1720m Pace M,09-05-2019 09:34,11608298,6. Carload,0,65.90368616289692,63.961095564484333899236519647224829463,66.4166271909047844623401231643770724775,100,40,1,1001,253.32,251.56,1.76
158606518,AUS / Penr (AUS) 9th May,R6 1720m Pace M,09-05-2019 11:33,575705,5. White Wash,0,7.296122836484574,9.11481502541832180004903008407110381891,8.37382503442181623887712952878074844331,9,8.8,55,55,973.22,739.04,33.6
158606693,AUS / Mary (AUS) 9th May,R10 2190m Trot M,09-05-2019 07:55,24117571,2. Maori Amour,0,65,48.9471618183686137499545689159941440274,72.197698036560595802301963439404197698,42,42,700,95,59.08,29.22,11.18
158606693,AUS / Mary (AUS) 9th May,R10 2190m Trot M,09-05-2019 07:55,24117572,5. Bouttemont,0,47.53405421487986,59.0483583048387948908380194019776678707,31.1333084391336818521284540702016430172,65,55,1,1001,53.56,15.18,3.5
158606681,AUS / Mary (AUS) 9th May,R4 1690m Trot M,09-05-2019 04:17,4080667,5. Majestic Jewel,0,22.437221359,30.2363768140446000880829994657334799394,27.8768372346216657593903102885138813283,44,44,1,1001,146.96,88.48,19.8
158606681,AUS / Mary (AUS) 9th May,R4 1690m Trot M,09-05-2019 04:17,24117560,8. Lola Devereaux,0,9.939483378,21.3053317022469036923562152927936503278,16.4173779372572244769983800449406887422,26,19,1,1001,1148.18,787.56,32.32
158606681,AUS / Mary (AUS) 9th May,R4 1690m Trot M,09-05-2019 04:17,24117557,3. Cher Ami,0,100,74.7723285033840111920770944235682264125,60.9975216852540272614622057001239157373,1,1001,750,750,48.42,16.28,2.8
158606681,AUS / Mary (AUS) 9th May,R4 1690m Trot M,09-05-2019 04:17,24117555,1. Ceejay Success,0,5.9295071743289,6.74418378642273478998020193384848023561,5.57045906011047919671283572342104547063,1,1001,1,1001,734.98,483.64,18.34
158606691,AUS / Mary (AUS) 9th May,R9 2190m Trot M,09-05-2019 07:20,20169815,3. Bold Hussy,0,43.03088358663082,42.1796783415205268702751678881890145628,34.9715239936719985937774652838811741958,38,38,750,750,113.78,48.5,6.08
158606687,AUS / Mary (AUS) 9th May,R7 2190m Pace M,09-05-2019 06:10,23924175,7. Tillys Desire,0,24,23.3249671407978988802228783224125868121,21.5958646616541353383458646616541353384,26,22,750,750,239.4,136.96,7.66
158606687,AUS / Mary (AUS) 9th May,R7 2190m Pace M,09-05-2019 06:10,18296120,8. Shady Dancer,0,7.6,8.71378357845865553719845736335813150271,7.12480206589290274979426203921791197253,8.8,8.8,10,10,704.78,389.76,59.4
158606675,AUS / Mary (AUS) 9th May,R1 2190m Pace M,09-05-2019 02:50,19132983,2. Soundslikeart,0,3,3.53604055134560083512378815786584684623,3.34340624737358173413643367418405939207,5.5,2.98,3,3,3569.5,2505.42,596.06
158606675,AUS / Mary (AUS) 9th May,R1 2190m Pace M,09-05-2019 02:50,19976585,6. Larajay Macray,1,3.3705662274928923,2.97248169036817185767951960546546274893,2.05412264655601318265306504165404139592,3.5,2.32,1.01,1.01,5346.42,2477.54,2285.4
158606675,AUS / Mary (AUS) 9th May,R1 2190m Pace M,09-05-2019 02:50,1303486,3. Mona Mia,0,8,8.40101717729830493578461189759767608061,9.1943669184483420816796824990398156446,9,8.4,1,1001,781.1,612.24,23.92
158606689,AUS / Mary (AUS) 9th May,R8 2190m Trot M,09-05-2019 06:45,23721360,5. Aleppo Jewel,1,4.4,6.5805888973225138067634901920104769844,2.15944696948624516703290589969680954633,1,1001,5.8,1.01,3595.1,311.28,2870.12
158606689,AUS / Mary (AUS) 9th May,R8 2190m Trot M,09-05-2019 06:45,24117567,6. Pretty Majestic,0,7.6,6.75689321582358675742310337386720492185,11.6296806331758627432817694342380173115,8.8,6.2,200,8,3886.44,2619.68,722.72
158606689,AUS / Mary (AUS) 9th May,R8 2190m Trot M,09-05-2019 06:45,24117568,7. Majestic Pride,0,23,29.3556936270087544939288158693282554982,28.910092261344379589531161739785351158,36,28,120,120,212.44,85.84,26.22
158607547,AUS / APrk (AUS) 9th May,R7 1660m Pace M,09-05-2019 05:47,9336034,5. Scott Tom,0,20,10.2354415696467858872849061070766646095,15.9518443771723287364054266173337818141,1,1001,65,65,178.38,161.52,16.86
158607549,AUS / APrk (AUS) 9th May,R8 2138m Pace M,09-05-2019 06:22,11538212,3. Underthekilt,0,199.2549555921741,161.608952915252364672014927663440114413,104.040967616074912212251268045259461568,1,1001,1,1001,51.26,7.82,1.36
158607549,AUS / APrk (AUS) 9th May,R8 2138m Pace M,09-05-2019 06:22,17181218,5. Willsintown,0,827.3773541453504,384.202985171685987926664752484573882307,319.4161008729388942774005819592628516,450,300,1,1001,41.24,26.88,.34
158607551,AUS / APrk (AUS) 9th May,R9 1660m Pace M,09-05-2019 07:03,2241767,1. Concentration,0,50,62.9339447754605605176458598580764305468,43.8161250514191690662278897573015220074,65,50,50,46,194.48,61.7,44.6
158607539,AUS / APrk (AUS) 9th May,R3 2138m Pace M,09-05-2019 03:22,22677061,2. Molly Montana,0,97.2038741571456,67.8104388567139801547268564827169571331,80.2444390124663896357858714250794426791,130,70,190,190,81.82,74.72,7.1
158607539,AUS / APrk (AUS) 9th May,R3 2138m Pace M,09-05-2019 03:22,18542206,6. Sixpenny Red,0,10,7.35127792004055245018786011253173955302,13.1550506491653588243686688543301469539,1,1001,1,1001,280.36,268.76,11.6
158607539,AUS / APrk (AUS) 9th May,R3 2138m Pace M,09-05-2019 03:22,21724011,4. Lets Dig It,0,13,14.5816659609288049057458764474065129668,15.6274019413629160063391442155309033281,18.5,13,1,1001,403.84,388.52,15.32
158607543,AUS / APrk (AUS) 9th May,R5 2138m Pace M,09-05-2019 04:33,12396345,6. Rowdys Ace,0,23.753767071508346,31.9127201917415506803795097582753471265,16.1491596638655462184873949579831932773,1,1001,1,1001,123.76,36.04,4.66
158607543,AUS / APrk (AUS) 9th May,R5 2138m Pace M,09-05-2019 04:33,16311050,4. Sheriff Jujon,0,9.58092880232143,9.57553416127301512955302921462286811696,13.0520118246017408441451798324848086714,1,1001,1,1001,243.56,154.66,10.28
158607543,AUS / APrk (AUS) 9th May,R5 2138m Pace M,09-05-2019 04:33,3391785,5. Guts,0,22,27.4418136309904712337119875990493355283,16.5245728377664259291879513827725911573,1,1001,1,1001,113.54,39.78,10.34
158607541,AUS / APrk (AUS) 9th May,R4 1660m Pace M,09-05-2019 03:52,6166564,3. Epirus Boy,1,4.4570315092615775,4.95569452116051316506295652447555668034,2.99175204688350644221223539960930411298,6,3.9,2.42,1.01,7494.32,3483.82,3598.8
158607541,AUS / APrk (AUS) 9th May,R4 1660m Pace M,09-05-2019 03:52,8485463,6. Jax Navaro,0,12.938623348455874,12.5620121550728982991197471983274122464,12.6074619273201284456172702126983117668,13,10.5,1,1001,629.06,484.22,11.16
158607537,AUS / APrk (AUS) 9th May,R2 1660m Pace M,09-05-2019 02:42,24053547,4. Major Slip Up,0,2.84,3.03183998168261402832378497388389471575,3.17925581356400572773176797662013582428,3.6,2.8,1,1001,2388.38,2001.84,61.96
158607537,AUS / APrk (AUS) 9th May,R2 1660m Pace M,09-05-2019 02:42,23127627,8. Zaras All Smiles,0,17.221485648,13.8823840994499238586534205527461794882,14.8798858309741495335777602450457140205,14.5,14,1,1001,430.94,363.68,28.56
158605717,AUS / Mdra (AUS) 9th May,R3 2190m Pace M,09-05-2019 09:17,17971540,3. Tapthekeg,0,9,7.37639319807658304388864758963402810737,7.48684310066572523703853136978010893686,10.5,5.7,1,1001,1586.24,1258.52,139.74
158605782,AUS / Pinj (AUS) 9th May,R6 2000m CL3,09-05-2019 09:10,14407168,6. Plead The Fifth,0,9.6,9.23861052999073785051309236875134222327,7.13505497685185185185185185185185185185,11,5.9,50,5.7,2764.8,1418.56,516.1
158605782,AUS / Pinj (AUS) 9th May,R6 2000m CL3,09-05-2019 09:10,14512329,11. Speeding Bullet,0,21.879541291372732,23.8134433217040941837051859631384476991,15.3289555961497927351928616595236422399,26,22,1,1001,1138.64,517.06,74.42
158605782,AUS / Pinj (AUS) 9th May,R6 2000m CL3,09-05-2019 09:10,15779253,2. Goodluck Simba,0,22,22.5061233530517807302569971610679308967,13.5509763827829465289847663838053368776,25,22,1,1001,978.1,449.16,61.16
158605780,AUS / Pinj (AUS) 9th May,R5 1200m CL5,09-05-2019 08:30,21649649,10. Chengdu,0,240,234.671767316534433912879882175224207922,118.650935189212701174423662461939973902,250,180,890,680,183.92,71.14,5.48
158605780,AUS / Pinj (AUS) 9th May,R5 1200m CL5,09-05-2019 08:30,20230397,9. La Bionda,0,50,42.321274764741325119821598348236364081,34.4834070177402204935922547428507471039,55,30,1,1001,714.76,534.14,12.32
158605784,AUS / Pinj (AUS) 9th May,R7 1600m CL1,09-05-2019 09:45,21629577,2. Flirty Friars,1,4.1,4.42228829466960262044627513838728826387,3.47129756521900934092516095418853038592,5.1,3.65,4.3,1.01,17197.44,11533.12,3303.04
158605784,AUS / Pinj (AUS) 9th May,R7 1600m CL1,09-05-2019 09:45,23475861,11. Jupiters Sun,0,17,17.2534820061758683495149701431627611313,10.1509085163532943592984673724127034287,18,17,1,1001,1772.12,849.14,107.86
158605784,AUS / Pinj (AUS) 9th May,R7 1600m CL1,09-05-2019 09:45,24117924,8. Jevabell,0,80,84.5350603636839158416669772055004171534,50.9862665897287939988459319099826889787,120,60,1,1001,519.9,292.18,3.18
158605784,AUS / Pinj (AUS) 9th May,R7 1600m CL1,09-05-2019 09:45,17858239,12. Melros Beach,0,23,26.1118773319487533497138514056435184359,16.9844463440568771761566207284782019473,34,24,70,16,959.26,532.84,44.86
158605774,AUS / Pinj (AUS) 9th May,R2 1406m Mdn,09-05-2019 06:42,23494708,12. Dinkum Girl,0,57.77989418916404,53.2594303093664581387811324257157589968,38.5968629528265795591654159677466819693,95,46,1,1001,679.62,414.46,3.9
158605776,AUS / Pinj (AUS) 9th May,R3 1000m Mdn,09-05-2019 07:17,22153032,10. Phandieri,0,16.996052333150864,13.9272192213063683161472269296202633674,11.6514662861424163480538643896217539385,17.5,10,100,100,6993.86,5469.04,23.36
158605801,AUS / Hawk (AUS) 9th May,R8 1800m CL2,09-05-2019 07:45,24127730,12. Resonare,0,220,70.3146479833338644639596642269118308743,71.8264878457669740150880134115674769489,270,140,1,1001,310.18,309.34,.84
158605799,AUS / Hawk (AUS) 9th May,R7 1600m Hcap,09-05-2019 07:10,316958,9. Jagger,0,226.85641381635455,109.565666977638250846711733064351046714,113.142834267413931144915932746196957566,230,95,1,1001,249.8,247.12,2.68
158605791,AUS / Hawk (AUS) 9th May,R3 1100m Mdn,09-05-2019 04:40,24127706,7. So Yummy,0,8.2,7.31768630431250150392521060322844136827,6.52760645722729369988143839176726881947,8.8,5.9,1,1001,3424.38,2609.92,234.56
158605791,AUS / Hawk (AUS) 9th May,R3 1100m Mdn,09-05-2019 04:40,23629568,3. Diamond Gold,0,9.6,11.4333922337508514481257943010932807415,10.1863556162710982340784331386766346909,22,9.6,1,1001,3996.78,3211.54,142.42
158605789,AUS / Hawk (AUS) 9th May,R2 1800m Mdn,09-05-2019 04:05,23611514,4. Kiss The Bride,1,8.617446556,8.3005411906275484122486250040609145554,6.6178481609700699710590907425724438583,12,7.4,1,1001,4367.52,3055.9,727.18
158605793,AUS / Hawk (AUS) 9th May,R4 1300m Mdn,09-05-2019 05:20,24127713,5. Duclair,0,3.553441830466144,3.71072972743970437338284618336161282246,3.80919406038627784001746583451121800621,6.8,3.4,120,3.65,19512.38,18532.64,979.74
158605787,AUS / Hawk (AUS) 9th May,R1 1600m 3yo,09-05-2019 03:30,24127700,4. Zenardini,0,1.792570592550846,1.82230867344347386079031423350848777519,1.72571576645421436004162330905306971904,2,1.65,2.02,1.79,34442.24,23513.9,4617.48
158605797,AUS / Hawk (AUS) 9th May,R6 1400m CL1,09-05-2019 06:35,20150828,4. Impetuoso,1,6.136493787553336,6.20877341429486267409043500468165833959,4.22643842370647838263019461574342575497,6.8,5.7,6.2,1.01,11276.58,6369.14,2664.76
158606327,AUS / Pakn (AUS) 9th May,R1 1200m 2yo,09-05-2019 09:00,24127752,6. Eclair Breeze,0,6.6419950168475035,5.64274567210627068958540147802688336103,5.17533288330666439410674378419352342849,6.6,3.75,6,6,17835.98,14907.6,1026.24
158606337,AUS / Pakn (AUS) 9th May,R6 1600m Hcap,09-05-2019 11:30,24127775,6. Igniter,1,5.917367139203707,5.12322087284759787041255050290608007631,4.57965255347436749696945997731982950768,6.2,4.2,100,1.11,40916.8,33401.48,2569.2
158606333,AUS / Pakn (AUS) 9th May,R4 1100m Mdn,09-05-2019 10:30,23719308,7. Bartoletta,1,11,10.1029137610778645324280294324559269323,3.79473388182623426607838743924732646356,12,8.4,1.1,1.01,9551.02,2794.68,5179.88
158606350,AUS / Seym (AUS) 9th May,R3 1600m Mdn,09-05-2019 05:00,24127911,4. Little Cranach,0,591.2648052291934,427.406825113021638652130668728134927548,255.130722891566265060240963855421686747,700,80,1,1001,132.8,72.14,1.14
158606356,AUS / Seym (AUS) 9th May,R6 1600m Hcap,09-05-2019 06:30,11305659,7. Savvy Belle,0,9.959465156803999,10.7179385991056879445536840505316281589,6.53712516040101387043678953119828059182,11,9.8,1,1001,4410.82,2206.52,651.02
158606356,AUS / Seym (AUS) 9th May,R6 1600m Hcap,09-05-2019 06:30,24127933,12. Melody Calling,0,7.8,7.98240678578490827727193461496803663237,6.63946735033419617459943935959838661069,9.4,7.2,7.6,7.6,4844.46,3465.98,181.48
158606356,AUS / Seym (AUS) 9th May,R6 1600m Hcap,09-05-2019 06:30,12827472,4. Saveyourenthusiasm,0,19.85445055222604,17.9770186498706662712211244262296539802,15.7371210879255564142798035863447231395,21,11.5,40,32,2561.94,1981.38,47.3
158606358,AUS / Seym (AUS) 9th May,R7 2000m Hcap,09-05-2019 07:00,19155698,3. Flogga,0,4.185104757581103,4.74741300461843790583390364438076670919,4.37112539026968557169899451778646409519,5.7,4.3,12,4,16270.8,13080.42,817.38
158606346,AUS / Seym (AUS) 9th May,R1 1100m 3yo,09-05-2019 04:00,24127899,4. Heavenly Emperor,0,4.1000183697878665,4.05460520000841765749731764464148962834,3.68841839548051691695042171686288140648,4.3,3.95,3.85,3.85,9321.42,7218.92,289.7
158606346,AUS / Seym (AUS) 9th May,R1 1100m 3yo,09-05-2019 04:00,21513300,11. Pineapple Boom,0,482.840537724416,253.398543447831821969202909365649577029,170.733165512901195720578980490874764003,350,70,220,220,158.9,99.5,6.9
158606348,AUS / Seym (AUS) 9th May,R2 1200m Mdn,09-05-2019 04:30,10900021,5. Star Of Seville,0,55.077926796237,50.679449057619426251463484984653898841,39.4509980827788429006428329762039021089,80,46,1,1001,354.68,177.82,5.5
158606348,AUS / Seym (AUS) 9th May,R2 1200m Mdn,09-05-2019 04:30,24127907,8. Fancy Liquor,0,7.6,6.78979683507000285382287433855558883927,5.72662467035673921233372938824006723274,8,5.4,8.4,8.4,5521.12,3838.78,470.06
158606348,AUS / Seym (AUS) 9th May,R2 1200m Mdn,09-05-2019 04:30,24127905,4. Redeemer,0,31.744001674,24.4770475555566482971489445964844799549,21.2056819121660739392936895211314200645,32,21,80,80,1209.1,898.86,26.62
158606479,AUS / Town (AUS) 9th May,R7 1400m Hcap,09-05-2019 08:00,7667128,14. Candy Girl,0,16.5,15.2274693227231754456305157301226171146,11.5590254796690723464178841753212462595,18.5,14,19.5,11,1817.92,1140.96,239.92
158606479,AUS / Town (AUS) 9th May,R7 1400m Hcap,09-05-2019 08:00,9485339,2. Forgive Me,0,14,17.0357212306022149382095746844036647105,12.8443794557906644334733463700377947508,21,14.5,21,21,2280.74,1522.98,69.86
158606479,AUS / Town (AUS) 9th May,R7 1400m Hcap,09-05-2019 08:00,12166604,4. Syamantaka Mani,0,53.947132617,54.5354876345744933556023162990143542448,25.1191289713906879494109847518996379214,70,32,210,55,784.36,302.64,21.3
158606477,AUS / Town (AUS) 9th May,R6 1000m Hcap,09-05-2019 07:25,13275596,6. Freeze N Tease,0,20.17043173568324,12.4108630795371303815078123253827712466,13.5080041230401996419465089784625400098,18.5,10,750,18,1843.3,1741.04,102.26
158606475,AUS / Town (AUS) 9th May,R5 1200m CL2,09-05-2019 06:50,18528703,4. Evil Eye Mac,0,133.612014595,99.8224776721151148657701892880758457792,56.735,140,60,150,18,274,113.98,61.68
158606475,AUS / Town (AUS) 9th May,R5 1200m CL2,09-05-2019 06:50,24127818,9. Cinnabarbow,0,28.03513172717285,22.0970054645402704504405007381064703662,15.3769655073605788172928829829148608475,29,13,70,70,1116.76,659.46,21.72
158606473,AUS / Town (AUS) 9th May,R4 1200m 3yo,09-05-2019 06:15,19674652,6. Shunter,0,34.785108947,22.300626813930846474210600911058753226,24.0326854338199989330108655060195970338,36,28,90,85,1124.66,1095.3,29.36
158606473,AUS / Town (AUS) 9th May,R4 1200m 3yo,09-05-2019 06:15,24127815,3. Bank Teller,0,5.750797875506104,4.95646486781787711894214047931096735474,5.05527034066332666970302754270223390706,9.6,5,5.5,5.2,7333.34,6468.96,864.38
158606516,AUS / Penr (AUS) 9th May,R5 1720m Pace M,09-05-2019 11:03,8311126,6. Glencoe Reign,0,120.0738815087376,97.370207955726953968854151840051161927,73.707200527269731421980556928653814467,120,80,890,120,121.38,40.58,6.96
158606516,AUS / Penr (AUS) 9th May,R5 1720m Pace M,09-05-2019 11:03,13388495,3. Presidential Dude,0,6.644360010367674,6.65856323401642902486210783470457553889,6.24835759863395344657140289386177765795,6.2,6.2,1,1001,890.16,511.56,52.22
158606520,AUS / Penr (AUS) 9th May,R7 1720m Pace M,09-05-2019 12:03,22547585,2. Jay Dee Be Rollin,0,122.24219740022208,83.7858911708424370140278823968141042179,45.880424654316980464362534498163269246,100,100,1000,65,7.2,22.38,19.78
158606514,AUS / Penr (AUS) 9th May,R4 1720m Pace M,09-05-2019 10:33,4173083,7. Squire,1,5.2,5.57015934295991746198680674151160883944,3.51122090899794007217052111791260646613,6.4,4.8,1.01,1.01,2737.96,1354.5,912.88
158606514,AUS / Penr (AUS) 9th May,R4 1720m Pace M,09-05-2019 10:33,24126412,6. Alta Teresa,0,6.812034908248025,6.50087481867054624549801921019857257862,4.1915307027837724897104029400484283678,7,5.7,2.74,2.16,3493.82,1460.62,1509.4
158606512,AUS / Penr (AUS) 9th May,R3 2125m Pace M,09-05-2019 10:03,8456573,1. Don Kee,0,47.46376515047626,42.3252266236852569925664255111434640897,61.3829787234042553191489361702127659575,42,40,1000,150,110.92,62.34,14.92
158606510,AUS / Penr (AUS) 9th May,R2 1720m Pace M,09-05-2019 09:34,13379465,7. James Dean,0,2.772632775243256,2.38068497776496699952606094307333413773,2.46164364644602070070123961936551946916,2.82,2.48,2.38,2,7429.7,6396.78,1032.92
158606510,AUS / Penr (AUS) 9th May,R2 1720m Pace M,09-05-2019 09:34,10239685,1. All Positive,0,29.876356416477357,19.6860204716835253280108309745037483064,21.2625279414753098963625279414753098964,38,28,22,22,393.68,339.84,53.84
158606693,AUS / Mary (AUS) 9th May,R10 2190m Trot M,09-05-2019 07:55,20503006,1. Come At Me,0,42.86142771733909,48.1611210856896222120177138003275515815,42.3722243864433190494740942734709777951,75,70,330,330,102.68,50.74,11.86
158606685,AUS / Mary (AUS) 9th May,R6 2190m Trot M,09-05-2019 05:33,17494546,1. Tetra,0,42,21.6122357532228246571319178651650997493,31.7818337985827786128408846897144084174,42,38,750,750,93.14,90.16,2.98
158606685,AUS / Mary (AUS) 9th May,R6 2190m Trot M,09-05-2019 05:33,4998593,2. Theresastormcoming,0,16.5,11.3087426089064640784029085328948476127,12.2031338455317428224828143954710877477,12.5,9.2,1,1001,197.84,152.52,45.32
158606681,AUS / Mary (AUS) 9th May,R4 1690m Trot M,09-05-2019 04:17,23783426,4. Daring Angel,0,5.1,6.40389938587247722057331499258190486322,4.77286128559958437632834270060926651868,8.2,5.1,1,1001,2117.3,1237.8,628.76
158606691,AUS / Mary (AUS) 9th May,R9 2190m Trot M,09-05-2019 07:20,23783432,1. Emmaline,0,23,21.8050495153685905244080094131162448092,15.8619621342512908777969018932874354561,22,19.5,19,19,348.6,138.62,63.68
158606679,AUS / Mary (AUS) 9th May,R3 1690m Trot M,09-05-2019 03:42,24117554,9. Jaxnme,1,2.0621335057892063,1.937290980790087019884610403837441405,1.67731822937154239515244846547207552539,2,1.58,1.9,1.01,11948.3,6465.44,3573.14
158606687,AUS / Mary (AUS) 9th May,R7 2190m Pace M,09-05-2019 06:10,17887097,11. Cee Vee Vee,0,8.6,7.00422861740522165679536280023331898598,7.69607122727177838548733899755756424441,8,5.7,120,120,1916.12,1777.22,23.02
158606687,AUS / Mary (AUS) 9th May,R7 2190m Pace M,09-05-2019 06:10,7066035,9. Waterboy,0,9.715005958442926,11.842221244718183703129878807371676799,9.25537324813967552785885198916673240251,17.5,12,10,10,760.62,419.64,51.14
158606675,AUS / Mary (AUS) 9th May,R1 2190m Pace M,09-05-2019 02:50,19976589,1. Millah Joy,0,5.3,5.07061287168553082314970400167785648545,5.76521714755568844371355957542233517716,5.4,4.3,1,1001,1070.24,758.52,179.6
158606675,AUS / Mary (AUS) 9th May,R1 2190m Pace M,09-05-2019 02:50,21319271,4. Azzgoodazz,0,55,36.5017082754593100557554213524231323936,46.5759738328873030032708890871245911389,60,60,750,85,67.26,20.88,15.28
158606677,AUS / Mary (AUS) 9th May,R2 1690m Trot M,09-05-2019 03:16,24117543,2. Is That A Bid,0,22.089133669743312,12.8443167681922922015203263561576857033,15.3409654272667971298108284409654272668,18,18,1,1001,153.3,145.62,7.68
158606689,AUS / Mary (AUS) 9th May,R8 2190m Trot M,09-05-2019 06:45,9554488,1. Pretty Little Lucy,0,40,39.3396715641822339773814024417937548337,29.1190836231664902464841977922274308181,55,55,1,1001,132.26,24.88,30.48
158607547,AUS / APrk (AUS) 9th May,R7 1660m Pace M,09-05-2019 05:47,2744935,12. Taffy Boy,0,30.185250387,19.0912384458579550797012202808781258938,25.8009361233480176211453744493392070485,30,27,750,750,181.6,174.8,6.8
158607549,AUS / APrk (AUS) 9th May,R8 2138m Pace M,09-05-2019 06:22,10710012,6. Annas Best,0,119.74463444370778,93.5442289494971384445375989343654686605,81.7615333184755961667038110095832404725,100,50,890,600,89.74,24.9,2.86
158607551,AUS / APrk (AUS) 9th May,R9 1660m Pace M,09-05-2019 07:03,10668585,8. Soldier Of Fortune,0,31.176426229344216,28.5262377459705389511279255970331665549,22.5413860388997293384528230628816013093,32,32,50,50,317.74,164.7,16.98
158607551,AUS / APrk (AUS) 9th May,R9 1660m Pace M,09-05-2019 07:03,16480089,2. Ultimate Ad,0,16.5,13.1356482978388971457643290727006673865,6.65636474164133738601823708206686930091,15,12,1,1001,1052.8,386.16,522.38
158607551,AUS / APrk (AUS) 9th May,R9 1660m Pace M,09-05-2019 07:03,12542089,6. So Bobs Your Uncle,0,10.1724399495704,10.3021584629460856153752632657869888347,9.80978531425015556938394523957685127567,1,1001,1,1001,514.24,268.24,46.72
158607543,AUS / APrk (AUS) 9th May,R5 2138m Pace M,09-05-2019 04:33,11659517,1. Miss Rob Roy,0,250,132.160728761474305106058037056884830588,98.5747595453220635383270183619935878753,220,100,890,700,68.62,40.4,1.32
158607543,AUS / APrk (AUS) 9th May,R5 2138m Pace M,09-05-2019 04:33,7154334,2. Bertils Delight,0,240.9334128143638,131.640662343082117812765101213762725238,117.349255039439088518843120070113935145,120,120,890,700,45.64,13.16,1.12
158607543,AUS / APrk (AUS) 9th May,R5 2138m Pace M,09-05-2019 04:33,10899977,3. Arbit Major,0,3.7,3.98480335823930158793201308130343856,2.44267765356184515496932784476014301486,5,3.9,2,1.56,5470.76,1858.96,2896.68
158607541,AUS / APrk (AUS) 9th May,R4 1660m Pace M,09-05-2019 03:52,6872331,2. Ideal Situation,0,8.196673133,9.15887583285302950898702189964078573359,8.72875659908383147429181816314373164068,9.8,8.8,1,1001,973.62,655.04,61.68
