EVENT_ID,MENU_HINT,EVENT_NAME,EVENT_DT,SELECTION_ID,SELECTION_NAME,WIN_LOSE,BSP,PPWAP,MORNINGWAP,PPMAX,PPMIN,IPMAX,IPMIN,MORNINGTRADEDVOL,PPTRADEDVOL,IPTRADEDVOL
198568034,GB / Ayr 3rd May,To Be Placed,03-05-2022 17:32,36435962,Coopers Cross,1,1.79,1.48933508860898118808213274089418441662,1.89900187303704487028767616760045794517,1.89,1.79,1,1001,17.6,6145.56,1222.12
198568004,GB / Ayr 3rd May,To Be Placed,03-05-2022 14:10,7376917,Arlo,0,2.231957504,2.08888228604634652412627060509239016747,1.81838577281057826790763492122811527073,1,1001,1,1001,69.54,2754.8,77.64
198568004,GB / Ayr 3rd May,To Be Placed,03-05-2022 14:10,41439011,Rose Of Siena,0,3.8950283721042798,3.53235626344064783925467716200520972162,2.73259781314522756347276527833929712671,3.85,3.85,4,4,60.64,867.3,284
198568009,GB / Ayr 3rd May,To Be Placed,03-05-2022 14:40,26450640,On We Go,1,1.2971614378968386,1.22371082042078285775075173206709307281,1.63998088520317523306024992632206098001,1.44,1.32,1.22,1.22,192.32,12869.28,689.92
198568014,GB / Ayr 3rd May,To Be Placed,03-05-2022 15:15,41554382,Bells Of Stamford,1,2,1.76050982375586557932327074316637519562,2.67997740159430758624956561068194663317,2.02,2,1.56,1.12,18.6,7600.9,1331.64
198568014,GB / Ayr 3rd May,To Be Placed,03-05-2022 15:15,38929265,Memors,0,5.341613785,3.05670590031386539596014330746360387265,3.0462182293035802812196298710414279401,1,1001,760,760,61.58,1769.96,23.68
198568019,GB / Ayr 3rd May,To Be Placed,03-05-2022 15:50,36324330,Imperial Sachins,0,2.66,2.69787772639876381659694670973254890352,2.79916822987785664960891332841374495278,1,1001,1,1001,35.72,1827.84,157.94
198570439,GB / Fakenham 3rd May,To Be Placed,03-05-2022 15:05,111759,The Bandit,0,5.42612682,4.89082395897973516548038000484659883475,3.631988522846134487733481182814742994,5.5,4.2,1,1001,7.34,3062.04,251.58
198570439,GB / Fakenham 3rd May,To Be Placed,03-05-2022 15:05,39352341,Pollypockett,0,4.742433541330391,5.22042167534244494654346764256957190175,4.74360893504694022433863369152007987272,1,1001,1,1001,14.12,1817.76,46.2
198570439,GB / Fakenham 3rd May,To Be Placed,03-05-2022 15:05,4033666,Kingsand Bay,0,90,35.8257060501463426726118179180074071873,13.2623243334848022054677657906793026447,42,34,760,760,16.2,245.92,6.44
198570434,GB / Fakenham 3rd May,To Be Placed,03-05-2022 14:30,36972748,Ajays Ways,1,2.91301448134429,2.47843297796771380579839302118602142945,2.15199343363742826665888004438374701264,1,1001,1,1001,10,1133.04,685.28
198570434,GB / Fakenham 3rd May,To Be Placed,03-05-2022 14:30,23604253,Aleatoric,0,2.972424494,2.99222195133601186983059532704739139953,2.8941195687543135280551053447036026136,1,1001,1,1001,24.16,1129.24,.22
198570444,GB / Fakenham 3rd May,To Be Placed,03-05-2022 15:40,13582863,Infinite Beauty,0,99.3389769431902,48.6053265294850505289505194984463980686,1,65,36,1,1001,0,113.52,6.42
198570444,GB / Fakenham 3rd May,To Be Placed,03-05-2022 15:40,37337527,Cobbs Corner,1,3.774206090425723,3.72189297711869369044722737506646537927,5.60680038260572853254570598101656424534,3.7,3.7,1,1001,289.78,2970.52,552.56
198570444,GB / Fakenham 3rd May,To Be Placed,03-05-2022 15:40,39281326,Watashock,1,1.3701090674020087,1.41955940554213370601198157375596826222,1.50878357468061947075972549048890677212,1.49,1.35,1.21,1.02,184.06,7987.8,1698.48
198570449,GB / Fakenham 3rd May,To Be Placed,03-05-2022 16:15,15003817,Supreme Escape,0,4.5,2.71781337120769429707970419181296262952,3.85278976278225092885271480159968436166,4,4,1,1001,23.26,1896.44,15.9
198571602,GB / Sedgefield 3rd May,To Be Placed,03-05-2022 18:50,22778074,Nero Rock,1,1.39,1.32461478042769951313744181760945834082,1.52999837003102064582077065523719163074,1.49,1.38,1,1001,30.76,10152.24,607.24
198571592,GB / Sedgefield 3rd May,To Be Placed,03-05-2022 17:50,28743666,Teescomponentsfly,0,3.567066857,3.29633489059701173604569219268465760019,1,3.55,2.9,1,1001,0,4672.58,253.68
198571597,GB / Sedgefield 3rd May,To Be Placed,03-05-2022 18:20,10761029,Zen Master,0,5.052150322630913,6.92557719466944558907674662633227872408,1,1,1001,1,1001,0,1292.38,68.1
198571607,GB / Sedgefield 3rd May,To Be Placed,03-05-2022 19:20,10058007,Calliope,0,4.5,4.34440272607362739260981299724931208233,3.85895362297399151910400793309648668587,4.4,4.4,1,1001,.1,1041.98,48.34
198571607,GB / Sedgefield 3rd May,To Be Placed,03-05-2022 19:20,37471781,Latino Fling,1,1.5460603283201027,1.583302947504014985301088963631548312,1.52988713456665065987033935536904547839,1.58,1.5,1,1001,54.34,7375.06,990.58
198571607,GB / Sedgefield 3rd May,To Be Placed,03-05-2022 19:20,37525453,Guidedbythescience,0,2.32,2.37151827845090885394480813216234890711,2.72513332268299320551556549807080841821,1,1001,1,1001,40.04,1150.86,116.92
198572399,GB / Wetherby 3rd May,To Be Placed,03-05-2022 20:10,24989004,Hostelry,1,2.92,2.66645391328492653253733138384156217143,3.61558760173793639174052879379449779863,3.05,2.98,1,1001,113.26,7044.98,449.28
198572399,GB / Wetherby 3rd May,To Be Placed,03-05-2022 20:10,34992083,Aoifes Joy,0,2.234329597689502,2.06211683008498654729329074350363475084,2.58715555358660843538683719232725157235,2.38,2.18,1,1001,46.96,10820.14,.02
198572399,GB / Wetherby 3rd May,To Be Placed,03-05-2022 20:10,39270726,Frog And Toad,0,1.2913383445790898,1.26247305763651270580418736763276423516,1.41122402976894813295868905152602948316,1.38,1.29,3,3,154.46,21342.4,910.04
198572399,GB / Wetherby 3rd May,To Be Placed,03-05-2022 20:10,24292277,Star Of St James,0,4.726056484215078,4.51788976485308723661705375914771858583,4.82883158519419330957822224855953506627,5.9,4.5,1,1001,37.26,4689.44,40.14
198572399,GB / Wetherby 3rd May,To Be Placed,03-05-2022 20:10,149599,Tacitus,0,6.5972168531492965,4.66828657972634625203974133300984540557,4.87837065845359605561413640475260736631,6.6,5.6,1,1001,141.32,3866.44,20.58
198572507,GB / Lingfield 3rd May,To Be Placed,03-05-2022 14:20,41350868,Bankrupt,0,4.6,4.05938940074706791148060919702083199036,4.57095286342220282692268462056300856829,4.2,3.65,1,1001,6,2634.2,288.18
198572525,GB / Lingfield 3rd May,To Be Placed,03-05-2022 15:25,38671472,Velvet And Steel,0,23.537626501726923,16.5952326611615740527363075324752328494,11.0400964518107337311339382800869699073,24,16,1,1001,9.76,1407.52,.08
198572525,GB / Lingfield 3rd May,To Be Placed,03-05-2022 15:25,40511542,Wonder Elmossman,1,1.6952307507907056,1.50793615691042403703228959474420826337,2.16719081168489458094627175318599236127,1.73,1.69,1,1001,90.26,9601.24,764.78
198572546,GB / Lingfield 3rd May,To Be Placed,03-05-2022 16:00,24645146,Touchwood,1,1.5625221174518629,1.41019307325961140440298213353415582033,1.51545778235320850641743103806232802209,1.64,1.55,1,1001,456.62,11668.98,405.5
198572546,GB / Lingfield 3rd May,To Be Placed,03-05-2022 16:00,14641888,Charming Kid,0,19.5,10.746843562102267883572904808587309276,1,24,18,1,1001,0,478.48,8.02
198572467,GB / Lingfield 3rd May,To Be Placed,03-05-2022 13:15,19925205,Savoy Brown,1,1.668462526,1.76655785270607732676479452978840159351,1.96225150097783611039626913777395694025,1.69,1.69,1,1001,503.92,5529.14,1089.4
198572467,GB / Lingfield 3rd May,To Be Placed,03-05-2022 13:15,21022904,Miss Pollyanna,0,8.4,7.66106529671681151235955538541219917909,6.80122662140409458110387375504768175395,8,8,1,1001,38.92,747.26,30
198568029,GB / Ayr 3rd May,To Be Placed,03-05-2022 16:55,44348207,Fllana Bay,0,101.58610029313715,102.954366671685924621776850410117500277,20.9997980020401793941881187000011299886,130,70,760,760,2,292.5,.66
198568034,GB / Ayr 3rd May,To Be Placed,03-05-2022 17:32,11295871,Ardera Cross,0,3.825739025367511,2.07129825835535231772455174524280019412,4.09933054460236588896798291569021091444,4.3,4.3,1,1001,.1,1463.64,67.06
198568039,GB / Ayr 3rd May,To Be Placed,03-05-2022 18:05,43930126,Maughold Head,0,2.0599978404956714,1.97127883631729406367400346357144269263,2.07047915877642350573529233696693262261,2.14,2.06,2.26,2.26,83.94,7047.56,625.98
198568009,GB / Ayr 3rd May,To Be Placed,03-05-2022 14:40,27264102,Last One To Show,0,25.985939426328986,11.7103028435089977151253941116129215328,6.46525631833419810807956064897088374404,1,1001,1,1001,17.1,458.7,14.08
198568014,GB / Ayr 3rd May,To Be Placed,03-05-2022 15:15,38314940,Lewa House,0,5.672498028700354,3.28573638708983630058216102529351823113,1,5.1,5.1,1,1001,0,1447.46,52
198568014,GB / Ayr 3rd May,To Be Placed,03-05-2022 15:15,11773418,Tokaramore,0,2.74,2.23736985333611515156325830556266697376,2.50205940012567484103278045374571171343,2.6,2.6,4.5,4.5,124.04,5592.86,221.36
198570429,GB / Fakenham 3rd May,To Be Placed,03-05-2022 14:00,41192913,Tarseem,0,2.64,2.43197801082175692652973379528676312412,2.23380198955839619147332664202683387336,2.62,2.4,1,1001,207.4,2555.82,235.06
198570429,GB / Fakenham 3rd May,To Be Placed,03-05-2022 14:00,7044212,Chantecler,0,104.03607310887426,33.2456522470099740140372369283321670923,1,46,42,1,1001,0,109.86,2.26
198570454,GB / Fakenham 3rd May,To Be Placed,03-05-2022 16:45,44693871,Socialiser,1,2.46,2.33099018014599712108332693425122524216,2.51998001226283874367052073265236562139,1,1001,1,1001,8,3358.32,837.48
198570434,GB / Fakenham 3rd May,To Be Placed,03-05-2022 14:30,27794469,Dubai Guest,1,1.913344456658233,1.90800766632116152850771344264614830183,2.14084783220039959077972808200178730475,1.86,1.8,3,2.5,74.82,6740.98,1381.66
198570449,GB / Fakenham 3rd May,To Be Placed,03-05-2022 16:15,27477623,Tommie Beau,1,2.3824308206161944,1.89452142975665793458639821232394540217,2.37290723118361881687013544097764088874,2.42,2.42,1,1001,205.48,4733.96,700
198571587,GB / Sedgefield 3rd May,To Be Placed,03-05-2022 17:15,37659225,That Ships Sailed,0,4.854989028401375,2.97794511049667974859227952223037770838,8.3999618901962654892327304514381750934,1,1001,50,50,8,2108.74,32.12
198571597,GB / Sedgefield 3rd May,To Be Placed,03-05-2022 18:20,42274258,Karapiro Doug,0,4.8986965858365865,3.72875127275293394574348371206570574371,1,1,1001,1,1001,0,1538.48,34
198571607,GB / Sedgefield 3rd May,To Be Placed,03-05-2022 19:20,23160541,Desaray Girl,0,4.970765383,5.07786503579705868846201799033137521826,1,5.3,5.3,1,1001,0,753.48,46.9
198571612,GB / Sedgefield 3rd May,To Be Placed,03-05-2022 19:50,38806871,Ballycorr,1,1.5077661475068906,1.33480221912682448244101334290758957179,1.56684818509713534339818184991261400327,1.5,1.47,1.47,1.47,128.02,8347.34,830.98
198571612,GB / Sedgefield 3rd May,To Be Placed,03-05-2022 19:50,10477273,Supreme Steel,0,12.674003308340906,9.46956064951009361581049822163650265365,1,14,11.5,1,1001,0,1434.66,22.5
198572369,GB / Wetherby 3rd May,To Be Placed,03-05-2022 17:05,10074294,Machito,0,2.54,2.62107686814298101444655583085430962826,2.1683352621230025571832399721291883064,2.6,2.56,50,50,90.44,5585.36,36.3
198572369,GB / Wetherby 3rd May,To Be Placed,03-05-2022 17:05,44695336,Urban Dandy,0,9.327392021384732,13.3306759888879858061406980077667769615,20.9994920129028722670444170718063761181,16.5,9.8,1,1001,2,824.14,0
198572369,GB / Wetherby 3rd May,To Be Placed,03-05-2022 17:05,44695337,Breege,1,5.147209516549484,4.45912948105282843613770370468789947948,5.02143047721833581462590569075908424866,4.7,4.2,1,1001,54.12,1707.73,297.6
198572369,GB / Wetherby 3rd May,To Be Placed,03-05-2022 17:05,44249467,Sol Cayo,0,11.5,10.0874234602035089516048400599140206152,9.44543590994571948442035347176609883523,1,1001,1,1001,13.9,836.52,4
198572374,GB / Wetherby 3rd May,To Be Placed,03-05-2022 17:40,19766,Fourth Time Lucky,0,1.2,1.21626196051688376745039639916915755684,1.30143453059496401805605886400456291983,1.24,1.18,1,1001,354.38,16487.9,657.12
198572394,GB / Wetherby 3rd May,To Be Placed,03-05-2022 19:40,28688191,Hail Sezer,1,2.46,1.94039321359542273250605416779119084042,2.21238532205503432038449454505270789522,2.46,2.32,1,1001,7.5,5585.14,340.4
198572399,GB / Wetherby 3rd May,To Be Placed,03-05-2022 20:10,23726965,Gloryella,0,58.73161432057154,26.8024570883685920347454282909907547584,1,100,29,1,1001,0,743.03,20.54
198572399,GB / Wetherby 3rd May,To Be Placed,03-05-2022 20:10,23960114,Stoney Lane,0,4.9,5.6430054256026920496526945726919622199,9.50791855234380946978034858239975946718,9.6,4.9,1,1001,97.82,3865.14,.02
198572379,GB / Wetherby 3rd May,To Be Placed,03-05-2022 18:10,39522817,May Punch,0,5.951795708562711,5.40592363630674273411823885475089737893,6.6449004036543527530507436363420848554,7.8,5.8,1,1001,74.46,2319.48,17.98
198572384,GB / Wetherby 3rd May,To Be Placed,03-05-2022 18:40,11318369,Proud Archi,0,4.310836576348642,4.07572472303425164227121563409364445983,3.47309189968847462789695781281574017942,1,1001,1,1001,27,1301.38,0
198572384,GB / Wetherby 3rd May,To Be Placed,03-05-2022 18:40,26336,Rum Runner,0,2.16,2.28364213703263154973098317319283740196,2.21442137723075735656367522722217437846,2.24,2.24,1,1001,287.9,3286.62,10
198572507,GB / Lingfield 3rd May,To Be Placed,03-05-2022 14:20,24711302,Level Up,1,1.6546039972773214,1.7518227266825310380344537105829574246,1.79775582374938640205546362892544453391,1,1001,1,1001,332.82,6643.06,661.1
198572507,GB / Lingfield 3rd May,To Be Placed,03-05-2022 14:20,39604971,Jazzy Princess,0,4.9,4.39489658896407201897316065997705723982,1,1,1001,1,1001,0,1052.1,36.08
198572565,GB / Lingfield 3rd May,To Be Placed,03-05-2022 16:35,26496185,Tyger Bay,0,2.0526699045025465,1.7804554644615089487219703949934322321,2.23147663543434394275654635971519671667,2,1.93,2.5,2.5,149.58,7448.06,693.68
198572525,GB / Lingfield 3rd May,To Be Placed,03-05-2022 15:25,26774,Handel,0,14,9.07561155049423583086742094624218548094,9.09910553475863405834110294427190124691,14,13,760,760,42.9,1178.68,44.26
198572546,GB / Lingfield 3rd May,To Be Placed,03-05-2022 16:00,38289797,Ooh Is It,0,8.8,5.6459271917968428379132491474566223889,4.57140031549490207941740710873033724778,8.2,7.4,1,1001,26.72,2091.7,41.76
198572467,GB / Lingfield 3rd May,To Be Placed,03-05-2022 13:15,5067069,Central City,1,3.05,3.2829733718394114202067018871471183035,3.5372713884691649432898342720942531335,1,1001,1,1001,295.88,1562.78,383.9
198572493,GB / Lingfield 3rd May,To Be Placed,03-05-2022 13:45,44462829,Estehwadh,0,6.6,4.36736908047125778093059071221542509671,3.41302861540345584827919538176757606928,5,5,1,1001,11.04,2757.14,.28
198568029,GB / Ayr 3rd May,To Be Placed,03-05-2022 16:55,37471780,Hollymount,1,1.062228916696549,1.10825210010843011700482620429599270547,1.1741948555272131328295044148239138276,1.16,1.08,1.13,1.09,299.22,14954.76,1759.1
198568029,GB / Ayr 3rd May,To Be Placed,03-05-2022 16:55,44348204,Ten Gs,0,32.85030351272783,37.4460990590239714838396493282363603211,1,55,32,5.9,5.9,0,209.14,92.04
198568039,GB / Ayr 3rd May,To Be Placed,03-05-2022 18:05,44695060,Mosaawaah,0,6.014686727614113,6.18101969522633114192240264134905956125,4.49999128573598245326817757719052209707,6.2,6.2,1,1001,9.8,640.36,32.68
198568039,GB / Ayr 3rd May,To Be Placed,03-05-2022 18:05,44107638,Reetazeetajones,0,540,114.493945540297425757789675173482021443,1,130,110,760,750,0,50.6,1.92
198568009,GB / Ayr 3rd May,To Be Placed,03-05-2022 14:40,36381807,Barney Stinson,0,4.751907269858057,3.58908905321687761131415062074286910732,7.09237982458967292170645631210506497396,12,4.5,1,1001,212.38,2888.66,22
198568009,GB / Ayr 3rd May,To Be Placed,03-05-2022 14:40,41848129,Gonfalonier,0,4.790538313555298,2.83921002675891075581000005641372611907,3.39285157093134197416083159692071002749,1,1001,1,1001,14,1566.64,2
198568014,GB / Ayr 3rd May,To Be Placed,03-05-2022 15:15,10316469,Celtic Flames,0,2.8461997648041137,1.97035388084078388164087449328799883843,2.56528808966783929518052534467752621721,1,1001,1,1001,164.28,2869.3,47.88
198568024,GB / Ayr 3rd May,To Be Placed,03-05-2022 16:25,38886329,Run For Pat,0,2.861441809,2.17352392796872041646850499851538082313,1.976273878567489516364616674592939142,2.94,2.9,1,1001,28.04,4764.38,381.64
198568024,GB / Ayr 3rd May,To Be Placed,03-05-2022 16:25,27388514,All About Joe,0,16.5,8.08287023765129181524934751860608173713,1,1,1001,760,760,0,468.08,12.16
198570429,GB / Fakenham 3rd May,To Be Placed,03-05-2022 14:00,16496794,The Flying Sofa,0,2.3682600744364235,2.39788829970391915899293182907728778594,2.01348938092586063964289792218541821301,2.5,2.42,1,1001,468.42,6346.42,72.62
198570449,GB / Fakenham 3rd May,To Be Placed,03-05-2022 16:15,20885146,Havana Hermano,1,3.222847099220089,2.34668219292289119311913819111265609943,3.17007019819221699404670714969389073787,2.9,2.9,1,1001,148.8,3797.5,676.98
198571602,GB / Sedgefield 3rd May,To Be Placed,03-05-2022 18:50,38130464,Geromino,1,1.1854217525084048,1.12077546302308708312199555976924273998,1.15063122267642673359089057852802057795,1.18,1.16,1,1001,14.54,18239.66,1084.4
198571592,GB / Sedgefield 3rd May,To Be Placed,03-05-2022 17:50,40920739,Pepite Fleurie,0,22.76856168714867,14.1141672919821575256347521598861876965,4.52448105591432446050602478011680687216,20,20,330,330,8,607.4,22.88
198571592,GB / Sedgefield 3rd May,To Be Placed,03-05-2022 17:50,42064849,Cartonne,1,1.318915808,1.3259444995131382564898157054813514347,1.38999665398323496071952664976045374483,1.34,1.3,1.66,1.26,76.44,10029.12,2120.38
198571597,GB / Sedgefield 3rd May,To Be Placed,03-05-2022 18:20,27394963,Miraculous Getaway,0,2.334209877,2.31219415627320181776179632344973180822,2.34176205800276978580535628544490158881,2.28,2.28,1,1001,42.16,2881.14,242.88
198571612,GB / Sedgefield 3rd May,To Be Placed,03-05-2022 19:50,38243140,Fiston Du Mou,1,3.742386095404283,2.38498219883344581867582558924772091965,2.64080402792186022291370315827100229432,1,1001,1,1001,10.84,2286.04,369.22
198572394,GB / Wetherby 3rd May,To Be Placed,03-05-2022 19:40,780567,Young Tiger,0,5.1,3.56867044647453639786692782469768332131,3.99208302725062995904543550589683124736,4.8,4.2,960,750,23.04,3436.06,11.12
198572394,GB / Wetherby 3rd May,To Be Placed,03-05-2022 19:40,36218081,Saatty,0,4.4,3.38009770446657877602875446454452229069,3.17953790770412748252251915053243080151,4.6,4.5,960,750,50.1,2856.33,8.46
198572399,GB / Wetherby 3rd May,To Be Placed,03-05-2022 20:10,37187388,Fire In The Rain,0,7.6,4.90624310930403915053235601780846978208,1,6.4,4.8,1,1001,0,4054.38,68.76
198572399,GB / Wetherby 3rd May,To Be Placed,03-05-2022 20:10,12942960,Highlight Reel,1,6,5.44458283623240069139073374771804122423,4.39990638924408281291988427251969662435,7.6,5.9,1,1001,6,3581.33,226.24
198572399,GB / Wetherby 3rd May,To Be Placed,03-05-2022 20:10,19721222,Broctune Red,1,2.242461481296777,1.94270777599697334726224497393830058862,2.47463238015218911822239574313776322144,2.2,2.08,2.08,1.82,245.24,10680.62,1190.94
198572379,GB / Wetherby 3rd May,To Be Placed,03-05-2022 18:10,10102342,Clodovea,0,2.823941371730866,2.52040709498986536730893448704583251245,3.18200063376565948576218948501320100441,2.9,2.74,1,1001,139.5,5635.48,68
198572379,GB / Wetherby 3rd May,To Be Placed,03-05-2022 18:10,39135792,Bearcardi,1,2.7,2.56961900201710995850658856319783824016,2.94081337705851517335643621614333941057,3.4,2.64,1,1001,27.66,6443.26,353.52
198572379,GB / Wetherby 3rd May,To Be Placed,03-05-2022 18:10,40525193,Minxie,0,10.5,10.1183255835402079762664186732866552405,1,19,10.5,1,1001,0,1301.11,0
198572384,GB / Wetherby 3rd May,To Be Placed,03-05-2022 18:40,18416804,True Mason,0,3.3031207277573587,3.22680466562479294470256422539837076148,2.79955697603295022004904020526278897128,1,1001,1,1001,60.72,2182.72,6
198572507,GB / Lingfield 3rd May,To Be Placed,03-05-2022 14:20,39410579,Angle Land,1,2.42,2.3651601588703987020686845712011989819,2.42171392065519586780376649086561407068,2.38,2.38,1,1001,32.14,2703.28,303.54
198572507,GB / Lingfield 3rd May,To Be Placed,03-05-2022 14:20,38951132,Lord Gorgeous,0,5.3772963381698355,4.49658949325679226517049466704731684777,3.4681711826078131263325283489232964578,4.5,4.5,1,1001,11,1322.46,2
198572565,GB / Lingfield 3rd May,To Be Placed,03-05-2022 16:35,8787997,Stake Acclaim,0,54.11974897082896,26.7594467733181128831902346133412897075,11.3268967300968039837949644205394911877,60,25,1,1001,15.6,485.34,11.78
198572565,GB / Lingfield 3rd May,To Be Placed,03-05-2022 16:35,33071575,Pure Dreamer,1,2.68,2.4008605100769169355841529607061508575,3.35846698116340997490591751428115940967,2.84,2.84,1,1001,64.58,4482.36,251.96
198572514,GB / Lingfield 3rd May,To Be Placed,03-05-2022 14:50,19163828,Tashkent,0,9.05494673038235,9.20377257982000318317897205346536498241,7.7669071442321835938738896557837633898,10.5,7.4,1,1001,6.06,2303.32,20.28
198572493,GB / Lingfield 3rd May,To Be Placed,03-05-2022 13:45,44214258,The Full Bronte,0,2.483287042202429,1.94736870754835842240284074029231144122,2.5587000441631679179564243420986896928,2.52,2.32,1,1001,.1,5104.88,104.36
198568029,GB / Ayr 3rd May,To Be Placed,03-05-2022 16:55,39389765,Mourne Lass,1,2.541585363,2.37734745089448731865266717795449216571,2.88306655706564872178733231211021685994,2.42,2.38,3,1.74,32.92,6362.06,2400.88
198568034,GB / Ayr 3rd May,To Be Placed,03-05-2022 17:32,23785862,Woodbrook Boy,0,5.836839522441152,3.43264483503646627310348067749587005842,1,6.2,6.2,5.7,5.7,0,1329.52,111.66
198568034,GB / Ayr 3rd May,To Be Placed,03-05-2022 17:32,8964448,Brotherly Company,1,7.551224362733773,2.45409129475392865973371728345701206384,3.78762602973751805836865334112268818072,1,1001,1,1001,27.32,890.16,440.9
198568039,GB / Ayr 3rd May,To Be Placed,03-05-2022 18:05,44107641,Picks Lad,1,7.6,8.04084765388581587973653140974984020334,5.17293528389727515948799935569450936639,8.8,7.8,1.06,1.06,5.94,803.64,755.34
198568004,GB / Ayr 3rd May,To Be Placed,03-05-2022 14:10,10868962,Balkalin,1,4.541558798555052,4.09199708028530113401420734651291750879,5.1505504138671644960591040759254673439,5.2,3.85,1,1001,135.78,2129.26,491.34
198568014,GB / Ayr 3rd May,To Be Placed,03-05-2022 15:15,12936617,Sword Of Fate,1,2.245883901513152,1.96362073876980439134110785319727214599,2.27636202252096647240496044851034329231,2.62,2.22,2.22,1.6,133.96,7441.76,1329.44
198568014,GB / Ayr 3rd May,To Be Placed,03-05-2022 15:15,37033386,Dare To Begin,0,4.028168977345995,2.65594070166410709036832651336547521451,3.37647920273781819752406208400972637404,3.05,3.05,44,44,246.68,2698.5,43.12
198568019,GB / Ayr 3rd May,To Be Placed,03-05-2022 15:50,23270585,Bells Of Peterboro,0,2.750606806,2.553655598846579257974857369478523063,2.32275878263045734939355095000995242955,2.4,2.4,2,2,257.32,2895.18,321.62
198568019,GB / Ayr 3rd May,To Be Placed,03-05-2022 15:50,26291364,Hereditary Rule,1,4.7,4.85647927656955285007412788219276949263,3.70798597165802767885713418681577123761,1,1001,1,1001,166.4,1197.44,307.1
198568019,GB / Ayr 3rd May,To Be Placed,03-05-2022 15:50,26672564,Chanting Hill,0,3.75,3.64848179054258870743575564032494389136,3.65120700439417536194347583765236822488,3.6,3.6,1,1001,64.52,1056.02,78.48
198568024,GB / Ayr 3rd May,To Be Placed,03-05-2022 16:25,36972750,Rapid Flight,0,2.484807963271161,2.01040961705066204441204142379370297388,3.00004772282606204548079649249313903314,2.5,2.38,3.05,3.05,54.28,4931.82,301.68
198570429,GB / Fakenham 3rd May,To Be Placed,03-05-2022 14:00,29740730,The Yellow Mini,0,3.434440307,3.26546945015041247823852096526621738607,3.32663106343302740338332316898124285739,1,1001,8.2,8.2,119.78,1853.64,36.96
198570454,GB / Fakenham 3rd May,To Be Placed,03-05-2022 16:45,24449300,General Arrow,0,1.8155920827794763,1.76122014298868899522824112536089003632,1.69945465874065136501814458372107203456,1,1001,1000,11,32,3516.88,706.38
198570434,GB / Fakenham 3rd May,To Be Placed,03-05-2022 14:30,8982523,Elkstone,0,4.045310167805291,3.81291180875939973592720274774087834273,3.42583811026228265200858111779381848823,1,1001,20,1.5,42.22,1051.26,542.6
198570444,GB / Fakenham 3rd May,To Be Placed,03-05-2022 15:40,781870,Justified,0,1.4591351234152166,1.46934869675383210082042982836377666441,1.62538605801582210458536778690905869156,1.51,1.43,1.5,1.5,215.02,7846.54,1067.92
198570444,GB / Fakenham 3rd May,To Be Placed,03-05-2022 15:40,14986327,Zulu Dawn,0,3.657691859,3.49744454546127732355491595698947403787,4.23184987184100256133897001630071992582,3.6,3.15,3.65,3.65,205.76,4442.1,161
198570444,GB / Fakenham 3rd May,To Be Placed,03-05-2022 15:40,37213856,Gold Leader,0,5,4.77850465246591831167466620924643821507,2.80454344609013221913916136592915091998,5.1,5.1,1,1001,47.08,1334.86,76.02
198570444,GB / Fakenham 3rd May,To Be Placed,03-05-2022 15:40,41050040,Dellboy Trotter,0,6.6,8.68621712394319691110960565217126786066,1,8.4,8,1,1001,0,2446.12,17.02
198570449,GB / Fakenham 3rd May,To Be Placed,03-05-2022 16:15,12111718,Goodnight Charlie,0,3.9919053045680633,4.07753097511412609469642656688817714709,6.78480586638330846485130140532368721217,6.2,5.8,1,1001,47.16,4345.1,241.7
198570449,GB / Fakenham 3rd May,To Be Placed,03-05-2022 16:15,13416952,Abaya Du Mathan,0,4.781579909,3.39258749392599033426474565045601547284,3.73267461182954509326855039836213916354,4.6,4.6,6.6,6.6,14.84,2220.72,327.2
198571592,GB / Sedgefield 3rd May,To Be Placed,03-05-2022 17:50,39352343,Clean Getaway,0,9.957420148201052,12.0557483896207471203611530058728761328,12.9998170027907074417115138994130339512,12.5,10,760,44,4,1170.06,35.56
198571612,GB / Sedgefield 3rd May,To Be Placed,03-05-2022 19:50,27156512,Kingston King,0,2.7652294293791044,2.12816585188801577970036450220050174941,1.98561595687334200486073093073037332505,2.72,2.56,1,1001,271.96,4829.06,19.98
198571617,GB / Sedgefield 3rd May,To Be Placed,03-05-2022 20:20,43597331,Green Oaks Top Cat,1,1.283264095788618,1.22112951747527343454723854202388560395,1.18275819263340680886359506912930872662,1.31,1.28,1,1001,281.26,10804.24,589.72
198572369,GB / Wetherby 3rd May,To Be Placed,03-05-2022 17:05,44049795,Dyed In The Wool,0,6.963984974419292,6.44294450523873477218565954439642369031,6.88756797662098736330660231404873009833,6.4,6,1,1001,71.62,1716.02,4.28
198572369,GB / Wetherby 3rd May,To Be Placed,03-05-2022 17:05,44249466,Bishops Glory,0,3.05,3.08735726601856984205025302420211746401,2.66454595378477401544706628786309815382,3.2,3.2,1,1001,215.64,2688.54,0
198572374,GB / Wetherby 3rd May,To Be Placed,03-05-2022 17:40,41313709,Lil Bit Of Magic,0,97.92269680350962,43.0012637470266794114373312381635927069,7.49896506806275916266950065143399854226,120,28,990,990,8,347.56,.92
198572374,GB / Wetherby 3rd May,To Be Placed,03-05-2022 17:40,44695339,Carlton And Co,1,5.9,5.90487013879932670612815618938698348507,3.99998453854122444138172518649326961161,1,1001,1,1001,7.8,647.3,773.78
198572394,GB / Wetherby 3rd May,To Be Placed,03-05-2022 19:40,9905770,Pivoting,0,1.985777895405736,1.81049482435081387966193077794790908907,2.44711345925667638369511836866404321632,2.18,2.18,1,1001,34.48,5414.44,11.4
198572394,GB / Wetherby 3rd May,To Be Placed,03-05-2022 19:40,19576444,King Of Tonga,1,1.86,1.61754953001223154753899958680295197043,1.67855110886745319309599665942481400038,1.83,1.83,1,1001,15.5,6550.1,402.5
198572394,GB / Wetherby 3rd May,To Be Placed,03-05-2022 19:40,25395140,Lady Nectar,0,2.1444040112763467,1.67166791328268082635064826631439783828,2.11530647447156323079587325312821447422,1,1001,1,1001,73.86,3527.4,12
198572399,GB / Wetherby 3rd May,To Be Placed,03-05-2022 20:10,24943000,Dick Datchery,0,9.2,6.53442340255736828149146074175773374408,5.43308171697617672077056373023063484402,8.6,7.6,1,1001,23.98,2524.59,.44
198572399,GB / Wetherby 3rd May,To Be Placed,03-05-2022 20:10,15179731,Royal Prospect,0,5.020634362,6.56207942195900851582652308871628434002,1,9.4,4.7,960,750,0,4279.95,143.36
198572379,GB / Wetherby 3rd May,To Be Placed,03-05-2022 18:10,5437070,Rickenbacker,0,5.2,5.69593658389333792754723998783490158486,6.65997999891746675788106152409066033861,7.8,5,1,1001,48.56,5318.04,4.82
198572384,GB / Wetherby 3rd May,To Be Placed,03-05-2022 18:40,39631643,Mccann The Man,1,1.98,1.90870199240316192319356085922962175455,2.20405833298599680115726644159423231721,1.96,1.87,1,1001,65.1,7923.3,67.16
198572565,GB / Lingfield 3rd May,To Be Placed,03-05-2022 16:35,28712695,Twilight Heir,1,5.3,3.49266688884423884207159992726046049679,4.05772604519491676426522059814439029757,5.1,3.9,1,1001,52.52,2021.14,421.12
198572514,GB / Lingfield 3rd May,To Be Placed,03-05-2022 14:50,39660448,Leylas Power,0,94.080847549,85.4688162896132066294893871246908023396,27.9997874484817885476220719113487829989,100,55,960,750,4.7,371.26,1.12
198572467,GB / Lingfield 3rd May,To Be Placed,03-05-2022 13:15,8352999,London,1,2.02,1.97511575149373519186957171910322370954,2.03384827003068440152938312508993168205,2.12,1.92,1,1001,469.68,5757.44,676.84
198568029,GB / Ayr 3rd May,To Be Placed,03-05-2022 16:55,41503345,Martalindy,0,43.503845698125666,29.8221133422388958089542841639550025774,6.91998401604315668347695461222254699912,38,32,50,50,10,215.6,195.74
198568039,GB / Ayr 3rd May,To Be Placed,03-05-2022 18:05,44695063,Come On Du Berlais,1,1.20439560476018,1.21923355787392294542473490600796222289,1.33913569776613793471894127907996333899,1.2,1.2,1,1001,416.8,6148.22,3060.66
198568004,GB / Ayr 3rd May,To Be Placed,03-05-2022 14:10,11828473,Maifalki,1,5.519941993550166,5.94061727015232762004615060408242741354,5.02221431186740888298475235220926287734,5.7,5.7,1,1001,18,729.04,209.46
198568009,GB / Ayr 3rd May,To Be Placed,03-05-2022 14:40,13350888,The Electrician,0,2.32,1.85880759928804968182614108613757310773,3.04928060055965994008090905329250329479,1,1001,7,2.12,73.86,4090.6,538.38
198568009,GB / Ayr 3rd May,To Be Placed,03-05-2022 14:40,36690022,West End Lady,0,3.85,2.43182602964574526550985346033454771932,3.20778212086347547560590957863451135666,1,1001,1,1001,68.48,2222.3,34.62
198568019,GB / Ayr 3rd May,To Be Placed,03-05-2022 15:50,16865285,Exit To Where,1,1.837746949468582,1.90394878598015974439325942891702608621,2.29026296623066403500934263014016272917,1.99,1.8,1,1001,155.26,6203.92,1404.32
198570429,GB / Fakenham 3rd May,To Be Placed,03-05-2022 14:00,38200467,Morani Kali,0,4.789950878167728,5.09154958099724411538823021988709344252,4.47285019252409681044844848041638008455,1,1001,1,1001,224.9,1582.9,28.12
198570434,GB / Fakenham 3rd May,To Be Placed,03-05-2022 14:30,36310899,Brooksway Fair,1,1.9390129252087354,1.91992909054914555419255332911699982861,1.83951730752346095541198430355280847245,2,1.87,1,1001,48.74,5085.6,1321.46
198570444,GB / Fakenham 3rd May,To Be Placed,03-05-2022 15:40,20663374,Tilsworth Sammy,0,57.302962879,25.1206408152519255932173193525335085882,1,36,25,1,1001,0,299.06,4
198570449,GB / Fakenham 3rd May,To Be Placed,03-05-2022 16:15,22375581,Game Line,0,2.497523066,2.10750270851934041025298497817050938354,2.08506083791610266080087467876631203672,2.42,2.26,2.24,2.22,493.7,8500.96,1346.2
198571587,GB / Sedgefield 3rd May,To Be Placed,03-05-2022 17:15,30337059,Getaway Jewel,1,4.165860475836672,2.84865089524125274695616564380233747953,1,3.6,3.6,1,1001,0,2440.26,412.32
198571587,GB / Sedgefield 3rd May,To Be Placed,03-05-2022 17:15,12429277,Dasmyhoss,0,7.55733284110436,5.5056318064414769592476753706085230006,1,8,6.8,760,330,0,1551.54,1.46
198571592,GB / Sedgefield 3rd May,To Be Placed,03-05-2022 17:50,34992489,Not What It Seems,1,1.2260193367000105,1.2692065367426053743845189660779103477,1.58926181978893928394125350262954730472,1.27,1.25,1.26,1.26,305.74,11188.26,1252.8
198571597,GB / Sedgefield 3rd May,To Be Placed,03-05-2022 18:20,9926976,Lake Shore Drive,1,1.430338423,1.4642886817840350785112892128343449383,1.49888226481496124814130301061502197837,1.48,1.45,1,1001,61.78,6367.34,1250.14
198571607,GB / Sedgefield 3rd May,To Be Placed,03-05-2022 19:20,37694581,Pure Surf,1,2.04,1.98166373896313864597096633030344153987,1.80794055091581276503184607891253819743,1.89,1.89,1,1001,79.56,2194.12,503.2
198571612,GB / Sedgefield 3rd May,To Be Placed,03-05-2022 19:50,235812,Amber Run,0,4.833024516540461,3.45224384403492372097580614722185667143,4.89987103376856730654051567407241554047,1,1001,6,6,32.8,2628.94,251.84
198571612,GB / Sedgefield 3rd May,To Be Placed,03-05-2022 19:50,18766089,Wake Up Early,1,1.59,1.52441630545993849798668386203669652443,1.81405888335527716086362851010139787283,1.67,1.62,1,1001,11.8,9796.82,767.62
198571612,GB / Sedgefield 3rd May,To Be Placed,03-05-2022 19:50,15700803,Hidden Glen,0,4.2,2.91242812008860908909762542556335415473,1,4.6,4.3,1,1001,0,1781.28,101.86
198571617,GB / Sedgefield 3rd May,To Be Placed,03-05-2022 20:20,37271682,Countess Olivia,0,4.9,4.26033418655812391825477449661842179861,16.8776775719904345492575113525950191781,1,1001,1,1001,9,2055.12,4
198572374,GB / Wetherby 3rd May,To Be Placed,03-05-2022 17:40,251240,Mountbatten,1,1.1335170398897025,1.09447648273392929865049933845969995467,1.14637201983553819326095313246767750591,1.17,1.1,1,1001,449.4,23941.92,990.34
198572399,GB / Wetherby 3rd May,To Be Placed,03-05-2022 20:10,36127697,Louby Lou,0,22,19.7984533386422046353570471057437311891,1,32,19.5,1,1001,0,1207.86,11.86
198572399,GB / Wetherby 3rd May,To Be Placed,03-05-2022 20:10,39311136,Bold Territories,0,4.6,4.52612386591510567735138597954501135979,3.87155396662662929797627746786781290698,6.8,4.5,1,1001,22.24,5727.94,53.92
198572379,GB / Wetherby 3rd May,To Be Placed,03-05-2022 18:10,42904749,Hulton Ranger,0,6.172230124398483,7.27632496715605552037061320995099515018,10.5315390374124795253455845337960732512,16,6.8,1,1001,24.84,2136.1,12.02
198572379,GB / Wetherby 3rd May,To Be Placed,03-05-2022 18:10,46733,Master Ellis,0,9.260886475325098,8.49972598630554990853422924128777150408,8.72608739087338784012537686159752326344,11,7.6,1,1001,18.28,2228.52,21.1
198572379,GB / Wetherby 3rd May,To Be Placed,03-05-2022 18:10,40838975,Wooders Dream,0,9,7.2149585730414207418507092603667853484,6.56004843644084641740026757886292064936,13,7,1,1001,64.38,3080.72,12
198572384,GB / Wetherby 3rd May,To Be Placed,03-05-2022 18:40,40027989,Cragside,1,9.6,7.26453666359593499001674383098269926674,6.19996850121749775848380384554138737763,7.4,6.4,1,1001,9.74,1281.74,460.56
198572565,GB / Lingfield 3rd May,To Be Placed,03-05-2022 16:35,18637497,Swiss Pride,0,1.7584563966292626,1.62527506966880618962644205459569239236,1.92238738525779785869369594109460700401,1.77,1.77,1,1001,302.82,8841.66,172.18
198572565,GB / Lingfield 3rd May,To Be Placed,03-05-2022 16:35,19943724,Stay Smart,0,5.1,4.23634539487646108441896607227738708493,3.83732114257025560154806735520929534584,5.9,5.9,1,1001,43.24,2572.98,1.12
198572514,GB / Lingfield 3rd May,To Be Placed,03-05-2022 14:50,42071988,Vazire,0,3.35,3.28675942814712030399999309499488957956,3.02781895666732314802934660418682965987,3.4,3.15,1,1001,234.2,5107.02,45.26
198572514,GB / Lingfield 3rd May,To Be Placed,03-05-2022 14:50,41401388,Medrara,0,2.54,2.50484075124744253835977243116342153123,3.21699641052324829040096288400667047806,2.86,2.32,1,1001,258.24,15803.8,35.3
198572546,GB / Lingfield 3rd May,To Be Placed,03-05-2022 16:00,23815710,Show Me A Sunset,0,13.843864744,8.50612180141557984344958220468677254223,1,14,13,1,1001,0,872.28,.02
198572467,GB / Lingfield 3rd May,To Be Placed,03-05-2022 13:15,27596989,Amsby,0,1.79,1.8423590461870218057992108270743786244,2.18268657316369415069753240276351510047,1.8,1.8,1,1001,333.4,5397.66,67
198572467,GB / Lingfield 3rd May,To Be Placed,03-05-2022 13:15,42738417,Dark Icon,0,14.454826049712139,11.3500517285609647667765397932631508654,8.86210643677013840369912811931452129828,14.5,14.5,1,1001,117.6,524.48,0
198572493,GB / Lingfield 3rd May,To Be Placed,03-05-2022 13:45,44132372,Lucy Lightfoot,1,2.02,1.85247295645322982838935876222393771453,2.13436550038419857222836459467181385641,2.24,2,1,1001,115.1,8010.86,523.96
198568034,GB / Ayr 3rd May,To Be Placed,03-05-2022 17:32,16440139,Caboy,0,3.0360616015794197,2.0533546580458836562053541041568886933,2.27946265726262490764059862378817656243,1,1001,1,1001,6.08,2326.3,336.96
198568034,GB / Ayr 3rd May,To Be Placed,03-05-2022 17:32,17352131,En Meme Temps,0,3.003389985,1.85201810811181606041578433264037120698,1,1,1001,1,1001,0,1932.88,252.08
198568004,GB / Ayr 3rd May,To Be Placed,03-05-2022 14:10,40954206,Ted Hastings,1,1.43,1.49583869173358300633711945134050668361,1.62104667753919341508837487669636981746,1.61,1.46,1,1001,244.82,6162.68,507.34
198568019,GB / Ayr 3rd May,To Be Placed,03-05-2022 15:50,23030555,Sirwilliamwallace,0,4.791973285249553,4.3685092546035691920571126421621847402,1,1,1001,1,1001,0,600.44,180.06
198570429,GB / Fakenham 3rd May,To Be Placed,03-05-2022 14:00,180994,Bagan,1,1.6870126951125632,1.71048140170318096632759633412543356996,2.00672890059508658699614144189607134184,1.65,1.65,1,1001,341.56,3548.14,537.08
198570429,GB / Fakenham 3rd May,To Be Placed,03-05-2022 14:00,18729653,Balleticon,1,1.85,1.84473377847574679171003524848596611409,1.92356437388907499150584658879033250909,1.85,1.85,1,1001,132.68,2842.38,1416.66
198570434,GB / Fakenham 3rd May,To Be Placed,03-05-2022 14:30,38129,Lakeside Lad,0,1.7422353254559133,1.77492633411589542787519785594248744674,1.78907385631378218308670178525218495722,1.87,1.87,3.6,3,96.48,3909.08,568.26
198570444,GB / Fakenham 3rd May,To Be Placed,03-05-2022 15:40,38488667,Cloudy Wednesday,1,2.14,2.47724670782933160792332354013093272533,3.29055089754091297086994659837935560654,2.52,2.24,1,1001,137.8,5114.06,812.26
198570449,GB / Fakenham 3rd May,To Be Placed,03-05-2022 16:15,1139495,Red Happy,1,2.993786202394877,2.48485200681197060093929463904282994792,3.32712463587825731285095982567367362557,1,1001,2.22,2.14,49.74,4509.64,1065.64
198570449,GB / Fakenham 3rd May,To Be Placed,03-05-2022 16:15,10464730,Potters Legend,0,2.593744621,2.13098710724041101217492264972067356153,3.07130555625973254323525891188752559606,2.82,2.74,1,1001,143.84,5113.88,298.76
198570449,GB / Fakenham 3rd May,To Be Placed,03-05-2022 16:15,21822170,Debden Bank,0,3.861984820142535,2.48213595716458240558860799726473237699,2.84442198244234941041784025547668563183,1,1001,1,1001,10.28,3385.14,279.7
198571597,GB / Sedgefield 3rd May,To Be Placed,03-05-2022 18:20,26741929,Cresswell Queen,1,1.352333434,1.41140896855504483285555518363959364541,1.58199224695759742704910970407932673925,1.4,1.36,1.5,1.42,125.82,5041.7,2514.06
198571612,GB / Sedgefield 3rd May,To Be Placed,03-05-2022 19:50,26301860,Going Mobile,0,1.9878453987338074,1.83063017690266194643417340769159336604,2.58903699853058531558044463494654440436,2.12,2.02,1,1001,64.1,6800.9,179.1
198572374,GB / Wetherby 3rd May,To Be Placed,03-05-2022 17:40,42101882,Depart A Minuit,0,2.1,2.14021504374457960074354711595335374281,2.31208258331316725004075432708238668852,1,1001,1,1001,25.78,4050.94,38.08
198572374,GB / Wetherby 3rd May,To Be Placed,03-05-2022 17:40,43497470,Twilight Steel,1,2.0300350837913754,2.01141720885620686029916750834817115033,1,2,2,1,1001,0,4566.66,441.9
198572374,GB / Wetherby 3rd May,To Be Placed,03-05-2022 17:40,43727264,Skyefall,0,7,6.91525581780221770385613522240378040932,4.60993646511821391943501794368419115824,1,1001,1,1001,2,769.52,5.64
198572379,GB / Wetherby 3rd May,To Be Placed,03-05-2022 18:10,40055322,Mymateshez,0,48.11868151616304,25.38243759970548533562400294514664376,21.5410194435561473605392788431670199176,55,20.81,1,1001,10.44,814.9,0
198572379,GB / Wetherby 3rd May,To Be Placed,03-05-2022 18:10,10284442,On The River,0,6.8,4.9867636259681785289939876895039173821,7.21644985295890229577121372141684149396,5.8,5.5,1,1001,105.28,2238.74,0
198572379,GB / Wetherby 3rd May,To Be Placed,03-05-2022 18:10,40705834,Rum Going On,1,1.87,1.54974790051344926504105776155021565774,1.77748723803535885331895587664457653827,1.63,1.63,1,1001,227.2,7054.48,500.94
198572384,GB / Wetherby 3rd May,To Be Placed,03-05-2022 18:40,12899178,Mutanaaseq,0,2.720231263,2.6805806991265500070117141579506249614,2.52784938075471203384948843466168057124,2.64,2.64,1,1001,23.02,2731.7,19.04
198572507,GB / Lingfield 3rd May,To Be Placed,03-05-2022 14:20,13000377,Fair And Square,0,1.19,1.25666678563800332437295166231361949778,1.37147992973790887816816236438847177731,1.28,1.22,1,1001,926.6,18184.94,842.16
198572565,GB / Lingfield 3rd May,To Be Placed,03-05-2022 16:35,24763293,Bowling Russian,0,3.4652060294057447,2.76938673303169373059717031646846300046,3.69000882223624696529507484842342924729,4.5,3.45,1,1001,114.92,3354.3,110.04
198572565,GB / Lingfield 3rd May,To Be Placed,03-05-2022 16:35,25036883,Lilkian,0,2.26,1.80847758312048317085467447415106293846,2.05956568512555508946355936218911594046,2.28,2.26,1,1001,233.26,6253.5,182.56
198572514,GB / Lingfield 3rd May,To Be Placed,03-05-2022 14:50,41401405,Shockwaves,1,4.046082096522875,3.94787423151760314601727160309608421174,3.6552653599217502752443939392931404981,4.3,3.7,1,1001,114.84,7529.2,232.64
198572525,GB / Lingfield 3rd May,To Be Placed,03-05-2022 15:25,35323710,Daphne May,0,2.46,2.16263915535381121238574122560224373076,2.16372346478524561734920539307116640311,2.76,2.02,1,1001,579.22,5187.56,57.96
198572525,GB / Lingfield 3rd May,To Be Placed,03-05-2022 15:25,37509865,Diffident Spirit,0,5.3428174561225745,4.3570264789122984623756200111576031698,5.6649077945795735886460990988102690553,5.8,5.4,1,1001,204.84,2455.28,2.42
198572546,GB / Lingfield 3rd May,To Be Placed,03-05-2022 16:00,14239967,Count Otto,1,1.543176973,1.43017546951326641211553620143800557991,2.04591354455310444357478592580314101088,1.71,1.5,1,1001,153.86,14137.74,611.98
198572493,GB / Lingfield 3rd May,To Be Placed,03-05-2022 13:45,44213924,Rock Girl,1,1.87,1.71573371273178233771199734226836241448,1.82386062762313666072033288585524105518,1.98,1.82,1,1001,312.64,10920.94,555.06
198568034,GB / Ayr 3rd May,To Be Placed,03-05-2022 17:32,8101982,Doktor Glaz,0,5.091661201,2.23589314416916795343570660694808472851,1,1,1001,1,1001,0,825.06,.2
198568039,GB / Ayr 3rd May,To Be Placed,03-05-2022 18:05,5702073,Zumbi,1,2.24,2.35650746280297816122243680332158923461,1.98024547793248032098142830922153804076,1,1001,1,1001,129.08,4025.88,716.72
198568039,GB / Ayr 3rd May,To Be Placed,03-05-2022 18:05,44695059,Ballyporeen,0,5.278002752,4.82997188232530777330862999385191455524,3.66043410154166624336305380168290483835,1,1001,1,1001,16.32,1528.44,0
198568039,GB / Ayr 3rd May,To Be Placed,03-05-2022 18:05,44695061,Prospect House,0,3.8,3.73782825240211392193291412144943035903,1,1,1001,1,1001,0,1250.94,8
198568004,GB / Ayr 3rd May,To Be Placed,03-05-2022 14:10,21178922,Battle Of Toro,0,1.420060284,1.56207868198191058134269908865356247796,1.68116000417385586188152145710599690634,1.51,1.49,1.69,1.6,591.66,7156.42,630.06
198568009,GB / Ayr 3rd May,To Be Placed,03-05-2022 14:40,11868553,Abouttimeyoutoldme,0,51.92555238161944,14.5807299882490019924595092714621726648,1,65,50,30,30,0,270.28,108
198568009,GB / Ayr 3rd May,To Be Placed,03-05-2022 14:40,25525995,Old Jewry,1,3.4063627215544696,2.60671571718568991035977705886121410252,2.89811317595771177985260893949807601773,3.4,3.2,1,1001,95.04,3325.02,608.26
198568009,GB / Ayr 3rd May,To Be Placed,03-05-2022 14:40,42230279,Roan,0,5.9,4.22606202677197969848177966274466431153,3.45804566839305734304981704440786343323,6,6,55,55,244.16,2859.66,31.86
198568014,GB / Ayr 3rd May,To Be Placed,03-05-2022 15:15,23160590,Eclair Des Sablons,1,2.4510444656674366,2.00488952191438020739218717540761525342,2.53712379135826271461894148111443646584,2.5,2.5,1,1001,27.72,4176.18,705.88
198568024,GB / Ayr 3rd May,To Be Placed,03-05-2022 16:25,142049,Court Dreaming,0,5.445361157814041,3.70300601862813643869101231980708583346,3.89001047125233189387138635472832789847,5.1,5.1,4.6,4.6,43.5,1893.04,152.58
198570429,GB / Fakenham 3rd May,To Be Placed,03-05-2022 14:00,508694,Hey Bob,1,1.8258285535081091,1.89969494196717100899575702667714445826,1.92212685560529327036448339034673448961,1.95,1.89,1,1001,132.64,4136.22,686.62
198570439,GB / Fakenham 3rd May,To Be Placed,03-05-2022 15:05,13332417,High Tech,1,1.3086827156904657,1.2688700137094557722571210834630268845,1.52394932045313829938717518986714019708,1.31,1.24,1,1001,335.68,12478.46,2159.86
198570454,GB / Fakenham 3rd May,To Be Placed,03-05-2022 16:45,24002994,Fiddler Of Dooney,0,2.728483749345431,2.8769324049648198753014361421414288742,2.37181465966448230794536749001427988756,2.64,2.64,1,1001,93.94,3194.82,177.9
198570434,GB / Fakenham 3rd May,To Be Placed,03-05-2022 14:30,24462868,Vinnies Getaway,0,2.32,2.52900962944200834569830914241125649266,2.81433533684757728863585261221983151946,1,1001,110,110,14.14,1722.54,105.74
198570444,GB / Fakenham 3rd May,To Be Placed,03-05-2022 15:40,39381968,Commodore Miller,0,4.973092836530412,4.39144534597688677834428344245818283058,1,1,1001,1,1001,0,1817.98,25.06
198570449,GB / Fakenham 3rd May,To Be Placed,03-05-2022 16:15,9644266,Chic Name,0,6.015838941466061,3.7538222604206145067363931717840340215,4.14278997405456670098399756537608289069,5.3,5,9.2,9.2,57.16,1643.52,66
198571602,GB / Sedgefield 3rd May,To Be Placed,03-05-2022 18:50,12943079,Zoffalee,0,4.3,2.96529879114113212204986978676453546279,1,4.2,4,1,1001,0,2281.48,207.44
198571587,GB / Sedgefield 3rd May,To Be Placed,03-05-2022 17:15,19746487,Check My Pulse,0,2,1.6816088917262646240420861794439071446,1.81796547488862302299715631242067290209,2.1,1.96,1,1001,70.14,8080.7,166.58
198571587,GB / Sedgefield 3rd May,To Be Placed,03-05-2022 17:15,27156466,Cool Country,1,1.53,1.37599893251714524746798976440241742652,1.6182514704029932646534049273790278769,1.56,1.51,1.35,1.35,8.78,11402.42,861.6
198571597,GB / Sedgefield 3rd May,To Be Placed,03-05-2022 18:20,39410576,Landacre Bridge,0,8.8,7.01044158046418156138764075683961777025,6.1776117816565164158579718648886268105,1,1001,6,6,29.76,1114.16,94.42
198571612,GB / Sedgefield 3rd May,To Be Placed,03-05-2022 19:50,12988775,Strategic,0,37.59477167289703,16.7350896822974943206862645373478452514,1,42,26,1,1001,0,589.86,0
198572399,GB / Wetherby 3rd May,To Be Placed,03-05-2022 20:10,35639663,Magical Mile,1,2.7,2.55453679472063512803712576582811337398,3.09995681088825606486693257008680854797,3.05,2.7,1,1001,12,9782.48,398
198572379,GB / Wetherby 3rd May,To Be Placed,03-05-2022 18:10,39135788,Ey Up Its The Boss,1,1.9,1.66431887125296920886497393275146224607,1.83998784319467476971451259732522302029,1.88,1.88,1,1001,521.5,8960.62,552.12
198572384,GB / Wetherby 3rd May,To Be Placed,03-05-2022 18:40,35467311,Tamaska,1,1.8960634702202424,1.87245771005462786000157186407176579576,1.68169368821827448659277296099496053288,1,1001,1,1001,28.4,4781.94,775.56
198572384,GB / Wetherby 3rd May,To Be Placed,03-05-2022 18:40,13138382,Harvest Day,0,2,2.14880700935231893175480921183748357231,2.21499333777050296203120684236495265394,2.06,2.06,1,1001,366.02,6158.06,32.74
198572565,GB / Lingfield 3rd May,To Be Placed,03-05-2022 16:35,30512471,Alablaq,1,2.201233026507544,1.81844222730129944441651570621678342379,1.92095344498780223010445853879492148529,2.1,1.95,1,1001,154.3,5958.14,217.48
198572514,GB / Lingfield 3rd May,To Be Placed,03-05-2022 14:50,44462924,Arcadian Friend,0,45.794398287311196,43.4724738993578041812491920955801204614,12.99987640127306688741105966608543932,65,32,1,1001,4,424.06,.14
198572514,GB / Lingfield 3rd May,To Be Placed,03-05-2022 14:50,44330516,Sir Alfred M,0,108.23449750743804,83.2764182444935028169419889569751082025,1,100,50,1,1001,0,340.62,6.06
198572514,GB / Lingfield 3rd May,To Be Placed,03-05-2022 14:50,28729350,Everloving,0,93.868024826,61.5195740697049584206150258144906855934,1,70,50,1,1001,0,68.74,.06
198572546,GB / Lingfield 3rd May,To Be Placed,03-05-2022 16:00,8950536,Merhoob,0,14,9.67840642206886134018810395505022319857,9.99993550046224668723207483679700295481,14.5,9.8,1,1001,6,863.04,28.14
198568029,GB / Ayr 3rd May,To Be Placed,03-05-2022 16:55,36016563,Oot Ma Way,0,1.65,1.66667020365896606216465945754098457896,1.64789133179092480169356819267238137184,1.71,1.61,1.71,1.7,82.76,9645.86,2044.5
198568039,GB / Ayr 3rd May,To Be Placed,03-05-2022 18:05,6448281,The Best Way,0,3.05,3.04023948012551579439496601045931582715,3.00207285148730428365404000150635626009,2.98,2.98,1,1001,40.58,1342.5,52.06
198568039,GB / Ayr 3rd May,To Be Placed,03-05-2022 18:05,44107492,Brown Monday,0,6.84663114064373,6.39043005360380423758908927805186337505,1,6.8,6.8,1,1001,0,930.86,34.08
198568004,GB / Ayr 3rd May,To Be Placed,03-05-2022 14:10,38896461,Kilbrainy,0,2.8164848623792387,2.60720699544029162047346395487676744303,2.6530837142821713536532110199086909631,1,1001,1,1001,28.58,1168.24,10
198568004,GB / Ayr 3rd May,To Be Placed,03-05-2022 14:10,20780,Utah,0,9.392188817257992,7.54356151070191699207603735898713658303,9.05515485911078979993395324738464707898,8.8,6.6,1,1001,29,1345.9,12
198568009,GB / Ayr 3rd May,To Be Placed,03-05-2022 14:40,28018206,Isle Of Aron,1,1.67,1.46926733039779476566191956369367883705,2.02155751369915985592914475170794753767,1.67,1.67,1.33,1.33,48.48,6834.52,1165.48
198568014,GB / Ayr 3rd May,To Be Placed,03-05-2022 15:15,26741916,Paddy The Panda,0,3.15,1.92096324041133563996604613846077096756,3.1437233652831429994288838275619013833,1,1001,1,1001,92.26,2444.84,160.02
198568024,GB / Ayr 3rd May,To Be Placed,03-05-2022 16:25,18663096,Jessiemac,1,2.08,1.77372633487295163013976223455901741763,2.81741431497338162144878954296933537767,1,1001,1,1001,107.64,4712.6,471.34
198568024,GB / Ayr 3rd May,To Be Placed,03-05-2022 16:25,21339434,Stoney Rover,1,2.244490071230758,1.74600446029579762224418651576648503451,2.4897824878181156118800328308160030367,1,1001,1,1001,41.74,3424.38,532.94
198568024,GB / Ayr 3rd May,To Be Placed,03-05-2022 16:25,15823185,Jack Devine,0,13.5,7.63540016157004552156581225731862910078,1,1,1001,1,1001,0,579.6,24
198570439,GB / Fakenham 3rd May,To Be Placed,03-05-2022 15:05,41605708,Kilfords Queen,0,325.11123357586564,74.7310956497409548364400753428512124508,24.9999505883370240120093870394972716233,120,50,760,760,6.8,87.78,6
198570439,GB / Fakenham 3rd May,To Be Placed,03-05-2022 15:05,42575656,Rathmacknee,1,1.257250120896515,1.2978552554161257248106643666877387885,1.36054452826151581176748094291484477122,1.3,1.28,1,1001,526.24,11680.32,1632.76
198570454,GB / Fakenham 3rd May,To Be Placed,03-05-2022 16:45,44693872,Normofthenorth,1,1.58,1.60810488646511816077372750467010240756,1.57076645932868204912881926946377168551,1.63,1.57,1.06,1.06,205.8,4576.06,1562.04
198570454,GB / Fakenham 3rd May,To Be Placed,03-05-2022 16:45,17336477,Megaboost,0,39.63294105734677,27.7385852657925301827099952580746317971,16.794543201096469272277210631885298819,40,17.5,1,1001,6.72,614.32,8.06
198571602,GB / Sedgefield 3rd May,To Be Placed,03-05-2022 18:50,22179001,Shaws Bridge,0,5.094600138,3.695935312832135310477144329051172072,1,5.9,4.9,1,1001,0,1503.7,39.88
198571587,GB / Sedgefield 3rd May,To Be Placed,03-05-2022 17:15,10256591,Vanderbilt,0,3.75,3.04229568859554205733938520701371398744,1,3.55,3.45,760,330,0,3424.06,12.02
198571597,GB / Sedgefield 3rd May,To Be Placed,03-05-2022 18:20,32357681,Balkotic,1,3.797685211343341,3.91392629491657169461114225694605614109,5.49991777128676929212948195047371076816,1,1001,1,1001,2.78,1062.2,416.3
198571597,GB / Sedgefield 3rd May,To Be Placed,03-05-2022 18:20,37271685,Howzat Hiris,0,2.84,2.80573801891714756234610625202679946864,2.54791898079386531213880401438980213295,1,1001,1,1001,45.5,1331.36,269.1
198571617,GB / Sedgefield 3rd May,To Be Placed,03-05-2022 20:20,43680935,Our Laura B,1,2.156147434,1.83320978039591961800985898978024718044,1.79478059039833776368625347224965271695,2.18,2.1,1,1001,34,5188.68,509.9
198571617,GB / Sedgefield 3rd May,To Be Placed,03-05-2022 20:20,44284117,Famous Function,0,1.811712223,1.58631994456727085129569576919207126357,1,1.89,1.52,1,1001,0,11585.86,122
198572369,GB / Wetherby 3rd May,To Be Placed,03-05-2022 17:05,44247387,Commander Straker,1,1.27333038,1.3265230856469387943981505391439380744,1.28046752476753556585383241918202248918,1.36,1.31,1,1001,464.9,10528.04,559.22
198572394,GB / Wetherby 3rd May,To Be Placed,03-05-2022 19:40,23726963,Ghathanfar,1,1.4781357316271257,1.35518731402588808585264107004159977696,1.49830147625028953348837052518839709373,1.48,1.4,1.03,1.03,143.94,11560.16,828.06
198572399,GB / Wetherby 3rd May,To Be Placed,03-05-2022 20:10,25377531,Temper Trap,0,8.36959686382848,5.15219403756046969235013240851072942046,3.74995431438623995605363590252177974839,8.2,5.4,1,1001,9.98,3318.98,22.06
198572379,GB / Wetherby 3rd May,To Be Placed,03-05-2022 18:10,40860468,Dougies Dream,1,1.48,1.42496321357866308909205156486799562194,1.62531054824307875627916773736817782548,1.53,1.46,1.52,1.52,720.16,15038.92,958.4
198572379,GB / Wetherby 3rd May,To Be Placed,03-05-2022 18:10,39947013,Siraju,0,7.898797774316192,11.8105464478308877720479493946815400724,10.9097717749530616870641767038092456053,28.36,7.8,960,750,3.96,1490.6,1.12
198572379,GB / Wetherby 3rd May,To Be Placed,03-05-2022 18:10,9289342,Without Delay,0,2.6,2.13192287776110489323882176535870558584,2.61741360582320224222982090455132792757,2.56,2,1,1001,521.06,7633.86,88.78
198572507,GB / Lingfield 3rd May,To Be Placed,03-05-2022 14:20,10028599,So Smart,1,3.993717597842334,4.59097915160887392047658862868084262343,2.97293400673552663025800793627506668944,5.4,4,1,1001,31.9,3070.24,643.24
198572507,GB / Lingfield 3rd May,To Be Placed,03-05-2022 14:20,41479915,Battle Point,0,3.3578281631894793,3.20151149019844343494358511955159977315,2.63098439515320263122247112612347551206,3.6,2.88,1,1001,120.38,2795.9,48.9
198572514,GB / Lingfield 3rd May,To Be Placed,03-05-2022 14:50,44310051,Awaal,1,1.204755789,1.21947330814503803748970802424342843394,1.25200103114647647171622556960794104788,1.24,1.2,1,1001,1091.92,30389.76,493.34
198572514,GB / Lingfield 3rd May,To Be Placed,03-05-2022 14:50,40513944,Heathen,0,10.5,9.71377764815397832258135072343845736573,8.64396500762685397484624848161806192621,11,8.8,1,1001,18,2453.5,24.78
198572514,GB / Lingfield 3rd May,To Be Placed,03-05-2022 14:50,37936,Thesis,1,1.05,1.05714414611000820818840195504053252976,1.09900541834605762831981447506801235568,1.09,1.04,1,1001,2378.9,44614.68,728.98
198572525,GB / Lingfield 3rd May,To Be Placed,03-05-2022 15:25,28236796,The Rain King,0,9.6,6.5934614253463408527639699957106379363,3.91936011152490309318874529446684540955,1,1001,760,750,18.74,1434.12,19.84
198572525,GB / Lingfield 3rd May,To Be Placed,03-05-2022 15:25,36476498,Isola Rossa,1,1.6128241223679654,1.50707476882626572692824849087665888582,1.88892011954610551791903030889773444034,1.69,1.65,1.63,1.63,132.28,10125.44,972.1
198572546,GB / Lingfield 3rd May,To Be Placed,03-05-2022 16:00,2074808,Impeach,0,2.44,1.91284475518565185843034036809342823162,2.49657967479833988881833015327625545636,2.64,2.64,1,1001,124,4433.62,100.02
198572467,GB / Lingfield 3rd May,To Be Placed,03-05-2022 13:15,13318223,Blue Beret,0,3.991939998284215,4.01040098218979664616575092193646488346,4.34713126497309062786407108424157380815,1,1001,1,1001,222.82,2061.7,113.16
198572467,GB / Lingfield 3rd May,To Be Placed,03-05-2022 13:15,35424230,Devorgilla,0,4.974710027820867,4.21882533267206297087903726283665739312,3.88720015954781103446428801974016533677,1,1001,1,1001,224.7,1157.84,159.86
198572467,GB / Lingfield 3rd May,To Be Placed,03-05-2022 13:15,36062665,Taqseemaat,0,3.3,3.03320130631154116512800523857897412168,2.29853239730078777771672020631479166038,3.25,2.22,1,1001,624.78,4073.92,62.62
198572467,GB / Lingfield 3rd May,To Be Placed,03-05-2022 13:15,26291373,Enchantee,0,12.5,12.2876921533508412384270771226839612499,11.1179257769538330317984959794630151959,13.5,11,1,1001,168,931.8,4
198572493,GB / Lingfield 3rd May,To Be Placed,03-05-2022 13:45,10123681,Garner,0,2.56,1.9563450441518052796550182332032324022,2.29955956525276421063093385425851956238,1,1001,1,1001,52.88,3295.92,201.92
