EVENT_ID,MENU_HINT,EVENT_NAME,EVENT_DT,SELECTION_ID,SELECTION_NAME,WIN_LOSE,BSP,PPWAP,MORNINGWAP,PPMAX,PPMIN,IPMAX,IPMIN,MORNINGTRADEDVOL,PPTRADEDVOL,IPTRADEDVOL
209983490,AUS / Strathalbyn (AUS) 15th Feb,R6 1350m Hcap,15-02-2023 05:30,41207013,3. Nottaris,0,3.2055204637743016,2.62537641373528705052130366524037412998,2.66055428652678464006838452497238284901,3.65,2.76,880,2.5,47542.92,45401.9,2141.02
209983490,AUS / Strathalbyn (AUS) 15th Feb,R6 1350m Hcap,15-02-2023 05:30,43378279,7. Charm Slinga,0,6.77355398012136,5.77078109187146013016528673789600327206,5.90316601178259419198500922106155808965,9,5.6,1,1001,13160.09,13056.48,103.61
209983490,AUS / Strathalbyn (AUS) 15th Feb,R6 1350m Hcap,15-02-2023 05:30,51982388,6. Fizique,0,70,33.9290825530538666708478875361989118786,35.0207815384196222405372821207931177757,85,44,1,1001,1468.13,1453.1,15.03
209983496,AUS / Strathalbyn (AUS) 15th Feb,R7 1600m Hcap,15-02-2023 06:05,45489063,1. Salute The Stars,0,13,15.4630494167650955061939045923640071942,12.0676036208775235292681681901604273328,18,12.5,1,1001,4506.09,3202.34,65.65
209983502,AUS / Strathalbyn (AUS) 15th Feb,R8 1200m Hcap,15-02-2023 06:40,41320508,12. Dawnburst,1,7.8846963837379,7.71877083616754523948984676769264354589,5.74902961385009055927604143167447646426,9.4,7,1,1001,12411.76,8006.84,1996.98
209983502,AUS / Strathalbyn (AUS) 15th Feb,R8 1200m Hcap,15-02-2023 06:40,49513076,4. Wine From Tears,0,9.2,9.5893866146262905521468621314828481509,8.05476812327301131769021393152952268872,12,8.4,890,890,11624.28,9302.36,85.2
209983466,AUS / Strathalbyn (AUS) 15th Feb,R2 1600m Mdn,15-02-2023 03:10,488994,5. Our Selection,1,3.1,2.71599687487102533721911801992127146938,2.57782472462098125063055145841862280057,3.65,2.98,3.1,2.12,23986.94,19119.84,4867.1
209983466,AUS / Strathalbyn (AUS) 15th Feb,R2 1600m Mdn,15-02-2023 03:10,41197746,1. Dunhili,0,50,28.7577465399166846175217968693888765804,30.0464309679218481756150273200233549163,70,46,40,40,1147.51,1125.22,22.29
209983466,AUS / Strathalbyn (AUS) 15th Feb,R2 1600m Mdn,15-02-2023 03:10,28572425,4. Whys,0,88.0109743073542,50.8814232602547508276950213096900656657,55.9177090507231289139452568188734244118,140,75,990,150,624.37,604.4,19.97
209983466,AUS / Strathalbyn (AUS) 15th Feb,R2 1600m Mdn,15-02-2023 03:10,45690723,7. Hussling,0,11.243930843576674,8.98157750374733015370692791637515608938,9.15784855103558971968028793685345243593,12.5,9.2,1,1001,6734.81,6658.22,76.59
209983472,AUS / Strathalbyn (AUS) 15th Feb,R3 1200m Mdn,15-02-2023 03:45,51615992,4. Gold Braid,0,30,26.2886916734217944592399352990401738178,20.9013786244212109243017650389983677315,32,20,900,900,2101.37,1570.14,15.61
209983460,AUS / Strathalbyn (AUS) 15th Feb,R1 2050m Mdn,15-02-2023 02:35,52621191,6. Rebel Cadeau,0,144.451276499,63.573246721880638150512503304399508851,67.0199514190213216517532750638403886478,160,80,990,75,481.67,447.6,34.07
209983517,AUS / Randwick (AUS) 15th Feb,R3 1400m 3yo,15-02-2023 04:30,4889561,5. Outsider,0,5.4,4.22129027646478596015666686348210293891,3.45346631998209679138474947110413476805,5.4,3.7,6,5.4,25425.61,17955.84,778.37
209983521,AUS / Randwick (AUS) 15th Feb,R4 1000m Hcap,15-02-2023 05:05,7210549,5. Fumiko,0,16.873328306162804,11.9893111871899294872802015510991442407,12.4468239564428312159709618874773139746,18,15,25,25,5978.35,5850.64,127.71
209983529,AUS / Randwick (AUS) 15th Feb,R6 1400m Hcap,15-02-2023 06:15,44327617,7. Keneally,0,131.67135565,70.354748610539106134878497444076131734,71.7645375135327529697904462471636832817,200,75,130,75,1348.58,1308.2,40.38
209983533,AUS / Randwick (AUS) 15th Feb,R7 1400m Hcap,15-02-2023 06:50,52621178,6. Coppleson,0,7.739476806331895,8.27072679825168718402151717539697224587,5.99000625604804459362068635630715746398,10,7.6,100,3.3,17247.31,10303.68,1381.23
209983525,AUS / Randwick (AUS) 15th Feb,R5 1800m Hcap,15-02-2023 05:40,47871678,3. Fathers Day,0,5.1,5.54137660013028424307945343722703045908,4.1135712623547134686279072615708704332,8.56,5,5.6,4.1,22861.72,14211.28,1201.64
209983513,AUS / Randwick (AUS) 15th Feb,R2 1550m Hcap,15-02-2023 03:55,48489090,3. Bastida,0,140.405167935752,68.0322550592936124764091480387517299623,70.805594461966324402212795114922259953,180,60,920,85,992.41,974.69,17.72
209985445,AUS / Doomben (AUS) 15th Feb,R6 1110m Hcap,15-02-2023 06:33,2673803,9. Baldassare,1,3.2103965336635882,3.0659295901627125928728800333031705809,2.38786777135784801199722418638893505854,3.25,2.78,4,4,53245.65,33410.42,6080.11
209985445,AUS / Doomben (AUS) 15th Feb,R6 1110m Hcap,15-02-2023 06:33,41465821,11. Secret Cash,0,16.773215245411272,16.3433941774351185287978065630542661751,13.1751084829319515237997343604192993806,18.5,14.5,1000,1000,4961.61,3600.9,70.83
209985433,AUS / Doomben (AUS) 15th Feb,R3 1640m CL1,15-02-2023 04:48,52621474,3. Seefeld,0,8.383851420735887,9.77080344806701601498471449961002244894,7.41548311302973457679751128826054341926,11,8.2,980,8.4,8971.71,5679.88,389.83
209985437,AUS / Doomben (AUS) 15th Feb,R4 1640m Mdn,15-02-2023 05:23,52621479,4. Not A Fat Boy,0,41.42132492829812,51.2754403022709950402498620486372490308,34.20098940475598915630055377955929527,90,40,44,21,1811.19,1088.18,77.61
209985437,AUS / Doomben (AUS) 15th Feb,R4 1640m Mdn,15-02-2023 05:23,52148034,5. Chaysen The King,0,4.3,4.89178759865693740128613102411014193573,4.44551038781331258921063281691130675856,5.7,4.3,880,4,33011.76,27388.14,1377.96
209985429,AUS / Doomben (AUS) 15th Feb,R2 1640m CL4,15-02-2023 04:13,38980550,4. Bulloo,0,5.2,5.22384533884541273366597847548730025212,4.42730672502682040123904894516165808057,5.5,4.9,880,880,20525.42,15660.54,335.78
209985441,AUS / Doomben (AUS) 15th Feb,R5 1200m CL6,15-02-2023 05:58,22551953,5. Oriental Runner,0,8.2,8.09782741717592302433174002999375375244,6.59057950188018720285996128371913637476,9.6,7,1000,4.1,10786.16,7612.8,729.14
209985441,AUS / Doomben (AUS) 15th Feb,R5 1200m CL6,15-02-2023 05:58,38590516,3. Jakama,0,6.895510881815533,7.35236627266468196647906509126249618649,5.72125082612454339470182769368296063949,8,6.4,1000,8,12573.77,8148.82,471.51
209985459,AUS / Sandown (AUS) 15th Feb,R1 1300m Mdn,15-02-2023 04:40,52621488,2. Any Zouwilldo,0,8,6.08813325764732908957437534804596792539,6.46384236161298343375943745889810913874,8.4,6.8,300,3.85,17213.32,15663.58,1549.74
209985486,AUS / Sandown (AUS) 15th Feb,R5 1300m CL1,15-02-2023 07:00,3153714,1. Dashing,0,7.661585917280318,5.03555166914091903742477591862159899283,5.11197942856708769088155536643919950184,8.2,5.1,890,5.4,47389.99,46267.26,1122.73
209985486,AUS / Sandown (AUS) 15th Feb,R5 1300m CL1,15-02-2023 07:00,51918255,4. Cradle Of Life,0,10.18941255054777,6.39573268619127148451453569417617241599,6.53210110957842614626211111172174257121,10,5.9,10,10,21835.32,21658.52,176.8
209985486,AUS / Sandown (AUS) 15th Feb,R5 1300m CL1,15-02-2023 07:00,52621510,8. Prudden,0,22.33854896986859,17.726154340404763833599033997272069793,17.4892270176321341245841904395454418393,32,22,22,3.8,6081.51,5697.56,383.95
209985486,AUS / Sandown (AUS) 15th Feb,R5 1300m CL1,15-02-2023 07:00,52621515,14. Spirit Beast,0,5.188004524359439,4.50160685073693877260511160822091959628,4.56505729225522122802872317475319231994,6,5,880,4.9,48671.5,48231.7,439.8
209985486,AUS / Sandown (AUS) 15th Feb,R5 1300m CL1,15-02-2023 07:00,52621517,17. Champinsky,0,34.722504834732405,41.6464989251080879481653718111973128953,21.5124255735244513001656237800880042145,90,32,60,34,5277.02,2563.56,48.92
209985493,AUS / Sandown (AUS) 15th Feb,R6 1000m Hcap,15-02-2023 07:30,51784109,14. Senegalia,1,4,3.14582875604396026595252637444236788228,2.98794249086516958280271434960968147916,4.5,2.86,4.4,1.1,74943.92,66473.42,8470.5
209985466,AUS / Sandown (AUS) 15th Feb,R2 1300m 2yo,15-02-2023 05:15,2819757,6. Celestial Storm,0,10.701579667278784,9.59368359628637213138443353322491681565,7.27013403881623256284857795600709591369,11,8.2,50,3.3,11358.65,6777.34,1362.41
209985500,AUS / Sandown (AUS) 15th Feb,R7 1800m Hcap,15-02-2023 08:00,20977709,3. California Longbow,0,77.18739391463517,103.485757034923527138590169371055386963,45.7014435532394170093634541847131540868,190,60,1,1001,2011.01,856.34,12.37
209985500,AUS / Sandown (AUS) 15th Feb,R7 1800m Hcap,15-02-2023 08:00,37083828,4. Cuffes Grange,0,38,33.8936594880589397782473248127691548625,23.4090736330988264312806869216509079063,38,30,42,42,3867.69,2554.32,44.57
209985473,AUS / Sandown (AUS) 15th Feb,R3 1000m 3yo,15-02-2023 05:50,52621502,5. Arctic Fairy,0,7,5.1673719991442623369603207743595813615,5.36992688552685607765481133915688758375,7.6,5.5,890,7.2,26350.46,25810.9,539.56
209986068,AUS / Redcliffe (AUS) 15th Feb,R7 1780m Pace M,15-02-2023 10:20,38177386,8. Shesfeelinspecial,0,19.56018702914472,22.8274278379762405828254688018651370111,11.8281139427322296391895813907534225428,30,19,1,1001,1619.41,672.76,255.29
209986068,AUS / Redcliffe (AUS) 15th Feb,R7 1780m Pace M,15-02-2023 10:20,41153574,2. Outer Change,0,4.480140445750148,4.48820010014490899379419862871978716347,3.4315850874735328835263155477372624849,4.9,4.5,880,4.3,6531.69,3773.06,209.23
209986062,AUS / Redcliffe (AUS) 15th Feb,R4 1780m Pace M,15-02-2023 08:53,12198660,6. Torque Writer,1,10.27797676778282,8.90494561094052016649242117072961010518,3.09447097087640692056465761559016437691,7,6.8,1,1001,5927.84,1336.78,4052.6
209986058,AUS / Redcliffe (AUS) 15th Feb,R2 1780m Pace M,15-02-2023 07:55,21163449,5. Artistic Saint,0,4.1,3.49182309393050410280565698628786655515,3.93557164698715957545514322942930101779,4.6,4,880,4.1,4957.78,4647.06,310.72
209986058,AUS / Redcliffe (AUS) 15th Feb,R2 1780m Pace M,15-02-2023 07:55,42362094,2. Master Charles,0,3.5,2.65491659946262385629063714597898514765,3.00118408171951479038093211321557778251,4.5,3.45,3.25,3.25,7283.45,6547.52,735.93
209986064,AUS / Redcliffe (AUS) 15th Feb,R5 2040m Pace M,15-02-2023 09:20,15887974,3. Vermont,0,11.129547532,9.49434094276722337276809414345226558635,8.2571063180501228154504923642745950618,10.5,8.6,6.8,6.8,2267.63,1602.58,224.85
209986064,AUS / Redcliffe (AUS) 15th Feb,R5 2040m Pace M,15-02-2023 09:20,42335874,5. Aurora Fig,0,7,6.79665516551973249473838872517571290593,6.14940602526007542341078690118056709054,8,6.6,1,1001,3250.98,2714.02,74.78
209986070,AUS / Redcliffe (AUS) 15th Feb,R8 1780m Pace M,15-02-2023 10:54,7245476,4. Rafferty Delights,0,48.63631823469011,23.0086987626445738043774743905867682913,26.0041086688225461248847854275046476387,100,46,910,910,640.11,620.11,20
209986072,AUS / Redcliffe (AUS) 15th Feb,R9 1780m Pace M,15-02-2023 11:25,41750066,8. Lurking,0,58.94369892968795,70.7468356839880890415427692177627819437,23.6465498731258249233935084016182580492,85,75,65,65,5.72,121.88,14.8
209986066,AUS / Redcliffe (AUS) 15th Feb,R6 1780m Pace M,15-02-2023 09:51,5508612,5. Payout,0,199.60714105161844,78.7122336949492760385643754685089740912,100.683687208700155359917141377524598654,250,95,200,200,193.1,165.17,12.43
209989341,AUS / Charlton (AUS) 15th Feb,R2 2100m Trot M,15-02-2023 02:11,12357164,7. Hellbound,0,21.228832698773196,8.99571714908745082986705212226307699314,13.2486080519949449359090088463621592345,28,28,980,900,553.9,541.06,12.84
209989341,AUS / Charlton (AUS) 15th Feb,R2 2100m Trot M,15-02-2023 02:11,12177574,1. Coconut Sunrise,0,195.2439836051274,55.9574759398661267409765888373060011356,76.6309616888193901485535574667709147772,440,60,980,400,76.74,73.9,2.84
209989345,AUS / Charlton (AUS) 15th Feb,R4 1609m Pace M,15-02-2023 03:13,39519150,6. Final Bow,0,11.5,14.0449156266525471810750212875619220022,10.6420453578780815625159501165421848682,12.5,11.5,980,980,1175.54,670.06,47.46
209989347,AUS / Charlton (AUS) 15th Feb,R5 2100m Trot S,15-02-2023 03:48,39378687,1. The Chook,0,11.5,7.73227631302065157503494904899881492446,8.90308498923458738063540588070936673077,13.5,11,1000,890,1216.86,1176.74,40.12
209989347,AUS / Charlton (AUS) 15th Feb,R5 2100m Trot S,15-02-2023 03:48,20233056,7. Blue Coman,0,8.97522479550273,5.25854681608805646991839145039136349341,5.87478524225232203543590065665975813149,9,7.8,890,10.5,2866.02,2785.52,80.5
209989349,AUS / Charlton (AUS) 15th Feb,R6 1609m Pace M,15-02-2023 04:23,45517217,6. Mister Mclintock,0,5.2,4.20123991740327667277458904661923795606,4.85535733283441371441987754458176962387,5.1,4.7,890,890,2725.89,2638.24,87.65
209989355,AUS / Charlton (AUS) 15th Feb,R9 1609m Pace M,15-02-2023 06:08,46521036,9. Lets Go Cresco,0,104.10760370612144,57.206835262626036095954627507542166005,35.2903278421138476594356548687000489317,60,60,990,990,61.31,11.95,2.9
209990829,AUS / Shepparton (AUS) 15th Feb,R6 1690m Trot M,15-02-2023 08:40,39867316,11. Normandy Belle,0,6.32070895,6.88447624602042513277370546059735508942,6.0237143040905582711602778492410599434,6.8,6.4,890,6.4,3109.6,2189.04,242.04
209990829,AUS / Shepparton (AUS) 15th Feb,R6 1690m Trot M,15-02-2023 08:40,41589920,1. Abbie,0,94.73207297669255,99.1553431629688432288152863805276985454,40.458000397535281256211488769628304512,110,80,70,70,251.55,86.99,8.9
209990829,AUS / Shepparton (AUS) 15th Feb,R6 1690m Trot M,15-02-2023 08:40,3782629,5. Meghan,0,101.82669372029602,104.881177984293264067071781532984832229,60.2109554933084344849050731403672580143,120,55,920,260,160.65,66.98,6.53
209990829,AUS / Shepparton (AUS) 15th Feb,R6 1690m Trot M,15-02-2023 08:40,39232228,4. Kyvalleyhoneybunny,0,4.9,4.2956681396236182821125050974523737682,5.07278839183406215653719336809858990249,4.6,3.8,880,12.5,5131.56,4110.44,248.78
209990835,AUS / Shepparton (AUS) 15th Feb,R9 1690m Pace M,15-02-2023 10:10,13443533,5. The Golden Cross,0,2.793327611757922,2.49249102203425686267517093965485155361,2.56065175060104118138231747820438083205,3.1,2.7,1,1001,12299.49,11761.38,538.11
209990835,AUS / Shepparton (AUS) 15th Feb,R9 1690m Pace M,15-02-2023 10:10,35261179,2. Beach Wreck,1,7,6.42378624460957055230586673636993225283,5.36632215637104588075394053882669611123,8.6,7,1,1001,4510.17,3366.3,1143.87
209990823,AUS / Shepparton (AUS) 15th Feb,R3 1690m Trot M,15-02-2023 07:14,41642852,6. Lindy Grace,1,37.852318611107776,34.9929694272507996471004890438393119717,3.0273526696961090599261573416642999148,44,44,15,1.01,2253.44,91.62,2084.86
209990831,AUS / Shepparton (AUS) 15th Feb,R7 2190m Pace M,15-02-2023 09:11,21861669,8. Rocky Creed,0,34,22.2365029119387948578932839543344339234,16.8384619010582384689716938886139197247,36,13,1000,1000,848.58,450.71,9.97
209990833,AUS / Shepparton (AUS) 15th Feb,R8 2190m Pace M,15-02-2023 09:42,52505296,3. Jacksboy,0,3.564995430661948,2.82976939104236227649912576127304966201,2.52573858345651197166131626413841154906,3.1,2.66,880,3.75,9214.26,5390.94,726.9
209990833,AUS / Shepparton (AUS) 15th Feb,R8 2190m Pace M,15-02-2023 09:42,40928346,4. Always Locksley,0,8.378697206216309,9.06798391354347891355105167481065487258,6.93611700506911165895681560067588155453,9.4,8.4,1,1001,1805.05,1113.2,67.83
209990833,AUS / Shepparton (AUS) 15th Feb,R8 2190m Pace M,15-02-2023 09:42,24053551,8. Ace Montana,0,5.70912602936456,5.62425608553811224107072941981220243936,4.46516673210201085657710559557543272678,5.8,5.2,1,1001,4686.56,2916.8,364.88
209990837,AUS / Shepparton (AUS) 15th Feb,R10 2190m Pace M,15-02-2023 10:40,52505298,4. All So Sassy,0,2.74497795,2.73810717775577317561125713149899535333,2.35108319600246429888223077946998726622,2.94,2.28,2.8,2.8,16978.46,10147.6,2456.36
209990839,AUS / Shepparton (AUS) 15th Feb,R11 1690m Pace M,15-02-2023 11:07,46427012,2. Well Thats Alright,0,7.6513854834830255,6.76926890254063509882357587827522561613,9.56355507490792023297856582030439351701,10.5,7,7,7,285.94,3454.48,358.62
209990839,AUS / Shepparton (AUS) 15th Feb,R11 1690m Pace M,15-02-2023 11:07,52505299,9. Tormentare,0,141.28765699,38.4910529581517115778497598017741732201,79.6247217812043650257809224643102061596,190,100,1,1001,2.94,184.98,1.33
209992479,AUS / Bathurst (AUS) 15th Feb,R1 2260m Pace M,15-02-2023 07:03,47179543,2. Sabella Shannon,0,316.07842727936804,94.006122718924721336161942990288101016,136.715707964601769911504424778761061947,130,75,980,930,36.16,25.16,2.96
209992479,AUS / Bathurst (AUS) 15th Feb,R1 2260m Pace M,15-02-2023 07:03,52505242,3. Mioan,0,404.982254805,117.72615714215875262605712276743832492,111.14358974358974358974358974358974359,270,85,990,920,54.6,30.56,2.46
209992481,AUS / Bathurst (AUS) 15th Feb,R2 1730m Pace M,15-02-2023 07:38,52505243,5. Justanotherforex,0,7.521416443378435,7.46928772453471716282844491096826887086,5.56147762794886060557394162216728707692,7.4,6.4,1,1001,1743.47,987.22,290.49
209992483,AUS / Bathurst (AUS) 15th Feb,R3 1730m Pace M,15-02-2023 08:03,52505246,9. Westray,0,99.53941001620376,119.630306644343019655512488245682438476,34.3637671774947837973954960788545938557,120,120,340,340,138.99,10.9,7.79
209992487,AUS / Bathurst (AUS) 15th Feb,R5 1730m Pace M,15-02-2023 09:02,25977472,3. Louis Litt,0,60,63.6901857117378860848139173099655785501,31.9069757982509660362009355297945901973,110,48,1,1001,245.85,82.49,18.06
209992489,AUS / Bathurst (AUS) 15th Feb,R6 1730m Pace M,15-02-2023 09:33,43229670,5. Our Uncle Nev,0,4.031259294,4.05430964477266680094417694829897513651,3.610729576542631379622438041196746882,3.85,3.7,1,1001,3115.78,2056.06,731.62
209992489,AUS / Bathurst (AUS) 15th Feb,R6 1730m Pace M,15-02-2023 09:33,28249571,1. Rocky Leigh,0,48,49.276392759740689331063168085975080306,35.4420803782505910165484633569739952719,55,44,1,1001,152.28,61.52,28.42
209992491,AUS / Bathurst (AUS) 15th Feb,R7 1730m Pace M,15-02-2023 10:00,42769367,6. Nuclear Bling,0,45.42879503930803,72.5642903181191447150838160009760465357,52.3188157047843810341128513194593434885,100,60,700,140,372.88,224.53,6.77
209992491,AUS / Bathurst (AUS) 15th Feb,R7 1730m Pace M,15-02-2023 10:00,50767420,5. Lady Rockabellum,0,4.2,6.73144915130568447197382600255452925832,5.2840224129029397138522256113977656781,8.4,6.4,1,1001,3157.11,2131.06,113.97
209992605,AUS / Ascot (AUS) 15th Feb,R7 1800m Hcap,15-02-2023 08:50,52621764,13. Kentucky Blue,0,12.390321288820592,12.5090013505886576974314218411218557851,8.50418197924967698509102444081670548003,20,11,14,9,10340.08,6379.94,231.48
209992589,AUS / Ascot (AUS) 15th Feb,R3 1100m Mdn,15-02-2023 06:19,52621750,12. Amber Glide,1,15.487708178,14.225691056100505039769639802182365907,8.59159094318567627389415118026513526531,18.5,12.5,13.5,13.5,7599.14,4153.44,483.5
209992589,AUS / Ascot (AUS) 15th Feb,R3 1100m Mdn,15-02-2023 06:19,52621746,5. Commanding Officer,0,27,22.0532868771722852612868738022467851905,14.5109362364393719769907993713666671753,27,18,1,1001,2621.56,1623.72,6.72
209992585,AUS / Ascot (AUS) 15th Feb,R2 1100m Mdn,15-02-2023 05:44,44389631,2. California Rising,0,18.638904206235896,13.3755480368496441292850490046180788736,13.8981550452605875243568556840884986311,21,15.5,890,17,4054.3,3953.22,101.08
209992585,AUS / Ascot (AUS) 15th Feb,R2 1100m Mdn,15-02-2023 05:44,52621738,4. Aroochacha,0,4.574946321342942,3.65006312583149331783053931699356496546,3.8150299118423395704145506348658926104,5.2,3.85,880,880,17745.48,17592.94,152.54
209992585,AUS / Ascot (AUS) 15th Feb,R2 1100m Mdn,15-02-2023 05:44,52621740,6. Dont Trust Judas,0,6.6,4.90369394310741251308589856847080688267,5.13165945525404209154432536738491975386,6.8,5,880,880,11079.66,10928.16,151.5
209992585,AUS / Ascot (AUS) 15th Feb,R2 1100m Mdn,15-02-2023 05:44,52621739,5. Bad Boy Bu,0,220.755881631,70.3006682957700968250624059844862617355,74.8563719489344692332675444075249206785,260,150,120,120,400.27,391.6,8.67
209992585,AUS / Ascot (AUS) 15th Feb,R2 1100m Mdn,15-02-2023 05:44,52621742,9. Marmooga,1,2.815943465646978,2.52383271106711035949019783666971669033,2.27112513557843555313347641687206172999,3.35,2.64,2.56,1.01,56517.1,45083.94,11433.16
209992593,AUS / Ascot (AUS) 15th Feb,R4 1000m CL1,15-02-2023 06:54,27998284,8. Old Town Predator,0,400.9318686748296,275.3741375078176550779306926925178889,124.859065628476084538375973303670745273,370,160,1,1001,359.6,137.64,3.18
209992597,AUS / Ascot (AUS) 15th Feb,R5 1500m CL1,15-02-2023 07:34,40940988,7. Miss Eugen,0,17.376408760756377,10.3358705597034671687364103530973622303,10.6821088554706811041829460825745132122,22,16.5,18.5,18.5,4389.49,4320.02,69.47
209992597,AUS / Ascot (AUS) 15th Feb,R5 1500m CL1,15-02-2023 07:34,46790885,9. Deep Encounter,0,260,74.0612968893721822921811175645809214392,76.1755943514270392659238515164154203659,390,200,1000,100,335.66,283.19,52.47
209992609,AUS / Ascot (AUS) 15th Feb,R8 1400m CL3,15-02-2023 09:30,52621767,3. Flower In The Wind,0,52.68166236525723,26.1505997186388924888072870215970834277,26.0528934294587225109403793717124603917,65,38,30,13,2534.19,2407.4,126.79
209992609,AUS / Ascot (AUS) 15th Feb,R8 1400m CL3,15-02-2023 09:30,52621770,10. Special Sort,0,34.45715094380837,20.436742242438783508954498945747913407,18.9265221175857767542597085715069018931,42,26,1,1001,2918.04,2608.3,309.74
209992581,AUS / Ascot (AUS) 15th Feb,R1 1000m 3yo,15-02-2023 05:09,52621735,1. Cut The Talk,1,1.9278403893670837,1.78111321080043929409769361971486217147,1.62604422007236886373515544108395182198,1.99,1.7,2.14,1.35,78171.74,58939,4548.72
209992581,AUS / Ascot (AUS) 15th Feb,R1 1000m 3yo,15-02-2023 05:09,52621737,4. Lotsamerit,0,41.567822190118314,50.6721121890019859237441660619130123967,36.7982397084710169543868317840709057781,65,40,1,1001,1619.05,1084.16,29.05
209983478,AUS / Strathalbyn (AUS) 15th Feb,R4 1200m Mdn,15-02-2023 04:20,5734596,11. Viva La Vida,0,32,33.099737407162073498101610903007673705,22.6265595699462432804100512564070508814,40,24,1,1001,1599.8,993.08,28.82
209983478,AUS / Strathalbyn (AUS) 15th Feb,R4 1200m Mdn,15-02-2023 04:20,52621205,9. Feisty Firefly,0,95.22820592318915,108.485845795703432731097299393472674929,41.1079815695600475624256837098692033294,130,100,990,90,538.24,163.68,11.84
209983490,AUS / Strathalbyn (AUS) 15th Feb,R6 1350m Hcap,15-02-2023 05:30,39670062,9. Whosezou,0,140,60.4866009251040503262796022349790365462,64.4906886379290179209606362655785000455,150,55,500,180,769.49,756.51,12.98
209983496,AUS / Strathalbyn (AUS) 15th Feb,R7 1600m Hcap,15-02-2023 06:05,52621215,5. Last Zerprise,0,2.62,2.21229959146867721359641003692576896463,2.27015837019571939831392292082256351519,2.68,2.06,1000,2.3,83535.92,73389.96,2473.2
209983502,AUS / Strathalbyn (AUS) 15th Feb,R8 1200m Hcap,15-02-2023 06:40,944398,5. Benevolent,0,16,17.0040238510734302443320502892827579195,12.3429023737154436242582139238674193082,18.5,14,1,1001,4421.76,2905.26,348.54
209983502,AUS / Strathalbyn (AUS) 15th Feb,R8 1200m Hcap,15-02-2023 06:40,25573706,13. Jive Baby,0,16.244023797863555,15.3651740460821824931854197320689838562,11.2464983450391539517235811738112537338,18,9.4,1,1001,3963.84,2602.9,59.9
209983466,AUS / Strathalbyn (AUS) 15th Feb,R2 1600m Mdn,15-02-2023 03:10,52621193,2. Social Group,0,3.472219675460047,2.77754762510922500459872499754157781579,2.95942194805019183983064495309420866224,3.6,3,880,880,16268.78,15855.84,412.94
209983484,AUS / Strathalbyn (AUS) 15th Feb,R5 1350m Hcap,15-02-2023 04:55,52621208,3. Parisienne Monde,0,7.920285229673025,5.56229655351999837612274498636034302261,5.82686691989250314980666703905760267128,8,6.6,890,890,6444.84,6206.38,238.46
209983484,AUS / Strathalbyn (AUS) 15th Feb,R5 1350m Hcap,15-02-2023 04:55,3332673,8. Pollyanna,0,15.634890886370322,10.2953976540249001575969247221762694638,9.99592776614112285601398563549666866925,17,13,15,8,3695.22,2941.68,753.54
209983460,AUS / Strathalbyn (AUS) 15th Feb,R1 2050m Mdn,15-02-2023 02:35,51936146,7. Wake Me Up Winston,0,134.14202636929053,74.4931989654488143182880543083259468823,91.1468086487890396727485228231932991364,230,120,1000,150,462.03,444.46,17.57
209983521,AUS / Randwick (AUS) 15th Feb,R4 1000m Hcap,15-02-2023 05:05,52205048,7. Latenighttoughguy,0,6.168902379842184,5.78994241111622304283706754967558516947,5.93584102723252385755295212972301962914,8.8,6,980,6.2,15466.8,14532.24,934.56
209983521,AUS / Randwick (AUS) 15th Feb,R4 1000m Hcap,15-02-2023 05:05,43378367,2. Distillate,1,21.25337715714064,12.1417980508329781799300417502897437905,9.16757683641163002357016727299128500196,24,14,13.5,3.3,7713.14,5081.24,2631.9
209983529,AUS / Randwick (AUS) 15th Feb,R6 1400m Hcap,15-02-2023 06:15,3519408,2. Flower Moon,0,14.5,8.03317765814014777211529886410660494658,8.20846796915852891170435181005643830691,14.5,11,7.4,7.4,10345.81,9787.16,558.65
209983525,AUS / Randwick (AUS) 15th Feb,R5 1800m Hcap,15-02-2023 05:40,1483595,7. The Guru,0,19,18.0516531543536133199491778119207472803,11.1669294376492424479411059321592058477,21,14,1,1001,4795.05,2615.4,749.47
209983525,AUS / Randwick (AUS) 15th Feb,R5 1800m Hcap,15-02-2023 05:40,52621170,8. Unamerican,0,14,14.2294163417767835757165429452842540177,10.3464665451430473739124786352545703301,15.5,13,13,10,7389.51,4655.54,525.89
209983509,AUS / Randwick (AUS) 15th Feb,R1 1100m 2yo,15-02-2023 03:20,52621160,8. Turbulent,0,7,5.68133844747773662921601515439833732217,6.15416888797465280456203806079098563221,9.28,6.6,890,890,7000.38,6725.22,275.16
209983513,AUS / Randwick (AUS) 15th Feb,R2 1550m Hcap,15-02-2023 03:55,259884,5. Atlantic Ocean,0,3.106273941,2.79210532350095615774533691720959969399,2.83971393070456855595113389857125846261,3.5,2.6,980,2.34,57946.1,55106.06,2840.04
209985425,AUS / Doomben (AUS) 15th Feb,R1 1050m Mdn,15-02-2023 03:38,52621471,8. Hallside Martini,0,19.85341218,18.2186935824545089944335167381346748884,18.6210441548518666628188690498276049246,32,19.5,1,1001,7276.89,7234.84,42.05
209985425,AUS / Doomben (AUS) 15th Feb,R1 1050m Mdn,15-02-2023 03:38,52621472,12. Set To Shine,1,6.909463570216614,6.33528354816113293634062407052414413279,5.15398170966736648733761973494292087653,9,6.6,7.4,5.8,19509.76,14313.16,5196.6
209985425,AUS / Doomben (AUS) 15th Feb,R1 1050m Mdn,15-02-2023 03:38,52621469,3. Milton Road,0,11.965597991792817,7.86524950364011551654838180762811235453,8.12559957799425814986681336843697122764,15,9.8,1,1001,8397.99,8352.54,45.45
209985433,AUS / Doomben (AUS) 15th Feb,R3 1640m CL1,15-02-2023 04:48,40062117,7. Easier Said,0,16.5,15.9497803342911424472364854208320509565,9.48051092433726868217079231439416509784,21,14.5,100,15,6209.53,2982.8,2202.95
209985433,AUS / Doomben (AUS) 15th Feb,R3 1640m CL1,15-02-2023 04:48,41909991,1. Snatch,1,25,23.025557750691792531098966437577862205,5.70923158778735992886406833714090891054,30,19,36,1.01,12348.19,2322.74,9049.59
209985433,AUS / Doomben (AUS) 15th Feb,R3 1640m CL1,15-02-2023 04:48,52621475,5. Wizard Of Visp,0,8.067327541,7.35165124925218092755139465732963201676,5.50626178321667497360869040285057101197,8.4,6.6,1,1001,9690.69,6293.46,191.35
209985437,AUS / Doomben (AUS) 15th Feb,R4 1640m Mdn,15-02-2023 05:23,49118426,11. Devine Falls,0,160,182.564554289789311848983927741839485397,98.990233371029094273671224426853089339,280,140,990,14,778.16,378.5,122.78
209985437,AUS / Doomben (AUS) 15th Feb,R4 1640m Mdn,15-02-2023 05:23,50478102,7. Preferral,0,9.4,8.1554353396598374703699824148739378287,6.06168298617292742270488398314640080707,9.4,6.6,890,890,6740.4,4282.64,150.18
209985441,AUS / Doomben (AUS) 15th Feb,R5 1200m CL6,15-02-2023 05:58,38903730,6. The Billionaire,0,4.64195486346439,4.82557343731254167573874420840625657177,3.54605937373934788110218266645619257377,5.3,3.9,880,2.7,31927.92,16668.92,7502.32
209985441,AUS / Doomben (AUS) 15th Feb,R5 1200m CL6,15-02-2023 05:58,5323458,8. Atlantic King,0,8,7.34386814614276463495093678271800366365,5.69799782535338007573769262494844587754,8.2,6.8,1000,30,8001.3,4616.46,135.82
209985449,AUS / Doomben (AUS) 15th Feb,R7 1350m Hcap,15-02-2023 07:10,18674091,4. Danawi,0,170,55.099939843212727381330376417744862029,57.2598467150293044796917906471576703963,180,70,330,330,975.96,970.64,5.32
209985449,AUS / Doomben (AUS) 15th Feb,R7 1350m Hcap,15-02-2023 07:10,41690737,10. Lolarosie,0,22,14.1888518171877478421027143578156382973,14.3684252056738913220092074668260386415,23,18,9,9,4283.48,3856.84,426.64
209985493,AUS / Sandown (AUS) 15th Feb,R6 1000m Hcap,15-02-2023 07:30,42412673,4. Tax Free Prophet,0,18.5,12.8786255433696397948071065375353459424,12.3886325442600902660131648712610084447,19.5,13.5,1,1001,12372.32,11587.92,784.4
209985506,AUS / Sandown (AUS) 15th Feb,R8 1400m Hcap,15-02-2023 08:30,26132604,6. Its Tornado Storm,0,54.255872006197464,32.571031349384706800216698877982967771,32.1623430528172667842689633703434678842,55,34,32,21,3854.8,3530.24,324.56
209985466,AUS / Sandown (AUS) 15th Feb,R2 1300m 2yo,15-02-2023 05:15,52621494,2. Apulia,0,10.5,8.88712380410050841438099109816212043139,7.49593235198302326350459000913991242852,10,8,50,50,14212.39,10421.78,345.77
209985500,AUS / Sandown (AUS) 15th Feb,R7 1800m Hcap,15-02-2023 08:00,41397800,8. Waitapu,0,22.36596068952168,22.4745530302591349322644160999926150561,14.2482121878720502085452294785975037649,28,21,21,14,3804.93,2191.16,130.47
209985473,AUS / Sandown (AUS) 15th Feb,R3 1000m 3yo,15-02-2023 05:50,2641750,4. Greece,0,2.594625488654706,2.32670307110967855927175324964019429034,2.35822814251152242818858639359912190596,2.74,2.24,880,1.83,121280.86,116899.86,4381
209985473,AUS / Sandown (AUS) 15th Feb,R3 1000m 3yo,15-02-2023 05:50,46836987,1. Manhattan Thunder,0,7.98795580637845,6.75766577566688527067587916947919727095,6.87808175618485139344245079527769084879,11,7.4,890,9,23806.15,23347.36,458.79
209985473,AUS / Sandown (AUS) 15th Feb,R3 1000m 3yo,15-02-2023 05:50,1316159,8. Hissy Fit,0,26,15.831946691429296563665967058734686131,16.5547825547418364715485933776580789896,27,19,1,1001,5157.39,5093.86,63.53
209985480,AUS / Sandown (AUS) 15th Feb,R4 1300m Hcap,15-02-2023 06:25,52621505,1. Pacific Ruby,1,2.452800089899247,2.52764010441765312147370257048134179173,2.22621990010832482682934793565249736287,2.68,2.36,5.2,1.22,112698.08,83433.02,10226.38
209986068,AUS / Redcliffe (AUS) 15th Feb,R7 1780m Pace M,15-02-2023 10:20,41988780,1. Shezamaterialgirl,0,46.23124198460981,54.5632602560990911093774235903204910558,40.175428995127462749805804674811100911,150,40,980,50,566.44,273.29,63.95
209986062,AUS / Redcliffe (AUS) 15th Feb,R4 1780m Pace M,15-02-2023 08:53,19965308,2. Caribbean Rocket,0,102.335414809658,111.274471152145617941390904437838251503,60.3586303564277132559070885062074489387,140,95,220,55,199.76,67.06,46.4
209986070,AUS / Redcliffe (AUS) 15th Feb,R8 1780m Pace M,15-02-2023 10:54,35382049,1. Torque In Control,0,3.5,2.74651455149275908399686199436456579277,3.05856922916458818941201012180632522198,4.8,3.4,25,25,8820.56,8410.46,410.1
209986070,AUS / Redcliffe (AUS) 15th Feb,R8 1780m Pace M,15-02-2023 10:54,13388451,9. Lara Bay,0,14.47494696825568,9.60772981201809656931118990814770716329,10.8800909724459897937008700083179089826,14.5,14.5,1,1001,1334.47,1283,51.47
209986070,AUS / Redcliffe (AUS) 15th Feb,R8 1780m Pace M,15-02-2023 10:54,9095713,3. Circle Line,1,3.9553298024556724,3.17929693507778554370589427154902443014,1.54839919030505896940621734138060820738,4.2,3.45,1.01,1.01,20936.28,4458.1,16478.18
209986072,AUS / Redcliffe (AUS) 15th Feb,R9 1780m Pace M,15-02-2023 11:25,49586604,4. Sunny Cove,0,2.66,2.88004268728956354712524830051784138489,1,3.4,2.54,2.52,2.26,0,8166.08,1939.28
209986074,AUS / Redcliffe (AUS) 15th Feb,R10 1780m Pace M,15-02-2023 12:01,52505282,2. Singer Snap,0,202.500372615736,131.782537222520055866955579681862157679,1,170,110,1,1001,0,51.77,3.22
209986056,AUS / Redcliffe (AUS) 15th Feb,R1 2040m Pace M,15-02-2023 07:22,43858024,8. Cant Bluff You,1,8.6,9.72392755613627729090862862899765407798,4.87160614029935808334257815134093366136,11.5,9.2,1.01,1.01,4597.17,1924.61,2044.96
209986066,AUS / Redcliffe (AUS) 15th Feb,R6 1780m Pace M,15-02-2023 09:51,52505279,3. Pretty Good Reason,0,4.997638078177715,3.92019038014266102729006962305684593118,4.1438436190115534741197663248626385557,5,4.8,1,1001,5756.71,4758.07,941.58
209986066,AUS / Redcliffe (AUS) 15th Feb,R6 1780m Pace M,15-02-2023 09:51,52505280,7. San Marea,1,2.2,1.98935942625777206712048826115534828169,1.85406588133636148134553768744312663929,2.44,2.08,2,2,20923.68,14916.54,5863.52
209989341,AUS / Charlton (AUS) 15th Feb,R2 2100m Trot M,15-02-2023 02:11,5499451,4. Cronk,0,159.314665746,23.3604913576085952659103832533155264823,68.3933945931548808096950326275136502863,100,90,1000,910,75.09,70.9,4.19
209989343,AUS / Charlton (AUS) 15th Feb,R3 1609m Pace M,15-02-2023 02:39,37199502,7. Miss Social Media,0,70.57335557319048,44.0919678292879030761642794275996898981,31.3153368983957219251336898395721925134,70,70,1,1001,233.75,104.27,15.68
209989345,AUS / Charlton (AUS) 15th Feb,R4 1609m Pace M,15-02-2023 03:13,42170484,4. Littleblabbamouth,0,6.833258603203884,5.91381455502624917738564828076386273196,4.45806019984778178782745329110505511772,5,5,7.6,7.6,1629.24,909.08,67.72
209989345,AUS / Charlton (AUS) 15th Feb,R4 1609m Pace M,15-02-2023 03:13,2913970,5. Straight Up,0,17.014421422466114,20.2669517384698231634967845377317961483,12.8968686144662094936505728927069849047,22,18,14,14,934.73,484.86,32.57
209989345,AUS / Charlton (AUS) 15th Feb,R4 1609m Pace M,15-02-2023 03:13,14349730,8. Markleigh Caz,0,12,10.3526232547887908277541576801800783675,10.7381570062444934628963902840569271433,12.5,10.5,70,48,1554.97,1252.52,62.15
209989349,AUS / Charlton (AUS) 15th Feb,R6 1609m Pace M,15-02-2023 04:23,52505308,5. Hey Goyougoodthing,0,7,5.65937153844509175105528372362677598221,7.15401510650937791733853857251973181702,7,7,980,890,1178.3,1158.52,19.78
209989351,AUS / Charlton (AUS) 15th Feb,R7 2100m Pace M,15-02-2023 04:58,24265714,7. Cee Cee In America,0,10.214566288,6.87611865746417635745040951651047730791,8.40604783599088838268792710706150341686,10,10,980,890,1404.8,1377.44,27.36
209989351,AUS / Charlton (AUS) 15th Feb,R7 2100m Pace M,15-02-2023 04:58,28672096,3. Gotta Smudge,1,1.644649351157468,1.54307567999678054436304606743638705773,1.4884510043360826235887034181577340605,1.8,1.55,1.45,1.41,19326.2,15473.92,3852.28
209989353,AUS / Charlton (AUS) 15th Feb,R8 2100m Pace M,15-02-2023 05:33,45943622,8. So She Said,0,7.878546411112184,9.94772387665017187486515875433374883912,6.80795551133844473522001016512928097931,8,8,1,1001,1849.46,960.62,307.72
209989353,AUS / Charlton (AUS) 15th Feb,R8 2100m Pace M,15-02-2023 05:33,16286449,4. Morgan Art,0,10.5,12.6824974363866221028619764735627657854,10.3784845792965605307720067734502956445,14.5,11,980,890,1440.92,845.8,190.1
209989357,AUS / Charlton (AUS) 15th Feb,R10 2100m Trot M,15-02-2023 06:43,52505315,1. Not As Promised,0,2.2837505953005897,2.41814860348895997683291675608820235814,2.11716795046455620193828730815669006127,2.6,2.32,1.85,1.85,12390.32,8534.26,1254.02
209989357,AUS / Charlton (AUS) 15th Feb,R10 2100m Trot M,15-02-2023 06:43,52505317,4. Ima Louie Touie,0,360,215.760048204230207215864194869399918806,69.3275284661754855994641661085063630275,120,120,990,150,74.65,9.37,6.28
209989359,AUS / Charlton (AUS) 15th Feb,R11 2100m Pace M,15-02-2023 07:08,39527918,4. Didshedoit,0,16.734257516,20.9823833003629691210643838790811205136,11.9017168533297565555630071759104017169,23,19,20,20,596.44,218.22,138.24
209989359,AUS / Charlton (AUS) 15th Feb,R11 2100m Pace M,15-02-2023 07:08,44344963,6. Chogi,0,6.782103679486318,7.57833260876916357486664745744796957681,5.54260323972127537630840698621459382824,8.6,6.4,1,1001,1657.55,987.72,80.97
209989359,AUS / Charlton (AUS) 15th Feb,R11 2100m Pace M,15-02-2023 07:08,52505321,5. Mister Excessive,0,30,30.9538209465483039185023538520925670074,10.7855195036161719954155633719321819547,1,1001,1,1001,253.03,50.78,16.23
209989339,AUS / Charlton (AUS) 15th Feb,R1 2100m Pace M,15-02-2023 01:40,10419820,6. Talk Is Cheap,0,13.629035903839396,7.62317992766671406127968438639220222994,9.44420431378595535454249541724486474448,12,9.6,1,1001,1167.42,1094.02,25.18
209989339,AUS / Charlton (AUS) 15th Feb,R1 2100m Pace M,15-02-2023 01:40,44081474,4. Thomas Royal,1,1.4971080784741853,1.46096459413921700729637484971849401584,1.38958797978799490629560929659198613768,1.72,1.45,1,1001,17197.7,13616.74,3580.96
209989339,AUS / Charlton (AUS) 15th Feb,R1 2100m Pace M,15-02-2023 01:40,52505302,1. Festinalente,0,16.27828559817761,7.42410359988918603795857820849733812249,11.4009559326098686971640985670603753223,22,16.5,980,980,833.95,696.8,21.39
209990821,AUS / Shepparton (AUS) 15th Feb,R2 2190m Trot M,15-02-2023 06:48,51736389,2. Dona Amalia,0,20.514981497712427,6.4807274101511666874576880489289310356,10.2600055819145967066703879430644711136,23,23,1000,990,429.96,395.94,34.02
209990821,AUS / Shepparton (AUS) 15th Feb,R2 2190m Trot M,15-02-2023 06:48,52505291,4. Maoris Return,0,3.2000287895098234,2.45478264247084321772744339730092299352,2.82261109442251996707124397777538277386,3.25,2.38,1000,880,4360.93,4088.98,271.95
209990821,AUS / Shepparton (AUS) 15th Feb,R2 2190m Trot M,15-02-2023 06:48,52505292,6. Luckyspeed,1,22,11.3443907581338019276562707484556020728,2.74088894821142552055525894287239722371,19.5,19.5,13.5,1.01,2996.8,343.7,2653.1
209990835,AUS / Shepparton (AUS) 15th Feb,R9 1690m Pace M,15-02-2023 10:10,24141121,6. Feeling Enerjetic,0,9.595646684242674,7.10176713754216242079639267094762430802,7.77248117195735570601084582196767988524,10,9.4,1,1001,1840.34,1773.62,66.72
209990835,AUS / Shepparton (AUS) 15th Feb,R9 1690m Pace M,15-02-2023 10:10,25521031,4. Bronski Moment,0,82.48535977423424,39.2514913585378161887512983437986186709,47.1172397181911242247245137592581441561,120,80,1,1001,166.07,158.91,7.16
209990835,AUS / Shepparton (AUS) 15th Feb,R9 1690m Pace M,15-02-2023 10:10,41321420,9. Occiano,0,25.970723158681096,11.3142580708121348488948454045918624682,12.5468021319120586275816122584943371086,22,22,1,1001,660.44,596.22,64.22
209990841,AUS / Shepparton (AUS) 15th Feb,R12 1690m Trot M,15-02-2023 11:32,24730150,6. Im Ready Jet,0,2.1588848613041574,1.66914633679554402481601211590570462684,1.85939248048077241314395447492900993914,2,1.8,1,1001,61.16,8190.5,507.26
209990841,AUS / Shepparton (AUS) 15th Feb,R12 1690m Trot M,15-02-2023 11:32,38778739,4. Sleepee,0,3.725716891721531,3.60300496068498676451751417428885115896,3.69992900885962718742500197197612146702,5,3.1,3.2,3.2,5.72,6346.66,743.2
209990825,AUS / Shepparton (AUS) 15th Feb,R4 1690m Pace M,15-02-2023 07:47,21560844,5. Hancocks Hero,0,1.933724595,1.84164251756133945192099803873554434735,1.85750057155207477475960872712501975317,1.98,1.76,3.4,3.4,18414.77,15148.38,692.03
209990827,AUS / Shepparton (AUS) 15th Feb,R5 2190m Pace M,15-02-2023 08:13,28416889,5. Madam Reactor,0,23,12.0306056838065107579882688483281280844,16.7538129748003652684139967747576210923,25,22,900,900,514.69,486.7,27.99
209990839,AUS / Shepparton (AUS) 15th Feb,R11 1690m Pace M,15-02-2023 11:07,39859073,7. Our Tempo,0,5.313334983,4.47454757677164893609504833659963889379,7.07509975434636887593743303136395390835,6.2,5.1,1,1001,262.76,3994.08,33.48
209992481,AUS / Bathurst (AUS) 15th Feb,R2 1730m Pace M,15-02-2023 07:38,43509969,1. Satellite Simba,0,4.148780484210874,4.4317211439896255635800314526887201343,3.77167687937033858272955296966793743305,4.9,4,1,1001,3006.06,1896.56,157.2
209992481,AUS / Bathurst (AUS) 15th Feb,R2 1730m Pace M,15-02-2023 07:38,50743919,10. Diletto,0,10.166386103571423,13.1245920226640934575887759070697717343,10.0470036142070505421310575813196586372,13,11.5,1,1001,1056.94,644.72,31.24
209992481,AUS / Bathurst (AUS) 15th Feb,R2 1730m Pace M,15-02-2023 07:38,19487076,3. Arena Queen,0,15.034383482411505,10.4227795892753754415178245352042966527,10.1364788793817759984649065424636505569,13,11,170,29,1146.51,664.94,243.33
209992487,AUS / Bathurst (AUS) 15th Feb,R5 1730m Pace M,15-02-2023 09:02,27456030,6. Dont Need An Excuse,1,3.578672125,2.89346068503248506599794360422458739147,2.31574520833333333333333333333333333333,3.8,1.88,2.5,1.4,9600,5219.02,3193.7
209992489,AUS / Bathurst (AUS) 15th Feb,R6 1730m Pace M,15-02-2023 09:33,25309801,7. Fashion Icon,1,1.7235573385325376,1.67745945068214468804804678052070632374,1.55920313672177758619975048804041927957,1.8,1.34,1.07,1.07,9650.84,6889.96,1698.52
209992491,AUS / Bathurst (AUS) 15th Feb,R7 1730m Pace M,15-02-2023 10:00,52505250,4. Saint Karamara,0,7.121092067172286,10.1411077560270500901092608909380012051,8.28783732799920272780985058264936396187,13,8.8,1,1001,2809.58,2056.28,70.62
209992493,AUS / Bathurst (AUS) 15th Feb,R8 1730m Pace M,15-02-2023 10:30,25522420,2. Karinya Max,0,2.52,2.58272576047287332119403773045266049159,2.27580644158638220583724000740567561249,3.2,2.3,2.02,1.8,7399.73,5002.08,758.71
209992493,AUS / Bathurst (AUS) 15th Feb,R8 1730m Pace M,15-02-2023 10:30,52505253,8. Laylalou,0,52.73310291385452,69.6137140580119761868041028153248467147,33.4396145385985126217659997905101078873,140,60,200,50,286.41,57.94,28.43
209992601,AUS / Ascot (AUS) 15th Feb,R6 1200m CL3,15-02-2023 08:10,11977193,3. Predetermined,0,5.5,5.74308717416976071359423129319511165658,5.00259776342204969280682818667093385832,7.2,5.4,3,3,15685.57,12310.9,975.05
209992605,AUS / Ascot (AUS) 15th Feb,R7 1800m Hcap,15-02-2023 08:50,25088792,8. My Fair Balentine,0,12.796588943488896,14.3010046466493318086107558567913972733,9.29785666051650706382164182675691627098,17.5,13,1,1001,9403.55,5516.82,110.19
209992589,AUS / Ascot (AUS) 15th Feb,R3 1100m Mdn,15-02-2023 06:19,52621747,7. Hey Gee Gee,0,33.04232754812047,40.1685948379619440606793170895076860498,30.6011834203591406487259617739549555728,85,29,1,1001,2041.54,1538.92,2.1
209992589,AUS / Ascot (AUS) 15th Feb,R3 1100m Mdn,15-02-2023 06:19,52621749,11. Scottish Gem,0,117.66590766337234,140.788579307190550519460835019664258382,43.6609955891619407687460617517328292376,190,120,250,220,1063.29,300.85,9.84
209992589,AUS / Ascot (AUS) 15th Feb,R3 1100m Mdn,15-02-2023 06:19,52621752,14. Shes Imminent,0,40,32.1237200392790106388896020127241364531,20.0963053119902120717781402936378466558,40,26,1,1001,1569.28,934.62,7.36
209992589,AUS / Ascot (AUS) 15th Feb,R3 1100m Mdn,15-02-2023 06:19,1006584,8. Spinifex Fairy,0,76.71978701632469,60.0550520079374018432986688077855832252,38.562135884112738151472209100928987561,85,50,1,1001,1016.16,602.74,6.5
209992593,AUS / Ascot (AUS) 15th Feb,R4 1000m CL1,15-02-2023 06:54,52621755,5. Rakiura,0,20.355993414290722,18.0593212978223442290160546983590815231,12.4863654504589661184279622744554372256,20,15.5,15.5,15,3808.56,2135.28,395.76
209992593,AUS / Ascot (AUS) 15th Feb,R4 1000m CL1,15-02-2023 06:54,52621756,6. Toppa The Mountain,0,28.146134064,23.979355644670734360663998173726645449,15.1479744771520106307014964697975813627,28,20,38,38,2618.83,1316.56,325.83
209992597,AUS / Ascot (AUS) 15th Feb,R5 1500m CL1,15-02-2023 07:34,47017275,2. Kelvinater,0,12.346225927735905,9.48483648435013581204936321239677023398,9.254628729500965015053358044148479704,13,10,6.4,6.4,9124.21,8352.38,771.83
209992597,AUS / Ascot (AUS) 15th Feb,R5 1500m CL1,15-02-2023 07:34,41591831,11. Vitai Lampada,0,290.50265073729213,169.99654819006011332080613869463859532,172.780576410753209009445386292080406878,500,180,960,960,330.32,328.58,1.74
209992597,AUS / Ascot (AUS) 15th Feb,R5 1500m CL1,15-02-2023 07:34,45120317,6. Master Safari,0,29,19.4399513750277929766639959374059953592,19.6052697461574767601731957070447969465,50,21,26,26,2436.55,2316.88,119.67
209992609,AUS / Ascot (AUS) 15th Feb,R8 1400m CL3,15-02-2023 09:30,38079128,13. Sea Waif,0,157.49131434,61.7536685192586676795513039743750192663,61.3953422690845758264000847288089718394,250,85,75,23,849.77,801.66,48.11
209992609,AUS / Ascot (AUS) 15th Feb,R8 1400m CL3,15-02-2023 09:30,52621765,1. Noble Born,0,5.606236319,4.21353490465116581270979498379777434248,4.26152590001926064081121939255541591206,7,4.1,10,10,28867.16,28662.56,204.6
209992609,AUS / Ascot (AUS) 15th Feb,R8 1400m CL3,15-02-2023 09:30,52621769,9. Rock My Way,0,6.056017048,4.22513213723516164760430650323905612103,4.26624925002430088857456015391680046121,7.2,5.3,1,1001,23867.44,23719.72,147.72
209983478,AUS / Strathalbyn (AUS) 15th Feb,R4 1200m Mdn,15-02-2023 04:20,27140115,1. Dante Alexander,0,13.65039864555911,14.3711756209283012519906043714117304185,9.04223964067109956404949579461887357435,16,14,1,1001,4541.8,2503.66,33.74
209983478,AUS / Strathalbyn (AUS) 15th Feb,R4 1200m Mdn,15-02-2023 04:20,52621204,8. Bonniesix,0,37.745741418,35.947405806176782736286924725416395568,24.8634604504923975027160716341989716477,42,25,36,36,1997.37,1306.12,19.97
209983490,AUS / Strathalbyn (AUS) 15th Feb,R6 1350m Hcap,15-02-2023 05:30,37549757,5. Strictly Physical,0,90,46.1692807682023330077832833275328092133,49.3213635832456887197208727734094589406,120,60,990,250,1198.02,1182.37,15.65
209983496,AUS / Strathalbyn (AUS) 15th Feb,R7 1600m Hcap,15-02-2023 06:05,41110758,7. Excelsa,0,59.92822991824524,55.2774675373463806360059217113802110517,36.654332490350059896179954745108478637,65,42,1,1001,901.56,562.06,13.72
209983502,AUS / Strathalbyn (AUS) 15th Feb,R8 1200m Hcap,15-02-2023 06:40,28719886,8. Lil Piper,0,4.767492597704987,5.26343551256197071515493137014211334446,4.67547230067513363876912263187517031144,7,4.7,890,890,19633.15,16089.24,356.87
209983466,AUS / Strathalbyn (AUS) 15th Feb,R2 1600m Mdn,15-02-2023 03:10,46968617,3. Stay At Home,0,55,33.7857754377858780980342155897606616064,35.3944179065121043397125789799292096429,80,32,50,50,986.01,957.04,28.97
209983466,AUS / Strathalbyn (AUS) 15th Feb,R2 1600m Mdn,15-02-2023 03:10,52621194,6. Thats Unfortunate,0,5.3,4.57880560702317920907660045035016117348,6.74998206151270371054891771126645720312,7,5.3,1000,10,9198.1,8748.44,449.66
209983484,AUS / Strathalbyn (AUS) 15th Feb,R5 1350m Hcap,15-02-2023 04:55,51009453,2. Swamp Vixen,0,12.556207997146995,8.99591069237780345309094790360440203815,9.19110179747749894802694540539131535732,14,11,890,10,5370.86,5094.64,276.22
209983484,AUS / Strathalbyn (AUS) 15th Feb,R5 1350m Hcap,15-02-2023 04:55,52621210,5. Quebecois,0,32.202506279158506,18.6001811757912483119977668675487922698,19.8240380723423567074292583007273485508,40,23,90,32,2445.87,2390.5,55.37
209983460,AUS / Strathalbyn (AUS) 15th Feb,R1 2050m Mdn,15-02-2023 02:35,52384807,2. Bull Andt,0,16.248797358,16.0593978072693290841846632406423213351,16.8912582593857422599522928437017335998,27,15,990,16.5,4447.97,4267.24,180.73
209983460,AUS / Strathalbyn (AUS) 15th Feb,R1 2050m Mdn,15-02-2023 02:35,45967609,1. Bonjour Blue,0,2.390743557,1.98198304537523027522943839635938318083,2.08734612130298097296936559880446466664,2.46,2.02,14,1.98,41956.1,40021.84,1934.26
209983460,AUS / Strathalbyn (AUS) 15th Feb,R1 2050m Mdn,15-02-2023 02:35,46968627,5. Kemi,0,70,42.820883374911553998913094618036520099,41.3731269152341569552191198751466684893,100,46,990,23,877.83,726.44,151.39
209983517,AUS / Randwick (AUS) 15th Feb,R3 1400m 3yo,15-02-2023 04:30,44563143,13. Whisker To Whisker,0,33.127342613742435,38.6327282744628858215161750652341642941,29.2413440253936432360188781689846719292,48,26,60,24,2873.16,1930.3,266.32
209983517,AUS / Randwick (AUS) 15th Feb,R3 1400m 3yo,15-02-2023 04:30,52621166,9. Mountain Guest,0,41.34702877583274,46.7045425914480248082420454027664062925,35.0146217270615523447123451240894445912,80,17.5,21,15,2914.43,2072.31,135.6
209983529,AUS / Randwick (AUS) 15th Feb,R6 1400m Hcap,15-02-2023 06:15,52545645,5. So Dazzling,0,15.932012666825903,11.3140661893485214764531096530042398242,11.6814503412018939969250528256739436864,16.5,11.5,28,28,7505.82,7350.64,155.18
209983529,AUS / Randwick (AUS) 15th Feb,R6 1400m Hcap,15-02-2023 06:15,43547955,6. Arranmore,0,5.4,3.9076785798348545909501036570659793012,3.86963451922715491336622434179458054459,5.4,4.4,3.15,2.86,23145.13,21057.76,2087.37
209983529,AUS / Randwick (AUS) 15th Feb,R6 1400m Hcap,15-02-2023 06:15,50354458,1. Takissacod,0,60,31.4656254165118740990037083948980391949,32.7204307624837063115962332647069572527,65,42,990,95,2462.61,2396.96,65.65
209983529,AUS / Randwick (AUS) 15th Feb,R6 1400m Hcap,15-02-2023 06:15,51202685,4. Powerful Peg,0,3.706929113140977,3.41754149700924289151689298255512459112,3.42890804337304733758276611300470595504,8,3.45,4.4,3.5,58266.6,54815.92,3450.68
209983533,AUS / Randwick (AUS) 15th Feb,R7 1400m Hcap,15-02-2023 06:50,11618971,10. Captain George,0,14.765158008,18.2147933540190186957819000934391980768,13.6660406175857241228513897636895884394,37.5,13.5,980,10,6128.38,3906.18,613.38
209983525,AUS / Randwick (AUS) 15th Feb,R5 1800m Hcap,15-02-2023 05:40,27788318,11. Segrill,0,85,86.8562889329306631952102676967688581215,54.2498699146814726530137643348207148152,110,75,990,990,1376.02,816.84,10.82
209983509,AUS / Randwick (AUS) 15th Feb,R1 1100m 2yo,15-02-2023 03:20,52621158,6. Mafia,0,21.40773905057387,13.2046615528714914575788117095480404097,11.5176261324135833208633940639818274144,24,16,550,7,4076.47,2989.67,1086.8
209985445,AUS / Doomben (AUS) 15th Feb,R6 1110m Hcap,15-02-2023 06:33,38197720,7. Star Magnum,0,15,13.0160553499394538226200202800524623853,10.3765334003607652955614040275601029068,15,12.5,13.5,7,6763.4,4908.02,436
209985445,AUS / Doomben (AUS) 15th Feb,R6 1110m Hcap,15-02-2023 06:33,52621483,14. Vonzither,0,7.400196707,8.20305264759503600995867491241244230983,6.60455079250768413640157449918333171375,12,7.6,110,5.5,15024.46,10860.46,1741.82
209985425,AUS / Doomben (AUS) 15th Feb,R1 1050m Mdn,15-02-2023 03:38,52621470,5. Pride Of Passion,0,280,128.814129269438345307483009223800282729,131.323754440295108844157027051644047727,340,150,990,940,439.16,437.54,1.62
209985437,AUS / Doomben (AUS) 15th Feb,R4 1640m Mdn,15-02-2023 05:23,43837920,12. Tantalum,0,79.8728492767294,84.0022305089534320620896551952916889733,57.9466781836588741211327519109847957127,110,75,27,19,1076.67,677.66,126.91
209985429,AUS / Doomben (AUS) 15th Feb,R2 1640m CL4,15-02-2023 04:13,970170,1. Ghostwriter,0,3.8,3.27003339547926426138284357503131043401,2.91986839505940566117607217105820155593,3.75,3,880,2.52,48899.38,37513.88,2666.8
209985441,AUS / Doomben (AUS) 15th Feb,R5 1200m CL6,15-02-2023 05:58,38668641,7. Harlequin Field,1,7.080424352442787,6.50872203248262578725699281710098224829,3.97230544577101027627863595840516785627,7.4,5.5,9.2,9.2,17969.54,8371.3,6307.66
209985449,AUS / Doomben (AUS) 15th Feb,R7 1350m Hcap,15-02-2023 07:10,2047655,7. Michigan,0,8.65531347145647,6.57855856622658300416287698644902721153,6.62882562817758443534074380496136857978,9.6,6.2,980,5.3,23980.48,23316.34,664.14
209985459,AUS / Sandown (AUS) 15th Feb,R1 1300m Mdn,15-02-2023 04:40,41663648,7. Valenconi,0,13.5,11.4720332589563522079601853361350079144,11.824735943671324181176374781140668214,25,12,10,10,9578.07,9256.19,321.88
209985486,AUS / Sandown (AUS) 15th Feb,R5 1300m CL1,15-02-2023 07:00,52621511,9. Hes Handsome,0,5.607803509645109,4.92277903298106658634289738135022833401,5.03021408545822966162522503131148945887,9.6,5.6,890,6,35122.89,34554.44,568.45
209985493,AUS / Sandown (AUS) 15th Feb,R6 1000m Hcap,15-02-2023 07:30,52621520,6. Toris Dee,0,7.3082039591710855,5.832229037745192987000521242833055746,5.93495267678477236654350948916284616277,8.6,6.8,6.6,5.7,25081.77,24706.2,375.57
209985506,AUS / Sandown (AUS) 15th Feb,R8 1400m Hcap,15-02-2023 08:30,27271279,3. Our Destrier,0,208.9627999853715,100.853163200655013774994804959206356925,102.544052404999507059996275564416304264,240,75,70,70,912.89,883.65,29.24
209985506,AUS / Sandown (AUS) 15th Feb,R8 1400m Hcap,15-02-2023 08:30,52621533,16. Sabar,0,4.6,4.31753824755792723103586788672243614581,4.36914612932769425379579025751522465764,6.8,4.6,5,4.3,47835.23,46629.92,1205.31
209985466,AUS / Sandown (AUS) 15th Feb,R2 1300m 2yo,15-02-2023 05:15,52621499,8. Miss Rubydoo,0,57.622049217,55.6321579540876329918408631030706711301,33.0611132272200868758921323068281065442,75,46,360,160,2599.11,1388.72,27.87
209985500,AUS / Sandown (AUS) 15th Feb,R7 1800m Hcap,15-02-2023 08:00,41375296,10. Black Penn,0,25,25.4253653517533926338046542653633052236,17.0123080220722404203398773275881020951,32,18.5,16,16,7277.92,4600.88,370
209985500,AUS / Sandown (AUS) 15th Feb,R7 1800m Hcap,15-02-2023 08:00,52621522,6. Bold Bourbon,0,14.148374733,13.8300454171199471981052149208544855943,9.88108148373751602137028717909671197066,15,13,10,10,7880.1,5174.28,477.06
209985480,AUS / Sandown (AUS) 15th Feb,R4 1300m Hcap,15-02-2023 06:25,46108858,5. Allegretta,0,14.431692137679672,15.1216620454079883741671267701904965235,10.0947100873555565662792261770549168105,17.5,13,12,12,10333.63,5921.84,1143.77
209985480,AUS / Sandown (AUS) 15th Feb,R4 1300m Hcap,15-02-2023 06:25,52621507,10. Niccolite,0,21.769865942253382,20.0251975601309796747376035629576255346,15.1837304478689283695718789793736508434,26,17.5,15,14,8811.06,6180.82,255.22
209986060,AUS / Redcliffe (AUS) 15th Feb,R3 1780m Pace M,15-02-2023 08:20,19132982,1. Getaloadathisgirl,0,18.46239909737254,20.7702305649036295053135177406592330401,8.13246275916580531403903447437222593786,28,15,1,1001,1315.76,331.98,421.62
209986060,AUS / Redcliffe (AUS) 15th Feb,R3 1780m Pace M,15-02-2023 08:20,28420033,3. Tactfilly Miracle,1,5.055733845311478,5.73598434803358681302409533440539200314,2.8118127901534309015161162813390513647,10,4.1,5.6,1.01,12092.74,3676.18,7072.14
209986060,AUS / Redcliffe (AUS) 15th Feb,R3 1780m Pace M,15-02-2023 08:20,28719528,4. Datsinahurri,0,39.805042454269724,39.2991995527072668700068332823538587504,35.9591133645345813832553302132085283411,36,36,900,65,307.68,99.7,53.82
209986060,AUS / Redcliffe (AUS) 15th Feb,R3 1780m Pace M,15-02-2023 08:20,42140501,2. Beach On Fire,0,3.05,3.42854325663961998557318219052789518458,2.95265079908524647840701235371226121547,3.85,3.3,1,1001,5286.67,3364.98,243.05
209986062,AUS / Redcliffe (AUS) 15th Feb,R4 1780m Pace M,15-02-2023 08:53,22970861,9. Whata Reactor,0,45.651555009,43.8410304691150366659372484824571420891,23.9889492698624730562555025957072163697,42,42,95,42,329.39,95.08,33.99
209986064,AUS / Redcliffe (AUS) 15th Feb,R5 2040m Pace M,15-02-2023 09:20,606558,8. Teachers Pet,0,14.913407285546278,15.3357934278361865084464430057774344447,9.82226360532630829907872126208374022513,15.5,14.5,1,1001,1320.99,645.6,42.87
209986072,AUS / Redcliffe (AUS) 15th Feb,R9 1780m Pace M,15-02-2023 11:25,41897314,1. Lookat Mee,0,8.867462225726484,9.5860374566489978589790137359032533935,1,11,7.4,1,1001,0,2422.3,116.74
209986072,AUS / Redcliffe (AUS) 15th Feb,R9 1780m Pace M,15-02-2023 11:25,47602419,5. The Egg Counter,0,3.15,3.04345050592807018169488224076190054158,1,3.3,2.16,1,1001,0,8271.26,258.84
209986074,AUS / Redcliffe (AUS) 15th Feb,R10 1780m Pace M,15-02-2023 12:01,12124592,7. Sunrise Ruby,1,2.6076880426784177,2.61662432284095016888689046739978089273,1,2.74,2.4,1,1001,0,9525.42,651.76
209986074,AUS / Redcliffe (AUS) 15th Feb,R10 1780m Pace M,15-02-2023 12:01,44081473,9. Tuffy,0,490.76260602273055,126.671692876073381224251440764745644474,1,240,180,1,1001,0,26.33,2.56
209986056,AUS / Redcliffe (AUS) 15th Feb,R1 2040m Pace M,15-02-2023 07:22,39539751,6. Be Rock Hard,0,48.551407372204295,54.3223765659705180124343038682783873716,21.5144613143338417063121713596321504177,65,55,990,170,439.31,102.76,130.33
209986066,AUS / Redcliffe (AUS) 15th Feb,R6 1780m Pace M,15-02-2023 09:51,42590026,1. Heavenly Sea,0,22.901931016887538,15.9115038970345134563024997602668980827,19.5816651638112413585813044785091674181,29,18.5,900,30,1164.45,1048.04,108.53
209989341,AUS / Charlton (AUS) 15th Feb,R2 2100m Trot M,15-02-2023 02:11,26779232,2. Dynamic Diesel,0,11.908320916881788,7.22234254889441192521465925963440360437,8.88221878145080126964465433150112255168,12,10.5,980,890,1291.7,1267.66,24.04
209989341,AUS / Charlton (AUS) 15th Feb,R2 2100m Trot M,15-02-2023 02:11,6631507,10. Right Of Reply,0,15.92641606,7.12813648468998744306269236435977836717,10.3282428460331896608538626807439334625,1,1001,980,890,758.67,731.46,27.21
209989343,AUS / Charlton (AUS) 15th Feb,R3 1609m Pace M,15-02-2023 02:39,36387632,5. Im Eugene,0,3.5,4.10896878094820013983038417243820824699,3.178064643923599934633078633435180279,5.5,3.4,1,1001,4038.74,2160.4,105.44
209989345,AUS / Charlton (AUS) 15th Feb,R4 1609m Pace M,15-02-2023 03:13,42492779,1. Royal Cadence,1,3.800982076,3.38721939594416930513977727910890727524,2.42054682280605510865845776143480220956,3.4,3.2,1,1001,7364.36,3520.36,2642.18
209989349,AUS / Charlton (AUS) 15th Feb,R6 1609m Pace M,15-02-2023 04:23,11044696,2. Aussiepride,0,7,6.37918422652149607930787659783748177798,5.68408551619859277141556198936416979527,9.2,7,1,1001,2327.98,1766.42,561.56
209989349,AUS / Charlton (AUS) 15th Feb,R6 1609m Pace M,15-02-2023 04:23,21861428,8. Delightful Mia,0,29.638959173783654,13.0046488800102348175321174421773333647,15.4542405376025298942583259215337483941,34,16.5,980,14,1011.9,778.3,233.6
209989349,AUS / Charlton (AUS) 15th Feb,R6 1609m Pace M,15-02-2023 04:23,28309648,9. Do Not Surrender,0,36.45657208756544,12.0258931049955939817649381110611809913,17.3954782301510200476905413759604345138,38,30,900,17.5,226.46,197.28,29.18
209989351,AUS / Charlton (AUS) 15th Feb,R7 2100m Pace M,15-02-2023 04:58,23200676,8. Sammys Ideal,0,68.6454778091835,25.6561724520479473901906441310482270956,32.0183343085625121903647357128925297445,75,65,990,990,153.81,150.78,3.03
209989353,AUS / Charlton (AUS) 15th Feb,R8 2100m Pace M,15-02-2023 05:33,14048690,2. Asharah,0,135.82235743687482,44.3471768343511751589101324369833237514,30.0239033359600735487260309955345416338,34,34,38,38,152.28,45.06,29.66
209989353,AUS / Charlton (AUS) 15th Feb,R8 2100m Pace M,15-02-2023 05:33,17869480,5. Bettor Sport,1,12,12.1946768963866743892748792904210447658,4.16358521634844187241819116331309131751,12,11.5,18.5,18.5,2101.24,438.86,1303.7
209989355,AUS / Charlton (AUS) 15th Feb,R9 1609m Pace M,15-02-2023 06:08,52505312,1. Ideal Copy,2,4.478628612507601,3.57408294146235232993406993543414430484,2.96153370326571454561993996179386882562,3.9,3.55,1,1001,3297.9,2225.7,361.64
209989355,AUS / Charlton (AUS) 15th Feb,R9 1609m Pace M,15-02-2023 06:08,39296450,6. All Saints Beach,0,50,47.2265207763260003129667167016272089835,44.5075217735550277117973079968329374505,55,46,990,900,126.3,55.06,20.76
209989357,AUS / Charlton (AUS) 15th Feb,R10 2100m Trot M,15-02-2023 06:43,52505319,10. Poppy Popstar,0,8.815311992,7.66044945620551261667007583298320510973,6.84144613088648905725976400744549129583,8.8,5.9,1,1001,2439.06,1899.78,135.56
209989357,AUS / Charlton (AUS) 15th Feb,R10 2100m Trot M,15-02-2023 06:43,52505316,2. Aldebaran Yeurial,0,291.4238152692308,120.612937172966587314400673001514678527,64.742632144135544684405202243169072903,1,1001,990,550,83.81,20.7,4.03
209990829,AUS / Shepparton (AUS) 15th Feb,R6 1690m Trot M,15-02-2023 08:40,42677039,8. Berriesandcherries,0,102.30451869150161,96.8569303726638522832085832506768688701,43.0822013954832583295487386978242021386,110,60,910,60,242.21,89.41,10.76
209990829,AUS / Shepparton (AUS) 15th Feb,R6 1690m Trot M,15-02-2023 08:40,20740951,7. Abundance,0,18.15885338181164,13.858250860953161483155218226591970949,11.9130025438841138240240697074955841214,15.5,14,890,890,1183.23,797.64,72.15
209990823,AUS / Shepparton (AUS) 15th Feb,R3 1690m Trot M,15-02-2023 07:14,28342874,8. Sally Em,0,7.040838270555249,7.66420231007153298617103857290448327432,6.18663955772833188650797276922374011971,7.8,7.2,8.2,8.2,2407.57,1594.52,205.39
209990823,AUS / Shepparton (AUS) 15th Feb,R3 1690m Trot M,15-02-2023 07:14,52505294,11. Keayang Zendaya,0,3.2724768318300628,2.94466337431213483263308771282475811367,2.87931041838884296418762166342230873843,3.35,2.64,29,2.86,9000.24,6925.5,755.76
209990827,AUS / Shepparton (AUS) 15th Feb,R5 2190m Pace M,15-02-2023 08:13,38328089,7. Better Day,0,43.759649732404526,9.66317619174861457910446853681160414796,20.7803508771929824561403508771929824561,1,1001,910,910,199.5,184.2,15.3
209990827,AUS / Shepparton (AUS) 15th Feb,R5 2190m Pace M,15-02-2023 08:13,52505295,1. Killara Shogun,0,15.280453882110745,10.1442547053891116286892349811055554269,14.3945970426948687818253035644339992166,19,15,890,38,816.96,741.3,75.66
209990831,AUS / Shepparton (AUS) 15th Feb,R7 2190m Pace M,15-02-2023 09:11,3534747,4. Sofala,0,100.73411529531697,79.3955460912838381728894468716212554321,39.8463241398394982012729453002490545153,130,60,1000,55,325.23,107.24,19.37
209990831,AUS / Shepparton (AUS) 15th Feb,R7 2190m Pace M,15-02-2023 09:11,20357276,7. Mongiana,0,13.692829274376853,12.5917649965017119015291315303354675653,11.6783742925230860887697348823354185285,14.5,11,1000,1000,2685.6,1910.88,45.3
209990833,AUS / Shepparton (AUS) 15th Feb,R8 2190m Pace M,15-02-2023 09:42,42155602,2. Always Be Chloe,0,34,28.5379991582173655781203895436248823664,22.6052038784238190068884463452058372237,30,26,130,130,612.62,364.26,24.98
209990837,AUS / Shepparton (AUS) 15th Feb,R10 2190m Pace M,15-02-2023 10:40,45542469,8. Interpretation,1,6.8,6.90693397186091842417284329349375331862,3.94213023729140900362863838780004976843,7.8,6.6,4.5,4.5,5384.94,2431.4,1610.24
209990837,AUS / Shepparton (AUS) 15th Feb,R10 2190m Pace M,15-02-2023 10:40,51918544,2. Sister Sylvester,0,109.25329841755797,135.00482731898572832262114333586372157,66.8511854716663864133176391457877921641,320,130,920,80,178.41,66.73,9.02
209990839,AUS / Shepparton (AUS) 15th Feb,R11 1690m Pace M,15-02-2023 11:07,23584967,1. Fuller Cee Ess,0,8,7.88884113014556436332948625263731769151,13.5651035082609751286847475831545991414,13,7.2,1,1001,452.64,3326.86,28.03
209990839,AUS / Shepparton (AUS) 15th Feb,R11 1690m Pace M,15-02-2023 11:07,37228335,8. None Grater,0,9.929817296,9.11401673588172903297360515145658555586,14.010674867228451584394341946360491634,13,9.8,1,1001,24.24,2100.32,38.22
209990819,AUS / Shepparton (AUS) 15th Feb,R1 2190m Pace M,15-02-2023 06:20,52505286,1. Talisker Skipper,0,6.943871819645139,6.28794548105103532374176289122141764237,6.44142492888620318648764167489572432902,8,7,1,1001,3392.45,3234.9,157.55
209992485,AUS / Bathurst (AUS) 15th Feb,R4 2260m Pace M,15-02-2023 08:33,23202357,2. I Am Marquez,0,109.2156666033063,53.1595274509023159055312656764259257424,58.919044611586381121892403973129700867,110,60,910,80,174.17,99.5,74.67
209992485,AUS / Bathurst (AUS) 15th Feb,R4 2260m Pace M,15-02-2023 08:33,49686255,10. Better Be The Best,1,1.24,1.19304879908507011494420716362836656362,1.24023947837277282965755410420485135127,1.28,1.15,5,1.24,24213.46,18054.66,6158.8
209992479,AUS / Bathurst (AUS) 15th Feb,R1 2260m Pace M,15-02-2023 07:03,52505241,1. Im Ann Maree,0,130,52.7729736003207631833023563150729323109,73.1949163312857445456471086634187672103,75,60,1000,200,94.42,33.5,17.72
209992483,AUS / Bathurst (AUS) 15th Feb,R3 1730m Pace M,15-02-2023 08:03,9252920,7. Limbo Larry,0,54.01632850020309,33.7699503458749382093143579338374097173,29.7413116161681866080372591619290462747,60,23,1000,1000,768.67,574.88,48.33
209992483,AUS / Bathurst (AUS) 15th Feb,R3 1730m Pace M,15-02-2023 08:03,39369022,8. Pocket Book,0,28,28.0069406491164121874349859012265031059,16.300908952728378172974616203070375437,29,29,900,15,328.95,99.68,87.19
209992483,AUS / Bathurst (AUS) 15th Feb,R3 1730m Pace M,15-02-2023 08:03,40421272,10. Yes You May,1,5.8325781497447835,4.84618991567625626582542086643674794547,3.05891003726040026120692966619290900012,5,4.4,2.38,2.26,4165.28,1827.24,1712.74
209992483,AUS / Bathurst (AUS) 15th Feb,R3 1730m Pace M,15-02-2023 08:03,41110683,4. Major Holiday,0,20.65432731140522,20.8804904348330282343114049361325420871,11.5481451099334031323194490917137090246,20,20,44,10,926.47,301.47,297.12
209992483,AUS / Bathurst (AUS) 15th Feb,R3 1730m Pace M,15-02-2023 08:03,48673528,3. Willies Dollar,0,20,18.3497343449464420272961385389892058517,12.5271517789938360762454991150802530667,21,21,1,1001,491.57,214.89,111.84
209992483,AUS / Bathurst (AUS) 15th Feb,R3 1730m Pace M,15-02-2023 08:03,52505247,11. Shannonsideal,0,8.6,9.91037874739503922167440113138477974934,6.45641503689194263734256223929524718109,12,7.8,4.6,4.6,1970.62,939.46,488.58
209992487,AUS / Bathurst (AUS) 15th Feb,R5 1730m Pace M,15-02-2023 09:02,9169373,4. Saint Emilion,0,49.898887148,45.794165248899736707766998430802606999,25.6271546136918578361920839236728664878,60,48,1,1001,331.73,138.84,39.59
209992491,AUS / Bathurst (AUS) 15th Feb,R7 1730m Pace M,15-02-2023 10:00,6652343,3. Pennywhistle,0,70.163160415,98.5699321857882962899340597561499330447,62.9526169092598327655620935274078662125,120,65,1,1001,290.61,128.07,55.72
209992493,AUS / Bathurst (AUS) 15th Feb,R8 1730m Pace M,15-02-2023 10:30,28178765,6. Glitter Strip,0,13.375237092317548,14.0715739139040828957443574343876982291,12.4932353121362494639465784475892911842,15,13.5,890,75,816.15,527.94,69.81
209992601,AUS / Ascot (AUS) 15th Feb,R6 1200m CL3,15-02-2023 08:10,5129931,4. Major Max,1,3.964938436105548,4.21826690900923653718345150430119500051,3.5747887204480661050401856637372583573,4.6,3.9,4.8,2.74,35841.14,26546.36,3407.64
209992601,AUS / Ascot (AUS) 15th Feb,R6 1200m CL3,15-02-2023 08:10,37456654,2. Norich,0,44,57.2216694893181858474511123811851474298,30.2594088242187650089717629610275838485,80,48,140,140,2602.61,1193.2,16.69
209992601,AUS / Ascot (AUS) 15th Feb,R6 1200m CL3,15-02-2023 08:10,45301474,11. Demeritise,0,168.7321415008348,165.663047435032237683048470878633923208,73.3584091726108262539496338902238283541,220,95,170,50,528.53,205.86,30.95
209992605,AUS / Ascot (AUS) 15th Feb,R7 1800m Hcap,15-02-2023 08:50,39859423,11. Float Our Boat,0,268.72517568110493,198.452339674611141067103968652703651054,97.7561550991368819157102469528748759619,280,90,1,1001,534.11,242.6,4.91
209992605,AUS / Ascot (AUS) 15th Feb,R7 1800m Hcap,15-02-2023 08:50,9487815,1. Wise Counsel,0,31.985441306297723,31.5363150189081473807717130648094394557,18.1289521385993655662843796841775020044,34,29,1,1001,2294.96,1167.78,48.04
209992589,AUS / Ascot (AUS) 15th Feb,R3 1100m Mdn,15-02-2023 06:19,52621744,1. Cheddar Bob,0,45.71177542866732,42.5871665713425143958256584033201927326,26.2526542746071673581392309953938126817,50,34,1,1001,1836.66,1103.62,1.96
209992585,AUS / Ascot (AUS) 15th Feb,R2 1100m Mdn,15-02-2023 05:44,5489228,3. Eye Opener,0,45.33084972684854,24.019794664597272183978378985362681544,25.1682749361686824976325473790201742925,70,42,1,1001,1668.46,1646.42,22.04
209992585,AUS / Ascot (AUS) 15th Feb,R2 1100m Mdn,15-02-2023 05:44,52621743,10. Strutting For Cash,0,95,35.8361388112080441624635606945878697154,37.6679558414210806133830933939349713845,180,90,1,1001,959.27,948.8,10.47
209992593,AUS / Ascot (AUS) 15th Feb,R4 1000m CL1,15-02-2023 06:54,42483751,2. Cruise To Victory,0,3.176793502,3.24541390956310020309021509959500311291,3.11962014039593321181630733675414445087,3.6,3.05,4.7,4.7,29016.51,25137.74,504.19
209992593,AUS / Ascot (AUS) 15th Feb,R4 1000m CL1,15-02-2023 06:54,42880252,10. Tanta Bellezza,0,54.300229482468566,52.0393136683831748627746565433374038893,31.6874466956329033167907916915700192735,70,42,150,150,1489.09,789.02,53.03
209992609,AUS / Ascot (AUS) 15th Feb,R8 1400m CL3,15-02-2023 09:30,45169637,6. Guard The Safe,1,9.04517844048918,6.64065917512315038583861468766547714441,6.52135493839587695281043646319858270253,10,6.6,7,7,15895.04,14872.96,1022.08
209992609,AUS / Ascot (AUS) 15th Feb,R8 1400m CL3,15-02-2023 09:30,49766986,7. Laquettas Gift,0,7.299248879606961,4.56592745998376313135383182643876665706,4.61351556098100654616915031061957025178,9.6,6.8,1,1001,21331.56,21223.22,108.34
209992609,AUS / Ascot (AUS) 15th Feb,R8 1400m CL3,15-02-2023 09:30,52621772,12. Jay Dee,0,17.5,15.1596807300487066847604130866892122206,15.3196136510416138336325796384022614229,24,17.5,1,1001,5914.86,5871.26,43.6
209992581,AUS / Ascot (AUS) 15th Feb,R1 1000m 3yo,15-02-2023 05:09,52621736,3. Bisector,0,3.137251557566888,3.53828982491030321426133713260142149737,2.89019995975731529892730052447125061351,3.75,3.15,2.36,2.1,31906.42,22071.72,1477.32
209983478,AUS / Strathalbyn (AUS) 15th Feb,R4 1200m Mdn,15-02-2023 04:20,4407333,12. Gallium,0,3.6035995857544183,4.05548362540962314951473344905157581532,3.51856149049619616870823720029804448938,7.6,3.5,1000,5,23379.06,16147,753.64
209983490,AUS / Strathalbyn (AUS) 15th Feb,R6 1350m Hcap,15-02-2023 05:30,39648845,11. Arthuras,0,48,29.7218852694483995805561142095656697257,30.3449430643358165395383808704082945023,55,36,1,1001,2021.58,1999.14,22.44
209983490,AUS / Strathalbyn (AUS) 15th Feb,R6 1350m Hcap,15-02-2023 05:30,45919010,4. Marvelous Night,1,6.8,5.42790698833253793917900652961251013651,5.00369318388063811544407102132266886965,8.6,6,6,5,15978.3,13851.92,2126.38
209983490,AUS / Strathalbyn (AUS) 15th Feb,R6 1350m Hcap,15-02-2023 05:30,52621212,10. Livin Loose,0,11.5,8.50247656487808712300503198074299539115,8.686145322030754517755786360499852379,15.5,8.8,980,8,11753.07,11252.82,500.25
209983496,AUS / Strathalbyn (AUS) 15th Feb,R7 1600m Hcap,15-02-2023 06:05,52621213,2. Comfort Girl,1,10.5,11.7983052187138770628494700201139206989,8.72493290613465016226393281529987861171,13.5,10,15,9,9687.92,6593.22,1672.94
209983496,AUS / Strathalbyn (AUS) 15th Feb,R7 1600m Hcap,15-02-2023 06:05,39287949,9. Ironical,0,141.595391909,140.98776882255992267534923273541940333,92.7699292028318867245310187592496300148,170,90,1,1001,500.02,316.62,4.06
209983502,AUS / Strathalbyn (AUS) 15th Feb,R8 1200m Hcap,15-02-2023 06:40,46472305,15. Morphett Road,0,93.71773597054181,75.0985392922789564918212885076361719013,40.5526524753382402345539504626943163424,85,55,220,220,654.86,274.56,19.86
209983502,AUS / Strathalbyn (AUS) 15th Feb,R8 1200m Hcap,15-02-2023 06:40,52621218,9. Hot Sparky,0,59.39819472722708,56.3869690305147367471686552550906791766,41.4991346455633771241537012957898040622,70,46,1,1001,1115.15,749.02,28.55
209983466,AUS / Strathalbyn (AUS) 15th Feb,R2 1600m Mdn,15-02-2023 03:10,48615136,10. Fizzy Bubbly,0,16,11.6211619594179139168798881715401800668,12.1498037865748709122203098106712564544,17,13.5,17.5,12,2905,2799.36,105.64
209983472,AUS / Strathalbyn (AUS) 15th Feb,R3 1200m Mdn,15-02-2023 03:45,42464032,10. Pocket Raider,0,23,20.0929050817613930076416016320484276365,12.8896710393327162661049227070100964966,25,15.5,890,7,3759.72,2119.56,206.7
209983472,AUS / Strathalbyn (AUS) 15th Feb,R3 1200m Mdn,15-02-2023 03:45,51636220,1. Beowulf,0,65.97302124527637,54.8712695476771003842703346437050158812,35.0118311992103519612747948132022661817,70,32,200,170,739.57,409.9,13.13
209983472,AUS / Strathalbyn (AUS) 15th Feb,R3 1200m Mdn,15-02-2023 03:45,2415740,8. Leggy Peggy,0,180,176.340049719329341801847679326800051726,91.0655782116346692192382018819194856328,240,130,1000,160,553.69,220.1,15.85
209983484,AUS / Strathalbyn (AUS) 15th Feb,R5 1350m Hcap,15-02-2023 04:55,40501543,6. Balcrest Belle,0,16,13.6570038653402213404553638297059505934,14.219554625881567416433668572382422902,23,15,890,20,3834.08,3604.46,229.62
209983521,AUS / Randwick (AUS) 15th Feb,R4 1000m Hcap,15-02-2023 05:05,39810751,3. Allusionist,0,28,15.1241137843720891731653182485576827556,15.5793309627507640548620537461589067562,28,16,290,290,3602.49,3429.36,173.13
209983529,AUS / Randwick (AUS) 15th Feb,R6 1400m Hcap,15-02-2023 06:15,52621175,10. Zelady Luck,0,6.830846716836531,4.60213633086363256991122291560790439931,4.69750734026587400685172299254941799147,8,4.8,11,5.3,28871.57,28325.96,545.61
209983525,AUS / Randwick (AUS) 15th Feb,R5 1800m Hcap,15-02-2023 05:40,28092522,4. Ready By Design,0,66.713262651,50.1743245155113119527175235567448745596,30.8985963672165911414614442775456622446,60,40,1,1001,1584.46,694.48,20.22
209983509,AUS / Randwick (AUS) 15th Feb,R1 1100m 2yo,15-02-2023 03:20,52621159,7. Restonica,0,13.026942022321169,10.4265711001028362262103637833199288493,11.1879057774541016922463721761038475354,19.5,13,38,38,4064.42,3977.38,87.04
209983513,AUS / Randwick (AUS) 15th Feb,R2 1550m Hcap,15-02-2023 03:55,38544966,7. Roman,0,44.248226774,37.8223554334915497314779903876354907357,39.7864574821593942365310235877322002506,70,42,1,1001,1468.56,1449.28,19.28
209983513,AUS / Randwick (AUS) 15th Feb,R2 1550m Hcap,15-02-2023 03:55,5525315,2. Journalism,0,4.877973417677603,3.95622536157015630422617206244698716982,4.34965379740966276158387685079286575376,5.5,3.65,980,4.6,16822.52,14772.68,2049.84
209985445,AUS / Doomben (AUS) 15th Feb,R6 1110m Hcap,15-02-2023 06:33,12902382,8. Zumikon,0,18.317778399732198,16.1606701264061641383436026843950253229,13.7227719267191786883795026108505177449,18.5,8.8,1,1001,5423.52,4358.1,75.7
209985445,AUS / Doomben (AUS) 15th Feb,R6 1110m Hcap,15-02-2023 06:33,21544522,2. Lepreezy,0,3.815117330545036,3.99741170478176950370768545676194590877,3.11823243153823435982426210075598961161,4.7,3.5,2.62,2.62,39413.24,26291.88,1511.38
209985437,AUS / Doomben (AUS) 15th Feb,R4 1640m Mdn,15-02-2023 05:23,52621482,9. Anatini,1,5.663358856446356,5.28349073429957003472386829153584595298,3.743435057296374181885897779453243161,5.9,4.4,6.4,1.1,30823.94,17764.54,8722.54
209985429,AUS / Doomben (AUS) 15th Feb,R2 1640m CL4,15-02-2023 04:13,5171352,5. He Is,0,24.496855684162576,21.7258058291955106828742402222145745677,17.0447499082320666138598558760456714515,30,16,90,20,5176.1,3649.92,132.02
209985429,AUS / Doomben (AUS) 15th Feb,R2 1640m CL4,15-02-2023 04:13,36782813,7. Peekays Legacy,0,19,20.3941671896828031189608005052857255139,15.322793537325483294476245770322861575,25,18.5,890,44,4409.32,2969.06,97.44
209985441,AUS / Doomben (AUS) 15th Feb,R5 1200m CL6,15-02-2023 05:58,4219590,9. Beau Ideal,0,4.936341922759095,4.96048058602118690421816482033690620562,4.65647710070044704698556887549451453611,7.6,4.5,1000,4.6,22241.51,18631.7,618.85
209985449,AUS / Doomben (AUS) 15th Feb,R7 1350m Hcap,15-02-2023 07:10,43969656,12. Amore Primus,0,17.221404969,16.1167886815020690250177659249715245808,16.4041942689351789829970937306055046875,36,13.5,16.5,15,7315.22,7170.31,144.91
209985459,AUS / Sandown (AUS) 15th Feb,R1 1300m Mdn,15-02-2023 04:40,52621492,9. Skywriter,0,2,1.86924249512355263121197831448149309572,1.92165050196546139026633683496095152366,2.3,1.9,880,2,105847.92,101004.5,4843.42
209985486,AUS / Sandown (AUS) 15th Feb,R5 1300m CL1,15-02-2023 07:00,52621513,12. Russian Benefits,0,66.77130270685998,40.5705048664240132372947137511619433472,41.1033807061730235728244258550273960203,80,65,32,21,1878.01,1807.28,70.73
209985493,AUS / Sandown (AUS) 15th Feb,R6 1000m Hcap,15-02-2023 07:30,52621518,1. Quarantine Dreams,0,8.613387655719013,8.31652583348547700213848089871242697849,8.40055142991509310651967977663598375975,19,8.4,9.4,8.4,22263.21,22100.7,162.51
209985493,AUS / Sandown (AUS) 15th Feb,R6 1000m Hcap,15-02-2023 07:30,52621519,5. Port Albert,0,6.922292253738596,4.66403208513310715389387076375207501352,4.7228402985385448386290643540072008367,7.2,5,7.4,7.4,34573.76,34352.76,221
209985493,AUS / Sandown (AUS) 15th Feb,R6 1000m Hcap,15-02-2023 07:30,49739579,12. Who Shot Suzy,0,23.135304735667276,16.8807733016453031090048335145143001437,17.2290424630224312676829777836140723674,29,20,36,36,6701.36,6664.8,36.56
209985506,AUS / Sandown (AUS) 15th Feb,R8 1400m Hcap,15-02-2023 08:30,4158045,2. Netanyahu,0,10.053776452,8.15788181110481102361420617609528910628,8.27435649114837950208285183961920878021,12.5,9.8,15.5,9,25008.98,24548.72,460.26
209985506,AUS / Sandown (AUS) 15th Feb,R8 1400m Hcap,15-02-2023 08:30,52621528,11. Rapid Achiever,0,5.684958618330385,4.37878831719148379939189935597078951442,4.30538354350843042368536193462914548115,5.9,4.5,7.6,3,42556.58,40389.86,2166.72
209985506,AUS / Sandown (AUS) 15th Feb,R8 1400m Hcap,15-02-2023 08:30,52621529,12. Set To Prophet,0,43.466292503592555,24.8693104221181883770312008141926984118,25.3309694732204491962482948401096014343,50,36,30,19.5,4244.47,3991.42,253.05
209985466,AUS / Sandown (AUS) 15th Feb,R2 1300m 2yo,15-02-2023 05:15,52621495,3. Carnival Row,0,7.4,8.34117641294889269440778309152721698728,6.68288293618186798137496576280471103807,9.8,7.2,890,6,18255,11737.08,1472.42
209985500,AUS / Sandown (AUS) 15th Feb,R7 1800m Hcap,15-02-2023 08:00,42471831,12. Frenzy Lune,0,69.38245006321813,72.509448391933990002802438456943442555,43.4683473599974220298292631839005762838,85,46,30,21,1861.93,1034.32,137.29
209985500,AUS / Sandown (AUS) 15th Feb,R7 1800m Hcap,15-02-2023 08:00,52621524,9. Bavicia,0,14,13.2934476704446335960502262637173980788,10.5402126516057178473265283184665215748,15,11.5,18,10,9786.9,7217.02,405.7
209985473,AUS / Sandown (AUS) 15th Feb,R3 1000m 3yo,15-02-2023 05:50,44364652,10. Snow Falcon,0,19.52859691941867,14.7150992716329223619116329866871408085,15.2815073727541491722968344197857136333,23,17,890,18,9853.17,9402.22,450.95
209985473,AUS / Sandown (AUS) 15th Feb,R3 1000m 3yo,15-02-2023 05:50,51576928,9. Little Miss Kubi,1,7.7217910513008245,6.9952774749626438515648853400357294445,6.39281679119102610875052045260049990574,13,7.6,9.6,1.1,29493.56,25581.12,3912.44
209985480,AUS / Sandown (AUS) 15th Feb,R4 1300m Hcap,15-02-2023 06:25,36987450,3. Awapuni Princess,0,26.049785947,22.4769741009378326573310318254871653563,18.0739619792623350010869327095968575006,26,10,1,1001,5934.13,4419.84,113.91
209986068,AUS / Redcliffe (AUS) 15th Feb,R7 1780m Pace M,15-02-2023 10:20,47672744,6. Dont Fear For Me,0,8.4,8.06635131952256714643254058214287432787,6.65735749915679974437718566382049597927,8.4,7.4,1,1001,2816.65,1760.67,212.18
209986068,AUS / Redcliffe (AUS) 15th Feb,R7 1780m Pace M,15-02-2023 10:20,35510519,9. Hurrikane King,1,33.99562506548531,28.8759655265602448307216327153628246422,3.99284782665783538213298864090615982096,36,20,38,2,6854.42,516.46,6004.72
209986060,AUS / Redcliffe (AUS) 15th Feb,R3 1780m Pace M,15-02-2023 08:20,44193649,7. Blackjack Beth,0,12.583031529497532,15.2231378391754118188494495210533920652,9.53536298061617107980024923365200069131,19.5,14,1,1001,1099.37,494.78,34.35
209986058,AUS / Redcliffe (AUS) 15th Feb,R2 1780m Pace M,15-02-2023 07:55,32448092,4. Royal Princess,0,63.986538726,28.203216098983984403974991532966014178,29.8509018147458522079871050218158574883,95,40,1,1001,359.83,294.92,64.91
209986070,AUS / Redcliffe (AUS) 15th Feb,R8 1780m Pace M,15-02-2023 10:54,12263674,7. Whata Challenge,0,10.28629150074092,6.68872763408555287449121911555101113725,7.48218125832912565908733476256301164629,9.8,7.8,890,890,2416.22,2242.44,173.78
209986070,AUS / Redcliffe (AUS) 15th Feb,R8 1780m Pace M,15-02-2023 10:54,25250310,8. Jamaican Resort,0,28.97996533486323,17.8049346070259755753621440625407093752,19.4204562091886035548007378993294486252,55,25,1,1001,1024.53,1013.94,10.59
209986074,AUS / Redcliffe (AUS) 15th Feb,R10 1780m Pace M,15-02-2023 12:01,52505285,8. Gotta Go Dancing,0,69.84568935844973,46.7054180182035908950464163521689442563,19.8337435510206165244220490008098527209,80,65,900,900,5.72,84.86,7.16
209986056,AUS / Redcliffe (AUS) 15th Feb,R1 2040m Pace M,15-02-2023 07:22,27346152,4. Bring The Flave,0,25.76183824422479,7.84247200692028600030771249490152043702,9.59050219277412808389853421844644484555,300,3,310,16,19158.38,15674.54,192.04
209986056,AUS / Redcliffe (AUS) 15th Feb,R1 2040m Pace M,15-02-2023 07:22,36497165,7. Mi Furioso Toro,0,4.381873141146658,6.3096402413178732626370855416490659535,4.2219578563262493539849341456157110864,8.4,6.4,5.1,5.1,5108.24,2700.34,205.48
209986056,AUS / Redcliffe (AUS) 15th Feb,R1 2040m Pace M,15-02-2023 07:22,24985005,1. Torque Onetwothree,0,31.024869819264854,33.195296185243503411616246217070365283,19.7894158722686438350790475069632419285,75,36,19,19,509.82,229.24,36.86
209986066,AUS / Redcliffe (AUS) 15th Feb,R6 1780m Pace M,15-02-2023 09:51,725751,4. Sabotage,0,8.8,8.79449168749135498873332312015401101756,9.04456169708974380866189687459089641355,14.5,8.6,1,1001,3513.78,3128.48,385.3
209989341,AUS / Charlton (AUS) 15th Feb,R2 2100m Trot M,15-02-2023 02:11,29907444,5. Sonnyboy,1,3.0955902276617424,2.21227982598122388052740429058843488244,1.98298468277682689797220852310637927533,2.98,2.66,2.06,1.01,8273.04,5800.28,2472.76
209989343,AUS / Charlton (AUS) 15th Feb,R3 1609m Pace M,15-02-2023 02:39,2412116,1. Midnight Dancer,1,2.12141424182355,2.09916943795480798636257199723157579833,1.74892576578771085804762194750624200719,2.16,2.08,1.79,1.79,10509.44,5835.9,2487.8
209989347,AUS / Charlton (AUS) 15th Feb,R5 2100m Trot S,15-02-2023 03:48,4051841,5. Get Lucky,0,6.4,4.97677611098969301612065835385176406778,5.40480761484547837564835873061120785281,6.6,4,890,890,3227.38,3212.06,15.32
209989347,AUS / Charlton (AUS) 15th Feb,R5 2100m Trot S,15-02-2023 03:48,41375581,3. Watch And Act,0,7.360843135521863,5.41683365765761859537514850607941774005,6.16664367925425663464282317131170931228,8,7.2,890,890,1682.08,1671.62,10.46
209989349,AUS / Charlton (AUS) 15th Feb,R6 1609m Pace M,15-02-2023 04:23,24796611,1. Celestial Trekker,0,114.2114882584661,35.5496999117426862832856359548091436388,38.6730905861456483126110124333925399645,130,70,980,21,337.8,125.46,212.34
209989349,AUS / Charlton (AUS) 15th Feb,R6 1609m Pace M,15-02-2023 04:23,52505310,11. Codename Marcus,0,20.509388747,9.08321071761522107098663567829488850256,11.3407827868852459016393442622950819672,17.5,15,1000,5.9,976,873.16,102.84
209989353,AUS / Charlton (AUS) 15th Feb,R8 2100m Pace M,15-02-2023 05:33,35261219,11. Caesars Reign,0,79.34159526733978,62.9303785162337887178064221101726470886,34.1730147135552540957946363351768757174,85,42,38,38,191.66,67.58,43.64
209989355,AUS / Charlton (AUS) 15th Feb,R9 1609m Pace M,15-02-2023 06:08,38553632,3. Hes Goneski,2,2.37040911938281,2.7521298138841708531668916690826939467,2.00338748015888684445356982097590637364,3,2.4,2.02,2.02,10130.48,4867.86,1498
209989355,AUS / Charlton (AUS) 15th Feb,R9 1609m Pace M,15-02-2023 06:08,47016893,2. Hello I Tea,0,7.073219704,7.37457449373729827166368868215055089129,6.30095812234945661523272425373413413713,8.4,6.4,980,980,1336.99,893.64,50.07
209989357,AUS / Charlton (AUS) 15th Feb,R10 2100m Trot M,15-02-2023 06:43,38335740,8. Unspoken Love,0,261.2425209722824,218.019909832407453322087932641174668384,43.585798816568047337278106508875739645,380,370,990,930,84.5,9.72,2.56
209990829,AUS / Shepparton (AUS) 15th Feb,R6 1690m Trot M,15-02-2023 08:40,50089830,10. Queen Of Quebec,0,12.246184254155377,12.9401183018456337621547369161447830677,12.1088376987454578339005902760650454628,15,11,42,42,3040.95,2406.14,88.83
209990835,AUS / Shepparton (AUS) 15th Feb,R9 1690m Pace M,15-02-2023 10:10,36386788,7. Dabyminga,0,8.25503099,5.3831756595406058330510309809066016703,5.6770238527363682258353881650040262184,8.2,8,1,1001,2396.79,2320.52,76.27
209990823,AUS / Shepparton (AUS) 15th Feb,R3 1690m Trot M,15-02-2023 07:14,23721367,5. Majestic Speed,0,13.905229262,13.4060166157404655647322469946354088205,11.7897179919244587161796966902998124185,13.5,12,1,1001,629.06,419.26,21.82
209990823,AUS / Shepparton (AUS) 15th Feb,R3 1690m Trot M,15-02-2023 07:14,35545850,2. Bellmac Bambi,0,26.014503771270913,32.0530697083244017488368497373518163008,16.2398844858013797529279640622493181454,38,29,1,1001,311.65,109.9,14.31
209990825,AUS / Shepparton (AUS) 15th Feb,R4 1690m Pace M,15-02-2023 07:47,7139966,2. Ubetcha,0,6.4,7.92850298697257599194454656872679380871,6.12885784012841362348737483995756106924,10,6.6,10.5,7.4,4740.93,3151.84,291.61
209990827,AUS / Shepparton (AUS) 15th Feb,R5 2190m Pace M,15-02-2023 08:13,36709378,8. Franco Norway,1,1.7530978144823894,1.45697504810014926986495770975909864139,1.41597894278231901456482923353668223254,1.68,1.57,1.45,1.07,21024.62,17694.64,3329.98
209990827,AUS / Shepparton (AUS) 15th Feb,R5 2190m Pace M,15-02-2023 08:13,5719013,9. Regal Rock,0,44.795292,17.5292038130145610733517621915181255033,26.7929613079774152204787141916935120718,110,44,910,170,288.69,264.16,24.53
209990831,AUS / Shepparton (AUS) 15th Feb,R7 2190m Pace M,15-02-2023 09:11,42472590,6. National News,0,2.4100442782048423,2.55629265683216623458146344093958866842,1.91968934834698572668147334400050947707,2.64,2.4,350,2.96,20099.04,8368.48,759.06
209990833,AUS / Shepparton (AUS) 15th Feb,R8 2190m Pace M,15-02-2023 09:42,4146161,6. Sinister,0,13.663569921273737,13.7951761223371546493890269021325350331,11.968290022889457385216103406489834388,13.5,11.5,890,890,1485.4,1068.2,57.38
209990833,AUS / Shepparton (AUS) 15th Feb,R8 2190m Pace M,15-02-2023 09:42,25091523,1. Sweet Creation,0,9.700898828,11.0906656017444351479794088349965040744,8.9144012430374455943954276575831644753,14.5,9,1,1001,2201.06,1394.36,380.7
209990833,AUS / Shepparton (AUS) 15th Feb,R8 2190m Pace M,15-02-2023 09:42,38514703,7. Miki Mahoney,1,9.125347772,9.05043451648510324722411135235692824417,4.28627966133869926724628877330194768214,1,1001,1,1001,2633.9,918.2,948.6
209990837,AUS / Shepparton (AUS) 15th Feb,R10 2190m Pace M,15-02-2023 10:40,47613391,10. Playnice,0,6.863141650167671,7.91353673141900678653344809748778629237,6.86554900581199411114330142550537151236,8.6,6.8,1,1001,3382.66,2581.24,75.02
209990837,AUS / Shepparton (AUS) 15th Feb,R10 2190m Pace M,15-02-2023 10:40,42401632,3. Aggie May,0,43.461568052694204,29.2091240711647359441529395484222143072,18.0682357234081372012406495165115854771,40,24,1,1001,438.48,195.34,36.44
209990839,AUS / Shepparton (AUS) 15th Feb,R11 1690m Pace M,15-02-2023 11:07,52273176,4. Alcatraz Girl,0,28.768724737807055,13.2100547070901852715949398844899357228,27.0948087629032181385806044389112666666,23,23,1,1001,23.18,633.24,502.55
209990819,AUS / Shepparton (AUS) 15th Feb,R1 2190m Pace M,15-02-2023 06:20,8028996,2. Rainbow Storm,1,1.7691740083939334,1.53116547708579917364490513131054308952,1.5293576495055699120480875179299597298,1.83,1.75,1,1001,7097.06,5474.68,1622.38
209992481,AUS / Bathurst (AUS) 15th Feb,R2 1730m Pace M,15-02-2023 07:38,39242105,11. Uncle Miki,1,6.797032304259194,8.0593629177595419055245264082414624449,4.55693816192457858929698641666471839712,7.6,6.8,55,55,2138.65,690.42,830.49
209992489,AUS / Bathurst (AUS) 15th Feb,R6 1730m Pace M,15-02-2023 09:33,39722551,2. Choc A Block,0,44.53998582852538,51.2239903430516612165605685433096802741,27.5400294852894045253509390423690789052,65,44,1,1001,156.01,53.34,11.45
209992491,AUS / Bathurst (AUS) 15th Feb,R7 1730m Pace M,15-02-2023 10:00,43185225,7. Magical Flick,0,31.07003081070492,45.1446711245259742901599247305923653446,30.8740813326800587947084762371386575208,34,34,1,1001,428.61,210.89,80.16
209992493,AUS / Bathurst (AUS) 15th Feb,R8 1730m Pace M,15-02-2023 10:30,484522,4. Vincero,1,47.231242738,57.5797865288308591103828407939925305042,5.99134929169199121043527046612744868858,95,44,1,1001,1283.34,65.56,1080.58
209992601,AUS / Ascot (AUS) 15th Feb,R6 1200m CL3,15-02-2023 08:10,6381732,5. Honey Dew,0,12,11.6798140994761033835049327182494211947,7.39389253259474794696511692099299699333,12.5,10,1,1001,7426.81,4193.84,49.97
209992601,AUS / Ascot (AUS) 15th Feb,R6 1200m CL3,15-02-2023 08:10,52148690,9. Sofias Symphony,0,12.172677023614526,10.8326117129146179035705725265743478206,7.64196244200832980101030919816915484797,11.5,10,12,12,5142.98,2939.74,90.08
209992601,AUS / Ascot (AUS) 15th Feb,R6 1200m CL3,15-02-2023 08:10,52621762,12. Rose Thief,0,480,333.364525093724633910016107951209392132,144.372390989873940896879520562099607357,450,160,550,210,387.12,148.48,14.12
209992605,AUS / Ascot (AUS) 15th Feb,R7 1800m Hcap,15-02-2023 08:50,25521007,12. High Commission,0,5.4,5.2644660387956961209187034749873357075,4.1883305880199754229089863257248934557,5.7,4.7,880,8.8,21418.32,14919.04,588.2
209992589,AUS / Ascot (AUS) 15th Feb,R3 1100m Mdn,15-02-2023 06:19,52621748,10. Sweetchino,0,80,100.23992583433901461495329282015848004,64.643196158971027100838022662951910053,170,75,1,1001,908.09,577.59,2.86
209992589,AUS / Ascot (AUS) 15th Feb,R3 1100m Mdn,15-02-2023 06:19,52621745,4. Fluro Neuro,0,2.14,2.12675696878220403622343654658831569599,1.78761975412153745547123794052496722094,2.22,2,2.52,2.52,54958.86,36833.36,1009.12
209992589,AUS / Ascot (AUS) 15th Feb,R3 1100m Mdn,15-02-2023 06:19,50999286,6. Just Got Paid,0,67.16620289177982,70.264337217804435440130718415515883387,30.2692523574315222272114952851369555456,80,44,1,1001,1068.96,437.24,.82
209992593,AUS / Ascot (AUS) 15th Feb,R4 1000m CL1,15-02-2023 06:54,51204014,1. Rock This Town,0,4.477079848278663,3.78749871957972609348077430462707712726,3.49476724865352253933353584740082837897,4.3,3.45,100,100,31108.95,25263.54,562.93
209992593,AUS / Ascot (AUS) 15th Feb,R4 1000m CL1,15-02-2023 06:54,52621757,7. The Fibonacci,0,36,31.7945740484954761543033128722442379081,18.0738795021061100856642529225235458375,36,27,32,32,1690.32,840,44.16
209992597,AUS / Ascot (AUS) 15th Feb,R5 1500m CL1,15-02-2023 07:34,52621760,8. Nobel Knight,0,28.116071322,16.8137478622314400828476860512750260195,15.963221270842721946822893195132942767,29,24,26,26,1997.1,1780.3,216.8
209992609,AUS / Ascot (AUS) 15th Feb,R8 1400m CL3,15-02-2023 09:30,52621768,8. Birkett Boy,0,11,7.78754069342451296907745003253128465686,7.82212983634222230034981630249441876,10.5,9,1,1001,9101.92,9050.54,51.38
209983478,AUS / Strathalbyn (AUS) 15th Feb,R4 1200m Mdn,15-02-2023 04:20,52621201,4. Jajitta Bug,0,22.470186522107536,24.1254225902351651728619790978521875821,17.2820555463163146515882255113919840346,30,18.5,980,24,3908.45,2618.68,47.39
209983496,AUS / Strathalbyn (AUS) 15th Feb,R7 1600m Hcap,15-02-2023 06:05,28246516,12. Goodness Gracie,0,65,78.0415878177410534402551960698179493756,45.1536261254129592687586417993941504913,95,60,990,100,947.43,446.02,70.77
209983496,AUS / Strathalbyn (AUS) 15th Feb,R7 1600m Hcap,15-02-2023 06:05,753413,6. Lord Of Darkness,0,5.8,6.39853277706029283694869632959953459838,5.67152136297277539684318683535590252043,8,5.5,1,1001,13829.77,11361.28,315.99
209983502,AUS / Strathalbyn (AUS) 15th Feb,R8 1200m Hcap,15-02-2023 06:40,28261179,16. Dr Copper,0,250,210.090399218019618298661991925271799111,96.4191081062623779280202144369323226115,250,140,330,330,292.86,120.6,7.16
209983502,AUS / Strathalbyn (AUS) 15th Feb,R8 1200m Hcap,15-02-2023 06:40,35275201,14. Im Oh So Pretty,0,170,135.693711503050855320041138271754475131,70.0596379501433773727635768696233485214,180,100,100,100,568.43,271.62,23.67
209983502,AUS / Strathalbyn (AUS) 15th Feb,R8 1200m Hcap,15-02-2023 06:40,52621219,10. Not A Single Bid,0,74.993638542,56.0576520194317225954941711330753714932,28.5531834364318071605142701692549706081,70,36,1,1001,845.47,386.24,10.67
209983484,AUS / Strathalbyn (AUS) 15th Feb,R5 1350m Hcap,15-02-2023 04:55,52621207,1. Star Espresso,0,3.15,2.62521502572476096614379462219685430741,2.71155449015827933705071314972878284728,3.2,2.6,880,3,43631.09,41491.2,2139.89
209983484,AUS / Strathalbyn (AUS) 15th Feb,R5 1350m Hcap,15-02-2023 04:55,28025060,9. Spears,1,11.5,8.19767860061091357905683464330511713838,7.12840827954701279050523677802208194435,11.5,10,12.5,10.5,6767.52,5164.84,1602.68
209983517,AUS / Randwick (AUS) 15th Feb,R3 1400m 3yo,15-02-2023 04:30,2696702,2. Botanica,0,10.25311171381617,9.53417576435967137913736428561343751694,8.57903165384009245639840302584576591721,10.5,6.37,980,8.4,12183.04,10361.4,222.38
209983517,AUS / Randwick (AUS) 15th Feb,R3 1400m 3yo,15-02-2023 04:30,52621168,12. Himalaism,0,30.470392490568386,30.0887045154782084122929470911467413524,23.8096063459346356240533408285317218657,34,23,1,1001,2561.64,1913.58,26
209983521,AUS / Randwick (AUS) 15th Feb,R4 1000m Hcap,15-02-2023 05:05,2295148,8. Border Control,0,11.78623463517011,8.75830541266619484575105568339374996258,9.15443284521885931185010455693401644774,12.5,10,1,1001,7321.37,7211.6,109.77
209983521,AUS / Randwick (AUS) 15th Feb,R4 1000m Hcap,15-02-2023 05:05,24415159,1. Washington Towers,0,22,19.2803875653247459620333177346473564317,19.6282559767883747946513314798343411967,38,22,18,18,5362.83,5280.94,81.89
209983521,AUS / Randwick (AUS) 15th Feb,R4 1000m Hcap,15-02-2023 05:05,52621169,6. Headwall,0,4.830578417824363,3.55844467281408532765235901624971982387,3.59902392737381976451524492445510164193,5.2,3.7,5,3.5,36632.52,34971.76,1660.76
209983529,AUS / Randwick (AUS) 15th Feb,R6 1400m Hcap,15-02-2023 06:15,51808183,3. Iconic Dame,0,8.626756965701354,5.93678227691734729449978291352010444352,6.31899433960115258020796555926335091056,8.6,7.6,12,4.9,11414.39,10588.48,825.91
209983529,AUS / Randwick (AUS) 15th Feb,R6 1400m Hcap,15-02-2023 06:15,52621174,9. Sanstoc,1,16,11.4527032614342794123023994789323896069,9.47162640142676440317093674625435061007,21,13.5,48,14,10182.48,7526.7,2655.78
209983533,AUS / Randwick (AUS) 15th Feb,R7 1400m Hcap,15-02-2023 06:50,52621179,7. My Truth,0,58.807798074501356,52.9625813763725661146750891983829273768,37.4643259406642539007335494531254466762,65,40,990,21,1749.03,1098.86,139.49
209983509,AUS / Randwick (AUS) 15th Feb,R1 1100m 2yo,15-02-2023 03:20,52621157,5. Los Padres,0,4.5,3.74010007278631815187299126480584857912,3.8418019042631622061250043883772366096,4.5,3.95,880,3.6,27344.96,26926.7,418.26
209983509,AUS / Randwick (AUS) 15th Feb,R1 1100m 2yo,15-02-2023 03:20,52621153,1. Besson,0,28.27597489461026,17.4538447518553101977571008049867567464,18.3505950055244044122784092820344298478,36,13,980,36,3864.67,3814.18,50.49
209983513,AUS / Randwick (AUS) 15th Feb,R2 1550m Hcap,15-02-2023 03:55,27767975,8. Roseirro,0,45.056861124,35.6977248775578576246979288701941083478,37.7467039006971139074565925399935819092,85,42,1,1001,1464.61,1418.58,46.03
209983513,AUS / Randwick (AUS) 15th Feb,R2 1550m Hcap,15-02-2023 03:55,20501481,1. Highly Desired,0,28.111374206622134,19.0411775472923796583778297025187983323,20.0754582806573957016434892541087231353,30,21,990,15,3543.68,3415.16,128.52
209985445,AUS / Doomben (AUS) 15th Feb,R6 1110m Hcap,15-02-2023 06:33,28552025,6. Groovin The Moo,0,14.236941468729604,13.0528955254359722521677759512650119869,10.0487414861266399840120125959414277921,15,11.5,10.5,10.5,7405.56,5135.18,139.14
209985425,AUS / Doomben (AUS) 15th Feb,R1 1050m Mdn,15-02-2023 03:38,47842228,7. Amalfi Queen,0,471.5283721065812,144.762627242213020762907756748194148879,147.057145592035991193644108356465971092,830,290,990,990,313.41,312.49,.92
209985433,AUS / Doomben (AUS) 15th Feb,R3 1640m CL1,15-02-2023 04:48,51918394,2. Kureder,0,3.5964625498478204,3.61193978836203110885708431120666296014,3.21646250990283498730215924992657711131,4.3,3.2,3.65,2.94,48622.44,37438.84,2277.98
209985433,AUS / Doomben (AUS) 15th Feb,R3 1640m CL1,15-02-2023 04:48,45967338,4. Sea Of Qi,0,25.559778127,26.8802740177892470316880123549631860591,14.1733620100799379696124946923403548286,30,25,990,9,3250.02,1140.32,615.02
209985429,AUS / Doomben (AUS) 15th Feb,R2 1640m CL4,15-02-2023 04:13,41843765,6. Hokahey,1,3.0929926667654586,3.3757272277349955307535826612677484851,2.84355409159691682035276871423842625432,4,2.94,2.68,1.12,67670.4,50048.98,9810.4
209985441,AUS / Doomben (AUS) 15th Feb,R5 1200m CL6,15-02-2023 05:58,16722992,4. Checkers,0,19.52312955455855,17.9603653861493168654019890465440129366,13.6992476261699186439141568654111994924,19,16.5,1000,15,4412.7,2880.73,254.51
209985449,AUS / Doomben (AUS) 15th Feb,R7 1350m Hcap,15-02-2023 07:10,38476419,5. Tintinwin,1,4.12706729161393,3.45256241241730589398564027815958958341,3.16724095886313598041807340112489972586,5.8,3.65,6.8,1.12,43730.12,36259.18,7470.94
209985459,AUS / Sandown (AUS) 15th Feb,R1 1300m Mdn,15-02-2023 04:40,448430,10. Tass,0,5.934757328,4.58231712994905491657968135471149846048,4.72695748006736429631824490005714475765,6.4,3.9,890,3.5,19844.34,18307.72,1536.62
209985459,AUS / Sandown (AUS) 15th Feb,R1 1300m Mdn,15-02-2023 04:40,28162012,1. Buble Boy,0,110,69.6659599079193720602658744725884796647,73.6528285490284980211019486714462485949,250,75,240,180,1058.67,1033.38,25.29
209985459,AUS / Sandown (AUS) 15th Feb,R1 1300m Mdn,15-02-2023 04:40,52621490,6. Triggerific,1,14.605606611470611,11.1772273589425102757757449034165596211,7.6873621964162369767674074592588093721,16,13,1.1,1.1,19428.74,12302.94,7125.8
209985493,AUS / Sandown (AUS) 15th Feb,R6 1000m Hcap,15-02-2023 07:30,50141166,8. Joseylin,0,19,11.8434550884049230197002474377537327274,11.9689509812197603486806737249918916637,19,13.5,16.5,16.5,11253.85,10986.9,266.95
209985500,AUS / Sandown (AUS) 15th Feb,R7 1800m Hcap,15-02-2023 08:00,38765744,1. Electric Belle,0,10,11.0950938047087501080777269444515412032,7.63041634177091223289849988037224685714,12,9.8,11,5.9,16133.38,10032.2,807.8
209985473,AUS / Sandown (AUS) 15th Feb,R3 1000m 3yo,15-02-2023 05:50,52621501,3. Belvago,0,34,25.4852616829726158586367026133703669283,26.2113765382710404998666514268297329219,42,30,900,900,3412.11,3368.34,43.77
209985480,AUS / Sandown (AUS) 15th Feb,R4 1300m Hcap,15-02-2023 06:25,52621506,2. Seonee,0,8.351270051819666,8.65026066236253074585538357983561212393,7.25021082863217277817538837199511640635,12.5,7.6,12.5,9.8,30403.84,24154.47,332.73
209986068,AUS / Redcliffe (AUS) 15th Feb,R7 1780m Pace M,15-02-2023 10:20,43015984,5. Subtle Chay,0,13.5,12.87727047798252521938729959707448929,10.7331371845473029541920822868077981103,14.5,12.5,890,890,2090.25,1477.1,43.65
209986060,AUS / Redcliffe (AUS) 15th Feb,R3 1780m Pace M,15-02-2023 08:20,9981651,5. Precious Cullen,0,76.97534889420496,92.1816564307084346385079449056393156167,39.565946261682242990654205607476635514,110,70,200,200,171.2,44.29,13.93
209986062,AUS / Redcliffe (AUS) 15th Feb,R4 1780m Pace M,15-02-2023 08:53,28334526,4. Three Machs,0,5.1351267741831546,5.36949885676326230583312156290344369614,5.02628380774314174269043551142774249702,6,5,880,4.5,4342.94,3485.96,172.8
209986062,AUS / Redcliffe (AUS) 15th Feb,R4 1780m Pace M,15-02-2023 08:53,27885719,8. Aunty Frances,0,10.650405016642473,10.7463790846350031316460585198539791524,9.50953494180119468247567032004225196418,13,9.4,50,5,2442.49,1854.28,180.29
209986058,AUS / Redcliffe (AUS) 15th Feb,R2 1780m Pace M,15-02-2023 07:55,28260659,8. Courageous Sam,0,5.528508749,3.43777104452550059359609514988124116675,3.14763726969043707670980231698901353918,5.5,5.2,7.2,1.64,6549.88,3067.08,3482.8
209986058,AUS / Redcliffe (AUS) 15th Feb,R2 1780m Pace M,15-02-2023 07:55,40112104,3. Roclea Ruler,0,69.12250676657422,31.8305554270273113731333572079363947461,36.6596858638743455497382198952879581152,75,55,910,910,370.54,351.76,18.78
209986072,AUS / Redcliffe (AUS) 15th Feb,R9 1780m Pace M,15-02-2023 11:25,27121880,6. Mammals Destiny,0,108.81132422729571,105.479765467912002262983206599651139707,1,120,80,920,920,0,110.53,2.93
209986072,AUS / Redcliffe (AUS) 15th Feb,R9 1780m Pace M,15-02-2023 11:25,48106844,2. Bokhari,0,21.875651169213242,23.147693619907641561941785994808499589,1,27,19,890,14.5,0,900.94,49.43
209986074,AUS / Redcliffe (AUS) 15th Feb,R10 1780m Pace M,15-02-2023 12:01,52505283,5. Lucky To Be A Laag,0,65,50.7329377471659909863903839523376533158,1,60,50,1,1001,0,92.33,3.72
209986056,AUS / Redcliffe (AUS) 15th Feb,R1 2040m Pace M,15-02-2023 07:22,11106421,3. Little Change,0,3.759585829772405,4.43478605697248618083441285554676268118,3.53087095884974784634007651834855665833,5,3.45,3.25,2.1,7509.31,4445.9,1319.87
209986056,AUS / Redcliffe (AUS) 15th Feb,R1 2040m Pace M,15-02-2023 07:22,23954878,5. Ideal Tiger,0,4.579109281,5.67057213372969497554647733485111746404,4.09676524155820093566167955903469359396,7,6.2,1,1001,5397.25,3074.84,144.59
209986066,AUS / Redcliffe (AUS) 15th Feb,R6 1780m Pace M,15-02-2023 09:51,36297201,6. Bustaballoon,0,208.85801415489416,48.3271033848633137491155908445263098407,61.4956837016574585635359116022099447514,180,95,200,200,231.68,212.8,18.88
209989343,AUS / Charlton (AUS) 15th Feb,R3 1609m Pace M,15-02-2023 02:39,11872282,10. Southern Gnp,0,43.45295405044221,48.9746289112289531270901743820655781564,14.9116049061391807918794937697237856655,65,48,1,1001,307.37,36.45,10.18
209989343,AUS / Charlton (AUS) 15th Feb,R3 1609m Pace M,15-02-2023 02:39,41745583,2. Im Rowdy,0,8.2843061118506,8.0207046435213532049437366819841959757,5.62931680484693877551020408163265306122,10,8.8,4,4,2007.04,946.92,559.74
209989343,AUS / Charlton (AUS) 15th Feb,R3 1609m Pace M,15-02-2023 02:39,38533786,3. Ce Pe Three,0,65.2942629486647,64.8334212252734118974915295359438759331,23.3919559744745623792518002458872431357,80,80,990,910,170.81,19.52,13.87
209989345,AUS / Charlton (AUS) 15th Feb,R4 1609m Pace M,15-02-2023 03:13,12853001,10. Kempseys Delight,0,80,88.3287909764022092000472300754752526345,32.1851502280950133710869907188925593834,100,65,34,34,254.28,48.24,49.26
209989345,AUS / Charlton (AUS) 15th Feb,R4 1609m Pace M,15-02-2023 03:13,28535645,9. Joeys Hangover,0,8.079719706,7.69309962715509425803235479248084017391,6.2306274394043753484863393354980484765,8.4,8.4,1,1001,1524.45,1048.58,40.21
209989349,AUS / Charlton (AUS) 15th Feb,R6 1609m Pace M,15-02-2023 04:23,52505309,10. We Bettor Believe It,1,7.194197494442341,5.29697309649193294117763722999324918604,3.77458234542431333908116763148170957014,7.8,4.7,1.04,1.04,5196.16,3124.1,2072.06
209989351,AUS / Charlton (AUS) 15th Feb,R7 2100m Pace M,15-02-2023 04:58,8258457,5. Aladdin,0,9.8,6.85287881510142589295960588111589341962,9.78747575953458306399482870071105365223,10.5,10,980,40,866.32,827.72,38.6
209989351,AUS / Charlton (AUS) 15th Feb,R7 2100m Pace M,15-02-2023 04:58,28091458,6. Tupelo Beach,0,15.5,9.49166538028558806999354416867207133261,12.0335035611971057488704947176519878161,15.5,14,980,890,883.13,863.08,20.05
209989355,AUS / Charlton (AUS) 15th Feb,R9 1609m Pace M,15-02-2023 06:08,52505314,8. Missmalachite,0,8.6,8.93313912648455249799648364643897967061,7.80910811073680115299256390532021185354,8.8,8.8,980,980,1130.97,763.46,65.75
209989357,AUS / Charlton (AUS) 15th Feb,R10 2100m Trot M,15-02-2023 06:43,39428084,6. Bullapark Beno,0,3.356690406663693,3.40694860651992459157469812286600020498,4.53716646187546863161531183876324436366,3.55,3.25,980,70,5094.62,3746.66,168.68
209989357,AUS / Charlton (AUS) 15th Feb,R10 2100m Trot M,15-02-2023 06:43,11415540,3. Tension Seeker,0,348.608475899,244.068288061597854161468844587413531178,61.6404944871366521884396926161042432342,200,140,960,85,89.79,9.01,18.48
209989359,AUS / Charlton (AUS) 15th Feb,R11 2100m Pace M,15-02-2023 07:08,34985091,7. Apieceoflou,0,13.889393386822192,14.2895597208890186622376802934577593836,11.3137517433751743375174337517433751743,1,1001,980,890,645.3,365.3,26.06
209990835,AUS / Shepparton (AUS) 15th Feb,R9 1690m Pace M,15-02-2023 10:10,9110132,1. Forever And A Day,0,20.363585596,9.85118946760955880854199139003282156594,12.1821754064575223265399587817723837875,21,21,890,890,1091.75,1064.52,27.23
209990835,AUS / Shepparton (AUS) 15th Feb,R9 1690m Pace M,15-02-2023 10:10,52505297,8. War Western,0,9.053333813783976,7.94597239566779123539535180580465119231,8.62269701867052268957597924552375281759,11,8.8,80,80,2821.56,2768.14,53.42
209990841,AUS / Shepparton (AUS) 15th Feb,R12 1690m Trot M,15-02-2023 11:32,41385260,3. Aldebaran Keepa,0,15,11.7932216116714242954073065336586989955,7.11737624286031206788687026842355549913,25,14.5,900,900,39.56,1338.28,14.93
209990823,AUS / Shepparton (AUS) 15th Feb,R3 1690m Trot M,15-02-2023 07:14,48426996,10. Millee,0,16.279110719169843,15.2390148251844900102728701745484554117,17.0666448872917347272133289774583469454,16.5,14.5,980,48,642.81,429.5,37.47
209990825,AUS / Shepparton (AUS) 15th Feb,R4 1690m Pace M,15-02-2023 07:47,312863,7. Hidalgo,0,14.959760478351965,14.38567647002348921267622057484106641,10.3920175766471269292831681724115925646,17.5,17.5,1,1001,1096.91,638.6,22.01
209990837,AUS / Shepparton (AUS) 15th Feb,R10 2190m Pace M,15-02-2023 10:40,49244806,7. Albalou,0,30.953306852,31.1091039768464249447213522055879674754,20.0029416156487979692399581902344333284,38,32,1,1001,669.7,362.04,26.96
209990839,AUS / Shepparton (AUS) 15th Feb,R11 1690m Pace M,15-02-2023 11:07,39098079,5. Keayang Alex,0,5.02176155263005,4.15522544179146349684682098437587625688,4.96125777850296743185812077497321151885,5.4,4.8,140,5.2,339.8,6169.78,196.71
209990819,AUS / Shepparton (AUS) 15th Feb,R1 2190m Pace M,15-02-2023 06:20,52505289,5. Eye See Philtra,0,31.502454224643763,13.2459316138250308815579352987750411727,15.7344104992726034605503451264431856873,29,20,1,1001,323.07,299.18,23.89
209992485,AUS / Bathurst (AUS) 15th Feb,R4 2260m Pace M,15-02-2023 08:33,967950,7. The Dancer,0,190,60.5847728585950301294731982979726107291,68.4679712797409545262565113332394762776,190,160,1,1001,142.06,133.63,8.43
209992485,AUS / Bathurst (AUS) 15th Feb,R4 2260m Pace M,15-02-2023 08:33,47241460,6. Shanerra Star,0,70,42.8272595775332580321477009691483351515,48.9985872078088877472386334446442332392,90,70,1,1001,155.72,130.82,24.9
209992479,AUS / Bathurst (AUS) 15th Feb,R1 2260m Pace M,15-02-2023 07:03,40112171,4. Arma Rolling Stone,0,30,17.9213071344355407226292353408350659897,17.1490615579111154332393270446367791501,26,15,1,1001,1028.3,918.02,18.1
209992481,AUS / Bathurst (AUS) 15th Feb,R2 1730m Pace M,15-02-2023 07:38,4042463,9. Blue On Black,0,3.789071170155802,3.76438502467578943822435059947792540409,2.78094284461715258124012627985462771049,4.3,3.4,1,1001,3854.93,1881.92,324.45
209992483,AUS / Bathurst (AUS) 15th Feb,R3 1730m Pace M,15-02-2023 08:03,12813122,6. Grinfaron,0,2.039225357539981,2.03831091170504447957809536543182490254,2.14817521789125690914555266630950358688,2.2,1.85,880,2.6,12244.64,10141.76,892.84
209992487,AUS / Bathurst (AUS) 15th Feb,R5 1730m Pace M,15-02-2023 09:02,24265609,9. Send It,0,2.7659748345616393,2.87910250525366626639788043802361285022,2.64901738491273502538583058377954483275,3.7,2.52,880,880,7931.59,5552.66,586.07
209992489,AUS / Bathurst (AUS) 15th Feb,R6 1730m Pace M,15-02-2023 09:33,35879899,4. Chelseas Girl,0,12,12.1492942742102429405541106369673266094,11.9172632005265023034475775831519262897,12.5,10.5,890,890,790.12,545.02,68.22
209992489,AUS / Bathurst (AUS) 15th Feb,R6 1730m Pace M,15-02-2023 09:33,23519743,3. Caribbean Pat,0,50.121867448,64.6777833309352874326810527675201414714,44.305107870725675790909866120917540718,65,55,1,1001,117.27,33.11,18.1
209992493,AUS / Bathurst (AUS) 15th Feb,R8 1730m Pace M,15-02-2023 10:30,3345382,1. Just Rhythm,0,13.223875626526661,10.873109094026722655624022452812158818,6.80784717591563557333728482872737151466,11.5,9.4,1,1001,1619.64,789.34,504.98
209992601,AUS / Ascot (AUS) 15th Feb,R6 1200m CL3,15-02-2023 08:10,721979,1. Avoidance,0,3.75,3.52893255275278886934191484360584987321,3.16168385312371200966912149616932624936,4.5,3.2,880,4,30182.68,23553.46,624.6
209992601,AUS / Ascot (AUS) 15th Feb,R6 1200m CL3,15-02-2023 08:10,52621761,10. Beneath The Covers,0,62.780301928,64.2747109934872497200027447290651688731,30.8221750913161305526098739248262047838,70,50,290,290,848.7,300.94,12.36
209992605,AUS / Ascot (AUS) 15th Feb,R7 1800m Hcap,15-02-2023 08:50,13428093,10. Decoy Noxious,0,130,103.662754473293399461515015094552805983,65.1669876946104111202443901900403636408,120,85,1,1001,815.09,477.08,16.95
209992585,AUS / Ascot (AUS) 15th Feb,R2 1100m Mdn,15-02-2023 05:44,44509135,8. Promised Bride,0,10,6.8073079066519476340848854673311515626,7.14228209493462496937617911463217865274,11.5,9.8,890,890,6408.41,6168.24,240.17
209992585,AUS / Ascot (AUS) 15th Feb,R2 1100m Mdn,15-02-2023 05:44,52621741,7. Slogitson,0,36,17.3721659687554049733690737756752095216,18.4510407446152195488318446393605321746,36,27,900,22,1491.24,1393.82,97.42
209992593,AUS / Ascot (AUS) 15th Feb,R4 1000m CL1,15-02-2023 06:54,52621754,4. Dynamic Ruler,0,17.330396161141103,15.4241750929049784307936796220743079596,12.2975319714333167247965454243481149311,18,11,1,1001,4515.75,3143.7,59.83
209992597,AUS / Ascot (AUS) 15th Feb,R5 1500m CL1,15-02-2023 07:34,52621758,3. Alaskalot,0,2.42,2.11048221536418839155659224464742446812,2.19170391139286425920541896965341243358,2.7,2.14,3.7,2.4,38041.18,33857.92,4183.26
209992597,AUS / Ascot (AUS) 15th Feb,R5 1500m CL1,15-02-2023 07:34,52621759,4. Axemans Jazz,0,4.990046647460511,4.77755743266221775227142740444043377528,4.83784132071964349411936114306958797848,7,4.7,890,3.3,15923.44,14559.8,1363.64
209992581,AUS / Ascot (AUS) 15th Feb,R1 1000m 3yo,15-02-2023 05:09,1539611,2. Work In Progress,0,14.439318103773983,11.8928019694400610502340202379203734515,10.3224891221094144680018903899744145495,14.5,6.6,890,10,7363.56,5517.9,319.76
209983478,AUS / Strathalbyn (AUS) 15th Feb,R4 1200m Mdn,15-02-2023 04:20,52621200,3. Testa Dexta,1,7.862275172311929,6.84588388412188245567452879311704001421,4.66899943332761462118730861809920405925,7.2,5.7,5,1.01,11541.06,6123.42,2648.14
209983496,AUS / Strathalbyn (AUS) 15th Feb,R7 1600m Hcap,15-02-2023 06:05,36423614,11. Sacred Kiwi,0,65,74.2362524241705124918365226859825275363,67.766952519700682074034832130322495199,90,46,1000,18,1208.08,581.36,291.3
209983496,AUS / Strathalbyn (AUS) 15th Feb,R7 1600m Hcap,15-02-2023 06:05,23389044,10. Sirmaze,0,11.5,12.8775912242275507578565216796616310402,9.19842313927469771228373987374385013023,14.5,9.6,1,1001,8500.18,5678.68,1398.78
209983502,AUS / Strathalbyn (AUS) 15th Feb,R8 1200m Hcap,15-02-2023 06:40,52621217,6. Glacier Grey,0,30,29.9987544137851664227436098779162554603,23.7780933675781840157123432542680163167,32,24,22,22,1985.7,1472.8,54.7
209983472,AUS / Strathalbyn (AUS) 15th Feb,R3 1200m Mdn,15-02-2023 03:45,52621199,13. Lilla Bjelle,0,23.431783528366644,25.0665604170096802100854267712064000574,19.0417944619637997321698561492937059916,32,22,18,18,2777.88,1945.1,38.56
209983472,AUS / Strathalbyn (AUS) 15th Feb,R3 1200m Mdn,15-02-2023 03:45,52621198,12. Athanor,0,230,261.613283364927934992194258397933685585,93.4190219224283305227655986509274873525,350,210,990,100,296.5,71.36,15.84
209983472,AUS / Strathalbyn (AUS) 15th Feb,R3 1200m Mdn,15-02-2023 03:45,51636232,11. Stella Notation,0,13.5,11.5353430594507867522270106594745709764,9.78386212130756148110820398499902441423,13.5,8.4,11.5,11.5,6508.91,4817.68,275.01
209983472,AUS / Strathalbyn (AUS) 15th Feb,R3 1200m Mdn,15-02-2023 03:45,43798353,7. Barbras Wish,0,13.239946857809556,12.2766135429961517605259969102606123994,9.40774074402096720757601104780274030119,13,11,890,10,3048.57,1838.28,309.27
209983484,AUS / Strathalbyn (AUS) 15th Feb,R5 1350m Hcap,15-02-2023 04:55,52621209,4. Magicourt,0,4.638520088,4.40843035426851009646824511899199710247,4.5732333384202838518389326124397741394,5.8,4.6,980,4.7,16054.15,15261.76,792.39
209983460,AUS / Strathalbyn (AUS) 15th Feb,R1 2050m Mdn,15-02-2023 02:35,47590487,3. Dans Le Savoir,0,6,5.34542331499976844220663450757332356565,6.33501474609790113535845061727145572426,6.6,4.8,1000,6,9880.58,9409.4,471.18
209983460,AUS / Strathalbyn (AUS) 15th Feb,R1 2050m Mdn,15-02-2023 02:35,50997547,4. Hotfootit,0,32,24.6197172250259800501569878027604095801,26.5832107042967265356241411906873398108,42,29,990,29,1026.13,948.26,77.87
209983460,AUS / Strathalbyn (AUS) 15th Feb,R1 2050m Mdn,15-02-2023 02:35,52621192,9. Bugatti Gold,1,4.8,4.17132709954676079075978157485536532253,3.55321349814858149682712293694164934547,5.2,4.7,3.55,3.15,14529.4,10592.08,3937.32
209983517,AUS / Randwick (AUS) 15th Feb,R3 1400m 3yo,15-02-2023 04:30,52147907,1. Hollywood Hero,0,2.3139989683009343,2.38437733374647081313632133403497778332,2.25664685150941565346960483267140797641,2.86,2.1,2.2,2.1,80588.14,69907.44,3508.1
209983517,AUS / Randwick (AUS) 15th Feb,R3 1400m 3yo,15-02-2023 04:30,52621164,4. Cut On A Dime,1,13.035636856264901,16.0125435251824815664901955914722580072,11.4584723605094717786254606581754703562,25.11,11,17,10,12373.6,8314.02,2076.48
209983521,AUS / Randwick (AUS) 15th Feb,R4 1000m Hcap,15-02-2023 05:05,47240433,10. Rita May,0,6.879713264788626,6.76881916693065653861521396121687246891,6.88186794487842677333556723701019916647,11,6.6,9.2,7.4,15279.68,14780.8,498.88
209983521,AUS / Randwick (AUS) 15th Feb,R4 1000m Hcap,15-02-2023 05:05,2057477,9. Undeniable,0,80,33.9717045868941760716512721376924685249,35.6529028088294455546102658462431329099,85,50,1,1001,1516.29,1504.45,11.84
209983533,AUS / Randwick (AUS) 15th Feb,R7 1400m Hcap,15-02-2023 06:50,40701789,4. Ka Bling,0,5.610083177447741,5.60073059804227519127430552082176484426,4.4978521276530165638234260669087232849,6,4.5,5.3,3.3,29199.78,20406.6,2275.14
209983525,AUS / Randwick (AUS) 15th Feb,R5 1800m Hcap,15-02-2023 05:40,42011337,6. Kirkeby,1,11.703918561288738,9.26134199061389016454248000326370875748,5.68248661762193846313296393043658508966,12,7,7,6.2,10420.42,5290.52,2217.82
209983525,AUS / Randwick (AUS) 15th Feb,R5 1800m Hcap,15-02-2023 05:40,38829059,1. Caesars Palace,0,3.207235805265154,3.72578639916119569257630760546332546293,3.16845669411456485187752245963235513579,4.9,3.2,3.7,3,48246.56,34728.94,3407.08
209985425,AUS / Doomben (AUS) 15th Feb,R1 1050m Mdn,15-02-2023 03:38,51918405,11. Maid To Fit,0,3.952229104,3.21970164435181827843870677404117960837,3.1743044412331687042308288294058827164,4.6,3.7,4.1,3.65,30911.91,27930.88,2981.03
209985433,AUS / Doomben (AUS) 15th Feb,R3 1640m CL1,15-02-2023 04:48,52621476,6. Chantiss,0,12.5,10.8811936247224821149640524631846300231,8.26347385596917305679361456115043443736,12,10,10.5,9,8034.53,5171.5,541.87
209985437,AUS / Doomben (AUS) 15th Feb,R4 1640m Mdn,15-02-2023 05:23,52621478,3. Golden Honour,0,9.2,10.1315789158811977132565936969070188216,8.18251547364420883122480209314616933576,13.5,8.8,9,8.6,13736.26,10216.34,510.02
209985449,AUS / Doomben (AUS) 15th Feb,R7 1350m Hcap,15-02-2023 07:10,35708980,1. Alpha Go,0,18.597824657,14.0711977924395541833088622730861938333,14.2287814076257567342163132483550770184,21,14.5,9,9,5743.43,5453.14,290.29
209985459,AUS / Sandown (AUS) 15th Feb,R1 1300m Mdn,15-02-2023 04:40,52621489,4. Roam Around,0,19.5,15.7203151178855691115954694021583005986,16.4690680790147215989084011310352442886,22,17,18,18,5071.46,4904.42,167.04
209985486,AUS / Sandown (AUS) 15th Feb,R5 1300m CL1,15-02-2023 07:00,52621509,6. Gargantuan,1,11.5,9.35300614153819614065812391182557284023,8.72922181229866321757008644445449940461,24,10,11.5,10,18122.62,16005.14,2117.48
209985493,AUS / Sandown (AUS) 15th Feb,R6 1000m Hcap,15-02-2023 07:30,43567738,13. Independent,0,35.3539241647537,21.4450517029682552212644989447873753339,21.7466168142989089561177647309304737149,44,32,1,1001,6528.61,6514.57,14.04
209985493,AUS / Sandown (AUS) 15th Feb,R6 1000m Hcap,15-02-2023 07:30,45759182,7. Danaustar,0,11,9.47457847092124767056380128670926731328,9.59058336497145026613732535130881232604,16,10,12.5,6,15909.08,15625.92,283.16
209985506,AUS / Sandown (AUS) 15th Feb,R8 1400m Hcap,15-02-2023 08:30,47393007,10. Hanaady,0,60,35.4418352095751000226162020052604959404,34.4517699243324732554431333893833531441,95,48,50,28,2414.51,2120.93,293.58
209985466,AUS / Sandown (AUS) 15th Feb,R2 1300m 2yo,15-02-2023 05:15,52621497,5. Roguery,0,27.01131770229899,23.3594204435994855565845938118607668403,15.5973107472007093737324189455612259337,27,17.5,50,50,4240.36,2299.92,302.24
209985466,AUS / Sandown (AUS) 15th Feb,R2 1300m 2yo,15-02-2023 05:15,52621498,7. How Dare You,0,17.679402147115464,17.2655341148322273049112398853185445081,11.6767234744986069866714112432343891428,19,16,890,11,7081.77,3672.94,1062.27
209985500,AUS / Sandown (AUS) 15th Feb,R7 1800m Hcap,15-02-2023 08:00,41197756,13. Native Girl,0,20,18.2447515811388514181081436936370034552,13.1403379947872174137473508958788482441,22,12.5,1,1001,5501.86,3714.4,85.2
209985500,AUS / Sandown (AUS) 15th Feb,R7 1800m Hcap,15-02-2023 08:00,50997965,2. Bass,0,77.34672742767958,69.1699597908233470256630587767709820758,38.8371679735192772065008003906991887566,85,46,1,1001,1474.28,780.26,17.76
209985500,AUS / Sandown (AUS) 15th Feb,R7 1800m Hcap,15-02-2023 08:00,51735760,14. Anchorman,0,207.9769580006693,186.6768200601764348503085592759559798,101.659865822308608690200012539971158066,240,110,1,1001,797.45,425.16,3.23
209985480,AUS / Sandown (AUS) 15th Feb,R4 1300m Hcap,15-02-2023 06:25,10162479,7. Botany,0,26.3239779061242,21.4701632640592378885182180294233553336,16.5443922059822350025139147385969709533,25,17.5,65,60,5668.45,3853.98,91.75
209985480,AUS / Sandown (AUS) 15th Feb,R4 1300m Hcap,15-02-2023 06:25,41197769,6. Boss Queen,0,14.959106218707753,14.0410009710692506364575925428703258789,10.6564197236821135919048561406212511537,16.5,11.5,13,8.8,11420.18,7655.56,1281.26
209985480,AUS / Sandown (AUS) 15th Feb,R4 1300m Hcap,15-02-2023 06:25,44562625,4. Gunna Gunna,0,15.686400456458795,15.413839061329223568325555136117284931,13.1913442683682398553918281053391329897,36,13,10,10,12524.88,10161.33,356.97
209986068,AUS / Redcliffe (AUS) 15th Feb,R7 1780m Pace M,15-02-2023 10:20,43717156,7. Connies Spirit,0,5.6251378968051,5.69718110269316558560065715493896442693,4.15009844359001903202203579803761408572,6.4,5,1,1001,4933.79,2926.72,343.43
209986068,AUS / Redcliffe (AUS) 15th Feb,R7 1780m Pace M,15-02-2023 10:20,41616998,4. My Girl Blaze,0,95,99.2402625548993028080361944145494384546,51.3343302329754463618147561085025570476,150,80,360,360,334.37,150.35,5.58
209986060,AUS / Redcliffe (AUS) 15th Feb,R3 1780m Pace M,15-02-2023 08:20,11294439,6. Betting Baron,0,14.5,15.62791721757334076438408759760041312,13.2324889274858879722101606600086843248,16,13.5,1,1001,1151.5,865.6,40.56
209986062,AUS / Redcliffe (AUS) 15th Feb,R4 1780m Pace M,15-02-2023 08:53,19051986,7. Feeling The Power,0,8.295807277811692,6.9573698162653332737080009259916525107,5.2106307410509400172955011269312742154,1,1001,1,1001,2937.18,1723.92,534.28
209986062,AUS / Redcliffe (AUS) 15th Feb,R4 1780m Pace M,15-02-2023 08:53,26100828,1. Todays Hero,0,7.6,8.70056910257601668165749869105643269467,6.84627144778714609100751287687411830321,9,7,5,4.3,3048.1,1753.36,823.18
209986058,AUS / Redcliffe (AUS) 15th Feb,R2 1780m Pace M,15-02-2023 07:55,8451592,9. Altana Blue,0,11.555333710752894,8.79927735727397461286367742922599709076,8.35907906416176027492080554401908810332,13.5,10.5,7,7,2455.98,2031.32,424.66
209986058,AUS / Redcliffe (AUS) 15th Feb,R2 1780m Pace M,15-02-2023 07:55,41729525,1. True Grit Shadow,0,14.54637106168142,8.607495653828740231865021413139131504,10.3478474974031470011156849921132612627,18,11.5,26,16.5,1299.65,1159.38,140.27
209986064,AUS / Redcliffe (AUS) 15th Feb,R5 2040m Pace M,15-02-2023 09:20,24984871,4. Abbey Diadema,0,43.238658771,48.76459816935385145914882528321999005,33.3257830196047801296571116144653596813,70,40,70,70,512.12,302.42,17.12
209986070,AUS / Redcliffe (AUS) 15th Feb,R8 1780m Pace M,15-02-2023 10:54,28286707,6. Baby Ginnie,0,70.96194437750687,50.697820534776258202091549761615354567,54.8779811058994516747043667833784765806,170,55,160,160,302.74,297.72,5.02
209986070,AUS / Redcliffe (AUS) 15th Feb,R8 1780m Pace M,15-02-2023 10:54,16098354,2. Lazy Blaze,0,12.306165857795278,8.73873397590541429347616453645538903428,9.78643906831034121252859882706266149472,1,1001,15,15,1621.57,1548.2,73.37
209986072,AUS / Redcliffe (AUS) 15th Feb,R9 1780m Pace M,15-02-2023 11:25,37503606,7. Feelin Flirty,1,6.6,6.57991287447268921291405083130880208805,1,8.8,5.6,1,1001,0,2755.96,4228.88
209986074,AUS / Redcliffe (AUS) 15th Feb,R10 1780m Pace M,15-02-2023 12:01,50007822,3. Ima Midnight Rebel,0,6.6,9.1959376624235931517960666571738276972,15.4839010282201338224035844286695768501,16.5,7,1000,890,5.7,2370.98,34.48
209986056,AUS / Redcliffe (AUS) 15th Feb,R1 2040m Pace M,15-02-2023 07:22,40021941,9. Mullum Boy,0,63.659024608414626,61.6041571204415875279191385749093206547,31.6916122274594117809200915129964993522,80,55,990,990,362.79,152.32,10.67
209986066,AUS / Redcliffe (AUS) 15th Feb,R6 1780m Pace M,15-02-2023 09:51,42288577,2. Iron Annie,0,22.02804217253802,17.0634839755275012290016090754546654293,25.000249451207343843544202753941329076,36,19,900,80,1403.08,1270.6,132.48
209986066,AUS / Redcliffe (AUS) 15th Feb,R6 1780m Pace M,15-02-2023 09:51,46065790,9. Five Star Gem,0,23.083181589,12.7881376935297885320040085693465817234,15.0206011189660406817886108340200372989,23,11,1,1001,1152.85,1071.48,69.37
209989343,AUS / Charlton (AUS) 15th Feb,R3 1609m Pace M,15-02-2023 02:39,35545869,6. Stylish Heaven,0,28,32.5163992353257789154932191556888706778,16.64624553760513099776123918436497852,40,40,980,900,330.54,65.84,18.7
209989345,AUS / Charlton (AUS) 15th Feb,R4 1609m Pace M,15-02-2023 03:13,41729304,2. Mynameisruby,0,24.672726698,31.185531442809383419242359081228830413,10.4210657310783255367638239174763104234,36,30,8.4,8.4,666.96,75.5,219.44
209989353,AUS / Charlton (AUS) 15th Feb,R8 2100m Pace M,15-02-2023 05:33,52505311,1. Soho Moonraker,0,2.2,2.34987007770511380552271481915681569826,3.02765713187060606290587393021308460392,2.66,2.12,1000,12,15811.56,12790.3,777.32
209989353,AUS / Charlton (AUS) 15th Feb,R8 2100m Pace M,15-02-2023 05:33,41819492,6. Harts Last,0,32,33.0607349795470626369328727358695868623,13.6404030464644874343179894908783185405,34,34,980,900,508.13,78.54,273.57
209989359,AUS / Charlton (AUS) 15th Feb,R11 2100m Pace M,15-02-2023 07:08,52505320,2. Ideal Assassin,1,2.537030826240807,2.25329674136957094394121069455890197885,1.83302583653785452159998243345986731773,1,1001,1.73,1.73,7286.58,3394.82,2826.78
209989339,AUS / Charlton (AUS) 15th Feb,R1 2100m Pace M,15-02-2023 01:40,52505304,3. Soho Bococa,0,5.893617502557462,3.33207894946122058255958626532801761952,4.05181019579620923519794738612451794082,5.5,5.2,1,1001,2556.74,2148.62,206.2
209990829,AUS / Shepparton (AUS) 15th Feb,R6 1690m Trot M,15-02-2023 08:40,39056816,3. Ebonys Avenger,1,2.242828345144808,2.31882598294032067152964564180259843407,1.84395268953120447167650933446055477352,2.44,2.1,1.71,1.04,14620.02,8452.62,3828.44
209990841,AUS / Shepparton (AUS) 15th Feb,R12 1690m Trot M,15-02-2023 11:32,38753668,1. Thebestbourbon,0,217.5111170443538,49.4304946866694103924924818641934100822,44.7097531674180288220529336543992063646,130,42,1,1001,6.14,151.05,1.26
209990823,AUS / Shepparton (AUS) 15th Feb,R3 1690m Trot M,15-02-2023 07:14,1352143,3. Dances,0,7.2,7.92209974998869646411590274020110557455,6.26750670848895818979584436305616999674,7.6,7,7.2,4.8,2206.16,1177.64,347.12
209990825,AUS / Shepparton (AUS) 15th Feb,R4 1690m Pace M,15-02-2023 07:47,26678902,6. Luvtoo,0,10.951523108,10.0702603732592417630249849214543627169,7.65745985988670264472228739985921630409,1,1001,1,1001,1491.65,743.44,141.43
209990825,AUS / Shepparton (AUS) 15th Feb,R4 1690m Pace M,15-02-2023 07:47,8635587,1. Mystic Castle,1,76.1248894202686,69.1517974560658664075715650578694871612,9.18060040588031480473197049943077760729,70,60,1,1001,1212.18,111.1,976.02
209990825,AUS / Shepparton (AUS) 15th Feb,R4 1690m Pace M,15-02-2023 07:47,41198853,4. Redfox Raider,0,34,28.0395088356620557099538394692746284092,8.35145739827691672746836469226970896254,40,21,8,8,1356.87,277.06,875.01
209990827,AUS / Shepparton (AUS) 15th Feb,R5 2190m Pace M,15-02-2023 08:13,41901885,3. Cocora,0,7.451155931272224,5.96832217696414801136413792028249387245,6.94726550668057752498906202672231009996,8,7.4,890,890,1782.78,1565.58,217.2
209990827,AUS / Shepparton (AUS) 15th Feb,R5 2190m Pace M,15-02-2023 08:13,47398279,4. Mahindi,0,11.647846292126925,7.33906602948824095047225065793378409484,8.48759543817527010804321728691476590636,11.5,11,890,6,1666,1387.32,278.68
209990831,AUS / Shepparton (AUS) 15th Feb,R7 2190m Pace M,15-02-2023 09:11,25574568,2. Ajay Breezy Rose,0,41.748309887,29.912253426141259135023240558443151321,24.8987775061124694376528117359413202934,34,26,1000,1000,511.25,250.84,24.83
209990833,AUS / Shepparton (AUS) 15th Feb,R8 2190m Pace M,15-02-2023 09:42,3471818,5. Diamond Eclipse,0,11.5,11.5116858147634294041857419687290790339,9.80088655656737150794875752430930699182,12,10,24,24,1619.75,1098.5,117.99
209990837,AUS / Shepparton (AUS) 15th Feb,R10 2190m Pace M,15-02-2023 10:40,28719481,5. Holstein,0,8.816833840423428,10.7512417215206302220216927469508846426,8.83909629885454440798940885281759051402,14,8.6,1,1001,3474.6,2632.24,103.72
209992485,AUS / Bathurst (AUS) 15th Feb,R4 2260m Pace M,15-02-2023 08:33,14582826,5. Tulhurst Terror,0,277.8814112184663,43.1489823974130142108502483210856540536,51.847489797855176995349720034165322198,180,120,1,1001,105.37,85.82,19.55
209992485,AUS / Bathurst (AUS) 15th Feb,R4 2260m Pace M,15-02-2023 08:33,27744237,4. Gabbys Reason,0,39.08761312011863,27.0822532273581784389451070856273356132,37.1323214901690238013107968264918937565,60,38,150,150,289.9,209.88,80.02
209992485,AUS / Bathurst (AUS) 15th Feb,R4 2260m Pace M,15-02-2023 08:33,52505248,9. Chasin Better Days,0,21.753287645,17.3985843379121920707975261355582367303,11.1668764563541853378741709983868076716,32,21,4.6,4.6,892.64,352.8,539.84
209992479,AUS / Bathurst (AUS) 15th Feb,R1 2260m Pace M,15-02-2023 07:03,42502539,7. Our Sunset Delight,1,1.1238675676428853,1.13645150141915068311663632676900312565,1.11458984209015924002271162517443242491,1.16,1.11,1.05,1.05,16238.38,13300.56,1035.9
209992479,AUS / Bathurst (AUS) 15th Feb,R1 2260m Pace M,15-02-2023 07:03,50197298,5. Weona Sir Vivor,0,37.43455627283548,48.4864381641844931930333332505709108864,40.7807036247334754797441364605543710021,75,40,990,130,187.6,93.44,17.92
209992479,AUS / Bathurst (AUS) 15th Feb,R1 2260m Pace M,15-02-2023 07:03,45788952,6. Frontier,0,78.6234058105934,69.6839502502937883603809501353468555277,51.5870407688730429390792125251898930398,85,60,1,1001,64.51,28.5,7.65
209992481,AUS / Bathurst (AUS) 15th Feb,R2 1730m Pace M,15-02-2023 07:38,39859143,4. Rainbow Titan,0,40.297357626347804,38.3153530368065870574613162419152992363,12.0093279640876683390546606812780565091,1,1001,12,12,302.96,23.94,178.88
209992489,AUS / Bathurst (AUS) 15th Feb,R6 1730m Pace M,15-02-2023 09:33,26598584,6. Glen Innes Lad,0,94.9710630367613,104.525697466730396719579381650776081105,26.082177440460612405129547238942685161,1,1001,1,1001,76.42,9.54,5.48
209992491,AUS / Bathurst (AUS) 15th Feb,R7 1730m Pace M,15-02-2023 10:00,52505251,9. Sassy Beach,0,18.887161215372615,33.0495768835921312517250187705410118887,13.8632674266115202259659033592252597599,40,34,110,2.26,1387.82,381.72,666.7
209992491,AUS / Bathurst (AUS) 15th Feb,R7 1730m Pace M,15-02-2023 10:00,50767414,1. Bring Your Best,1,4.18026997762383,6.75177832076317227714872337829874719088,4.00140639336540634435740987293315581548,10,6,2.82,1.01,7345.74,3585.94,2668.12
209992493,AUS / Bathurst (AUS) 15th Feb,R8 1730m Pace M,15-02-2023 10:30,52505252,5. Lara Tiara,0,9.478507165709164,12.2221535142163582081035101487914231576,11.1051119956294388511667837352688675564,13,10.5,1,1001,1537.56,1201.16,91.24
209992601,AUS / Ascot (AUS) 15th Feb,R6 1200m CL3,15-02-2023 08:10,47196374,6. Dazzling Dane,0,16,14.4020709714821055432360072262302384541,11.8814568507295300040628258919962329928,16.5,10,44,44,5341.11,3974.74,69.79
209992605,AUS / Ascot (AUS) 15th Feb,R7 1800m Hcap,15-02-2023 08:50,27702764,7. Beat The Bro,0,11.677716519377617,11.0828182033120949684930955657448161712,8.12299848419002035449680584699523585933,17.5,9.4,10,9.8,8582.87,5660.46,198.29
209992605,AUS / Ascot (AUS) 15th Feb,R7 1800m Hcap,15-02-2023 08:50,16796056,5. Seberate,1,14.337744664,16.7598986240469498451401380334056793228,10.55576161779899779670182999611345395,18.5,13.5,22,13,7230.07,4069.84,1805.37
209992605,AUS / Ascot (AUS) 15th Feb,R7 1800m Hcap,15-02-2023 08:50,2714613,4. National Guard,0,20.427435698,21.713778067751226587569880165924013992,16.0551147655643599825996468751865846689,34,18,32,22,5861.95,4047.72,101.37
209992589,AUS / Ascot (AUS) 15th Feb,R3 1100m Mdn,15-02-2023 06:19,46603516,3. Frantic War,0,3.85,4.34081354124533867064782137958806214214,3.71803339641340363350402509099855827932,5.3,3.65,1,1001,26093.82,20993.18,257.9
209992585,AUS / Ascot (AUS) 15th Feb,R2 1100m Mdn,15-02-2023 05:44,42023447,1. Le Grand Jeu,0,26.291362341823053,19.1085516818148240697098471739939520454,20.4868514266692841474552112050938452215,38,24,900,46,2343.22,2292.12,51.1
209992593,AUS / Ascot (AUS) 15th Feb,R4 1000m CL1,15-02-2023 06:54,36501843,9. Rising Commodity,1,43.88159162975457,39.3388919282093850158849738793252450444,18.4537745816223354862673077319906729122,60,34,7.8,7.8,1938.44,779.68,587.94
209992593,AUS / Ascot (AUS) 15th Feb,R4 1000m CL1,15-02-2023 06:54,9005123,3. City Angel,0,4.578480722,4.88923853183163095665172821546956662171,3.85454911869155516842124706287227516694,5.3,4.4,3.1,3.1,20572.82,14546.28,2943.44
209992609,AUS / Ascot (AUS) 15th Feb,R8 1400m CL3,15-02-2023 09:30,45489464,5. Cruisey Roy,0,64.75953834969025,38.0961433818474766172680597861014291588,38.9197110969288482791899506561026104011,140,60,100,100,1284.86,1275.53,9.33
209992609,AUS / Ascot (AUS) 15th Feb,R8 1400m CL3,15-02-2023 09:30,52621766,2. Romancing The Rock,0,5.900991811623884,3.86528397014557789179683521725337914076,3.89350240207175603048384588228614031753,6.2,4.5,1,1001,32405.36,32171.04,234.32
209992609,AUS / Ascot (AUS) 15th Feb,R8 1400m CL3,15-02-2023 09:30,52621773,14. Domineer,0,84.7986992521316,38.6930873904804242080552790604640310442,38.3876345492925803806632822176863627641,90,70,1,1001,1146.42,1112.3,34.12
209983490,AUS / Strathalbyn (AUS) 15th Feb,R6 1350m Hcap,15-02-2023 05:30,52147942,8. Covered Call,0,21,13.0157120708652351496348511148096250316,13.284624839948783610755441741357234315,32,15,22,14,5467,5174.02,292.98
209983490,AUS / Strathalbyn (AUS) 15th Feb,R6 1350m Hcap,15-02-2023 05:30,573104,1. Thanasi,0,10.870807757631631,8.66036953945211756468541520745709783104,8.73694205343145249128938525141447051247,13.5,7.8,10.5,8.2,8400.67,7850.06,550.61
209983496,AUS / Strathalbyn (AUS) 15th Feb,R7 1600m Hcap,15-02-2023 06:05,44389213,8. Penwortham,0,95,103.874136704309524082842335747930621131,63.4482348695522958371367312713609442333,140,40,1,1001,942.14,552.12,13.64
209983496,AUS / Strathalbyn (AUS) 15th Feb,R7 1600m Hcap,15-02-2023 06:05,52384812,13. What Revolution,0,293.4838170213253,255.53483059398104074846599970767403614,135.817090017197146965126441318259987032,390,100,1,1001,354.71,179.32,2.15
209983502,AUS / Strathalbyn (AUS) 15th Feb,R8 1200m Hcap,15-02-2023 06:40,46108659,1. Norse Mythology,0,34,23.8691175792988210635640995062631695721,16.49574629235994038456839893474064844,32,14,1,1001,2046.45,1070.69,14.44
209983472,AUS / Strathalbyn (AUS) 15th Feb,R3 1200m Mdn,15-02-2023 03:45,52621197,5. Mission Supreme,1,2.3632488904921054,2.4173827744008426537041526739047766088,2.09316066918742511092424084464543969446,2.84,2.2,2.5,2.5,43547.74,32051.52,2833.96
209983517,AUS / Randwick (AUS) 15th Feb,R3 1400m 3yo,15-02-2023 04:30,44562780,8. Lalaguna,0,17.5,14.9752347450983287276969956358672289601,10.8811634293539822041892635098466996165,18,13,17,17,5491.18,3481.72,265.52
209983517,AUS / Randwick (AUS) 15th Feb,R3 1400m 3yo,15-02-2023 04:30,49063335,3. Magadan,0,30,27.452412458035897352303369666264883495,17.7781833869403175575636902026854546383,30,24,1,1001,3917.4,2372.76,59.5
209983529,AUS / Randwick (AUS) 15th Feb,R6 1400m Hcap,15-02-2023 06:15,52621173,8. Miyoshi,0,38,17.9368139054291415048295756271531195972,19.5281435573489233539919298449070363157,38,21.99,170,70,2931.79,2877.44,54.35
209983533,AUS / Randwick (AUS) 15th Feb,R7 1400m Hcap,15-02-2023 06:50,1027384,1. The Big Easy,0,7.4,7.01788806597866934849230873196317924491,5.53878409603067293836846882875334056991,8.2,5.1,980,7.2,18903.96,13039.94,627.68
209983533,AUS / Randwick (AUS) 15th Feb,R7 1400m Hcap,15-02-2023 06:50,52621180,8. The Denzel,0,10,9.14053478395618809990835681615467518081,6.58586338766547509279174409082850810011,11,8.2,8.6,3.8,10660.97,6350.3,1398.95
209983525,AUS / Randwick (AUS) 15th Feb,R5 1800m Hcap,15-02-2023 05:40,27068033,5. Chateaux Park,0,7.715365174218022,6.50979290698690681475238063634754718173,4.69612596957695700826073838703640759087,7.2,6,980,7.4,13092.05,7555.68,249.97
209983509,AUS / Randwick (AUS) 15th Feb,R1 1100m 2yo,15-02-2023 03:20,39551434,9. Waverley,0,10.665178098387258,8.74484152549209026804152174578357493268,8.98573405327357227728728924451396513604,15,10,890,890,7978.44,7869.51,108.93
209983513,AUS / Randwick (AUS) 15th Feb,R2 1550m Hcap,15-02-2023 03:55,44619806,6. Wategos,1,8.677392040803536,6.75615135523295201760829309620796690004,5.37692523722091027724078457799949172047,10.5,8,6.6,1.38,14008.04,9059.8,4948.24
209983513,AUS / Randwick (AUS) 15th Feb,R2 1550m Hcap,15-02-2023 03:55,6948729,4. Bon Vivant,0,3.434097898279685,2.99195723132050478076616962121473903924,3.08857519136699341648104457402132983238,3.7,3.35,980,2.34,36409.1,34559.6,1849.5
209985445,AUS / Doomben (AUS) 15th Feb,R6 1110m Hcap,15-02-2023 06:33,28587574,3. Magic On Ice,0,28.12955217858252,28.4696462230528620280122676323642916445,18.9652262541780955378689089737248377475,34,25,980,38,4670.19,2894.92,94.61
209985425,AUS / Doomben (AUS) 15th Feb,R1 1050m Mdn,15-02-2023 03:38,27454026,4. Point Break,0,30.13259593648915,20.5353107195049978415005068888036616288,21.7596927632253998035795429559812960819,36,29,170,170,2046.63,2016.72,29.91
209985425,AUS / Doomben (AUS) 15th Feb,R1 1050m Mdn,15-02-2023 03:38,42162032,10. Tikitiboo,0,170.3505019641779,66.0721082654641578641522121735006787381,68.1772761093609004701822153972802254342,180,95,1,1001,631.67,629.16,2.51
209985425,AUS / Doomben (AUS) 15th Feb,R1 1050m Mdn,15-02-2023 03:38,42023339,1. Tersane,0,5.067395553854947,3.5952490898077658881210467483871335189,3.69333014211625682437840405525875700333,5.1,3.4,3.9,3,24588.32,24110.56,477.76
209985437,AUS / Doomben (AUS) 15th Feb,R4 1640m Mdn,15-02-2023 05:23,49118370,10. Bramble Bay,0,110,105.824545656464100246339303692829280982,74.693672336989084846432385963998228567,150,90,1,1001,767.74,516.22,7.8
209985437,AUS / Doomben (AUS) 15th Feb,R4 1640m Mdn,15-02-2023 05:23,52621480,6. Lady Chartwell,0,18.5,17.3940875275075825555395855074604849052,11.1832910465764364326060011147066408232,19,11,890,10,4808.44,2696.7,453.8
209985429,AUS / Doomben (AUS) 15th Feb,R2 1640m CL4,15-02-2023 04:13,52621473,2. Rose Of Duporth,0,22.830732629,19.3568648515048514340385668009158030136,13.5856404649407109479740195504184726724,24,14,890,13,4609.62,2844.68,120.42
209985449,AUS / Doomben (AUS) 15th Feb,R7 1350m Hcap,15-02-2023 07:10,52621484,3. Preach,0,2.243077516713493,2.08613681035191703406897392312609246226,2.13957734186027784601553238529856367738,2.56,1.9,7.8,2.38,78483.76,77259.7,1224.06
209985449,AUS / Doomben (AUS) 15th Feb,R7 1350m Hcap,15-02-2023 07:10,52621487,14. Blinding Light,0,83.39936157351127,34.1519711333594519788047005349220537617,26.5549502397772392100242355489094002991,95,36,90,11,1551.44,1071.52,479.92
209985459,AUS / Sandown (AUS) 15th Feb,R1 1300m Mdn,15-02-2023 04:40,52621491,8. Vampire Miss,0,60,29.4900796858188689926775093465584611991,31.6829164709440372698784482037488658812,80,60,75,65,1554.07,1524.23,29.84
209985486,AUS / Sandown (AUS) 15th Feb,R5 1300m CL1,15-02-2023 07:00,52621512,10. Hey Denny,0,140,66.9960551250774200725639608212411344399,70.0763315539229990216103949604352975506,180,110,920,42,1747.77,1550.04,197.73
209985493,AUS / Sandown (AUS) 15th Feb,R6 1000m Hcap,15-02-2023 07:30,46108895,3. Lloyds Crown,0,13.15787905628924,10.6173694948829852244357555675719101069,10.8838157022950034443803306473526959925,21,12.5,890,14,15198.67,15048.96,149.71
209985506,AUS / Sandown (AUS) 15th Feb,R8 1400m Hcap,15-02-2023 08:30,52621525,7. Miso,0,4.05902083,3.64542604707475014942161773963831977457,3.74336749613651483110484178542572078083,5.4,4,6,4.1,50446.68,48503.64,1943.04
209985500,AUS / Sandown (AUS) 15th Feb,R7 1800m Hcap,15-02-2023 08:00,9311985,11. Edith,1,2.2,2.33754424970773442646000982571680045254,2.03833970912710698651450249448391812293,2.68,2.18,6,1.01,127581.5,92487.72,8447.48
209985500,AUS / Sandown (AUS) 15th Feb,R7 1800m Hcap,15-02-2023 08:00,12278898,5. Hearts And Minds,0,29.759031035,24.8300654356221517366290713982969456396,17.3146642185475915672302195583234209522,30,14,44,38,4531.37,2919.78,73.11
209985500,AUS / Sandown (AUS) 15th Feb,R7 1800m Hcap,15-02-2023 08:00,52621523,7. The Claimant,0,13,11.3655849513954894251546722192935725911,8.36467065868263473053892215568862275449,13,10,11,10,10190.34,6871.08,208.4
209985473,AUS / Sandown (AUS) 15th Feb,R3 1000m 3yo,15-02-2023 05:50,52621500,2. Mr Tickles,0,11.5,9.02657793597940686224064271596374168153,9.29103102493047430574316065213644272421,26,11,890,10,20247.91,19811.68,436.23
209986068,AUS / Redcliffe (AUS) 15th Feb,R7 1780m Pace M,15-02-2023 10:20,46328943,3. My Girl Mandy,0,3.284560160809632,3.27359586138254654152031831074488786967,2.8224157771161969137878037904446621921,3.4,3.1,600,2.66,13859.06,8632.64,877.78
209986060,AUS / Redcliffe (AUS) 15th Feb,R3 1780m Pace M,15-02-2023 08:20,10201838,9. Hear The Call,0,3.805198275706643,3.98493429295875206798509540411165379529,3.0319736178900692251252113439882604396,4.2,3.75,1,1001,6269.4,3482.44,333.14
209986060,AUS / Redcliffe (AUS) 15th Feb,R3 1780m Pace M,15-02-2023 08:20,27472926,8. Our Boy Roy,0,91.17168281648543,18.5682999133340835278150613461309560468,21.293185372639322231041881154659268632,890,7.4,1000,290,2544.82,2244.52,18.64
209986062,AUS / Redcliffe (AUS) 15th Feb,R4 1780m Pace M,15-02-2023 08:53,15568498,3. Campbell Best,0,10.284812373872045,11.5309933696157124957706544899550426739,9.88137688725368335570692255423523757437,13,10,9.2,8.8,1810.17,1153.34,256.45
209986058,AUS / Redcliffe (AUS) 15th Feb,R2 1780m Pace M,15-02-2023 07:55,19150509,7. Montana Express,1,7.2520941462869075,5.08402008350659628319612469199668452662,3.97600626557103913830798293199000324621,7.8,5.3,8.2,8.2,5113.66,3242.02,1871.64
209986064,AUS / Redcliffe (AUS) 15th Feb,R5 2040m Pace M,15-02-2023 09:20,7400760,9. Tell Me This,0,12.5,10.8665667363642314439239581007867920897,8.74890565406705642490079173661090422624,13,9.2,1,1001,1554.81,1089.02,62.33
209986070,AUS / Redcliffe (AUS) 15th Feb,R8 1780m Pace M,15-02-2023 10:54,20076813,5. Eastbro Tex,0,5.236947155687288,4.21725348735666472939455851635129030957,6.79344904874308830462005034113864916243,5.6,4.8,100,6,5875.91,3683.44,2192.47
209986074,AUS / Redcliffe (AUS) 15th Feb,R10 1780m Pace M,15-02-2023 12:01,1493267,4. Mystical Charm,0,9,9.24178057575283291768380037158167870719,1,9.8,8.8,8,6.8,0,2214.63,402.42
209986074,AUS / Redcliffe (AUS) 15th Feb,R10 1780m Pace M,15-02-2023 12:01,52505281,1. Themostess,0,7.8,8.75317115811142409741619911910041120555,13.0032190100112670964293914589009219707,11.5,7,1,1001,5.7,2919.85,62.04
209989341,AUS / Charlton (AUS) 15th Feb,R2 2100m Trot M,15-02-2023 02:11,52505306,9. Boutika,0,32.651135545629046,9.27671999651387928298499045174316581325,15.4735957202904088651127244936950706916,34,34,980,900,314.04,291.12,22.92
209989343,AUS / Charlton (AUS) 15th Feb,R3 1609m Pace M,15-02-2023 02:39,23104834,8. Pinnacle Hope,0,34.244886652,29.0857586646034230028355029447849185048,18.2034389837033234954446297959707429745,40,40,1,1001,233.79,92.65,11.36
209989345,AUS / Charlton (AUS) 15th Feb,R4 1609m Pace M,15-02-2023 03:13,26411811,7. Karalta Courage,0,51.11815879528177,67.3933701123227968015105510309396471245,19.8240927604300443987817854915055223278,85,65,1,1001,272.53,38.14,3.59
209989349,AUS / Charlton (AUS) 15th Feb,R6 1609m Pace M,15-02-2023 04:23,41500591,7. Roll With Ron,0,10.5,8.15536488701040194813109877123862498872,9.47679622331165155350486504961175729223,1,1001,890,890,936.27,922.98,13.29
209989353,AUS / Charlton (AUS) 15th Feb,R8 2100m Pace M,15-02-2023 05:33,26325177,7. Riverina Flash,0,9.6,9.61036419893222321661039384466641229497,8.376198801317129794139246203776087935,10.5,9,890,6,2110.65,1066.46,662.69
209989355,AUS / Charlton (AUS) 15th Feb,R9 1609m Pace M,15-02-2023 06:08,52015713,4. Fred Ned,0,14.102660368725921,13.1252750812675206030476603180877311043,9.00591659487275013388595245302349407409,1,1001,980,980,858.94,389.92,72.38
209989355,AUS / Charlton (AUS) 15th Feb,R9 1609m Pace M,15-02-2023 06:08,48638401,7. Remi Magic,0,189.60204883249511,142.130218662875381828210129704384500107,101.478469473431690056375194914237735396,200,100,990,320,83.37,47.48,3.59
209989357,AUS / Charlton (AUS) 15th Feb,R10 2100m Trot M,15-02-2023 06:43,21629548,7. Mumstheword,0,25.051482693,30.3245238325476558023998338588991212677,11.7759330697270710772494936830938373999,32,30,980,65,829.52,178.2,292.14
209989357,AUS / Charlton (AUS) 15th Feb,R10 2100m Trot M,15-02-2023 06:43,48516967,5. Off Your Faceski,1,8.4,8.09401048407622504469575574103740884958,4.22797430524302430243024302430243024302,8,8,1,1001,2844.16,1159.3,1167.18
209989359,AUS / Charlton (AUS) 15th Feb,R11 2100m Pace M,15-02-2023 07:08,12571838,1. Shaq,0,4.2,4.729398993567663626241628775621020069,4.80609768343257654111480414110275437557,3.95,3.95,980,880,1991.74,1120.18,111.44
209990821,AUS / Shepparton (AUS) 15th Feb,R2 2190m Trot M,15-02-2023 06:48,27639582,8. Mynamesgraham,0,8.11918083162978,4.56868500484999137848741654307817515642,5.52751884877222935602120531711131356753,7.4,6.4,1000,1000,1393.99,1360.26,33.73
209990821,AUS / Shepparton (AUS) 15th Feb,R2 2190m Trot M,15-02-2023 06:48,52505293,7. Dutch Teacher,0,3.4,2.78884170621838078051121485952657107429,3.67077453119390206854649396558866580132,3.6,3.4,1000,4,2896.72,2668.18,228.54
209990829,AUS / Shepparton (AUS) 15th Feb,R6 1690m Trot M,15-02-2023 08:40,41775735,2. Violetta Gift,0,102.04999660047704,106.775938251523174909411151345980012761,48.9333393961440523826846125863950527465,85,85,1,1001,109.96,31.46,15.04
209990829,AUS / Shepparton (AUS) 15th Feb,R6 1690m Trot M,15-02-2023 08:40,21926563,9. Madena Sky,0,124.70152312833815,132.041598768760452196881529647558404895,43.1331378617581582233805722973339849053,180,120,1,1001,184.17,44.11,19.28
209990841,AUS / Shepparton (AUS) 15th Feb,R12 1690m Trot M,15-02-2023 11:32,19710336,2. Orlando Storm,0,286.96602843321875,69.0292305841860643856678673163298259664,78.7453254950608599662035390245098598974,280,75,920,920,6.06,111.79,1.42
209990823,AUS / Shepparton (AUS) 15th Feb,R3 1690m Trot M,15-02-2023 07:14,26237309,7. Ima Ziabee,0,6.830199126367224,6.92687020728677180471479785860834899987,6.6337932592113503136324904780970566797,7.8,7,170,170,1948.14,1192.24,138.78
209990823,AUS / Shepparton (AUS) 15th Feb,R3 1690m Trot M,15-02-2023 07:14,28170422,4. Eratigena,0,17,18.6526737773981571217644630910997736044,16.0389092250503674697085780766720581141,27,14.5,990,890,1057.23,727.8,57.41
209990825,AUS / Shepparton (AUS) 15th Feb,R4 1690m Pace M,15-02-2023 07:47,28459745,3. Illawong Phoenix,0,55.026142820469495,44.7923696110409607700736114660802716716,25.5684596577017114914425427872860635697,55,55,1,1001,196.32,86.94,4.94
209990825,AUS / Shepparton (AUS) 15th Feb,R4 1690m Pace M,15-02-2023 07:47,44591576,10. Lils Nightmare,0,145.99575178354945,133.017127048583507337064282316157582414,71.0685963228235989071845233700066454995,210,95,1,1001,135.43,66.28,1.53
209990827,AUS / Shepparton (AUS) 15th Feb,R5 2190m Pace M,15-02-2023 08:13,45874976,6. Lopez,0,32.126772132,10.4968082976720478732729048751311497103,16.111620232621044089802542602109818772,34,32,900,900,369.7,339.52,30.18
209990827,AUS / Shepparton (AUS) 15th Feb,R5 2190m Pace M,15-02-2023 08:13,19387201,2. Roslyn Gaye,0,50.9120172846184,11.5762444452477780517944506513531933804,26.878620689655172413793103448275862069,60,60,910,46,217.5,179.64,37.86
209990831,AUS / Shepparton (AUS) 15th Feb,R7 2190m Pace M,15-02-2023 09:11,38540800,1. Sport Mental,0,19.542845473680654,15.3197844337022447509151503432807622974,13.1704882389024190266803520130213236321,22,13,1000,1000,1646.53,1043.18,109.79
209990837,AUS / Shepparton (AUS) 15th Feb,R10 2190m Pace M,15-02-2023 10:40,42218339,6. Betterthanflyhigh,0,64.26999162388731,37.8428840257478864611828979157650788208,30.1104028169869167956773821449169778102,65,23,900,120,329.43,176.42,12.97
209990837,AUS / Shepparton (AUS) 15th Feb,R10 2190m Pace M,15-02-2023 10:40,50479485,1. Modern Mayhem,0,6.629639660636893,6.2916025799473680485130213848853154199,5.34598337037608469932822657654088810865,6.4,6.2,1,1001,4796.26,3622.08,501.24
209990837,AUS / Shepparton (AUS) 15th Feb,R10 2190m Pace M,15-02-2023 10:40,38262856,9. Arraps,0,59.19123027767054,61.591058738742592843593230058035537074,25.6495819275341059116913598357048555083,60,55,40,40,340.85,97.24,38.71
209990839,AUS / Shepparton (AUS) 15th Feb,R11 1690m Pace M,15-02-2023 11:07,16549349,6. Hard Rock Shannon,1,14.763230636473743,8.19785453905229914771089824048656828866,11.7985603634699567049897072404559310825,13.5,13.5,5.5,5.5,377.18,1436.2,1691.04
209990839,AUS / Shepparton (AUS) 15th Feb,R11 1690m Pace M,15-02-2023 11:07,23721187,10. Terroroan,0,9.181113934620512,4.64563649277554721370685284186198131375,5.72980953499229721147155204241715076744,9,9,1,1001,251.78,2652.94,124.1
209990839,AUS / Shepparton (AUS) 15th Feb,R11 1690m Pace M,15-02-2023 11:07,2704181,3. Cassiopeia,0,23.16114932672121,11.4524636855910323470943404316964014332,21.2128369537330710269063055829159653651,23,17,890,890,58.16,802.8,24.85
209990819,AUS / Shepparton (AUS) 15th Feb,R1 2190m Pace M,15-02-2023 06:20,52505287,3. Well Said Nugget,0,12.625770426629462,9.18981682321200875568391732820584501077,8.66584953412095831489110573922122728769,17.5,13.5,1,1001,881.13,683.86,197.27
209992485,AUS / Bathurst (AUS) 15th Feb,R4 2260m Pace M,15-02-2023 08:33,28003741,8. Infinity Beach,0,82.59169239,41.5509213187623764776829169014370974686,56.27455556318209897728052714668130963,95,80,920,170,145.69,116.72,28.97
209992479,AUS / Bathurst (AUS) 15th Feb,R1 2260m Pace M,15-02-2023 07:03,38074596,8. Bomani,0,55,70.4989456906808435963031631169705968225,39.1137100509495136637332098193608151922,90,55,150,150,86.36,33.86,4.74
209992481,AUS / Bathurst (AUS) 15th Feb,R2 1730m Pace M,15-02-2023 07:38,28051850,2. Why Not Surf,0,41.13272182518327,41.8053036894833297889019925441487761773,19.130536636154613682703570344019782222,48,48,1,1001,230.51,66,23.39
209992481,AUS / Bathurst (AUS) 15th Feb,R2 1730m Pace M,15-02-2023 07:38,36024175,7. Darabont,0,40.254112537601024,53.2145479404586746926997187940298675511,24.275698158051099227569815805109922757,55,55,140,140,252.45,54,13.95
209992483,AUS / Bathurst (AUS) 15th Feb,R3 1730m Pace M,15-02-2023 08:03,27540133,1. The Handsome One,0,24.654737531630825,27.1903061228832955309741122004563832951,18.1274083615091504320291955133365534267,1,1001,38,38,372.66,129.22,39.02
209992487,AUS / Bathurst (AUS) 15th Feb,R5 1730m Pace M,15-02-2023 09:02,21575570,2. Kingston Shannon,0,70,74.9235590909749911468576619981502781975,39.4609923188706663898692132032385302055,100,60,120,120,240.85,97.53,9.6
209992487,AUS / Bathurst (AUS) 15th Feb,R5 1730m Pace M,15-02-2023 09:02,20742318,7. Mymatepog,0,33.89843039275445,21.3698926152751358304187965189502588073,15.945022575545623073686125990878797184,27,17,1,1001,879.27,581.88,17.47
209992489,AUS / Bathurst (AUS) 15th Feb,R6 1730m Pace M,15-02-2023 09:33,11120463,8. Pom Pay,0,64.41029542770582,78.5640365305907698783236690093652560631,40.7163644032053985660059046815689582455,90,60,920,100,189.68,45.14,15.68
209992491,AUS / Bathurst (AUS) 15th Feb,R7 1730m Pace M,15-02-2023 10:00,42751706,8. Speedy Sport,0,34.09813027868165,47.6467219178052412187362874842251514969,33.3906013137948458817584638706417382516,50,42,75,75,415.59,242.88,16.67
209992491,AUS / Bathurst (AUS) 15th Feb,R7 1730m Pace M,15-02-2023 10:00,52505249,2. Lochinvar Lorenzo,0,5.000062975795856,2.05694572742039582005581787730812012236,2.60591716662408435197412636994488925007,4,1.66,1000,6,19491.66,15915.54,604.66
209992605,AUS / Ascot (AUS) 15th Feb,R7 1800m Hcap,15-02-2023 08:50,24716704,2. Chuck A Luck,0,36.764622258,42.7296301643615622245689079901541540693,24.4755573071901864669803187427642436633,50,32,1,1001,2029.85,1085.5,26.01
209992605,AUS / Ascot (AUS) 15th Feb,R7 1800m Hcap,15-02-2023 08:50,52621763,9. Queen Of Jerusalem,0,3.6,3.33020242996271150211836033140252371791,2.78363229990311874421629758013961394041,3.7,2.36,3.25,3.2,55273.85,40261.02,1192.51
209992589,AUS / Ascot (AUS) 15th Feb,R3 1100m Mdn,15-02-2023 06:19,52621751,13. Classic Code,0,34,24.495997129919183055351894198526799732,15.6523472892915816199532035644944491462,32,21,1,1001,2008.7,1226,38.1
209992589,AUS / Ascot (AUS) 15th Feb,R3 1100m Mdn,15-02-2023 06:19,48702231,9. Birthday Ballot,0,35.771505896289135,28.1373254701979282516108880086498578246,12.3278182570118053989021730957214828183,34,22,20,20,2659.8,1060.46,387.02
209992585,AUS / Ascot (AUS) 15th Feb,R2 1100m Mdn,15-02-2023 05:44,5943536,11. Zultanite,0,207.710284285,186.457232536324700713875319029942449663,58.4123527841229345278708950132012222255,270,130,1,1001,337.09,96.84,2.13
209992597,AUS / Ascot (AUS) 15th Feb,R5 1500m CL1,15-02-2023 07:34,51983373,5. Diamond Scene,0,8.429014244,6.51055861069245123652001845719087157833,6.63752307832922036376930810712000731195,8.6,5.8,8.4,8,8752.8,8402.08,350.72
209992597,AUS / Ascot (AUS) 15th Feb,R5 1500m CL1,15-02-2023 07:34,38835802,10. Lady Of Babylon,0,36,27.6032308902566560076717157291916610444,27.7626245010270123629035383482540789831,46,36,36,20,1806.21,1683.67,122.54
209992609,AUS / Ascot (AUS) 15th Feb,R8 1400m CL3,15-02-2023 09:30,52621771,11. Allaboutthecraic,0,129.795114007,51.9876493653013605858643485668286996279,52.4721974709462149506133050220865641648,130,60,1,1001,1054.94,1040.63,14.31
209983478,AUS / Strathalbyn (AUS) 15th Feb,R4 1200m Mdn,15-02-2023 04:20,47016546,6. Awen,0,3.5929895067887987,3.16084457833998274685738559131555982295,2.7074041692145499999325064017677923249,3.7,2.46,100,3.4,29632.44,20603.74,1881.7
209983478,AUS / Strathalbyn (AUS) 15th Feb,R4 1200m Mdn,15-02-2023 04:20,52621202,5. My Boy Jett,0,8.8,9.22695549073465069576557269316660810155,6.73104597936165507341926384617631472433,11.5,8.2,8.8,8.8,9586.04,6325.38,114.08
209983478,AUS / Strathalbyn (AUS) 15th Feb,R4 1200m Mdn,15-02-2023 04:20,39098082,2. Powerful Flyer,0,227.0141485178421,268.676041910871813825850298069557960781,107.123875147837712757751838329819509436,380,220,960,530,388.94,106.86,6.08
209983478,AUS / Strathalbyn (AUS) 15th Feb,R4 1200m Mdn,15-02-2023 04:20,52621203,7. Barty Aya,0,116.325128517,97.9467241258766558655787377579864986819,44.079561993208122531013930279298634694,130,60,1,1001,432.87,175.24,11.23
209983490,AUS / Strathalbyn (AUS) 15th Feb,R6 1350m Hcap,15-02-2023 05:30,52621211,2. Al Ranchero,0,46,28.8802669320489531180236961698128318052,29.9207576917364530612711215711364233568,65,29,900,42,1750.58,1666.44,84.14
209983496,AUS / Strathalbyn (AUS) 15th Feb,R7 1600m Hcap,15-02-2023 06:05,52621214,3. Warrandyte Road,0,9.930022264376746,9.08670832455597731978824375519481014129,7.74148769471840722647248594340492211264,10,7.6,6,6,6617.89,4970.08,223.53
209983502,AUS / Strathalbyn (AUS) 15th Feb,R8 1200m Hcap,15-02-2023 06:40,28072723,7. General Mint,0,11,12.3416440500431866601589504420523957636,9.83166963345913500174623833675934418781,14,10,1,1001,8274.93,6210.6,214.49
209983502,AUS / Strathalbyn (AUS) 15th Feb,R8 1200m Hcap,15-02-2023 06:40,38687632,3. Tavikat,0,4.4,3.79960493537967111858129234852557944592,3.31184564640170146402175779371266545305,4.7,3.2,4.4,3.6,31624.53,24222.4,1043.45
209983466,AUS / Strathalbyn (AUS) 15th Feb,R2 1600m Mdn,15-02-2023 03:10,52621195,8. Not So Innocent,0,103.15536755064444,47.4843775055022711177885320203687284762,49.2890435086391359408433892778643066129,180,100,100,22,686.99,538.19,148.8
209983472,AUS / Strathalbyn (AUS) 15th Feb,R3 1200m Mdn,15-02-2023 03:45,51958138,6. Punchin,0,4.644267495334789,4.80544368920356287372936722590453272575,4.41955799257780351754198799036790928765,5.2,4.3,880,880,20996.48,18014.54,484.12
209983472,AUS / Strathalbyn (AUS) 15th Feb,R3 1200m Mdn,15-02-2023 03:45,49297063,9. Melanies Joy,0,96.95061312338191,106.035781553732109797773203082771197529,32.6943736263736263736263736263736263736,150,90,1,1001,910,239.28,5.26
209983472,AUS / Strathalbyn (AUS) 15th Feb,R3 1200m Mdn,15-02-2023 03:45,1287578,2. Inotell,0,17.543772007124556,16.7954897064094982045044968608825813235,11.6657389690327687625390672981124865226,19,14,890,890,4396.26,2506.24,675.78
209983484,AUS / Strathalbyn (AUS) 15th Feb,R5 1350m Hcap,15-02-2023 04:55,44711733,10. Decibelles,0,159.784088182,87.4604023367964746723304296400699129308,90.3069658102033241225718645605641935085,230,130,930,65,484.94,457.26,27.68
209983484,AUS / Strathalbyn (AUS) 15th Feb,R5 1350m Hcap,15-02-2023 04:55,35934556,7. Tiamat,0,170,71.6128909019771926242194339251351009421,79.1167209432902863559797866367209432903,240,110,550,90,445.25,416.68,28.57
209983460,AUS / Strathalbyn (AUS) 15th Feb,R1 2050m Mdn,15-02-2023 02:35,43203482,8. Porto Rafti,0,11.758556525,10.4500009049747369045285483286919756187,10.7070944927022480020697571037122694572,14,11,980,11.5,6995.99,6791.46,204.53
209983517,AUS / Randwick (AUS) 15th Feb,R3 1400m 3yo,15-02-2023 04:30,52621165,6. Commando Jack,0,62.25891247631005,64.5696110499348213086839682028041076514,52.4925427068019028101595410287253052961,90,50,95,32,2020.17,1571.22,46.81
209983521,AUS / Randwick (AUS) 15th Feb,R4 1000m Hcap,15-02-2023 05:05,49244163,4. Lascars,0,3.5563647974642474,3.28704039672657291163060156781900278455,3.32046037647940974667809609088212223296,4.5,3.2,3.85,2.6,54945.9,53512.5,1433.4
209983533,AUS / Randwick (AUS) 15th Feb,R7 1400m Hcap,15-02-2023 06:50,52621181,11. Hes Super Lucky,0,16.45783002710415,17.1119900127239207522044528812087481908,13.4868143722512654551489502945813625425,20,14.5,980,890,6025.5,4300.54,96.98
209983533,AUS / Randwick (AUS) 15th Feb,R7 1400m Hcap,15-02-2023 06:50,52621176,3. Jupitus,1,3.702932546,3.40776567520627096421457691683010900983,2.96583669577436515105891799658737328114,3.95,2.9,5.4,1.23,59778,44332,6227.98
209983533,AUS / Randwick (AUS) 15th Feb,R7 1400m Hcap,15-02-2023 06:50,39658093,2. Boyszee,0,29,21.9292086192498468378913872517416209418,17.440718979107374716382283893136779152,29,15,1,1001,3812.35,2590.32,56.71
209983525,AUS / Randwick (AUS) 15th Feb,R5 1800m Hcap,15-02-2023 05:40,50528419,9. Knifes Edge,0,34,30.9596704692354722923598581150645446317,19.5835114414552683315427510652137370548,36,18,990,30,2736.54,1561.46,175.66
209983525,AUS / Randwick (AUS) 15th Feb,R5 1800m Hcap,15-02-2023 05:40,52621171,10. Real Peace,0,11.932284034882683,9.76267057145881439506751726217439807199,8.2408863431400742205763538799520324583,11,8.8,11,8,10223.58,7528.72,657.1
209983509,AUS / Randwick (AUS) 15th Feb,R1 1100m 2yo,15-02-2023 03:20,52621163,13. Misty Legend,0,4.305806280607425,4.0881322701999582469882749365294131758,4.14577845126038336891238704111316351248,6,4.3,880,3.15,31643.15,30619.06,1024.09
209983509,AUS / Randwick (AUS) 15th Feb,R1 1100m 2yo,15-02-2023 03:20,52621156,4. Extreme Spirit,1,6.494311555821186,4.08763220564516430512230072368519656979,3.68052973216191721600764922964434405683,6.8,3.71,4.6,3.05,15646.02,12596.46,3049.56
209985425,AUS / Doomben (AUS) 15th Feb,R1 1050m Mdn,15-02-2023 03:38,1154828,9. Our Armistice,0,4.465863050165879,3.87000840927909993801928163892413698314,3.91604091086573833532753856994776029663,5.2,3.3,4.6,3.85,35009.77,33984.62,1025.15
209985433,AUS / Doomben (AUS) 15th Feb,R3 1640m CL1,15-02-2023 04:48,52621477,8. Elliez Star,0,4.395862834899017,3.89270816669095371352909822828674017211,3.59736989143599692728375425764463928821,4.4,3.15,4.8,4.2,38962.27,30304.74,1429.59
209985433,AUS / Doomben (AUS) 15th Feb,R3 1640m CL1,15-02-2023 04:48,44038064,9. Zouesay,0,65,65.7994211406458857869329907153633881609,40.2634795928089294744479541506958745887,80,55,120,55,1364.47,728.24,75.97
209985437,AUS / Doomben (AUS) 15th Feb,R4 1640m Mdn,15-02-2023 05:23,46862399,2. Different Road,0,6.4,6.33468090596706477318687747758237741827,5.45771716181571407027597647413663097572,6.8,5.2,24,8,15914.4,12373.18,563.54
209985437,AUS / Doomben (AUS) 15th Feb,R4 1640m Mdn,15-02-2023 05:23,46314716,13. Star Chance,0,7.558675539476098,7.21910008111313948418115235105158520208,6.25163492647926787184442025538489822428,14.5,6.4,890,1.92,19907.99,15789.86,1813.15
209985429,AUS / Doomben (AUS) 15th Feb,R2 1640m CL4,15-02-2023 04:13,33616278,3. Karlstad,0,14,13.2415843440550198471648126093640164715,10.9022967558712862835533527270165207624,15,10,890,12.5,7380.41,5560.92,230.57
209985449,AUS / Doomben (AUS) 15th Feb,R7 1350m Hcap,15-02-2023 07:10,39065449,11. Roadhouse,0,26,16.2880961444510032082483629096919074654,17.1540251160040617488656666538130310158,34,19,980,17,3111.96,3050.1,61.86
209985486,AUS / Sandown (AUS) 15th Feb,R5 1300m CL1,15-02-2023 07:00,41810005,5. Ebony King,0,7.351833201449626,5.81098476649963083384749396267494844536,5.53991431583845243811286945416565604566,12,6.4,2,2,32323.36,29482.06,2841.3
209985486,AUS / Sandown (AUS) 15th Feb,R5 1300m CL1,15-02-2023 07:00,52621514,13. Shanghai Venture,0,10.953985609220592,5.85314339734372581264865202321243818929,5.99844796320068282499346289999741482593,13,6.8,12,8.6,23596.09,23240,356.09
209985493,AUS / Sandown (AUS) 15th Feb,R6 1000m Hcap,15-02-2023 07:30,36136559,2. Mr Moppett,0,36,23.4274845933373218737896729912065550377,23.7034977710758028299671435031274804909,48,27,18,18,5152.71,5066.12,86.59
209985493,AUS / Sandown (AUS) 15th Feb,R6 1000m Hcap,15-02-2023 07:30,52621521,10. Royal Tyke,0,356.22705419,127.563934715010521565999588846912330485,133.19949207751338817423949649423066306,380,110,950,240,905.65,878.31,27.34
209985506,AUS / Sandown (AUS) 15th Feb,R8 1400m Hcap,15-02-2023 08:30,899452,5. Shove Over,1,8.817588780185904,7.53189871059520147949671072222042725069,7.45055518236061168846564191725609515154,10.5,8.4,10,9.8,26825.42,25263.6,1561.82
209985506,AUS / Sandown (AUS) 15th Feb,R8 1400m Hcap,15-02-2023 08:30,36593793,1. Deep Speed,0,60.32318162657961,37.5728632685494160001002382731422130626,34.133489365555704752477102609662339609,70,38,48,21,3202.33,2710.82,491.51
209985506,AUS / Sandown (AUS) 15th Feb,R8 1400m Hcap,15-02-2023 08:30,39233119,4. Mark Of The Man,0,120,57.4369061586638666696565757454161837139,59.271375184024763127099769733116907629,120,48,1,1001,1324.55,1309.56,14.99
209985506,AUS / Sandown (AUS) 15th Feb,R8 1400m Hcap,15-02-2023 08:30,52621531,14. Merry Mac Boy,0,12,6.91542487317749772821987190999258674803,7.11575127486149322677448094288035596972,12,6.4,8,8,14019.17,13653.64,365.53
209985466,AUS / Sandown (AUS) 15th Feb,R2 1300m 2yo,15-02-2023 05:15,52621493,1. Fistsoffury,0,2.438214066,2.48860909809667077294281472747493349153,2.31510860899977348170479329316092642425,3.05,2.34,50,2.08,126479.85,100122.12,5530.51
209985466,AUS / Sandown (AUS) 15th Feb,R2 1300m 2yo,15-02-2023 05:15,52621496,4. Freakofnature,1,6.49649748483015,6.65758084955840306236599593911941410719,3.89240638614225652658207292721233942033,7.8,6,7.2,1.02,31529.52,14363.04,11059.8
209985473,AUS / Sandown (AUS) 15th Feb,R3 1000m 3yo,15-02-2023 05:50,52621504,7. Fearless Writer,0,50,28.8582481577685003765821653681599853095,29.4163824116220180961532913294258898829,70,26,1,1001,4505.93,4478.22,27.71
209985480,AUS / Sandown (AUS) 15th Feb,R4 1300m Hcap,15-02-2023 06:25,42431651,8. Lady Hampton,0,6.2066373263001875,6.37127171048157948854448918397428162534,5.44493680924715604821105335363111774623,7,5.9,13,5,36693.66,29024.35,923.71
209986062,AUS / Redcliffe (AUS) 15th Feb,R4 1780m Pace M,15-02-2023 08:53,40050749,5. Our Dolly,0,3.553945375,3.78626904295852858822694730867401405289,3.02057856121558743699108181465684373788,4,3.55,4.4,4.4,6602.24,3464.12,664.08
209986064,AUS / Redcliffe (AUS) 15th Feb,R5 2040m Pace M,15-02-2023 09:20,9403913,2. Aqua Cruiser,0,12,15.0850649532819217810519045415733009749,11.8274439764924517600492355219810057079,17.5,11.5,13,13,1657.34,1113.56,69.98
209986064,AUS / Redcliffe (AUS) 15th Feb,R5 2040m Pace M,15-02-2023 09:20,11504281,1. Artful Jack,0,3.182343980706828,3.44173030982616240115502280236996990006,2.92378571124863262300594881468224671153,3.95,3.2,3,2.94,10348.28,6631.5,1842.94
209986064,AUS / Redcliffe (AUS) 15th Feb,R5 2040m Pace M,15-02-2023 09:20,28003420,6. Illbewatching,0,19.474471760372992,18.5319507247782614922115999300090181301,12.5699245556455394058224287114786240996,19.5,16.5,30,20,938.44,401.4,68.72
209986064,AUS / Redcliffe (AUS) 15th Feb,R5 2040m Pace M,15-02-2023 09:20,39317153,7. Gozo Sunshine,1,5.3,5.84146442302551632075211381571005022627,2.87050900469872463188563104300261357632,6,5.7,1,1001,7001.9,2419.84,3435.94
209986072,AUS / Redcliffe (AUS) 15th Feb,R9 1780m Pace M,15-02-2023 11:25,37923355,3. Dont Yoube Naughty,0,171.4056809904426,143.127607896851074634092475108898160712,1,200,110,940,940,0,106.75,2.77
209986074,AUS / Redcliffe (AUS) 15th Feb,R10 1780m Pace M,15-02-2023 12:01,52505284,6. She Dazzles,0,4.860045600290615,4.29122481915573247138269879837356050004,1,5.2,3,1,1001,0,7479.24,3069.2
209986056,AUS / Redcliffe (AUS) 15th Feb,R1 2040m Pace M,15-02-2023 07:22,16249820,2. La Safron,0,23.198486709855494,28.3058366748205374818611370644949394322,9.92216193930139339568619965642298148502,55,25,1,1001,1309.75,380.04,675.95
209986066,AUS / Redcliffe (AUS) 15th Feb,R6 1780m Pace M,15-02-2023 09:51,46135341,8. Out Of Dodge,0,7.858143885720345,5.45154987664478377251573062305675383464,5.69299892741227764699327194974160386689,8.2,7.4,1,1001,4307.34,3679.86,574.6
209989341,AUS / Charlton (AUS) 15th Feb,R2 2100m Trot M,15-02-2023 02:11,43508944,8. Maori Muscle,0,5.724756570214522,4.19884429268411436487179985840704921241,4.48551607804996656738192207160658926509,5.7,5.3,1,1001,2632.16,2475.14,157.02
209989341,AUS / Charlton (AUS) 15th Feb,R2 2100m Trot M,15-02-2023 02:11,50740809,6. Nakedtruth,0,4.34554808851739,3.44780166604868872013032424068446715894,4.31140401413823708017376952182240007474,5.7,4.3,980,250,3853.38,3747.14,106.24
209989341,AUS / Charlton (AUS) 15th Feb,R2 2100m Trot M,15-02-2023 02:11,201667,3. Ivar,0,46.032502376688655,28.1313022775222897020678054096674077862,31.1526819041775323413611494605512092857,65,42,980,900,391.14,385.8,5.34
209989343,AUS / Charlton (AUS) 15th Feb,R3 1609m Pace M,15-02-2023 02:39,21189179,9. Machavelli,0,35.90814525078284,38.565884440500553726532854805034205459,14.0495761520228194929894339319432726688,50,50,1,1001,248.91,43.03,13.94
209989345,AUS / Charlton (AUS) 15th Feb,R4 1609m Pace M,15-02-2023 03:13,52505307,3. Salsboy,0,5.2,6.582795855811803181611032961418345251,5.35267685824589909477904484493013517218,10,5.5,1,1001,3027.99,2127.96,140.01
209989347,AUS / Charlton (AUS) 15th Feb,R5 2100m Trot S,15-02-2023 03:48,24051153,2. Hateitwhenyourrite,1,4.637007616,3.51954288550316743425537373448240778184,2.81125545907721302972351233959320718559,4.6,3.9,1,1001,5051.22,3375.26,1675.96
209989347,AUS / Charlton (AUS) 15th Feb,R5 2100m Trot S,15-02-2023 03:48,23632624,4. Double Helix,0,3.4132120772365124,3.11945798139135992476496513568102026284,3.63202274198371571006241932614381806413,4.1,3.4,980,3.45,5283.62,5056.98,226.64
209989349,AUS / Charlton (AUS) 15th Feb,R6 1609m Pace M,15-02-2023 04:23,1240400,4. Direct Command,0,7,6.35836859870632340099256582563974195422,7.94089971472459951722624533684441518543,10,7,980,8.6,1822.8,1624.04,198.76
209989351,AUS / Charlton (AUS) 15th Feb,R7 2100m Pace M,15-02-2023 04:58,17508563,9. Mymatethomo,0,722.298104499,243.086074901442851447528061341252841623,253.276839237057220708446866485013623978,920,140,990,990,36.7,36.18,.52
209989351,AUS / Charlton (AUS) 15th Feb,R7 2100m Pace M,15-02-2023 04:58,43167365,1. Gojoe,0,9.332540756352248,8.66910377698160700646375632891937350922,9.07647246099968163005412289079910856415,12,7.4,7.2,7.2,3329.46,3240.38,89.08
209989353,AUS / Charlton (AUS) 15th Feb,R8 2100m Pace M,15-02-2023 05:33,36593137,3. Bellasteel,0,80.80133244133205,24.9808276060279563705406832141718924377,25.4739460942138669833331939554604069276,180,12.5,890,150,1195.79,1023.14,15.21
209989353,AUS / Charlton (AUS) 15th Feb,R8 2100m Pace M,15-02-2023 05:33,3515444,10. Rockaria,0,13.5,13.1178727336642143852735044770066630373,9.60832058876045119669598565362191704253,14,13.5,1,1001,1288.13,709.54,281.79
209989359,AUS / Charlton (AUS) 15th Feb,R11 2100m Pace M,15-02-2023 07:08,36227955,3. Elli Joh,0,12.5,19.2912174984276568042903764469587589138,12.1096046714544600308745553392845157393,27,17,1,1001,893.94,421.32,40.76
209990821,AUS / Shepparton (AUS) 15th Feb,R2 2190m Trot M,15-02-2023 06:48,52505290,1. Silver Spoon,0,6.465003896640264,3.92388886301951901974752888955851357969,5.17537834739507303032552308846937344847,6,6,1000,1000,1212.51,1174.92,37.59
209990835,AUS / Shepparton (AUS) 15th Feb,R9 1690m Pace M,15-02-2023 10:10,1257411,3. Upright,0,8.82755575757474,8.22829544023767816185428128052148252386,7.70737119783171666109193479977517163852,12,8.8,1,1001,2899.99,2509.22,390.77
209990841,AUS / Shepparton (AUS) 15th Feb,R12 1690m Trot M,15-02-2023 11:32,44536532,5. Hopeful Beauty,1,5.661852613423889,5.26364100369537625797244117269025395819,7.03939911745536860368080024380918633968,7.6,4.8,1.01,1.01,38.76,3944.64,2247.46
209990825,AUS / Shepparton (AUS) 15th Feb,R4 1690m Pace M,15-02-2023 07:47,32448086,9. Warraderry,0,9.6,11.3401380294592893517223920529186898775,9.60295709102760111382164475607593541368,19.5,9.4,10.5,10.5,2086.51,1531.22,88.35
209990831,AUS / Shepparton (AUS) 15th Feb,R7 2190m Pace M,15-02-2023 09:11,21319478,5. Prosecco Boy,1,6.8,6.34525261159059898406808932891205848866,2.08698366094412167340228334130253944757,6.2,5.9,1.05,1.01,12213.68,2202.12,7192.46
209990831,AUS / Shepparton (AUS) 15th Feb,R7 2190m Pace M,15-02-2023 09:11,39528260,9. Patsbeachstorm,0,4.4,4.94872902170863401020426861074052680056,3.48338875510025828830964650686897171306,6,6,1000,1000,6411.44,2761.1,306.1
209990831,AUS / Shepparton (AUS) 15th Feb,R7 2190m Pace M,15-02-2023 09:11,10757246,3. Zuberi,0,40.61200160171953,39.8622331091893854812317827230964295292,23.5167274535809018567639257294429708223,42,38,1000,30,603.2,224.64,64.88
209990819,AUS / Shepparton (AUS) 15th Feb,R1 2190m Pace M,15-02-2023 06:20,52505288,4. Myshania,0,21,11.1590003482896832297515467442470474059,8.59714265037920453887570196260059051699,21,18,1,1001,690.92,408.16,282.76
209990819,AUS / Shepparton (AUS) 15th Feb,R1 2190m Pace M,15-02-2023 06:20,12356667,6. Houston Street,0,7.853694016,6.23314062500484053710732511897321044292,4.43494403971875286501124847493247388873,1,1001,1,1001,1417.97,723.06,94.17
209992485,AUS / Bathurst (AUS) 15th Feb,R4 2260m Pace M,15-02-2023 08:33,41409738,3. Bosch,0,13.967350718863903,8.42957842863553950194466694704809801629,7.87618514317187838094800962566143637425,13.5,11,6.4,6.4,1525.09,895.18,629.91
209992483,AUS / Bathurst (AUS) 15th Feb,R3 1730m Pace M,15-02-2023 08:03,41161523,2. Rose Of Juliana,0,73.61757184278221,81.8521564349522489928774220720798886364,34.8272106331918035813180727339856008861,80,80,920,920,108.34,20.4,9.86
209992487,AUS / Bathurst (AUS) 15th Feb,R5 1730m Pace M,15-02-2023 09:02,19547704,8. Old Luke,0,4.608137331606631,7.2828651080895957311580935095341860949,4.3893881562313947134480030665590108716,11.5,6,1,1001,4904.52,1909.6,165.44
209992487,AUS / Bathurst (AUS) 15th Feb,R5 1730m Pace M,15-02-2023 09:02,39395770,5. Winona Writer,0,7.611182824815915,9.10493487922218510965793679337086979381,7.99230264988714016264184780928233511642,9.6,8,8.8,8.8,3234.1,1809.3,111.8
209992487,AUS / Bathurst (AUS) 15th Feb,R5 1730m Pace M,15-02-2023 09:02,38904555,1. Great Presence,0,237.12772142480702,188.29317854886936689851899673633320428,65.4649692560838312981726855460292716723,380,150,1,1001,115.47,32.72,9.45
209992493,AUS / Bathurst (AUS) 15th Feb,R8 1730m Pace M,15-02-2023 10:30,49089546,3. Borrowed Time,0,4.650865445355884,2.84972659871254297371509971842018808259,2.55403927648578811369509043927648578811,3.1,2.14,1,1001,5998.5,3727.2,167.04
209992601,AUS / Ascot (AUS) 15th Feb,R6 1200m CL3,15-02-2023 08:10,36701237,8. Military Beat,0,35.45173058868538,33.4569857666269948976852747279088590126,19.2609171227785661193323873234678018785,38,20,1,1001,2367.84,1106.02,34.44
209992605,AUS / Ascot (AUS) 15th Feb,R7 1800m Hcap,15-02-2023 08:50,21912650,3. Wee Ripper,0,9.055040937770976,9.15791841034011708667010378539103036039,5.74783736961917868120844211798901650097,11.5,8,14,7,15550.6,7957.02,1862.04
209992597,AUS / Ascot (AUS) 15th Feb,R5 1500m CL1,15-02-2023 07:34,41145959,1. Gold Friars,1,32,15.969542735510554517028871402332453406,13.2440258116152268520834375468961032465,32,24,65,28,2398.92,1635.94,762.98
209992609,AUS / Ascot (AUS) 15th Feb,R8 1400m CL3,15-02-2023 09:30,41465757,4. Kolchino,0,100.81796307312787,50.4319844405597404629628922395667664502,61.090842642802817040527059195385268814,130,80,1000,55,1012.41,958.35,54.06
209992581,AUS / Ascot (AUS) 15th Feb,R1 1000m 3yo,15-02-2023 05:09,505470,5. Platinum Class,0,16.69311484620431,17.5235979677674280100419750714282175787,14.0829159852400950025065540224028402133,18.5,16,1,1001,4867.24,3711.42,145.04
