EVENT_ID,MENU_HINT,EVENT_NAME,EVENT_DT,SELECTION_ID,SELECTION_NAME,WIN_LOSE,BSP,PPWAP,MORNINGWAP,PPMAX,PPMIN,IPMAX,IPMIN,MORNINGTRADEDVOL,PPTRADEDVOL,IPTRADEDVOL
100673215,AUS / Mngl (AUS) 28th Apr,R9 2300m Pace M,28-04-2013 08:20,5684702,4. Seel N Print,0,6.833760060736678,6.48932024178863531360510972291500448748,6.49031737285268215345649294780700482391,7,6.4,1,1001,2068.86,2062.22,6.64
100673215,AUS / Mngl (AUS) 28th Apr,R9 2300m Pace M,28-04-2013 08:20,6052012,2. Mister Presley,1,5.628003954842626,5.40953341677223153876765454590870355243,5.20792039850702597004060718083398157333,6.6,5.6,1,1001,2802.46,2581.64,220.82
100673201,AUS / Mngl (AUS) 28th Apr,R2 1609m Pace M,28-04-2013 03:59,5356680,3. Make Some Magic,0,238.58719869334254,95.2673981191222570532915360501567398119,95.2673981191222570532915360501567398119,260,75,1,1001,63.8,63.8,0
100673203,AUS / Mngl (AUS) 28th Apr,R3 1609m Pace M,28-04-2013 04:34,6416760,9. No Ah Saint,0,17,15.4657134819200765632764454867894168097,14.3163574959620185012970486026136752973,19,14.5,1,1001,408.62,359.04,10.64
100673211,AUS / Mngl (AUS) 28th Apr,R7 1609m Pace M,28-04-2013 07:00,6133683,5. Emperor Montana,0,22,23.6042553924373287378924544248721145841,22.2887211164493250972317547471974376573,34,18,1,1001,786.78,726.48,11.06
100673213,AUS / Mngl (AUS) 28th Apr,R8 1609m Pace M,28-04-2013 07:40,7017243,5. Mah Sish,0,18.12076807155094,18.2138773730663204441196280346437499762,19.7732057984790874524714828897338403042,22,16,1000,6.6,2019.84,1711.26,308.58
100673199,AUS / Mngl (AUS) 28th Apr,R1 1609m Pace M,28-04-2013 03:24,5620087,5. Dickies Bromac,0,12.611424611355172,14.182058266022822014239615189545998898,11.6534979757085020242914979757085020243,15,15,1,1001,247,193.86,0
100674253,AUS / Nowr (AUS) 28th Apr,R3 1400m Hcap,28-04-2013 05:20,6112785,2. Nuclears Belle,0,2.717198389148143,2.47444773433828163163753725942122633431,2.58388714206314063356121635134016500605,2.76,2.56,9,2.42,15221.26,13765.36,1455.9
100674253,AUS / Nowr (AUS) 28th Apr,R3 1400m Hcap,28-04-2013 05:20,7040849,5. Bradburys Quest,0,9.8,10.5583459763582023022339590938156046256,10.4434178236737651728510960686463428694,14,9.8,11.5,7,2428.68,2263.94,164.74
100674253,AUS / Nowr (AUS) 28th Apr,R3 1400m Hcap,28-04-2013 05:20,5993203,4. Mosscat,0,10.919780883161291,8.85516361462108711082415775146666767936,8.87076267463316053070907653106053949565,11,7.6,10.5,10.5,3641.92,3412.68,229.24
100674257,AUS / Nowr (AUS) 28th Apr,R5 1000m CL3,28-04-2013 06:35,7231004,2. Star Of Helicon,0,7.332120403,7.44773572484864001040252234428763945297,6.38377505724031587309004252137750572403,8.6,7,8,8,5992.28,4547.82,253.68
100674257,AUS / Nowr (AUS) 28th Apr,R5 1000m CL3,28-04-2013 06:35,1183634,4. Tidy Sum,0,11.68568510752804,14.2949882883149174851573261536525445913,11.3822156405076201871211972618323754977,16,13,1,1001,3058.98,2217.44,41.78
100674259,AUS / Nowr (AUS) 28th Apr,R6 1600m Hcap,28-04-2013 07:10,5230564,1. Glenrock Doney,1,8.724401926694554,8.04096757548241933823543984201322495102,4.97293888185646222602752364679093764185,8.6,7.4,19.5,1.01,5419.34,2431.06,2224.92
100674249,AUS / Nowr (AUS) 28th Apr,R1 1200m Mdn,28-04-2013 04:10,7230980,1. Helvetica,1,3.259060123317431,3.61454461112132056284387797611224569484,3.38095126788648500616185129398877173764,7,3.3,8,1.01,18695.68,14105.6,2158.2
100674249,AUS / Nowr (AUS) 28th Apr,R1 1200m Mdn,28-04-2013 04:10,7230982,3. Who Gives A Hoot,0,3.16839601975178,3.32984159194211571240187982511664189365,3.00653628465807075431002908893204389222,3.95,3.2,3,3,12286.46,9562.12,795.52
100674251,AUS / Nowr (AUS) 28th Apr,R2 1200m Hcap,28-04-2013 04:45,4258076,3. Encore,0,59.17772101011127,47.5279251647968322584435518777838544908,35.3537613087123559301028628082785971,50,44,48,48,322.76,178.96,6.64
100674251,AUS / Nowr (AUS) 28th Apr,R2 1200m Hcap,28-04-2013 04:45,7230996,1. Lady Corleone,0,28,25.8185370214333104304800400454223692424,21.1406129281483389132114344578933814061,28,23,60,60,543.62,412.1,35.86
100674251,AUS / Nowr (AUS) 28th Apr,R2 1200m Hcap,28-04-2013 04:45,7230997,2. Lady Lonhro,0,4.4,4.86574471461350690063931615645373426741,4.30608769781825453346290260904342090953,5.6,4.4,4.4,3.3,5700.94,4691.78,261.1
100674580,AUS / Nowr (AUS) 28th Apr,R7 1600m Mdn,28-04-2013 07:50,7184980,2. Brockman,0,61.882823941484105,58.0901767457860036165337754188349072308,46.4601363879199270921718362087929354829,85,48,1,1001,636.42,452.64,0
100674580,AUS / Nowr (AUS) 28th Apr,R7 1600m Mdn,28-04-2013 07:50,7231014,15. Cheetah Magee,1,96.291032471,72.3320959936250740859160202258756125333,10.4968648773517911686444955894557619418,100,46,220,1.01,2337.58,260.38,1928.56
100674580,AUS / Nowr (AUS) 28th Apr,R7 1600m Mdn,28-04-2013 07:50,7231016,17. Georges Shadow,0,250,95.84980524106100105066790908005318437,79.9391100702576112412177985948477751756,230,65,240,240,119.56,71.8,2.66
100674275,AUS / Tamw (AUS) 28th Apr,R7 1400m Cup,28-04-2013 07:20,7038678,11. Okane,0,24,23.1422269148000265478519120767904421375,19.5084685299500573874740205354096224835,25,21,23,23,1289.48,976.32,93
100674275,AUS / Tamw (AUS) 28th Apr,R7 1400m Cup,28-04-2013 07:20,5540477,14. Scussy Moola,0,38.585070278802895,35.009234062253580742744553952467377724,33.0121435879186868911525288020995507317,44,29,300,300,899.24,762.24,7.98
100674265,AUS / Tamw (AUS) 28th Apr,R2 1400m Mdn,28-04-2013 04:20,6361238,4. Crowie,1,1.716811856712,1.76924793746474333783764045397254984055,1.64039319329334646745437010371485891994,1.9,1.71,2,1.01,38779.4,28475.04,7626.58
100674267,AUS / Tamw (AUS) 28th Apr,R3 1200m Hcap,28-04-2013 04:55,3719281,5. Spellbinding,0,7.914856015312761,7.81212191775830127070251958014617745543,6.56835896067977691748825096431592358476,8.8,7.4,7.4,7.4,5698.34,3979.52,310.46
100674267,AUS / Tamw (AUS) 28th Apr,R3 1200m Hcap,28-04-2013 04:55,4587769,3. Sugera,0,6.76440368845011,7.45851972598858462081880836233023160435,6.41763333314128675051420472549821684748,8.8,6.8,1,1001,6942.76,5335.22,6.64
100674277,AUS / Tamw (AUS) 28th Apr,R8 1400m Hcap,28-04-2013 07:58,5061514,5. Rhens,0,8,7.50748225656601013564174075318684002611,6.97122519647104874890849417361717503237,8.2,7,8.2,7.8,6642.2,5744.98,295.62
100674281,AUS / Arar (AUS) 28th Apr,R2 1300m 3yo,28-04-2013 04:15,7139613,10. Firefront,0,29,20.2571613438764501402083815503156616131,20.0255297413082880210907892568792222772,27,24,26,26,606.9,529.3,69.66
100674281,AUS / Arar (AUS) 28th Apr,R2 1300m 3yo,28-04-2013 04:15,7164703,6. Sullivans Paddock,0,11.063175491737603,8.73127347726679698445173715828744054254,9.48462537332813920270094792884041033632,22,12,13,10,3080.4,2137.9,119.6
100674283,AUS / Arar (AUS) 28th Apr,R3 1100m Mdn,28-04-2013 04:50,7230925,5. The Candyman Can,0,6.120573637,6.82484508393552336576299512919412740341,5.46540981838283872881470195639570159235,7.8,6.2,1,1001,5933.36,3699.46,110.54
100674285,AUS / Arar (AUS) 28th Apr,R4 1100m Hcap,28-04-2013 05:25,7230930,1. Shiny Manners,0,232.65533688466996,199.137041496234250076652247666409271286,148.951147202887342098478989430265532354,260,150,1,1001,155.16,108.94,.14
100674285,AUS / Arar (AUS) 28th Apr,R4 1100m Hcap,28-04-2013 05:25,7230932,12. Want To Be A Hippy,0,65,51.7435204753254533812249743732085292558,35.8189927336507141067401653720871961914,75,44,1,1001,399.1,236.52,0
100674285,AUS / Arar (AUS) 28th Apr,R4 1100m Hcap,28-04-2013 05:25,6821916,4. Manny Is Back,0,29.155826669400554,22.7351862856970004186855991512905061289,18.2096975756060984753811547113221694576,26,20,26,26,560.14,308.9,50
100674289,AUS / Arar (AUS) 28th Apr,R6 1600m Hcap,28-04-2013 06:40,4397063,7. Its Lumsden,0,14.932156480336559,15.0517379855465395362167922455902222337,12.5154886441844459738472126634549208534,20,13.5,60,30,1162.4,783.74,33.22
100674289,AUS / Arar (AUS) 28th Apr,R6 1600m Hcap,28-04-2013 06:40,7230936,3. Surfside,1,6.003600840678365,6.83464088752820976361037310723816892196,5.0040769892519177705671746215325744352,8,5,5.3,1.12,5602.86,3407.22,1051.88
100674289,AUS / Arar (AUS) 28th Apr,R6 1600m Hcap,28-04-2013 06:40,7230937,4. Wilbo,0,240,223.261880797896402517052164507653573128,161.692041522491349480968858131487889273,250,180,1,1001,80.92,57.02,0
100674289,AUS / Arar (AUS) 28th Apr,R6 1600m Hcap,28-04-2013 06:40,7230940,12. Beastofburdon,0,4.1,3.89474401908452144186497430258801689472,3.72483011431698191336754462503142607847,4.1,3.55,60,3.9,10819.04,8843.92,770.92
100674291,AUS / Arar (AUS) 28th Apr,R7 1300m Hcap,28-04-2013 07:15,4823712,10. Miss Reveal,0,83.34214459672452,81.8785489142477339060869273164540728973,51.278418455054622081739033993234625409,100,65,1,1001,360.66,216.28,25
100674291,AUS / Arar (AUS) 28th Apr,R7 1300m Hcap,28-04-2013 07:15,7038307,12. Secret Stratagem,0,23,19.7253719029696706739380815314163405476,17.4074426224712198118865468162602577418,25,15,60,60,1367.26,1159.68,6.64
100674291,AUS / Arar (AUS) 28th Apr,R7 1300m Hcap,28-04-2013 07:15,6214466,8. Eudoxia,0,12.5,11.55801013013006784086353331473212093,10.3626771626652095215327345377548580991,13,10.5,60,12,2342.48,1868,99
100674279,AUS / Arar (AUS) 28th Apr,R1 1600m Mdn,28-04-2013 03:40,7230912,8. Chinzero,0,23.573947551159648,22.5679346107554290811781258495235268649,18.640397873577539662762687930891270039,26,19.5,1,1001,481.56,341.64,0
100674279,AUS / Arar (AUS) 28th Apr,R1 1600m Mdn,28-04-2013 03:40,7100814,3. My Friend Jack,0,123.76365056876094,71.2871340052158549369103815474342112918,51.1683539780848022868032396379228203907,85,55,32,22,335.84,174.82,73.08
100674295,AUS / Sale (AUS) 28th Apr,R2 1100m Mdn,28-04-2013 03:55,7231048,3. Jakusie King,1,14.177862999215725,14.2524992935327695403511840368699722169,5.95822735945726299424048620190099289778,20,13,3,1.01,2264.08,742.66,1273.98
100674295,AUS / Sale (AUS) 28th Apr,R2 1100m Mdn,28-04-2013 03:55,7231052,10. Finito La Musica,0,337.090714287795,151.845088044074965342420851332686566088,131.315242165242165242165242165242165242,390,110,1,1001,140.4,101.78,0
100674299,AUS / Sale (AUS) 28th Apr,R4 1400m 3yo,28-04-2013 05:05,7231059,2. All Fives,0,4.1,3.78518577057377881927747522373311651871,3.59562280402089281380570425136917799855,4.8,3.4,7,7,12938.42,11330.34,237.32
100674301,AUS / Sale (AUS) 28th Apr,R5 1200m Hcap,28-04-2013 05:44,7231075,8. Spirited Will,0,9.18259122357253,11.605515811970714191763658307672739101,10.1454534272811934423925075995853174255,15,9.8,1,1001,4552.88,3847.72,21.94
100674303,AUS / Sale (AUS) 28th Apr,R6 1700m Hcap,28-04-2013 06:20,6274901,9. Post Dfrance,1,5.275692027174627,5.19060986552480538494732453503273669386,3.29606692796940755076422900553579870839,5.7,4.3,6,1.01,8587.74,3645.4,2669.98
100674313,AUS / SCst (AUS) 28th Apr,R3 1200m Mdn,28-04-2013 04:40,5755628,6. Campionessa,0,5,5.11349540066363656729943439034938357671,4.43057986837377836327834517486568610795,6.4,4.8,5,3.05,7180.94,4835.08,1644.9
100674313,AUS / SCst (AUS) 28th Apr,R3 1200m Mdn,28-04-2013 04:40,6470252,13. Taking Revenge,0,432.9370290756971,263.235590170229216152533135238352504304,155.098884066955982641041537507749535028,320,190,1,1001,64.52,36.96,0
100674319,AUS / SCst (AUS) 28th Apr,R6 1400m CL4,28-04-2013 06:28,6413692,5. Im Busted,0,7.8,8.56153635839498770056264357788289137852,6.58720380448045292596027136512274879203,9,8,5.5,5.5,3278.24,2226.74,306.96
100674319,AUS / SCst (AUS) 28th Apr,R6 1400m CL4,28-04-2013 06:28,5222298,9. Azzimato,0,38,30.1172154016890954443395978624625615185,24.3723598348648288720202423758156878413,40,22,32,32,1501.8,1014.78,6.74
100674323,AUS / SCst (AUS) 28th Apr,R8 1200m CL2,28-04-2013 07:45,7148466,9. Mercury Jet,0,18.29709306759876,17.8463942958708127429546448225753242728,14.2439797523098093178690780420680165127,22,17,17.5,17.5,1220.88,869.44,23.9
100674321,AUS / SCst (AUS) 28th Apr,R7 1200m Hcap,28-04-2013 07:05,2808405,1. Diamond Pursuit,0,9.86762939080596,8.82575469487317465294803366963258772487,8.18305346553319850546738422513968395434,11.5,8.6,9.8,9.8,4667.68,4164.12,503.56
100674332,AUS / PAug (AUS) 28th Apr,R5 1850m Hcap,28-04-2013 06:12,5496524,7. Elegido,0,36.407856200225645,21.7461494156874290328940296410933069256,21.7401710713052817306585861685397568179,38,30,1,1001,521.42,514.24,7.18
100674332,AUS / PAug (AUS) 28th Apr,R5 1850m Hcap,28-04-2013 06:12,6472304,10. Mountain Climber,0,8.8,7.26860844548027475523831020062238398663,6.57805906682777209777860395947578771261,9,7.4,4.5,3.3,3442.88,2708.06,734.82
100674334,AUS / PAug (AUS) 28th Apr,R6 1400m Hcap,28-04-2013 06:48,2826386,3. Maktuub,0,10.5,10.5793443709965758890759622250102963338,8.43091076220551824341354208364838618808,11.5,9.6,10.5,6.6,1348.98,815.8,310.96
100674334,AUS / PAug (AUS) 28th Apr,R6 1400m Hcap,28-04-2013 06:48,3606464,1. Pacino,0,13.810364615226867,13.6823640084301623725370494566091311727,11.0570470403692551791284279609829976741,14,13,290,13,1109.26,482.16,236.94
100674334,AUS / PAug (AUS) 28th Apr,R6 1400m Hcap,28-04-2013 06:48,3107943,6. Savannah Prince,0,3.9057782811520156,3.81561102951758026694670609516497992516,3.51897699977150245495533151649919468548,4,3.55,4.1,3.75,7177.32,4821.18,1512.98
100674336,AUS / PAug (AUS) 28th Apr,R7 1100m Hcap,28-04-2013 07:24,1461413,5. Gumnuts,0,4.436349784,3.79948967520373267565593044265502168072,4.0794403591882910273633599660609488793,4.9,3.95,12,4,6788.64,5214.82,1573.82
100674336,AUS / PAug (AUS) 28th Apr,R7 1100m Hcap,28-04-2013 07:24,3170054,10. Master Pickles,0,66.08026014388074,29.7343202320391187560667791695403000708,29.5819366852886405959031657355679702048,70,48,50,50,150.36,139.04,11.32
100674336,AUS / PAug (AUS) 28th Apr,R7 1100m Hcap,28-04-2013 07:24,3986028,3. Miss Eliza,0,6.009333535511535,5.09857608446736303198331412555231105706,5.38746739898764208353984026519552482552,6.6,5,9,5.7,2461.58,1862.66,598.92
100674336,AUS / PAug (AUS) 28th Apr,R7 1100m Hcap,28-04-2013 07:24,7231032,12. Spinning Nuts,0,953.544100261,497.981339891356156308787376413852873546,505.380077369439071566731141199226305609,970,900,530,520,20.68,14.04,6.64
100674338,AUS / PAug (AUS) 28th Apr,R8 1400m Hcap,28-04-2013 08:04,6129785,3. Ordynskis Hill,0,5.369374404,4.69981653594573796127121263526805667951,4.72760581271900486643387970764576288869,6,5,1,1001,6518.12,6399.84,118.28
100674328,AUS / PAug (AUS) 28th Apr,R3 1200m Hcap,28-04-2013 05:00,3356435,4. Lord Of The Castle,0,12.463111308649752,12.3824364905294215215719303389683763032,9.86636249750875494690089115394470859551,13,9.8,290,6,2809.84,1604.3,269.6
100674328,AUS / PAug (AUS) 28th Apr,R3 1200m Hcap,28-04-2013 05:00,5455649,5. Wicked Romeo,0,18.646016199,17.5081480631240021788884513507516665255,16.5234678702809882856322888674371885518,19,14,290,290,766.58,512.9,18.6
100674328,AUS / PAug (AUS) 28th Apr,R3 1200m Hcap,28-04-2013 05:00,6501258,6. Natural Hero,0,17.034222543286155,16.7729997082559926141344796963717471313,16.7595790433989313176071940570832790304,19,15,290,290,920.76,751.94,6.64
100674328,AUS / PAug (AUS) 28th Apr,R3 1200m Hcap,28-04-2013 05:00,5913065,2. Gigabyte,1,8.013123210682966,8.95023980830018442624436743827392635415,5.29830300414998714605751221124536339932,10,8.2,6.2,1.01,6534.96,3113.92,2527.82
100674330,AUS / PAug (AUS) 28th Apr,R4 1200m Hcap,28-04-2013 05:35,3992931,1. Al Chicago,0,6.8,7.04984377568667340521137954308388299867,6.56014706491379032666264799672371030605,8,6,1,1001,4346.38,3842.8,14.62
100674349,AUS / Alba (AUS) 28th Apr,R5 1100m Hcap,28-04-2013 08:08,4683167,11. Major Bligh,0,188.9148459755629,148.681505483836490344646179426445167075,87.523504664349734772269983537589171392,210,110,1,1001,109.34,62.5,0
100674349,AUS / Alba (AUS) 28th Apr,R5 1100m Hcap,28-04-2013 08:08,6166397,8. Black Beast,0,71.90372940262313,72.8575101287448118869478092706610327624,56.0557480980557903634826711749788672866,180,36,1,1001,473.2,321.6,.24
100674349,AUS / Alba (AUS) 28th Apr,R5 1100m Hcap,28-04-2013 08:08,6924350,3. Cargo Cruiser,1,4.1957321044966385,4.63858673930595530374553180777790455686,3.63276903847828696653069294811892561147,6,4.2,4.2,1.01,8496.74,5747.04,1423.94
100674349,AUS / Alba (AUS) 28th Apr,R5 1100m Hcap,28-04-2013 08:08,7230899,12. Spinning Kitty,0,16.415985442429665,19.9177908959181585364433392527366813324,16.5965333860869969976959061605418111574,23,16.5,1,1001,1718.68,1389.64,3.48
100674349,AUS / Alba (AUS) 28th Apr,R5 1100m Hcap,28-04-2013 08:08,7230896,4. Flying Metal,0,18.415667605287307,18.252395319885594765681691924964544046,10.7964723718589722912164123737943937292,24,14,1,1001,1240.04,640.3,175.2
100674353,AUS / Alba (AUS) 28th Apr,R7 1512m Hcap,28-04-2013 09:20,6131592,11. Tshuva,0,12,12.8233141394281134583698840010018667554,9.65833608043514092632272952035602439426,14.5,11.5,1,1001,1456.08,983.5,0
100674353,AUS / Alba (AUS) 28th Apr,R7 1512m Hcap,28-04-2013 09:20,7230904,7. Beauty Inthe Beast,0,4.458848923532699,4.94369054326579586302165710949196679506,4.13716152786692035183971238862253976013,5.5,4.6,5.5,5.3,8756.26,5900.9,281.4
100674353,AUS / Alba (AUS) 28th Apr,R7 1512m Hcap,28-04-2013 09:20,7230905,9. Stripped Bear,0,32,32.2819404975816448597335883936915264268,17.5709923664122137404580152671755725191,38,30,1,1001,366.8,185.28,3.88
100674353,AUS / Alba (AUS) 28th Apr,R7 1512m Hcap,28-04-2013 09:20,1518900,10. Hubert,0,140.71388119156174,112.092179024086070991403427352394543959,64.3753435414212799371809972516686297605,140,70,1,1001,203.76,116.24,0
100674354,AUS / Echu (AUS) 28th Apr,R1 2160m Pace M,28-04-2013 08:28,6913991,1. Delivering Dreams,0,,1,71.3194029850746268656716417910447761194,1,1001,1,1001,6.7,0,0
100674356,AUS / Echu (AUS) 28th Apr,R2 1755m Pace M,28-04-2013 09:03,6989233,1. Last Spin,0,,1,9.81709540206603200324083451488758355276,1,1001,1,1001,296.22,0,0
100674356,AUS / Echu (AUS) 28th Apr,R2 1755m Pace M,28-04-2013 09:03,7231152,6. Bonsai Babe,0,,1,17.1085497519696527575138605194047271666,1,1001,1,1001,68.54,0,0
100674356,AUS / Echu (AUS) 28th Apr,R2 1755m Pace M,28-04-2013 09:03,7231154,11. Fiddlers Lane,0,,1,41.7224179994578476551911087015451341827,1,1001,1,1001,73.78,0,0
100674356,AUS / Echu (AUS) 28th Apr,R2 1755m Pace M,28-04-2013 09:03,1005513,8. Sound The Alarm,0,,1,73.6036036036036036036036036036036036036,1,1001,1,1001,4.44,0,0
100674360,AUS / Echu (AUS) 28th Apr,R4 1755m Pace M,28-04-2013 09:52,6159963,6. Moodemere,0,,1,10.7552414141981900961160137147996177843,1,1001,1,1001,355.82,0,0
100674360,AUS / Echu (AUS) 28th Apr,R4 1755m Pace M,28-04-2013 09:52,6547381,1. Junie Jasper,0,,1,4.06993865786361844698462751281040599133,1,1001,1,1001,811.84,0,0
100674362,AUS / Echu (AUS) 28th Apr,R5 1755m Pace M,28-04-2013 10:23,1451471,4. War Emblem,0,,1,21.7859350850077279752704791344667697063,1,1001,1,1001,90.58,0,0
100674362,AUS / Echu (AUS) 28th Apr,R5 1755m Pace M,28-04-2013 10:23,5388355,5. Sir Philo,0,,1,40.9309286262471220260936300844205679202,1,1001,1,1001,52.12,0,0
100674362,AUS / Echu (AUS) 28th Apr,R5 1755m Pace M,28-04-2013 10:23,6929978,1. Saint Liliana,0,,1,81.3767441860465116279069767441860465116,1,1001,1,1001,8.6,0,0
100674368,AUS / Echu (AUS) 28th Apr,R8 2130m Trot S,28-04-2013 11:45,6872373,5. Slowly Does It,0,,1,8.24724348164483071734336489817096899728,1,1001,1,1001,462.54,0,0
100674366,AUS / Echu (AUS) 28th Apr,R7 2160m Pace M,28-04-2013 11:16,6022575,3. Hes Real,0,,1,35.8823288232882328823288232882328823288,1,1001,1,1001,48.78,0,0
100674366,AUS / Echu (AUS) 28th Apr,R7 2160m Pace M,28-04-2013 11:16,5684731,6. Lights And Music,0,,1,6.8013073929961089494163424124513618677,1,1001,1,1001,771,0,0
100674376,AUS / Kell (AUS) 28th Apr,R4 2500m Pace S,28-04-2013 07:34,2427501,7. Tuxedo,0,,1,6.10120481927710843373493975903614457831,1,1001,1,1001,6.64,0,0
100674382,AUS / Kell (AUS) 28th Apr,R7 2130m Pace M,28-04-2013 09:08,7231145,8. Commended,0,,1,16.1632850241545893719806763285024154589,1,1001,1,1001,20.7,0,0
100674382,AUS / Kell (AUS) 28th Apr,R7 2130m Pace M,28-04-2013 09:08,1380200,1. Solid Gold Blue Jean,0,,1,75,1,1001,1,1001,3.06,0,0
100674382,AUS / Kell (AUS) 28th Apr,R7 2130m Pace M,28-04-2013 09:08,4757066,7. Golden Brown Bro,0,,1,46.8724279835390946502057613168724279835,1,1001,1,1001,4.86,0,0
100674384,AUS / Kell (AUS) 28th Apr,R8 1730m Pace M,28-04-2013 09:47,3106194,8. Tis A Charmer,0,,1,5.04672897196261682242990654205607476636,1,1001,1,1001,2.14,0,0
100674384,AUS / Kell (AUS) 28th Apr,R8 1730m Pace M,28-04-2013 09:47,6462482,9. Cheeryrose,0,,1,3.96098109810981098109810981098109810981,1,1001,1,1001,66.66,0,0
100674374,AUS / Kell (AUS) 28th Apr,R3 2130m Pace M,28-04-2013 07:08,6344768,9. Jilliby Rusty,0,,1,2.28646152065286593482916288850732159049,1,1001,1,1001,1036.66,0,0
100674374,AUS / Kell (AUS) 28th Apr,R3 2130m Pace M,28-04-2013 07:08,3800450,10. Kissed Flush,1,,1,3.77167176266424262457648128253863317081,1,1001,1,1001,484.04,0,0
100674388,AUS / Laun (AUS) 28th Apr,R2 2200m Pace M,28-04-2013 08:40,6547248,9. Arts Bliss,0,,1,9.11845185767824920186924536158793318836,1,1001,1,1001,432.26,0,0
100674396,AUS / Laun (AUS) 28th Apr,R6 2200m Pace M,28-04-2013 10:35,7231185,4. Riverboat Jasper,1,,1,1.33210787938791046925815068401961223356,1,1001,1,1001,33048.76,0,0
100674396,AUS / Laun (AUS) 28th Apr,R6 2200m Pace M,28-04-2013 10:35,3871107,1. Cumulative Dreams,0,,1,141.25271385149804602692140686061658706,1,1001,1,1001,46.06,0,0
100674396,AUS / Laun (AUS) 28th Apr,R6 2200m Pace M,28-04-2013 10:35,5546048,10. Johnnyace,0,,1,27.8687660825879181472858718294326675653,1,1001,1,1001,326.44,0,0
100674398,AUS / Laun (AUS) 28th Apr,R7 2200m Pace M,28-04-2013 11:30,5547502,12. Sugastikysweetstuf,0,,1,6.98859791802212101496421600520494469746,1,1001,1,1001,122.96,0,0
100674398,AUS / Laun (AUS) 28th Apr,R7 2200m Pace M,28-04-2013 11:30,4028128,5. Peace Chief,0,,1,25.0311504424778761061946902654867256637,1,1001,1,1001,11.3,0,0
100674400,AUS / Laun (AUS) 28th Apr,R8 2200m Pace S,28-04-2013 11:52,6260227,4. Vi Et Animo,0,,1,5.75499400976868491383282646760667219611,1,1001,1,1001,1085.1,0,0
100674402,AUS / Laun (AUS) 28th Apr,R9 2200m Pace M,28-04-2013 12:17,6562689,8. Damitsam,1,,1,1,1,1001,1,1001,0,0,0
100674402,AUS / Laun (AUS) 28th Apr,R9 2200m Pace M,28-04-2013 12:17,6619563,4. Mon Visage,0,,1,7.81821703419935248522331028773643540998,1,1001,1,1001,60.6,0,0
100674406,AUS / Laun (AUS) 28th Apr,R11 1680m Pace M,28-04-2013 13:05,7231190,3. Our Artesian Lily,0,,1,1,1,1001,1,1001,0,0,0
100674394,AUS / Laun (AUS) 28th Apr,R5 2200m Pace M,28-04-2013 10:11,5673165,4. Tony Macarony,1,,1,1.65512944006201267612055993798732387944,1,1001,1,1001,10526.88,0,0
100674394,AUS / Laun (AUS) 28th Apr,R5 2200m Pace M,28-04-2013 10:11,6480832,9. Partyboy Glenwood,0,,1,52.464592274678111587982832618025751073,1,1001,1,1001,18.64,0,0
100673215,AUS / Mngl (AUS) 28th Apr,R9 2300m Pace M,28-04-2013 08:20,1266130,12. Giggling Girl,0,23,15.9315559440559440559440559440559440559,15.9315559440559440559440559440559440559,23,18,1,1001,228.8,228.8,0
100673215,AUS / Mngl (AUS) 28th Apr,R9 2300m Pace M,28-04-2013 08:20,2434629,11. Newgate,0,99.72171230670065,64.3587323577798943631483245302623603775,64.3587323577798943631483245302623603775,95,46,1,1001,230.98,230.98,0
100673201,AUS / Mngl (AUS) 28th Apr,R2 1609m Pace M,28-04-2013 03:59,5632906,2. Light In Every Day,0,57.60202856716701,62.0139200247381755356384876737731987547,66.9332051898125901009130225852955309947,110,55,110,110,124.86,112.06,12.8
100673203,AUS / Mngl (AUS) 28th Apr,R3 1609m Pace M,28-04-2013 04:34,7137775,7. Yabba Dabba Do,0,18.5,23.7908247820109149158268966204864845917,22.5499478785459223279437531882804356023,55,17,1,1001,901.74,848.62,0
100673203,AUS / Mngl (AUS) 28th Apr,R3 1609m Pace M,28-04-2013 04:34,1560476,1. Getting Lucky,0,60,73.6886110342866819411431704353593653471,68.3283243549759001984689537850864757584,110,60,1,1001,352.7,326.22,0
100673203,AUS / Mngl (AUS) 28th Apr,R3 1609m Pace M,28-04-2013 04:34,6569807,10. Lochinver,0,6.822476883827765,6.54705589143770536448371051731222901944,6.1771270117849849174676334476233301482,7.2,6,1,1001,2134.92,1906.24,19.94
100673205,AUS / Mngl (AUS) 28th Apr,R4 1609m Pace M,28-04-2013 05:09,7225673,5. Gowan Brae,0,430,261.051186100994273804950748377761977044,244.396186440677966101694915254237288136,430,420,1,1001,9.44,5.8,0
100673205,AUS / Mngl (AUS) 28th Apr,R4 1609m Pace M,28-04-2013 05:09,7155519,2. Blackwarrior,0,150,145.160163855891526387814886550274923394,65.4677544677544677544677544677544677545,470,140,25,25,51.48,18.34,19.92
100673207,AUS / Mngl (AUS) 28th Apr,R5 2300m Pace M,28-04-2013 05:47,7225678,9. Major Post,0,10.302917318639812,7.45716561557212428390383337845109324338,6.99513746435989730489865954509682496678,9,6.8,18.5,7,1550.22,1168.18,204
100673211,AUS / Mngl (AUS) 28th Apr,R7 1609m Pace M,28-04-2013 07:00,5509097,6. Our Mega Dream,0,4.8,4.60006140732699318994789937854490602376,4.39155734540908331460900726503851449839,5.1,3.5,1,1001,3471.42,3190.16,45.52
100673211,AUS / Mngl (AUS) 28th Apr,R7 1609m Pace M,28-04-2013 07:00,6321894,1. Waltzing With Cullen,0,36.52961624256334,35.5891506568299609466745238525741179319,33.1284025445709449313348076555546454801,46,26,1,1001,732.54,658.2,0
100673213,AUS / Mngl (AUS) 28th Apr,R8 1609m Pace M,28-04-2013 07:40,4390082,1. Pure Power,0,47.95910623669681,49.8772508606275180689069600297869611296,49.5352045505352840358677562780993069873,90,44,1,1001,805.18,798.54,6.64
100673213,AUS / Mngl (AUS) 28th Apr,R8 1609m Pace M,28-04-2013 07:40,3763578,6. Chariot King,0,33.46540065067181,33.6924852901964269842680650608834770243,33.6924852901964269842680650608834770243,48,18,1,1001,1125.1,1125.1,0
100674257,AUS / Nowr (AUS) 28th Apr,R5 1000m CL3,28-04-2013 06:35,7231005,5. Millionaires Baby,0,4.8,5.02120357715211853968422163125364487116,4.70344284765055609477789257995275716557,5.4,4.6,4.6,4.5,11498.04,10428.04,168.74
100674249,AUS / Nowr (AUS) 28th Apr,R1 1200m Mdn,28-04-2013 04:10,7230990,12. Place Des Vosges,0,157.61642487327597,118.885128700005654997166398901872780464,57.7938063504508036064288514308114464916,190,95,1,1001,51.02,24.58,0
100674255,AUS / Nowr (AUS) 28th Apr,R4 1400m CL2,28-04-2013 05:56,7231000,2. Frankenbeans,1,4.9896,4.63428711390240849022337238587593052535,4.1452098027615390014740240857541087168,5.53,3.97,6,3,9972.7,7578.14,1492.64
100674580,AUS / Nowr (AUS) 28th Apr,R7 1600m Mdn,28-04-2013 07:50,6330323,9. Cash Commands,0,19,15.8734680843581603979756294978978271957,12.6314748512024682546078307219414480274,17,14.5,60,10,1737.26,1066.3,318.92
100674275,AUS / Tamw (AUS) 28th Apr,R7 1400m Cup,28-04-2013 07:20,5237629,7. Star Of Dubai,0,5.9411866513415585,5.75025238018525101805167665638433329625,5.36731294839424053053435878747589708883,6.8,5,5.5,5.5,9988.42,8873.88,158.12
100674263,AUS / Tamw (AUS) 28th Apr,R1 1000m Mdn,28-04-2013 03:45,7231104,5. Universal Miss,0,30,30.5783267603718310284819936706680731849,23.9724860848190320119797700110191280762,36,28,28,28,707.86,468,74.34
100674267,AUS / Tamw (AUS) 28th Apr,R3 1200m Hcap,28-04-2013 04:55,5955938,8. Sorcha Rose,0,9.8,11.4590088775591976543508630369507949798,9.0780138325502670207488254005311232381,13.5,10,9.8,3.7,4797.38,3342.7,682.16
100674267,AUS / Tamw (AUS) 28th Apr,R3 1200m Hcap,28-04-2013 04:55,6039233,2. Emotional Outburst,0,15.5,14.8838373800351611753406251339449869959,13.1275711536589566376386195329055253128,24,13.5,1,1001,2670.98,2283.96,0
100674271,AUS / Tamw (AUS) 28th Apr,R5 1000m CL3,28-04-2013 06:08,6826186,9. Jefferson Park,0,4.6632594867232555,4.72453598918870375365953296449186339483,4.02583224324306735130843371925782749891,5.6,4,4,3,6146.28,4327.66,891.04
100674271,AUS / Tamw (AUS) 28th Apr,R5 1000m CL3,28-04-2013 06:08,7231122,1. Jagonal,0,17,15.001251159165344108650816814400719399,12.5776907510664007337419383016203467804,20,11.5,17,17,1373.78,1046.38,66.46
100674269,AUS / Tamw (AUS) 28th Apr,R4 1200m CL2,28-04-2013 05:30,7231118,9. Magic Stepper,0,7.162898137806914,6.63182069784701298600263474895288051497,6.26581485414736651829089183631967824299,7.4,5.8,1,1001,8851.4,8131.92,99.08
100674269,AUS / Tamw (AUS) 28th Apr,R4 1200m CL2,28-04-2013 05:30,5650824,4. Mapuche,0,22.347410787838456,21.1101834921264296627124086467569839595,16.6273335733455521371997119853374353604,23,18.5,1,1001,1222.16,909.22,6.66
100674269,AUS / Tamw (AUS) 28th Apr,R4 1200m CL2,28-04-2013 05:30,6391649,2. Magic Maestro,0,12,11.0283520422380503802082031273966477357,8.17871258128136533166702466267012946437,12.5,9.4,7,7,2048.44,1092.02,92.64
100674277,AUS / Tamw (AUS) 28th Apr,R8 1400m Hcap,28-04-2013 07:58,5175788,2. Rocky Dancer,0,19.27877378214267,21.4572622054854604491969691210433309783,17.7298428996183088303377606765501702692,24,19,26,26,1943.98,1436,26.56
100674277,AUS / Tamw (AUS) 28th Apr,R8 1400m Hcap,28-04-2013 07:58,7231131,9. Buckle Me Up,0,7.3347480107525165,7.48796316081732903631195355007782246985,6.52168203504551304624225218683876757963,8.4,6.6,5.5,5.5,6417.94,5238.14,148.92
100674281,AUS / Arar (AUS) 28th Apr,R2 1300m 3yo,28-04-2013 04:15,7230918,2. Game Of Shadows,1,12.5,9.85010246026445374029991444760172783929,8.88358872653485739923116925492755248748,12.5,10,22,6.2,1961.42,1450.94,443.36
100674285,AUS / Arar (AUS) 28th Apr,R4 1100m Hcap,28-04-2013 05:25,7230931,3. Yocto,0,5.100053759153665,4.77651327094980731319053163613312503609,4.3346010895290377694063607209377231924,5.4,4,4.8,4.8,7140.7,5800.48,256.46
100674287,AUS / Arar (AUS) 28th Apr,R5 2000m Hcap,28-04-2013 06:04,6401477,9. Black Coupez,0,5.656649525179527,5.59574248419976959929298899114425500083,4.73023295901249931680491732288430248935,6.2,5.3,5.3,4.1,4757.06,3285.62,739.46
100674289,AUS / Arar (AUS) 28th Apr,R6 1600m Hcap,28-04-2013 06:40,2381318,8. Next Shot,0,90,89.0912316792161920596429811691670557649,58.62451171875,120,70,1,1001,163.84,103.44,1.32
100674291,AUS / Arar (AUS) 28th Apr,R7 1300m Hcap,28-04-2013 07:15,7230943,4. Planet King,0,3.1139737455556857,3.41079248468246655537098649114509638156,3.24137655200300225697839749248114339477,4.2,3.1,3,2.8,30270.56,26813.34,1600.34
100674279,AUS / Arar (AUS) 28th Apr,R1 1600m Mdn,28-04-2013 03:40,7230914,10. Spruce Goose,0,18.5,12.9348208961847581019784403474193959219,12.1186548554527793081450981529271899556,19.5,8.4,1,1001,1379.48,1232.12,24.6
100674279,AUS / Arar (AUS) 28th Apr,R1 1600m Mdn,28-04-2013 03:40,6913591,1. Bigem,0,315.5407393983751,174.837879342769348323769807177130107617,137.658227848101265822784810126582278481,260,100,70,70,230.68,141.3,66.42
100674299,AUS / Sale (AUS) 28th Apr,R4 1400m 3yo,28-04-2013 05:05,7175789,5. Cumani,0,10.10613737,10.2601646049304012222130377494191014584,9.16435670794105607859189521080638559149,12,9.2,1,1001,3127.04,2708.46,59.8
100674299,AUS / Sale (AUS) 28th Apr,R4 1400m 3yo,28-04-2013 05:05,6744890,9. Miners Keepers,0,38,34.4550219394474220592508828351578075859,26.3630246271245230662504335761359694762,38,32,290,290,576.6,370.44,6.64
100674299,AUS / Sale (AUS) 28th Apr,R4 1400m 3yo,28-04-2013 05:05,7231066,12. Stradale,1,2.58,3.34141478155834367792977334395147180224,2.89710689795788517767642559049538853975,4,2.6,2.56,1.01,27661.52,20745.66,4884.2
100674301,AUS / Sale (AUS) 28th Apr,R5 1200m Hcap,28-04-2013 05:44,6249199,7. Miz Sinatra,0,9.826080802,10.698102291886484408990642573044767616,9.84661186392495025111342746138538804132,14.5,9.8,1,1001,4221.2,3809.04,3.98
100674301,AUS / Sale (AUS) 28th Apr,R5 1200m Hcap,28-04-2013 05:44,6407883,10. Friday Frenzy,0,10.5,13.0654971113503862374370427518902879749,12.0327293084963108888196428665740647826,16.5,10.5,10,10,3786.82,3303.34,199.3
100674303,AUS / Sale (AUS) 28th Apr,R6 1700m Hcap,28-04-2013 06:20,933529,10. Soaked,0,6.8,7.05240507297549357143601641464081629803,5.35845965826023391812865497076023391813,7.6,6.6,36,5,5253.12,2995.88,779.36
100674303,AUS / Sale (AUS) 28th Apr,R6 1700m Hcap,28-04-2013 06:20,7231077,8. Haka Brave,0,180,121.392394553177707656853556498139656744,101.610985648721497778101551686457346835,170,40,780,130,274.54,188.52,9.02
100674293,AUS / Sale (AUS) 28th Apr,R1 1200m 2yo,28-04-2013 03:20,7231039,5. Later Baby,0,245.683998153694,108.264913416042534337414366192031551515,116.166356444858073522568636575151233132,210,40,22,22,171.92,140.42,13.28
100674293,AUS / Sale (AUS) 28th Apr,R1 1200m 2yo,28-04-2013 03:20,6903893,6. Louvre Lady,0,11.027487239,13.0298664380845035737668817122824631465,7.56943674976915974145891043397968605725,14,13,1,1001,1906.08,452.72,6.64
100674293,AUS / Sale (AUS) 28th Apr,R1 1200m 2yo,28-04-2013 03:20,7231047,16. Sure You Can,0,8.837965276167381,10.3516726906110205521030557939897889879,8.62711615337675438050287052142616969078,11.5,9.2,9,9,1605.98,1202.64,61.8
100674305,AUS / Sale (AUS) 28th Apr,R7 1400m CL1,28-04-2013 06:56,7231082,4. Samuelsson,0,10.679224457804814,10.7551056544989073433063892733421165566,9.87859582315875753487816123358549205102,15,9.8,10.5,7,4684.88,3813.42,297.34
100674305,AUS / Sale (AUS) 28th Apr,R7 1400m CL1,28-04-2013 06:56,7231089,12. Marlborough,0,350.475790668,257.327685541054217608697208612967667432,182.488642659279778393351800554016620499,310,160,1,1001,72.2,51.12,0
100674305,AUS / Sale (AUS) 28th Apr,R7 1400m CL1,28-04-2013 06:56,7050135,14. La Fantome,0,347.7470575697114,296.775794942672453972207757073340991491,218.095046082949308755760368663594470046,630,180,1,1001,138.88,71.34,0
100674307,AUS / Sale (AUS) 28th Apr,R8 1100m Hcap,28-04-2013 07:35,6048929,15. Waynes Command,0,68.82087122810262,34.4210110405353987590146187777423728235,34.6400086940605838748055275922028004027,65,16,300,55,874.16,685.56,30.56
100674307,AUS / Sale (AUS) 28th Apr,R8 1100m Hcap,28-04-2013 07:35,7102322,10. Asterix,0,4.081828434321834,4.20784854822380813592198985282079886504,4.14806822297491112121993550312488229175,4.7,3.75,500,4.4,13805.32,10524.82,1146.96
100674307,AUS / Sale (AUS) 28th Apr,R8 1100m Hcap,28-04-2013 07:35,5274916,14. Urban Gypsy,0,217.338136138,140.969697282031725090444336793065418827,84.7732029507634242580202436095385143249,190,75,40,40,233.16,129.62,11.36
100674315,AUS / SCst (AUS) 28th Apr,R4 1000m 2yo,28-04-2013 05:15,6887902,1. Choisenegger,0,3.995580151175054,3.94257429477530507494700412355276162193,3.66147597517051115027971492068357728562,4.4,3,80,4.3,12266.06,9382.06,561.92
100674315,AUS / SCst (AUS) 28th Apr,R4 1000m 2yo,28-04-2013 05:15,7008829,5. Tints,1,4.021555213837127,3.74838822800705297299166728781372434777,3.38383433313615183769183840645590743851,4.8,3.45,4,1.01,15112.98,11751.86,2166.32
100674317,AUS / SCst (AUS) 28th Apr,R5 1000m CL1,28-04-2013 05:52,7230969,9. Bjorn,0,110,102.52214787947444250546009683603591485,56.0025097402597402597402597402597402597,170,75,800,800,369.6,180.32,43.32
100674317,AUS / SCst (AUS) 28th Apr,R5 1000m CL1,28-04-2013 05:52,6305955,4. Khaantantes,0,7.997193722696538,8.67938676963436346987079703310866315722,6.3660967148210431535599369711735808583,11,8.2,6,6,3020.84,1844.48,154.2
100674317,AUS / SCst (AUS) 28th Apr,R5 1000m CL1,28-04-2013 05:52,7038274,8. Purrfectlyfearless,1,59.485912198453434,61.1195965037076604967972649895551260883,16.7821339944127048045705081418468275741,70,44,140,140,794.66,179.06,482.8
100674319,AUS / SCst (AUS) 28th Apr,R6 1400m CL4,28-04-2013 06:28,7230973,11. Brilliant Dragon,0,19.5,21.2142520202887454445872089530338301563,20.0080583970323741007194244604316546763,27,18,300,12,1423.36,977.16,83.72
100674323,AUS / SCst (AUS) 28th Apr,R8 1200m CL2,28-04-2013 07:45,6836370,7. Red Hot Dazzler,0,10,8.71662482774458596347706248172424006894,7.75651524958062002192663822367812751793,9.8,7.4,1,1001,3028.28,2434.16,57.12
100674323,AUS / SCst (AUS) 28th Apr,R8 1200m CL2,28-04-2013 07:45,7230979,11. Eddie,0,38.72411339953541,31.9875477894965001333809405758781273534,29.4773516451005122934865542423817754317,44,20,300,38,1284.42,1036.1,90.74
100674323,AUS / SCst (AUS) 28th Apr,R8 1200m CL2,28-04-2013 07:45,5760530,12. Royal Crusader,0,333.56928258560606,183.242900022101758502042071217219873117,170.294801565120178870877585243152599217,220,130,180,180,178.9,108.48,7.96
100674311,AUS / SCst (AUS) 28th Apr,R2 1600m Mdn,28-04-2013 04:05,7155316,8. Zappa The Rockstar,0,150.12247212823013,44.486928176712301566835330316282011338,32.9219086497727797889547870291920203343,240,10,42,22,519.32,328.26,180.5
100674321,AUS / SCst (AUS) 28th Apr,R7 1200m Hcap,28-04-2013 07:05,7230975,9. Danyme,0,8,7.58273864138912341771511098803417330079,7.40486271221966044854328233074827080277,11.5,7,7.8,5,4675.58,4390.28,285.3
100674324,AUS / PAug (AUS) 28th Apr,R1 1100m 3yo,28-04-2013 03:50,1365367,1. Salary Cap,0,3.920728996631369,3.81439640518979460771308320262189783698,3.96858123363660402688464187227761037029,4.2,3.2,60,4,6882.74,4345.84,652.24
100674324,AUS / PAug (AUS) 28th Apr,R1 1100m 3yo,28-04-2013 03:50,7231018,2. Tigaras Gem,1,1.777231396,1.87502718707017571668123262131222832539,1.6668632855288246987707412065398190596,2.18,1.77,1.85,1.01,31550.72,19818.52,4037.48
100674326,AUS / PAug (AUS) 28th Apr,R2 1600m Mdn,28-04-2013 04:25,7056400,9. Host With The Most,0,3.45,3.67768596918142950208841625389878713902,4.46169446365895524299951323239310327159,4,3.55,50,3.6,3903.3,2254.56,1104.84
100674332,AUS / PAug (AUS) 28th Apr,R5 1850m Hcap,28-04-2013 06:12,5550448,6. Shesmisunderstood,0,4.1042941466774066,3.65524931462778861760068774903754127849,3.80587089444914734195379691664752290171,4.5,4,190,4.1,6355.42,5542.98,812.44
100674334,AUS / PAug (AUS) 28th Apr,R6 1400m Hcap,28-04-2013 06:48,4671149,7. Ticket To Vegas,0,5.11142219530244,4.70227810252583668804694600745914312826,4.0745226450746855682002787349196713322,5,4.4,4.8,2.6,4678.28,3025.12,1135.76
100674336,AUS / PAug (AUS) 28th Apr,R7 1100m Hcap,28-04-2013 07:24,7231031,11. Rubilad,0,50.744389401264506,22.4092177674978976955102680678800166709,23.1676764830209947865295195152881499225,50,25,40,40,141.94,135.82,6.12
100674338,AUS / PAug (AUS) 28th Apr,R8 1400m Hcap,28-04-2013 08:04,6007337,7. Mime,0,36,25.398303898233894033642018521111266676,25.398303898233894033642018521111266676,100,26,1,1001,999.94,999.94,0
100674330,AUS / PAug (AUS) 28th Apr,R4 1200m Hcap,28-04-2013 05:35,7184954,12. Act Of Faith,0,5.4,5.76528346037513648925535090650590142569,4.22515844057679428430100235930982545554,6.4,5.4,5.1,1.9,7197.02,3839.52,1800.48
100674330,AUS / PAug (AUS) 28th Apr,R4 1200m Hcap,28-04-2013 05:35,5461196,9. El Toro,0,20.83198162181302,20.7956722937646592253948563928361382967,14.2349401939784842723400158840942456259,23,19,32,10,831.02,433.28,51.22
100674341,AUS / Alba (AUS) 28th Apr,R1 1825m Hcap,28-04-2013 05:40,7230880,6. Zucaletto,0,75,39.6775700245645577542632184970947296608,35.0803755249938236020752697027093798897,75,18.5,22,22,485.72,384.72,45.54
100674341,AUS / Alba (AUS) 28th Apr,R1 1825m Hcap,28-04-2013 05:40,5164863,5. Head To Hell,0,5.843867560628604,6.12330753994805159718332095763034907925,4.80580094738450567921356899098456680079,6.4,5.9,6,6,4711.92,2728.96,389.24
100674341,AUS / Alba (AUS) 28th Apr,R1 1825m Hcap,28-04-2013 05:40,4536809,3. Cestrinus,0,3.130948201,3.55683644672487103060074921841618260457,3.19532495097743306740091794391467833991,3.85,3.3,3.35,2.86,10270.78,6763.84,1506.9
100674351,AUS / Alba (AUS) 28th Apr,R6 1200m Hcap,28-04-2013 08:45,6585462,9. Valledoria,0,19.28704600351863,19.5122039491221537234407857155417145261,11.0346424797463895737935892920042268404,25,15.5,16,16,567.8,235.1,13.28
100674364,AUS / Echu (AUS) 28th Apr,R6 1755m Pace M,28-04-2013 10:48,4261820,6. Family Interest,0,,1,85.0129533678756476683937823834196891192,1,1001,1,1001,7.72,0,0
100674364,AUS / Echu (AUS) 28th Apr,R6 1755m Pace M,28-04-2013 10:48,5726455,2. Mosquito Zephyr,0,,1,18.9476073619631901840490797546012269939,1,1001,1,1001,81.5,0,0
100674356,AUS / Echu (AUS) 28th Apr,R2 1755m Pace M,28-04-2013 09:03,6005692,3. Im Totally Kool,0,,1,242.105263157894736842105263157894736842,1,1001,1,1001,.38,0,0
100674358,AUS / Echu (AUS) 28th Apr,R3 1755m Pace M,28-04-2013 09:31,4648657,9. Ciara Girl,0,,1,150.77380952380952380952380952380952381,1,1001,1,1001,5.04,0,0
100674358,AUS / Echu (AUS) 28th Apr,R3 1755m Pace M,28-04-2013 09:31,7231160,11. Rogues Reward,0,,1,18.3628973919664953359984770607272035028,1,1001,1,1001,105.06,0,0
100674360,AUS / Echu (AUS) 28th Apr,R4 1755m Pace M,28-04-2013 09:52,5770700,9. Vice Operative,0,,1,43.4428110433847257081391179634277518824,1,1001,1,1001,55.78,0,0
100674362,AUS / Echu (AUS) 28th Apr,R5 1755m Pace M,28-04-2013 10:23,5029090,7. Me Cobber,0,,1,73.6741344195519348268839103869653767821,1,1001,1,1001,9.82,0,0
100674362,AUS / Echu (AUS) 28th Apr,R5 1755m Pace M,28-04-2013 10:23,2988083,9. Greater Magellan,0,,1,206.024844720496894409937888198757763975,1,1001,1,1001,3.22,0,0
100674368,AUS / Echu (AUS) 28th Apr,R8 2130m Trot S,28-04-2013 11:45,6343823,12. Sans Frontiere,0,,1,3.5088514625855524899775924881484078472,1,1001,1,1001,5248.24,0,0
100674366,AUS / Echu (AUS) 28th Apr,R7 2160m Pace M,28-04-2013 11:16,4813417,11. Madam Altissimo,0,,1,13.8045223392662549945513984743915728296,1,1001,1,1001,220.24,0,0
100674382,AUS / Kell (AUS) 28th Apr,R7 2130m Pace M,28-04-2013 09:08,5931771,2. Nediak,0,,1,13.3680369587346331532378044005950982695,1,1001,1,1001,255.42,0,0
100674384,AUS / Kell (AUS) 28th Apr,R8 1730m Pace M,28-04-2013 09:47,4320552,5. Autumn Flower,1,,1,3.85978647686832740213523131672597864769,1,1001,1,1001,11.24,0,0
100674384,AUS / Kell (AUS) 28th Apr,R8 1730m Pace M,28-04-2013 09:47,5823689,3. Madeline Holly,0,,1,3.08801020408163265306122448979591836735,1,1001,1,1001,7.84,0,0
100674388,AUS / Laun (AUS) 28th Apr,R2 2200m Pace M,28-04-2013 08:40,6341844,5. Miss Stately,0,,1,96.7993366500829187396351575456053067993,1,1001,1,1001,12.06,0,0
100674392,AUS / Laun (AUS) 28th Apr,R4 2200m Pace M,28-04-2013 09:43,7079163,1. Talkabout Dexter,0,,1,2.15054746401248277213847728082996235722,1,1001,1,1001,12958.66,0,0
100674392,AUS / Laun (AUS) 28th Apr,R4 2200m Pace M,28-04-2013 09:43,6482418,3. Real River,0,,1,8.64480067985166872682323856613102595797,1,1001,1,1001,1294.4,0,0
100674392,AUS / Laun (AUS) 28th Apr,R4 2200m Pace M,28-04-2013 09:43,6512714,7. Cesta La Vie,1,,1,33.7244561634805537244561634805537244562,1,1001,1,1001,121.36,0,0
100674396,AUS / Laun (AUS) 28th Apr,R6 2200m Pace M,28-04-2013 10:35,6325768,2. My Greek Mate,0,,1,36.1837858125860127611660202677342674841,1,1001,1,1001,159.86,0,0
100674400,AUS / Laun (AUS) 28th Apr,R8 2200m Pace S,28-04-2013 11:52,4461734,3. Land Of Panaarm,1,,1,7.74008773469029654325320231619582382874,1,1001,1,1001,569.9,0,0
100674402,AUS / Laun (AUS) 28th Apr,R9 2200m Pace M,28-04-2013 12:17,5453232,6. Vickymurphy,0,,1,1,1,1001,1,1001,0,0,0
100674404,AUS / Laun (AUS) 28th Apr,R10 2200m Pace M,28-04-2013 12:42,4805309,2. Deliverthegoods,0,,1,1,1,1001,1,1001,0,0,0
100674394,AUS / Laun (AUS) 28th Apr,R5 2200m Pace M,28-04-2013 10:11,6771268,1. Ciskei,0,,1,26.9970375636923806138168029387368171584,1,1001,1,1001,168.78,0,0
100674394,AUS / Laun (AUS) 28th Apr,R5 2200m Pace M,28-04-2013 10:11,6899246,2. Lilbitachicknfried,0,,1,16.6024322830292979546710889994472084024,1,1001,1,1001,361.8,0,0
100673215,AUS / Mngl (AUS) 28th Apr,R9 2300m Pace M,28-04-2013 08:20,688646,6. Global View,0,4.318267635419762,3.95891511015163235653694708358754606554,3.98589624826308476146364057433997220936,6.8,3.95,1,1001,3281.68,3162.04,119.64
100673215,AUS / Mngl (AUS) 28th Apr,R9 2300m Pace M,28-04-2013 08:20,5852638,7. Scarrymcleary,0,13.10722424,13.4860840226183288207399018984196855611,13.5884022556390977443609022556390977444,27,13,14.5,14.5,744.8,718.62,26.18
100673201,AUS / Mngl (AUS) 28th Apr,R2 1609m Pace M,28-04-2013 03:59,7225668,4. Our Nancy Miles,0,48.10031682629605,38.6941906672327283469723980502541719485,43.0362563237774030354131534569983136594,60,60,100,100,47.44,44.08,3.36
100673203,AUS / Mngl (AUS) 28th Apr,R3 1609m Pace M,28-04-2013 04:34,6840127,6. Lettucemacru,0,60.069415563419454,52.4371501682581609243703805934818963772,49.7430223427796416589335427225355128846,75,42,1,1001,280.18,256.34,0
100673205,AUS / Mngl (AUS) 28th Apr,R4 1609m Pace M,28-04-2013 05:09,7186624,1. Lettucerockthem,1,4.746776068,4.59078112695734944550409291261506210062,2.78809724680263692961505638699404915319,5,4,4.3,1.01,6983.88,2823.82,3984.22
100673207,AUS / Mngl (AUS) 28th Apr,R5 2300m Pace M,28-04-2013 05:47,5366897,2. Dance For Madi,0,24,21.8521750538521704251611653323386894561,22.9756873504173720156441538730955577608,34,18,900,900,342.62,256.66,8.64
100673207,AUS / Mngl (AUS) 28th Apr,R5 2300m Pace M,28-04-2013 05:47,5728769,6. Indigo Joe,0,404.41859747119247,177.266431644757806989590680545759272321,189.145855194123819517313746065057712487,240,100,1,1001,19.06,15,.58
100673209,AUS / Mngl (AUS) 28th Apr,R6 2300m Pace M,28-04-2013 06:23,5757921,10. Dodge The Bullet,0,26.405481270465533,32.3319736018369362091895743040541186481,29.1747501827930782354374847672434803802,46,29,1,1001,492.36,427.2,6.64
100673209,AUS / Mngl (AUS) 28th Apr,R6 2300m Pace M,28-04-2013 06:23,6022686,2. Compton Street,0,6.817547871541027,7.09630982132707872394939723859959817293,7.44062120755887693557070250837188506565,7.8,6.6,800,7.6,2191.86,1663.42,171.76
100673211,AUS / Mngl (AUS) 28th Apr,R7 1609m Pace M,28-04-2013 07:00,6101869,8. Mach Beauty,1,2.111491429412272,1.93387512044174350632973226618611319509,1.87485963432992244516854360791935821948,2.12,1.78,1.85,1.64,33586.56,29521.16,3188.14
100673211,AUS / Mngl (AUS) 28th Apr,R7 1609m Pace M,28-04-2013 07:00,7225683,12. My Dandy,0,75,69.9799543041756989306437665341303214275,67.2609009985992499209253987619176720437,110,50,1,1001,442.62,424.1,0
100673211,AUS / Mngl (AUS) 28th Apr,R7 1609m Pace M,28-04-2013 07:00,6111470,10. New Revenue,0,81.12503902148863,53.4843106504525712357154788946889350963,50.7122259820509048109460055907017801972,130,36,1,1001,407.82,362.74,0
100673199,AUS / Mngl (AUS) 28th Apr,R1 1609m Pace M,28-04-2013 03:24,6963554,9. Im Corzin Terror,1,3.3,3.49579678157889783783755510711743825672,3.2944505483907057130622306751590390914,3.9,3.15,3,3,5184.26,4366.68,582.38
100674253,AUS / Nowr (AUS) 28th Apr,R3 1400m Hcap,28-04-2013 05:20,3459346,3. Sherwoods Choice,1,5.07406198123237,4.47973119211010215343499485784764280055,4.1863015261282098954115315167691333243,5.3,4.3,8,4,6346.78,5290.8,1055.98
100674257,AUS / Nowr (AUS) 28th Apr,R5 1000m CL3,28-04-2013 06:35,5650793,7. Dolled Up,0,25,20.6805344095352730375234564365343718918,20.1327374031262660009365118616066965859,30,12.5,26,13,3801.34,3157.84,431.84
100674259,AUS / Nowr (AUS) 28th Apr,R6 1600m Hcap,28-04-2013 07:10,7231010,6. Magic Of Love,0,16,15.684865379131601615226389138509687416,14.0702813554847347677685794565237888702,19.5,10,1,1001,2121.16,1829.92,47.6
100674249,AUS / Nowr (AUS) 28th Apr,R1 1200m Mdn,28-04-2013 04:10,7230988,10. My Mecca,0,268.7526005638601,312.675705139309335442856936908570046428,101.948800468110005851375073142188414277,390,390,1,1001,68.36,8.74,0
100674249,AUS / Nowr (AUS) 28th Apr,R1 1200m Mdn,28-04-2013 04:10,7230981,2. Scottish Thunder,0,374.89065344844016,165.927549039412203074878542706543958507,177.666138613861386138613861386138613861,200,200,1,1001,50.5,24.94,0
100674249,AUS / Nowr (AUS) 28th Apr,R1 1200m Mdn,28-04-2013 04:10,7230985,6. Southerner,0,54.567333699869906,50.6300824742253696235787662143083106855,36.3287540948959103878262707386663848674,55,50,1,1001,189.26,86.24,0
100674249,AUS / Nowr (AUS) 28th Apr,R1 1200m Mdn,28-04-2013 04:10,7230992,15. Burante,0,442.549884364,175.232224022784836813764433383389186977,193.235505080693365212193664076509264794,240,160,1,1001,66.92,41.74,0
100674251,AUS / Nowr (AUS) 28th Apr,R2 1200m Hcap,28-04-2013 04:45,4805158,5. Gladiator,0,5.27323756019492,5.99873337305423559110632628402493658519,4.90212909493226833612175508662097252955,6.8,5.3,1,1001,5929.28,4165.82,625.76
100674580,AUS / Nowr (AUS) 28th Apr,R7 1600m Mdn,28-04-2013 07:50,7231012,12. Pattie Cake,0,14.159398607489425,15.0904386698064467386610006856687502013,12.8710695129511333926309263901242554109,17,13.5,60,60,1484.04,1130.26,21.26
100674580,AUS / Nowr (AUS) 28th Apr,R7 1600m Mdn,28-04-2013 07:50,6379863,4. Razor Shiraz,0,11,13.2984779222216116130701520665256899418,11.6598933613615586320912231145270510694,15.5,11,55,8,3653.46,2636.42,602.82
100674273,AUS / Tamw (AUS) 28th Apr,R6 2100m Hcap,28-04-2013 06:44,2445106,2. Equable,0,30,20.0218134970852721486936305416324065227,20.1021740456773301336153423766040959102,27,22,1,1001,983.42,972.78,10.64
100674273,AUS / Tamw (AUS) 28th Apr,R6 2100m Hcap,28-04-2013 06:44,4104185,9. Old Jimmy,0,37.11654780444164,20.8649216230405760144003600090002250056,20.8649216230405760144003600090002250056,40,22,1,1001,799.98,799.98,0
100674273,AUS / Tamw (AUS) 28th Apr,R6 2100m Hcap,28-04-2013 06:44,4963755,10. Grand Bandito,0,60,35.7380920289370061921935869101554939799,33.2311892371377882909520993494973388528,65,46,95,50,676.4,596.7,79.7
100674275,AUS / Tamw (AUS) 28th Apr,R7 1400m Cup,28-04-2013 07:20,7231125,13. Bonsai,0,4.9,4.97310755137786128989602822357530844448,4.75067301845867600573536983442203812082,5.5,4.4,60,3.4,31774.76,28556.26,1750.18
100674275,AUS / Tamw (AUS) 28th Apr,R7 1400m Cup,28-04-2013 07:20,4798541,10. My Man Of War,0,14.328352925408108,13.0917093163050190914569875122705289988,11.780036139796840300939803595403152944,14.5,12,60,27,2368.58,1935.76,38.52
100674275,AUS / Tamw (AUS) 28th Apr,R7 1400m Cup,28-04-2013 07:20,7231126,15. Anything,0,309.2154096052796,206.141128683011911164671078989296429062,169.898464687819856704196519959058341863,370,85,1,1001,195.4,144.32,0
100674263,AUS / Tamw (AUS) 28th Apr,R1 1000m Mdn,28-04-2013 03:45,7208718,12. Twilight Girl,0,90.5943506572535,70.8205493279882128528333539515785670396,77.4901707190894981893429901707190894982,120,50,300,300,231.96,145.68,19.94
100674271,AUS / Tamw (AUS) 28th Apr,R5 1000m CL3,28-04-2013 06:08,6312829,7. Our Magic Miss,0,38,30.80261837931634994786397499810855522,22.3255093929124304422409104221580687001,36,32,36,36,478.02,299.48,28.82
100674269,AUS / Tamw (AUS) 28th Apr,R4 1200m CL2,28-04-2013 05:30,4944091,15. Tenendo,0,625.241049412,372.974425018764465855451793208539005022,350.544611186903137789904502046384720327,500,300,1,1001,73.3,44.84,0
100674269,AUS / Tamw (AUS) 28th Apr,R4 1200m CL2,28-04-2013 05:30,5164910,5. Vain Saint,0,50,43.2532488576432693518088205941544202437,31.9101350804820836366577691498827145515,48,25,1,1001,247.26,144.12,0
100674283,AUS / Arar (AUS) 28th Apr,R3 1100m Mdn,28-04-2013 04:50,7230927,9. Kitty Kanandah,0,16.491973673,16.5706038874662626737620448001226296435,13.2104186099636405170280405855590032552,18,13,1,1001,1050.62,731.96,0
100674283,AUS / Arar (AUS) 28th Apr,R3 1100m Mdn,28-04-2013 04:50,6700186,8. Finley Harper,0,30,27.7821408077747858152041756132777007399,20.2149064663426130505229046987774340846,30,28,28,28,271.56,139.36,33.22
100674283,AUS / Arar (AUS) 28th Apr,R3 1100m Mdn,28-04-2013 04:50,7230924,4. Ardroy,1,6.277481242334705,7.97713196878829448437687804086356736129,5.37045977943948424533659099910764135772,9.2,6.6,3.3,3.3,4191.14,2135.42,702.72
100674289,AUS / Arar (AUS) 28th Apr,R6 1600m Hcap,28-04-2013 06:40,5970859,6. Racers Dream,0,16.55977820517873,17.4845920802778247885128329691408347325,11.4821186428049888986574080972745831409,19,14.5,60,60,1342.18,701.66,74.42
100674289,AUS / Arar (AUS) 28th Apr,R6 1600m Hcap,28-04-2013 06:40,7230942,16. Engineered,0,23.749905930580283,25.2619021671250334634042106754668893837,18.2652927179893917612650572547464432658,32,20,60,60,806.92,452.3,47.84
100674291,AUS / Arar (AUS) 28th Apr,R7 1300m Hcap,28-04-2013 07:15,5812738,2. Flying Hussler,0,6.682226915448554,6.12413381464033913081606665746031131751,5.66197239980752045095208634082628720698,6.8,5.8,1,1001,4655.04,4017.5,105.02
100674279,AUS / Arar (AUS) 28th Apr,R1 1600m Mdn,28-04-2013 03:40,7177901,11. Benet,0,5.89604324330212,6.7960460811336814302956727914835419958,5.97863860901355733031575740430439797184,11.5,6,14,7.4,4595.3,3286.48,186.14
100674279,AUS / Arar (AUS) 28th Apr,R1 1600m Mdn,28-04-2013 03:40,6631558,13. Our Cash Lady,0,27.386673100405464,27.7324438939094987664349633387637312033,21.6696157999233689783691525305653279459,32,26,29,29,574.18,392.52,13.28
100674279,AUS / Arar (AUS) 28th Apr,R1 1600m Mdn,28-04-2013 03:40,7230911,7. Ofor The Moment,0,55.198012718,38.8443904735925534758491063434059777552,23.6397885739991003148897885739991003149,50,32,1,1001,177.84,89.72,0
100674295,AUS / Sale (AUS) 28th Apr,R2 1100m Mdn,28-04-2013 03:55,7231050,7. Koutoufides,0,5.2,4.87287716876802307210264311650954962083,4.06940495807074958575644774105302776465,5.2,4.5,9,9,4357.34,3274.26,85.46
100674297,AUS / Sale (AUS) 28th Apr,R3 1400m Mdn,28-04-2013 04:30,7205977,3. Ice Bite,0,89.66776372577993,59.5652754722946802624298474428898901273,59.5652754722946802624298474428898901273,100,40,1,1001,253.02,253.02,0
100674297,AUS / Sale (AUS) 28th Apr,R3 1400m Mdn,28-04-2013 04:30,6816581,1. Dramatique,0,10.919043872100886,10.4923541861318109182568066405312565543,10.5575984727902806600447283057643100357,15.69,11,1,1001,1985.32,1978.68,6.64
100674299,AUS / Sale (AUS) 28th Apr,R4 1400m 3yo,28-04-2013 05:05,7231072,18. Poets View,0,419.4611456718295,282.009262738451260961230458690196791862,258.833784116056060978608310794197196951,340,240,1,1001,81.34,54.44,0
100674301,AUS / Sale (AUS) 28th Apr,R5 1200m Hcap,28-04-2013 05:44,6798871,4. Games,0,5.56059021571229,4.97536664076450275167046752249225252929,4.7642512356933400808313287256240857949,5.8,3.9,12.5,8,11540.08,9240.26,817.2
100674301,AUS / Sale (AUS) 28th Apr,R5 1200m Hcap,28-04-2013 05:44,7231076,9. Dashing Young Love,0,39.704040912300115,34.6202788473656400241210184510861371809,22.8010267236496575871479326502239843468,48,27,55,55,1165.26,636.58,346.2
100674293,AUS / Sale (AUS) 28th Apr,R1 1200m 2yo,28-04-2013 03:20,7231035,1. Dancing May,0,2.36,2.10644434763816548355258539289218788033,2.17974659605643461187141223142798211707,2.36,1.99,30,2.28,29865.36,27060.6,2176.74
100674293,AUS / Sale (AUS) 28th Apr,R1 1200m 2yo,28-04-2013 03:20,7231036,2. Hewayaat,0,78.97955620676512,41.987949261709771350778080314365897754,41.717511584005491676677535610090955895,65,20,60,60,233.08,161.02,39.06
100674307,AUS / Sale (AUS) 28th Apr,R8 1100m Hcap,28-04-2013 07:35,5944526,3. Magnus Reign,1,3.3868574175916724,3.62677409077118297680463698464149176193,2.94863178483351500954766488082813430124,4.2,3.35,6.8,1.01,20696.16,12690.08,6740.86
100674315,AUS / SCst (AUS) 28th Apr,R4 1000m 2yo,28-04-2013 05:15,7230958,4. Shes A Danica,0,3.771733449181374,4.01460877952468133489891300455252186576,3.56867036493270152179837710005538607612,4.4,3.7,7,3.85,11374.7,8282.94,1031.06
100674309,AUS / SCst (AUS) 28th Apr,R1 1800m CL1,28-04-2013 03:30,7230949,4. Angelfly,0,3.158125086225336,3.05644586634514504033585475243574718106,2.83040198455206630208039691041326041608,3.5,2.7,7,2.6,7804.28,5347.24,1261.34
100674313,AUS / SCst (AUS) 28th Apr,R3 1200m Mdn,28-04-2013 04:40,6826160,2. Mummulgum,0,9.4,8.44281776269843136934118416989062520774,7.22904942430666115455321095268671551337,9.6,7.4,60,23,2273.78,1513.94,58.46
100674317,AUS / SCst (AUS) 28th Apr,R5 1000m CL1,28-04-2013 05:52,6187530,6. Dash For Dollar,0,24,22.4667818974560980388760126251364334973,17.2558244286630826751620539368598039866,25,20,1,1001,904.02,662.92,31.8
100674317,AUS / SCst (AUS) 28th Apr,R5 1000m CL1,28-04-2013 05:52,7200569,11. What A Sensation,0,71.9551299464679,46.2649958408704045180589169527876216703,37.0996235320559644883969208293532617857,85,42,1,1001,355.94,218.94,0
100674319,AUS / SCst (AUS) 28th Apr,R6 1400m CL4,28-04-2013 06:28,6385644,4. Heartfelt Quest,0,3.1885520021888807,3.39444705727380043009084765243710645001,3.07893357120421308460217496865166288398,4.7,2.96,3.8,2.96,24259.66,16608.9,5698.38
100674319,AUS / SCst (AUS) 28th Apr,R6 1400m CL4,28-04-2013 06:28,7230972,10. The Last General,0,33.7309028844843,34.9244204887338336258384972986187127094,22.2467795395503000985398190450595717997,90,30,32,10.5,1116.3,611.58,268.64
100674319,AUS / SCst (AUS) 28th Apr,R6 1400m CL4,28-04-2013 06:28,7230971,8. Finnigans Folly,1,5.964275562261466,5.22122099815804114318871667587063115498,4.58524270444123425636399469303084421851,6.6,4.5,9,6.2,9843.66,7929.38,955.42
100674319,AUS / SCst (AUS) 28th Apr,R6 1400m CL4,28-04-2013 06:28,6585715,7. Change Often,0,5.926156402,6.65893917061338350778305594005185537035,4.84246785345555798892469417764289960267,7,6.2,34,7,5114.08,2307.18,324.6
100674323,AUS / SCst (AUS) 28th Apr,R8 1200m CL2,28-04-2013 07:45,7230978,10. Gotitallwrong,0,5.9,6.31294412639661553292693311225086174945,5.83104387170806900080260101575615313824,10,5.8,11.5,11.5,12235.22,10630.96,295.7
100674321,AUS / SCst (AUS) 28th Apr,R7 1200m Hcap,28-04-2013 07:05,4956293,7. Aristocratico,0,490,160.84359588558545864449767507397491898,160.84359588558545864449767507397491898,490,140,1,1001,141.94,141.94,0
100674324,AUS / PAug (AUS) 28th Apr,R1 1100m 3yo,28-04-2013 03:50,7085515,4. Jawanna,0,18,17.3215268994844005518885490174985794282,14.9621419029241502152293305625649398842,19,16.5,60,16,538.96,313.24,88.96
100674326,AUS / PAug (AUS) 28th Apr,R2 1600m Mdn,28-04-2013 04:25,4598773,5. Centre Ripple,0,59.368550700172776,33.94347174886323744338002878183572968,25.0896390721114652041799451567479433781,55,18.5,50,50,269.86,159.06,9.3
100674326,AUS / PAug (AUS) 28th Apr,R2 1600m Mdn,28-04-2013 04:25,7231019,3. Mr Karger,0,20.29903617222793,20.6447274743875866850200875760302331733,8.25641190048730443703513721467042831495,1,1001,1,1001,155.96,34.82,33.68
100674336,AUS / PAug (AUS) 28th Apr,R7 1100m Hcap,28-04-2013 07:24,3779610,4. Kisrak,1,10,7.54593770419103143047446802582949681138,3.65239408530157554346277671728539274623,10,7.6,5.4,1.01,4211.88,1478.6,2733.28
100674328,AUS / PAug (AUS) 28th Apr,R3 1200m Hcap,28-04-2013 05:00,5135361,1. Gold Vintage,0,4.873434481309085,4.86247896841361255700396225122702410947,4.55070845327739930286371726806337046453,5.8,4.2,7.4,4.3,17000.98,14174.04,1757.88
100674328,AUS / PAug (AUS) 28th Apr,R3 1200m Hcap,28-04-2013 05:00,7231022,10. Kissed Again,0,7.336031230259687,7.36053564487005716954636719424466054229,6.70156261495225343201447846622426908759,8.2,6.8,1,1001,2718.52,2333.86,4
100674328,AUS / PAug (AUS) 28th Apr,R3 1200m Hcap,28-04-2013 05:00,5615468,11. Two Timing,0,43.25257505585905,40.5726777923032724997682365603231897788,35.2194298485460900164055255712213794907,55,34,1,1001,841.18,677.76,0
100674328,AUS / PAug (AUS) 28th Apr,R3 1200m Hcap,28-04-2013 05:00,4333856,12. Pretty Danz,0,473.9406194762513,96.6276591718454544969578350901491538221,101.827433111344783269073489893679168127,150,70,1,1001,171.18,142.84,0
100674330,AUS / PAug (AUS) 28th Apr,R4 1200m Hcap,28-04-2013 05:35,7231026,11. The Juddernaut,0,48,46.2481555896889070999412532729943764097,27.3958637584208790691100956329203373063,48,42,48,46,424.54,161.66,22.66
100674341,AUS / Alba (AUS) 28th Apr,R1 1825m Hcap,28-04-2013 05:40,3710972,2. Eternal Advice,0,6.8,6.84014826776462290241221893000506538801,5.98332964903839902214477978752454390596,7.6,6.4,1,1001,1538.06,1157.7,119.56
100674343,AUS / Alba (AUS) 28th Apr,R2 1200m Hcap,28-04-2013 06:16,437185,1. Book Club,0,7.840526962,5.4712865450652044992786949531126073433,5.53379020020559009251554163199373439718,8,6.4,7.2,7.2,1634.32,1569.44,64.88
100674343,AUS / Alba (AUS) 28th Apr,R2 1200m Hcap,28-04-2013 06:16,3572356,2. Silver Business,0,2.9,2.63960976547240407883681791741930981659,2.45168503230310067028043507682225815413,3.4,2.9,2.4,1.88,5615.56,3783.66,1831.9
100674345,AUS / Alba (AUS) 28th Apr,R3 1100m Mdn,28-04-2013 06:52,7230886,5. Revaluation,0,26.923533294512893,20.7592942360992128222629119305457413286,20.7092729568825545733357387696193397077,30,26,1,1001,443.44,438.38,5
100674347,AUS / Alba (AUS) 28th Apr,R4 1512m Mdn,28-04-2013 07:28,7230889,4. Jetson Express,0,4.968262518557496,4.70305396414836684837517835525060649103,4.7311157016424651153371002693561779776,5.4,4.4,6.8,6.8,7900.32,7823.26,77.06
100674347,AUS / Alba (AUS) 28th Apr,R4 1512m Mdn,28-04-2013 07:28,7087632,5. Raining Pleasure,0,13,12.4349037710640064785413315085300280831,9.89059032753768323635547421309805411192,18.5,11.5,10,4.5,2316.68,1632.36,684.32
100674347,AUS / Alba (AUS) 28th Apr,R4 1512m Mdn,28-04-2013 07:28,2343531,3. Strange Brew,0,20,15.8446115989038644371120183434930932275,15.8446115989038644371120183434930932275,22,19,1,1001,715.24,715.24,0
100674349,AUS / Alba (AUS) 28th Apr,R5 1100m Hcap,28-04-2013 08:08,7230898,10. Irish Kate,0,2.896209271529515,2.59952935934914516309248629512457976115,2.56008366085889064256903826117455306946,3.15,2.2,6,3.1,32959.26,25851.38,1985.86
100674349,AUS / Alba (AUS) 28th Apr,R5 1100m Hcap,28-04-2013 08:08,7230900,13. Silver Blaze,0,42,48.0461898421459708583469621672156134891,36.0813869976155591944612025625556608923,60,44,1,1001,696.18,517.82,0
100674364,AUS / Echu (AUS) 28th Apr,R6 1755m Pace M,28-04-2013 10:48,7231162,8. Chipinawayatlife,0,,1,12.9401457103378972490893103881421931918,1,1001,1,1001,159.22,0,0
100674360,AUS / Echu (AUS) 28th Apr,R4 1755m Pace M,28-04-2013 09:52,7048532,2. Nica Lady,0,,1,156.451612903225806451612903225806451613,1,1001,1,1001,5.58,0,0
100674368,AUS / Echu (AUS) 28th Apr,R8 2130m Trot S,28-04-2013 11:45,6081048,1. Kains Boy,0,,1,33.6217008797653958944281524926686217009,1,1001,1,1001,20.46,0,0
100674368,AUS / Echu (AUS) 28th Apr,R8 2130m Trot S,28-04-2013 11:45,7231163,3. Katieonamission,0,,1,47.5269461077844311377245508982035928144,1,1001,1,1001,6.68,0,0
100674366,AUS / Echu (AUS) 28th Apr,R7 2160m Pace M,28-04-2013 11:16,4426729,9. This Is Your Life,0,,1,42.1426886792452830188679245283018867925,1,1001,1,1001,33.92,0,0
100674366,AUS / Echu (AUS) 28th Apr,R7 2160m Pace M,28-04-2013 11:16,5780864,1. Twindet,0,,1,8.41943799175721243911577369801423754215,1,1001,1,1001,266.9,0,0
100674380,AUS / Kell (AUS) 28th Apr,R6 1730m Pace M,28-04-2013 08:39,7231141,8. Watch My Pocket,0,,1,4.9,1,1001,1,1001,6,0,0
100674384,AUS / Kell (AUS) 28th Apr,R8 1730m Pace M,28-04-2013 09:47,7231146,6. Elleker Rose,0,,1,15.1396396396396396396396396396396396396,1,1001,1,1001,6.66,0,0
100674386,AUS / Laun (AUS) 28th Apr,R1 1680m Pace M,28-04-2013 08:12,7231165,4. Cyrilfromthepocket,0,,1,26.3132743362831858407079646017699115044,1,1001,1,1001,22.6,0,0
100674386,AUS / Laun (AUS) 28th Apr,R1 1680m Pace M,28-04-2013 08:12,7231166,5. Kinda Cute As,0,,1,32.25,1,1001,1,1001,8,0,0
100674390,AUS / Laun (AUS) 28th Apr,R3 2200m Pace M,28-04-2013 09:15,7231176,3. Mighty Boy Coconut,0,,1,3.92065039004220128735240206317404833966,1,1001,1,1001,1876.72,0,0
100674392,AUS / Laun (AUS) 28th Apr,R4 2200m Pace M,28-04-2013 09:43,7231181,8. Hello Son Ofa Mint,0,,1,172.75334608030592734225621414913957935,1,1001,1,1001,10.46,0,0
100674396,AUS / Laun (AUS) 28th Apr,R6 2200m Pace M,28-04-2013 10:35,6357908,6. Modern Ruler,0,,1,12.737841729806371571624795072887589171,1,1001,1,1001,902.76,0,0
100674396,AUS / Laun (AUS) 28th Apr,R6 2200m Pace M,28-04-2013 10:35,6899249,8. View Street,0,,1,62.6013698630136986301369863013698630137,1,1001,1,1001,43.8,0,0
100674400,AUS / Laun (AUS) 28th Apr,R8 2200m Pace S,28-04-2013 11:52,7231186,1. My Micky Blue Eyes,0,,1,1.79609537901128678970622909141855434779,1,1001,1,1001,5852.86,0,0
100674402,AUS / Laun (AUS) 28th Apr,R9 2200m Pace M,28-04-2013 12:17,6145082,12. Bettors Express,0,,1,1,1,1001,1,1001,0,0,0
100674402,AUS / Laun (AUS) 28th Apr,R9 2200m Pace M,28-04-2013 12:17,6771263,7. Bymarjac,0,,1,1,1,1001,1,1001,0,0,0
100674406,AUS / Laun (AUS) 28th Apr,R11 1680m Pace M,28-04-2013 13:05,7231191,5. Le Premiere,0,,1,1,1,1001,1,1001,0,0,0
100673215,AUS / Mngl (AUS) 28th Apr,R9 2300m Pace M,28-04-2013 08:20,4757094,3. Bettor Bet Black,0,3.414624567,2.97637293813808132744635177562884035732,2.77230639510205256228551695360331517946,4.1,2.74,3.05,1.06,13899.7,11100.52,2799.18
100673217,AUS / Mngl (AUS) 28th Apr,R10 2300m Pace M,28-04-2013 08:55,6156378,6. Lous Lad,0,10.5,8.05972627193236398649716872354704883184,10.3363854185299904911643145635821007937,9,7.2,1000,16,4248.68,3723.18,61.92
100673201,AUS / Mngl (AUS) 28th Apr,R2 1609m Pace M,28-04-2013 03:59,5122391,1. Vansumic,0,20,20.1252587638936095754706405778508591397,19.0075995449374288964732650739476678043,25,20,1,1001,351.6,318.38,33.22
100673205,AUS / Mngl (AUS) 28th Apr,R4 1609m Pace M,28-04-2013 05:09,3830093,10. Bling It On,0,6.2,6.88752373255533706706669209249547062947,6.70349717619313597716129833054055731397,8.4,5.5,9,6.6,2578.08,2222.8,230.76
100673205,AUS / Mngl (AUS) 28th Apr,R4 1609m Pace M,28-04-2013 05:09,7225677,12. Paint The Hammer,0,240.30594532243907,162.480640073565440021300449121448923606,153.827250608272506082725060827250608273,240,140,1,1001,32.88,25.96,0
100673207,AUS / Mngl (AUS) 28th Apr,R5 2300m Pace M,28-04-2013 05:47,6286413,7. Red Vee Hanover,0,12.5,13.0344101255500959275850257367227784003,10.64157152058083025938286784940570291,16.5,11,1,1001,1024.74,768.66,101
100673207,AUS / Mngl (AUS) 28th Apr,R5 2300m Pace M,28-04-2013 05:47,6398343,1. All About Art,0,132.26044823969497,210.451528656218094079135721628475285466,131.598130841121495327102803738317757009,320,130,800,800,34.24,13.72,2
100673209,AUS / Mngl (AUS) 28th Apr,R6 2300m Pace M,28-04-2013 06:23,5571429,7. Heza Showman,0,15,18.9165073611585955799274394125863868639,18.2175974867114333784970891711210041243,23,16,1,1001,1343.26,1288.86,0
100673211,AUS / Mngl (AUS) 28th Apr,R7 1609m Pace M,28-04-2013 07:00,5321775,4. Rusty Reardon,0,66.52683507364773,59.7158842530835026374551303846840800205,56.6398982763492512009042102288782141848,110,44,1,1001,353.9,335.36,0
100673213,AUS / Mngl (AUS) 28th Apr,R8 1609m Pace M,28-04-2013 07:40,5487122,8. Excel Stride,0,1.969535746386207,1.85468023691157998190094724741462444406,1.86106923304629638471282258442859497483,2.12,1.9,18.5,1.3,48172.66,46025.56,2147.1
100673199,AUS / Mngl (AUS) 28th Apr,R1 1609m Pace M,28-04-2013 03:24,7225667,11. Our El Nino,0,12.514365051,14.9494708445623010732506315151268069871,10.3218680777750430716219542210189515137,17,13.5,1,1001,325.04,184.26,0
100674253,AUS / Nowr (AUS) 28th Apr,R3 1400m Hcap,28-04-2013 05:20,6632460,6. Sinoque,0,9.000889760803142,7.65312140842960138901130439782478082055,7.68663520840212609580213248687167797531,9.4,8,9,9,1877.62,1830.9,46.72
100674249,AUS / Nowr (AUS) 28th Apr,R1 1200m Mdn,28-04-2013 04:10,5460786,9. Keen n Mean,0,44,36.8262483682004377883692015338282149615,32.0845354263894781501909206618582944421,46,32,1,1001,188.56,145.96,0
100674255,AUS / Nowr (AUS) 28th Apr,R4 1400m CL2,28-04-2013 05:56,5874491,1. Raging To Win,0,12.94558673237342568,11.1837066429940352302439125336526903788,10.7302357713018372178986383208287960678,13.83,7.95,800,190,2001.94,1718.76,4
100674273,AUS / Tamw (AUS) 28th Apr,R6 2100m Hcap,28-04-2013 06:44,5341242,3. Iron Lace,0,22.86320155620343,16.1714184989685177398058823514040768709,16.7468033458571053079147146589977890131,25,15,500,7.6,2587.08,1936.42,650.66
100674273,AUS / Tamw (AUS) 28th Apr,R6 2100m Hcap,28-04-2013 06:44,5908184,1. Brave Ali,0,3.75,3.13037950684000920183676013995757890364,3.20956256236971359178115996302734201657,3.9,3,25,3.3,18478.52,17817.86,660.66
100674273,AUS / Tamw (AUS) 28th Apr,R6 2100m Hcap,28-04-2013 06:44,7231123,8. Maughan,0,7.926301538280094,7.32620290614111367061268691896899929195,7.32250183409374063961034732743239899461,10.5,7,9,9,4607.18,4549.72,57.46
100674275,AUS / Tamw (AUS) 28th Apr,R7 1400m Cup,28-04-2013 07:20,7231124,6. Ideal Position,0,7.8,8.41437254760344480502169039574374995199,7.75442743570468575593977083760450124149,9.2,7,44,25,8779.8,7642.44,162.24
100674275,AUS / Tamw (AUS) 28th Apr,R7 1400m Cup,28-04-2013 07:20,4618023,12. Sandrio,0,110.51246174945499,98.4540156215220963541861112676458581165,81.0489293361884368308351177730192719486,250,75,55,55,373.6,258.48,6.64
100674263,AUS / Tamw (AUS) 28th Apr,R1 1000m Mdn,28-04-2013 03:45,7231108,11. Tea Time,0,7.853324206,6.79618709732614576509884484889680980281,6.38356226345954549878902738573056288755,7.6,6,1,1001,6986.12,6258.84,67.84
100674263,AUS / Tamw (AUS) 28th Apr,R1 1000m Mdn,28-04-2013 03:45,7231109,13. Vibrant Doll,0,155.9669288962334,127.846657430360013999396020626537123941,103.49632628579997001049632628579997001,140,75,1,1001,133.38,67.34,0
100674265,AUS / Tamw (AUS) 28th Apr,R2 1400m Mdn,28-04-2013 04:20,6373703,14. Zartorio Miss,0,30.11354402146,28.1361522736523867274195471203856848291,21.3442362323304925214772221651778074409,36.33,22.94,1,1001,584.34,400.84,6.64
100674265,AUS / Tamw (AUS) 28th Apr,R2 1400m Mdn,28-04-2013 04:20,7231112,12. Kintala,0,43.65987828287150424,40.5760378185624598817305575570419907934,29.0441664988521486970880824841918724073,114.72,30.59,17.5,17.5,496.58,304.16,13.28
100674265,AUS / Tamw (AUS) 28th Apr,R2 1400m Mdn,28-04-2013 04:20,7142259,7. Danelane,0,86.798518897404,72.8284238394614959327224037976732658613,41.8910972972972972972972972972972972973,81.26,71.7,1,1001,148,65.74,0
100674265,AUS / Tamw (AUS) 28th Apr,R2 1400m Mdn,28-04-2013 04:20,7142261,10. Fly By Blu,0,90.82,86.2828168432383388306188368952545567036,26.8038114997036158861885002963841138115,86.04,76.48,1,1001,134.96,39.36,0
100674267,AUS / Tamw (AUS) 28th Apr,R3 1200m Hcap,28-04-2013 04:55,7231115,7. Lucky Ima Cugat,0,5.252611167364521,5.77157626891289208603918516743437156421,5.0505570428919485523259108164768542127,7.2,5.1,1,1001,5647.68,4554.8,57.14
100674271,AUS / Tamw (AUS) 28th Apr,R5 1000m CL3,28-04-2013 06:08,5216907,10. Traffic,1,24,19.719222529265723171337293110985280427,12.2218912995296377471864456867042628118,24,18,1,1001,2436.42,1308.34,889.64
100674269,AUS / Tamw (AUS) 28th Apr,R4 1200m CL2,28-04-2013 05:30,7231121,14. Pixie Miss,0,9,8.85140939966338527057406241109299572861,7.41486506454041093980874850149153865455,9.6,7.8,8.8,8.8,2869.52,2063.42,184.5
100674277,AUS / Tamw (AUS) 28th Apr,R8 1400m Hcap,28-04-2013 07:58,7231133,11. Jurassic Star,0,56.754415033563504,49.5231916639253352334119109442185645132,38.71209919924316653714903537520694665,60,40,190,55,591.94,406.08,18.6
100674283,AUS / Arar (AUS) 28th Apr,R3 1100m Mdn,28-04-2013 04:50,5874570,1. Act Of Freedom,0,136.58735721827486,78.1742915358538481828846991963435648047,55.3937960042060988433228180862250262881,110,40,1,1001,152.16,69.4,0
100674283,AUS / Arar (AUS) 28th Apr,R3 1100m Mdn,28-04-2013 04:50,7230928,10. Rain Fast,0,34.39138905011119,28.6502064108892079217016642321623492841,18.1080158555384276591059238053292226382,32,16.5,1,1001,272.46,91,0
100674283,AUS / Arar (AUS) 28th Apr,R3 1100m Mdn,28-04-2013 04:50,7230929,11. Wings Of Heaven,0,9.94795281810686,9.58952132786580825476679147035109028822,8.45912382391093742303082051197845683979,10.5,9,9.4,9.4,1218.02,978.22,60.64
100674283,AUS / Arar (AUS) 28th Apr,R3 1100m Mdn,28-04-2013 04:50,6767101,2. Lets Be Famous,0,15.5,13.029333662695907556814303893366219434,10.5819785787972571151162085077978032648,15,11.5,4.8,4.8,1318.32,918.72,73.08
100674285,AUS / Arar (AUS) 28th Apr,R4 1100m Hcap,28-04-2013 05:25,5712801,5. Pagliacci,0,9,9.50788847522676190901732780512074599106,7.87164315488826276583426608514415840056,10.5,7.4,5,5,2072.72,1518.6,282.84
100674287,AUS / Arar (AUS) 28th Apr,R5 2000m Hcap,28-04-2013 06:04,5954263,5. Severn Road,1,4.061012197303063,4.09100977942515194354620126702612371578,3.26483360663644255811710234397607793962,4.5,3.75,4,1.01,10574.34,6942.96,2813.54
100674289,AUS / Arar (AUS) 28th Apr,R6 1600m Hcap,28-04-2013 06:40,6969627,9. Stable Star,0,42.48710566688015,41.5520313453386375288549962115496829814,42.0803602967149417167078770752384316496,50,36,300,300,566.2,425.48,21.26
100674289,AUS / Arar (AUS) 28th Apr,R6 1600m Hcap,28-04-2013 06:40,274722,1. Endless Pleasure,0,10.774994618,11.2833955984269143367314597163325899256,8.72543820753436433891065724343254273485,13.5,10.5,11,11,2210.14,1447.62,127.42
100674291,AUS / Arar (AUS) 28th Apr,R7 1300m Hcap,28-04-2013 07:15,6636554,1. Renegade Arrow,1,6.2,7.04667136258005254391539270640596251925,5.44619017349488389947051749123545331767,8.4,6.2,5,1.01,11358.26,7723.68,2498.88
100674291,AUS / Arar (AUS) 28th Apr,R7 1300m Hcap,28-04-2013 07:15,7230945,13. Something To Share,0,13.114130152356811,12.0196692043695732841884175884579004983,11.4420856101270712452016320486717473705,13.5,11,60,22,2485.22,2126.64,45.16
100674295,AUS / Sale (AUS) 28th Apr,R2 1100m Mdn,28-04-2013 03:55,6120242,4. Trappys Boy,0,8.473087128,8.40136544576963672834069205949104368013,7.6374479673215327757245672048239642093,8.6,8,23,23,2056.4,1678.28,18.6
100674295,AUS / Sale (AUS) 28th Apr,R2 1100m Mdn,28-04-2013 03:55,7231051,8. Goin Crazy,0,3.834472538436531,3.77440253511124308461448549713049424772,3.57778911448012305807545763936029914266,4.2,3.25,7,1.42,17500.68,15167.92,1388.38
100674295,AUS / Sale (AUS) 28th Apr,R2 1100m Mdn,28-04-2013 03:55,7231049,6. Kings Road,0,14.5,12.4647277684920206139290252559535546764,10.3329664708344313372913146595154314768,15,11,1,1001,1290.22,1028.3,15.94
100674299,AUS / Sale (AUS) 28th Apr,R4 1400m 3yo,28-04-2013 05:05,7231068,14. Shes Pretentious,0,17.141763064,12.0826817626570006412630249166318861286,10.6146283553230209281164695177434030937,17.5,6.8,18,2.36,2813.44,2178.22,255.88
100674301,AUS / Sale (AUS) 28th Apr,R5 1200m Hcap,28-04-2013 05:44,6048967,2. Sendari,0,44.07947465857491,38.2723781493769581378665894732772665687,36.253369345773994652698204834397337262,48,30,900,95,733.08,541.96,10.64
100674303,AUS / Sale (AUS) 28th Apr,R6 1700m Hcap,28-04-2013 06:20,3674554,12. Yuka Joy,0,27.931856601405887,28.7614758727480665360705671871638377136,21.6407831665532272312571503048383126005,36,25,300,190,1381.06,723.46,77.74
100674293,AUS / Sale (AUS) 28th Apr,R1 1200m 2yo,28-04-2013 03:20,7203690,7. Magnetic Girl,0,6.71695696220817,7.59871296784361055837396395388443416629,7.07621183002348921631432842195174033739,8.4,6.4,1,1001,4121.04,3589.9,29.22
100674305,AUS / Sale (AUS) 28th Apr,R7 1400m CL1,28-04-2013 06:56,7231081,3. Maconsilia,0,8.4,7.88134324465882944172411592162112495219,7.06426913421387932230758556308266787773,11,7,8.2,8.2,3170.76,2550.1,185.22
100674307,AUS / Sale (AUS) 28th Apr,R8 1100m Hcap,28-04-2013 07:35,4494578,9. Treasury Notes,0,12.67895812933552,12.1462779488115181219415105158701761775,10.3857794711856073990996942647759221988,13.5,11,14.5,13,2603.56,1919.08,240.04
100674315,AUS / SCst (AUS) 28th Apr,R4 1000m 2yo,28-04-2013 05:15,7230957,3. Ninetynine Percent,0,24.11724863212615,22.8948998136741254294724383307989013227,16.8161514771301471426941941371050530398,29,18,36,19,1753.4,938.46,116.18
100674309,AUS / SCst (AUS) 28th Apr,R1 1800m CL1,28-04-2013 03:30,219967,5. Desert Ruler,0,7.5133424483085385,8.76013386901765541825530034764405627158,7.11434471204188481675392670157068062827,9.6,8.2,16,9.6,2387.5,1588.08,152.82
100674313,AUS / SCst (AUS) 28th Apr,R3 1200m Mdn,28-04-2013 04:40,6909880,8. Play It Again Isa,1,12.223591688647863,13.121158536880593115779799093586585132,5.7655920739177783827933569289409202287,14.5,11.5,1.16,1.16,2350.72,769.56,1255.56
100674323,AUS / SCst (AUS) 28th Apr,R8 1200m CL2,28-04-2013 07:45,6790404,2. Requirement,0,3.182223020117008,3.68995961861789594671917221232271761699,3.26448691108430607771157001596565021041,4.3,3.35,7,2.5,19880.18,13693.96,3100.6
100674311,AUS / SCst (AUS) 28th Apr,R2 1600m Mdn,28-04-2013 04:05,7230951,7. Quad,0,10.335060657,9.20256010589505767410056080134128343067,9.28790992374097098130017869277426824051,13.5,10.5,10,10,3178.64,2919.34,61.92
100674311,AUS / SCst (AUS) 28th Apr,R2 1600m Mdn,28-04-2013 04:05,3835072,6. King Of Jacks,0,253.27112171287183,91.0670643237143317749476059970981783008,91.0670643237143317749476059970981783008,530,220,1,1001,124.06,124.06,0
100674324,AUS / PAug (AUS) 28th Apr,R1 1100m 3yo,28-04-2013 03:50,6104158,3. Road To Dantree,0,36,28.590438052902733940241482426692834754,19.7865649606299212598425196850393700787,60,30,60,60,203.2,112,11.96
100674326,AUS / PAug (AUS) 28th Apr,R2 1600m Mdn,28-04-2013 04:25,4734621,7. Run For Cash,0,29,25.162965246867369669524884459189862729,8.2494690094612859625410310870824483491,22,22,1,1001,103.58,28.1,.08
100674326,AUS / PAug (AUS) 28th Apr,R2 1600m Mdn,28-04-2013 04:25,6129794,8. Tracy True Blood,0,4.99827943673112,4.23774087319916569569607752013308382732,4.1427023926377827201603651288677940269,4.6,3.85,11,4.1,4828.98,3347.24,686.84
100674334,AUS / PAug (AUS) 28th Apr,R6 1400m Hcap,28-04-2013 06:48,4926865,5. Club Ha Ha,1,6.6,6.57797501165370888368864335512758934345,5.21037585478458397291794951872792144084,7.4,5.2,8.2,1.01,6788.26,4155.96,2012.28
100674334,AUS / PAug (AUS) 28th Apr,R6 1400m Hcap,28-04-2013 06:48,4349770,4. Pelekunu Valley,0,29.64281689,26.7354358179088143432198315027816167585,16.3401349976256699002781358116817040906,30,24,30,20,589.64,281.3,128.44
100674338,AUS / PAug (AUS) 28th Apr,R8 1400m Hcap,28-04-2013 08:04,1429438,10. Hold The Aces,0,26,19.6722495270596090359434697132682963018,19.6722495270596090359434697132682963018,27,11.5,1,1001,2156.72,2156.72,0
100674338,AUS / PAug (AUS) 28th Apr,R8 1400m Hcap,28-04-2013 08:04,3046764,1. College King,0,66.92658852074996,37.8928847114454764983401673444668864496,45.4433514559528197567268706229266494655,75,21,300,80,868.16,781.78,86.38
100674328,AUS / PAug (AUS) 28th Apr,R3 1200m Hcap,28-04-2013 05:00,7231021,3. Captain Finniss,0,20.511215109,20.4994928524074861758506891244198451778,16.998125158348112490499113250570053205,23,19.5,1,1001,1184.1,869.52,0
100674330,AUS / PAug (AUS) 28th Apr,R4 1200m Hcap,28-04-2013 05:35,7231024,6. Flos Happy,0,6.12073215871351,6.00976116531141080870439442595527368858,5.74707824201813165155695703586913677572,6.8,5.7,12,12,6697.68,5895.88,133.24
100674343,AUS / Alba (AUS) 28th Apr,R2 1200m Hcap,28-04-2013 06:16,7230881,3. She Bares All,1,2.4384169868345817,2.00349208351163388675513499257014148674,1.95082947256007458371465161667054528633,2.48,2.14,2.48,1.01,14008.42,10959.72,3048.7
100674347,AUS / Alba (AUS) 28th Apr,R4 1512m Mdn,28-04-2013 07:28,7164496,6. Movin Right Along,0,74.0212191191793,47.4583390591360908799413677797627227337,47.4583390591360908799413677797627227337,85,44,1,1001,436.62,436.62,0
100674349,AUS / Alba (AUS) 28th Apr,R5 1100m Hcap,28-04-2013 08:08,7230897,5. Sirispec,0,29.180067577,22.8777067426430905116493366592520297474,19.1572039630022301027309618688992066684,27,18,1,1001,1094.12,863.18,0
100674351,AUS / Alba (AUS) 28th Apr,R6 1200m Hcap,28-04-2013 08:45,5172382,5. Mossman Flyer,0,5.448677685884668,6.1873638274383899953625781888029904628,4.24790215896928361270213747363424256945,6.8,6.4,6.4,6.4,4466.02,1398.1,382.38
100674351,AUS / Alba (AUS) 28th Apr,R6 1200m Hcap,28-04-2013 08:45,6890235,2. Whittingham,0,21.05203658260784,15.8503164930115196570309608766981547133,13.2863890161316281430676092258551743776,26,9.8,24,24,1615.46,976.2,13.28
100674353,AUS / Alba (AUS) 28th Apr,R7 1512m Hcap,28-04-2013 09:20,7230903,4. Theseus,0,10.13818554248712,11.0392546414334305493439597943799134538,9.6271148187973389736378782686785853549,14,8.6,1,1001,3385.16,2667.9,26.56
100674354,AUS / Echu (AUS) 28th Apr,R1 2160m Pace M,28-04-2013 08:28,7231151,11. What I Mean To Say,0,,1,6.71625059569632317900216283588108068478,1,1001,1,1001,545.58,0,0
100674354,AUS / Echu (AUS) 28th Apr,R1 2160m Pace M,28-04-2013 08:28,6455631,3. Maharaja Lombo,0,,1,4.47868414807783578547698149027052681538,1,1001,1,1001,674.24,0,0
100674356,AUS / Echu (AUS) 28th Apr,R2 1755m Pace M,28-04-2013 09:03,7231153,9. Heathbern Ben,0,,1,47.498062015503875968992248062015503876,1,1001,1,1001,20.64,0,0
100674356,AUS / Echu (AUS) 28th Apr,R2 1755m Pace M,28-04-2013 09:03,2596533,5. Maybe Better,1,,1,1.47273444211185764435451592847413491703,1,1001,1,1001,12642.14,0,0
100674358,AUS / Echu (AUS) 28th Apr,R3 1755m Pace M,28-04-2013 09:31,6457718,3. Stuart,0,,1,3.71023132127704390214545782806246802877,1,1001,1,1001,2658.64,0,0
100674358,AUS / Echu (AUS) 28th Apr,R3 1755m Pace M,28-04-2013 09:31,7231157,7. Kriskatallen,0,,1,88.2581453634085213032581453634085213033,1,1001,1,1001,7.98,0,0
100674358,AUS / Echu (AUS) 28th Apr,R3 1755m Pace M,28-04-2013 09:31,7231159,10. Shifty Shivas,1,,1,1.84393793705400306206090189753747345226,1,1001,1,1001,9784.26,0,0
100674360,AUS / Echu (AUS) 28th Apr,R4 1755m Pace M,28-04-2013 09:52,7231161,4. Purple Diva,0,,1,32.220119836013875748975086723431094292,1,1001,1,1001,63.42,0,0
100674368,AUS / Echu (AUS) 28th Apr,R8 2130m Trot S,28-04-2013 11:45,5118176,7. Apache Speed,0,,1,24.6648665819567979669631512071156289708,1,1001,1,1001,31.48,0,0
100674368,AUS / Echu (AUS) 28th Apr,R8 2130m Trot S,28-04-2013 11:45,7085687,2. Yankee Mara,0,,1,29,1,1001,1,1001,23.92,0,0
100674366,AUS / Echu (AUS) 28th Apr,R7 2160m Pace M,28-04-2013 11:16,4479352,7. Innocent Vance,0,,1,140.067567567567567567567567567567567568,1,1001,1,1001,2.96,0,0
100674370,AUS / Kell (AUS) 28th Apr,R1 1730m Pace M,28-04-2013 06:07,7231139,10. Little Miss Abbey,0,,1,8.35126050420168067226890756302521008403,1,1001,1,1001,14.28,0,0
100674370,AUS / Kell (AUS) 28th Apr,R1 1730m Pace M,28-04-2013 06:07,5265247,4. Im The Pied Piper,0,,1,12.9153462441314553990610328638497652582,1,1001,1,1001,68.16,0,0
100674372,AUS / Kell (AUS) 28th Apr,R2 2130m Pace M,28-04-2013 06:39,5548953,7. Upclass Girl,0,,1,4.58030075187969924812030075187969924812,1,1001,1,1001,26.6,0,0
100674376,AUS / Kell (AUS) 28th Apr,R4 2500m Pace S,28-04-2013 07:34,1183284,10. Stumpygullyroad,0,,1,3.75709677419354838709677419354838709677,1,1001,1,1001,9.3,0,0
100674380,AUS / Kell (AUS) 28th Apr,R6 1730m Pace M,28-04-2013 08:39,6445322,5. Mako Shadow,0,,1,8.29496480779642663779101245262587980509,1,1001,1,1001,73.88,0,0
100674380,AUS / Kell (AUS) 28th Apr,R6 1730m Pace M,28-04-2013 08:39,6722539,6. Walter James,0,,1,9.88030097817908201655379984951091045899,1,1001,1,1001,132.9,0,0
100674382,AUS / Kell (AUS) 28th Apr,R7 2130m Pace M,28-04-2013 09:08,5963229,6. Makah Warrior,0,,1,2.85981569953968475380108801785465197378,1,1001,1,1001,1147.04,0,0
100674382,AUS / Kell (AUS) 28th Apr,R7 2130m Pace M,28-04-2013 09:08,7231144,3. Serial Killer,0,,1,46.3442622950819672131147540983606557377,1,1001,1,1001,4.88,0,0
100674374,AUS / Kell (AUS) 28th Apr,R3 2130m Pace M,28-04-2013 07:08,3420456,3. Emma Grace,0,,1,7.69381384790011350737797956867196367764,1,1001,1,1001,246.68,0,0
100674386,AUS / Laun (AUS) 28th Apr,R1 1680m Pace M,28-04-2013 08:12,7231164,3. Double Dee,0,,1,8.78221329437545653761869978086194302411,1,1001,1,1001,109.52,0,0
100674386,AUS / Laun (AUS) 28th Apr,R1 1680m Pace M,28-04-2013 08:12,7231167,6. Melolyn,0,,1,3.72510302241614677026320154118982916778,1,1001,1,1001,1567.62,0,0
100674386,AUS / Laun (AUS) 28th Apr,R1 1680m Pace M,28-04-2013 08:12,7231173,12. All About Mod,0,,1,85,1,1001,1,1001,.02,0,0
100674390,AUS / Laun (AUS) 28th Apr,R3 2200m Pace M,28-04-2013 09:15,7061902,11. Springfield Tattoo,0,,1,3.74910336055837616810150000525579977505,1,1001,1,1001,1902.66,0,0
100674390,AUS / Laun (AUS) 28th Apr,R3 2200m Pace M,28-04-2013 09:15,7231177,5. Uncle Buzz,0,,1,19.9192357794181502388189318280503690838,1,1001,1,1001,46.06,0,0
100674390,AUS / Laun (AUS) 28th Apr,R3 2200m Pace M,28-04-2013 09:15,7231179,10. All About Bailey,0,,1,26.4372834372834372834372834372834372834,1,1001,1,1001,57.72,0,0
100674390,AUS / Laun (AUS) 28th Apr,R3 2200m Pace M,28-04-2013 09:15,5376530,6. Tango Terrific,0,,1,188.24,1,1001,1,1001,1,0,0
100674396,AUS / Laun (AUS) 28th Apr,R6 2200m Pace M,28-04-2013 10:35,6095357,7. Aninchofhislife,0,,1,87.1629213483146067415730337078651685393,1,1001,1,1001,89,0,0
100674398,AUS / Laun (AUS) 28th Apr,R7 2200m Pace M,28-04-2013 11:30,5534770,10. Falco Peregrinus,1,,1,1.99830377511611370022707266589654051225,1,1001,1,1001,7565.86,0,0
100674402,AUS / Laun (AUS) 28th Apr,R9 2200m Pace M,28-04-2013 12:17,2427199,2. No News At Seven,0,,1,1,1,1001,1,1001,0,0,0
100674404,AUS / Laun (AUS) 28th Apr,R10 2200m Pace M,28-04-2013 12:42,5179772,1. Barrys Best,0,,1,1,1,1001,1,1001,0,0,0
100674406,AUS / Laun (AUS) 28th Apr,R11 1680m Pace M,28-04-2013 13:05,7129878,2. Black Cant Die,0,,1,1,1,1001,1,1001,0,0,0
100674394,AUS / Laun (AUS) 28th Apr,R5 2200m Pace M,28-04-2013 10:11,6530504,3. Cardinal Art,0,,1,46.9949748743718592964824120603015075377,1,1001,1,1001,7.96,0,0
100673201,AUS / Mngl (AUS) 28th Apr,R2 1609m Pace M,28-04-2013 03:59,6187199,5. Dynamite Denn Nee,0,110,101.897274633123689727463312368972746331,101.897274633123689727463312368972746331,110,110,1,1001,9.54,9.54,0
100673201,AUS / Mngl (AUS) 28th Apr,R2 1609m Pace M,28-04-2013 03:59,6526111,8. Bainfeild Washington,0,12,9.13636495854947399040093081882968924226,9.13636495854947399040093081882968924226,12,8.4,1,1001,412.54,412.54,0
100673203,AUS / Mngl (AUS) 28th Apr,R3 1609m Pace M,28-04-2013 04:34,7225669,4. Luksam,0,34.54023268040966,42.9225782843339793055857111742345536216,40.8054731900172967630343464294539164813,85,30,1,1001,647.52,614.82,0
100673205,AUS / Mngl (AUS) 28th Apr,R4 1609m Pace M,28-04-2013 05:09,7225671,3. Artarama,0,210,66.6830141536331728474583658728679959779,59.8044425087108013937282229965156794425,210,46,17.5,17.5,137.76,110.86,19.88
100673207,AUS / Mngl (AUS) 28th Apr,R5 2300m Pace M,28-04-2013 05:47,6608209,8. Hawthornden,0,90,48.9094243701834838766071811633009866896,47.3182884355675598834316582557395692658,120,38,1,1001,562.76,493.3,3.38
100673209,AUS / Mngl (AUS) 28th Apr,R6 2300m Pace M,28-04-2013 06:23,4402577,9. Medal Of Honour,0,5.6,6.61698652373271581356161863548143252435,6.41614971822281507951562471317468961677,8,5.7,190,190,3268.54,3030.86,20.62
100673209,AUS / Mngl (AUS) 28th Apr,R6 2300m Pace M,28-04-2013 06:23,5843901,6. Prince Kai,0,22,25.981412093124598882033700371010269604,25.104397204426324985439720442632498544,32,25,26,26,961.52,914.6,7.98
100673209,AUS / Mngl (AUS) 28th Apr,R6 2300m Pace M,28-04-2013 06:23,6369365,1. Monifieth,1,3.737000385,3.04608707893048402715393587637212261113,2.59258497537786945148313332832467062351,3.6,2.8,3.2,1.01,14641.3,9009.16,5253.68
100673209,AUS / Mngl (AUS) 28th Apr,R6 2300m Pace M,28-04-2013 06:23,6401348,3. Essbee Doubleyou,0,33.41927650967264,31.9625103128998821356801792126981274354,30.133589240016663691007558174135571029,40,29,1,1001,672.12,624.72,26.56
100673211,AUS / Mngl (AUS) 28th Apr,R7 1609m Pace M,28-04-2013 07:00,7118730,9. My Jellignite,0,7.709468017725447,9.70831398781954403059781136971289143199,9.0219077269608668073373118098616163316,11.5,7.4,11,11,3089.96,2760.36,42.56
100673199,AUS / Mngl (AUS) 28th Apr,R1 1609m Pace M,28-04-2013 03:24,4098135,6. Super Sea,0,14.5,12.2092399970313950477897296466972543856,11.415408288879770209273697168649979483,13.5,11,1,1001,682.36,595,58.5
100674257,AUS / Nowr (AUS) 28th Apr,R5 1000m CL3,28-04-2013 06:35,7231006,8. Kid Alapris,0,88.29831613171848,58.390729213177226462688362539318418981,48.597321384607809345610320547540499286,85,38,300,300,406.18,288.12,6.64
100674259,AUS / Nowr (AUS) 28th Apr,R6 1600m Hcap,28-04-2013 07:10,6997937,10. Zacasharnn,0,9.265612099721327,9.55819810232863919819390261593494554443,9.11951684944785509284777526466842795507,17.5,7.6,55,8.4,5261.3,4707.56,145.38
100674259,AUS / Nowr (AUS) 28th Apr,R6 1600m Hcap,28-04-2013 07:10,7231007,2. Thousand Carat,0,2.54,2.32536299260053289950618678057810448042,2.11828170178683210880403945623900807295,2.8,2.16,2.6,2.5,30863.56,23925.68,1870.3
100674251,AUS / Nowr (AUS) 28th Apr,R2 1200m Hcap,28-04-2013 04:45,7230999,8. Purr Plan,0,22,20.2334497099108725620669135999166580227,17.7227103484958925159078820354208939934,22,19,38,38,1015.22,840.22,5.46
100674251,AUS / Nowr (AUS) 28th Apr,R2 1200m Hcap,28-04-2013 04:45,4519904,4. Drop Of Magic,0,11.5,11.6770343968134818924798002734091508063,10.6919207017267828344412539826141682728,12.5,10.5,12,12,2542.3,2191.04,113.5
100674255,AUS / Nowr (AUS) 28th Apr,R4 1400m CL2,28-04-2013 05:56,6160114,8. Aphroditis,0,10.692,9.45473859842706408959922786465678202526,9.21337224253722425372242537224253722425,11.24,5.7,800,190,4184.1,3799.74,4
100674580,AUS / Nowr (AUS) 28th Apr,R7 1600m Mdn,28-04-2013 07:50,7087734,10. Chantilly Flyer,0,6.652961179464626,7.0890430740878457161017681953125250412,6.07088777749224108960800205586415482239,8,6.6,60,6.8,4046.96,3003.8,114.28
100674580,AUS / Nowr (AUS) 28th Apr,R7 1600m Mdn,28-04-2013 07:50,7192121,13. Unforgivable,0,6.874729028769651,6.36021729877771546743162427099383343026,5.91104540977371505846479921721859040833,7.2,5.3,60,5.2,6152.42,4589.4,842.68
100674275,AUS / Tamw (AUS) 28th Apr,R7 1400m Cup,28-04-2013 07:20,2240895,3. Murrays Sun,0,16.742750084604552,16.3192140967738067192010370160225651391,16.3340055951049907770402555066494945063,19.5,15.5,60,60,4239.42,4185.56,53.86
100674263,AUS / Tamw (AUS) 28th Apr,R1 1000m Mdn,28-04-2013 03:45,7231107,9. Piekny,0,304.3446109028905,203.559507889487750089704632206186744976,188.578384463833380242048972699127497889,290,130,1,1001,71.06,49.78,0
100674265,AUS / Tamw (AUS) 28th Apr,R2 1400m Mdn,28-04-2013 04:20,7231110,6. Racecraft,0,6.860321520217291576,6.74903352530780011257337588056366113977,5.56241301049356743041477004679391551594,7.46,6.12,3,3,4705.74,3428.8,350.62
100674265,AUS / Tamw (AUS) 28th Apr,R2 1400m Mdn,28-04-2013 04:20,5003058,2. Mesquite,0,91.247759348252,64.1833091659286217676955057867821120303,57.0295957015766757685193340967145247952,90.82,47.8,1,1001,227.06,156.7,0
100674267,AUS / Tamw (AUS) 28th Apr,R3 1200m Hcap,28-04-2013 04:55,6996080,6. Maximian,0,12.951216092368703,11.6498341742965391594666056484542580818,10.267499238501370697532744441060006092,12.5,11,12.5,12.5,1641.5,1342.48,50.48
100674269,AUS / Tamw (AUS) 28th Apr,R4 1200m CL2,28-04-2013 05:30,7231116,3. Cascada,0,5.5,5.7272620037482059719656266992394235132,5.02657556480141501849171892587232674063,6.2,5.3,5.5,2.16,7960.32,5691.48,1439.54
100674269,AUS / Tamw (AUS) 28th Apr,R4 1200m CL2,28-04-2013 05:30,7231119,10. Mr Bourke,0,42,36.1009354323220855844253769086982457078,30.014200249819209782394319900072316087,40,26,34,34,608.44,489.8,12.08
100674277,AUS / Tamw (AUS) 28th Apr,R8 1400m Hcap,28-04-2013 07:58,7231132,10. Border Flight,0,4.1,4.42516320801155551673201718058646572302,4.0357463850381902197061873077125407484,5.7,4.1,4.6,4.6,11785.74,10058.64,339.4
100674285,AUS / Arar (AUS) 28th Apr,R4 1100m Hcap,28-04-2013 05:25,6547310,13. Universal Rose,0,14,15.4935624555816932149526155942284591261,12.1890568424726257470662653230379967718,18,14,1,1001,916.92,669.6,0
100674291,AUS / Arar (AUS) 28th Apr,R7 1300m Hcap,28-04-2013 07:15,5811146,11. Norton Belle,0,31.210214895,30.5666709015190442466738044765942969347,24.820323935594730477948195761471393114,42,18.5,60,60,1257.04,862.1,49.9
100674279,AUS / Arar (AUS) 28th Apr,R1 1600m Mdn,28-04-2013 03:40,7202405,5. Apollo Bay,1,3.489581287717921,3.1690413798697470125440121903980317278,2.70692496299432058709048705440474127277,3.55,2.98,3.15,1.01,14078.92,9928.16,3059.22
100674279,AUS / Arar (AUS) 28th Apr,R1 1600m Mdn,28-04-2013 03:40,7230915,12. Snapnturtle,0,120.61015852,72.6650652968538544428253678465234756756,68.024934839270199826238053866203301477,120,50,1,1001,230.2,139.62,0
100674279,AUS / Arar (AUS) 28th Apr,R1 1600m Mdn,28-04-2013 03:40,6995984,4. Tane Mahouta,0,29,35.034314144666099459741610981098806536,20.0690494893951296150824823252160251375,42,36,1,1001,254.6,136.94,0
100674295,AUS / Sale (AUS) 28th Apr,R2 1100m Mdn,28-04-2013 03:55,7191998,2. Coronation Gold,0,4.4277576706176305,5.01608059650796610317087271922921626208,4.14276424054819165542238802021324443739,6,4.6,6,4,7559.4,4766.34,462.04
100674297,AUS / Sale (AUS) 28th Apr,R3 1400m Mdn,28-04-2013 04:30,7112611,2. Eight Jewels,0,14.5,10.3983682393285712219116371736739800587,10.3992534942546597256394982431604119724,13.5,7.6,1,1001,2316.66,2316.16,.5
100674303,AUS / Sale (AUS) 28th Apr,R6 1700m Hcap,28-04-2013 06:20,5427361,3. Gogonski,0,3.05,3.17351933916095555130767902280501125782,2.83355196601020416900143558558858533458,3.65,2.6,7,3,21022.78,13987.82,2930.3
100674303,AUS / Sale (AUS) 28th Apr,R6 1700m Hcap,28-04-2013 06:20,6316695,4. Tower Of Lonhro,0,4.985359198,5.29147075963813618326924989690537563816,3.98303875639711318142274247764839464623,5.7,5,5.4,3,9793.48,5405.82,1203.48
100674293,AUS / Sale (AUS) 28th Apr,R1 1200m 2yo,28-04-2013 03:20,7231046,15. Scarlet Moretta,1,12,12.2906267702095071600849702671101240503,7.87960283791691047396138092451726155647,14,9.8,1.01,1.01,2734.4,1613.16,931.24
100674293,AUS / Sale (AUS) 28th Apr,R1 1200m 2yo,28-04-2013 03:20,6861380,11. Opening Bell,0,12.028043246283634,13.8464482461867382077846980253315246382,11.6624363397404304254969607359947428947,15,13,1,1001,1704.36,1275.34,6.6
100674305,AUS / Sale (AUS) 28th Apr,R7 1400m CL1,28-04-2013 06:56,7192018,2. Arties Reward,1,3.745198767680886,3.87203166968834390533666981166665527788,3.37574581243639963793960735630865979222,5,3.6,3.95,1.52,18140.62,12487.72,3200.06
100674315,AUS / SCst (AUS) 28th Apr,R4 1000m 2yo,28-04-2013 05:15,7230963,11. Real Dreams,0,57.69159576674225,53.6782488724484969578992435426153422615,40.3045509464357631896898912605718888441,70,48,500,500,496.6,289.8,13.52
100674309,AUS / SCst (AUS) 28th Apr,R1 1800m CL1,28-04-2013 03:30,6804580,7. Red Hornet,0,35.01082554136228,40.5204767266168342881114198990379432589,31.3604839448840548715285203629586630412,65,29,38,38,654.62,435.52,6.64
100674313,AUS / SCst (AUS) 28th Apr,R3 1200m Mdn,28-04-2013 04:40,7100716,12. Dadsaidjetta,0,75,45.1049116401356352604397164883825314955,29.1219873934000741564701520207638116426,70,42,1,1001,269.7,170.22,0
100674323,AUS / SCst (AUS) 28th Apr,R8 1200m CL2,28-04-2013 07:45,7230976,6. Pretty Gully,1,6.4571378402764825,6.18809038453706936816948351670379976574,5.38114292484031157753403560039885083571,7.2,5.5,7.6,1.06,10129.1,7732.8,1274.64
100674323,AUS / SCst (AUS) 28th Apr,R8 1200m CL2,28-04-2013 07:45,6087818,3. Platinum Lion,0,23.34869142,21.2185561727185617324317056241944118211,15.2849843985700411216498253879693344079,26,15,5,5,1935.72,1122.36,263.54
100674311,AUS / SCst (AUS) 28th Apr,R2 1600m Mdn,28-04-2013 04:05,6614855,2. Chief Seattle,0,5.927624123589782,5.74597479361274276168866776958076807011,6.26904165055768263430735525818024602056,7,5.7,19,19,4810.98,4578.42,232.56
100674311,AUS / SCst (AUS) 28th Apr,R2 1600m Mdn,28-04-2013 04:05,5960603,5. Hayylers Hell,0,26,19.9991289547808586638385106911544137352,20.1014770590275875919738547771630972595,32,18.5,48,11.5,1095.42,1044.94,50.48
100674311,AUS / SCst (AUS) 28th Apr,R2 1600m Mdn,28-04-2013 04:05,6268823,9. Belladonna Delago,1,6.556010435286442,6.77611652976289621487145452514995044014,6.42321483836050828207063199859742200066,8.4,6.6,13,13,5247.48,4627.9,541.16
100674311,AUS / SCst (AUS) 28th Apr,R2 1600m Mdn,28-04-2013 04:05,6496514,4. Touch A Star,0,1.8580237255501375,1.80095663521626851031394332312703149537,1.79379582605044366607486741817378361417,1.92,1.79,8,1.13,43629.66,39097.72,4531.94
100674311,AUS / SCst (AUS) 28th Apr,R2 1600m Mdn,28-04-2013 04:05,7109627,10. Celebration Miss,0,268.69738026972857,101.90918032786885245901639344262295082,101.90918032786885245901639344262295082,260,190,1,1001,61,61,0
100674324,AUS / PAug (AUS) 28th Apr,R1 1100m 3yo,28-04-2013 03:50,6653060,5. Flying Club,0,53.45264498732985,31.9150832821309174068868460737075001822,74.1436666666666666666666666666666666667,32,32,300,300,120,37.7,20
100674326,AUS / PAug (AUS) 28th Apr,R2 1600m Mdn,28-04-2013 04:25,7231020,4. Bolinda Vale,0,49.88856160284368,26.6711949573551166096101349791563362771,22.9959524411839109537060460409815330129,32,16.5,680,680,158.12,48.3,4.3
100674332,AUS / PAug (AUS) 28th Apr,R5 1850m Hcap,28-04-2013 06:12,5162262,3. Penn Station,0,19.5,14.5400037144198744148147441775256897579,15.0875975282441795143873665813619624243,19.5,15.5,190,190,640.84,638.84,2
100674332,AUS / PAug (AUS) 28th Apr,R5 1850m Hcap,28-04-2013 06:12,5270947,9. Alice Longing,0,25,14.8102180870546950844342791108797267045,18.2556981458882809117033421249458725347,25,18,290,26,508.06,482.66,25.4
100674334,AUS / PAug (AUS) 28th Apr,R6 1400m Hcap,28-04-2013 06:48,3476811,10. Shimano Miss,0,27,28.0056057210698362975703771610260193043,13.5133205374280230326295585412667946257,30,20,30,19,260.5,78.26,47.82
100674336,AUS / PAug (AUS) 28th Apr,R7 1100m Hcap,28-04-2013 07:24,6887900,7. Dabamirak,0,4,4.04791218651624877051665511023480974082,4.02749111068194985629409158553625592148,5.4,4,5,4.1,5281.62,4446.88,834.74
100674336,AUS / PAug (AUS) 28th Apr,R7 1100m Hcap,28-04-2013 07:24,7231029,2. The Shaman,0,45.46144327817487,30.1675357941575204327858682738493182048,37.6525938067602888406503344703849731981,46,36,290,46,451.46,402.3,49.16
100674338,AUS / PAug (AUS) 28th Apr,R8 1400m Hcap,28-04-2013 08:04,5252813,8. Eight Red,0,29.019839575,24.250546309509464945247957425374951247,24.2415078344246959775491113189897100094,34,22,1,1001,1368.32,1363.1,5.22
100674328,AUS / PAug (AUS) 28th Apr,R3 1200m Hcap,28-04-2013 05:00,6247775,7. Destony Hawk,0,6.647686134,6.00189431601181041430765305309036251265,5.44714864284399353637832641289451614883,6.4,5.4,8.2,8,5866.68,4950.42,126.24
100674330,AUS / PAug (AUS) 28th Apr,R4 1200m Hcap,28-04-2013 05:35,7231025,8. Nordet Hero,0,29,26.7599883827021528108480712618470651677,19.1420341676599125943583631307111640842,95,24,16,16,654.42,366.24,120.24
100674341,AUS / Alba (AUS) 28th Apr,R1 1825m Hcap,28-04-2013 05:40,3483637,4. Dash Of Brains,0,4.488984661651158,4.21919758465910034990716678728960039033,3.67682295127693961097027721034021641932,4.6,4,4.9,3.2,4875.72,3167.46,568.58
100674343,AUS / Alba (AUS) 28th Apr,R2 1200m Hcap,28-04-2013 06:16,7230882,4. Pins Of Darkness,0,18.812519564172256,12.1455313375471849368573735271104087091,12.2286883940233839880212813405970244353,16,13.5,1,1001,627.78,585.44,42.34
100674345,AUS / Alba (AUS) 28th Apr,R3 1100m Mdn,28-04-2013 06:52,5958486,1. Nova Park,0,2.677395212,2.31068459142698284418078864090507197631,2.35805532533281224380700820491396407627,2.8,2.6,2.94,2,8904.42,7284.98,1025.8
100674345,AUS / Alba (AUS) 28th Apr,R3 1100m Mdn,28-04-2013 06:52,7230884,2. Blizzard Express,1,1.8966325125134427,1.84336518324789083424228797509626701122,1.80358343654734062751750497734023713788,2.42,2,2.04,1.01,28177.7,20486.86,4392.56
100674345,AUS / Alba (AUS) 28th Apr,R3 1100m Mdn,28-04-2013 06:52,7230887,6. Escalada,0,30.412172781899578,19.9282802656098108685501915381929364138,20.1835503273945485000761382670930409624,32,26,30,10,525.36,429.46,70.94
100674347,AUS / Alba (AUS) 28th Apr,R4 1512m Mdn,28-04-2013 07:28,7234664,9. Lets Kiss n Tell,0,40,20.7881481231738751281263805630414445431,20.793380952380952380952380952380952381,50,32,1,1001,420,406.7,13.3
100674349,AUS / Alba (AUS) 28th Apr,R5 1100m Hcap,28-04-2013 08:08,5323635,1. Troy Can,0,11.066978382263333,10.9708729279619000790978852355638196709,9.50955220799021670941562308920105773888,13,9.8,10,10,2518.58,1852.32,134.32
100674351,AUS / Alba (AUS) 28th Apr,R6 1200m Hcap,28-04-2013 08:45,4519956,8. Rich And Wild,0,51.61618420377428,30.0477667329637772205386260938229369655,25.8149028462772594925426347376552379821,42,28,1,1001,336.58,287.2,.32
100674353,AUS / Alba (AUS) 28th Apr,R7 1512m Hcap,28-04-2013 09:20,6948977,3. Knight Runner,0,3.442448544441231,4.0252065516358196843789883334621714386,3.36549578919822673230696248628734000822,4.5,3.7,3.95,3.95,15514.86,10210.98,527.98
100674353,AUS / Alba (AUS) 28th Apr,R7 1512m Hcap,28-04-2013 09:20,7230906,12. Dancers Spirit,0,9.473995411296642,10.8967428277804119403208554617115920131,6.61071651507044765471731763866595327269,12.5,9.2,1,1001,1794.24,845.78,53.12
100674353,AUS / Alba (AUS) 28th Apr,R7 1512m Hcap,28-04-2013 09:20,2333063,8. Trimconnection,0,62.49921722311177,45.1511552906510188648599349741111416222,33.3118909866017052375152253349573690621,60,36,1,1001,262.72,137.32,11.2
100674364,AUS / Echu (AUS) 28th Apr,R6 1755m Pace M,28-04-2013 10:48,7026069,7. Yes Jerry,0,,1,8.8327669710202461294164350932909884875,1,1001,1,1001,251.9,0,0
100674364,AUS / Echu (AUS) 28th Apr,R6 1755m Pace M,28-04-2013 10:48,5954147,3. Composite,0,,1,3.53776852693794044100932030006819731757,1,1001,1,1001,703.84,0,0
100674354,AUS / Echu (AUS) 28th Apr,R1 2160m Pace M,28-04-2013 08:28,7035644,2. Alartmicksue,0,,1,19.3792988536390295921087709944014929352,1,1001,1,1001,150.04,0,0
100674356,AUS / Echu (AUS) 28th Apr,R2 1755m Pace M,28-04-2013 09:03,3837238,2. Go Diego,0,,1,82.8811594202898550724637681159420289855,1,1001,1,1001,6.9,0,0
100674358,AUS / Echu (AUS) 28th Apr,R3 1755m Pace M,28-04-2013 09:31,7231155,1. Alphonso Dream,0,,1,83.4137426900584795321637426900584795322,1,1001,1,1001,13.68,0,0
100674360,AUS / Echu (AUS) 28th Apr,R4 1755m Pace M,28-04-2013 09:52,4689166,8. Knapdale Guy,1,,1,2.34065715995213402473075388911049062625,1,1001,1,1001,8824.64,0,0
100674360,AUS / Echu (AUS) 28th Apr,R4 1755m Pace M,28-04-2013 09:52,3881580,7. Classic Jet,0,,1,30.5584889148191365227537922987164527421,1,1001,1,1001,137.12,0,0
100674362,AUS / Echu (AUS) 28th Apr,R5 1755m Pace M,28-04-2013 10:23,5009699,2. Chick At The Bar,1,,1,5.78830590913794887716030218358687778123,1,1001,1,1001,579.78,0,0
100674366,AUS / Echu (AUS) 28th Apr,R7 2160m Pace M,28-04-2013 11:16,7050250,4. Please Dont Talk,0,,1,40.0097597597597597597597597597597597598,1,1001,1,1001,26.64,0,0
100674366,AUS / Echu (AUS) 28th Apr,R7 2160m Pace M,28-04-2013 11:16,4727934,2. Nova Arama,0,,1,49.129702970297029702970297029702970297,1,1001,1,1001,20.2,0,0
100674370,AUS / Kell (AUS) 28th Apr,R1 1730m Pace M,28-04-2013 06:07,7231134,1. Penola Girl,1,,1,2.86977684901858347637883424136129561908,1,1001,1,1001,267.98,0,0
100674370,AUS / Kell (AUS) 28th Apr,R1 1730m Pace M,28-04-2013 06:07,7129537,3. Iam Lucky,0,,1,2.39815850955490325286048044090337267118,1,1001,1,1001,1001.58,0,0
100674380,AUS / Kell (AUS) 28th Apr,R6 1730m Pace M,28-04-2013 08:39,7231140,2. Adda Bit Of Fun,0,,1,28,1,1001,1,1001,19.98,0,0
100674382,AUS / Kell (AUS) 28th Apr,R7 2130m Pace M,28-04-2013 09:08,3062488,9. Thirtytwo Volts,0,,1,15.9949817518248175182481751824817518248,1,1001,1,1001,21.92,0,0
100674382,AUS / Kell (AUS) 28th Apr,R7 2130m Pace M,28-04-2013 09:08,4981688,10. Stealthy Shannon,0,,1,12.5856035437430786267995570321151716501,1,1001,1,1001,36.12,0,0
100674374,AUS / Kell (AUS) 28th Apr,R3 2130m Pace M,28-04-2013 07:08,6009942,8. Art In Your Face,0,,1,7.0672,1,1001,1,1001,10,0,0
100674374,AUS / Kell (AUS) 28th Apr,R3 2130m Pace M,28-04-2013 07:08,2191372,5. Dancewithafalcon,0,,1,9.10226244343891402714932126696832579186,1,1001,1,1001,8.84,0,0
100674386,AUS / Laun (AUS) 28th Apr,R1 1680m Pace M,28-04-2013 08:12,6451495,1. Kinda Grey,0,,1,46.9380677126341866226259289843104872007,1,1001,1,1001,24.22,0,0
100674386,AUS / Laun (AUS) 28th Apr,R1 1680m Pace M,28-04-2013 08:12,7231169,8. Aru Readyforeddy,0,,1,32.3857868020304568527918781725888324873,1,1001,1,1001,7.88,0,0
100674390,AUS / Laun (AUS) 28th Apr,R3 2200m Pace M,28-04-2013 09:15,6512722,7. Carly Seelster,0,,1,10.124387109529458283906682483194938711,1,1001,1,1001,404.64,0,0
100674390,AUS / Laun (AUS) 28th Apr,R3 2200m Pace M,28-04-2013 09:15,7185083,4. Our Last Chance,0,,1,60.0525793650793650793650793650793650794,1,1001,1,1001,20.16,0,0
100674390,AUS / Laun (AUS) 28th Apr,R3 2200m Pace M,28-04-2013 09:15,6451493,12. Rykov Leis,0,,1,7.27725929761505893819865371143126922725,1,1001,1,1001,656.62,0,0
100674396,AUS / Laun (AUS) 28th Apr,R6 2200m Pace M,28-04-2013 10:35,6790554,9. Daytona Demon,0,,1,56.0345110928512736236647493837304847987,1,1001,1,1001,97.36,0,0
100674396,AUS / Laun (AUS) 28th Apr,R6 2200m Pace M,28-04-2013 10:35,6143643,12. Hilda Su,0,,1,66.7034632034632034632034632034632034632,1,1001,1,1001,138.6,0,0
100674396,AUS / Laun (AUS) 28th Apr,R6 2200m Pace M,28-04-2013 10:35,6357900,11. Roman Times,0,,1,155.680851063829787234042553191489361702,1,1001,1,1001,18.8,0,0
100674396,AUS / Laun (AUS) 28th Apr,R6 2200m Pace M,28-04-2013 10:35,3232037,3. Boozy Rouge,0,,1,28.1735039929985778361229624767530904715,1,1001,1,1001,182.82,0,0
100674398,AUS / Laun (AUS) 28th Apr,R7 2200m Pace M,28-04-2013 11:30,6247620,4. Matesforever,0,,1,25.012555166641302693653933952214274844,1,1001,1,1001,131.42,0,0
100674398,AUS / Laun (AUS) 28th Apr,R7 2200m Pace M,28-04-2013 11:30,4206174,6. Stone Skipper,0,,1,12.1535794511182732688739134681121203243,1,1001,1,1001,204.78,0,0
100674398,AUS / Laun (AUS) 28th Apr,R7 2200m Pace M,28-04-2013 11:30,4563492,9. Truly Blissfull,0,,1,190,1,1001,1,1001,10.24,0,0
100674400,AUS / Laun (AUS) 28th Apr,R8 2200m Pace S,28-04-2013 11:52,874907,2. Jilliby Rio,0,,1,12.5278422701308273447576930163994840612,1,1001,1,1001,108.54,0,0
100674402,AUS / Laun (AUS) 28th Apr,R9 2200m Pace M,28-04-2013 12:17,5682342,9. Cams Ok,0,,1,1,1,1001,1,1001,0,0,0
100674402,AUS / Laun (AUS) 28th Apr,R9 2200m Pace M,28-04-2013 12:17,5480789,11. Hagleybayboy,0,,1,1,1,1001,1,1001,0,0,0
100673217,AUS / Mngl (AUS) 28th Apr,R10 2300m Pace M,28-04-2013 08:55,5509824,5. Atom Of Courage,0,107.44892224051058,23.5973325905037711287208780500128581763,23.7840772256562575258890583607610179016,40,17.5,1,1001,996.56,967.4,0
100673217,AUS / Mngl (AUS) 28th Apr,R10 2300m Pace M,28-04-2013 08:55,3127023,9. Washakie,0,2.4605061258737253,2.69937905391602332223588766111776908841,2.27300547580156084691217026776979500051,2.96,2.2,2.4,2,22590.3,12086.38,1057.14
100673203,AUS / Mngl (AUS) 28th Apr,R3 1609m Pace M,28-04-2013 04:34,7225670,12. Im Supersonic,0,19,20.6937684165705441478506474834336016882,20.7515020750314867961926785456197220903,26,19,36,36,968.66,888.12,39.86
100673203,AUS / Mngl (AUS) 28th Apr,R3 1609m Pace M,28-04-2013 04:34,6574935,5. Sir Eric,1,2.5,2.44417056974886371045036373696477762663,2.17489587961266956099259270806540033412,2.6,2.1,1.8,1.01,23093.46,16788.34,5033.24
100673205,AUS / Mngl (AUS) 28th Apr,R4 1609m Pace M,28-04-2013 05:09,7225675,9. Christopher Henry,0,170,195.399463771386097874995022630440264929,112.049773755656108597285067873303167421,430,150,1,1001,26.52,13.26,.04
100673209,AUS / Mngl (AUS) 28th Apr,R6 2300m Pace M,28-04-2013 06:23,5850429,8. Ohoka Colorado,0,9.6,11.516934403158501664306705232468184976,10.5726727080145933859009062021890078851,12,10,1,1001,1019.64,814.3,0
100673209,AUS / Mngl (AUS) 28th Apr,R6 2300m Pace M,28-04-2013 06:23,7225679,11. Overlap,0,10.5,10.984004562990520806957623125263169487,13.886293039691018160900649190566192785,12,10,1000,6.8,1703.66,1542.96,67.74
100673211,AUS / Mngl (AUS) 28th Apr,R7 1609m Pace M,28-04-2013 07:00,7225682,11. Lennys In Heaven,0,190,142.272660843576405841815434883024349675,114.310612597066436583261432269197584124,330,100,1,1001,69.54,51.04,0
100673211,AUS / Mngl (AUS) 28th Apr,R7 1609m Pace M,28-04-2013 07:00,7225681,2. All I Can Be,0,12.731912324447183,11.3323952673217588892020257279383879746,10.8205974318886639157290411871748212318,12.5,9.8,1,1001,1560.68,1460.76,15.68
100673213,AUS / Mngl (AUS) 28th Apr,R8 1609m Pace M,28-04-2013 07:40,5378896,3. Baby Bling,1,53.22649498533061,48.479115278249285262485378106828805667,17.2033845000995234582645450607093095414,75,34,3.05,3.05,1708.14,565.12,1143.02
100673213,AUS / Mngl (AUS) 28th Apr,R8 1609m Pace M,28-04-2013 07:40,5934441,10. Terror To Love,0,5.3,4.59272538938261949508821754073076627221,4.5837686425805568373733213268643170652,6.45,4.1,4,4,16946.42,16513.26,433.16
100673199,AUS / Mngl (AUS) 28th Apr,R1 1609m Pace M,28-04-2013 03:24,6725466,7. My Dusky Sound,0,24.530943778436633,20.1569694917461538988408801988290299466,19.146268415088230532621013436943500081,22,20,1,1001,123.54,106.58,0
100673199,AUS / Mngl (AUS) 28th Apr,R1 1609m Pace M,28-04-2013 03:24,3111124,3. Poacher,0,3.125861913,3.46868682852839261562926922992877646756,3.33515117891816920943134535367545076283,3.75,3.3,3,3,9805.6,8730.26,392.44
100673199,AUS / Mngl (AUS) 28th Apr,R1 1609m Pace M,28-04-2013 03:24,6362549,2. Satellite Ace,0,8.2,7.92371217671883119483445871863017141777,6.6920474009857727129723494249659174328,9.2,8.8,1,1001,572.14,426.02,0
100674253,AUS / Nowr (AUS) 28th Apr,R3 1400m Hcap,28-04-2013 05:20,5966124,8. High Principles,0,28,24.0268687527546067026396908323259732631,24.3297635366689513365318711446196024674,40,27,40,40,700.32,687.04,13.28
100674257,AUS / Nowr (AUS) 28th Apr,R5 1000m CL3,28-04-2013 06:35,5396531,1. Cool Maverick,1,2.282307673601313,2.24218015286694278783092166845147638719,2.06130770433499796558298100895368783707,2.38,2.14,2.52,1.01,44386.18,35884.12,6113.76
100674249,AUS / Nowr (AUS) 28th Apr,R1 1200m Mdn,28-04-2013 04:10,7230986,7. Sukhar,0,34.569092478,30.7081578219804441842099919467651947627,26.5757559336729164408800260106210035765,42,30,1,1001,369.08,250.96,0
100674249,AUS / Nowr (AUS) 28th Apr,R1 1200m Mdn,28-04-2013 04:10,7230991,13. Tilly Girl,0,16.20835087319574,15.6919232724431186029692320411431324929,12.4143364677601809954751131221719457014,18,11,1,1001,1131.52,788.54,19.28
100674255,AUS / Nowr (AUS) 28th Apr,R4 1400m CL2,28-04-2013 05:56,5768485,6. Eyes On Guard,0,6.449094288167427567,4.97618365725192296558818757582112082852,4.74559237123349140573484706442486153742,6.06,4.49,1,1001,9493.54,8683.4,0
100674255,AUS / Nowr (AUS) 28th Apr,R4 1400m CL2,28-04-2013 05:56,6489826,7. Mr Ellaval,0,14.52791104290814167,17.7493635345376922940621858261355925108,14.4118662855397237557005389600471317288,23.34,14.69,1,1001,1833.16,1362.48,0
100674580,AUS / Nowr (AUS) 28th Apr,R7 1600m Mdn,28-04-2013 07:50,7231011,3. Lord Locksley,0,17.47277429115028,16.7647176613294553846578844222049948339,14.0874501011647618526822332804724667797,18.5,13.5,1,1001,1828.7,1483.88,9.32
100674580,AUS / Nowr (AUS) 28th Apr,R7 1600m Mdn,28-04-2013 07:50,6103909,6. Decideyourdestiny,0,14.735052074,15.6675993978623807961362187549168772254,13.8621140203133772265605063032715765835,18,14.5,60,60,1959.3,1550.12,106.32
100674273,AUS / Tamw (AUS) 28th Apr,R6 2100m Hcap,28-04-2013 06:44,2315777,6. Circle Of Fame,0,6.986721914769586,5.90804698064883237157141136195026573637,5.79219830787022947227463631383529125327,7.2,5.7,8,3.7,6571.6,5698.72,872.88
100674273,AUS / Tamw (AUS) 28th Apr,R6 2100m Hcap,28-04-2013 06:44,4554718,11. Tollemache,0,39.922493507818515,30.6029014297244563605682908589663574414,35.7354527717204177665557213359348100539,44,34,300,300,1045.56,1025.64,19.92
100674273,AUS / Tamw (AUS) 28th Apr,R6 2100m Hcap,28-04-2013 06:44,6642455,5. California Rain,0,16.5,12.4996684556360531987255867747404905162,12.573909297628631555160092086493510162,22,16.5,1,1001,1416.06,1388.14,27.92
100674275,AUS / Tamw (AUS) 28th Apr,R7 1400m Cup,28-04-2013 07:20,6382115,17. Double Five,0,240,149.221591533627513148066435695575816414,92.5783352716398072769563050340588137564,200,120,1,1001,120.38,71.18,4
100674275,AUS / Tamw (AUS) 28th Apr,R7 1400m Cup,28-04-2013 07:20,6714562,9. Are You Sure,0,8.079192830371975,7.98582524753739808348797245498317011531,7.42675916994498834926097426297906074652,11,6.6,34,34,8729.06,7818,144.82
100674263,AUS / Tamw (AUS) 28th Apr,R1 1000m Mdn,28-04-2013 03:45,7213750,10. Statuette,0,1.924142161,2.05902161667721694799682074503662270277,1.94164979621789747826937275662504900549,2.2,1.92,2.2,1.7,22293.42,17864.92,1616.38
100674267,AUS / Tamw (AUS) 28th Apr,R3 1200m Hcap,28-04-2013 04:55,3052083,1. Tomcatnaround,0,11.202445936116638,10.2708264787212552152868185352172481776,7.80396393195587055198564139004085833124,13,7.8,1,1001,3264.94,2161.44,28.1
100674271,AUS / Tamw (AUS) 28th Apr,R5 1000m CL3,28-04-2013 06:08,6205080,3. Martika,0,6.8952758944541515,7.5783734139225156126072762809915481443,5.75809860157785309447181794879097718664,8,7,8.2,7.4,3511.1,1896.4,177.92
100674271,AUS / Tamw (AUS) 28th Apr,R5 1000m CL3,28-04-2013 06:08,6411625,2. Weepu,0,2.9301330456850527,2.92611820404908161310739804225279371215,2.64512678462262964382135199880659531589,3.1,2.68,4,2.86,13675.16,8878.56,1856.4
100674271,AUS / Tamw (AUS) 28th Apr,R5 1000m CL3,28-04-2013 06:08,6447944,8. Million Reasons,0,25,19.6873031439740452932843247337094001763,19.7513464619123902115671435673645252168,24,16.5,900,190,1448.24,1268.74,38.54
100674271,AUS / Tamw (AUS) 28th Apr,R5 1000m CL3,28-04-2013 06:08,6011965,5. Lava Corona,0,6.8,7.19327976299149473322418776628436830746,5.58777262506170055880901163322140902748,8.4,5.9,1,1001,3281.98,2323.5,111.28
100674269,AUS / Tamw (AUS) 28th Apr,R4 1200m CL2,28-04-2013 05:30,3396805,11. Red Caviar,1,3.5,3.63278591237908643834525757730567543987,3.07505922331318003412134736006684542415,3.75,3.5,8,1.01,14313.62,9823.5,2484.26
100674269,AUS / Tamw (AUS) 28th Apr,R4 1200m CL2,28-04-2013 05:30,5635161,13. Not A Dream,0,30,38.8258282646667446183731700544306737919,31.4611618335777472917356544775060315058,60,27,1,1001,845.56,678.42,.06
100674277,AUS / Tamw (AUS) 28th Apr,R8 1400m Hcap,28-04-2013 07:58,5496273,1. Twin Zero,1,12,10.7407047585544814393794653958173457353,7.86934277709279608980314198240509462961,12.5,9.4,12,1.01,8159.18,5617.44,2086.64
100674277,AUS / Tamw (AUS) 28th Apr,R8 1400m Hcap,28-04-2013 07:58,7231129,3. Aghamore,0,3.53843769963766,3.60075181355442963090945688112362260218,3.45020504953931384939786650251789374423,3.85,3.4,3.5,2.6,24433.12,21785.44,1416.6
100674277,AUS / Tamw (AUS) 28th Apr,R8 1400m Hcap,28-04-2013 07:58,4436915,4. Miss Teejays,0,19.504309347128586,27.3624381014907703934004979738505876353,18.0710310582283224809106666042066800956,38,21,100,4,2134.7,1162.62,440.66
100674283,AUS / Arar (AUS) 28th Apr,R3 1100m Mdn,28-04-2013 04:50,7230926,6. The Princeling,0,2.9380953595849193,3.00769593066578414976385662588115039653,2.9782952146531190286213972989126754426,3.7,2.92,25,2.9,13585.64,9270.6,1744.46
100674285,AUS / Arar (AUS) 28th Apr,R4 1100m Hcap,28-04-2013 05:25,6913618,6. Carbon Cut,0,24,23.8091419857895082639257997898588397982,21.2819590796331277452832335738182480257,28,22,24,24,878.78,753.56,21.56
100674285,AUS / Arar (AUS) 28th Apr,R4 1100m Hcap,28-04-2013 05:25,4851180,7. Podsnap,1,9.2,8.88557356835764147950839009691850045913,5.33626062149354540007625687673620567569,9.8,8.4,6.4,1.01,2937.44,1450.46,1187.72
100674287,AUS / Arar (AUS) 28th Apr,R5 2000m Hcap,28-04-2013 06:04,5039394,1. God Help Us,0,4.335313085697054,3.96585090355661101334205766748247012692,3.70026134940076786918836125354391410414,5,3.25,4.7,4.7,11830.14,9966.08,525
100674291,AUS / Arar (AUS) 28th Apr,R7 1300m Hcap,28-04-2013 07:15,4377531,3. Musee Market,0,103.1809540315019,89.338996637512898312323557384985776335,68.4988640494365685205379861868411486732,120,50,1,1001,440.16,307.42,0
100674291,AUS / Arar (AUS) 28th Apr,R7 1300m Hcap,28-04-2013 07:15,3172461,5. Centuron,0,27.648171759625114,27.4868017194841680299168696161111251535,18.9260432885243744654722484156049209447,34,20,1,1001,912.02,457.82,0
100674297,AUS / Sale (AUS) 28th Apr,R3 1400m Mdn,28-04-2013 04:30,5043788,11. Rainbow Hussonet,0,103.61328317579117,57.8824737762237762237762237762237762238,57.8824737762237762237762237762237762238,150,36.92,1,1001,160.16,160.16,0
100674297,AUS / Sale (AUS) 28th Apr,R3 1400m Mdn,28-04-2013 04:30,7231054,5. Paradian,0,268.6217713796348,106.439590113285272914521112255406797116,106.439590113285272914521112255406797116,300,78.46,1,1001,97.1,97.1,0
100674299,AUS / Sale (AUS) 28th Apr,R4 1400m 3yo,28-04-2013 05:05,6123290,1. Abraxas,0,23.183515649,20.3972116805828201210930456876416808595,18.4438053481507206112172252127105400243,26,18,1,1001,2764.32,2421.3,14.62
100674299,AUS / Sale (AUS) 28th Apr,R4 1400m 3yo,28-04-2013 05:05,7231065,11. Smarty Mcfly,0,117.14119755126536,86.4111718265298081839553561714582237704,75.9980633291372131306284496949743391111,100,42,1,1001,206.54,155.74,0
100674301,AUS / Sale (AUS) 28th Apr,R5 1200m Hcap,28-04-2013 05:44,6639896,5. Geology,1,4.903465972849694,4.82351725267517644889351278626360237285,4.82637861306154407082381919696488548592,6.8,4.5,14,5,11903.34,9734.62,1692.92
100674303,AUS / Sale (AUS) 28th Apr,R6 1700m Hcap,28-04-2013 06:20,4811704,1. Eight Cards,0,10.311598476834483,9.4978339996566511214249726128303782536,7.4454223832557135921457213241508280438,11.5,8.4,800,190,4449.04,2857.42,105.18
100674293,AUS / Sale (AUS) 28th Apr,R1 1200m 2yo,28-04-2013 03:20,7231041,9. Mossbridge,0,124.71509723382071,92.1180254064104142231892370177030523672,79.3482910463409519815474942335919479975,110,75,1,1001,95.38,53.52,0
100674293,AUS / Sale (AUS) 28th Apr,R1 1200m 2yo,28-04-2013 03:20,7231044,13. Purrfect Choice,0,23.455767728351056,23.0541829684357015657263984294060442685,19.9072594307657555906934718771176869212,26,19.5,1,1001,708.32,588.18,1.32
100674305,AUS / Sale (AUS) 28th Apr,R7 1400m CL1,28-04-2013 06:56,7231090,13. Chadra Boy,0,245.2644949315674,121.569977119176150781660837452001504454,101.608034083992696287279367011564211808,160,60,140,85,131.44,74.52,13.28
100674313,AUS / SCst (AUS) 28th Apr,R3 1200m Mdn,28-04-2013 04:40,5582937,5. Dracks A Fake,0,9.358287142,10.2972595671472775176379153053754083225,8.39528420919815784493091918490946943411,12,9.2,1,1001,1268.08,978.82,19.68
100674317,AUS / SCst (AUS) 28th Apr,R5 1000m CL1,28-04-2013 05:52,7230970,10. Steerman,0,26.04166619924392,27.2661383336184975456757146733993194923,17.6179734806250750467434001749661217558,30,26,1,1001,1165.94,612.08,0
100674319,AUS / SCst (AUS) 28th Apr,R6 1400m CL4,28-04-2013 06:28,2103650,1. Proto,0,51.636391212753956,43.862731827843603350793596245532638122,32.7466145049653927174240144447788143244,48,40,48,32,332.3,174.42,39.56
100674319,AUS / SCst (AUS) 28th Apr,R6 1400m CL4,28-04-2013 06:28,5512847,6. Three Red Roses,0,220.853300654,109.024719848035649072079203506814935977,95.7858599592114208021753908905506458192,160,90,1,1001,205.94,117,0
100674321,AUS / SCst (AUS) 28th Apr,R7 1200m Hcap,28-04-2013 07:05,4827329,5. Comahni,0,4.418924948,4.1744203361289082763923214049492084399,4.15713490335412494496590027221536020996,5.4,4.1,4.1,3,11674.58,10875.52,799.06
100674321,AUS / SCst (AUS) 28th Apr,R7 1200m Hcap,28-04-2013 07:05,2863219,10. Naynay,0,316.3737243133411,118.024807248858681794433273273382432309,102.259221683189200590592701961611474372,380,75,46,46,379.28,319.12,60.16
100674326,AUS / PAug (AUS) 28th Apr,R2 1600m Mdn,28-04-2013 04:25,7056389,1. Hes No Mug,1,18.5,18.8051220385154680264546931847440862462,3.80523359332544832656714509477991241249,20,18.5,5.8,1.01,2502.64,212.04,2025.02
100674326,AUS / PAug (AUS) 28th Apr,R2 1600m Mdn,28-04-2013 04:25,5438831,2. Imaginarium,0,3.9,3.86306801679427935821498834623290583903,3.63695650930529279774737119978881604998,4.4,3.55,5.6,4.4,9091.6,7154.9,753.8
100674332,AUS / PAug (AUS) 28th Apr,R5 1850m Hcap,28-04-2013 06:12,7231027,1. The Catcher,1,3.6,3.23287887555487954220974577967775771779,2.94566856227022543389170456702212162324,3.75,3.45,4.2,1.01,14225.9,10184.94,4040.96
100674332,AUS / PAug (AUS) 28th Apr,R5 1850m Hcap,28-04-2013 06:12,4907327,12. Estebana,0,294.22056797338644,156.638479189931956726372952892501275678,174.680033651149747616376892877173303421,350,90,800,800,71.32,69.32,2
100674332,AUS / PAug (AUS) 28th Apr,R5 1850m Hcap,28-04-2013 06:12,5424213,8. Fantastic Reign,0,12,10.2747241563506386788484997133640434611,10.2847925599721868119133155637965001738,13,11,1,1001,1380.64,1363.36,17.28
100674334,AUS / PAug (AUS) 28th Apr,R6 1400m Hcap,28-04-2013 06:48,2826396,8. Fresh Tell,0,90.70494521532791,102.882965082922124810249582557120194503,42.1238544848653151902249375173562899195,110,95,80,80,72.02,18.66,4
100674334,AUS / PAug (AUS) 28th Apr,R6 1400m Hcap,28-04-2013 06:48,6480791,9. Triumphant One,0,18.5,21.1306481225280549875964356270997093391,14.4594999834869051157567951385448660788,90,17.5,55,11,605.58,324.68,125.68
100674336,AUS / PAug (AUS) 28th Apr,R7 1100m Hcap,28-04-2013 07:24,6798978,6. Lucky Sunday,0,7.106326101372834,4.47456564499961719680424579520432524448,4.63978962818003913894324853228962818004,7.4,7.2,1,1001,1308.16,1194.06,114.1
100674336,AUS / PAug (AUS) 28th Apr,R7 1100m Hcap,28-04-2013 07:24,4266086,1. Ruling Party,0,17.75694312553503,9.66601295134874884259121196793490467022,12.436055896324309366785038970622146382,18,14,290,17.5,867.32,709.22,158.1
100674338,AUS / PAug (AUS) 28th Apr,R8 1400m Hcap,28-04-2013 08:04,5328854,5. Sierra Skies,1,6.6,7.89254547526808791593762940005087637182,7.22950025780947879517036909723714175225,17,5.8,6.4,1.01,18618.4,16313.16,2305.24
100674338,AUS / PAug (AUS) 28th Apr,R8 1400m Hcap,28-04-2013 08:04,6338192,11. Doolam River,0,18.5,18.9231541947198056617452604614757622927,18.7035990927376214319339239097873068858,30,19,38,10,1402.02,1298.06,103.96
100674338,AUS / PAug (AUS) 28th Apr,R8 1400m Hcap,28-04-2013 08:04,5989346,12. Going Strong,0,144.71489610856628,75.8997334426901783883534960016403526758,75.8997334426901783883534960016403526758,290,50,1,1001,292.62,292.62,0
100674328,AUS / PAug (AUS) 28th Apr,R3 1200m Hcap,28-04-2013 05:00,125029,9. Northside Star,0,17.33866880873014,17.2864672509695736792881967532666425952,15.5306587327413881270047882478731811631,19.5,14,1,1001,1290.66,1133.74,0
100674330,AUS / PAug (AUS) 28th Apr,R4 1200m Hcap,28-04-2013 05:35,4598814,5. Bluepoles,0,9.6,8.64933486997044031458703847950806790324,7.41321780974442325658778811574542150326,9.8,7.6,1,1001,1562.74,1240.98,39.84
100674330,AUS / PAug (AUS) 28th Apr,R4 1200m Hcap,28-04-2013 05:35,6217762,2. Kangaroo Jack,1,9.8,9.18942476815356183970240077212199162567,4.63979364959386937536702928675671118502,10,7.2,12,1.01,3439.78,1047.08,1746.22
100674343,AUS / Alba (AUS) 28th Apr,R2 1200m Hcap,28-04-2013 06:16,7230883,5. Another Day Closer,0,22.444999434817582,17.0542963301099405511096615438559634323,18.9666024306095172971124856245920492338,23,18,600,600,643.46,611.64,31.82
100674347,AUS / Alba (AUS) 28th Apr,R4 1512m Mdn,28-04-2013 07:28,6585420,1. Hell Of A Fella,0,4.814915499165362,4.37011418665933595825332163650579131794,4.39846990545958521011730931049844082562,5.7,5,1,1001,3232.48,3164.58,67.9
100674347,AUS / Alba (AUS) 28th Apr,R4 1512m Mdn,28-04-2013 07:28,7230894,13. Grizzly Bear,0,25.953318073326948,16.9388018561808729632601793377760720142,16.9388018561808729632601793377760720142,23,21,1,1001,573.22,573.22,0
100674351,AUS / Alba (AUS) 28th Apr,R6 1200m Hcap,28-04-2013 08:45,7230902,4. Corporate Larrikin,0,3.2280529231377573,3.80453372260136666349168081059746921949,2.77078223959629988646817136066925512173,4,3.6,4.2,2.54,11327.22,4478.34,1349.18
100674364,AUS / Echu (AUS) 28th Apr,R6 1755m Pace M,28-04-2013 10:48,6720562,1. Find Time To Cruise,0,,1,3.257796021634460235707186100246550233,1,1001,1,1001,1549.38,0,0
100674354,AUS / Echu (AUS) 28th Apr,R1 2160m Pace M,28-04-2013 08:28,7231147,4. Illawong Fantasia,0,,1,124.219895287958115183246073298429319372,1,1001,1,1001,3.82,0,0
100674354,AUS / Echu (AUS) 28th Apr,R1 2160m Pace M,28-04-2013 08:28,7231149,8. Silva Charm Lombo,0,,1,104.843137254901960784313725490196078431,1,1001,1,1001,5.1,0,0
100674354,AUS / Echu (AUS) 28th Apr,R1 2160m Pace M,28-04-2013 08:28,7142390,6. Philtra Phella,1,,1,17.7651039799211186805306561491574040875,1,1001,1,1001,223.12,0,0
100674358,AUS / Echu (AUS) 28th Apr,R3 1755m Pace M,28-04-2013 09:31,7231158,8. Star County,0,,1,33.2719238613188307273963290278721957852,1,1001,1,1001,58.84,0,0
100674360,AUS / Echu (AUS) 28th Apr,R4 1755m Pace M,28-04-2013 09:52,4486162,5. Jazz King,0,,1,6.4103125,1,1001,1,1001,1190.4,0,0
100674362,AUS / Echu (AUS) 28th Apr,R5 1755m Pace M,28-04-2013 10:23,6303709,8. Stopityakillenme,0,,1,10.1480508796354891785849892418681179598,1,1001,1,1001,632.08,0,0
100674362,AUS / Echu (AUS) 28th Apr,R5 1755m Pace M,28-04-2013 10:23,7061945,3. Classic Life,0,,1,1.52078772680902600836267563394244398572,1,1001,1,1001,20840.22,0,0
100674368,AUS / Echu (AUS) 28th Apr,R8 2130m Trot S,28-04-2013 11:45,3390565,11. Mister Jonas,1,,1,7.65510391198044009779951100244498777506,1,1001,1,1001,130.88,0,0
100674366,AUS / Echu (AUS) 28th Apr,R7 2160m Pace M,28-04-2013 11:16,3868316,10. Waterslide,0,,1,52.5078369905956112852664576802507836991,1,1001,1,1001,19.14,0,0
100674376,AUS / Kell (AUS) 28th Apr,R4 2500m Pace S,28-04-2013 07:34,5388523,6. False Promise,1,,1,2.28264834059671471672812604760308414348,1,1001,1,1001,178.98,0,0
100674380,AUS / Kell (AUS) 28th Apr,R6 1730m Pace M,28-04-2013 08:39,7139879,4. Northern Fox,1,,1,6.301,1,1001,1,1001,4,0,0
100674386,AUS / Laun (AUS) 28th Apr,R1 1680m Pace M,28-04-2013 08:12,6437104,2. Faithful Jet,0,,1,5.96824541501228965778029873321989033844,1,1001,1,1001,423.12,0,0
100674386,AUS / Laun (AUS) 28th Apr,R1 1680m Pace M,28-04-2013 08:12,7231171,10. Partoflife,0,,1,180,1,1001,1,1001,.02,0,0
100674388,AUS / Laun (AUS) 28th Apr,R2 2200m Pace M,28-04-2013 08:40,6230759,4. Almondine Gem,0,,1,180,1,1001,1,1001,.14,0,0
100674388,AUS / Laun (AUS) 28th Apr,R2 2200m Pace M,28-04-2013 08:40,6690901,3. Cleora,0,,1,36.6858789625360230547550432276657060519,1,1001,1,1001,6.94,0,0
100674388,AUS / Laun (AUS) 28th Apr,R2 2200m Pace M,28-04-2013 08:40,7231175,7. Modern Moon,0,,1,24.5765027322404371584699453551912568306,1,1001,1,1001,14.64,0,0
100674392,AUS / Laun (AUS) 28th Apr,R4 2200m Pace M,28-04-2013 09:43,5970502,5. Big Zee,0,,1,13.08798024810309526677104660965915934,1,1001,1,1001,498.18,0,0
100674398,AUS / Laun (AUS) 28th Apr,R7 2200m Pace M,28-04-2013 11:30,5318956,7. Put Mback,0,,1,60,1,1001,1,1001,4.32,0,0
100674400,AUS / Laun (AUS) 28th Apr,R8 2200m Pace S,28-04-2013 11:52,1514909,7. Beef City Beau,0,,1,44.2616774193548387096774193548387096774,1,1001,1,1001,77.5,0,0
100674400,AUS / Laun (AUS) 28th Apr,R8 2200m Pace S,28-04-2013 11:52,2931403,5. Big Rusty,0,,1,19.141725352112676056338028169014084507,1,1001,1,1001,45.44,0,0
100674402,AUS / Laun (AUS) 28th Apr,R9 2200m Pace M,28-04-2013 12:17,5384294,3. My Steely Dan,0,,1,1,1,1001,1,1001,0,0,0
100674404,AUS / Laun (AUS) 28th Apr,R10 2200m Pace M,28-04-2013 12:42,7082756,10. Apache River,0,,1,1,1,1001,1,1001,0,0,0
100674404,AUS / Laun (AUS) 28th Apr,R10 2200m Pace M,28-04-2013 12:42,7231187,11. Beef City Bianca,0,,1,1,1,1001,1,1001,0,0,0
100674404,AUS / Laun (AUS) 28th Apr,R10 2200m Pace M,28-04-2013 12:42,7231188,13. Pachacuti,1,,1,1,1,1001,1,1001,0,0,0
100674404,AUS / Laun (AUS) 28th Apr,R10 2200m Pace M,28-04-2013 12:42,4687578,8. Sir Yoie,0,,1,1,1,1001,1,1001,0,0,0
100673215,AUS / Mngl (AUS) 28th Apr,R9 2300m Pace M,28-04-2013 08:20,5490127,5. Arvee Bromac,0,250.4644280424528,165.506976098578694452463949005585599649,158.352619047619047619047619047619047619,290,70,75,75,84,77.36,6.64
100673215,AUS / Mngl (AUS) 28th Apr,R9 2300m Pace M,28-04-2013 08:20,7225684,1. Strathcullen,0,40,28.3716907486263450875163307028791203613,28.2370216482919804527963360796997096249,36,21,1,1001,847.18,832.68,14.5
100673217,AUS / Mngl (AUS) 28th Apr,R10 2300m Pace M,28-04-2013 08:55,5210239,7. Glengowan,0,5,4.54589273528379322778165441285524075794,4.53417300273628493249001928856591755259,4.8,4.3,1,1001,7133.76,6971.08,72.44
100673201,AUS / Mngl (AUS) 28th Apr,R2 1609m Pace M,28-04-2013 03:59,4529392,6. Miss Trickin Lombo,0,16.5,17.2280291759228815673588226484490291806,30.5078518459769203315223856921917753896,32,15,1000,18,504.34,478.14,26.2
100673203,AUS / Mngl (AUS) 28th Apr,R3 1609m Pace M,28-04-2013 04:34,1561754,8. Lord Lincoln,0,5,4.90620907723755915349945474104132150045,4.82255958301101410837293255239989685785,5.5,4.5,5.4,5.4,4343.52,4144.24,79.72
100673205,AUS / Mngl (AUS) 28th Apr,R4 1609m Pace M,28-04-2013 05:09,7164777,6. All Eyes On Us,0,1.9370427473559175,1.88975509483503357829776158333497438066,2.29233981435608857813215677843315043139,2.1,1.77,1000,1.97,21395.8,18367.64,2535.1
100673207,AUS / Mngl (AUS) 28th Apr,R5 2300m Pace M,28-04-2013 05:47,6509111,5. Tulhurst Courage,0,121.995772124,84.2525759328926468093322715605321999727,111.699352051835853131749460043196544276,120,120,900,900,46.3,28.34,2
100673199,AUS / Mngl (AUS) 28th Apr,R1 1609m Pace M,28-04-2013 03:24,4113590,10. Lovable Larrikin,0,44,37.2701468471285442712723020042238652025,33.3067721005677210056772100567721005677,44,36,30,30,98.64,69.22,19.92
100673199,AUS / Mngl (AUS) 28th Apr,R1 1609m Pace M,28-04-2013 03:24,5277119,1. Western Destroyer,0,130,75.466363751656338693383828886546812614,72.5526838966202783300198807157057654076,1,1001,1,1001,10.06,6.86,0
100674253,AUS / Nowr (AUS) 28th Apr,R3 1400m Hcap,28-04-2013 05:20,3745100,7. Fine Drop,0,9.8,8.27549531255122189575083423870960377667,6.87664310386376415776367579725279138887,13,8.4,1,1001,2987.76,2342.26,645.5
100674257,AUS / Nowr (AUS) 28th Apr,R5 1000m CL3,28-04-2013 06:35,3611560,9. Sycamore Road,0,197.99185451515018,84.0795918238476794181066898209989328263,80.0924484767901138007899573735872668257,160,60,1,1001,511.42,402.24,0
100674259,AUS / Nowr (AUS) 28th Apr,R6 1600m Hcap,28-04-2013 07:10,6430632,5. Lethimwin,0,96.2648094921559,62.0951753719598303998802032647431204231,59.4227039361095265259555048488305761552,110,30,95,95,701.2,614,6.64
100674259,AUS / Nowr (AUS) 28th Apr,R6 1600m Hcap,28-04-2013 07:10,7231008,3. Was Meant To Be,0,5.7701955885882485,5.65054010852599946382362324284410695269,5.1955601756837158309211361949902063682,6.8,5,8,4.6,8975.22,7274.8,894.74
100674259,AUS / Nowr (AUS) 28th Apr,R6 1600m Hcap,28-04-2013 07:10,7231009,4. Lounge,0,34,27.3823153594050990472120161829573448408,23.7608963309529672494459492735779364689,34,23,1,1001,649.76,505.86,26.84
100674249,AUS / Nowr (AUS) 28th Apr,R1 1200m Mdn,28-04-2013 04:10,7230994,17. Estevez,0,23.86253771364034,26.1870270705191199287153076257116713231,16.1743480740318316138731919747006065633,28,24,1,1001,771.56,375.34,0
100674251,AUS / Nowr (AUS) 28th Apr,R2 1200m Hcap,28-04-2013 04:45,693730,7. Merciless,0,6.6,7.05684975091255697950657396592776113153,6.45422020504322231978333189052819035134,8,6.6,50,50,3234.44,2521.94,33.2
100674251,AUS / Nowr (AUS) 28th Apr,R2 1200m Hcap,28-04-2013 04:45,7230998,6. Dixie Miss,1,3.8,3.43220580530514271863198678973186128943,3.17883971727622958993656421016641464661,3.9,2.86,3.6,1.16,19654.52,15893.56,2352.2
100674255,AUS / Nowr (AUS) 28th Apr,R4 1400m CL2,28-04-2013 05:56,7231001,3. Lonhros Star,0,2.47698,2.87045138626367517704867996670496812843,2.56044432498426364415980533388533794088,3.55,2.33,10,1.15,18937.04,13630.98,3289.64
100674580,AUS / Nowr (AUS) 28th Apr,R7 1600m Mdn,28-04-2013 07:50,6243025,7. Jadetree Peggy,0,9.583944704227505,9.09772791687593583732812705191273559533,7.83677055555829394164937375848420471517,12.5,8.2,1,1001,4057.54,3167.38,112.94
100674580,AUS / Nowr (AUS) 28th Apr,R7 1600m Mdn,28-04-2013 07:50,7145936,11. Daneares,0,5.7,5.41732685921008183358257352950233234965,5.17372766569196013808885802861529735069,5.7,5.2,29,4.4,8180.24,7074.66,357.16
100674273,AUS / Tamw (AUS) 28th Apr,R6 2100m Hcap,28-04-2013 06:44,6792357,4. Jaal Spirit,0,6.6,5.41780059986405824549338638220819881334,5.47144113681371929381030632452702987402,9.6,6.6,6.8,6.8,3797.28,3472.34,324.94
100674273,AUS / Tamw (AUS) 28th Apr,R6 2100m Hcap,28-04-2013 06:44,6373723,7. Roussos Power,1,10.958990523,8.86044209071489577794317579829142349378,7.04009351244615872561156525920545114128,13,11,7,3,3909.64,2610.32,1299.32
100674275,AUS / Tamw (AUS) 28th Apr,R7 1400m Cup,28-04-2013 07:20,1223732,2. The Jackal,0,48.7010508008115,27.0705156614011160437831828230881541346,26.73188012232415902140672782874617737,48,17.5,60,8,1635,1503.06,112.74
100674275,AUS / Tamw (AUS) 28th Apr,R7 1400m Cup,28-04-2013 07:20,3936094,5. Universal Belief,0,14.448696847,14.721824237366118809151216690082911572,14.4920487875065024183462274905645759316,20,14.5,1,1001,3614.04,3509.76,73.08
100674275,AUS / Tamw (AUS) 28th Apr,R7 1400m Cup,28-04-2013 07:20,4529028,1. Prussian Secret,1,10.814219087,10.7919463133186757210035898445541497673,8.64130431325293835195385495261018628677,15,9,8,1.01,6539.38,4791.94,1569.42
100674263,AUS / Tamw (AUS) 28th Apr,R1 1000m Mdn,28-04-2013 03:45,4288136,3. Moral Victory,1,3.3714843887101225,3.23592611404997016867679596480391907574,2.68296699100750263319803522361650838661,3.65,2.52,1.7,1.01,13880.46,9258.56,2127.92
100674265,AUS / Tamw (AUS) 28th Apr,R2 1400m Mdn,28-04-2013 04:20,7095050,11. Idle Shiver,0,13.257216455384078824,13.0067434421415983913177290811945987876,9.36312229874139159344573735454761339349,14.34,9.18,1,1001,1684.4,1106.98,11.9
100674267,AUS / Tamw (AUS) 28th Apr,R3 1200m Hcap,28-04-2013 04:55,7231114,4. Darcey,1,4.73674808471711,4.23935866739062881293571024329458330842,3.77908327293415320349457966067350930927,4.8,3.5,12,1.2,12831.3,9838.4,1732.44
100674269,AUS / Tamw (AUS) 28th Apr,R4 1200m CL2,28-04-2013 05:30,7218874,6. Dos Mas,0,27.596459654105416,39.1718202036647386523729749034783925821,17.328568936297477818761838301266075167,65,36,70,70,1604.96,372.92,4.46
100674283,AUS / Arar (AUS) 28th Apr,R3 1100m Mdn,28-04-2013 04:50,6826277,3. Maxaconi,0,23.568487655557696,24.3160273286191787619450779604772724361,22.140262650476835687112408150502892282,28,21,23,23,767.56,651.84,26.58
100674285,AUS / Arar (AUS) 28th Apr,R4 1100m Hcap,28-04-2013 05:25,5297516,11. The Lynx,0,9.856379369863898,11.0378418523938445116404544373211656727,9.87239670359464554815034332301367617294,14.5,9.2,24,24,3171.94,2649.06,54.26
100674287,AUS / Arar (AUS) 28th Apr,R5 2000m Hcap,28-04-2013 06:04,5343491,6. Love My World,0,7.277835359577876,6.54028333248895806245919910631594233219,6.06860921353967585015011777466325593855,7,5.9,1,1001,6121.86,5217.98,66.04
100674287,AUS / Arar (AUS) 28th Apr,R5 2000m Hcap,28-04-2013 06:04,4836266,7. Sir Presidente,0,30.853127204896882,32.8814425084240291812540508946403197042,29.365764601058718705777529306941071647,48,24,190,190,1144.78,954.32,8.64
100674289,AUS / Arar (AUS) 28th Apr,R6 1600m Hcap,28-04-2013 06:40,6759226,13. Central,0,160,85.8626269413133832392951060591947284575,75.9555530422981225966975797330920606198,130,65,1,1001,176.84,130.18,6.64
100674289,AUS / Arar (AUS) 28th Apr,R6 1600m Hcap,28-04-2013 06:40,7157312,5. Picante,0,5.7,4.91301531201539804372883486314621459508,4.49766870912929303331445342670305339581,5.6,4.1,22,4,9710.5,8007.92,537.04
100674291,AUS / Arar (AUS) 28th Apr,R7 1300m Hcap,28-04-2013 07:15,5150872,7. Cinnamon Sticks,0,11.316470727773064,9.59773091497870944037413242921332444849,8.94600309700869758730040984366596813975,11.5,8,60,28,4313.84,3523.4,95.04
100674295,AUS / Sale (AUS) 28th Apr,R2 1100m Mdn,28-04-2013 03:55,7231053,11. Lardner Lou,0,45.12372549766674,41.2322741472269228284106465005450438756,29.6251386080490509425347335464092361881,50,34,1,1001,306.62,172.72,13.28
100674295,AUS / Sale (AUS) 28th Apr,R2 1100m Mdn,28-04-2013 03:55,6273123,9. Miss Chatfield,0,44,34.6905088907398100251396670751058915825,28.2012591587516960651289009497964721845,50,25,1,1001,737,541.28,34.54
100674297,AUS / Sale (AUS) 28th Apr,R3 1400m Mdn,28-04-2013 04:30,6443188,4. Man What A Shot,1,2.289002909,2.32098441899883342290459605709388288417,2.22141108300057914469472978327795897217,2.7,2.12,2.26,1.01,32807,29304.22,3502.78
100674297,AUS / Sale (AUS) 28th Apr,R3 1400m Mdn,28-04-2013 04:30,7231056,7. Bunsen Burner,0,91.01357105944308,48.2613251091933543764883891945924074649,47.8429672785315243415802075019952114924,95,60,40,40,125.3,118.64,6.66
100674299,AUS / Sale (AUS) 28th Apr,R4 1400m 3yo,28-04-2013 05:05,7231063,8. Meilucca,0,6.884277224592047,6.11855880375295035043733454974005206817,5.85661802301547528596139145937881772603,7,5.8,1,1001,8660.26,8076.36,157.64
100674301,AUS / Sale (AUS) 28th Apr,R5 1200m Hcap,28-04-2013 05:44,7231073,3. Sweet Home Chicago,0,6.674783439772919,5.34476142255008553450134703261851378278,4.81665339097234785379275336100078034081,6.4,4.6,5,5,7407.02,6365.92,147.48
100674303,AUS / Sale (AUS) 28th Apr,R6 1700m Hcap,28-04-2013 06:20,7231079,13. Chappell,0,48.880487672165046,32.6436230264834566018078877148460942062,32.6159472291407222914072229140722291407,46,21,300,25,1027.84,701.68,117.3
100674305,AUS / Sale (AUS) 28th Apr,R7 1400m CL1,28-04-2013 06:56,7231085,7. Miss Zenella,0,4.897241850768186,4.6093570513843206204642551960105231369,4.53922785631648748553853099692429244618,5.5,4,8,4,14175.6,10489.12,2442.48
100674307,AUS / Sale (AUS) 28th Apr,R8 1100m Hcap,28-04-2013 07:35,7231093,11. Estada,0,5.848902758757033,5.00433990270212400648167132756798917472,4.42592136272492903830629410692429884638,5.5,4.6,1,1001,6144.16,4724.88,447.98
100674307,AUS / Sale (AUS) 28th Apr,R8 1100m Hcap,28-04-2013 07:35,6571743,6. Keltic Delight,0,11.5,11.7888288894451625335730497795395607391,10.4227354986789752126566155281892186722,14.5,10.5,23,13,3171.78,2525.16,303.64
100674315,AUS / SCst (AUS) 28th Apr,R4 1000m 2yo,28-04-2013 05:15,7230961,9. Chrysin,0,7.4,7.7873039293448639683044245114456522477,6.51417548047244742581999259228774846702,9,7,3,3,4859.8,3685.6,572.34
100674315,AUS / SCst (AUS) 28th Apr,R4 1000m 2yo,28-04-2013 05:15,6780191,7. Bar Queen Jojo,0,29.378987717283884,26.730729332687400243869966342387056691,22.9462633120959866065200204622610798493,34,24,32,17,1290.18,979.54,79.72
100674309,AUS / SCst (AUS) 28th Apr,R1 1800m CL1,28-04-2013 03:30,7230948,3. Phantom Caller,1,5.051223145312212,5.33923308491747196264008995181930140247,3.88780682649036629697138208368088809252,6.8,4.5,1.16,1.01,7768.56,4983.08,2139.88
100674313,AUS / SCst (AUS) 28th Apr,R3 1200m Mdn,28-04-2013 04:40,5217524,10. Mock Me Not,0,3.9826250494386484,4.19229702466087434311090051715778704868,3.80919872448645421830818548092811575435,4.8,3.8,6,4.1,10687.46,6906.62,2188.66
100674313,AUS / SCst (AUS) 28th Apr,R3 1200m Mdn,28-04-2013 04:40,7230955,11. Alazani,0,8.2,6.67343467576808415926738533374063264443,5.88530377907824798268287132929967151134,7.4,6.4,12,7.2,3427.82,2546.72,225.56
100674313,AUS / SCst (AUS) 28th Apr,R3 1200m Mdn,28-04-2013 04:40,7230954,4. Outback Flash,0,167.99203002743423,67.7451976618168875205508269682682270506,68.666018731224597985509807386464039583,95,55,1,1001,113.18,40.12,0
100674317,AUS / SCst (AUS) 28th Apr,R5 1000m CL1,28-04-2013 05:52,7148463,5. Marina Sands,0,8.2,9.61141188258662836861541997095193917467,8.12246886606947782390211929211273760105,10.5,8.2,1,1001,2288.5,1790.2,19.94
100674317,AUS / SCst (AUS) 28th Apr,R5 1000m CL1,28-04-2013 05:52,7230968,7. Maggies Pride,0,29.28654495678158,27.5664670608393810192413391867025221503,18.8414105123087159015302727877578176979,34,25,32,32,751.5,367.22,9.3
100674317,AUS / SCst (AUS) 28th Apr,R5 1000m CL1,28-04-2013 05:52,7230967,3. Rainbow Magic,0,16.161767267,19.3738534574593429392334565469512691178,15.6351291806834840229466245244168015388,24,16.5,16.5,16.5,2360.26,1669.02,122.8
100674311,AUS / SCst (AUS) 28th Apr,R2 1600m Mdn,28-04-2013 04:05,7194283,1. Burn And Turn,0,180,72.0294019005030743432084963666852990498,72.0294019005030743432084963666852990498,180,110,1,1001,178.9,178.9,0
100674321,AUS / SCst (AUS) 28th Apr,R7 1200m Hcap,28-04-2013 07:05,6187722,8. Thirsty For Blood,1,13.3736334813977,12.6347622836185334607255463781305677265,10.8620305394213369299274129599381891872,17,12.5,1,1001,2950.94,2461.22,489.72
100674321,AUS / SCst (AUS) 28th Apr,R7 1200m Hcap,28-04-2013 07:05,7230974,4. Favela Star,0,42,28.9919099098941314080502184808663671891,28.2955935799905189733402559877198130883,48,25,1,1001,885.98,838.18,47.8
100674321,AUS / SCst (AUS) 28th Apr,R7 1200m Hcap,28-04-2013 07:05,5915915,6. Massuri,0,12.594099485525621,12.6530707227511040898898151278763113098,12.6677755476261274655565467340668054317,17.5,12,14,11,4842.72,4761.98,80.74
100674324,AUS / PAug (AUS) 28th Apr,R1 1100m 3yo,28-04-2013 03:50,6604926,7. Mixn Trouble,0,67.504154769,73.4041909942565374542907331535938904034,37.2523645428550480240486839211085856734,120,50,44,44,272.78,115.68,26.56
100674326,AUS / PAug (AUS) 28th Apr,R2 1600m Mdn,28-04-2013 04:25,7197150,10. Searcy,0,15.131720265,15.5419136253900193866706921918000099352,8.13603218220076742171060774848372323307,18.5,14,6,6,807.9,259.08,338.96
100674332,AUS / PAug (AUS) 28th Apr,R5 1850m Hcap,28-04-2013 06:12,5886499,5. Out Do Me,0,10.976844682352525,10.7546523544882538823890508337256825086,10.3039454868861607142857142857142857143,14.5,11,11,11,2293.76,2066.62,227.14
100674338,AUS / PAug (AUS) 28th Apr,R8 1400m Hcap,28-04-2013 08:04,6041213,2. Little Buster,0,8.593524644,7.0022271421020116543605713904300183149,7.00265284933872830126432431907936230703,8.6,7,7.4,7,4122.36,3820.04,302.32
100674338,AUS / PAug (AUS) 28th Apr,R8 1400m Hcap,28-04-2013 08:04,7231033,6. Hezafraar,0,9.386511031529515,6.20491060782515207869675997534643637962,6.39344631636918917565774651413122387163,10.5,9,7.6,7.6,2396.82,2082,314.82
100674338,AUS / PAug (AUS) 28th Apr,R8 1400m Hcap,28-04-2013 08:04,5646313,9. Pell Mell,0,13.336694739684463,11.9913393197802663030115126671902257919,11.7222792954260466520919911501519836659,15.5,12,11.5,7,3046.38,2868.64,177.74
100674330,AUS / PAug (AUS) 28th Apr,R4 1200m Hcap,28-04-2013 05:35,5489627,10. Rubys Angel,0,28.924774454,24.8664948467600261935809729710347135852,19.2214601332190199828529974279496141924,26,23,190,190,303.26,207.04,8.64
100674341,AUS / Alba (AUS) 28th Apr,R1 1825m Hcap,28-04-2013 05:40,4658096,1. Galinba Blast,1,6.191521309732926,6.24143592672792325902936652195942278137,3.86545527940092250135572359080910802527,7,5.7,8,1.01,6564.76,2588.26,3558.22
100674345,AUS / Alba (AUS) 28th Apr,R3 1100m Mdn,28-04-2013 06:52,5534502,3. Encore No More,0,29.069827456250792,21.2553251441519949089941581509739918495,21.4337802189860152495211939435550897987,29,22,1,1001,553.46,540.8,2.66
100674345,AUS / Alba (AUS) 28th Apr,R3 1100m Mdn,28-04-2013 06:52,7230888,7. Spindau Ballet,0,34,20.4263610279612112087819515141359644147,21.3332691289064380989069196321086338903,34,28,1,1001,415.34,384.04,3.64
100674345,AUS / Alba (AUS) 28th Apr,R3 1100m Mdn,28-04-2013 06:52,2286190,8. Vindicator,0,96.08587247440371,47.0112311140123037724980585421485380907,45.3249355727361592464231760419443703901,95,55,95,21,450.12,396.98,53.14
100674347,AUS / Alba (AUS) 28th Apr,R4 1512m Mdn,28-04-2013 07:28,7189524,7. Northern Battalion,0,30,24.1098380298116282351020100591113569918,24.0167613521898545469196986179942785769,42,17,1,1001,496.38,487.08,9.3
100674347,AUS / Alba (AUS) 28th Apr,R4 1512m Mdn,28-04-2013 07:28,7230892,10. Kein Angst,0,125.17768689636142,62.5230971560085484136117047509452572744,62.5230971560085484136117047509452572744,130,42,1,1001,121.66,121.66,0
100674347,AUS / Alba (AUS) 28th Apr,R4 1512m Mdn,28-04-2013 07:28,7230893,12. Under The Cape,0,202.38539604287598,77.9200096084554407878933461446072543839,77.9200096084554407878933461446072543839,220,100,1,1001,83.26,83.26,0
100674349,AUS / Alba (AUS) 28th Apr,R5 1100m Hcap,28-04-2013 08:08,6811661,7. Biscay Bear,0,11.944739961152878,14.1985251322212982557178722660501589128,11.1943706954443941215973512829723102872,19.5,12.5,16.5,16.5,2561.24,1787.78,21.12
100674351,AUS / Alba (AUS) 28th Apr,R6 1200m Hcap,28-04-2013 08:45,5995510,6. Madame Renoir,0,28.536912734213992,27.2012874004417054965530908321474321929,21.7057551020408163265306122448979591837,34,25,34,32,490,297.38,27.9
100674351,AUS / Alba (AUS) 28th Apr,R6 1200m Hcap,28-04-2013 08:45,5343511,3. Nigels Gold,0,5.2,5.22264166405763819053250031046999317078,4.87678023807748701508486791421257983548,5.5,5,5.5,5.5,4023.9,3435.34,176.78
100674351,AUS / Alba (AUS) 28th Apr,R6 1200m Hcap,28-04-2013 08:45,6808907,1. Xaarablaze,1,5.778476914472266,6.58219446199405964829269086375073140656,3.86305172485713093897301130438409877779,7,6.4,6,1.01,4794.6,1504.3,1193.34
100674353,AUS / Alba (AUS) 28th Apr,R7 1512m Hcap,28-04-2013 09:20,6808937,6. Star Of Cassy,0,13,13.5301480703867563505763883592253041941,9.38246018038764152753790059489541354826,14,12.5,1,1001,833.76,542.64,0
100674353,AUS / Alba (AUS) 28th Apr,R7 1512m Hcap,28-04-2013 09:20,4507206,2. Prince Nabe,1,34.189684955,28.2269557870373056127368190184496585269,17.2343934500282326369282891022021456804,36,26,1,1001,885.5,420.6,204.58
100674364,AUS / Echu (AUS) 28th Apr,R6 1755m Pace M,28-04-2013 10:48,4111207,9. Venus Williams,0,,1,55.6370757180156657963446475195822454308,1,1001,1,1001,7.66,0,0
100674354,AUS / Echu (AUS) 28th Apr,R1 2160m Pace M,28-04-2013 08:28,7231150,9. Nuggets Brother,0,,1,3.15148796432062561094819159335288367546,1,1001,1,1001,2618.88,0,0
100674356,AUS / Echu (AUS) 28th Apr,R2 1755m Pace M,28-04-2013 09:03,5662037,7. Kentucky Sands,0,,1,14.8011479454994099345563780710224224869,1,1001,1,1001,186.42,0,0
100674356,AUS / Echu (AUS) 28th Apr,R2 1755m Pace M,28-04-2013 09:03,6909972,4. Beticanfly,0,,1,22.9901487736228387615601125854443104142,1,1001,1,1001,149.22,0,0
100674360,AUS / Echu (AUS) 28th Apr,R4 1755m Pace M,28-04-2013 09:52,4452441,3. Outback Belle,0,,1,73.2752442996742671009771986970684039088,1,1001,1,1001,12.28,0,0
100674368,AUS / Echu (AUS) 28th Apr,R8 2130m Trot S,28-04-2013 11:45,5109178,6. The Driller,0,,1,13.4068286054017326312213351452352641413,1,1001,1,1001,117.74,0,0
100674372,AUS / Kell (AUS) 28th Apr,R2 2130m Pace M,28-04-2013 06:39,4197242,6. Miss Manji,0,,1,22,1,1001,1,1001,4,0,0
100674378,AUS / Kell (AUS) 28th Apr,R5 2530m Pace M,28-04-2013 08:14,6222872,5. Your Good Fortune,1,,1,2.34121073067419696434874691140134133427,1,1001,1,1001,113.32,0,0
100674382,AUS / Kell (AUS) 28th Apr,R7 2130m Pace M,28-04-2013 09:08,5304400,5. Light Of My Life,1,,1,3.599704426217394517106332668292322471,1,1001,1,1001,270.66,0,0
100674386,AUS / Laun (AUS) 28th Apr,R1 1680m Pace M,28-04-2013 08:12,7231174,13. Mister Sumna,1,,1,4.51981045009229021723697288087462728951,1,1001,1,1001,563.44,0,0
100674386,AUS / Laun (AUS) 28th Apr,R1 1680m Pace M,28-04-2013 08:12,7231170,9. Fourstarzzzgirl,0,,1,5.00742459396751740139211136890951276102,1,1001,1,1001,137.92,0,0
100674388,AUS / Laun (AUS) 28th Apr,R2 2200m Pace M,28-04-2013 08:40,5657579,2. Hesione,0,,1,340,1,1001,1,1001,.08,0,0
100674388,AUS / Laun (AUS) 28th Apr,R2 2200m Pace M,28-04-2013 08:40,5673149,1. Cloudy Delight,1,,1,2.24204703010358221838584376348726801899,1,1001,1,1001,5931.52,0,0
100674388,AUS / Laun (AUS) 28th Apr,R2 2200m Pace M,28-04-2013 08:40,6480835,8. Calamity Katie,0,,1,17.8262052981917158487616891691594577843,1,1001,1,1001,742.14,0,0
100674390,AUS / Laun (AUS) 28th Apr,R3 2200m Pace M,28-04-2013 09:15,7231178,9. Paddys Ace,0,,1,93.4811827956989247311827956989247311828,1,1001,1,1001,7.44,0,0
100674390,AUS / Laun (AUS) 28th Apr,R3 2200m Pace M,28-04-2013 09:15,7231180,13. Really Fayfay,0,,1,21.2677045534355612782394943228374107456,1,1001,1,1001,170.86,0,0
100674392,AUS / Laun (AUS) 28th Apr,R4 2200m Pace M,28-04-2013 09:43,6480854,6. Punt Road Disco,0,,1,3.58020638696198753719396937658837468006,1,1001,1,1001,2211.38,0,0
100674392,AUS / Laun (AUS) 28th Apr,R4 2200m Pace M,28-04-2013 09:43,5626527,4. Rustle Murray,0,,1,16.3032571781414016671812287743130595863,1,1001,1,1001,388.68,0,0
100674402,AUS / Laun (AUS) 28th Apr,R9 2200m Pace M,28-04-2013 12:17,6597616,1. Aim Aloof,0,,1,1,1,1001,1,1001,0,0,0
100674402,AUS / Laun (AUS) 28th Apr,R9 2200m Pace M,28-04-2013 12:17,4261822,10. Indigo Falcon,0,,1,1,1,1001,1,1001,0,0,0
100674404,AUS / Laun (AUS) 28th Apr,R10 2200m Pace M,28-04-2013 12:42,6255035,3. Rainless,0,,1,1,1,1001,1,1001,0,0,0
100674404,AUS / Laun (AUS) 28th Apr,R10 2200m Pace M,28-04-2013 12:42,6863220,12. Lonesome Kid,0,,1,1,1,1001,1,1001,0,0,0
100674406,AUS / Laun (AUS) 28th Apr,R11 1680m Pace M,28-04-2013 13:05,7116569,4. Little Jethro,0,,1,1,1,1001,1,1001,0,0,0
100674394,AUS / Laun (AUS) 28th Apr,R5 2200m Pace M,28-04-2013 10:11,6405023,7. Hugo Play,0,,1,4.2616368870010882156773264998069294766,1,1001,1,1001,1139.48,0,0
100674394,AUS / Laun (AUS) 28th Apr,R5 2200m Pace M,28-04-2013 10:11,7231182,5. Dirty Diesel,0,,1,20.1195292873198466217109612587597514214,1,1001,1,1001,151.26,0,0
100673215,AUS / Mngl (AUS) 28th Apr,R9 2300m Pace M,28-04-2013 08:20,6929985,9. Im On Target,0,13,12.7992809490894638589604980219180022467,12.9301166931878457225126922785481548837,20,13,18,18,527.88,514.6,13.28
100673217,AUS / Mngl (AUS) 28th Apr,R10 2300m Pace M,28-04-2013 08:55,7225685,1. My Temudjin,0,3.0710412266600544,4.25320158335664118461620995421257606642,3.30344976803401712243749900358254777679,5.3,4,4.1,4.1,8781.46,4885.9,505.96
100673217,AUS / Mngl (AUS) 28th Apr,R10 2300m Pace M,28-04-2013 08:55,3154138,3. Big Fella Mach,0,130,63.2731118500662508748683903554950752458,63.0739733126052597486721077859826402384,150,44,1,1001,463.14,456,4
100673217,AUS / Mngl (AUS) 28th Apr,R10 2300m Pace M,28-04-2013 08:55,5883940,8. Pembrook Benny,1,19,25.6419030970065704564280854532061846606,17.6463886672763713490689031153314782744,42,19.5,1,1001,1027.82,688.28,300.72
100673201,AUS / Mngl (AUS) 28th Apr,R2 1609m Pace M,28-04-2013 03:59,5669372,9. Our Sixpence,1,1.3,1.28432366636878110851356801214656129643,1.25704118360847667923343294586278046957,1.55,1.25,1.34,1.01,23437.48,18109.44,5328.04
100673203,AUS / Mngl (AUS) 28th Apr,R3 1609m Pace M,28-04-2013 04:34,6220162,2. Chevals Charlie,0,50,36.5669210794842673779928497165867107566,47.6820267989027220932686220721671238658,85,27,1000,330,758.24,719.04,10.96
100673205,AUS / Mngl (AUS) 28th Apr,R4 1609m Pace M,28-04-2013 05:09,7225676,11. Bespoke Artist,0,14.463227371850516,12.3920003818627543859167253357014782952,11.6996859546410504177797987836071164668,15.5,10,1,1001,1407.44,1288.84,0
100673205,AUS / Mngl (AUS) 28th Apr,R4 1609m Pace M,28-04-2013 05:09,7107576,7. Young Modern,0,259.24990044943985,212.875332311331313947974628816208590373,172.118226600985221674876847290640394089,250,250,1,1001,12.18,6.12,0
100673207,AUS / Mngl (AUS) 28th Apr,R5 2300m Pace M,28-04-2013 05:47,5309141,10. Grand Stride,1,1.39,1.40805946045059084689501411475579657887,1.35112953775572804139660185111093329066,1.6,1.38,1.7,1.01,35991.36,26371.98,8518.26
100673207,AUS / Mngl (AUS) 28th Apr,R5 2300m Pace M,28-04-2013 05:47,5534796,4. Major Gambler,0,572.6844799157233,101.684127253729339020847426366790222955,157.688596491228070175438596491228070175,310,55,900,900,31.92,26.6,2
100673209,AUS / Mngl (AUS) 28th Apr,R6 2300m Pace M,28-04-2013 06:23,7225680,12. Screaman Seaman,0,15,14.2773777813395759443014369188621724269,14.4371676352795928814478002951007257069,15,13.5,190,26,664.18,595.18,29.9
100673213,AUS / Mngl (AUS) 28th Apr,R8 1609m Pace M,28-04-2013 07:40,7124649,9. Mach Alert,0,5.910526397260108,5.64691090733732133775346173676057586404,5.75503434814570711551623615300768080306,6.6,5.3,10,5,7100.82,6018.68,1082.14
100674257,AUS / Nowr (AUS) 28th Apr,R5 1000m CL3,28-04-2013 06:35,4268653,3. Sir Ganador,0,13.061706546,12.7867596439004547408257027661507297217,12.0601780568577695582985678035353318137,15.5,11.5,1,1001,2790.12,2536.98,4
100674259,AUS / Nowr (AUS) 28th Apr,R6 1600m Hcap,28-04-2013 07:10,5478773,11. Dual Command,0,20.867765777,28.5665037612569261533625706236136913112,18.8128753894414526300011776923653415843,34,24,300,30,1868.06,631.02,42.56
100674259,AUS / Nowr (AUS) 28th Apr,R6 1600m Hcap,28-04-2013 07:10,6162855,8. Brisingr,0,24,28.1393038849326913989328104127691948738,21.0109824454679760145998088120274615452,36,24,1,1001,920.56,662.78,17.78
100674249,AUS / Nowr (AUS) 28th Apr,R1 1200m Mdn,28-04-2013 04:10,7230987,8. Gold Horizon,0,8.4,7.59801375654013305854061679724997220955,7.07067196900173345569491179769552360559,8.6,6.4,1,1001,1961.4,1788.42,6.64
100674249,AUS / Nowr (AUS) 28th Apr,R1 1200m Mdn,28-04-2013 04:10,7230984,5. Bo Rossa,0,15.028563482239841,13.3321914876631044679186256059296698404,11.9952753834535558969818494310044009271,14,12.5,21,21,1536.04,1299.52,149.1
100674249,AUS / Nowr (AUS) 28th Apr,R1 1200m Mdn,28-04-2013 04:10,7230989,11. Pumpkin,0,179.019692107,136.404096045443656664177591915938575603,116.64013663535439795046968403074295474,180,90,1,1001,117.1,97.64,0
100674580,AUS / Nowr (AUS) 28th Apr,R7 1600m Mdn,28-04-2013 07:50,7162116,5. Special Ops,0,162.92720293380322,86.0041466105352426839829969796987893051,59.4154297232911856331317573758475352758,110,75,1,1001,218.28,109.54,0
100674580,AUS / Nowr (AUS) 28th Apr,R7 1600m Mdn,28-04-2013 07:50,7231013,14. Sandy Might,0,23,19.7233096449340052630938736117705030214,12.8553140038162609950202447991809000791,24,16,60,7,2148.7,918.94,505.82
100674265,AUS / Tamw (AUS) 28th Apr,R2 1400m Mdn,28-04-2013 04:20,7231111,9. Casino Gift,0,59.34579790528863444,42.2120621570968611406470903283651987755,34.2801210675960744749151609648720535632,47.8,36.33,48,48,218.06,146.14,11.96
100674265,AUS / Tamw (AUS) 28th Apr,R2 1400m Mdn,28-04-2013 04:20,5989201,8. Spinning Dragon,0,15.033320574911296872,14.4649693386317605372152798131222653254,11.3965975174290086719945587485121577963,15.77,13.38,1,1001,823.34,569,42.52
100674269,AUS / Tamw (AUS) 28th Apr,R4 1200m CL2,28-04-2013 05:30,7231117,7. Cocktail Time,0,38.335133104892435,28.3307187735715199514809616264230309531,25.4464861379754996776273372018052869117,38,21,190,36,1613.04,1354.5,8.64
100674269,AUS / Tamw (AUS) 28th Apr,R4 1200m CL2,28-04-2013 05:30,7231120,12. Mullet Man,0,55,59.2438421969688699460230018747104088974,40.1883554108172336399243057694846631167,65,55,60,60,454.46,276.64,5.24
100674277,AUS / Tamw (AUS) 28th Apr,R8 1400m Hcap,28-04-2013 07:58,5100899,12. Northern Mark,0,24.517530652777637,21.1683590230631056717024797620593977523,18.5463078930202217873450750163078930202,29,15.5,60,60,1533,1176.82,44.54
100674281,AUS / Arar (AUS) 28th Apr,R2 1300m 3yo,28-04-2013 04:15,7230919,4. Purple Cowboy,0,5.7,6.13072460400579243381390461398789375093,6.15097709788663896012025820143248739942,8.6,5.6,7.6,7.6,4749.78,4661.8,86.38
100674281,AUS / Arar (AUS) 28th Apr,R2 1300m 3yo,28-04-2013 04:15,7230923,11. Rose Of Centaine,0,21.986973429870552,17.030453514608377113844275779390036627,17.0437541601952518304859108054138007544,21,16.5,29,29,630.98,574.64,42.52
100674281,AUS / Arar (AUS) 28th Apr,R2 1300m 3yo,28-04-2013 04:15,6285989,1. Avighna,0,5.25546838747805,4.32208589322833832980586985929471595068,4.30978957710729929995496786342981127441,5.9,5.3,8,2.2,4396.86,3203.52,1031.02
100674281,AUS / Arar (AUS) 28th Apr,R2 1300m 3yo,28-04-2013 04:15,7230921,8. Wolowitz,0,115.92438675381244,96.7684367721114542470007545092757152804,100.33450101198816752296434687840572941,200,90,180,180,256.92,231.3,6.64
100674281,AUS / Arar (AUS) 28th Apr,R2 1300m 3yo,28-04-2013 04:15,7061526,3. Neils Party,0,7.2,6.83252098008427443543448597641021444344,6.83502699443667954726081832881142262052,9.8,6.8,1,1001,2919.12,2890.44,16.12
100674281,AUS / Arar (AUS) 28th Apr,R2 1300m 3yo,28-04-2013 04:15,7230922,9. A Chiller,0,3.944329199,3.73408325343030835405546011419329070096,3.76698358988843383702866826719389916678,4.4,3.25,5,3.75,14162,12945,1217
100674283,AUS / Arar (AUS) 28th Apr,R3 1100m Mdn,28-04-2013 04:50,6405284,7. Chickitty Chick,0,29.122744389,25.8933309014988400065190153075801279621,22.8735362997658079625292740046838407494,90,23,30,20,836.92,560.06,93
100674285,AUS / Arar (AUS) 28th Apr,R4 1100m Hcap,28-04-2013 05:25,5956450,9. Spiriticity,0,4.096804801,3.89949485662083155317443064416802485449,3.5544416681606310505557547508067407673,4.5,3.65,4,3.15,8924.8,6745.32,630.76
100674285,AUS / Arar (AUS) 28th Apr,R4 1100m Hcap,28-04-2013 05:25,2280875,10. Top Tier,0,37.11613929113372,28.6181983038152775520226779217225023371,16.2914225965727563171652628521638106303,32,27,1,1001,344.3,119.5,37.52
100674285,AUS / Arar (AUS) 28th Apr,R4 1100m Hcap,28-04-2013 05:25,6039305,8. Royal Gaze,0,33.953853885550046,31.2077696328743296847853372632192714662,26.4642632710434926409789978501736398214,36,30,1,1001,604.7,452.22,.92
100674287,AUS / Arar (AUS) 28th Apr,R5 2000m Hcap,28-04-2013 06:04,7230934,12. Trenchtown,0,68.02502841289329,73.477154212695630734034863717991595757,57.7922601328142889855736203343256239982,95,65,800,800,436.7,298.72,5.68
100674287,AUS / Arar (AUS) 28th Apr,R5 2000m Hcap,28-04-2013 06:04,5770482,4. Kolokotronis,0,7.2,7.27055667968054124611729517135181718543,6.32042313416967892834361046140761216245,7.8,7,1,1001,3009.92,2470.18,27.9
100674289,AUS / Arar (AUS) 28th Apr,R6 1600m Hcap,28-04-2013 06:40,7230935,2. Grab For Power,0,8.88414544966352,9.06927439515649317090678382694322579229,5.72283256051654077231820108194350958542,9.8,8.8,6,5.5,3209.04,1484.92,1010.66
100674279,AUS / Arar (AUS) 28th Apr,R1 1600m Mdn,28-04-2013 03:40,7025785,2. Gas Burner,0,3.1,3.33842445406126667305987784682624353248,3.2006619359441175790289966753465564698,3.65,2.92,4,3.05,16428.78,14819.72,526.22
100674279,AUS / Arar (AUS) 28th Apr,R1 1600m Mdn,28-04-2013 03:40,7230913,9. Denbella,0,390.7053921905905,197.754722425962220592302235261582117907,197.361688311688311688311688311688311688,210,170,1,1001,30.8,9.98,0
100674297,AUS / Sale (AUS) 28th Apr,R3 1400m Mdn,28-04-2013 04:30,6104075,8. Hilton Miss,0,5,4.66993782240273857602229062658958728708,5.21016433136188623824078116937244472671,5.7,3.95,40,3.5,5038.6,4774.84,263.76
100674297,AUS / Sale (AUS) 28th Apr,R3 1400m Mdn,28-04-2013 04:30,7231055,6. Shenanigans,0,6.667683950643186,5.86127301341815449613113139410396445181,5.58255343928077217289659380989625860572,8.4,5.91,6,4.6,4653.88,3810.82,843.06
100674297,AUS / Sale (AUS) 28th Apr,R3 1400m Mdn,28-04-2013 04:30,7231057,9. Jaraman Dash,0,30,19.8553332315790876661387143523693710535,20.2491331549539623829385378138034154403,44.3,22,50,50,508.28,501.64,6.64
100674299,AUS / Sale (AUS) 28th Apr,R4 1400m 3yo,28-04-2013 05:05,7231069,15. Go Dreaming,0,496.37135320417576,292.904903077672301569524353799915527872,275.946306540839570452326716563618613733,350,220,1,1001,61.46,36.76,0
100674299,AUS / Sale (AUS) 28th Apr,R4 1400m 3yo,28-04-2013 05:05,7231070,16. Pinot Noir,0,156.68541610766204,102.195239782848621097109702404820076303,94.9605843639256527084689375858826932813,140,44,1,1001,276.54,190.3,0
100674301,AUS / Sale (AUS) 28th Apr,R5 1200m Hcap,28-04-2013 05:44,5276644,1. Cloanthy,0,9.8,8.78825668039682179627992329337220154381,8.39465500875345316839940792093590568812,11,7,900,190,7985.42,7212.84,110.28
100674293,AUS / Sale (AUS) 28th Apr,R1 1200m 2yo,28-04-2013 03:20,7231040,8. Miss Procyon,0,144.40648524422193,91.145175062866877586796947928348094896,75.6910625505838825297722280032373684819,120,75,22,22,172.98,115.7,13.28
100674305,AUS / Sale (AUS) 28th Apr,R7 1400m CL1,28-04-2013 06:56,6814006,1. Donarchie,0,3.7104840336635236,4.30884141702890834580278310920294288615,3.92916642055789743954463649634332595208,5,3.7,7,2.68,16591.58,12572.82,2307.6
100674305,AUS / Sale (AUS) 28th Apr,R7 1400m CL1,28-04-2013 06:56,7231083,5. Berkeley,0,30.617197315472424,22.7058809644682876749409520547380012428,19.3060975357431048395439779851441104053,32,17,60,11,966.62,750.38,91.46
100674305,AUS / Sale (AUS) 28th Apr,R7 1400m CL1,28-04-2013 06:56,6972169,8. Foreign Embassy,0,75,80.3178833044385677715399114852112933796,71.007155691454149985814708571068310059,120,40,100,80,634.46,519.74,40.52
100674307,AUS / Sale (AUS) 28th Apr,R8 1100m Hcap,28-04-2013 07:35,4300006,5. Lotus Flower,0,13.25581435,10.0074047783381198028418640508470715701,8.91400598512345146542629074960021764085,12,5.3,12.5,12.5,3014.14,2571.5,60.76
100674315,AUS / SCst (AUS) 28th Apr,R4 1000m 2yo,28-04-2013 05:15,7230959,6. Loaded And Ready,0,95,115.701273316288289189384995386181936445,74.0391660171473109898674980514419329696,170,75,1,1001,307.92,183.8,0
100674309,AUS / SCst (AUS) 28th Apr,R1 1800m CL1,28-04-2013 03:30,7230947,2. Mobster,0,2.9572366596794573,2.86012721223430912469434410290502554531,2.53349790358048462274970276611638942373,3.25,2.32,3.05,2.9,15206.88,10756.82,661.38
100674313,AUS / SCst (AUS) 28th Apr,R3 1200m Mdn,28-04-2013 04:40,6839922,9. Spirit Of Amber,0,11.964361956326172,11.7968303635089920771020898235156574174,9.68769224926897808833023202825352219648,12.5,11,10,10,1053.32,754.2,88.64
100674313,AUS / SCst (AUS) 28th Apr,R3 1200m Mdn,28-04-2013 04:40,7230952,1. My Little Machine,0,67.01923716377553,68.7184739790616448415297516313078720608,40.3267762771579565472695243687610099824,80,46,1,1001,272.48,113.18,0
100674317,AUS / SCst (AUS) 28th Apr,R5 1000m CL1,28-04-2013 05:52,7230965,1. Joint Initiative,0,3.2590967365463617,3.42053184203138554139251765508363719602,2.99287488610507347813471924582470107354,3.6,3.3,6.8,3.2,15716.24,9206.62,2117.2
100674317,AUS / SCst (AUS) 28th Apr,R5 1000m CL1,28-04-2013 05:52,7230966,2. Dansal,0,3.6894846451981262,3.56095991612562751262578291898868711591,3.27419017485231467491452915489035438553,3.8,3.4,9,4,10126.26,7662.08,516.86
100674319,AUS / SCst (AUS) 28th Apr,R6 1400m CL4,28-04-2013 06:28,4693976,3. My King Oath,0,19.917554672510345,14.5695179703056238218791251672578750594,13.0314668472108148904526182601167617483,19.5,11.5,20,20,1801.96,1455.9,104.4
100674319,AUS / SCst (AUS) 28th Apr,R6 1400m CL4,28-04-2013 06:28,7030172,2. For Mia,0,14.52035597250397,15.4315939693980258830940818004039967882,9.16892861145354701333632186484366244537,17,16,1,1001,2141.52,737.68,47.88
100674323,AUS / SCst (AUS) 28th Apr,R8 1200m CL2,28-04-2013 07:45,849343,4. Proof Of Life,0,10.865211526119673,11.4904271607456719071747132636152528177,8.18709030579360721873433434389248287222,13.5,8,1,1001,2513.46,1587.28,29.76
100674323,AUS / SCst (AUS) 28th Apr,R8 1200m CL2,28-04-2013 07:45,7230977,8. Kornfeld,0,11.072590279,11.6104619512042866623204299028416484688,10.8319525149309101060039521917033358555,15,7.4,12,9,5445.08,4813.16,125.58
100674321,AUS / SCst (AUS) 28th Apr,R7 1200m Hcap,28-04-2013 07:05,5946929,2. Keep It Moist,0,2.650418307733119,2.38620798166397751578436394517233616553,2.37534969037199419857733866479160466164,2.76,2.1,2.16,2,22242.82,20637.28,1605.54
100674324,AUS / PAug (AUS) 28th Apr,R1 1100m 3yo,28-04-2013 03:50,6686814,6. Miss Cuthbert,0,15.924524644766743,14.8789814972132378972904463383026730367,8.64932447472260632019156183602576641597,16.5,13,55,15.5,593.02,156.76,283.58
100674332,AUS / PAug (AUS) 28th Apr,R5 1850m Hcap,28-04-2013 06:12,4288257,2. Young Tearaway,0,25.954958172398616,18.5938361254480009576496408633691556716,21.8480252508902557461961799935254127549,28,24,290,190,617.8,577.28,40.52
100674332,AUS / PAug (AUS) 28th Apr,R5 1850m Hcap,28-04-2013 06:12,6519064,11. Ms Twentyone,0,97.9553187562432,69.3665008654269888362379718806041532859,95.8925510876730388925510876730388925511,100,80,800,21,151.7,130.42,21.28
100674332,AUS / PAug (AUS) 28th Apr,R5 1850m Hcap,28-04-2013 06:12,3046380,13. Bring Them On,0,44,26.2290846169491551061668856995909434169,31.3804019777820586913247286971039619855,44,32,290,190,311.46,301.46,10
100674334,AUS / PAug (AUS) 28th Apr,R6 1400m Hcap,28-04-2013 06:48,5007720,2. Street Related,0,17.544239073178243,18.7769965989721897448924713427079987376,10.1425144555235316231359982814485956213,21,16.5,24,24,1117.22,418.16,30.98
100674334,AUS / PAug (AUS) 28th Apr,R6 1400m Hcap,28-04-2013 06:48,5546104,11. Tonis Connection,0,90,59.7986401367824866722725247714705013849,37.4528405956977385548814120242691671263,75,50,290,20,290.08,70.94,147.66
100674338,AUS / PAug (AUS) 28th Apr,R8 1400m Hcap,28-04-2013 08:04,4823610,4. Team Lago,0,5.650621395177841,4.7230975419536084059602377439193977372,4.76068094660591956471860762397980923662,5.7,4.5,5.7,5.6,12203.6,11766.18,437.42
100674328,AUS / PAug (AUS) 28th Apr,R3 1200m Hcap,28-04-2013 05:00,5566939,8. Love A Sequalo,0,19.5,18.078126550842672083756137980285701275,14.9153376194366497353745604376087805918,19,16.5,10,10,563.06,431.6,26.56
100674330,AUS / PAug (AUS) 28th Apr,R4 1200m Hcap,28-04-2013 05:35,2615754,7. Bellbookandcandle,0,68.867729407,69.585261245840802764384773093110399156,43.6454462242562929061784897025171624714,90,55,1,1001,437,175.3,0
100674330,AUS / PAug (AUS) 28th Apr,R4 1200m Hcap,28-04-2013 05:35,4762096,4. Regal Ruben,0,7.633734213409479,7.38236201991340576728146236011138028701,7.49566035476642548023468637211132207797,7.8,7,290,190,1169.22,945.48,38.36
100674347,AUS / Alba (AUS) 28th Apr,R4 1512m Mdn,28-04-2013 07:28,7230890,8. Last Banana,1,4.4,3.62521438000539407454810867469399059577,3.65920152496692917279661750343071198091,4.5,3.6,6,4.8,12941.92,12176.02,765.9
100674347,AUS / Alba (AUS) 28th Apr,R4 1512m Mdn,28-04-2013 07:28,3976170,2. Mr Bojangles,0,9.23804819431156,6.94948218386101811520038592101109902261,6.41172677655079874521750167727429327821,9.8,8.2,1,1001,2205.96,1889,316.96
100674349,AUS / Alba (AUS) 28th Apr,R5 1100m Hcap,28-04-2013 08:08,6696928,2. Thyme For Business,0,80,82.5910737259499322176368425365842099183,49.971595655806182121971595655806182122,130,75,1,1001,263.34,151.92,0
100674349,AUS / Alba (AUS) 28th Apr,R5 1100m Hcap,28-04-2013 08:08,5375886,6. Internationalist,0,12.759566911215515,14.4048284241625898999060814815229004861,11.1943109050487392403139073099359644289,17.5,13,1,1001,2105.08,1536.6,0
100674351,AUS / Alba (AUS) 28th Apr,R6 1200m Hcap,28-04-2013 08:45,6054404,10. Viking Lad,0,55,47.5884165059190500083273618145893454564,37.5210565895845083662342545591276555744,55,44,60,60,425.52,284.76,13.32
100674351,AUS / Alba (AUS) 28th Apr,R6 1200m Hcap,28-04-2013 08:45,5496475,7. Northern Comfort,0,19.553876774172245,25.4840028374863572730097658572089474271,14.6277484503467176780032004708738756967,29,22,21,21,1087.34,420.2,21.52
100674353,AUS / Alba (AUS) 28th Apr,R7 1512m Hcap,28-04-2013 09:20,6294912,5. Panaster Boy,0,7.880344176277979,10.0642387660152616098414353238192115425,5.74144023246012909522436395093494221769,11.5,8.8,1,1001,1803.32,595.86,4
100674353,AUS / Alba (AUS) 28th Apr,R7 1512m Hcap,28-04-2013 09:20,7189539,1. Inherit The Tiger,0,36,26.819479794054693441038454999528804915,22.137490137005953661860698658632809698,30,16.5,1,1001,557.64,456.52,0
100674364,AUS / Echu (AUS) 28th Apr,R6 1755m Pace M,28-04-2013 10:48,3663121,5. Weekend Rustler,1,,1,6.10687224042159236575986326734083463894,1,1001,1,1001,280.84,0,0
100674354,AUS / Echu (AUS) 28th Apr,R1 2160m Pace M,28-04-2013 08:28,7164760,7. Dynamite Dudette,0,,1,95.0952380952380952380952380952380952381,1,1001,1,1001,5.04,0,0
100674354,AUS / Echu (AUS) 28th Apr,R1 2160m Pace M,28-04-2013 08:28,7231148,5. Ariosa,0,,1,5.55272388416324190002867246487623052662,1,1001,1,1001,418.52,0,0
100674358,AUS / Echu (AUS) 28th Apr,R3 1755m Pace M,28-04-2013 09:31,6401349,5. Shanira,0,,1,8.71286298128629812862981286298128629813,1,1001,1,1001,278.94,0,0
100674358,AUS / Echu (AUS) 28th Apr,R3 1755m Pace M,28-04-2013 09:31,6551948,2. Tennessee Rebel,0,,1,51.2636625119846596356663470757430488974,1,1001,1,1001,20.86,0,0
100674358,AUS / Echu (AUS) 28th Apr,R3 1755m Pace M,28-04-2013 09:31,7231156,4. Safely Shut,0,,1,135.675241157556270096463022508038585209,1,1001,1,1001,6.22,0,0
100674368,AUS / Echu (AUS) 28th Apr,R8 2130m Trot S,28-04-2013 11:45,2174863,9. Silver Memory,0,,1,18.1180711310477411086190323614226209548,1,1001,1,1001,62.42,0,0
100674368,AUS / Echu (AUS) 28th Apr,R8 2130m Trot S,28-04-2013 11:45,2222605,8. Doctor Sam,0,,1,5.45653798256537982565379825653798256538,1,1001,1,1001,208.78,0,0
100674366,AUS / Echu (AUS) 28th Apr,R7 2160m Pace M,28-04-2013 11:16,6398639,5. Living Lord,1,,1,1.6589491357353693686921980566693938439,1,1001,1,1001,13836.04,0,0
100674370,AUS / Kell (AUS) 28th Apr,R1 1730m Pace M,28-04-2013 06:07,7217021,8. Miss Alaska,0,,1,9.32722513089005235602094240837696335079,1,1001,1,1001,7.64,0,0
100674376,AUS / Kell (AUS) 28th Apr,R4 2500m Pace S,28-04-2013 07:34,5766971,8. Sweet Charlee,0,,1,10.2493670886075949367088607594936708861,1,1001,1,1001,7.9,0,0
100674376,AUS / Kell (AUS) 28th Apr,R4 2500m Pace S,28-04-2013 07:34,6357969,1. Pint Sized Pete,0,,1,30,1,1001,1,1001,4,0,0
100674380,AUS / Kell (AUS) 28th Apr,R6 1730m Pace M,28-04-2013 08:39,6863163,7. Soho Eastwood,0,,1,8.25133333333333333333333333333333333333,1,1001,1,1001,6,0,0
100674380,AUS / Kell (AUS) 28th Apr,R6 1730m Pace M,28-04-2013 08:39,7231142,9. Firebomb,0,,1,2.32926723200695803435529462926723200696,1,1001,1,1001,367.92,0,0
100674382,AUS / Kell (AUS) 28th Apr,R7 2130m Pace M,28-04-2013 09:08,4544346,4. Licorice Dee,0,,1,11.4525283018867924528301886792452830189,1,1001,1,1001,26.5,0,0
100674384,AUS / Kell (AUS) 28th Apr,R8 1730m Pace M,28-04-2013 09:47,5607767,7. Adda My Way,0,,1,6.224,1,1001,1,1001,6,0,0
100674374,AUS / Kell (AUS) 28th Apr,R3 2130m Pace M,28-04-2013 07:08,4699594,6. Two Bobs Wasowski,0,,1,24.1827956989247311827956989247311827957,1,1001,1,1001,65.1,0,0
100674388,AUS / Laun (AUS) 28th Apr,R2 2200m Pace M,28-04-2013 08:40,6197354,6. Romantic Moment,0,,1,24.3348325837081459270364817591204397801,1,1001,1,1001,40.02,0,0
100674388,AUS / Laun (AUS) 28th Apr,R2 2200m Pace M,28-04-2013 08:40,6230737,10. Blissfull Grace,0,,1,3.40989422879441363729718628055042103101,1,1001,1,1001,389.52,0,0
100674390,AUS / Laun (AUS) 28th Apr,R3 2200m Pace M,28-04-2013 09:15,6257512,8. Whodeani,1,,1,9.40481156791616283756549778315195485691,1,1001,1,1001,396.96,0,0
100674396,AUS / Laun (AUS) 28th Apr,R6 2200m Pace M,28-04-2013 10:35,4055090,13. Peace Corps,0,,1,40.819749835418038183015141540487162607,1,1001,1,1001,151.9,0,0
100674398,AUS / Laun (AUS) 28th Apr,R7 2200m Pace M,28-04-2013 11:30,6451479,8. Whosthatchick,0,,1,11.2786188340807174887892376681614349776,1,1001,1,1001,223,0,0
100674398,AUS / Laun (AUS) 28th Apr,R7 2200m Pace M,28-04-2013 11:30,7197300,11. Cardinal Seth,0,,1,43.1619964973730297723292469352014010508,1,1001,1,1001,22.84,0,0
100674398,AUS / Laun (AUS) 28th Apr,R7 2200m Pace M,28-04-2013 11:30,4583837,3. Break Of Nite,0,,1,64.9410706252811515969410706252811515969,1,1001,1,1001,44.46,0,0
100674398,AUS / Laun (AUS) 28th Apr,R7 2200m Pace M,28-04-2013 11:30,4006126,2. Gorgeous An Divine,0,,1,16.8255542782066020693053046477254064707,1,1001,1,1001,121.78,0,0
100674400,AUS / Laun (AUS) 28th Apr,R8 2200m Pace S,28-04-2013 11:52,1235881,6. Givitaname,0,,1,49.6431237867701956099746154994773779304,1,1001,1,1001,133.94,0,0
100674402,AUS / Laun (AUS) 28th Apr,R9 2200m Pace M,28-04-2013 12:17,2318436,5. Jonzaak,0,,1,1,1,1001,1,1001,0,0,0
100674404,AUS / Laun (AUS) 28th Apr,R10 2200m Pace M,28-04-2013 12:42,5496643,9. Call The Marshall,0,,1,1,1,1001,1,1001,0,0,0
100674404,AUS / Laun (AUS) 28th Apr,R10 2200m Pace M,28-04-2013 12:42,5713132,6. Absolute Classic,0,,1,1,1,1001,1,1001,0,0,0
100674404,AUS / Laun (AUS) 28th Apr,R10 2200m Pace M,28-04-2013 12:42,5803736,7. Coruba Run,0,,1,1,1,1001,1,1001,0,0,0
100674404,AUS / Laun (AUS) 28th Apr,R10 2200m Pace M,28-04-2013 12:42,6045900,4. Rhinestone Cowgirl,0,,1,1,1,1001,1,1001,0,0,0
100674406,AUS / Laun (AUS) 28th Apr,R11 1680m Pace M,28-04-2013 13:05,7231189,1. Sweet Pea Jasper,1,,1,1,1,1001,1,1001,0,0,0
