EVENT_ID,MENU_HINT,EVENT_NAME,EVENT_DT,SELECTION_ID,SELECTION_NAME,WIN_LOSE,BSP,PPWAP,MORNINGWAP,PPMAX,PPMIN,IPMAX,IPMIN,MORNINGTRADEDVOL,PPTRADEDVOL,IPTRADEDVOL
109510148,GB / Brig 21st May,6f Mdn Stks,21-05-2013 14:40,4807290,Back For Tea,0,699.0095842558271,506.710064106573349026226105349379103939,224.027561242733148281344726128408088989,880,100,1000,220,114.64,2166.16,293.88
109510150,GB / Brig 21st May,5f Hcap,21-05-2013 15:10,3238792,Rulesnregulations,0,4.827541491129801,5.58360569945396742946051730176194649185,11.0107930952705104820744471392277754683,14.5,4.8,1000,4,438.62,73296.92,6630.5
109510150,GB / Brig 21st May,5f Hcap,21-05-2013 15:10,3563427,Commandingpresence,0,15.088924553,10.2649309607144760539362696868901729802,7.44948149844155372744270008521719202468,17,6.8,1000,14,2020.48,28098.04,1072.14
109510152,GB / Brig 21st May,7f Hcap,21-05-2013 15:40,5479490,Red Larkspur,0,4.840410379806853,4.94895800983404481997747856842427145112,5.05472027792298452667806300450326506792,5.9,4.5,1000,1.6,822.7,67643.86,20736.18
109510167,GB / Newc 21st May,1m Hcap,21-05-2013 15:30,5894419,District Attorney,0,35.60593809557293,35.4747303823603988963888819015594862005,41.0133394221816175505166806518107524849,50,34,1000,36,59.02,4339.6,406.02
109510169,GB / Newc 21st May,1m2f Mdn Stks,21-05-2013 16:00,6449290,Orions Hero,0,4.743737175,4.08574584731177076846585668821149475859,4.0457602414728626000595207802891424698,4.9,3.75,1000,3.6,2464.64,174560.7,8390.28
109510175,GB / Newc 21st May,7f Hcap,21-05-2013 17:30,4189804,Gouray Girl,0,6.097696049,6.69407239864093139563529548111355869746,10.1119021823020449146578545249353584534,11.69,6,1000,3,2359.24,75999.76,5844.16
109510177,GB / Newc 21st May,5f Hcap,21-05-2013 18:00,6410378,Charlemagne Diva,0,23.82311506044148,26.7958564254719113420932594677281661956,13.6636391376999012802792019684762726156,38,21,1000,25,120.24,11294.78,274.9
109510186,GB / Nott 21st May,6f Hcap,21-05-2013 14:50,6557828,Hartwright,1,12.319537604219224,13.1420089478864189034201955435466904309,17.5259214963986078635621882202977257436,18.5,12.5,13,1.01,656.14,18604.38,49075.28
109510186,GB / Nott 21st May,6f Hcap,21-05-2013 14:50,6886500,Two In The Pink,0,16.744396242,15.1173142950873797490356772708466724599,9.57901249644015678199867094537126579987,20,10,800,15,458.84,11849.6,623.88
109510188,GB / Nott 21st May,2m Hcap,21-05-2013 15:20,6295446,Joe The Coat,0,17.75170441413138,14.9879391385949077929407824519742604964,19.0447923180254713053641443671168948918,21.74,16.54,1000,16,303.2,11151.6,1165.1
109510190,GB / Nott 21st May,1m2f Hcap,21-05-2013 15:50,6650172,Dalaway,0,10.017050479755415,9.95329632119307637141224985325387154856,6.85839221043605849109813430392813290213,13,7,1000,8,562.94,63562.08,8158.66
109510196,GB / Nott 21st May,1m Class Stks,21-05-2013 17:20,6588142,East Texas Red,0,38,43.6392136845579454227491456045795873196,43.9074689661829853162467108835709582016,70,36,1000,25,61.56,6265.66,458.84
109510198,GB / Nott 21st May,5f Hcap,21-05-2013 17:50,4775199,Quality Art,0,20.014821361755025,20.1088748827981831612371839058733439891,18.0426708645271332709500726585100240593,38,17.5,800,6,146.34,10443.76,1455.14
109510204,GB / Ponte 21st May,1m Hcap,21-05-2013 18:20,4940698,Seattle Drive,0,4.8,4.46578395246752055582056887732836764299,4.71004521774150479526537050871200066619,5.1,4,1000,1.66,2112.22,152270.22,23814.28
109510204,GB / Ponte 21st May,1m Hcap,21-05-2013 18:20,5051732,Hakuna Matata,1,17,14.7417391928171345022389994022351635444,13.1890870950526131076764949310572433277,20,12.89,28,1.01,166.42,13891.44,41055.74
109510204,GB / Ponte 21st May,1m Hcap,21-05-2013 18:20,1276265,Violent Velocity,0,63.49917549472064,43.149104155383879087430303973786435987,29.168142891247671582912045146774671811,75,27.7,1000,25,72.56,5117,949.52
109510204,GB / Ponte 21st May,1m Hcap,21-05-2013 18:20,3184761,Striker Torres,0,30.713028204114377,18.1862899525891662307946077364863331218,19.3441334686925387246633579976702261265,36,18.62,1000,36,153.22,10672.76,222.62
109510204,GB / Ponte 21st May,1m Hcap,21-05-2013 18:20,6008862,Sareeah,0,33.98338261785073,17.3739859428470030409673880889932097151,10.3623440762663271510498772927291699564,34,10.51,1000,3.4,269.86,15052.06,4055.4
109510204,GB / Ponte 21st May,1m Hcap,21-05-2013 18:20,5835585,Ellaal,0,79.54352687355131,61.8622234646314563324578016420410851151,45.4178264008617838520626449388803593219,90,42.02,1000,40,25.02,3727.18,223.88
109510206,GB / Ponte 21st May,1m4f Hcap,21-05-2013 18:50,2506234,Arizona John,1,4.1,4.13425780450465117779297598715494245022,5.03821389454747316216782597564760685611,5.45,3.75,5,1.01,1223.7,145237.16,82563.26
109510208,GB / Ponte 21st May,6f Cond Stks,21-05-2013 19:20,7208969,Malachim Mist,0,1.53,1.6127611654871318786255459830471181902,1.80442309493031394355583030126525155976,1.86,1.52,1000,1.42,12376.3,560233.84,63317.64
109510210,GB / Ponte 21st May,1m Hcap,21-05-2013 19:50,6531537,Greeleys Love,0,5.876338511,6.05424694449338457796745914883837948457,4.76432034496132776694912509938277279511,8,4.5,1000,5.7,2650.98,89789.2,5453.72
109510210,GB / Ponte 21st May,1m Hcap,21-05-2013 19:50,6869857,Stepping Ahead,1,6.51669056661871,6.31711978270636297140547675052287009148,6.28973078571269594110779659692530884052,8.2,5.2,7.2,1.01,5874.88,86303.08,69691.66
109510210,GB / Ponte 21st May,1m Hcap,21-05-2013 19:50,6476097,Mystical Man,0,80.67766375157984,62.4648289446263100539596389853186577992,40.1121191816728729956536664632051872602,95,38,1000,4.1,120.18,10475.72,5664.78
109510212,GB / Ponte 21st May,1m2f Hcap,21-05-2013 20:20,5495226,Isdaal,0,39.11464556029064,28.6939889784032713134251518483434838227,29.3979774176568182681014789282456986467,60,26,800,29,120.38,8509.1,557.56
109510212,GB / Ponte 21st May,1m2f Hcap,21-05-2013 20:20,5782716,Maybeagrey,0,16.252338170298543,13.54386997340393736468230117274007696,11.5386510002089609204157070874358412065,25,7.2,900,19,533.48,32791.56,603.72
109510212,GB / Ponte 21st May,1m2f Hcap,21-05-2013 20:20,6979586,Dutch Delight,0,341.433332591,154.499394244790545769187215826100447749,64.52005909714089692027765814089618823,450,60,390,290,28.14,2543.72,27.48
109521065,GB / Towc 21st May,2m6f Nov Chs,21-05-2013 20:05,5505091,Accordion Exhibit,0,6.283162118145338,6.58792744094737684606056995938528278011,7.49207734380566163859347205672960706751,7.8,5.8,1000,4,1113.42,63615.74,14999.46
109521065,GB / Towc 21st May,2m6f Nov Chs,21-05-2013 20:05,5290870,The Musical Guy,0,2.4391026812892145,2.59876367643377787251324283021203410354,2.88844783985775358011070265079413630868,3.15,2.4,1000,1.16,729.48,301950.24,147147.36
109521055,GB / Towc 21st May,2m3f Mdn Hrd,21-05-2013 17:35,6968682,Katnapping,0,24,23.6239521586465087056345575316290043291,19.5536171110456850566229168922230963502,30,22,1000,15,26,9028.88,3184.46
109521055,GB / Towc 21st May,2m3f Mdn Hrd,21-05-2013 17:35,6916672,Played Away,0,1000,776.581687670493144584973944104873304591,409.589924487623090109962493573056067629,1000,181.8,1000,270,4.36,516.38,186.56
109521061,GB / Towc 21st May,3m Hcap Chs,21-05-2013 19:05,3435363,Rebel Swing,0,5.6,5.39852254173647627687378761897224593604,5.91681027090610927322664647745965950351,6.4,4.97,34,1.06,769.84,56317.38,247711.24
109521067,GB / Towc 21st May,2m Hcap Hrd,21-05-2013 20:35,2627904,Ruby Crown,1,5.4,5.92112623047666732164358906216094132801,9.5589994888240757665047085708043498336,8,5.3,180,1.01,153.6,84992.18,110548.36
109521067,GB / Towc 21st May,2m Hcap Hrd,21-05-2013 20:35,3003973,Starlet Mandy,0,19.5,20.0207723102524117894114877879818981619,15.1374596335765553659960989123637953995,28,15,820,4,64.46,14170.36,7042.84
109521067,GB / Towc 21st May,2m Hcap Hrd,21-05-2013 20:35,6750217,On The Off Chance,0,7.2,7.62408192131021584836263684214376986039,9.29182299237957639568118932155158244151,10.5,7,800,2.7,170.16,59022.12,13196.44
109510146,GB / Brig 21st May,7f Hcap,21-05-2013 14:10,211604,Don Eduardo,0,14.5,13.4474834917760862992068627360999835641,11.7224960024389849494027088261333192073,16,10.5,1000,11,1042.92,16691.84,607.78
109510150,GB / Brig 21st May,5f Hcap,21-05-2013 15:10,4643574,Above The Stars,1,2.8785782517954592,2.65710563566707847249706311818102839512,2.95323716941692828239427994813478932149,3.15,2.5,7,1.01,6112.24,433559.2,98991.22
109510154,GB / Brig 21st May,1m2f Hcap,21-05-2013 16:10,4735852,Silver Alliance,0,9.6,8.85518020671900724615548324403133188596,6.94896421346886760147765299366414469595,10,6.8,1000,8.2,718.08,31021.06,3321.16
109510156,GB / Brig 21st May,1m2f Hcap,21-05-2013 16:40,7185318,Redoute Star,0,5.886075952492755,5.94914878807658537702422451205545155629,7.3084277108807090846104819870022591017,8.4,5.5,1000,5.5,1366.02,133910.02,7056.8
109510156,GB / Brig 21st May,1m2f Hcap,21-05-2013 16:40,6055236,Finlodex,0,15.887579315726182,13.4300671136059935847737910441686976408,10.0832515071909484105285332547801540206,17,10,790,7.8,387.3,14680.3,1708.6
109510156,GB / Brig 21st May,1m2f Hcap,21-05-2013 16:40,5891019,Strategic Action,0,32,22.89574063208716084404118400714147557,17.1664584883460031451399423035015986646,32,20,800,3.4,112.08,7636.74,1843.26
109510156,GB / Brig 21st May,1m2f Hcap,21-05-2013 16:40,4820152,Menadati,0,17.60415585054492,13.705214626884912705638548769427294537,26.921672956486383658596417376047503821,27,14.5,950,22,110.24,14087.5,1077.56
109510165,GB / Newc 21st May,1m Hcap,21-05-2013 15:00,5758284,Tectonic,0,8.344897421747666,7.81545142650608107047985990068778327349,5.93434281369890576190998156289498225217,9,5.7,1000,4.2,2236.96,79323.98,6675.38
109510165,GB / Newc 21st May,1m Hcap,21-05-2013 15:00,5910345,Nonaynever,0,48,48.4262945500417114599830147710289320655,38.0701945050012165740170421414607951326,60,36,800,5.7,76,4157.46,2605.26
109510165,GB / Newc 21st May,1m Hcap,21-05-2013 15:00,4657174,Pelmanism,0,11.098195932517083,13.8798219685290011004488552062285215541,13.0660212338644062709839073983331632274,16.5,12,1000,10,216.5,20488.92,1028.98
109510165,GB / Newc 21st May,1m Hcap,21-05-2013 15:00,5627001,Dream Walker,0,11.46571377,13.9328465195461712783703930456495077114,18.7023801789306643292340780488374838715,20,12,1000,6.2,149.98,11756.42,2508.38
109510169,GB / Newc 21st May,1m2f Mdn Stks,21-05-2013 16:00,6778622,Hasheem,1,2.2497223397350483,2.31465033700014526782765777135526219544,2.84006951217129886028579559965633772153,2.94,2.16,2.7,1.01,7934.46,575525.62,123527.08
109510171,GB / Newc 21st May,1m2f Hcap,21-05-2013 16:30,28474,Triple Eight,0,40,32.699566179446416639381555457355531019,19.2663787830890412832973973830531350977,50,19,1000,1.44,250.52,7876.74,23089.32
109510173,GB / Newc 21st May,2m Hcap,21-05-2013 17:00,4069204,Beat The Shower,0,9.35497207045053,7.38735040487434784326591791501971861408,7.9842194530701313776255768933605338525,9.8,6.11,1000,11,1642.06,35441.68,3075.24
109510175,GB / Newc 21st May,7f Hcap,21-05-2013 17:30,4852533,Kingscroft,0,8.204545217298417,6.61365229570268280865551740578250663789,6.01185333896144486288136462743441205178,9,5.6,800,3.35,2970.48,57953.46,7196.62
109510175,GB / Newc 21st May,7f Hcap,21-05-2013 17:30,5011931,Myboyalfie,0,6.8,5.82619696995019773010182409922428456717,5.185249708066613079698644414355216282,7.4,4.77,1000,6.6,9770.3,69291.48,2525.34
109510177,GB / Newc 21st May,5f Hcap,21-05-2013 18:00,5767724,Gowanharry,1,3.1556444343045587,3.18215211158549096642918288411446275457,4.54886411260232473395896691126704539045,4.9,2.76,3.2,1.01,1749.66,311054.62,96204
109510186,GB / Nott 21st May,6f Hcap,21-05-2013 14:50,6420916,Dark Opal,0,27.09200224078959,24.5774841641311774980763283670749828145,19.4526897962253052975639245412969430549,34,19,1000,18,157.54,8195.34,406.32
109510188,GB / Nott 21st May,2m Hcap,21-05-2013 15:20,5930652,Queens Star,0,9.086444074445861,8.32730048938825151791965938083768408999,9.61662749602731443848326488300589147283,10.87,8.69,1000,5.2,1243.08,29999.96,9543.46
109510188,GB / Nott 21st May,2m Hcap,21-05-2013 15:20,3797936,Arashi,0,25.989654236,18.2905477625904213538018818269540610277,13.4171565283625745243659821827316121924,27,13.23,1000,12.5,518.7,12049.96,3089.9
109510192,GB / Nott 21st May,1m Mdn Stks,21-05-2013 16:20,7187632,Switch On,0,216.74468537936275,102.949823531823385678758593733195100346,62.2450644329532179767751903592420147675,230,50,900,110,33,2197.74,110.28
109510192,GB / Nott 21st May,1m Mdn Stks,21-05-2013 16:20,7285606,Ducab,0,7.4,7.00447303830038733112756801444832942689,7.06477277382772901378546085918582118565,9.2,5.3,970,2,628.42,60334.94,14432.62
109510192,GB / Nott 21st May,1m Mdn Stks,21-05-2013 16:20,7236570,Mawj Tamy,0,3.997965641273913,3.78116004168153603853827121973914680422,4.2144882352396795325732621315522883993,4.4,3.5,1000,3.1,438.9,130499.48,8879.48
109510196,GB / Nott 21st May,1m Class Stks,21-05-2013 17:20,6498894,Poor Duke,0,6,5.48742417302541367980647918480743431468,5.1952829059957856510277701146039030764,6.8,4.4,800,5.6,1336.3,90313.36,1821.02
109510196,GB / Nott 21st May,1m Class Stks,21-05-2013 17:20,6544426,Dark Templar,0,24.801941707,17.6505563703508068818614855952578746822,8.51290911093675403342590866253854327626,26,9.2,490,19.5,464.9,19246.88,1122.08
109510196,GB / Nott 21st May,1m Class Stks,21-05-2013 17:20,6705546,Mandys Boy,0,33.28077326476079,27.5628796677039370482084404170034508419,32.7203068687045798078367043471593258147,40,22,800,14,211.78,10270.04,1257.28
109510198,GB / Nott 21st May,5f Hcap,21-05-2013 17:50,4924347,Alpha Delta Whisky,0,4.3,3.94051354957651120130460186973915096429,6.36280923517919915180203677535374082012,6.8,3.85,1000,4.2,1696.68,207143.24,6253.42
109510198,GB / Nott 21st May,5f Hcap,21-05-2013 17:50,4943841,Monsieur Jamie,1,10.840524811726645,9.14106179274724315934613454088038635064,9.84488478622373302687227644361169859017,12.5,8.4,13,1.02,557.8,32113.3,27531.16
109510198,GB / Nott 21st May,5f Hcap,21-05-2013 17:50,3876623,Danzoe,0,9.088503909623398,7.76910827756740237941157096701778483732,7.88416577022893866055287461464128262864,9.8,7.4,800,13,492.12,49968.26,654.86
109510198,GB / Nott 21st May,5f Hcap,21-05-2013 17:50,5584418,El Mcglynn,0,31.689924450880905,22.7018428287268444954019030051200837295,25.9104242750110839961223673171909351818,36,20,800,13,421.64,11775.72,938.16
109510204,GB / Ponte 21st May,1m Hcap,21-05-2013 18:20,5675020,Croquembouche,0,15.711441749119661,10.8287717980696706682428749498107798044,12.5283785537426929029840819166178872425,20.06,10.51,800,13.5,671.26,19988.14,1584.38
109510206,GB / Ponte 21st May,1m4f Hcap,21-05-2013 18:50,5445028,Daring Indian,0,3.7534583716927683,3.94154741670296188943486454231567315415,5.94505841668871104466799694093226111175,6,3.7,1000,3.35,315.08,127674.32,12124.54
109510212,GB / Ponte 21st May,1m2f Hcap,21-05-2013 20:20,4051036,Reset City,0,11.937825988340087,9.7477523272386396419768839328244321769,6.90635440127385970274027967064618515741,13,8.4,800,6.2,611.82,32563.14,3850.94
109510214,GB / Ponte 21st May,6f Mdn Stks,21-05-2013 20:50,6849988,Timeless Appeal,0,10.5,8.70852651352129339516647085165695718013,8.48484947546686634342562513024165950012,11,7.8,1000,11.5,185.54,41309.34,1747.22
109521065,GB / Towc 21st May,2m6f Nov Chs,21-05-2013 20:05,6245998,Regal Presence,0,6.46801929329178,7.08619713633148874370327919649952709085,5.44925065871869311407179076541700395055,9.8,5.6,1000,4.2,424.92,53654.54,12945.74
109521065,GB / Towc 21st May,2m6f Nov Chs,21-05-2013 20:05,6296928,Supermightyfine,0,87.26723887486521,80.775570091827385896792485826726414922,53.8208237635001681050058653864930877434,140,48,1000,70,33.08,4323.86,828.28
109521055,GB / Towc 21st May,2m3f Mdn Hrd,21-05-2013 17:35,7079881,Alfie Alexander,0,355.63102563815085,282.594145539106581165492479286812450639,144.806533764106058888299875615562966762,440,85,1000,210,8,670.74,101.48
109521057,GB / Towc 21st May,2m Hcap Chs,21-05-2013 18:05,3045858,Tom Otara,0,5.297344117579851,4.75660555329172259750263581751798472399,5.44593038352502323497426258925965484203,5.7,4.5,1000,2.66,404.76,37748.84,19422.24
109521057,GB / Towc 21st May,2m Hcap Chs,21-05-2013 18:05,1313953,Orang Outan,0,10.591628008524422,10.2545999635912914768830509509904275276,7.49911614874460438564713219319132292323,13.5,7.8,1000,3.3,224.8,19538.42,12596.36
109521059,GB / Towc 21st May,2m Claim Hrd,21-05-2013 18:35,4399070,Teshali,0,5.667983987,5.09384303796691435369090364069675495594,5.28036552120081709917123515301872732749,6,4.7,1000,3.75,374.28,69548.32,8733.74
109521059,GB / Towc 21st May,2m Claim Hrd,21-05-2013 18:35,5703023,Smiling Lady,0,24,21.8893112381875746500339107005029443892,13.6751551113977696914976544335515320566,32,12.74,1000,22,97.36,15046.52,1868.94
109521061,GB / Towc 21st May,3m Hcap Chs,21-05-2013 19:05,5067236,Brunettesonly,0,12.173408325,10.6911381809551267691697210895553170008,9.46223341821044703122459303857334147588,16.5,10,1000,10.5,108.7,19923.16,1802.76
109521063,GB / Towc 21st May,2m3f Hcap Hrd,21-05-2013 19:35,5488761,Midnight Lira,0,21,17.1454908042929589618552838756817140724,18.1706706329663964683952078464153692159,26,12.62,1000,5,57.48,18247.16,4822.4
109521063,GB / Towc 21st May,2m3f Hcap Hrd,21-05-2013 19:35,2644928,Award Winner,0,147.92171926135197,90.529599111424596778633375416494334561,41.4694818556782502180844435123297497576,150,47.89,1000,14,9.08,3397.58,1912.58
109510146,GB / Brig 21st May,7f Hcap,21-05-2013 14:10,6635494,Ishisoba,0,7.4,8.9800999471739299710788079928097324774,20.2446691785875748821608359424216268661,23,7.4,900,1.34,657.44,32175.08,23030.82
109510146,GB / Brig 21st May,7f Hcap,21-05-2013 14:10,6689573,Epic Charm,0,6.2,6.10015828662996317700655647292719958376,5.79117907986252723414619316386972823863,7.2,5.2,1000,5.4,2570.9,80489.5,4209.18
109510148,GB / Brig 21st May,6f Mdn Stks,21-05-2013 14:40,5824004,Surrey Dream,0,561.6037241665738,371.544361720033128448393254333753955491,237.531808709447080334692995699600805145,670,100,1000,500,167.36,2496.36,102.56
109510152,GB / Brig 21st May,7f Hcap,21-05-2013 15:40,5860965,Authoritarian,0,3.439637090631259,3.46927209387309425257033790061121674663,4.07708162791983164747935654109627124333,4.3,3.15,1000,2.88,1900.18,297567.12,21742.46
109510154,GB / Brig 21st May,1m2f Hcap,21-05-2013 16:10,3906503,Nave,0,6.6,7.53449432995344594279843142983052546832,6.82390412017980144943433141119452807262,9.4,6.4,1000,6.4,609.26,49475.2,6192.52
109510156,GB / Brig 21st May,1m2f Hcap,21-05-2013 16:40,4949799,Dolly Colman,0,32,24.2162576764455383332618916824925168623,25.8315520421128355030903432705759950682,34,21,100,22,102.36,6549.54,345.84
109510158,GB / Brig 21st May,1m Hcap,21-05-2013 17:10,3893891,Fonterutoli,0,10.144892578330477,9.39603652892694059005461926129201569243,8.5449861624815319032567693829024340995,14,8.8,1000,2.12,168.74,26920.48,10395.76
109510165,GB / Newc 21st May,1m Hcap,21-05-2013 15:00,5833837,Wolf Heart,0,72.56286202089863,87.0662041437339207687850146330784112196,53.6915902712443176348562248153278533977,140,60,800,2,16.02,2846.48,3409.4
109510165,GB / Newc 21st May,1m Hcap,21-05-2013 15:00,6088673,Ma Kellys,0,32,25.7001562624007762969169275412480516997,22.8266596630583453583196774815170778863,32,22,1000,24,130.36,4699.1,316.68
109510167,GB / Newc 21st May,1m Hcap,21-05-2013 15:30,3876638,Jupiter Fidius,1,8.8,7.83443813498940360656493859566363135379,8.92122386063899569468811278397770085057,9.6,8,10.5,1.01,291.44,39818.46,91817.28
109510163,GB / Newc 21st May,5f Mdn Stks,21-05-2013 14:30,6432503,Teetotal,0,4.480120441796254,4.53651119987847148270500870257869739106,4.22504003589547984400475621977208689386,5.1,3.75,1000,3.2,4571.66,127277.62,8975.68
109510163,GB / Newc 21st May,5f Mdn Stks,21-05-2013 14:30,6461385,Spirit Of Parkes,0,19.941522486,14.9290989779473646030143074100479924717,8.74038128974565767808420618011647341354,22,7.2,1000,1.5,1654.82,23872.52,24000.86
109510171,GB / Newc 21st May,1m2f Hcap,21-05-2013 16:30,5835289,Mean It,0,1.43,1.49993804078496566042392306343693705244,1.89371678821093561463178386917855360434,2.01,1.43,1000,1.46,16202.06,895552.74,105089.88
109510171,GB / Newc 21st May,1m2f Hcap,21-05-2013 16:30,4090765,Im Super Too,0,17.5,13.1551217329031076812408716271462247558,10.0503808365803599522798129786002488741,18.5,10.5,1000,2.38,447.48,25298.62,7820.22
109510173,GB / Newc 21st May,2m Hcap,21-05-2013 17:00,3361121,Rock Relief,1,5.9,6.28399112369419331289422603843410953307,6.5189835272447545928579843588399660184,8,5.89,18,1.01,1943.28,49594.8,62305.62
109510173,GB / Newc 21st May,2m Hcap,21-05-2013 17:00,4912690,Jan Smuts,0,7.4,6.0826151050890657187652326683984413464,5.02063988786471610918637796242658820166,7.4,4.42,1000,4.8,3503.7,77371.58,13115.16
109510175,GB / Newc 21st May,7f Hcap,21-05-2013 17:30,6386965,Well Painted,0,4.924660196452113,4.39523386619061975633067065667360759528,4.37671823118748513337062849346742475186,6.08,3.6,1000,4.3,9794.46,180845.44,8963.8
109510184,GB / Nott 21st May,6f Mdn Stks,21-05-2013 14:20,7285605,Mawfoor,0,41.06447126382089,42.5419852368603167453842815631198730334,30.2081150261950513088013521550575139959,60,26,800,22,372.24,9685.06,952.56
109510186,GB / Nott 21st May,6f Hcap,21-05-2013 14:50,6473518,Megamunch,0,10.011008726,11.6768122114812379673865577919590553996,16.3226753396325651556350105420725404008,22.49,9.8,1000,11.5,1920.02,25224.22,643.3
109510186,GB / Nott 21st May,6f Hcap,21-05-2013 14:50,6378383,Khefyn,0,43.69394677452541,35.0270375946837561188426512596697801436,31.874399160459370049741400916354417028,60,24,560,25,143.1,8108.58,425.64
109510188,GB / Nott 21st May,2m Hcap,21-05-2013 15:20,5849448,Zarosa,0,5.045763157846595,5.25176829250402608842742140130986469339,4.74910220641894663714201567691574201839,6.43,4.44,1000,1.39,3516.06,168870.08,59306.08
109510188,GB / Nott 21st May,2m Hcap,21-05-2013 15:20,2564755,Ministerofinterior,0,23,26.4411761585218563964131940569533788752,29.1406560523333725035738439652123536329,56.7,19.85,1000,15.5,144.16,10820.66,1391.26
109510192,GB / Nott 21st May,1m Mdn Stks,21-05-2013 16:20,7186733,Misty Pearl,0,444.747183135,262.9561252844090655917552479614029269,146.064548138574775050194626331089789731,500,70,1000,55,61.5,1563.52,461.38
109510194,GB / Nott 21st May,1m Mdn Stks,21-05-2013 16:50,6692630,Secret Art,1,1.78,1.80394813551430347412022711629541610053,2.42808710402085918679340203250883686548,2.5,1.72,2,1.01,6163.3,732709.64,115722.42
109510196,GB / Nott 21st May,1m Class Stks,21-05-2013 17:20,219618,Ersaal,0,3.822923445,3.72919101028520037775721884009020271876,7.11362604528260319777868862566491654621,7.4,3.3,1000,3.65,827.32,253647.82,12986.96
109510198,GB / Nott 21st May,5f Hcap,21-05-2013 17:50,6407163,Charming,0,39.16086644534953,24.7128461011668773222099581619743145922,22.4665988285640467554111175838558896692,50,26,200,60,89.38,6453.28,71.92
109510204,GB / Ponte 21st May,1m Hcap,21-05-2013 18:20,4227355,Thrust Control,0,7.522530544837936,7.15648371480724152262803701270268553088,7.37469318960305934091818876506907653713,9,5.9,1000,6,464.92,66000.5,5103.26
109510204,GB / Ponte 21st May,1m Hcap,21-05-2013 18:20,4738422,Save The Bees,0,10.915688730239633,10.4175445716890682682674647299737393255,17.3915400553857650539222329302469488062,17.19,10,1000,11.5,131.78,25209.82,1459.72
109510206,GB / Ponte 21st May,1m4f Hcap,21-05-2013 18:50,3547091,Kandari,0,7.4,5.78853496957250169751888219192579839374,3.50247928858804428085275479064376496028,7.8,3.23,1000,4,3182.24,87395.42,7859.56
109510212,GB / Ponte 21st May,1m2f Hcap,21-05-2013 20:20,16956,Ailsa Craig,0,12.5,7.63612575514236185669012528689634475749,6.98006457913251061753754019446688875887,12.5,6.6,900,10,501.28,64085.78,2417.86
109510212,GB / Ponte 21st May,1m2f Hcap,21-05-2013 20:20,4690957,Kathlatino,0,22.958578694773614,13.3785216303977456428312266060058734469,9.78244935698752430243390154247172622516,24,9.6,1000,17,377.28,30859.18,370.28
109521055,GB / Towc 21st May,2m3f Mdn Hrd,21-05-2013 17:35,5942942,Amalric,0,191.75705783367368,139.278027309359986487503432155215519455,86.2175237487033493250845203244627337018,250,83.72,1000,30,14,816.38,784.46
109521057,GB / Towc 21st May,2m Hcap Chs,21-05-2013 18:05,2504311,Crack At Dawn,1,14.5,13.6381360021646676567698779731656923856,10.2908200125266030744670722084241113895,21,10,46,1.03,209.06,14497.42,147587.62
109521057,GB / Towc 21st May,2m Hcap Chs,21-05-2013 18:05,6050655,Moscow Mule,0,4.1,3.84469087319930078047984730017124277395,4.70178679773786841960084723951679010779,5,3.65,48,1.07,1864.22,75654.56,111528.5
109521061,GB / Towc 21st May,3m Hcap Chs,21-05-2013 19:05,4543119,Rossbrin,0,13.311553656119905,13.4336502650968681041196301538302978664,17.2154327415382482599334295179938036086,19,10.51,1000,3,87.74,15096.42,9460.18
109521063,GB / Towc 21st May,2m3f Hcap Hrd,21-05-2013 19:35,3020878,Prince Pippin,0,2.340257444224485,2.6233353131988378348980853229607728749,4.49432438787463163238324141565753635328,4.87,2.32,1000,1.93,1278.86,521125,96509.62
109521063,GB / Towc 21st May,2m3f Hcap Hrd,21-05-2013 19:35,3946263,Dashing Doc,0,12.31455865652839,10.1511499072563485408504408843308322724,10.7257456170625997236887112774330970842,14,7.8,1000,11,129.38,43113.88,1532.84
109521067,GB / Towc 21st May,2m Hcap Hrd,21-05-2013 20:35,2740577,Brunton Blue,0,2.3380548927425115,1.98448256212287388569315856955943765319,2.03403006128476562337256057989337301788,2.4,1.89,260,1.01,2473.16,524392.94,143082.32
109510150,GB / Brig 21st May,5f Hcap,21-05-2013 15:10,2430447,Wooden King,0,12,8.89842269402913604889316438834735630911,6.26212246257685585459023692832787862901,12.5,5.6,1000,9.6,1596.24,51454.32,1673.7
109510150,GB / Brig 21st May,5f Hcap,21-05-2013 15:10,4829136,Putin,0,7.016304506,6.91160062531590777378248112265545122273,13.2251693860820095374492254647220666479,20,5.9,1000,1.24,1165.7,58131.88,30995.34
109510152,GB / Brig 21st May,7f Hcap,21-05-2013 15:40,5559044,Alices Dancer,1,4.5,4.32946705258192024777797325554480344102,4.75688799355640547172251976553045410122,5,4.3,16.5,1.01,1597.74,112099.86,71764.54
109510154,GB / Brig 21st May,1m2f Hcap,21-05-2013 16:10,5822573,Highland Duke,0,1.9567311216712873,1.95626954962422305113772075364813301597,2.10322942309964994845614967740875633493,2.12,1.84,170,1.13,9517.3,631379.58,87366.74
109510156,GB / Brig 21st May,1m2f Hcap,21-05-2013 16:40,4817558,Highlife Dancer,0,26.32969399745247,19.4289862197255738790779616825568453327,20.9799680200408400371171636199620509735,30,22,800,19.5,92.64,7795.16,526.02
109510156,GB / Brig 21st May,1m2f Hcap,21-05-2013 16:40,6781019,Major Buckley,0,70,57.5585653115647508591265678103705474014,32.1538802887127012580094749080026556926,95,28,1000,60,51.56,4602.8,114.04
109510156,GB / Brig 21st May,1m2f Hcap,21-05-2013 16:40,6925778,Bestfootforward,0,130.05679627941748,89.6243391299324665278068614991658866633,53.6391302411164690712795350927879169618,150,44,800,36,11.62,2249.96,366.1
109510156,GB / Brig 21st May,1m2f Hcap,21-05-2013 16:40,5894277,Rhossili Bay,0,11.272711035440516,11.4065905510050475793224654730707843014,13.5508049365186528386200922357519089298,15.5,11,800,8.2,428.5,20477.34,1184.56
109510158,GB / Brig 21st May,1m Hcap,21-05-2013 17:10,6570375,Another Squeeze,0,13.5,15.6483257171715569237097440519161033686,23.5572910171329752429934610991517932378,34,12.5,1000,13,38.16,12313.74,1227.76
109510158,GB / Brig 21st May,1m Hcap,21-05-2013 17:10,5055529,Trust Me Boy,0,62.22150785549175,47.0142483307727471705059224255764902787,32.951140133431715822440597267901166569,65,40,1000,48,27.6,5397.44,259.3
109510165,GB / Newc 21st May,1m Hcap,21-05-2013 15:00,5930612,Madame Blavatsky,0,13.5,13.1648307554623944099691299128334428922,28.0696894443283781959186861536321900716,34,11,800,18.5,86.68,14279.76,616.32
109510165,GB / Newc 21st May,1m Hcap,21-05-2013 15:00,2317708,Ptolomeos,0,28.102835551,31.3848345099829010221171570193166290525,32.2004111403237178575607740540698425756,85.23,25,1000,20,102.38,4889.42,358.76
109510165,GB / Newc 21st May,1m Hcap,21-05-2013 15:00,4090291,Royal Holiday,1,8.174222995,7.23193388032621415698963657487309162334,7.6157877862552232077351550148964024772,8.6,6,12,1.01,1221.86,106298.98,84780.56
109510167,GB / Newc 21st May,1m Hcap,21-05-2013 15:30,5609923,The Blue Banana,0,8.8,6.91860279692951981707723620622939359935,6.91815092261658684419912095503687777973,8.8,6.4,130,8.4,428.6,88048.1,6503.74
109510167,GB / Newc 21st May,1m Hcap,21-05-2013 15:30,4829146,Maggie Mey,0,11,9.63328332316436117838858153875142553378,13.1534444942812103715462073689954112458,14,10,800,5.1,315.84,15972.52,4634.88
109510167,GB / Newc 21st May,1m Hcap,21-05-2013 15:30,4156516,Monsieur Pontaven,0,13.501701008763629,10.4578180210568566254723705827528891968,7.73603943398519534225340135342368975559,14.5,8.2,230,2.62,482.46,27576.06,7647
109510163,GB / Newc 21st May,5f Mdn Stks,21-05-2013 14:30,6315866,Sound Affects,0,205.88998924375744,170.264688286944775718601231082452970872,101.515641430522739959464706529599691024,300,55,900,160,36.64,2636.9,121.56
109510169,GB / Newc 21st May,1m2f Mdn Stks,21-05-2013 16:00,7228607,Aramist,0,5.949749251485192,5.40686793847081456670783993190629841928,6.62298198813559436128522776783190930295,7.4,4.6,1000,5.5,1008.38,85171.5,5485.7
109510171,GB / Newc 21st May,1m2f Hcap,21-05-2013 16:30,5539191,Joshua The First,0,60,44.4985823264720477905793448182599826696,24.7867299963779837532777027519961603985,70,25,1000,32,164.36,6552.26,1064.94
109510173,GB / Newc 21st May,2m Hcap,21-05-2013 17:00,4744629,Kodicil,0,7.624221886,7.83322176508157822007306034957807905706,6.37302867499581183773751782843075840659,14.5,5.89,1000,1.06,700.78,28320.92,67651.4
109510173,GB / Newc 21st May,2m Hcap,21-05-2013 17:00,6461315,Destiny Awaits,0,55,54.1421508185588488772703671230155508042,45.4771914522768429912633156162664985731,67.84,28.83,1000,48,72.88,4245.58,549.5
109510184,GB / Nott 21st May,6f Mdn Stks,21-05-2013 14:20,6857980,My Little Friend,0,810,465.45651338223264752141653485126311877,125.388043593728629538068161007873942537,850,29,1000,400,49.56,2276.38,144.3
109510186,GB / Nott 21st May,6f Hcap,21-05-2013 14:50,6542415,Seven Of Clubs,0,19.32246170741506,16.6193320126819917175003880916273143984,16.9084243197148452201715094110281037882,19.5,15.5,800,1.16,210.78,11961.36,45617.38
109510186,GB / Nott 21st May,6f Hcap,21-05-2013 14:50,304772,Take The Lead,0,7.863934232620708,6.89713702112998795041353354623571638836,6.32290114797930167191401575111056377699,8.2,6,1000,7,1854.84,104179.72,3583.46
109510186,GB / Nott 21st May,6f Hcap,21-05-2013 14:50,6350141,Boxing Shadows,0,10.693862581,9.09749002007543140810937946851293933359,10.044121453623796407065749728903688431,11.5,8.8,1000,8,767.3,39889.94,984.34
109510186,GB / Nott 21st May,6f Hcap,21-05-2013 14:50,6379040,Jontleman,0,17,15.2819759717344465982505731712190176493,27.8061816226769790171226641961065028699,34,15.5,990,14,252.36,12833.76,220.9
109510186,GB / Nott 21st May,6f Hcap,21-05-2013 14:50,6391766,Meet Me Halfway,0,37.15029092582641,28.3410347956326143086979397737017190428,19.2079106255268340534617962937023257934,38,20,1000,17,284.4,7234.66,214.48
109510192,GB / Nott 21st May,1m Mdn Stks,21-05-2013 16:20,5428458,Reminisce,0,2.564026592,2.5029429971479730054034858577132975506,2.91610806597558299996362577773714470243,3.15,2.38,1000,2.58,2735.32,439567.18,17944.26
109510192,GB / Nott 21st May,1m Mdn Stks,21-05-2013 16:20,7285609,Ziekhani,0,18.664826867260274,16.3671417205579831054739974813820103255,15.8252024628617280897715885049512708977,23,13,900,2.04,193.64,9789.18,8675.68
109510192,GB / Nott 21st May,1m Mdn Stks,21-05-2013 16:20,7285608,The Power Of One,0,70,43.6234612313270629110586506091589523857,20.694697016533185863925894362011919008,70,18,940,90,62.28,3702.88,112.62
109510194,GB / Nott 21st May,1m Mdn Stks,21-05-2013 16:50,7187631,Magic Lando,0,5.58683726531155,5.61150654063237423781141613922014625824,4.83259869222605236029104806124819650534,6.8,4.4,1000,4.3,1252.22,116122.98,9689.8
109510194,GB / Nott 21st May,1m Mdn Stks,21-05-2013 16:50,7285611,Speckled Hill,0,29.619109322819856,24.3543227725079614150960076243090671764,25.5032414292489491510278322055696045954,48,22,1000,28,229.62,13336.26,538.72
109510196,GB / Nott 21st May,1m Class Stks,21-05-2013 17:20,6850728,Plenum,0,5.1608375053068425,5.14448030176252089147792093624308135874,4.21337345606981916977757002510285170835,6.6,3.85,1000,1.28,4020.16,174557.52,47089.74
109510196,GB / Nott 21st May,1m Class Stks,21-05-2013 17:20,6539267,Red Eight,0,131.95630318017677,79.4539670510072805872384510648949265584,41.1014134258600546836937674289056968264,150,40,800,100,77.2,3291.18,250.3
109510196,GB / Nott 21st May,1m Class Stks,21-05-2013 17:20,6539270,Khelac,0,35.05243350770323,28.915573688348702049871276031794865459,39.5868376851832813437219697728441998586,50,26,800,16,90.46,8900.44,627.22
109510196,GB / Nott 21st May,1m Class Stks,21-05-2013 17:20,6586797,Mister Marcasite,1,8.29571794312109,8.70650722973817192537920757550388650605,9.88642302819014271791419506874374057382,12,7.4,8.4,1.01,2147.5,49645.08,65211.18
109510204,GB / Ponte 21st May,1m Hcap,21-05-2013 18:20,4042135,Christmas Light,0,6.220874130387818,5.81391895426845445019902395317112939718,5.08554906213840060249146220647422014192,8.21,4.8,1000,4,533.92,67614.22,5894.54
109510206,GB / Ponte 21st May,1m4f Hcap,21-05-2013 18:50,1497189,Persian Peril,0,23,21.8853566019845581300746774345532792306,19.1466713711826782596715257023119962953,40,18.18,1000,22,70.48,9422.4,593.5
109510208,GB / Ponte 21st May,6f Cond Stks,21-05-2013 19:20,7149579,Intense Feeling,0,23.609865916352426,21.7663366693691096834703524178019628996,14.6767880077288593266285887069980290033,29,11,1000,21,937.18,19955.52,793.56
109510208,GB / Ponte 21st May,6f Cond Stks,21-05-2013 19:20,7200988,Lendal Bridge,0,515.6678681658341,414.81561276740167987172623214308070231,132.269947279009070572369076894549237335,600,120,1000,120,9.68,915.78,172.08
109510212,GB / Ponte 21st May,1m2f Hcap,21-05-2013 20:20,6633289,Nullarbor Sky,0,5.602221225111006,5.16002436695454736976938627752185679568,6.24861677796373277606165953013662956934,6.8,4.6,1000,5.4,1202.9,165283.78,3436.52
109510212,GB / Ponte 21st May,1m2f Hcap,21-05-2013 20:20,6757540,Magika,0,3.849452554314428,4.82380341769199571283942998831170400156,10.8906131806740302491493055781333763443,10.5,3.65,1000,2,344.64,143850.76,30090.12
109510214,GB / Ponte 21st May,6f Mdn Stks,21-05-2013 20:50,6466557,Secret Empress,0,64.68539480980523,47.1250069135179394001182733408793922253,88.8696825754084526104121510312704163581,110,40,800,48,16.66,9260.48,407.92
109510214,GB / Ponte 21st May,6f Mdn Stks,21-05-2013 20:50,7262660,Duke Cosimo,1,1.1527747341673518,1.22626199500339949869136774178402371237,1.3616488680258363564393413047127424828,1.37,1.14,1.16,1.01,5790.08,1090482.28,70518.16
109521065,GB / Towc 21st May,2m6f Nov Chs,21-05-2013 20:05,5952772,Dramatic Victory,0,298.564134689,437.801039162440866403811563403079382646,229.902728184532264240634031891454286296,1000,210,1000,260,9,2112.28,148.06
109521065,GB / Towc 21st May,2m6f Nov Chs,21-05-2013 20:05,4593537,Thanks For Coming,1,3.8080316047274385,3.03707936320764681395580658450087661502,3.07133951074750703093547950784111420209,3.8,2.8,11,1.01,781.02,238790.78,124269.76
109521055,GB / Towc 21st May,2m3f Mdn Hrd,21-05-2013 17:35,6973749,Tigridia,0,117.80909611743994,68.9323368327797460788346232229503436794,149.391852078739655248352603909396695894,569.29,58.6,1000,10,85.84,2936.7,2362.78
109521055,GB / Towc 21st May,2m3f Mdn Hrd,21-05-2013 17:35,7038980,Garryleigh,0,3.816199423,3.35707175135292527762553340917196157185,3.13959047837301453447575221274638816729,3.85,2.93,800,2.72,2410.2,97715.18,30504.02
109521063,GB / Towc 21st May,2m3f Hcap Hrd,21-05-2013 19:35,5053590,Moyne Nineoseven,0,43.670857411,28.9294234419277361503935369825998692294,11.8639524910667376699668527119019622818,46,15.27,1000,40,88.3,9160.94,483.96
109521067,GB / Towc 21st May,2m Hcap Hrd,21-05-2013 20:35,6331729,Ivebeenthinking,0,28,29.3266353261468772855850798962648589868,13.106926477482188152150583451999449847,40,13.5,1000,20,90.86,11717.9,910.68
109510148,GB / Brig 21st May,6f Mdn Stks,21-05-2013 14:40,6549317,Extrasolar,1,1.6990295158510182,1.72227670977497408500025491984816681251,2.024154509769865894727850397572860366,2.12,1.64,1.79,1.01,13720.12,669462.54,130960.16
109510150,GB / Brig 21st May,5f Hcap,21-05-2013 15:10,5649445,Gung Ho Jack,0,15.982482192,13.1075302628662970760250794099937021705,13.0833356469365896438048469317254199908,17.5,13,1000,32,283.72,21440.22,570.64
109510152,GB / Brig 21st May,7f Hcap,21-05-2013 15:40,5531856,Fanrouge,0,8.148056026672577,7.79133079941110069027843283191549245598,6.78788222906469027378928871204895437197,10,6,1000,3.4,1117.72,45772.94,10713.24
109510152,GB / Brig 21st May,7f Hcap,21-05-2013 15:40,4682400,Chilli Green,0,6.6,5.06714039502971186493214562928152799227,4.7196637779289171122232129965657666455,6.8,4.3,1000,5,1475.12,84677.5,5773.16
109510154,GB / Brig 21st May,1m2f Hcap,21-05-2013 16:10,1124690,Megalala,0,27,27.1876330639051143295679490124414427196,19.9249868903024342384173065710243096005,36,16,1000,16.5,243.56,13991.28,2195.76
109510156,GB / Brig 21st May,1m2f Hcap,21-05-2013 16:40,1507260,Having A Ball,0,11.248179735170567,10.0768409266815800738765322717069716415,13.4187734114273453884827841052485283502,17,9.2,800,7,442.72,32525.16,2692.1
109510156,GB / Brig 21st May,1m2f Hcap,21-05-2013 16:40,6522609,Peace In Our Time,0,12.5,10.1759574365138144893138790124018929981,9.0845418953225654161214834170473686082,15,9,1000,3,332.88,37602.96,4899.34
109510156,GB / Brig 21st May,1m2f Hcap,21-05-2013 16:40,5001551,Irons On Fire,0,30.485827227,28.4273393987152718910928032649308640542,28.4648584214839868962249844420160164488,44,27,1000,3.55,113.72,7341.46,11450.08
109510158,GB / Brig 21st May,1m Hcap,21-05-2013 17:10,5914772,Hill Of Dreams,0,11,9.06294841968740364931306932013394655875,6.90861375649909168851939504285126360625,12.5,7.2,1000,9,296.94,30439.96,3194.78
109510158,GB / Brig 21st May,1m Hcap,21-05-2013 17:10,4736397,Byrd In Hand,0,8.6,7.13729313208472933588827759724117945813,5.4120960859310489416145719821292557821,9.4,5.5,1000,5,557.92,43732.12,7053.28
109510165,GB / Newc 21st May,1m Hcap,21-05-2013 15:00,5759604,Lord Franklin,0,7.079951687285922,7.66023689221509527125093054579479717058,8.72745306870232896036215651063255000712,10,6.8,680,3.25,2482.7,64683.16,8037.3
109510165,GB / Newc 21st May,1m Hcap,21-05-2013 15:00,4804062,Loukoumi,0,21.41258076077596,21.0254374994460588618158156554935890226,19.9441565810653843578851345872731558746,25,19,1000,10.5,58.3,7350.96,688.64
109510167,GB / Newc 21st May,1m Hcap,21-05-2013 15:30,5715074,Naafetha,0,85,67.2866123182638532437235405971216318059,44.8994916704178687275249190647309931999,90,29,250,65,22.68,2716.04,316.12
109510167,GB / Newc 21st May,1m Hcap,21-05-2013 15:30,6953047,Lil Sophella,0,30,27.6615523743107414437858211562020603517,23.0250322267603638789314303838324374807,36,26,1000,3.9,39.7,5590,3675.76
109510167,GB / Newc 21st May,1m Hcap,21-05-2013 15:30,4744623,Downtown Boy,0,8.869207945,7.70255034348998806746975509870709590905,8.38523750487325686426170939669680915245,10,8.2,1000,7,185.14,30425.82,5036.36
109510169,GB / Newc 21st May,1m2f Mdn Stks,21-05-2013 16:00,6461596,Dark Ocean,0,9.409140968166051,9.02197930974010439475733300540742272135,6.86806471696391129645547980930978453681,12.5,6.4,1000,3.65,1493.34,37794.16,8068.56
109510169,GB / Newc 21st May,1m2f Mdn Stks,21-05-2013 16:00,7285586,Arr Kid,0,49.10050865277676,35.8765893157707273084298856011409455555,20.6822458442782165819288889192114718606,55,18,900,2,253.1,10621.76,21538.3
109510169,GB / Newc 21st May,1m2f Mdn Stks,21-05-2013 16:00,7066153,Missie Snaffles,0,718.0525816915316,608.551667381009142798310453311525360729,158.586566670023977703773787848524813021,1000,130,1000,730,13.04,1428.6,57.72
109510171,GB / Newc 21st May,1m2f Hcap,21-05-2013 16:30,5038613,Blue Maisey,0,16.91471172313384,17.7733161007383465240945239497184206418,17.420141821387343824684670094667717963,32,16,1000,4,181.98,14049.24,7694.78
109510173,GB / Newc 21st May,2m Hcap,21-05-2013 17:00,3953313,Mason Hindmarsh,0,14.5,11.5220706455676786469382293768741836108,15.7998645255564752222339435131820323719,18.66,10,1000,9,422.56,17009.86,3362.84
109510173,GB / Newc 21st May,2m Hcap,21-05-2013 17:00,4891438,Tropenfeuer,0,23.773448311154567,19.1982641837471466079596484268676981294,37.6991868279402205721766278365394001891,46.64,16,1000,28,83.2,12672.12,1122.24
109510175,GB / Newc 21st May,7f Hcap,21-05-2013 17:30,4784783,Amazing Amoray,1,11.303788464823738,9.91935238139373939233103213638817476027,12.0519838709677097760814214492055583068,18,10,11,1.01,601.84,26799.68,57992.92
109510177,GB / Newc 21st May,5f Hcap,21-05-2013 18:00,5554250,Sunrise Dance,0,11.35636050313973,9.93738066715403523445490379668280835566,14.0941514385405764100828306647041524005,13.5,8.4,1000,11.5,207,42423.9,541.5
109510177,GB / Newc 21st May,5f Hcap,21-05-2013 18:00,5521912,Ingenti,0,21.719392931581538,17.4656434385814273466723452950477549352,11.6928245451902984103048769141757527899,24,9.4,1000,5.1,366.26,20571.98,3071.16
109510177,GB / Newc 21st May,5f Hcap,21-05-2013 18:00,7008967,Jofranka,0,3.75,3.66948919421607749727421826205868000557,3.54146539885178884101856694021502560638,4.3,3.3,140,1.64,3346.34,194948.42,18801.64
109510184,GB / Nott 21st May,6f Mdn Stks,21-05-2013 14:20,7249496,Windfast,1,1.3245678166593768,1.36899651853033495378783245785964112346,1.62212183937866598879020822856934457563,1.99,1.27,1.35,1.01,27873.66,979625.16,95180.94
109510184,GB / Nott 21st May,6f Mdn Stks,21-05-2013 14:20,7285603,Brave Boy,0,19.5,13.8866223189810080224141844209929158174,7.80335675426673512983951625304090241176,24,8.8,1000,6.4,2304.62,38805.7,2816.48
109510184,GB / Nott 21st May,6f Mdn Stks,21-05-2013 14:20,7285604,Cable Bay,0,38,30.904813630845448701620278275119334881,15.5999563387165954667348453688678213799,55,9.2,1000,10.5,1101.86,12254.22,1057.66
109510186,GB / Nott 21st May,6f Hcap,21-05-2013 14:50,6680702,Lexington Place,0,10.137579327730347,9.44013828927534396360903867476821307952,18.7232111012978785168334406595877023601,18.5,8.2,560,5.9,245.96,41084.08,1551.46
109510188,GB / Nott 21st May,2m Hcap,21-05-2013 15:20,4935078,Wily Fox,0,13.452844624139173,10.6446625641481669225762202701466133718,9.51207393508647553060051479237602094025,13.7,9.26,900,13.5,624.76,17817.52,799.6
109510190,GB / Nott 21st May,1m2f Hcap,21-05-2013 15:50,6799495,Lovesome,0,12.497545377239511,11.3836661369030012874851862647973353594,6.64560560913456062130502681656864201459,15.5,8.4,1000,8,370.68,33761.6,8237.12
109510192,GB / Nott 21st May,1m Mdn Stks,21-05-2013 16:20,5459006,Herod The Great,0,65.02661648416351,67.8946377976802023791086807443352594305,95.2153115478295861797200785265009346639,130,50,1000,2.04,46.72,3205.74,8286.76
109510192,GB / Nott 21st May,1m Mdn Stks,21-05-2013 16:20,7285607,Red Red Wine,0,10.698080249510564,10.9174326014781415576219300496174566501,16.5461244773627415494507705138288816389,19.5,10,800,8,111.24,21829,3749.82
109510198,GB / Nott 21st May,5f Hcap,21-05-2013 17:50,5431632,Royal Bajan,0,16.223539933681693,17.590319016110313561889241882738361625,17.0791227016116936596186956437792168288,25,16.5,1000,2,149.68,12296.5,13227.36
109510198,GB / Nott 21st May,5f Hcap,21-05-2013 17:50,2516737,Ivestar,0,55,44.4794699875719658960215864730953362213,33.9960199119460220853365552075296266968,60,34,800,38,95.1,6376.62,291.8
109510198,GB / Nott 21st May,5f Hcap,21-05-2013 17:50,5723293,Passionada,0,10.632621214,9.91855669752969538250912361662172619836,8.8582689965791214330457773540510750564,16,9.4,1000,3.5,339.7,35271.82,3032.14
109510206,GB / Ponte 21st May,1m4f Hcap,21-05-2013 18:50,572561,Fossgate,0,42.980428786245184,28.0560307475660993942988828819064793104,25.0919343941198315649612366559273099739,44,24,1000,40,49.98,8864.3,423.72
109510206,GB / Ponte 21st May,1m4f Hcap,21-05-2013 18:50,4908761,Major Domo,0,24,17.7699684468272897719339701259143343602,31.2725134482492506128916739624486637118,25,20,1000,16.5,47.84,9691.76,1793.94
109510206,GB / Ponte 21st May,1m4f Hcap,21-05-2013 18:50,4871393,Watts Up Son,0,18.080667188,16.9920399300968421947435734901961231498,14.724606716415015069331755971417109655,22,10.91,800,5.1,176.4,14543.28,5783.02
109510208,GB / Ponte 21st May,6f Cond Stks,21-05-2013 19:20,7142973,Sleepy Joe,0,57.230262445,42.9001078618735910830554419215935881886,22.8880771528783008423106815656056332601,65,18.5,1000,50,272.24,10137.52,179.2
109510208,GB / Ponte 21st May,6f Cond Stks,21-05-2013 19:20,7285599,Fire Fighting,0,29.384729780158374,27.1989800735313039165733685069313942471,15.9695422441955042549194751756687639358,36,13,1000,19,491.38,15696.18,718.98
109510208,GB / Ponte 21st May,6f Cond Stks,21-05-2013 19:20,7176246,Master Carpenter,1,4.644366593216908,4.08380778529122151039411408129361794168,3.99119261943668295766542452821149620286,4.6,3.4,4.9,1.01,7555.26,172595.66,74182.72
109510210,GB / Ponte 21st May,1m Hcap,21-05-2013 19:50,6671678,Melvin The Grate,0,7,6.87449767767229669783170234273620187637,7.29230284538532764134981529091309061921,9.8,5.1,800,4,890.96,75859.14,8015.26
109510212,GB / Ponte 21st May,1m2f Hcap,21-05-2013 20:20,5110789,Elizabeth Coffee,0,26.770930143268856,24.4738809227939907187690488706103248733,40.6416575437570614694704973128250483453,55,25,980,27,64.96,15665.34,497.62
109510212,GB / Ponte 21st May,1m2f Hcap,21-05-2013 20:20,6410494,Echo Of Footsteps,0,71.73922934131697,47.0552875317490127780776873789484828098,22.3153113032468961420269130180970504174,75,29,260,60,87.32,7142.1,124.06
109510212,GB / Ponte 21st May,1m2f Hcap,21-05-2013 20:20,6281858,Mad Jazz,1,5.9,6.4031096714406174273419406582360974732,9.37320886344255286870754721364129972487,11,5.9,5.7,1.01,1595.96,78741.26,86207.56
109510214,GB / Ponte 21st May,6f Mdn Stks,21-05-2013 20:50,6611182,Another Claret,0,42.99530932916329,24.7689122118338304837226994393814825808,14.4450612344962559284757030965762946352,48,18,800,42,72.56,14863.22,376.96
109510214,GB / Ponte 21st May,6f Mdn Stks,21-05-2013 20:50,7259769,Cauberg,0,36.98732951485121,23.1355212043493109878681230220930569483,12.3361762071582800922441623774174213552,38,14,1000,36,148.18,14087,260.98
109521065,GB / Towc 21st May,2m6f Nov Chs,21-05-2013 20:05,5678817,Brough Academy,0,33.22436749479355,32.7996662822263217942729580726161321469,31.0085305650735375568360499916463549423,46,32,1000,20,35.36,8092.72,2142.58
109521055,GB / Towc 21st May,2m3f Mdn Hrd,21-05-2013 17:35,6308971,Twelve Roses,1,2.48,2.63106425635482383475490066910305324059,2.97110768369613233806051026272071968776,3.2,2.48,2.64,1.01,1778.54,234630.18,144480.58
109521055,GB / Towc 21st May,2m3f Mdn Hrd,21-05-2013 17:35,6329377,Thefriendlygremlin,0,111.39811668944589,62.4846647974770579711775686348498211523,221.684121811025756800350238663684193439,1000,100,1000,110,4.78,8330.92,772
109521055,GB / Towc 21st May,2m3f Mdn Hrd,21-05-2013 17:35,6271721,Frontier Vic,0,70,45.3007314647112730792160749660378796229,69.0269607423303503600566169496440211806,83.72,25,1000,26,84.3,3803.56,1315.56
109521059,GB / Towc 21st May,2m Claim Hrd,21-05-2013 18:35,2991504,King Fingal,0,3.7,3.6004284766817639664943003031856547171,4.64786220088425146798125309246000582741,4.6,3.3,1000,3.55,553.7,140810.32,11875.02
109521061,GB / Towc 21st May,3m Hcap Chs,21-05-2013 19:05,3815653,Smooth Classic,0,6,4.98253008964160984643909093454521612038,5.33227501379348900268405100930739236691,6.6,4.2,1000,2,238.38,83311.06,31332.86
109521063,GB / Towc 21st May,2m3f Hcap Hrd,21-05-2013 19:35,4981292,Guards Chapel,0,40,36.8816750638547043025938735688066462022,16.05330297711590438506186945745834697,55,20.03,800,24,64.7,9128,753.38
109510146,GB / Brig 21st May,7f Hcap,21-05-2013 14:10,6551253,Sunny Hollow,0,21.330067352219917,30.8929959768505901190774211217677526609,38.0133415580843029596919126834121339449,46,21,990,23,138.62,5905.7,334.7
109510146,GB / Brig 21st May,7f Hcap,21-05-2013 14:10,6450536,Handsome Stranger,0,12.46090907770369,10.7829118068147916285739784059635348804,8.37411081199419809013354896054394168149,15,7.6,890,12,1140.56,24388.92,854.06
109510148,GB / Brig 21st May,6f Mdn Stks,21-05-2013 14:40,6549315,Daylight,0,2.6001808107920485,2.43646593169652466806166903012920911713,2.28477453710765564700783024260661989021,2.64,2.2,1000,2.44,7001.34,337240.1,23221.1
109510154,GB / Brig 21st May,1m2f Hcap,21-05-2013 16:10,5739928,Presburg,1,7.281239184,6.47133184937811170466883356015616779307,11.0555296531018209703615280901705056633,11.5,5.5,8.4,1.01,1352.96,87660.58,114122.78
109510156,GB / Brig 21st May,1m2f Hcap,21-05-2013 16:40,5602995,Whinging Willie,0,12.506635213400589,11.9974259630260058689689122090837500377,14.6836310600341258508221840287901758663,17,11,1000,6.6,119.24,13754.08,2439.98
109510158,GB / Brig 21st May,1m Hcap,21-05-2013 17:10,3442312,Devon Diva,0,36.58249049745606,26.6177211597633716280044705940885344358,23.6321125499853975860816398705697302706,40,21,1000,40,68.2,7759.2,358.36
109510165,GB / Newc 21st May,1m Hcap,21-05-2013 15:00,6581204,Blackamoor Harry,0,27,24.6425342528090551138362759870041638599,16.7156859816392915325882552669781601889,32,17.5,1000,15,158.86,8248.08,414.68
109510167,GB / Newc 21st May,1m Hcap,21-05-2013 15:30,5847464,Garzoni,0,12,13.0264826814680122192111844166666441612,30.2391363405507907628419403602483593916,29,10.5,1000,10,19.38,14966.7,1232.56
109510171,GB / Newc 21st May,1m2f Hcap,21-05-2013 16:30,9045,Morocco,0,25,19.9893265797932990853408853595557459663,17.3533230386973405623350882083150883863,34,16,1000,19.5,219.4,12585.64,1692.96
109510173,GB / Newc 21st May,2m Hcap,21-05-2013 17:00,5799540,Luctor Emergo,0,19,14.7337959693316396403546584633620931059,14.7388922891865573495259467781305646499,19,13.99,1000,16.5,456.62,12096.8,1358.18
109510175,GB / Newc 21st May,7f Hcap,21-05-2013 17:30,4285237,Xilerator,0,9.677329468,8.94872521005987298633434388485508787992,11.8801035926196893838340492767957905004,15.09,9.6,1000,9.2,2104.48,39035.66,932.26
109510175,GB / Newc 21st May,7f Hcap,21-05-2013 17:30,4937114,Sam Nombulist,0,14,11.9776255686946858182248445119089861418,14.7926678821912385990890085302420821773,16,11,800,6.4,503.62,22830.94,2009.26
109510177,GB / Newc 21st May,5f Hcap,21-05-2013 18:00,6313867,Dream Vale,0,15.508190107,14.1401812263912906600764665677183899114,7.46007161618081569092491541619696926894,16,12,1000,13.5,303.62,25716.92,711.12
109510184,GB / Nott 21st May,6f Mdn Stks,21-05-2013 14:20,215509,Constantine,0,7.499370424675508,6.02013678074982079345159490810485174,5.79379512499439892876843664626421040641,8.2,5.2,1000,8.2,3805.78,123757.48,1818.32
109510186,GB / Nott 21st May,6f Hcap,21-05-2013 14:50,6444374,Balinka,0,20.012063119612286,16.2540685202101312411631774228178537552,19.3397160647044102096624895118539135661,22,16,460,18,462.64,12737.92,520.96
109510186,GB / Nott 21st May,6f Hcap,21-05-2013 14:50,6318098,Indian Affair,0,14,15.0152290093920169884897344717647019505,25.1136086012982996236990671713880021904,25,13,800,13.5,193.94,14252.7,654.86
109510186,GB / Nott 21st May,6f Hcap,21-05-2013 14:50,7170196,Guishan,0,30.666350488670865,23.0003987379342198589844512917344759788,22.6770036165148984303314033182852452514,34,24,790,29,171.54,7679.72,182.76
109510188,GB / Nott 21st May,2m Hcap,21-05-2013 15:20,5894433,Phantom Ranch,0,21,15.1939709275527075333443451590710970474,15.2496555249940816341835181206133292832,22,15.59,900,22,397.16,9646.84,607.16
109510190,GB / Nott 21st May,1m2f Hcap,21-05-2013 15:50,6468032,Pompeia,0,1.7754646061775785,1.85765744042963179508936260477413601096,2.76216775624475790434099215834774849555,2.88,1.72,1000,1.4,4541.32,575725.4,76438.5
109510192,GB / Nott 21st May,1m Mdn Stks,21-05-2013 16:20,7208950,Hypnotism,0,153.115223675,88.8990498429086005466529203422429572814,79.1844114328072724143978979624929264717,170,55,210,90,66.48,3054.82,198.82
109510192,GB / Nott 21st May,1m Mdn Stks,21-05-2013 16:20,7208979,Dalliefour,0,36,23.6792289753892438355647599596913626927,29.097822259505663936621468397963314003,40,22,1000,23,76.16,7196.88,668.26
109510194,GB / Nott 21st May,1m Mdn Stks,21-05-2013 16:50,7259778,Cosseted,0,9.2507107518196,8.24506873448863848393280222162690076878,13.8016371713382420801944389574535203094,19,7,1000,7,575.84,50823.08,4735.96
109510196,GB / Nott 21st May,1m Class Stks,21-05-2013 17:20,7029024,King Bertie,0,11.084976345578323,10.6759271481826190048031288786974756355,9.69838135122310920263908122600804502885,15,10.5,1000,4.6,333.3,27145.52,4420
109510198,GB / Nott 21st May,5f Hcap,21-05-2013 17:50,3815549,Sleepy Blue Ocean,0,19.5,15.0136773049123132159373565198047585351,21.0946318492128595017740879520471152484,32,15,800,3,281.42,14692.34,3483.46
109510198,GB / Nott 21st May,5f Hcap,21-05-2013 17:50,3857862,Falasteen,0,25.256033189872987,16.5195890522914521972177938702898033655,19.1631698443243427790848760881536124472,26,14,1000,18,145.7,13200.24,532.8
109510198,GB / Nott 21st May,5f Hcap,21-05-2013 17:50,4531786,Shawkantango,0,13,10.2661473701130043013587928770913571071,7.25358101673510811262928944859829417882,14.5,6.6,1000,12,2134.64,39364.12,546.92
109510198,GB / Nott 21st May,5f Hcap,21-05-2013 17:50,5499349,Monnoyer,0,10.052625008615403,9.1829306707270490950197832268720753964,17.8152433755459072436990655332413662126,13.5,10,32,3.25,190.66,23659.24,4887.56
109510206,GB / Ponte 21st May,1m4f Hcap,21-05-2013 18:50,3027377,Sir Boss,0,15.5,10.5421992964977290055351708819527609868,9.04503157509434912344780381743493155208,15.5,9.09,1000,12.5,200.34,21961.92,1951.2
109510210,GB / Ponte 21st May,1m Hcap,21-05-2013 19:50,6458891,Mission Approved,0,1.8550508482125014,1.75415157318672962225149157237290891984,1.99529434500625070630996001079347041746,2.2,1.68,1000,1.68,10429.9,636077.46,61697.18
109510212,GB / Ponte 21st May,1m2f Hcap,21-05-2013 20:20,5077579,Painted Tail,0,36.86683919236877,17.8660148289476484462426905286171371413,17.1843157882938752493919147902085108209,38,13,900,38,201.62,17822.08,510.48
109510214,GB / Ponte 21st May,6f Mdn Stks,21-05-2013 20:50,7220573,Ground Ginger,0,240,148.978917755004724047413685979540535596,105.456493026523114410515160027626578129,250,75,1000,250,14.18,2838.72,53.48
109521055,GB / Towc 21st May,2m3f Mdn Hrd,21-05-2013 17:35,7095641,Tomibola,0,73.61147745930938,71.8284930233787329037945876930800726236,81.3420134378118147855829255426447566217,110,60,1000,85,16,1877.28,363.04
109521057,GB / Towc 21st May,2m Hcap Chs,21-05-2013 18:05,3385351,In The Haven,0,11.5,11.1320693729775894011017159098168114759,14.1895486425140751513265848182376021547,16,9.4,1000,9,342.94,12284.3,4460.7
109521059,GB / Towc 21st May,2m Claim Hrd,21-05-2013 18:35,1135547,Right Stuff,0,7.8,6.80380151512595474613570881743370567195,7.55242823238233240299711083769751252128,8.8,5.4,800,3.1,273.66,48109.8,8002.9
109521061,GB / Towc 21st May,3m Hcap Chs,21-05-2013 19:05,4504840,Watch House,0,44.84112965619192,42.6498047358033193833470203280710374645,35.9036402958201994505138524844385152804,75,30,1000,40,11.02,7817.84,1416.12
109521063,GB / Towc 21st May,2m3f Hcap Hrd,21-05-2013 19:35,3866738,Aegean Destiny,0,40.50444150261772,30.9221744908290453013887222827723263198,15.5692879790690060551405902816171678871,46,16.98,800,11,59.44,8062.76,1306.82
109510146,GB / Brig 21st May,7f Hcap,21-05-2013 14:10,4876063,Red Tulip,0,4.9,4.78038538770390373487717672199125653521,4.07584839653205025362742099269988621462,5.5,3.5,1000,4.5,6228.62,164334.06,9902.32
109510146,GB / Brig 21st May,7f Hcap,21-05-2013 14:10,6390344,Lincolnrose,1,21,20.0456590647538538452563702674641970215,20.1606047254015647161923378089277402536,24,17,26,1.01,210.14,10001.62,64265.66
109510148,GB / Brig 21st May,6f Mdn Stks,21-05-2013 14:40,7169092,Kaahen,0,87.40069197849546,69.8398639598726550672963482936445784863,25.8677845074252483599255181773583731744,120,30,1000,75,151.5,12463.6,484.9
109510148,GB / Brig 21st May,6f Mdn Stks,21-05-2013 14:40,6030626,Katie Galore,0,115.19093973736277,78.1555818224046009739522043712912514374,41.8065451291395037828618429710724947371,130,42,1000,85,93.66,6371.42,338.5
109510150,GB / Brig 21st May,5f Hcap,21-05-2013 15:10,1316946,Stonecrabstomorrow,0,10.5,8.8836702905142864272502347604107788242,7.06911755435630137558274637446520623275,15,6.4,800,10,1151.38,29854.9,1930.12
109510154,GB / Brig 21st May,1m2f Hcap,21-05-2013 16:10,5725390,Final Delivery,0,19,17.408985254662680422800254399687195479,9.251481479229505332795585696634131749,21,14,1000,16.5,410.24,12251.34,1404.14
109510156,GB / Brig 21st May,1m2f Hcap,21-05-2013 16:40,5586639,Beacon Lady,0,9,8.44772808455997917212839718220355683202,7.71951369144929257931814373267274777383,10,6.6,980,7,1664.98,53043.26,3406.68
109510158,GB / Brig 21st May,1m Hcap,21-05-2013 17:10,5455000,Ermyn Flyer,0,8.078624375400496,7.54623559564267559965071858911467781352,9.29777069817905600083046577904231646161,9.6,7.2,1000,6.4,163,25362.66,2547.88
109510165,GB / Newc 21st May,1m Hcap,21-05-2013 15:00,4850810,Tony Hollis,0,13.561688083,13.4286711914913925791308688260125546223,10.6895855260676499602552524024355326726,15.5,10.5,800,21,396.1,15916.82,449.76
109510165,GB / Newc 21st May,1m Hcap,21-05-2013 15:00,5019612,Iceblast,0,10.847038011,13.2795529493639749908911957693786925069,13.7317113762491309712840455039056677339,16,10,1000,9,283.08,17373.86,1403.82
109510167,GB / Newc 21st May,1m Hcap,21-05-2013 15:30,6520521,Tenacity,0,21,17.1561044908890184490588296428532414837,15.3204828636235820194018391858268391649,23,18,1000,11,35.4,7304.02,579.82
109510167,GB / Newc 21st May,1m Hcap,21-05-2013 15:30,5544915,Regal Acclaim,0,19,15.8226544632822747001335764768446641292,16.2006888797204078020590863298820366669,21,15,1000,15,101.98,7031.96,863.12
109510167,GB / Newc 21st May,1m Hcap,21-05-2013 15:30,3994247,Tukitinyasok,0,40.564122586,35.8403787968557985341965572792297003008,32.1986834192710129889854552298203506784,55,29,1000,25,31.04,5684.84,367.34
109510163,GB / Newc 21st May,5f Mdn Stks,21-05-2013 14:30,7203830,Assembly,0,1.7391645615209388,1.80335984628693652097534707978715767103,2.023437228963479441800936112747795431,2.4,1.64,1000,1.76,7904.22,626282.28,35070.16
109510169,GB / Newc 21st May,1m2f Mdn Stks,21-05-2013 16:00,7203836,Sacred Square,0,27.951572589589,19.2226319910607350195242515767880893672,12.2696556848669854296987155646108547007,32,11.5,1000,16,417.96,18242.5,1969.7
109510171,GB / Newc 21st May,1m2f Hcap,21-05-2013 16:30,4895960,Arc Light,1,8.640864490450479,6.95735242940151400105504711172920951101,5.75270236225930461939226412314186596541,8.8,5.2,15.5,1.01,3369.58,75439.22,53418.96
109510173,GB / Newc 21st May,2m Hcap,21-05-2013 17:00,6211310,Naburn,0,4.7955392695873025,4.78638706215386846892874681233771252783,6.5271690099545070921515112094448878357,8.84,4.6,1000,1.56,2418.5,163093.88,34507.06
109510173,GB / Newc 21st May,2m Hcap,21-05-2013 17:00,3735786,Maska Pony,0,13.211440466467756,15.3592071252466111347206163526228614365,25.1697464814426094570802772321665367394,32.39,12.5,1000,5.5,196.88,16326.58,4218.54
109510177,GB / Newc 21st May,5f Hcap,21-05-2013 18:00,4140393,Tongalooma,0,21.953332115417442,22.6352446916999825166301341174038099586,16.7117769611602712428264845150060858944,30,16.5,1000,11,138.3,15067.54,601.24
109510188,GB / Nott 21st May,2m Hcap,21-05-2013 15:20,5374819,Chapter Five,0,10.5,10.400669388922344100920685538246633202,13.5653392577813368283604350358439176687,20.79,9.8,800,7.8,487.44,21129.56,3105.46
109510188,GB / Nott 21st May,2m Hcap,21-05-2013 15:20,6342571,Albonny,1,10.182695468342665,8.00757675176792943353645904400060520146,7.30544229117060720117953764941092824056,12,6.43,12,1.01,1213.3,46262.62,72154.72
109510188,GB / Nott 21st May,2m Hcap,21-05-2013 15:20,4798045,Beyeh,0,7.6,6.97418666931394787430028368660002916684,8.06360954439568733302276837205431703469,9.26,6.43,900,2.3,957.48,52686.04,12456.3
109510192,GB / Nott 21st May,1m Mdn Stks,21-05-2013 16:20,6806225,Vitruvian Lady,1,46.333815340567384,36.0799495855143405746502584631877598643,18.6674820092286053079675967932983834221,50,24,70,1.01,64.42,6775.92,53046.76
109510194,GB / Nott 21st May,1m Mdn Stks,21-05-2013 16:50,7201008,Xclusive,0,93.40536649017885,81.1333431756204149795949915202810836951,93.9815313213241669781838428252091664598,140,65,1000,60,44.36,3425.82,304.1
109510194,GB / Nott 21st May,1m Mdn Stks,21-05-2013 16:50,7278295,First Peninsular,0,70,59.9730670901600156526208508348118085666,57.3983551827532147885264606901909617837,90,46,1000,36,39.62,3474.3,397.8
109510194,GB / Nott 21st May,1m Mdn Stks,21-05-2013 16:50,7212230,Circus Turn,0,14.81931514170101,12.3716351526215379258300764309987630356,4.02874392836102499230946447782813487262,19.5,3.83,800,8,2011.54,28409.76,3391.8
109510196,GB / Nott 21st May,1m Class Stks,21-05-2013 17:20,7059687,Red To Amber,0,22.444069950208068,17.5261170247408733231648599432361083558,16.6449949217285269891644778496530404065,27,13.5,630,25,195.06,14966,821.14
109510204,GB / Ponte 21st May,1m Hcap,21-05-2013 18:20,5652768,Sardanapalus,0,5.1,5.49022946205581233447794284476049834113,12.1524031667933737770655801012211599785,10.98,4.9,1000,2.2,546.54,89669.54,16138.92
109510206,GB / Ponte 21st May,1m4f Hcap,21-05-2013 18:50,5618739,My Guardian Angel,0,29.913631213845214,28.5727132221398729763400966967645348694,35.1739789996450229385777598674483030594,50,26,1000,19.5,63.38,11256.8,915.84
109510208,GB / Ponte 21st May,6f Cond Stks,21-05-2013 19:20,7163243,Scargill,0,26.389458392124066,34.436821752577085293012667531600997946,29.4489201021686121035625059573355787578,75,25,800,7,251.28,11185.14,2389.1
109510208,GB / Ponte 21st May,6f Cond Stks,21-05-2013 19:20,7285600,Barbara Elizabeth,0,599.3600329457175,439.603324374146926438456937622918369208,133.467947812740832183782026847825336727,800,100,1000,500,22.08,1555.96,37.96
109521055,GB / Towc 21st May,2m3f Mdn Hrd,21-05-2013 17:35,6326090,Union Du Chenet,0,4.211112478554751,3.76553327438195393548178456335824196892,3.76676348776916840488236999053885592998,4.4,3.68,800,3.05,639.56,76111.18,25063.58
109521057,GB / Towc 21st May,2m Hcap Chs,21-05-2013 18:05,1453979,Share Option,0,18.873151292570697,16.027072780619527784930328748460281491,17.2857480647378955713011859732729269962,23,13.5,1000,6,86.76,9397.32,5591.12
109521061,GB / Towc 21st May,3m Hcap Chs,21-05-2013 19:05,5120902,Bishophill Jack,1,4.907132099836163,4.79627649339637532509168817939230901531,4.72633099790792180812395077063723985922,5.5,4.5,25,1.2,652.24,88636.98,78110.4
109521063,GB / Towc 21st May,2m3f Hcap Hrd,21-05-2013 19:35,4045246,Diamonds Return,0,8.911570755286085,6.87810615386960197046896591433843342539,7.92475788287363886515361295627745750352,12.62,5.4,1000,7.2,201.98,93731.62,8086.98
109521063,GB / Towc 21st May,2m3f Hcap Hrd,21-05-2013 19:35,4319428,Around A Pound,0,35.77351645753719,25.4759395451562814048581726647481305456,15.5461637688686673246350360853034443955,38,15.67,1000,18,46.88,9823.1,1155.38
109521067,GB / Towc 21st May,2m Hcap Hrd,21-05-2013 20:35,6044679,Daddyslittlegirl,0,140,91.6086802974932649625306830876676743249,42.145738350720191432059816250452243746,140,42,1000,65,20.42,4329.6,1000.12
109510146,GB / Brig 21st May,7f Hcap,21-05-2013 14:10,6470976,Katy Spirit,0,14.925702198280272,18.5812148520410885114632009624960419768,29.9852369614344439600958648802177683691,34,15,670,11.5,441.08,10446.04,959
109510146,GB / Brig 21st May,7f Hcap,21-05-2013 14:10,6481411,Our Three Graces,0,8.4,8.11853448279832365034234373055515910957,7.89079703183438082715882212845436049353,8.8,7,990,6.6,1085.94,26164.12,2007.46
109510146,GB / Brig 21st May,7f Hcap,21-05-2013 14:10,6358562,Kwanto,0,50.22987678922225,47.2117403001760208007174676141171584105,19.3743819713278515573171274563661563423,75,14.5,900,50,510.96,6483.96,217.94
109510146,GB / Brig 21st May,7f Hcap,21-05-2013 14:10,6456194,Serenata,0,16,14.9291926460562859158275950912639099652,13.8306410426263024810802686185451967205,17.5,12.5,900,10.5,555.52,11030.54,2165.7
109510156,GB / Brig 21st May,1m2f Hcap,21-05-2013 16:40,4111692,Green Earth,1,11.5,9.18148916678784226656941613068424801076,9.81428978250359211831190020111396037693,13.5,7,14,1.01,334.22,38475.62,76568.52
109510158,GB / Brig 21st May,1m Hcap,21-05-2013 17:10,3817057,Indian Violet,0,28,20.9595330636813028731604805193366666936,22.5519280335220687268114435688720292945,28,18,1000,24,100.74,7858.14,540.22
109510158,GB / Brig 21st May,1m Hcap,21-05-2013 17:10,5465318,Darnathean,1,7.879489335499457,7.4634466933468843373866623289881898077,8.40079599784971453143270367131710554976,10.5,7.4,26,1.01,225.42,24527.72,141745.62
109510158,GB / Brig 21st May,1m Hcap,21-05-2013 17:10,5665112,Saint Irene,0,6.591216583,7.03401492268083094233671504074152308179,17.9441552936198367264810381800446338932,18,6.2,100,1.22,74.94,46845.54,32919.82
109510158,GB / Brig 21st May,1m Hcap,21-05-2013 17:10,5470458,Lightning Spirit,0,6.468712209523092,6.09210673286020863456959192866131338467,5.62737749685587777877399288630622733197,7.4,5.1,1000,2.2,1583.14,87383.16,10392.78
109510165,GB / Newc 21st May,1m Hcap,21-05-2013 15:00,5530618,Galilee Chapel,0,26.979009475675408,20.937536353436121863315821018548564457,18.4831918727199228801447024806280486216,28,18.5,800,28,145.34,7305.46,226.24
109510167,GB / Newc 21st May,1m Hcap,21-05-2013 15:30,5643661,Remember Rocky,0,9.455758147892995,10.828450166503591602734792792813508471,26.6113619776283745437074386616775906701,21,9.2,100,6,47.02,19717.84,2418.16
109510167,GB / Newc 21st May,1m Hcap,21-05-2013 15:30,4031415,Rasselas,0,9.2075613675105,8.03237442954959696894715329166320150656,6.78833312269595731294193340044393846,10.5,6,800,1.72,1794.82,34267.1,16614.1
109510163,GB / Newc 21st May,5f Mdn Stks,21-05-2013 14:30,7212233,The Nifty Blaze,0,14.412349721252717,15.6879874041851053081652072692890980001,10.5622269645138137696870460039186723793,26,10,1000,14,287.22,19378.94,1779.42
109510163,GB / Newc 21st May,5f Mdn Stks,21-05-2013 14:30,6742697,Ichimoku,1,13,11.2983374770834778581867616744378821444,11.3401243367465646902484278745622459755,14.5,8.4,15.5,1.01,457.66,42785.14,68959.42
109510173,GB / Newc 21st May,2m Hcap,21-05-2013 17:00,4751779,Ad Value,0,86.734184684,84.2107760033534563817558084337326749712,40.1038632320719913929330467747145378967,110,33.86,1000,42,69.38,2656.7,813.6
109510175,GB / Newc 21st May,7f Hcap,21-05-2013 17:30,4644881,Diescentric,0,11.5,11.3409088842606407918823579264287165583,20.3305804524666912037751703502467161585,24,10.5,1000,2.2,299.48,20488.24,11154.74
109510175,GB / Newc 21st May,7f Hcap,21-05-2013 17:30,5676566,Chookie Royale,0,38.51163499538322,27.5618211358847723594545876881083123767,26.7379398064902916013123210521166423956,40,13.21,1000,3.1,230.08,11915.14,4855.42
109510177,GB / Newc 21st May,5f Hcap,21-05-2013 18:00,5822809,Pivotal Prospect,0,9.166223054165242,11.4882185094948764878526602816963497621,13.9922205383880557651874222958379218488,15.5,9.2,1000,9,246.34,31080.06,1293.2
109510177,GB / Newc 21st May,5f Hcap,21-05-2013 18:00,5061059,Bailadeira,0,29,37.5200391739621437107371955943578743828,32.0496834863419489326033818670096063179,60,27,1000,29,61.06,12908.72,420.74
109510186,GB / Nott 21st May,6f Hcap,21-05-2013 14:50,69647,Laudation,0,9.2,7.81310360035822159901614342570521463081,6.93303935269531768983551130311578702291,10,6.6,1000,10,1862.48,55374.94,2118.82
109510188,GB / Nott 21st May,2m Hcap,21-05-2013 15:20,4922658,Cotton King,0,7.444027803497266,8.08612895193690507643890145408829833423,13.3378810659884253770643976848608427211,14.18,7.2,900,6,441.44,45621.52,4933
109510190,GB / Nott 21st May,1m2f Hcap,21-05-2013 15:50,6561389,Kikonga,1,3.748482699539994,3.34456967555569860476736270758495729831,2.82524104181704066659288970726923271978,3.9,2.54,4.9,1.01,3261.66,199721.1,102883.54
109510194,GB / Nott 21st May,1m Mdn Stks,21-05-2013 16:50,6440451,Ritaach,0,42.94060554610419,36.1943044560863404697258569663476290603,22.9602746663291189431361952768533077419,50,21,1000,20,210.8,8954.82,1201.74
109510194,GB / Nott 21st May,1m Mdn Stks,21-05-2013 16:50,6981141,Triple Aitch,0,71.95600943328611,54.5739568642296271484042377173226810856,83.2872596524339245836473186293261155589,120,50,1000,10.5,47.5,4001.88,1625.66
109510194,GB / Nott 21st May,1m Mdn Stks,21-05-2013 16:50,7235002,Elusive Bleu,0,114.69439210023728,166.791096057326212735694127714843114704,112.011111967097858616362071347839166206,430,80,1000,140,2.1,2097.2,49.56
109510206,GB / Ponte 21st May,1m4f Hcap,21-05-2013 18:50,5045742,Getabuzz,0,10.6991636527262,9.67065142250706390101316395637276985967,15.8947115533046457794076599303418059547,18.18,9.2,1000,1.33,403.56,28538.74,26880.04
109510212,GB / Ponte 21st May,1m2f Hcap,21-05-2013 20:20,5926530,Croftamie,0,27.963640784579322,25.3517072634092961000177654321030096973,22.4602003342213157856195603166535267198,38,24,800,16,86.66,9759.9,1037.04
109521055,GB / Towc 21st May,2m3f Mdn Hrd,21-05-2013 17:35,5991914,Shadesofnavy,0,1000,720.46965582780041217786935974516098346,834.149173887012505907086259189783910151,1000,569.29,1000,100,31.76,303,1791.38
109521057,GB / Towc 21st May,2m Hcap Chs,21-05-2013 18:05,4602094,Kayfton Pete,0,3.9437586952946915,3.57881401808039127979570695202901613031,3.49786044989151572507262876457072387575,4.2,3.2,1000,3.9,1728.82,92635.3,31415.04
109521059,GB / Towc 21st May,2m Claim Hrd,21-05-2013 18:35,2123187,Marodima,0,4.031810334,3.89376059372528838677118515770607229662,3.49535823568020658753151899008788763736,4.4,3.45,1000,3,1061.06,155017.82,42114.22
109521059,GB / Towc 21st May,2m Claim Hrd,21-05-2013 18:35,2163272,Dark Energy,1,7.2418187652644725,8.15885993163259853667386945597820598584,10.2471281844406437962575048729755572726,12.5,6.8,7.4,1.01,188.7,44723.08,94199.08
109521061,GB / Towc 21st May,3m Hcap Chs,21-05-2013 19:05,3721743,Red Rouble,0,9.093443649170805,7.74827431548662988485233678664291766183,9.792022622052417807317546703991508578,9.4,6.8,1000,7.6,109.44,33964.46,5755.86
109521061,GB / Towc 21st May,3m Hcap Chs,21-05-2013 19:05,4504834,Strongbows Legend,0,6.4,6.59708027505023880744838504943293830365,6.59723044495317340005539173795856634363,7.8,6.2,1000,1.5,374.24,42716.38,75213.88
109521063,GB / Towc 21st May,2m3f Hcap Hrd,21-05-2013 19:35,4581149,Thoresby,1,14.5,12.9794254176420325518135073161112218874,14.1654279501446020745151921399598979683,16,10.64,15.5,1.01,75.62,22225.08,74671.22
109521063,GB / Towc 21st May,2m3f Hcap Hrd,21-05-2013 19:35,5382930,Bob Lewis,0,6,6.64708063876333096839674272472600958148,8.76458378693311289222031956728710174301,9.57,6,200,1.3,390.32,67071.98,33835.12
109521067,GB / Towc 21st May,2m Hcap Hrd,21-05-2013 20:35,3752026,Flash Harriet,0,10.447379950807735,11.0154084724745680419162816243662746351,12.9253752834351482745952836177572017771,14,9.2,1000,6,113.4,33736.16,6350.66
109521067,GB / Towc 21st May,2m Hcap Hrd,21-05-2013 20:35,5132677,Definite Lady,0,17.888438789587173,18.2199176596628094288342528110101561699,10.1480213623877213183679241880099668641,24,14.5,1000,15,97.84,13733.28,1741.62
