EVENT_ID,MENU_HINT,EVENT_NAME,EVENT_DT,SELECTION_ID,SELECTION_NAME,WIN_LOSE,BSP,PPWAP,MORNINGWAP,PPMAX,PPMIN,IPMAX,IPMIN,MORNINGTRADEDVOL,PPTRADEDVOL,IPTRADEDVOL
201523535,USA / Woodbine (US) 30th Jul,R1 6f Claim,30-07-2022 18:00,28618020,Dixie Giant,1,11.44100977424998,10.7172567512626365393450489097575862602,1,12,12,1.01,1.01,0,339.82,3530.54
201523535,USA / Woodbine (US) 30th Jul,R1 6f Claim,30-07-2022 18:00,40075401,Im A Chi Too,0,5.769982483501371,3.82676770313881803188283041223935853692,1,4.9,4.6,320,100,0,1218.92,338.52
201523541,USA / Woodbine (US) 30th Jul,R7 1m Hcap,30-07-2022 21:06,19851182,Lido Key,0,3.95,3.12430995063134186002658558482035894883,1,4.4,4,1,1001,0,3158.8,598.36
201523541,USA / Woodbine (US) 30th Jul,R7 1m Hcap,30-07-2022 21:06,40720983,Hallanvaara,0,120,73.0053743747394400919594224920572086033,1,75,75,880,220,0,14.02,108.52
201523536,USA / Woodbine (US) 30th Jul,R2 7f Mdn Claim,30-07-2022 18:29,24442812,Exit Stage Right,0,6.2,4.65513024932796432867419804263272606999,1,5.9,5.8,690,690,0,1024.54,305.27
201523536,USA / Woodbine (US) 30th Jul,R2 7f Mdn Claim,30-07-2022 18:29,40605790,Frac Tales,0,31.20510274015875,23.5308180965783579511085449514429244352,1,1,1001,1,1001,0,151.67,205.2
201523538,USA / Woodbine (US) 30th Jul,R4 5f Allw Claim,30-07-2022 19:29,24260448,Take It Easy,0,17.531408136763343,20.360139127466473738886851703725810395,1,27,27,40,40,0,153.63,54.64
201523538,USA / Woodbine (US) 30th Jul,R4 5f Allw Claim,30-07-2022 19:29,39899128,Ol Blondie,0,5.896651354,4.60321391566710548391453849451745374532,1,5.7,5.3,1,1001,0,1970.52,262.58
201523539,USA / Woodbine (US) 30th Jul,R5 5f Mdn Claim,30-07-2022 20:04,47095276,One Last Fling,0,31.713822558,27.001107993106203813121726358669374982,1,30,30,1,1001,0,66.28,14.69
201523542,USA / Woodbine (US) 30th Jul,R8 1m2f Stks,30-07-2022 21:40,35136337,Like The King,0,7.2,6.82406352205130365589964676148109381251,1,8.2,7,1,1001,0,885.04,644.02
201522937,USA / Laurel Park (US) 30th Jul,R6 6f Stks,30-07-2022 20:24,28563769,Spun Glass,1,4.503970697,3.27274974745250814011166825990326077036,1,7,4.1,1.05,1.05,0,3148.46,2491.94
201522934,USA / Laurel Park (US) 30th Jul,R5 7f Stks,30-07-2022 19:52,40590179,Sweet Gracie,0,23,16.1820454339746986244156268350510879604,1,27,22,1,1001,0,462.3,660.25
201522931,USA / Laurel Park (US) 30th Jul,R4 6f Mdn,30-07-2022 19:19,41503407,Hidden Rod,0,65,26.8433023202895471973716497436176401346,1,80,42,1,1001,0,175.77,46.72
201522931,USA / Laurel Park (US) 30th Jul,R4 6f Mdn,30-07-2022 19:19,45197298,Irish Mcdougal,0,37.30000336467288,12.4606206462552894161538753269426451484,1,36,36,840,710,0,266.58,114.39
201522922,USA / Laurel Park (US) 30th Jul,R1 7f Mdn,30-07-2022 17:40,46505316,Fivecommatwo,0,3.8,2.34495926277572545628685560716063364368,1,3.45,2.52,1,1001,0,1584.64,802.18
201522925,USA / Laurel Park (US) 30th Jul,R2 1m1f Claim,30-07-2022 18:11,28591109,Towering Gaze,0,27,22.0594959115607088248446842114842947975,1,23,20,1,1001,0,145.8,45.41
201522928,USA / Laurel Park (US) 30th Jul,R3 7f Allw Claim,30-07-2022 18:46,10761029,Zen Master,0,4.7,2.66023980270975420104450706949980048796,1,1,1001,790,100,0,1071.16,421.86
201522946,USA / Laurel Park (US) 30th Jul,R9 1m1f Stks,30-07-2022 21:58,20570340,Tappin Cat,0,18.07224097258411,16.5586585731556124341331216499949608207,1,18,17,420,420,0,483.9,91
201522949,USA / Laurel Park (US) 30th Jul,R10 6f Claim,30-07-2022 22:28,20266796,Scotty Brown,0,6.2,4.43639652851708197143878760389562870209,1,6,5.7,1,1001,0,2060.14,152.34
201522949,USA / Laurel Park (US) 30th Jul,R10 6f Claim,30-07-2022 22:28,25094860,Flank Speed,1,2.7445746656943815,2.27254180870797450683773562761028987286,1,3.8,2.66,1.06,1.01,0,7748.26,4402.84
201522949,USA / Laurel Park (US) 30th Jul,R10 6f Claim,30-07-2022 22:28,39834060,Loaded Sniper,0,27,15.6308926851201918361970533890227953288,1,14,14,1,1001,0,429.3,55.78
201522949,USA / Laurel Park (US) 30th Jul,R10 6f Claim,30-07-2022 22:28,40214349,Dontcrossfuzzy,0,16.5,13.8499165406062370519155107365353918218,1,16,13,700,170,0,659.86,32.33
201495887,USA / Charles Town (US) 29th Jul,R4 7f Claim,30-07-2022 01:32,24439413,Centerfold Angel,1,3.25,2.03230153634876700036633337776958210874,2.45135532191646656703869424263299563999,3.25,2.6,1.01,1.01,9087.14,6074.1,1619.96
201495889,USA / Charles Town (US) 29th Jul,R6 7f Claim,30-07-2022 02:32,8832394,Brutus,0,8.171521115,7.78916833944420213796283953285611179633,8.6209083316533709644903954151427008035,1,1001,700,700,347.23,184.44,7.71
201495889,USA / Charles Town (US) 29th Jul,R6 7f Claim,30-07-2022 02:32,26924820,Widget Factory,0,11.077962298,10.6470104152399150118234084243341479732,8.59249957189337290941263770763171413893,1,1001,1,1001,350.38,211.02,2.5
201495889,USA / Charles Town (US) 29th Jul,R6 7f Claim,30-07-2022 02:32,10378627,Southside Warrior,0,4.8223308087865,4.03502269156956581799571369969124773432,4.36248970004058491471018681359225689021,5.4,4.8,1,1001,1626.22,1208.26,5.68
201495891,USA / Charles Town (US) 29th Jul,R8 7f Mdn,30-07-2022 03:32,181851,In The Limelight,0,49.79071493685549,40.2310952280681102928004310821424622482,7.80775832475111568829385513216615173361,1,1001,1,1001,58.26,6,.3
201495891,USA / Charles Town (US) 29th Jul,R8 7f Mdn,30-07-2022 03:32,40367963,Orangeburg,0,12.102861796822399,8.87645725248672737171713098060453473064,7.21843579537077989090372991301783871443,1,1001,1,1001,271.32,169.1,.58
201495888,USA / Charles Town (US) 29th Jul,R5 5f Mdn Claim,30-07-2022 02:02,27157516,Hurricane Director,1,11,12.1216001549605765391714678051045946982,6.90456387063340635526346783501754881869,21,11.5,1,1001,849.06,405.4,256.46
201495886,USA / Charles Town (US) 29th Jul,R3 7f Claim,30-07-2022 01:02,38037034,Bobby Two Times,0,48.59623178954003,15.8209693377143998070284048453178074647,18.4233943513150755347402690121940771625,65,46,1,1001,350.17,348.44,1.73
201525242,USA / Evangeline Downs (US) 30th Jul,R1 1m Mdn Claim,30-07-2022 23:30,34000355,Hesacalendarboy,0,5.2032490747963305,4.12809770535679282489861824882137832448,1,4.9,4.3,100,100,0,1539.98,297.16
201525245,USA / Evangeline Downs (US) 30th Jul,R4 5f Claim,31-07-2022 00:51,19839952,Coco Tiger,0,3.45,2.67264949202264467382453224937236709011,1,3.6,3.6,1,1001,0,1062.8,93.9
201525245,USA / Evangeline Downs (US) 30th Jul,R4 5f Claim,31-07-2022 00:51,25314210,Reeces Priority,0,22.388666420141497,14.3240968855121153973910915265592996803,1,1,1001,24,24,0,64.84,20
201525313,USA / Charles Town (US) 30th Jul,R1 7f Allw,31-07-2022 00:00,40605803,Wicked Wisdom,0,27.05413905350663,15.1032122136332099256976161198246219342,1,1,1001,1,1001,0,203.42,4.9
201525314,USA / Charles Town (US) 30th Jul,R2 7f Claim,31-07-2022 00:32,14246271,Tapete Claire,0,40,20.6036685166497838501958153357797350815,1,42,32,1,1001,0,326.08,7.38
201495827,USA / Evangeline Downs (US) 29th Jul,R5 5f Mdn Claim,30-07-2022 01:18,46144831,Cabochon Treasure,1,2.5,1.6190808978283673908808320621379874374,1.80507841027950761396756386538669128349,2.74,2.4,1.01,1.01,5373.02,2549.78,2275.7
201495829,USA / Evangeline Downs (US) 29th Jul,R7 1m Allw,30-07-2022 02:13,37245053,Glory To Me,0,25.3529107367908,24.4442796649744066665496858215253434284,10.81784719458814166335057699960206924,21,21,1,1001,100.52,30.8,2.54
201495829,USA / Evangeline Downs (US) 29th Jul,R7 1m Allw,30-07-2022 02:13,38396186,Lady Churchill,0,6.296548289225903,5.39451349547760178466063461921229535345,4.47463510969852192427561946493041626809,6.2,6.2,1,1001,648.14,365.44,4.12
201495828,USA / Evangeline Downs (US) 29th Jul,R6 6f Claim,30-07-2022 01:46,40200997,Madame Jane,0,3.4132619196543232,1.61088274049705405422444955072494046401,2.13367280422727480552053872933553667187,3.35,3.2,1.1,1.1,3062.02,2035.28,1026.74
201495314,USA / Penn National (US) 29th Jul,R8 1m1f Allw,30-07-2022 02:10,4188155,Moti,0,6.015455896148076,4.69642157376116403466539424673903523305,5.37538560808959366409447287705620817975,6,6,1,1001,1131.33,661.46,168.73
201523009,USA / Gulfstream Park (US) 30th Jul,R2 6f Claim,30-07-2022 17:55,40230262,Summer Ash,0,21.637234737,14.0484199959520132246592023602942544657,1,1,1001,710,44,0,83.16,39.6
201523009,USA / Gulfstream Park (US) 30th Jul,R2 6f Claim,30-07-2022 17:55,36326837,Trinni Summer,0,36,34.3418858650918498987045025200055659459,1,1,1001,1,1001,0,20.2,38.88
201523006,USA / Gulfstream Park (US) 30th Jul,R1 1m Mdn Claim,30-07-2022 17:25,45254774,Grave Danger,0,7.476418145529461,4.27911278239706642611923902499357674862,1,1,1001,1,1001,0,1186.42,160.52
201523006,USA / Gulfstream Park (US) 30th Jul,R1 1m Mdn Claim,30-07-2022 17:25,42038663,Silver Matt,0,57.32628660766852,10.5470810112723103029060963812882210734,1,1,1001,1,1001,0,56.46,84.92
201523006,USA / Gulfstream Park (US) 30th Jul,R1 1m Mdn Claim,30-07-2022 17:25,39459745,Catching Magic,0,38,14.2890659408772840085903212352327202816,1,46,46,1,1001,0,90.46,3.49
201523018,USA / Gulfstream Park (US) 30th Jul,R5 7f Mdn Claim,30-07-2022 19:25,28411413,Pretty Devil,0,25.26805764966644,24.717659205720127842703058255256330789,1,28,28,990,990,0,62.28,14.6
201523018,USA / Gulfstream Park (US) 30th Jul,R5 7f Mdn Claim,30-07-2022 19:25,43843736,Capridrey,1,2.605641497,1.3840912762521168621902271286682815002,1,2.5,2.18,1.01,1.01,0,4308.08,5613.26
201523018,USA / Gulfstream Park (US) 30th Jul,R5 7f Mdn Claim,30-07-2022 19:25,38703912,Shes Outta Here,0,27.700739962584343,36.3919553184741833077854804114737352845,1,42,42,1,1001,0,27.94,181.5
201523018,USA / Gulfstream Park (US) 30th Jul,R5 7f Mdn Claim,30-07-2022 19:25,47095304,Balmedie,0,17.65216624,20.7454513476200599481579870063531759699,1,1,1001,730,730,0,51.74,15.78
201523024,USA / Gulfstream Park (US) 30th Jul,R7 1m Claim,30-07-2022 20:31,18042247,Benelux,0,7.879750834,4.63192211592818128952371184547395415386,1,7.2,7.2,1,1001,0,660.1,618.3
201523024,USA / Gulfstream Park (US) 30th Jul,R7 1m Claim,30-07-2022 20:31,28022169,Poco Charlie,1,7.692102728119918,3.69908855291068976271218059183531828661,1,1,1001,1.01,1.01,0,531.62,4829.5
201523024,USA / Gulfstream Park (US) 30th Jul,R7 1m Claim,30-07-2022 20:31,22560729,Stage Ready,0,72.79855629913509,4.81811473446955471279664423300122879711,1,1,1001,750,50,0,33.86,15.04
201523027,USA / Gulfstream Park (US) 30th Jul,R8 7f Mdn,30-07-2022 21:03,44463264,Kittens Appeal,0,9.731190377566957,6.59632288089029428276261510983578092507,1,9,6.4,1,1001,0,1639.18,388.76
201523027,USA / Gulfstream Park (US) 30th Jul,R8 7f Mdn,30-07-2022 21:03,47095308,Reaching Stride,0,5.676003145627909,4.61617310213147794001026777145641546764,1,5.8,5.4,690,690,0,920.82,64.87
201523015,USA / Gulfstream Park (US) 30th Jul,R4 6f Claim,30-07-2022 18:55,36186251,Loyal Louie,0,10.000191770587115,6.50599550604859752248760544297253942536,1,7.6,7.6,1,1001,0,574.12,110.35
201523021,USA / Gulfstream Park (US) 30th Jul,R6 1m Allw,30-07-2022 19:59,35702063,Flying Black,0,2.867092303,1.74608924952569656886857130555300151908,1,3.1,2.74,1,1001,0,5754.42,634.53
201523030,USA / Gulfstream Park (US) 30th Jul,R9 5f Allw Claim,30-07-2022 21:35,25333775,Henrys World,0,19,21.6730860954193364756027279562216069284,1,27,20,1,1001,0,304.76,12.36
201523030,USA / Gulfstream Park (US) 30th Jul,R9 5f Allw Claim,30-07-2022 21:35,28554567,Big Daddy Dave,0,2.399668715898459,1.54901408308036911944649178526287458094,1,2.78,2.34,2.7,2.4,0,5752.56,1313.12
201523175,USA / Monmouth Park (US) 30th Jul,R9 1m Claim,30-07-2022 21:10,10150075,Spark,0,4.7934286941673765,3.16549930351004090438969545194774507865,1,4.8,4.2,1,1001,0,2861.98,57.42
201523170,USA / Monmouth Park (US) 30th Jul,R4 6f Mdn,30-07-2022 18:42,39927661,Chief Engineer,0,13.5,14.6447554170201715756215215498941406588,1,1,1001,710,710,0,86.7,147.45
201523172,USA / Monmouth Park (US) 30th Jul,R6 6f Mdn,30-07-2022 19:40,17773632,Te Amo,0,34.173569896439176,29.6281363459291195268147862556717734229,1,32,32,170,170,0,79.28,71.61
201523172,USA / Monmouth Park (US) 30th Jul,R6 6f Mdn,30-07-2022 19:40,43002215,Lassies Notion,0,4.5,3.69591976951117722695467433227639410349,1,4.7,4.4,700,700,0,1078.82,131.08
201523174,USA / Monmouth Park (US) 30th Jul,R8 6f Claim,30-07-2022 20:40,13229415,Nothins Free,1,4.4,2.83226054334050359901041075919050215127,1,5.8,3.85,1.01,1.01,0,2581.92,3104.66
201523174,USA / Monmouth Park (US) 30th Jul,R8 6f Claim,30-07-2022 20:40,15183225,Salsa Rita,0,21.97684323412738,2.99542516273043525287730978145955126549,1,1,1001,1,1001,0,147.74,147.54
201523176,USA / Monmouth Park (US) 30th Jul,R10 6f Allw Claim,30-07-2022 21:40,25725088,Roselba,0,10.5,7.17092118827588993384290910003017071399,1,1,1001,1,1001,0,209.82,75.5
201523169,USA / Monmouth Park (US) 30th Jul,R3 6f Allw,30-07-2022 18:13,33149239,Oddsondustymiller,0,45.428629683489916,38.4957209325963052220042911569519878723,1,50,38,750,750,0,57.48,10.79
201523173,USA / Monmouth Park (US) 30th Jul,R7 1m Claim,30-07-2022 20:10,40077132,Comedic Timing,0,9.789196065861935,7.04256476532335792484067854593802783645,1,12.5,10,5.1,5,0,760.64,1388.39
201525257,USA / Emerald Downs (US) 30th Jul,R6 7f Allw Claim,31-07-2022 00:56,31422647,Mr. Stang,0,7.653131937,4.57468417682493675870260318421846080604,1,7.4,6.4,1,1001,0,1043.58,29.02
201525256,USA / Emerald Downs (US) 30th Jul,R5 6f Claim,31-07-2022 00:28,13297853,Miss Monique,0,10.336669223608332,8.66089607252835125778414707619419730792,1,10.5,10,1,1001,0,348.26,26.14
201525256,USA / Emerald Downs (US) 30th Jul,R5 6f Claim,31-07-2022 00:28,27698611,Stand In Your Love,0,32.320500889,30.9171931732533442022847987260492597225,1,34,30,1,1001,0,68.86,10.12
201525252,USA / Emerald Downs (US) 30th Jul,R1 1m Claim,30-07-2022 22:15,36005990,Perfect One,0,4.5,4.30245108150549786850845196171642956167,1,10,3.95,1,1001,0,1746.34,339.08
201522990,USA / Saratoga (US) 30th Jul,R11 1m Claim,30-07-2022 23:47,22908619,The Last Zip,0,5,3.74466804523584104775485394641428724787,1,5.2,4.4,1,1001,0,5845.54,10.99
201522969,USA / Saratoga (US) 30th Jul,R4 6f Mdn Claim,30-07-2022 19:40,39803387,Queen De La Creme,0,23.315841455245383,18.4992398894226939704272680411132466999,1,24,16.5,1,1001,0,450.1,7.73
201522978,USA / Saratoga (US) 30th Jul,R7 6f Mdn,30-07-2022 21:17,8345506,Mister Chairman,1,3.9621835714658653,2.71346060816594370405835518079199858443,1,4.2,3.2,1.01,1.01,0,4653,4257.04
201522978,USA / Saratoga (US) 30th Jul,R7 6f Mdn,30-07-2022 21:17,41707679,Built To Last,0,4.5,3.87536694336700064860498614581196115225,1,4.6,4.4,1,1001,0,2305.22,36.32
201522978,USA / Saratoga (US) 30th Jul,R7 6f Mdn,30-07-2022 21:17,41923904,Ripe For Mischief,0,13,11.9793282122918227172737577524522180049,1,15.5,12,1,1001,0,1095.22,24.78
201522978,USA / Saratoga (US) 30th Jul,R7 6f Mdn,30-07-2022 21:17,42436725,Central Pride,0,34,27.2187761915536457844292531475240792385,1,36,27,1,1001,0,196.9,11.02
201522975,USA / Saratoga (US) 30th Jul,R6 1m1f Allw,30-07-2022 20:44,24530138,Blissful,0,7.78902039184264,5.31973542993453696041416508967106345936,1,7.6,6,1,1001,0,2619.84,14.41
201522960,USA / Saratoga (US) 30th Jul,R1 6f Mdn,30-07-2022 18:05,240912,Swiss Guard,0,4.918156635,3.67983975598906740130581107385573466333,1,4.8,4.8,690,620,0,2175.84,56.14
201524226,USA / Canterbury Park (US) 30th Jul,R3 1m Claim,31-07-2022 00:12,24579224,Fullbridledphantom,0,18.850684476625176,10.5272543364624884433640456246405900424,1,14.5,13.5,710,710,0,507.58,15.32
201524226,USA / Canterbury Park (US) 30th Jul,R3 1m Claim,31-07-2022 00:12,25204967,Mr. Who,0,4.548424715504748,3.229099024202234164436013495998985817,1,5.1,4.8,920,690,0,2407.78,184.54
201522953,USA / Delaware Park (US) 30th Jul,R2 6f Claim,30-07-2022 18:00,36019290,My Boss Lady,0,10.5,7.14349714883408709229865769458390343852,1,11.5,11.5,1,1001,0,671.94,26.9
201522954,USA / Delaware Park (US) 30th Jul,R3 6f Claim,30-07-2022 18:30,16511834,Binkster,0,7.2,4.95061314078831522334257541498626238513,1,7,5.5,690,690,0,1249.92,47.16
201522955,USA / Delaware Park (US) 30th Jul,R4 5f Claim,30-07-2022 19:00,41644979,Paper Mansion,1,3.3,2.3453753258183820092903944357198084011,1,3.45,3.15,1,1001,0,4804.96,1605.82
201522958,USA / Delaware Park (US) 30th Jul,R7 6f Allw Claim,30-07-2022 20:30,39641154,Alayla,0,9.4,8.55214963972185862170270954955995272221,1,10,9.8,700,700,0,581.22,69.26
201522958,USA / Delaware Park (US) 30th Jul,R7 6f Allw Claim,30-07-2022 20:30,36260506,Salt Plage,0,14,8.53223453981867074065587164060202104738,1,12,10.5,700,700,0,468.9,12.34
201522952,USA / Delaware Park (US) 30th Jul,R1 6f Mdn Claim,30-07-2022 17:30,24950189,Purrs Well,0,9.09283251559362,8.58050117705516003436922809692262509989,1,11,10,1,1001,0,802.5,5.36
201522952,USA / Delaware Park (US) 30th Jul,R1 6f Mdn Claim,30-07-2022 17:30,39412873,Any Minute,1,3.75,2.49309110536393395839557105484505278642,1,1,1001,1,1001,0,540.82,1694.92
201522952,USA / Delaware Park (US) 30th Jul,R1 6f Mdn Claim,30-07-2022 17:30,41902988,Renees Z Va,0,33.52198381288582,22.6881598361404947865255104119633667966,1,1,1001,1,1001,0,33.9,3.87
201523541,USA / Woodbine (US) 30th Jul,R7 1m Hcap,30-07-2022 21:06,25799997,Ann Of Cleves,0,7.355335237114923,5.03908075218254382318655392265203242853,1,6.4,5.5,1,1001,0,601.14,663.56
201523541,USA / Woodbine (US) 30th Jul,R7 1m Hcap,30-07-2022 21:06,40885072,Billyjane,0,19.018365540318186,19.4600460830826261499087773669206310751,1,19,17.5,710,710,0,171.14,90.15
201523544,USA / Woodbine (US) 30th Jul,R10 1m Claim,30-07-2022 22:48,39424680,Princess Halime,1,1.8,.766627436483327774895897935567358000795,1,2.06,1.78,1.04,1.01,0,8390.74,6531.58
201523539,USA / Woodbine (US) 30th Jul,R5 5f Mdn Claim,30-07-2022 20:04,45397970,Canadiansweetheart,0,60,37.8445727147673369908361544784554677191,1,1,1001,1,1001,0,13.27,7.72
201523542,USA / Woodbine (US) 30th Jul,R8 1m2f Stks,30-07-2022 21:40,14594934,Sir Sahib,0,65,55.6016761707912136599917930549292364111,1,60,55,1,1001,0,49.44,10.77
201523542,USA / Woodbine (US) 30th Jul,R8 1m2f Stks,30-07-2022 21:40,11807402,Mighty Heart,0,13.901613790700212,11.512285736468204524070736518961313861,1,14.5,11,1,1001,0,494.5,23.43
201523542,USA / Woodbine (US) 30th Jul,R8 1m2f Stks,30-07-2022 21:40,12876566,Primo Touch,0,70,53.356315010089448400597255065842951456,1,65,65,1,1001,0,27.6,2.53
201522937,USA / Laurel Park (US) 30th Jul,R6 6f Stks,30-07-2022 20:24,15201008,Dendrobia,0,44,35.2146774171253245082472001615437036309,1,44,32,980,90,0,153.38,77.83
201522937,USA / Laurel Park (US) 30th Jul,R6 6f Stks,30-07-2022 20:24,26647441,Golden Can,0,22,22.2160477251535618929986334513314217658,1,1,1001,980,710,0,232.08,260.87
201522937,USA / Laurel Park (US) 30th Jul,R6 6f Stks,30-07-2022 20:24,28678717,Margies Heaven,0,17,16.2160401167495454089528661621882623842,1,1,1001,980,710,0,361.08,50.13
201522937,USA / Laurel Park (US) 30th Jul,R6 6f Stks,30-07-2022 20:24,40538704,Mattitude,0,7.4,5.62552157955666325490418233691646484377,1,6.8,6.4,980,820,0,1407.2,355.67
201522940,USA / Laurel Park (US) 30th Jul,R7 7f Stks,30-07-2022 20:57,41694830,Alottahope,1,3.3170876556594164,2.73833932282359111764805625549196543397,1,3.95,3.6,1.01,1.01,0,3749.1,5545.52
201522943,USA / Laurel Park (US) 30th Jul,R8 6f Stks,30-07-2022 21:28,36140552,Jaxon Traveler,0,3.776457080126857,2.24963659274386936592979032141780733555,1,3.65,2.52,1,1001,0,9495.4,468.68
201522943,USA / Laurel Park (US) 30th Jul,R8 6f Stks,30-07-2022 21:28,26258417,Showtime Cat,0,110.90535825524483,68.903996676395454432689845011431005331,1,100,60,1,1001,0,73.41,124.68
201522922,USA / Laurel Park (US) 30th Jul,R1 7f Mdn,30-07-2022 17:40,44640298,Galactic Tide,0,28.796240664190538,27.39486909377464634693733459112967535,1,28,22,1,1001,0,102.76,26.71
201522928,USA / Laurel Park (US) 30th Jul,R3 7f Allw Claim,30-07-2022 18:46,38668662,Maximum Impact,0,10.137223930601031,2.38408725817559713648872110900872264995,1,1,1001,1,1001,0,343.36,289.41
201495887,USA / Charles Town (US) 29th Jul,R4 7f Claim,30-07-2022 01:32,28746753,Courageous Grace,0,7,7.00452403874673979224897944782680427704,6.73917032720024698446056102303563400803,9.8,6.2,14.5,7.2,1846.27,915.66,512.05
201495887,USA / Charles Town (US) 29th Jul,R4 7f Claim,30-07-2022 01:32,40894983,Torch Carrier,0,8.6,9.20771295502639764157662650909555232892,8.43378729142086634080566323950783751896,11.5,9,1,1001,593.3,446.18,19.44
201495889,USA / Charles Town (US) 29th Jul,R6 7f Claim,30-07-2022 02:32,38649573,Buzzhound,0,11.597690678227227,7.47137158150834484292984551489112705886,7.53883697283687599864426475572556045127,9.4,7.8,1,1001,619.59,461.22,11.63
201495890,USA / Charles Town (US) 29th Jul,R7 7f Claim,30-07-2022 03:02,38537973,Political Decision,0,15,14.9560604871769530728301212308214960574,6.78392386970586022718724140525088392387,1,1001,1,1001,265.86,86.2,4.26
201495890,USA / Charles Town (US) 29th Jul,R7 7f Claim,30-07-2022 03:02,21654597,Thorn Of Rose Hill,0,47.485484896,36.7862817729359095581110292470642340494,22.6631701631701631701631701631701631702,46,38,1,1001,68.64,33.26,1.04
201495888,USA / Charles Town (US) 29th Jul,R5 5f Mdn Claim,30-07-2022 02:02,41469215,Jess For Kicks,0,2.5123871824119117,1.34976787111402298926899957173733905164,2.20206687646476918889132325505739571507,2.42,2.24,1,1001,6024.84,4827.7,73.46
201495888,USA / Charles Town (US) 29th Jul,R5 5f Mdn Claim,30-07-2022 02:02,3455606,See That Girl,0,16.5,15.7111343951956795462990549569798032526,7.72616605934409161894846434148880791255,16.5,16.5,1,1001,307.36,118.16,19.16
201495888,USA / Charles Town (US) 29th Jul,R5 5f Mdn Claim,30-07-2022 02:02,39983474,My Best Girl,0,23.665226357806436,27.1429293833268090544039433926829143947,10.8668124784160239438241049844595372396,29,24,1,1001,173.74,57.06,.36
201495886,USA / Charles Town (US) 29th Jul,R3 7f Claim,30-07-2022 01:02,22391740,Southern Saviour,0,16,11.4011545881856997863668155073094517466,13.4129056322267810518463259977620290936,21,17.5,1,1001,428.96,424.02,4.94
201525242,USA / Evangeline Downs (US) 30th Jul,R1 1m Mdn Claim,30-07-2022 23:30,45550294,Wildcard Gold,0,79.36545115537942,50.4146623335654420271272092534404866312,1,75,60,740,250,0,130.49,3.66
201525243,USA / Evangeline Downs (US) 30th Jul,R2 7f Claim,30-07-2022 23:57,37187558,Takenforgranted,0,6.570623994826454,5.91825455602165655952372037486389578083,1,7.2,6.6,1,1001,0,2671.36,12.3
201525244,USA / Evangeline Downs (US) 30th Jul,R3 7f Claim,31-07-2022 00:24,42346928,Full Of Glory,0,4.5,3.31022689351177629543147314704579313193,1,4.4,4.2,1,1001,0,2020.26,51.18
201525245,USA / Evangeline Downs (US) 30th Jul,R4 5f Claim,31-07-2022 00:51,12711135,Impact Player,1,33.380299816817825,23.3156651330202447686970788646141029758,1,1,1001,1,1001,0,61.9,1047.85
201525314,USA / Charles Town (US) 30th Jul,R2 7f Claim,31-07-2022 00:32,22867474,Dustwhirl Wonder,1,1.3394850258744557,.315063115480466859523793297939112918684,1,1.38,1.28,1.04,1.01,0,25850.72,4288.7
201495827,USA / Evangeline Downs (US) 29th Jul,R5 5f Mdn Claim,30-07-2022 01:18,13197794,Fighting Soldier,0,64.32015587631957,35.2765879306057844036501599939227784799,20.1685587364264560710760118460019743337,36,36,1,1001,81.04,33.7,.78
201495827,USA / Evangeline Downs (US) 29th Jul,R5 5f Mdn Claim,30-07-2022 01:18,45799153,Malibu Money,0,3.5070814934665107,2.47756234538816737807767031928233198527,3.09887357039023451242258700457342369551,3.4,3.4,1,1001,1506.53,1075.06,3.85
201495830,USA / Evangeline Downs (US) 29th Jul,R8 7f Mdn Claim,30-07-2022 02:40,41667727,My Deposit,0,25,22.4561363652031842871900666773519746079,16.3440907633098139833226427196921103271,27,20,1,1001,249.44,162.04,.86
201523006,USA / Gulfstream Park (US) 30th Jul,R1 1m Mdn Claim,30-07-2022 17:25,40230266,Broadway Ruckus,0,95.24508478169969,36.9631674809797289154545786644457333323,1,90,85,740,740,0,65.3,2.28
201523033,USA / Gulfstream Park (US) 30th Jul,R10 1m1f Stks,30-07-2022 22:07,40736637,California Frolic,0,3.55,2.70273206073254827986504429091177505383,1,4.2,3.5,400,400,0,5681.5,236.1
201523024,USA / Gulfstream Park (US) 30th Jul,R7 1m Claim,30-07-2022 20:31,4035491,Outshine,0,14.326599638,3.30458577855080183627444363736528949786,1,1,1001,700,700,0,272.7,82.06
201523024,USA / Gulfstream Park (US) 30th Jul,R7 1m Claim,30-07-2022 20:31,36140529,Go Mike,0,20,4.81545814094378323322756429552241142719,1,1,1001,710,710,0,127,45.43
201523027,USA / Gulfstream Park (US) 30th Jul,R8 7f Mdn,30-07-2022 21:03,38221629,Cindylouwho,0,63.596946276140386,44.3422645967436050253725978030646766031,1,50,40,1,1001,0,45,303.71
201523015,USA / Gulfstream Park (US) 30th Jul,R4 6f Claim,30-07-2022 18:55,28258435,Lovielee,0,170,75.2287243664379635314889312947926512664,1,120,80,55,55,0,17.84,12.08
201523021,USA / Gulfstream Park (US) 30th Jul,R6 1m Allw,30-07-2022 19:59,36923895,Smart Spending,0,7.649839667859487,4.37466948560173297764418354129556586547,1,1,1001,1,1001,0,987.22,373.71
201523036,USA / Gulfstream Park (US) 30th Jul,R11 7f Claim,30-07-2022 22:39,40627341,Oriental Park,0,4.992970042610832,3.63956947516212997116474704842232729074,1,5,4.5,1,1001,0,2091.52,299.94
201523036,USA / Gulfstream Park (US) 30th Jul,R11 7f Claim,30-07-2022 22:39,41411061,Gran Andrews,0,10.894463128,10.3211433644346098413214959934714295483,1,14,9,700,9,0,875.7,75.8
201523172,USA / Monmouth Park (US) 30th Jul,R6 6f Mdn,30-07-2022 19:40,45646134,Punk Rock Girl,0,2.368353866429043,1.31433737694464102853669685943303071973,1,2.44,2.22,690,690,0,5438.56,676.16
201523172,USA / Monmouth Park (US) 30th Jul,R6 6f Mdn,30-07-2022 19:40,47095314,Lady Trixmeister,0,10.077313430625946,8.24335442968612744924851058017976165056,1,9.6,9.6,700,700,0,864.94,30.68
201523174,USA / Monmouth Park (US) 30th Jul,R8 6f Claim,30-07-2022 20:40,21245877,Seeds Of Time,0,8,2.92915470565565467402100816242107466457,1,1,1001,700,700,0,426.98,37.88
201523176,USA / Monmouth Park (US) 30th Jul,R10 6f Allw Claim,30-07-2022 21:40,34746461,Takeittocomittee,0,6.466614834491873,5.57699922407813724831980780239090110511,1,1,1001,1,1001,0,325.7,230.6
201523168,USA / Monmouth Park (US) 30th Jul,R2 6f Mdn Claim,30-07-2022 17:44,39100911,Jet Speed,1,6.645093209299958,4.81711229523168845615450006312656278809,1,1,1001,1,1001,0,273.86,1588.62
201523168,USA / Monmouth Park (US) 30th Jul,R2 6f Mdn Claim,30-07-2022 17:44,40285525,My Gal Val,0,9.066343204877775,7.55926765229323712377800042063887312019,1,1,1001,700,700,0,215.48,21.78
201523168,USA / Monmouth Park (US) 30th Jul,R2 6f Mdn Claim,30-07-2022 17:44,42378407,Amity Road,0,3.980132137,2.57145100571937043096934504390438483704,1,1,1001,1,1001,0,507.94,89.76
201523169,USA / Monmouth Park (US) 30th Jul,R3 6f Allw,30-07-2022 18:13,34212671,Ellarella,0,31.265641664745242,25.3162863296631173397547735636000392948,1,1,1001,1,1001,0,21.72,193.74
201523173,USA / Monmouth Park (US) 30th Jul,R7 1m Claim,30-07-2022 20:10,28712489,Dreaming Thousand,0,40,8.45724025786442440809252418383064627598,1,44,44,1000,90,0,138.92,45.9
201525257,USA / Emerald Downs (US) 30th Jul,R6 7f Allw Claim,31-07-2022 00:56,35844872,Nine One One,0,3.7320506342250166,1.94314412374198930574547652410881079698,1,3.5,3.2,1,1001,0,4134.04,590.82
201525257,USA / Emerald Downs (US) 30th Jul,R6 7f Allw Claim,31-07-2022 00:56,28574642,Bobby Brinkley,0,6.6,4.16419131928850913947088870203581672807,1,6.6,5.5,930,700,0,1281.16,51.3
201525257,USA / Emerald Downs (US) 30th Jul,R6 7f Allw Claim,31-07-2022 00:56,31422649,Coastal Jazz,0,12.5,7.92614534221666566116515083969589646199,1,12,8.8,1,1001,0,656.98,88.28
201525256,USA / Emerald Downs (US) 30th Jul,R5 6f Claim,31-07-2022 00:28,39013318,Violent Move,0,8.772044510405976,6.75848286462184773610349750882406995028,1,9.8,7.2,980,700,0,826.78,52.54
201525256,USA / Emerald Downs (US) 30th Jul,R5 6f Claim,31-07-2022 00:28,40805810,Saras Finale,0,31.321327878406567,24.5088310016999014073312694852240476506,1,1,1001,1,1001,0,21.32,9.82
201525252,USA / Emerald Downs (US) 30th Jul,R1 1m Claim,30-07-2022 22:15,42518714,Hunters Ghost,1,14,11.0111031564749016388829401352945300774,1,15.5,15.5,1.01,1.01,0,233.82,2325.52
201522990,USA / Saratoga (US) 30th Jul,R11 1m Claim,30-07-2022 23:47,21182391,Troubling Moon,0,80,10.0930763953946283866590210415085529496,1,46,46,55,55,0,137.16,7.17
201522990,USA / Saratoga (US) 30th Jul,R11 1m Claim,30-07-2022 23:47,24163259,Mo Ready,0,10.5,5.57733168008152350111039660216636440986,1,9,9,1,1001,0,629.96,32
201522969,USA / Saratoga (US) 30th Jul,R4 6f Mdn Claim,30-07-2022 19:40,40275964,Hope Over Fear,0,24,21.172021708960265311874964279187787668,1,23,21,1,1001,0,381.2,11.28
201522969,USA / Saratoga (US) 30th Jul,R4 6f Mdn Claim,30-07-2022 19:40,30618538,Creemore,0,44,31.3092965432551456623014423878982748415,1,36,34,1,1001,0,147.26,1.4
201522966,USA / Saratoga (US) 30th Jul,R3 1m1f Allw,30-07-2022 19:10,40043475,Kissalot,1,14.847759854,11.7666183652077756298464560179485604911,1,14.5,10.5,13,1.01,0,5067.68,3645.24
201522966,USA / Saratoga (US) 30th Jul,R3 1m1f Allw,30-07-2022 19:10,24010727,Endowed,0,5,3.38303993314513345201935232057242811386,1,5.3,4.1,990,990,0,4219.38,340.15
201522972,USA / Saratoga (US) 30th Jul,R5 6f Allw Claim,30-07-2022 20:12,42353,Bronx Bomber,0,9.239902894254776,6.75479564737570600618154400902285344507,1,1,1001,1,1001,0,399.18,77.88
201522972,USA / Saratoga (US) 30th Jul,R5 6f Allw Claim,30-07-2022 20:12,38123980,Big Bobby,0,8,7.01532580607398578845091629065519925449,1,7.8,7.6,1,1001,0,474.96,25.95
201522963,USA / Saratoga (US) 30th Jul,R2 1m1f Mdn,30-07-2022 18:36,9924262,Americas Guest,0,22,16.1306651474727356195783060618932433934,1,15,15,1,1001,0,284.66,16.17
201522975,USA / Saratoga (US) 30th Jul,R6 1m1f Allw,30-07-2022 20:44,143544,Ensemble,0,7.177577100754715,4.92278287057795120356087946229068526744,1,6.8,6.2,1,1001,0,4041.74,168.29
201522975,USA / Saratoga (US) 30th Jul,R6 1m1f Allw,30-07-2022 20:44,35400399,Malibu Curl,0,65,38.4614588741608240579089352633058275686,1,65,29,980,40,0,268.66,16.15
201522960,USA / Saratoga (US) 30th Jul,R1 6f Mdn,30-07-2022 18:05,1340502,Team Leader,0,5.098145135426822,4.12088205136175863172753467238485774344,1,5.3,4.9,690,620,0,1647.08,70.82
201524225,USA / Canterbury Park (US) 30th Jul,R2 1m Claim,30-07-2022 23:42,35497889,Canterbury Gold,1,2.7393256406468565,1.71617819435848627319373776848696894334,1,3.2,2.32,1.01,1.01,0,5276.76,3286.18
201524225,USA / Canterbury Park (US) 30th Jul,R2 1m Claim,30-07-2022 23:42,45743571,Clare Crescent,0,21.618052628210275,18.0123035485111507079266999129679479546,1,19,17.5,1000,1000,0,426.41,85.62
201524226,USA / Canterbury Park (US) 30th Jul,R3 1m Claim,31-07-2022 00:12,11544640,Dynamic Ruler,0,5.8,4.39566991220156123351772943187023052334,1,8.2,5,1,1001,0,1908.02,292.2
201524226,USA / Canterbury Park (US) 30th Jul,R3 1m Claim,31-07-2022 00:12,13347255,Bobs All In,1,5.9,3.44383848860524178232797954221652403985,1,5.4,4.7,1,1001,0,1470.16,1228.06
201524222,USA / Canterbury Park (US) 30th Jul,R1 5f Mdn,30-07-2022 23:12,47093635,Manhattan Cherry,0,5.3807497832652,3.72000034473916127751547321246850796707,1,5.1,3.35,980,690,0,1934.84,160.51
201522953,USA / Delaware Park (US) 30th Jul,R2 6f Claim,30-07-2022 18:00,5871107,Free To Fly,0,2.277738252,1.03174546664362668433312791361119551906,1,2.28,1.9,3.5,1.67,0,6582.72,2183.48
201522953,USA / Delaware Park (US) 30th Jul,R2 6f Claim,30-07-2022 18:00,25378755,Theas Theme,0,27.724553937,13.5183885806713825760790585534281874122,1,1,1001,1,1001,0,164.78,97.36
201522954,USA / Delaware Park (US) 30th Jul,R3 6f Claim,30-07-2022 18:30,71303,Mr Fantasy,0,13.186409153639104,7.74331541325306723737404232278533383985,1,12,7.8,1000,700,0,613.84,154.04
201522955,USA / Delaware Park (US) 30th Jul,R4 5f Claim,30-07-2022 19:00,39459735,Mirandas Desmond,0,6.667705903,4.59143361390242651413739002891877304259,1,6,5.8,3.6,2,0,947.1,938.34
201522959,USA / Delaware Park (US) 30th Jul,R8 6f Claim,30-07-2022 21:00,21223469,Seany P,0,3.926826722,3.22770701687514623477641211792694085625,1,4.2,4.1,1,1001,0,991.18,37.71
201522959,USA / Delaware Park (US) 30th Jul,R8 6f Claim,30-07-2022 21:00,28625265,Zen Pi,0,2.122706651166955,1.28327320295025371348522469933742874333,1,2.38,2.1,1,1001,0,3322.68,321.88
201522956,USA / Delaware Park (US) 30th Jul,R5 1m Claim,30-07-2022 19:30,40033863,Nantucketer,0,9.8,6.49759587297575518408501095539984120778,1,10.5,9,700,700,0,1154.2,36.04
201522957,USA / Delaware Park (US) 30th Jul,R6 1m1f Mdn,30-07-2022 20:00,15828582,Union League,0,2.8675985167377087,1.47296899704837867216713809854627920619,1,3.3,3.3,1,1001,0,3741.24,537.22
201522957,USA / Delaware Park (US) 30th Jul,R6 1m1f Mdn,30-07-2022 20:00,36518296,Hachure,1,21.05167277648696,9.64524145926302666305298649530892649764,1,1,1001,1,1001,0,127.6,943.76
201523537,USA / Woodbine (US) 30th Jul,R3 6f Mdn,30-07-2022 18:59,41968076,Trizzel Trazzel,0,17.5,7.13739369101384300638379515699533438394,1,13,13,710,710,0,230.64,182.36
201523537,USA / Woodbine (US) 30th Jul,R3 6f Mdn,30-07-2022 18:59,45070755,Bessie,0,27,5.06800438607133152709385859971831236394,1,34,34,36,17.5,0,141.6,151.69
201523541,USA / Woodbine (US) 30th Jul,R7 1m Hcap,30-07-2022 21:06,24217260,Marais,0,10.5,8.6192899020796019655982661562733490504,1,1,1001,1,1001,0,139.8,154.3
201523541,USA / Woodbine (US) 30th Jul,R7 1m Hcap,30-07-2022 21:06,34373817,Endorphin Rush,0,12.824856161560165,13.6815047243495493906103331372851538225,1,16,13,1,1001,0,421.44,45.41
201523544,USA / Woodbine (US) 30th Jul,R10 1m Claim,30-07-2022 22:48,29286578,Pacenza,0,11.447526991631602,6.20743238851934373226148514082673037982,1,11,10.5,980,980,0,582,68.78
201523544,USA / Woodbine (US) 30th Jul,R10 1m Claim,30-07-2022 22:48,36159809,Smarty Illusion,0,30,10.5133464162408686215276594855327759954,1,28,28,980,500,0,199.48,24.13
201523536,USA / Woodbine (US) 30th Jul,R2 7f Mdn Claim,30-07-2022 18:29,36159808,Twister Alert,1,2.2263057211390707,1.22484502307029032601285752950907179794,1,2.18,2.1,1.8,1.01,0,4975.08,3078.96
201523538,USA / Woodbine (US) 30th Jul,R4 5f Allw Claim,30-07-2022 19:29,23966486,Souper Pecan,0,6.241348379628209,7.05023311182108494294760454754758502234,1,9.4,6,1,1001,0,1084.12,67.48
201523539,USA / Woodbine (US) 30th Jul,R5 5f Mdn Claim,30-07-2022 20:04,47095278,Sensational Sarah,0,8.058658706508577,7.64436065009455097489161038187102973869,1,10,8,1,1001,0,1132.42,47.74
201523542,USA / Woodbine (US) 30th Jul,R8 1m2f Stks,30-07-2022 21:40,21245858,Town Cruise,0,7.0853687785007065,4.98690553195102972059530773687267459833,1,6.6,5.3,4.8,4.8,0,569.42,290.56
201523540,USA / Woodbine (US) 30th Jul,R6 6f Claim,30-07-2022 20:35,32309591,Dazzling Diva,0,34,30.8890913615808299412960870332042047087,1,30,30,1000,1000,0,82.2,29.9
201522937,USA / Laurel Park (US) 30th Jul,R6 6f Stks,30-07-2022 20:24,19999659,Ellanation,0,13.224541920708145,13.0262154685348109463547482767324381303,1,1,1001,1,1001,0,420.62,153.2
201522937,USA / Laurel Park (US) 30th Jul,R6 6f Stks,30-07-2022 20:24,40056717,Whiteknuckleflyer,0,9.696821816796437,10.1032431998233259882848947729568204228,1,14.5,8,980,980,0,1108.84,135.74
201522940,USA / Laurel Park (US) 30th Jul,R7 7f Stks,30-07-2022 20:57,44253905,Super Love,0,2.3510241083533776,1.2074593536049561484540242694465834041,1,2.24,2.02,690,2.26,0,7033.52,924.97
201522943,USA / Laurel Park (US) 30th Jul,R8 6f Stks,30-07-2022 21:28,26376145,Grateful Bred,0,2.06,1.23858793416389241716950337717421714899,1,2.52,1.98,2,2,0,10786.08,2832.08
201522928,USA / Laurel Park (US) 30th Jul,R3 7f Allw Claim,30-07-2022 18:46,40230264,One Ten,0,6.8,5.1697088662777580294734488046353634359,1,9,6.2,1,1001,0,1191.94,260.41
201522946,USA / Laurel Park (US) 30th Jul,R9 1m1f Stks,30-07-2022 21:58,37771455,Ridin With Biden,1,4.581325408585398,3.06096530511531205244508157506619746731,1,4.1,3.8,4,1.01,0,4697.28,3981.84
201522946,USA / Laurel Park (US) 30th Jul,R9 1m1f Stks,30-07-2022 21:58,71494,Magic Michael,0,4.5,3.48816985798839525062439273121119298471,1,4.6,3.5,690,690,0,3903.08,231.34
201522949,USA / Laurel Park (US) 30th Jul,R10 6f Claim,30-07-2022 22:28,12092625,Maryland Pride,0,12.663351168613882,9.15126907309801981577047518443472050919,1,12,8.2,880,80,0,997.12,45.92
201522949,USA / Laurel Park (US) 30th Jul,R10 6f Claim,30-07-2022 22:28,24735445,Bourbon And Ice,0,3.3550804353565047,2.75715579248899302934809865771477197727,1,3.95,3.4,1,1001,0,3502.98,186.06
201495887,USA / Charles Town (US) 29th Jul,R4 7f Claim,30-07-2022 01:32,19795437,Mortal Storm,0,16.720143412663028,12.9059014084290138815636518629289220992,13.0094673657016944001215713091710356356,16,16,700,700,263.22,157.44,8.94
201495890,USA / Charles Town (US) 29th Jul,R7 7f Claim,30-07-2022 03:02,34373400,Pistol P,1,1.528309379366215,.439254932549238812166621053072488598336,1.32806718755969892637450808084667405341,1.46,1.38,1,1001,8375.36,5909.46,806.62
201495890,USA / Charles Town (US) 29th Jul,R7 7f Claim,30-07-2022 03:02,30514896,Vidmers Courage,0,14.5,15.7714352598568911540416762311939520909,5.04626793389430352926932623040135601429,26,14,1,1001,1651.9,410.32,4.02
201495888,USA / Charles Town (US) 29th Jul,R5 5f Mdn Claim,30-07-2022 02:02,41492492,La Reina Susan,0,11.432988813627041,9.16873536348027173458553263348699321238,8.14325941325941325941325941325941325941,11,9.6,1,1001,865.8,657.98,3.94
201495888,USA / Charles Town (US) 29th Jul,R5 5f Mdn Claim,30-07-2022 02:02,39459732,Princess Mia Rose,0,12.614131861575038,13.1904242065168524712642641771260477209,13.2576203680362994706327199395008822788,18,12,1,1001,1983.5,1828.96,1.62
201495888,USA / Charles Town (US) 29th Jul,R5 5f Mdn Claim,30-07-2022 02:02,9556759,Dixie Diva,0,9.542987868534045,6.94466718759811978342190644237132573316,7.09428135075513320889190565077210249448,9,7.4,1,1001,1060.74,910.8,1.14
201495886,USA / Charles Town (US) 29th Jul,R3 7f Claim,30-07-2022 01:02,31642741,Find Your Boaz,0,45.70445194371045,23.0552001862432032432560618844375607046,25.3590050400667174299285688386090866239,40,38,1,1001,275.79,273.6,2.19
201525244,USA / Evangeline Downs (US) 30th Jul,R3 7f Claim,31-07-2022 00:24,29553730,Carries Man,0,120,93.5766028146103053286837571593905176202,1,150,55,1000,970,0,51.46,2.92
201525245,USA / Evangeline Downs (US) 30th Jul,R4 5f Claim,31-07-2022 00:51,17695156,Whenthedovescry,0,8.558819742,6.72351117119530088732931439311335531738,1,8.2,7,130,130,0,3165.28,36.71
201525313,USA / Charles Town (US) 30th Jul,R1 7f Allw,31-07-2022 00:00,41122677,Midnight Regret,0,6.617614906,5.83593909322828420338546916495203171081,1,10.5,6.8,100,100,0,1349.54,86.28
201495827,USA / Evangeline Downs (US) 29th Jul,R5 5f Mdn Claim,30-07-2022 01:18,45610076,Honorablestatement,0,40.33114829141646,30.8952008473176146605314833019363194011,19.4263280988974273304376879385232208487,1,1001,720,720,119.72,37.58,2
201495828,USA / Evangeline Downs (US) 29th Jul,R6 6f Claim,30-07-2022 01:46,22208085,Da Due Run Run,0,6.618243733406831,2.68055290863846840906032259384038269925,4.34345515592164061933863136790743737771,5.7,5.7,1,1001,827.98,815.18,12.8
201495312,USA / Penn National (US) 29th Jul,R6 1m Allw,30-07-2022 01:16,16761715,Radieux,1,1.9282133075722738,.822502165077544251537780160747203073903,1.6498413235007109599353165862770792093,1.91,1.74,1.01,1.01,11477.44,7984.42,2905.62
201495312,USA / Penn National (US) 29th Jul,R6 1m Allw,30-07-2022 01:16,27352157,Gallinipper,0,7,7.06338637591033038122391925036626856285,8.58647535846182032071123453575939907624,8.2,7.6,1,1001,1037.07,825.62,29.67
201495313,USA / Penn National (US) 29th Jul,R7 1m Claim,30-07-2022 01:43,24963456,Teacher Drama,0,6,5.15199326737153456681288378450694460433,6.12069942986483312335845914031304050736,6.6,5.8,1,1001,1873.24,1497.84,170.52
201523009,USA / Gulfstream Park (US) 30th Jul,R2 6f Claim,30-07-2022 17:55,39682313,Hope In Him,0,4.520872833294154,3.57986409481055904078962079273085395036,1,4.4,4.4,1,1001,0,1342.78,254.22
201523018,USA / Gulfstream Park (US) 30th Jul,R5 7f Mdn Claim,30-07-2022 19:25,47095305,Karens Revenge,0,21.873138897460887,41.5334188790597743693860617023070090397,1,1,1001,730,660,0,10.08,19.54
201523033,USA / Gulfstream Park (US) 30th Jul,R10 1m1f Stks,30-07-2022 22:07,865547,Treasure King,0,9.4,9.02337034041014795463338401110659602286,1,10.5,9.4,980,700,0,1216.98,108.48
201523027,USA / Gulfstream Park (US) 30th Jul,R8 7f Mdn,30-07-2022 21:03,35810005,Red Light Racer,0,2.8937212967175765,2.05951917109862755071296080918667235417,1,2.98,2.84,130,130,0,6040.12,246.99
201523027,USA / Gulfstream Park (US) 30th Jul,R8 7f Mdn,30-07-2022 21:03,46297558,Kitty Maclean,0,40,46.3363832438851426485336511226831939508,1,55,42,750,750,0,75.26,5.54
201523027,USA / Gulfstream Park (US) 30th Jul,R8 7f Mdn,30-07-2022 21:03,47095307,Three Witches,1,6.733950624,6.81274910140353788431501956333773999293,1,7.6,7,4,1.01,0,596.08,3035.14
201523036,USA / Gulfstream Park (US) 30th Jul,R11 7f Claim,30-07-2022 22:39,35702055,Lost A Legend,0,3.413034916536416,2.77141287238333929661036604049007086067,1,4.5,3.25,690,690,0,4883.02,417.2
201523167,USA / Monmouth Park (US) 30th Jul,R1 1m Mdn,30-07-2022 17:15,44876628,Changing The Karma,0,41.967493291,44.1717839996593287335414579619319861061,1,44,42,990,750,0,146.99,6.83
201523170,USA / Monmouth Park (US) 30th Jul,R4 6f Mdn,30-07-2022 18:42,39927660,Hes Got Jump,0,30.978588151319997,35.2763213025973806750963212219552451183,1,32,32,990,670,0,57.53,7.78
201523172,USA / Monmouth Park (US) 30th Jul,R6 6f Mdn,30-07-2022 19:40,3830808,Elegant Dancer,1,6.67256869267323,5.04977236113915053368369705039348905248,1,7,5.5,1,1001,0,1516.02,1924.04
201523171,USA / Monmouth Park (US) 30th Jul,R5 5f Stks,30-07-2022 19:11,45254729,Sharp Aza Tack,1,2.2254017353225946,1.28230233158478705643496229937010384946,1,2.24,2.24,1.01,1.01,0,2524.06,2950.6
201523169,USA / Monmouth Park (US) 30th Jul,R3 6f Allw,30-07-2022 18:13,20732890,Tiz Her Way,0,50,42.0346600674612767546614654883111024382,1,55,55,1,1001,0,11.36,8.06
201523173,USA / Monmouth Park (US) 30th Jul,R7 1m Claim,30-07-2022 20:10,25573325,Steel Pier,0,70.64943075687628,7.83882586038892630981842129947993822872,1,1,1001,1,1001,0,29.66,10.13
201523173,USA / Monmouth Park (US) 30th Jul,R7 1m Claim,30-07-2022 20:10,26997760,Super Wicked Charm,0,9.946221062,4.14486582123429198080219393647740446307,1,1,1001,700,700,0,472.38,41.51
201525253,USA / Emerald Downs (US) 30th Jul,R2 6f Claim,30-07-2022 22:43,31768451,Sir Deputy,0,4.3,2.55650253471116872035580598237524999251,1,3.3,3.3,1,1001,0,673.12,139.66
201525256,USA / Emerald Downs (US) 30th Jul,R5 6f Claim,31-07-2022 00:28,40056672,Maggie Fitzgerald,0,4.2,3.1285102235157867842909337003195462792,1,3.9,3.9,910,3.85,0,516.62,294.1
201525256,USA / Emerald Downs (US) 30th Jul,R5 6f Claim,31-07-2022 00:28,35519337,Coastal Run,1,6.885331285,7.2869438231227221017356194398078250618,1,1,1001,6.4,1.01,0,174.06,3647.72
201525254,USA / Emerald Downs (US) 30th Jul,R3 1m Claim,30-07-2022 23:32,40036505,Boss Nine,0,12.587009368734433,6.25779659694153405665708220106975155837,1,10,9.2,920,920,0,765.02,51.69
201525254,USA / Emerald Downs (US) 30th Jul,R3 1m Claim,30-07-2022 23:32,40984230,Abraaj Mirage,0,6.052420894616516,2.26605779691068528397564581214238701543,1,1,1001,1,1001,0,862.24,23.66
201522990,USA / Saratoga (US) 30th Jul,R11 1m Claim,30-07-2022 23:47,27149524,Healing,0,5.2,2.80454425143456659095727019469056940933,1,5.9,5.9,1,1001,0,920.52,13.04
201522969,USA / Saratoga (US) 30th Jul,R4 6f Mdn Claim,30-07-2022 19:40,43067256,Jabberwock,0,27.25928295878814,24.2029259499756090758360672320688031198,1,1,1001,720,720,0,99.32,7.5
201522987,USA / Saratoga (US) 30th Jul,R10 1m1f Allw,30-07-2022 23:13,22365137,Exult,0,61.85835191722959,41.1438044606121507647172329824717698964,1,55,46,1,1001,0,92.48,7.26
201522987,USA / Saratoga (US) 30th Jul,R10 1m1f Allw,30-07-2022 23:13,2250492,Airman,0,217.8387776387483,94.257315278431193967531822180403586078,1,100,90,1,1001,0,25,.26
201522966,USA / Saratoga (US) 30th Jul,R3 1m1f Allw,30-07-2022 19:10,5854,Royal Tryst,0,16.5,19.875627836265955972563137347541699575,1,25,16.5,1,1001,0,650.7,24.4
201522972,USA / Saratoga (US) 30th Jul,R5 6f Allw Claim,30-07-2022 20:12,35824588,Masked Marauder,0,22.360236625692337,24.6078141893024438009215080725010455923,1,27,25,1000,710,0,258.58,8.18
201522963,USA / Saratoga (US) 30th Jul,R2 1m1f Mdn,30-07-2022 18:36,46363911,Rarified Flair,0,16.5,14.4254824749802748360994261113145011397,1,1,1001,1,1001,0,286.1,16.89
201522975,USA / Saratoga (US) 30th Jul,R6 1m1f Allw,30-07-2022 20:44,36167073,Wicked Groove,0,8.939208584,7.55975968441992190500322974965219543126,1,9.2,8.8,1,1001,0,2102.94,71.23
201522975,USA / Saratoga (US) 30th Jul,R6 1m1f Allw,30-07-2022 20:44,41163906,Missy Greer,0,23,11.1171329907081668250987473883785236402,8.99995760022471880899031235134453787395,18,18,13,13,10,476.3,220.6
201522984,USA / Saratoga (US) 30th Jul,R9 1m1f Grp2,30-07-2022 22:37,41246251,Zandon,0,4.271093991208559,3.26156354231316652119352142867313466323,2.99995940082416326948562944172233303664,4.8,3.8,1,1001,10,8900.7,409.92
201522960,USA / Saratoga (US) 30th Jul,R1 6f Mdn,30-07-2022 18:05,14878111,Tatum,0,3.9904409207048595,3.24229198916423394042939113981885702156,1,4.2,4.1,1,1001,0,3454.96,63.77
201522960,USA / Saratoga (US) 30th Jul,R1 6f Mdn,30-07-2022 18:05,47095325,Capture The Flag,1,4.392969614531611,3.05381020969690867727194932539024753542,1,4.3,4,1.01,1.01,0,1080.26,2112.54
201522960,USA / Saratoga (US) 30th Jul,R1 6f Mdn,30-07-2022 18:05,9222402,Space,0,9.85602007957891,8.56088720483418715167198504350764546113,1,15.5,7.8,1,1001,0,944.92,47.66
201524227,USA / Canterbury Park (US) 30th Jul,R4 1m Mdn Claim,31-07-2022 00:42,41237268,Wanda Strong,1,10.5,10.0570120467179304835635438536734715443,1,12,9.6,1,1001,0,698.54,1774.36
201524225,USA / Canterbury Park (US) 30th Jul,R2 1m Claim,30-07-2022 23:42,39737443,Reese C,0,29,20.6199140526903136989928800909173326639,1,28,28,1,1001,0,222.54,20.08
201524226,USA / Canterbury Park (US) 30th Jul,R3 1m Claim,31-07-2022 00:12,17559795,Lolly Express,0,6.670718955148477,3.65476182818711141466252509478276231894,1,5.3,4.8,690,690,0,2085.04,223.76
201524222,USA / Canterbury Park (US) 30th Jul,R1 5f Mdn,30-07-2022 23:12,47093639,Run Bambi Run,0,12.923023421439282,11.4159542447566495490948214516642322417,1,1,1001,1000,110,0,211.28,32.42
201522953,USA / Delaware Park (US) 30th Jul,R2 6f Claim,30-07-2022 18:00,28335790,Awesome View,0,7.8,5.50790113982786705959775504743177564682,1,9.8,7.8,1,1001,0,788.68,12.44
201522954,USA / Delaware Park (US) 30th Jul,R3 6f Claim,30-07-2022 18:30,36140543,Pepe And Heywood,0,17,18.8004612281806527191788889676002076835,1,1,1001,710,710,0,80.62,198.73
201522958,USA / Delaware Park (US) 30th Jul,R7 6f Allw Claim,30-07-2022 20:30,35436213,Juror Number Four,1,4.9,3.86291358997426303399355220178922764355,1,5,5,1.01,1.01,0,1330.96,2153.46
201522959,USA / Delaware Park (US) 30th Jul,R8 6f Claim,30-07-2022 21:00,20194774,Big Hambone,0,8.670886968369597,5.22807958397083195380618213055517813861,1,6.2,5.5,1,1001,0,637.86,63.78
201522959,USA / Delaware Park (US) 30th Jul,R8 6f Claim,30-07-2022 21:00,26219058,Classy Solution,0,20.921471134,17.8750012549987144447951165490023524132,1,1,1001,1,1001,0,108.96,191.94
201522956,USA / Delaware Park (US) 30th Jul,R5 1m Claim,30-07-2022 19:30,327654,Urban Warrior,0,10.77379495519214,8.11911321008827349380015580461097051317,1,11,10.5,980,980,0,810.28,82.32
201522952,USA / Delaware Park (US) 30th Jul,R1 6f Mdn Claim,30-07-2022 17:30,40970382,Hour Cat,0,3.940287661,2.78791273344427419635687005414260214741,1,3.95,3.65,1,1001,0,1773.52,42.15
201523537,USA / Woodbine (US) 30th Jul,R3 6f Mdn,30-07-2022 18:59,40126578,Gayelette,0,3.6938377913969638,2.23122936309482819523328710504085244563,1,5.4,3.55,1,1001,0,2003.64,366.19
201523538,USA / Woodbine (US) 30th Jul,R4 5f Allw Claim,30-07-2022 19:29,28496479,Baby Mo,0,36.242493248,30.6019476657324747709938926457026070786,1,1,1001,1,1001,0,126.04,7.73
201523539,USA / Woodbine (US) 30th Jul,R5 5f Mdn Claim,30-07-2022 20:04,47095282,Popthechampagne Ro,0,8.728137048468929,6.9565296841788507673017094791248267063,1,1,1001,700,700,0,173.24,145.51
201523542,USA / Woodbine (US) 30th Jul,R8 1m2f Stks,30-07-2022 21:40,36550911,Frosted Over,0,6.279869511,4.79525979892798070034392532052762207684,1,6.2,6.2,1,1001,0,715.66,137.48
201523540,USA / Woodbine (US) 30th Jul,R6 6f Claim,30-07-2022 20:35,45929094,My Girl Hooter,0,37.34164080426795,35.9328857137821980566466620534241035316,1,44,44,730,730,0,82.64,62.21
201523543,USA / Woodbine (US) 30th Jul,R9 6f Mdn Claim,30-07-2022 22:14,11572181,Menagerie,0,2.32,1.29296586488355987443291384660766035468,1,2.36,2.24,690,4.3,0,4287.22,1003.36
201523543,USA / Woodbine (US) 30th Jul,R9 6f Mdn Claim,30-07-2022 22:14,41176774,Stole The Ring,0,44,34.3162938193108600093890367585868809476,1,42,28,1,1001,0,86.8,8.84
201522931,USA / Laurel Park (US) 30th Jul,R4 6f Mdn,30-07-2022 19:19,47095294,Mo Money Mo Betta,0,22.200739789,8.1457219674635378454078071736082823476,1,1,1001,1,1001,0,204.92,37.4
201522931,USA / Laurel Park (US) 30th Jul,R4 6f Mdn,30-07-2022 19:19,1220479,Celtic Sea,0,49.35742282931433,9.10658429790156609826758252472004851542,1,1,1001,1,1001,0,107.61,58.97
201522922,USA / Laurel Park (US) 30th Jul,R1 7f Mdn,30-07-2022 17:40,46505314,Spencerian,1,1.975158425885565,.977917532394991438546171652093702812105,1,2.16,1.82,1.01,1.01,0,4720.34,2836.52
201522922,USA / Laurel Park (US) 30th Jul,R1 7f Mdn,30-07-2022 17:40,47095293,Ice Cube Baby,0,7.8,6.59387363586148485804959305014044195689,1,7.6,7.4,700,700,0,563.44,58.35
201522925,USA / Laurel Park (US) 30th Jul,R2 1m1f Claim,30-07-2022 18:11,22132576,I Love You,0,5.4,3.68296955337542099840100698073470110422,1,1,1001,500,500,0,497.56,489.92
201522928,USA / Laurel Park (US) 30th Jul,R3 7f Allw Claim,30-07-2022 18:46,46145089,Blue Collar Boom,1,2.34,1.02790869410057089935254760252202818789,1,2.44,2.44,1.62,1.62,0,3046.82,3036.72
201522946,USA / Laurel Park (US) 30th Jul,R9 1m1f Stks,30-07-2022 21:58,27553944,Plot The Dots,0,2.870773513,2.11507773867349108849692894520114027658,1,3.5,2.96,690,500,0,7626.52,620.5
201495889,USA / Charles Town (US) 29th Jul,R6 7f Claim,30-07-2022 02:32,31767616,Frankee Merch,0,5.167769094,4.58840276238849619751336895040337838478,5.41034722222222222222222222222222222222,5.8,5.8,690,690,864,660.4,6.68
201495829,USA / Evangeline Downs (US) 29th Jul,R7 1m Allw,30-07-2022 02:13,42285212,Lutie Mo,0,8.2,7.01090237095441650361145534352509317149,6.29579972328817187459211110240948129585,7.4,7.4,1,1001,766.14,525.8,12.2
201495830,USA / Evangeline Downs (US) 29th Jul,R8 7f Mdn Claim,30-07-2022 02:40,42135499,Diamonds Shining,0,23.967944001,27.6719972945909628357519764904126526085,15.0415761263218890337534405331015500507,32,32,1,1001,138.06,59.98,.84
201495312,USA / Penn National (US) 29th Jul,R6 1m Allw,30-07-2022 01:16,41288185,Palace Supernova,0,11.544161194,11.301493563348715428575769793455717716,8.76672287802136031478358628442945474986,1,1001,100,100,747.18,204.34,330.7
201495314,USA / Penn National (US) 29th Jul,R8 1m1f Allw,30-07-2022 02:10,24344175,Diggers Diamond,0,25.058846759508576,21.411636755092680341232351925196039578,12.2140312544530470716762456657008502351,25,25,1,1001,210.53,38,20.29
201495314,USA / Penn National (US) 29th Jul,R8 1m1f Allw,30-07-2022 02:10,35702020,Jojomar,0,2.405569698176228,1.30635245579407154602820257452285281308,2.15162312113770677604771028415683946353,2.36,2.22,1,1001,7411.4,5293.14,1263.22
201495314,USA / Penn National (US) 29th Jul,R8 1m1f Allw,30-07-2022 02:10,16246969,Drenas Bullet,0,11.5,12.1352039108590699330264220541304716397,11.6060835736803273190690187135287410289,16.5,12,1,1001,596.36,418.34,41.34
201523006,USA / Gulfstream Park (US) 30th Jul,R1 1m Mdn Claim,30-07-2022 17:25,39914194,Johnnie Got Jets,0,70,40.0468877893644107325821816943458332303,1,95,42,740,740,0,161.42,8.2
201523012,USA / Gulfstream Park (US) 30th Jul,R3 6f Mdn,30-07-2022 18:25,47095299,Prudencio,0,6.637613021581782,5.34413195268921684566223830738213405324,1,6.8,6.8,700,700,0,713.08,176.8
201523012,USA / Gulfstream Park (US) 30th Jul,R3 6f Mdn,30-07-2022 18:25,47095303,Hollywood Hero,0,68.66517123526536,59.6041700758095537208761356573475682018,1,65,60,770,230,0,53.51,11.88
201523015,USA / Gulfstream Park (US) 30th Jul,R4 6f Claim,30-07-2022 18:55,35478759,Wora,1,10.169989657404367,7.43155623856864606918165611693809511646,1,1,1001,1.01,1.01,0,238.12,4878.62
201523021,USA / Gulfstream Park (US) 30th Jul,R6 1m Allw,30-07-2022 19:59,14531003,Passion Plus,0,8.908613792784745,7.25776238232317479706471550043138849511,1,11.5,8.8,700,700,0,1314.22,79.15
201523030,USA / Gulfstream Park (US) 30th Jul,R9 5f Allw Claim,30-07-2022 21:35,28277582,Bee By The Sea,0,9.8,9.51261895819235590357748135412983849222,1,12.5,12.5,1,1001,0,528.18,79.83
201523030,USA / Gulfstream Park (US) 30th Jul,R9 5f Allw Claim,30-07-2022 21:35,39974777,Richy,0,11.701920132118797,8.73343312603449520876424601445268925143,1,11.5,7.4,700,700,0,762.68,73.09
201523030,USA / Gulfstream Park (US) 30th Jul,R9 5f Allw Claim,30-07-2022 21:35,41752718,Unsociable,1,7.107859784578904,4.92445997485836700469609921517768255099,1,6.2,5.6,1.04,1.01,0,1291.06,4905.54
201523036,USA / Gulfstream Park (US) 30th Jul,R11 7f Claim,30-07-2022 22:39,36532390,Sixty One,0,13.244563273140233,16.5305586694009322743530474621516465949,1,24,15,1,1001,0,288.12,1800.18
201523036,USA / Gulfstream Park (US) 30th Jul,R11 7f Claim,30-07-2022 22:39,46361477,Bobbys Gift,0,18.641121141,14.9841977901230018768962559289778451612,1,1,1001,1000,710,0,123.24,25.97
201523167,USA / Monmouth Park (US) 30th Jul,R1 1m Mdn,30-07-2022 17:15,1379185,Strasbourg,0,7.259718499734882,6.16509224522234220812469953227129875472,1,7,7,1,1001,0,689.34,249.86
201523167,USA / Monmouth Park (US) 30th Jul,R1 1m Mdn,30-07-2022 17:15,47095312,Boussac,0,7.663171311,7.81085140699016735285818217489516715101,1,9.2,8.4,1,1001,0,550.54,173.25
201523175,USA / Monmouth Park (US) 30th Jul,R9 1m Claim,30-07-2022 21:10,37486012,Double David,0,7.2,3.94982284342869350377013571552176710622,1,7.2,7,75,75,0,771.32,77.26
201523175,USA / Monmouth Park (US) 30th Jul,R9 1m Claim,30-07-2022 21:10,38548205,Bakeneko,1,6.092283891,4.71021841648588741447864260438587810911,1,7,5.6,5.8,1.01,0,1218.94,5940.8
201523170,USA / Monmouth Park (US) 30th Jul,R4 6f Mdn,30-07-2022 18:42,39201584,Our Pride N Joy,1,3.2447738601862977,2.18832219978581108949376311957988649668,1,2.98,2.92,1.01,1.01,0,2084.96,3473.82
201523170,USA / Monmouth Park (US) 30th Jul,R4 6f Mdn,30-07-2022 18:42,39841398,Frosted Faith,0,2.36,1.1212974740200487664416684912611724637,1,2.4,2.06,690,100,0,2714.58,735.52
201523172,USA / Monmouth Park (US) 30th Jul,R6 6f Mdn,30-07-2022 19:40,46209895,Twyla,0,19.23051493179053,16.8437040325010274203603683529318598267,1,1,1001,720,720,0,82.14,16.33
201523174,USA / Monmouth Park (US) 30th Jul,R8 6f Claim,30-07-2022 20:40,19394687,Oblios Wish,0,100,11.9770439160355056958165508293070494061,1,85,85,610,610,0,79.2,5.88
201523176,USA / Monmouth Park (US) 30th Jul,R10 6f Allw Claim,30-07-2022 21:40,8796725,Jersey Jewel,0,6.4,5.3805758436600082815484971612604942022,1,7,6.2,1,1001,0,437.56,302.68
201523168,USA / Monmouth Park (US) 30th Jul,R2 6f Mdn Claim,30-07-2022 17:44,39694991,Deep Faith,0,2.9,2.2410061546507331615732630608813105467,1,1,1001,1,1001,0,402.36,128.56
201523171,USA / Monmouth Park (US) 30th Jul,R5 5f Stks,30-07-2022 19:11,45375006,Dangerous Ride,0,12.114043664239986,11.2101402258392218732185088940572215676,1,14,10.5,710,500,0,459.86,67.09
201523171,USA / Monmouth Park (US) 30th Jul,R5 5f Stks,30-07-2022 19:11,8815418,Jeremys Jet,0,6.323054896,5.13886611573476038095062669055688717015,1,6.6,6,700,700,0,1097.82,265.6
201523171,USA / Monmouth Park (US) 30th Jul,R5 5f Stks,30-07-2022 19:11,44511973,Ferrari Kid,0,55,33.9724587061969328340142811200326599468,1,1,1001,60,60,0,54.74,29.43
201523171,USA / Monmouth Park (US) 30th Jul,R5 5f Stks,30-07-2022 19:11,45617034,Run Happy Pappy,0,42,35.6304186235654501394967450759482278747,1,1,1001,730,100,0,18.2,41.13
201523169,USA / Monmouth Park (US) 30th Jul,R3 6f Allw,30-07-2022 18:13,31846517,Magic Moonstar,1,8.589429680852822,8.16699293619659046720118139935566469063,1,1,1001,1.01,1.01,0,214.9,4351.36
201523173,USA / Monmouth Park (US) 30th Jul,R7 1m Claim,30-07-2022 20:10,40827630,Instant Chaos,0,19,5.11873233362404597827578653105327880725,1,18,18,1,1001,0,186.72,45.44
201525253,USA / Emerald Downs (US) 30th Jul,R2 6f Claim,30-07-2022 22:43,39033958,Mamacallmeboo,0,5.645124142380663,3.82056310811177251687033885973910514338,1,1,1001,690,690,0,169.08,28.38
201525253,USA / Emerald Downs (US) 30th Jul,R2 6f Claim,30-07-2022 22:43,27553915,Mister Mclean,0,10.019582833,9.18675004984657242840730303113529269301,1,1,1001,1,1001,0,139.18,15.42
201525253,USA / Emerald Downs (US) 30th Jul,R2 6f Claim,30-07-2022 22:43,5838347,Mojave,0,22,20.928627236799186825357091383534730598,1,25,25,1,1001,0,45.14,10.35
201525257,USA / Emerald Downs (US) 30th Jul,R6 7f Allw Claim,31-07-2022 00:56,25136109,Defense Wins,0,22,9.31122666274106156035233748563577556576,1,25,22,1,1001,0,194,20.88
201525252,USA / Emerald Downs (US) 30th Jul,R1 1m Claim,30-07-2022 22:15,34457985,Warriors Hero,0,2.954150412,1.96698488093815673098003995831241366932,1,2.88,2.74,1,1001,0,3273.16,532.1
201525254,USA / Emerald Downs (US) 30th Jul,R3 1m Claim,30-07-2022 23:32,40036509,Let It Reign,0,31.401494676672176,17.4680046331605037136184050457371887218,1,30,18.5,380,380,0,352.54,17.55
201525254,USA / Emerald Downs (US) 30th Jul,R3 1m Claim,30-07-2022 23:32,40486891,Overly Fast,0,2.962567383,1.28425670053729129728828420241679536339,1,3.3,2.96,1,1001,0,2988.44,595.96
201522969,USA / Saratoga (US) 30th Jul,R4 6f Mdn Claim,30-07-2022 19:40,40693243,Our Souper Love,0,32,32.1237035646900737095840874296009200388,1,32,26,1,1001,0,242.28,2.31
201522969,USA / Saratoga (US) 30th Jul,R4 6f Mdn Claim,30-07-2022 19:40,38649580,Trevise,0,10.150711179468779,8.93799200710145156151035680271146097781,1,11.5,9.2,1,1001,0,3719.58,40.87
201522969,USA / Saratoga (US) 30th Jul,R4 6f Mdn Claim,30-07-2022 19:40,39502156,Diamant Damhsa,0,12.5,7.87927595676154887973698276668607890288,1,11,6.8,1,1001,0,786.4,218.56
201522978,USA / Saratoga (US) 30th Jul,R7 6f Mdn,30-07-2022 21:17,37130145,Heymackitsjack,0,7.4,5.58790987595136417642786925098824412168,1,7,4.7,1,1001,0,3929.32,291.6
201522981,USA / Saratoga (US) 30th Jul,R8 6f Grp1,30-07-2022 21:50,28735248,Jackies Warrior,1,1.3073450701924687,.296346865307433920909763342531108048325,1,1.37,1.25,1.11,1.01,0,86773.46,5430.66
201522981,USA / Saratoga (US) 30th Jul,R8 6f Grp1,30-07-2022 21:50,35625684,Doc Amster,0,111.89385742,58.5852195914354660354223721965704249918,1,90,44,1,1001,0,672.83,21.56
201522981,USA / Saratoga (US) 30th Jul,R8 6f Grp1,30-07-2022 21:50,37443303,Willy Boi,0,9.8,9.16352134247963399368022412505642392528,1,14.5,9.4,1,1001,0,6480.16,52.5
201522972,USA / Saratoga (US) 30th Jul,R5 6f Allw Claim,30-07-2022 20:12,20953828,Big Engine,0,9.8,7.55605239558887653624286446094958295038,1,9.6,8.6,1000,700,0,642.7,19.82
201522972,USA / Saratoga (US) 30th Jul,R5 6f Allw Claim,30-07-2022 20:12,25271129,Flying Emperor,0,7.4,7.23113770550544354234834866028013981461,1,9.2,6.6,1,1001,0,2458.92,60.79
201522972,USA / Saratoga (US) 30th Jul,R5 6f Allw Claim,30-07-2022 20:12,27025047,Quickflash,0,38.81418653,36.3560458900962379761352945071648233744,1,1,1001,1,1001,0,22.8,5.73
201522963,USA / Saratoga (US) 30th Jul,R2 1m1f Mdn,30-07-2022 18:36,14421586,Montepulciano,0,4.78888969,3.65178548528166940432632233627786314748,1,4.8,4.5,690,46,0,2255.12,505.08
201522963,USA / Saratoga (US) 30th Jul,R2 1m1f Mdn,30-07-2022 18:36,46328842,Son Of A Birch,0,11.5,9.92772005803183840988056106736269533956,1,11.5,11.5,1,1001,0,855.32,55.11
201522963,USA / Saratoga (US) 30th Jul,R2 1m1f Mdn,30-07-2022 18:36,9669951,American Hustle,0,19.201459436292883,16.4693779891229382906506324612454670028,1,1,1001,1000,1000,0,225.12,20.48
201522975,USA / Saratoga (US) 30th Jul,R6 1m1f Allw,30-07-2022 20:44,36616077,Marvelous Maude,1,2.497896512685675,1.30912604644141099865116610926843697149,1,2.6,2.36,2.7,1.82,0,8372.68,3527.68
201524227,USA / Canterbury Park (US) 30th Jul,R4 1m Mdn Claim,31-07-2022 00:42,142069,Cerulean,0,4.2,2.92356972557258750334373288999369931445,1,4.2,3.85,3.25,3.25,0,2995.74,754.22
201524227,USA / Canterbury Park (US) 30th Jul,R4 1m Mdn Claim,31-07-2022 00:42,27746871,Bones And Roses,0,10.205913290362805,6.51659075427558718444974745843637819861,1,8.8,6.8,980,700,0,670.26,68.22
201524225,USA / Canterbury Park (US) 30th Jul,R2 1m Claim,30-07-2022 23:42,24262033,Give Em Shade,0,30,26.1200501847087857479676731798403249701,1,30,28,1,1001,0,192.52,14
201524222,USA / Canterbury Park (US) 30th Jul,R1 5f Mdn,30-07-2022 23:12,46409483,Countess Of Cairo,0,6.468155359410739,5.08299852771063566165379497757297015351,1,7.2,6,1,1001,0,1890.8,1500.92
201524222,USA / Canterbury Park (US) 30th Jul,R1 5f Mdn,30-07-2022 23:12,47093637,Kamikaze Blue,0,10.865037149609995,10.6505343956532056460969631658567669747,1,24,9.8,1,1001,0,349.36,24.63
201522953,USA / Delaware Park (US) 30th Jul,R2 6f Claim,30-07-2022 18:00,11326083,Always Talking,1,6.8,3.87332799456587002088255877425203938211,1,6.8,6.2,1,1001,0,1110.24,732.98
201522954,USA / Delaware Park (US) 30th Jul,R3 6f Claim,30-07-2022 18:30,19776028,The Big S,0,12.886014819729985,11.1862435995771439454359903131670780047,1,1,1001,1000,710,0,145.2,26.48
201522954,USA / Delaware Park (US) 30th Jul,R3 6f Claim,30-07-2022 18:30,27211291,Satchel De Ritches,0,3.6,2.70539068413045395156044293999622268783,1,4,4,690,620,0,1442.82,206.34
201522954,USA / Delaware Park (US) 30th Jul,R3 6f Claim,30-07-2022 18:30,15253283,Diesel,0,19.5,16.9496283451715920084056681856791610684,1,1,1001,520,19.5,0,76.3,65.24
201522955,USA / Delaware Park (US) 30th Jul,R4 5f Claim,30-07-2022 19:00,39389851,Proper Grammar,0,32,29.8132952082227731529519238131447143653,1,1,1001,1,1001,0,23.24,12.93
201522955,USA / Delaware Park (US) 30th Jul,R4 5f Claim,30-07-2022 19:00,43382885,Awesome Birdie,0,12.5,10.5491274954784667847761871674948562711,1,11,11,25,25,0,406.46,45.23
201522958,USA / Delaware Park (US) 30th Jul,R7 6f Allw Claim,30-07-2022 20:30,35876980,Shero,0,4,2.81349859157012088219581529403880070171,1,4.1,3.65,1,1001,0,2176.22,194.52
201522956,USA / Delaware Park (US) 30th Jul,R5 1m Claim,30-07-2022 19:30,38208282,Tiny Tin,0,19.5,13.5635350971597611629667959480893708226,1,22,17.5,980,980,0,388.04,30.47
201522956,USA / Delaware Park (US) 30th Jul,R5 1m Claim,30-07-2022 19:30,26229906,Davids Prospec,0,53.91715872112612,21.6931632822034376001437095755866921968,1,1,1001,980,730,0,101.54,3.44
201522956,USA / Delaware Park (US) 30th Jul,R5 1m Claim,30-07-2022 19:30,35388445,Social Equality,0,63.0758769374985,21.8614240102253692410654069397884855137,1,50,50,1,1001,0,91.82,2.41
201522957,USA / Delaware Park (US) 30th Jul,R6 1m1f Mdn,30-07-2022 20:00,43726472,El Patojo,0,21.529274428645145,6.24406296585201563352535848465931577919,1,1,1001,1,1001,0,187.72,3.32
201522957,USA / Delaware Park (US) 30th Jul,R6 1m1f Mdn,30-07-2022 20:00,292805,Bunker Hill,0,5.213015753,3.74624189684330222434945370660087997255,1,6.2,5.2,1,1001,0,963.4,15.84
201523535,USA / Woodbine (US) 30th Jul,R1 6f Claim,30-07-2022 18:00,41411095,Call My Banker,0,4.390777695110882,3.33698713776639393611884602871417932765,1,1,1001,690,690,0,669.94,223.32
201523537,USA / Woodbine (US) 30th Jul,R3 6f Mdn,30-07-2022 18:59,45969890,Dawn Pharoah,0,9.073319111,4.72244335246938035011263156065885942036,1,8.2,6,1,1001,0,818.38,748.94
201523541,USA / Woodbine (US) 30th Jul,R7 1m Hcap,30-07-2022 21:06,31101903,Umneyaat,0,14.941553230448623,17.7312419824439273723122053313518172341,1,27,15,1,1001,0,266.98,126.18
201523544,USA / Woodbine (US) 30th Jul,R10 1m Claim,30-07-2022 22:48,36503319,Gold Forester,0,30,11.6590406660009449891989841010654185384,1,30,25,1,1001,0,333.78,138.12
201523536,USA / Woodbine (US) 30th Jul,R2 7f Mdn Claim,30-07-2022 18:29,41667737,Sacred Dancer,0,5.24316704714049,4.19375236960552621758108326307982817686,1,4.6,4.5,1,1001,0,1228.94,387.1
201523539,USA / Woodbine (US) 30th Jul,R5 5f Mdn Claim,30-07-2022 20:04,47095277,Anam Cara,1,5.3,4.28282345044526305720784132982198251122,1,5.7,5.4,2.98,2.98,0,990.86,578.52
201523539,USA / Woodbine (US) 30th Jul,R5 5f Mdn Claim,30-07-2022 20:04,47095279,Titos Calling,0,14.812760034,10.8741490633645408842976524898501298485,1,11.5,11,1,1001,0,299.54,40.05
201523542,USA / Woodbine (US) 30th Jul,R8 1m2f Stks,30-07-2022 21:40,37590103,Keyflower,0,15,14.1638873244399882990622271970090513406,1,15.5,14.5,80,14,0,238.96,81.13
201523542,USA / Woodbine (US) 30th Jul,R8 1m2f Stks,30-07-2022 21:40,39834057,Collective Force,0,33.76688114725985,30.4074789466068279752026632073614895521,1,1,1001,1,1001,0,46.2,87.4
201523540,USA / Woodbine (US) 30th Jul,R6 6f Claim,30-07-2022 20:35,26830454,Oheavens,0,3.3885121544392316,2.6057735566516863903924442551823937893,1,4.4,3.25,3.15,3.15,0,1848.48,531.8
201523540,USA / Woodbine (US) 30th Jul,R6 6f Claim,30-07-2022 20:35,40008591,Green Gables,0,5.467832416,4.83253844059289081375237244507446166945,1,5.4,5.4,3.5,3.5,0,463.72,823.44
201523540,USA / Woodbine (US) 30th Jul,R6 6f Claim,30-07-2022 20:35,44796358,Halo Style,0,7.8,7.31800708247556520194602823971081053969,1,9,8,700,700,0,1292.16,132.02
201523543,USA / Woodbine (US) 30th Jul,R9 6f Mdn Claim,30-07-2022 22:14,41437027,Courtingcourtney,0,12,11.8362374918676288054129902198165887124,1,14,12.5,1000,12,0,456.4,121.29
201522937,USA / Laurel Park (US) 30th Jul,R6 6f Stks,30-07-2022 20:24,25958021,Can The Queen,0,3.173722621,2.0963157928090155307455464388927933773,1,3.25,2.98,980,690,0,8482.02,577.46
201522937,USA / Laurel Park (US) 30th Jul,R6 6f Stks,30-07-2022 20:24,40201033,Island Philo,0,65,64.7669577648180645473640979092986761227,1,75,60,1,1001,0,47.58,143.62
201522940,USA / Laurel Park (US) 30th Jul,R7 7f Stks,30-07-2022 20:57,40415205,Cynergys Star,0,15,12.6362839247860926550759654249379931866,1,13.5,13,700,700,0,433.06,73.27
201522943,USA / Laurel Park (US) 30th Jul,R8 6f Stks,30-07-2022 21:28,35344299,Kenny Had A Notion,0,140,99.8422603297134337894244091118700896018,1,110,95,1000,460,0,47.77,9.94
201522925,USA / Laurel Park (US) 30th Jul,R2 1m1f Claim,30-07-2022 18:11,36125570,Out Of Sorts,0,3.7754350147654625,2.89004364402763587159727026098228080826,1,4.1,3.85,1,1001,0,2111.02,613.44
201522925,USA / Laurel Park (US) 30th Jul,R2 1m1f Claim,30-07-2022 18:11,20530064,Folly,0,31.141288842588633,28.059380415049977040063720663892900728,1,1,1001,1000,1000,0,27.14,88.07
201495887,USA / Charles Town (US) 29th Jul,R4 7f Claim,30-07-2022 01:32,25892463,Devilish Beauty,0,14.5,9.74127894392300879882368870994328685525,9.31282675911177738217933102220556544552,1,1001,1,1001,426.92,305.58,6.18
201495887,USA / Charles Town (US) 29th Jul,R4 7f Claim,30-07-2022 01:32,21568678,Mae Sai Princess,0,10.118858814742413,9.88006335739483482573560123768912792576,8.72506697014794712422305874113630394817,10,9.8,1,1001,571.15,394.4,36.27
201495889,USA / Charles Town (US) 29th Jul,R6 7f Claim,30-07-2022 02:32,38602273,Cowboy At Heart,1,5.6570599082240385,4.03763637245906597943430652427153294558,2.65950216508917997812310724197470597275,5.5,5.2,1,1001,2212.38,848.42,977.96
201495890,USA / Charles Town (US) 29th Jul,R7 7f Claim,30-07-2022 03:02,28462070,Bop Marley,0,7,5.8068759595078501992911476182487428714,5.85025635259725657746795592534292781651,7.4,7,1,1001,889.4,703.12,10.62
201495891,USA / Charles Town (US) 29th Jul,R8 7f Mdn,30-07-2022 03:32,39605477,Acashas Intuition,0,51.33442380026221,38.6305313307024503921347675014318059575,25.0111505321844906234161175874303091739,55,34,1,1001,78.92,42.04,2
201525243,USA / Evangeline Downs (US) 30th Jul,R2 7f Claim,30-07-2022 23:57,40778599,Citizens Reward,0,2.5799936215218624,1.34023737530952233963709530953443047488,1,2.44,2.16,690,690,0,6112.72,283.46
201495829,USA / Evangeline Downs (US) 29th Jul,R7 1m Allw,30-07-2022 02:13,26830279,Goodnight Gracie,0,13,10.4146161556438520547832428116489413157,7.61356098472462278693885177745597234549,11.5,11.5,700,700,428.14,156.42,7.68
201495829,USA / Evangeline Downs (US) 29th Jul,R7 1m Allw,30-07-2022 02:13,38521502,Here Comes Lovie,0,5.591748499797827,5.18577036806671760014875617386238922976,5.22952473958333333333333333333333333333,6.2,6.2,1,1001,1290.24,1010.9,4.38
201495828,USA / Evangeline Downs (US) 29th Jul,R6 6f Claim,30-07-2022 01:46,24563933,Catcake,1,7.003026771862059,3.70647069666509538279836959264976275397,4.62359217519793573429195245131552830646,6.6,6,1,1001,906.86,770.7,136.16
201495830,USA / Evangeline Downs (US) 29th Jul,R8 7f Mdn Claim,30-07-2022 02:40,37041953,Fuhr Meo,1,1.889016124728598,.800220796820769021069909394516513620768,1.47415554982084893553897172028909943455,1.85,1.71,1.01,1.01,11392.62,6297.96,3674.14
201495312,USA / Penn National (US) 29th Jul,R6 1m Allw,30-07-2022 01:16,40379576,Economic Power,0,9.11364359035884,8.39363438077357359575292605860773438787,8.5551829121100179218024212720822208405,10.5,8,700,500,1367.05,973.42,159.77
201495313,USA / Penn National (US) 29th Jul,R7 1m Claim,30-07-2022 01:43,13504185,Gizmos Destiny,0,4.209620227,2.72949920607982996877521507702434702967,3.70334464237584366290717415647602455201,3.8,3.5,690,690,3598.89,2721.82,111.03
201523009,USA / Gulfstream Park (US) 30th Jul,R2 6f Claim,30-07-2022 17:55,43726459,Span Of Control,0,6.82304803263396,6.16233085548893633303580510166429780867,1,8.2,6.4,700,700,0,1225.44,108.49
201523006,USA / Gulfstream Park (US) 30th Jul,R1 1m Mdn Claim,30-07-2022 17:25,40641838,Anythingbutsubtle,0,66.003392992,32.8940342778674730159494249757569500438,1,80,55,1000,1000,0,77.94,10.88
201523018,USA / Gulfstream Park (US) 30th Jul,R5 7f Mdn Claim,30-07-2022 19:25,38782774,Twirling Grace,0,3.209550438,2.17599620150780279354092568016130634679,1,2.92,2.92,1000,2.54,0,1180.74,557.22
201523018,USA / Gulfstream Park (US) 30th Jul,R5 7f Mdn Claim,30-07-2022 19:25,41527349,Bella Miura,0,12.5,10.4502662024388887330141399587098842328,1,13,9,1,1001,0,523.78,41.76
201523018,USA / Gulfstream Park (US) 30th Jul,R5 7f Mdn Claim,30-07-2022 19:25,46297576,Protullio,0,57.85219190453179,107.093971968315697697759874074820342249,1,1,1001,500,500,0,1.64,17.41
201523033,USA / Gulfstream Park (US) 30th Jul,R10 1m1f Stks,30-07-2022 22:07,10140188,Reddington,0,21.05763615113799,21.1992059588041482218175846046882667426,1,25,22,980,710,0,200.42,30.96
201523024,USA / Gulfstream Park (US) 30th Jul,R7 1m Claim,30-07-2022 20:31,19413447,American Ninja,0,9,8.11125307586494290749549320927134512535,1,17,8,1,1001,0,1307.96,52.79
201523024,USA / Gulfstream Park (US) 30th Jul,R7 1m Claim,30-07-2022 20:31,36019322,Kobla Mas,0,6.65111576834228,4.10187399085619618289175198392427665532,1,6.6,6.2,1,1001,0,1076.34,182.94
201523012,USA / Gulfstream Park (US) 30th Jul,R3 6f Mdn,30-07-2022 18:25,46361476,Companuevo,0,2.16,1.35812981639589882430868188693725458144,1,2.36,2.22,240,110,0,6680.28,434.95
201523015,USA / Gulfstream Park (US) 30th Jul,R4 6f Claim,30-07-2022 18:55,5778412,Toretto,0,2.851188510894427,1.77682717845748640220647380490026548083,1,2.8,2.7,2.82,2.82,0,2695.74,832.9
201523015,USA / Gulfstream Park (US) 30th Jul,R4 6f Claim,30-07-2022 18:55,27207763,Putman,0,60,54.3671070032561879141225818765552984018,1,1,1001,1,1001,0,17.84,55.35
201523030,USA / Gulfstream Park (US) 30th Jul,R9 5f Allw Claim,30-07-2022 21:35,35925707,Indy Lyon,0,6.4,4.59645691074360241162183887112455430941,1,6,5,700,700,0,2506.28,45.58
201523167,USA / Monmouth Park (US) 30th Jul,R1 1m Mdn,30-07-2022 17:15,7314709,Crack The Code,0,12.5,9.32759385132793696450120748044906307679,1,8,8,500,500,0,339.96,159.62
201523175,USA / Monmouth Park (US) 30th Jul,R9 1m Claim,30-07-2022 21:10,32121278,Big Red Rocks,0,10,6.4640318576259010501464291913651689789,1,9.4,7.6,7.2,7.2,0,717.46,349.51
201523170,USA / Monmouth Park (US) 30th Jul,R4 6f Mdn,30-07-2022 18:42,45907505,Golden Wildcat,0,17.55027571,16.9038932988289014360874302807621423118,1,17,17,1,1001,0,87.5,47.31
201523177,USA / Monmouth Park (US) 30th Jul,R11 1m1f Claim,30-07-2022 22:10,36315814,Fatimas Blessing,0,4,3.32002004496601323009743866456483900683,1,5.4,3.9,690,6.6,0,2897.04,155.82
201523177,USA / Monmouth Park (US) 30th Jul,R11 1m1f Claim,30-07-2022 22:10,41048317,Gun For Success,0,18.965656216684085,14.4508140288986433261248323178307454943,1,1,1001,1,1001,0,177.24,223.26
201523174,USA / Monmouth Park (US) 30th Jul,R8 6f Claim,30-07-2022 20:40,18057141,Dazzling Speed,0,75.99842131610959,15.6116465590091978153248094220784984796,1,1,1001,1,1001,0,44.22,10.96
201523176,USA / Monmouth Park (US) 30th Jul,R10 6f Allw Claim,30-07-2022 21:40,11544846,Beatubyachubinose,0,9.984429733,9.3530777698178150310076044076745520142,1,1,1001,710,710,0,187.32,47.08
201523168,USA / Monmouth Park (US) 30th Jul,R2 6f Mdn Claim,30-07-2022 17:44,41067712,Fatherofthebrides,0,14.143983693852206,10.3785868801389029474617705584002310488,1,11,11,710,710,0,113.58,13.42
201523171,USA / Monmouth Park (US) 30th Jul,R5 5f Stks,30-07-2022 19:11,45375005,Barts Dream,0,18.263984296731657,15.473073404533620379918743847981955822,1,16.5,16,600,600,0,196.52,47.55
201523169,USA / Monmouth Park (US) 30th Jul,R3 6f Allw,30-07-2022 18:13,40659541,Insatiable,0,4.165749887,1.95680747438595340705918244810342651429,1,1,1001,1,1001,0,733.86,997.8
201523173,USA / Monmouth Park (US) 30th Jul,R7 1m Claim,30-07-2022 20:10,35394292,Bedazzling,0,110,14.1713402102547359372171137174880792624,1,50,50,1,1001,0,39.84,2.97
201523173,USA / Monmouth Park (US) 30th Jul,R7 1m Claim,30-07-2022 20:10,4803556,Surfing,0,9.164542226,3.04559503794734980885945699879163018718,1,1,1001,700,700,0,378.4,151.91
201523173,USA / Monmouth Park (US) 30th Jul,R7 1m Claim,30-07-2022 20:10,40290803,Panadero,0,14,4.71462922029002440553331764914600009548,1,1,1001,1,1001,0,252.92,21.75
201525256,USA / Emerald Downs (US) 30th Jul,R5 6f Claim,31-07-2022 00:28,27773471,Kiss Ride Goodbye,0,4.458114863156806,3.50962372006973520803631829391318604834,1,4.4,4.1,110,3.25,0,1043.38,402.14
201525255,USA / Emerald Downs (US) 30th Jul,R4 6f Claim,31-07-2022 00:00,40148361,Enchanting Way,1,1.56511867,.758902545665635858083104266454036496356,1,1,1001,1.01,1.01,0,1616.12,1433.56
201525255,USA / Emerald Downs (US) 30th Jul,R4 6f Claim,31-07-2022 00:00,46712168,Sadies Snowstorm,0,8,3.99584672926387841736358786560463697133,1,1,1001,690,690,0,738.76,11.52
201525254,USA / Emerald Downs (US) 30th Jul,R3 1m Claim,30-07-2022 23:32,40317979,Big Paper Daddy,1,3.5730824627762194,2.30035661079855400828059160086139776297,1,4,3.4,2.4,1.01,0,4349.2,2008.22
201522987,USA / Saratoga (US) 30th Jul,R10 1m1f Allw,30-07-2022 23:13,464254,Orchestration,0,6.8934277422202275,6.31996588744456398690313914783665574669,1,7.8,7.2,1,1001,0,1405.52,55.64
201522987,USA / Saratoga (US) 30th Jul,R10 1m1f Allw,30-07-2022 23:13,28612291,Bay Street Money,0,22.14884265385568,16.8249112802032233484403366976984308989,1,16.5,16.5,1,1001,0,294.98,7.7
201522966,USA / Saratoga (US) 30th Jul,R3 1m1f Allw,30-07-2022 19:10,41167957,Wolfe County,0,3.1,2.24044356905506806401220595536603432058,1,3.6,3.05,690,3.7,0,5492.68,434.68
201522966,USA / Saratoga (US) 30th Jul,R3 1m1f Allw,30-07-2022 19:10,15604300,Bold Victory,0,19.5,16.5098028898543021454800684991592209205,1,19,19,110,100,0,252.68,45.19
201522966,USA / Saratoga (US) 30th Jul,R3 1m1f Allw,30-07-2022 19:10,35549069,Southern Passage,0,7,6.50027584458718304031099817571495454547,1,7.8,7.4,700,700,0,698.1,64.87
201522972,USA / Saratoga (US) 30th Jul,R5 6f Allw Claim,30-07-2022 20:12,22588318,Amundson,1,6.466436923473813,5.67987804562792632076299247815847559058,1,7,6.2,1.01,1.01,0,4550.08,2967.66
201522963,USA / Saratoga (US) 30th Jul,R2 1m1f Mdn,30-07-2022 18:36,46304680,Determinedly,0,6,6.28308635015473871511800207933072841376,1,10,6.2,1,1001,0,4082.1,58.8
201522963,USA / Saratoga (US) 30th Jul,R2 1m1f Mdn,30-07-2022 18:36,46328845,Deccan Prince,0,6.6,4.94021974915066279318038581497570562073,1,6.4,5.5,1,1001,0,1941.1,36.56
201522984,USA / Saratoga (US) 30th Jul,R9 1m1f Grp2,30-07-2022 22:37,40970388,Epicenter,1,2.8,1.79777177892395204296239615222585903963,1,3.3,2.48,3,1.02,0,34508.84,4795.2
201524226,USA / Canterbury Park (US) 30th Jul,R3 1m Claim,31-07-2022 00:12,19273981,Candy Cove,0,6.53624348682235,4.48080820027031175579936045613206620933,1,6.8,6.2,1,1001,0,1704.42,243.46
201524222,USA / Canterbury Park (US) 30th Jul,R1 5f Mdn,30-07-2022 23:12,47093636,Magic Glass,1,5.914403687898303,5.12001368410103768293134771078604501077,1,6,6,1,1001,0,592.88,1131.12
201524222,USA / Canterbury Park (US) 30th Jul,R1 5f Mdn,30-07-2022 23:12,47093638,Russian Tothe Wire,0,10,9.89170953692502017664015812608400121686,1,14,9.8,1,1001,0,458.38,20.15
201522955,USA / Delaware Park (US) 30th Jul,R4 5f Claim,30-07-2022 19:00,26362597,Willow Drive,0,35.70460120149761,33.8530095279702049993076462836322097888,1,1,1001,1,1001,0,45.32,210.02
201522955,USA / Delaware Park (US) 30th Jul,R4 5f Claim,30-07-2022 19:00,42102600,My Sister Clurrie,0,23.804582730506898,21.0726859864460054331263883914074253972,1,1,1001,1000,720,0,50.42,16.86
201522956,USA / Delaware Park (US) 30th Jul,R5 1m Claim,30-07-2022 19:30,19371985,Code Name Brody,0,23,7.6535685597127531169380155832613974085,1,1,1001,980,980,0,258.68,13.18
201522957,USA / Delaware Park (US) 30th Jul,R6 1m1f Mdn,30-07-2022 20:00,43898749,Ghost Of Khozan,0,82.39610014436768,32.024955071592626642445814347561975648,1,100,60,160,160,0,48.62,12.98
201522952,USA / Delaware Park (US) 30th Jul,R1 6f Mdn Claim,30-07-2022 17:30,31351,Red Eagle,0,19.10075738687393,18.6955292395806318717117822335320837533,1,19.5,18,44,44,0,182.18,36.36
201523535,USA / Woodbine (US) 30th Jul,R1 6f Claim,30-07-2022 18:00,26024166,Priceless Will,0,2.72,1.75420631549688665784269481747249281206,1,2.86,2.66,1,1001,0,3340.4,376.44
201523535,USA / Woodbine (US) 30th Jul,R1 6f Claim,30-07-2022 18:00,40627287,Gancho,0,9.372342661649729,7.29601717773860887082815669247927008675,1,9.6,7.6,1,1001,0,422.2,238.43
201523535,USA / Woodbine (US) 30th Jul,R1 6f Claim,30-07-2022 18:00,8504156,Sea Scout,0,80.84269119815929,61.4713961625134787607718407468522068056,1,75,75,1,1001,0,10.64,57.88
201523537,USA / Woodbine (US) 30th Jul,R3 6f Mdn,30-07-2022 18:59,7654935,Secrets Told,1,2.64,1.20468394135039736020323862218047148815,1,2.64,2.58,2.62,1.01,0,3119.84,4217.18
201523537,USA / Woodbine (US) 30th Jul,R3 6f Mdn,30-07-2022 18:59,41698402,Beravina,0,8.6,3.25136794663684702065646755432663717932,1,1,1001,990,290,0,413.08,113.39
201523537,USA / Woodbine (US) 30th Jul,R3 6f Mdn,30-07-2022 18:59,422265,Foxy Diva,0,33.612096133,6.57805731705358146806904318679533881743,1,1,1001,1,1001,0,195.1,55.51
201523541,USA / Woodbine (US) 30th Jul,R7 1m Hcap,30-07-2022 21:06,48578,Make No Mistake,0,8.8,6.66422180494088920125415039297876934037,1,8,7.6,1,1001,0,442.52,146.05
201523544,USA / Woodbine (US) 30th Jul,R10 1m Claim,30-07-2022 22:48,39899126,Shuddacuddawudda,0,11,7.52411111195624906742271404411851649238,1,11.5,10.5,150,100,0,1134.12,75.22
201523536,USA / Woodbine (US) 30th Jul,R2 7f Mdn Claim,30-07-2022 18:29,41580478,Tudor Peak,0,22.777259949,20.2664083648290343781792756978524390528,1,1,1001,500,500,0,183.42,209.02
201523536,USA / Woodbine (US) 30th Jul,R2 7f Mdn Claim,30-07-2022 18:29,45070758,Island Belle,0,13.184722981225933,10.3881753117277569154271568632780494059,1,12.5,9.8,700,500,0,1065.94,63.46
201523538,USA / Woodbine (US) 30th Jul,R4 5f Allw Claim,30-07-2022 19:29,6407307,Imagery,1,5.6,4.94766897383425816761574839749528432878,1,1,1001,1.01,1.01,0,632.88,2327.9
201523539,USA / Woodbine (US) 30th Jul,R5 5f Mdn Claim,30-07-2022 20:04,45969896,Im A Bourbon Girl,0,5.6599537067371415,4.0611939843993518960750613261878611323,1,5.4,4.3,1,1001,0,1524.92,435.09
201523539,USA / Woodbine (US) 30th Jul,R5 5f Mdn Claim,30-07-2022 20:04,918128,Stolen,0,19.7905352081079,18.4256854735808553577578192169088988625,1,17,17,1,1001,0,149.52,22.15
201523539,USA / Woodbine (US) 30th Jul,R5 5f Mdn Claim,30-07-2022 20:04,47095281,Bear Speed,0,17.603557286,14.3235579899921090332114876312055041013,1,16.5,14,710,500,0,324.06,22.18
201523542,USA / Woodbine (US) 30th Jul,R8 1m2f Stks,30-07-2022 21:40,40008544,Whos The Star,1,20,18.4129480638702463619202540249255964763,1,26,17,80,1.01,0,336.7,2675.62
201523542,USA / Woodbine (US) 30th Jul,R8 1m2f Stks,30-07-2022 21:40,26321152,Cibolian,0,7.8,7.38849455167260835458883412350855436721,1,8,7.6,1,1001,0,610.16,168.04
201523543,USA / Woodbine (US) 30th Jul,R9 6f Mdn Claim,30-07-2022 22:14,8844903,Road Map,0,17.63470441943675,17.5269946556832769549363446246906694698,1,20,20,710,710,0,192.52,53.65
201522940,USA / Laurel Park (US) 30th Jul,R7 7f Stks,30-07-2022 20:57,41423298,Al Loves Josie,0,8.548892039519856,6.6760189345100426525974783296925307133,1,8.4,7,520,520,0,1845.13,218.5
201522934,USA / Laurel Park (US) 30th Jul,R5 7f Stks,30-07-2022 19:52,40538700,Dry Well,0,22.752396432571118,15.3318372828784973902527106269404653902,1,23,17,710,710,0,389.44,71.16
201522931,USA / Laurel Park (US) 30th Jul,R4 6f Mdn,30-07-2022 19:19,40339753,Catchthiswinner,0,5.115225911,3.61133230822248057493169532249071921866,1,5.8,5.3,1,1001,0,1416.94,260.41
201522928,USA / Laurel Park (US) 30th Jul,R3 7f Allw Claim,30-07-2022 18:46,490157,Royal Spy,0,9.4,4.49248715193258703122381540046181530132,1,1,1001,700,700,0,444.18,300.01
201522946,USA / Laurel Park (US) 30th Jul,R9 1m1f Stks,30-07-2022 21:58,36274704,Commandeer,0,17.5,16.3191849916636287598888637828694268153,1,14.5,14.5,710,50,0,310.7,97.36
201495891,USA / Charles Town (US) 29th Jul,R8 7f Mdn,30-07-2022 03:32,41516404,Angelas Romeo,0,17.5,15.8528287581441958082647319526811147799,5.20098137392349289004606449028640096135,1,1001,1,1001,99.86,17.08,.34
201495891,USA / Charles Town (US) 29th Jul,R8 7f Mdn,30-07-2022 03:32,43403805,Scare Dem,0,11,11.7163811875181868280158807140012765633,7.49192409781442367425312023493533630767,12,12,1,1001,354.14,184.78,.36
201495891,USA / Charles Town (US) 29th Jul,R8 7f Mdn,30-07-2022 03:32,45325335,Juba Bound,0,4.548314134826651,4.51541283931568927880523051953896531913,2.70446661336855643227084709235635579965,1,1001,1,1001,575.38,149.1,41.46
201495891,USA / Charles Town (US) 29th Jul,R8 7f Mdn,30-07-2022 03:32,45950775,Kvellion,0,33.468945807,23.3501568187621295979182625230609418886,7.63868859846777827850383055430374042361,1,1001,1,1001,88.76,17.36,.28
201495888,USA / Charles Town (US) 29th Jul,R5 5f Mdn Claim,30-07-2022 02:02,39871825,Holy Pink,0,10.521209589,8.44082833359828249271915740481670875694,7.64765523041675125431397001247063600244,10.5,9.4,1,1001,689.62,497.8,16.06
201495886,USA / Charles Town (US) 29th Jul,R3 7f Claim,30-07-2022 01:02,26924817,Fu Man Sue,0,4.125187920448954,2.66505063277581579885299108419247114553,3.67768538713195201744820065430752453653,5.8,3.6,1,1001,4621.68,4361.24,260.44
201495886,USA / Charles Town (US) 29th Jul,R3 7f Claim,30-07-2022 01:02,22378092,Charitable Visit,0,4.8,2.59051865897117892174036595505183248146,3.65714195194437435164157344323884823506,5.4,3.75,1,1001,3566.7,3513.52,53.18
201495886,USA / Charles Town (US) 29th Jul,R3 7f Claim,30-07-2022 01:02,19656335,Lost In Manhattan,1,2.6313742525638366,1.2561080547547215665391419160911603984,2.05758370326239898090899623895359115754,2.9,2.26,1,1001,8258.34,6507.72,1750.62
201525242,USA / Evangeline Downs (US) 30th Jul,R1 1m Mdn Claim,30-07-2022 23:30,41752748,Oak Hill Solution,1,4.045041477,3.14511629496507102064832762141934314351,1,4.7,4.1,1,1001,0,1614.22,2081.12
201525243,USA / Evangeline Downs (US) 30th Jul,R2 7f Claim,30-07-2022 23:57,27306231,Blue Ridge Heat,1,4.503460512659657,4.89322459234654574219662826399491365412,1,7.6,5.5,6.4,1.01,0,2456.16,1987.5
201525243,USA / Evangeline Downs (US) 30th Jul,R2 7f Claim,30-07-2022 23:57,27075803,Missgreeleyssong,0,32,25.3869220795090076210751927386275369427,1,25,25,720,330,0,209.06,19.74
201525244,USA / Evangeline Downs (US) 30th Jul,R3 7f Claim,31-07-2022 00:24,36550902,Coach Hudson,0,196.0957558004822,96.7598400300847083164161259030839174244,1,100,50,980,980,0,33.92,.28
201525244,USA / Evangeline Downs (US) 30th Jul,R3 7f Claim,31-07-2022 00:24,39613880,Argybargy Buck,0,7.284171104403214,6.7722002074134359012319713096212986453,1,7.8,7.6,700,700,0,1078.82,18.02
201525245,USA / Evangeline Downs (US) 30th Jul,R4 5f Claim,31-07-2022 00:51,21850775,Mucho Marvin,0,17.20490398255909,17.0958196136834149971662053366056676338,1,17.5,17.5,1,1001,0,178.9,9.96
201525313,USA / Charles Town (US) 30th Jul,R1 7f Allw,31-07-2022 00:00,39236542,Miss Chamita,1,4.2,3.11787690840584636630903516566378678279,1,4.6,4.1,1.01,1.01,0,4234.02,2144.86
201525313,USA / Charles Town (US) 30th Jul,R1 7f Allw,31-07-2022 00:00,39876072,Lace Revolution,0,42,25.1355497651346639036811981487077518018,1,55,40,1,1001,0,181.06,12.79
201525314,USA / Charles Town (US) 30th Jul,R2 7f Claim,31-07-2022 00:32,14198426,Fonda Romana,0,16,11.5456579780898288893159032260260931336,1,18,14,1,1001,0,810.88,11.32
201525314,USA / Charles Town (US) 30th Jul,R2 7f Claim,31-07-2022 00:32,24533203,Upsy Daisy Do,0,28,11.7466321685100388384335754417834589899,1,1,1001,1,1001,0,291.78,14.59
201495827,USA / Evangeline Downs (US) 29th Jul,R5 5f Mdn Claim,30-07-2022 01:18,47059066,Flash Of Rain,0,65.911670228,3.83205993066007173172179331669820907902,7.09032828047986608388356737654608016368,44,1.15,730,730,430.12,355.82,21.66
201495830,USA / Evangeline Downs (US) 29th Jul,R8 7f Mdn Claim,30-07-2022 02:40,42433725,House Of Zong,0,10.2730684446916,9.371443780824936810489105796288697881,5.43974770524588482641915799189785139224,1,1001,1,1001,390.02,147.72,42.72
201495313,USA / Penn National (US) 29th Jul,R7 1m Claim,30-07-2022 01:43,27925929,Katy The Cat,1,3.018429189233577,1.92454524960339642644705309853083901732,2.00965237486599136947620718163597245494,3.05,2.9,1.01,1.01,8152.46,3582.54,3651.78
201495314,USA / Penn National (US) 29th Jul,R8 1m1f Allw,30-07-2022 02:10,24950192,Curlington,1,4.20322411576076,3.3273964292176321544463233788764500786,1.98518927568849523256376748463288320991,4.4,4.2,1.01,1.01,6611.52,1596.24,4613.7
201523009,USA / Gulfstream Park (US) 30th Jul,R2 6f Claim,30-07-2022 17:55,480383,Partners Hope,0,5.778232444243624,3.79443007077412691439734835429319391313,1,4.8,4.6,500,500,0,904.16,106.06
201523006,USA / Gulfstream Park (US) 30th Jul,R1 1m Mdn Claim,30-07-2022 17:25,40804310,Voice Of Now,0,8.48676254378632,6.83822486155539074809046386465730208535,1,8.4,8.4,1,1001,0,1572.96,88.04
201523006,USA / Gulfstream Park (US) 30th Jul,R1 1m Mdn Claim,30-07-2022 17:25,40860767,Capture Mi,0,7,5.49196471758474620495349604923269003079,1,9.4,6.2,1,1001,0,1800.3,326.22
201523006,USA / Gulfstream Park (US) 30th Jul,R1 1m Mdn Claim,30-07-2022 17:25,41338204,Glory And Victory,0,15.674411088339987,9.20442143737499898375976294059977657446,1,1,1001,1,1001,0,323.48,33.91
201523006,USA / Gulfstream Park (US) 30th Jul,R1 1m Mdn Claim,30-07-2022 17:25,45580954,Seventytimesseven,0,12,7.24688421089382046775719644320877224927,1,11.5,8,1,1001,0,1115.72,132.51
201523006,USA / Gulfstream Park (US) 30th Jul,R1 1m Mdn Claim,30-07-2022 17:25,40943326,Go Cristian,0,35.990784132134635,18.2532269362427893804648892337148533848,1,42,25,1,1001,0,172.98,7.96
201523018,USA / Gulfstream Park (US) 30th Jul,R5 7f Mdn Claim,30-07-2022 19:25,44271920,Prettyasapenny,0,22.60657083023863,20.1010720010646462388929163134535358969,1,1,1001,710,710,0,57.22,26.24
201523033,USA / Gulfstream Park (US) 30th Jul,R10 1m1f Stks,30-07-2022 22:07,40464629,Space Runner,0,12.195843497172465,12.1729490347065832868291987752322353075,1,13,13,980,700,0,551.8,46.2
201523024,USA / Gulfstream Park (US) 30th Jul,R7 1m Claim,30-07-2022 20:31,232419,Benefactor,0,14,4.32806880210389861425811106441947691573,1,13,13,700,700,0,283.1,100.9
201523027,USA / Gulfstream Park (US) 30th Jul,R8 7f Mdn,30-07-2022 21:03,41603523,Ginger Sparkle,0,24,23.1581569242824470256962193730184247092,1,24,23,1,1001,0,301.78,91.35
201523012,USA / Gulfstream Park (US) 30th Jul,R3 6f Mdn,30-07-2022 18:25,47095302,Dellacroce,0,73.21523406212378,45.8007335230811358537221906327625846805,1,60,60,990,930,0,20.48,123.67
201523012,USA / Gulfstream Park (US) 30th Jul,R3 6f Mdn,30-07-2022 18:25,4536455,Caddy Man,0,10.657933129253799,6.51857875062059743779748422988246612446,1,9.4,9.4,1000,500,0,486.28,71.34
201523012,USA / Gulfstream Park (US) 30th Jul,R3 6f Mdn,30-07-2022 18:25,7422080,Black Fury,0,56.834336378767816,38.115326750443001763083205001081524365,1,42,42,730,730,0,59.96,15.35
201523021,USA / Gulfstream Park (US) 30th Jul,R6 1m Allw,30-07-2022 19:59,26329079,Midnight Bella,0,14.5,13.7117431141712951451928553608107569134,1,17.5,12.5,13.5,13.5,0,951.66,142.25
201523021,USA / Gulfstream Park (US) 30th Jul,R6 1m Allw,30-07-2022 19:59,28421157,Race Day Speed,1,3.5158821852071553,2.10790728619651610195310267813127185534,1,3.45,3.3,1.01,1.01,0,2971.56,5536.46
201523030,USA / Gulfstream Park (US) 30th Jul,R9 5f Allw Claim,30-07-2022 21:35,9081101,Handsome Prince,0,29,20.1398032459852109444056870235303363875,1,27,21,1,1001,0,163.9,12.64
201523036,USA / Gulfstream Park (US) 30th Jul,R11 7f Claim,30-07-2022 22:39,40132240,Kuhl Star,1,11.802610190288398,8.71372233578780177310380858713473537986,1,7.2,7,1,1001,0,664.6,855.4
201523036,USA / Gulfstream Park (US) 30th Jul,R11 7f Claim,30-07-2022 22:39,856041,Lord Darnley,0,46,36.7169751823456189505702115755189081778,1,44,44,480,480,0,31.6,8.98
201523167,USA / Monmouth Park (US) 30th Jul,R1 1m Mdn,30-07-2022 17:15,15172350,Loose Goose,1,1.5690793523321918,.596391688003934739789839097212151829519,1,1.7,1.52,1.04,1.01,0,10075.14,4627.94
201523175,USA / Monmouth Park (US) 30th Jul,R9 1m Claim,30-07-2022 21:10,35472242,Mr. Mazza,0,13.5,6.86119797265281499701966446239276723975,1,1,1001,1000,1000,0,355.04,179.68
201523170,USA / Monmouth Park (US) 30th Jul,R4 6f Mdn,30-07-2022 18:42,45254775,The Big Calico,0,10,9.0469372505990972747953527712469595379,1,9,9,1,1001,0,246.8,60.44
201523177,USA / Monmouth Park (US) 30th Jul,R11 1m1f Claim,30-07-2022 22:10,36690024,Swing Low,1,12.279948388595948,9.74587657605609671838961223795213026799,1,11,11,1,1001,0,188.26,1589.48
201523174,USA / Monmouth Park (US) 30th Jul,R8 6f Claim,30-07-2022 20:40,5541137,Maricopa,0,11.5,5.67453542518046157963939025618688104542,1,11,11,700,700,0,414.04,37.5
201523174,USA / Monmouth Park (US) 30th Jul,R8 6f Claim,30-07-2022 20:40,37337400,Lambeau Lady,0,11,5.03417182730384386283893209658131042086,1,1,1001,700,65,0,410.72,53.08
201523174,USA / Monmouth Park (US) 30th Jul,R8 6f Claim,30-07-2022 20:40,10393896,Starship Reina,0,7.047082484668353,5.10983785269166675715590562529348864017,1,11,7,700,700,0,932.26,45.08
201523176,USA / Monmouth Park (US) 30th Jul,R10 6f Allw Claim,30-07-2022 21:40,39633516,D Tiger Lily,0,7.6,6.08946194710950700290206823760702278198,1,6.6,6.6,1,1001,0,488.7,91.16
201523176,USA / Monmouth Park (US) 30th Jul,R10 6f Allw Claim,30-07-2022 21:40,45670,Perspicacious,0,25.0982279,21.7553239368685281834501522580557503953,1,1,1001,720,720,0,28.44,9.58
201523171,USA / Monmouth Park (US) 30th Jul,R5 5f Stks,30-07-2022 19:11,45743605,Power Attack,0,5.2,3.62530872434713026925146316830661696861,1,4.7,4.7,690,690,0,1288.5,253.19
201523173,USA / Monmouth Park (US) 30th Jul,R7 1m Claim,30-07-2022 20:10,19777283,Bob In Our Midst,0,7.38401793,2.873767808317819965853672170158356936,1,7.2,7.2,1,1001,0,940.72,722.88
201525256,USA / Emerald Downs (US) 30th Jul,R5 6f Claim,31-07-2022 00:28,39191353,Flyin By,0,12.5,11.7153954776367391285527700834507805823,1,13,11.5,980,980,0,415.76,38.8
201525252,USA / Emerald Downs (US) 30th Jul,R1 1m Claim,30-07-2022 22:15,40805807,Irish Knight,0,5.110674294756529,3.77850785480368824811064958097995224823,1,1,1001,690,690,0,403.18,107.46
201525255,USA / Emerald Downs (US) 30th Jul,R4 6f Claim,31-07-2022 00:00,15830464,Moscow Lady,0,15,9.93789226181238913120759285002319269807,1,15,12,1,1001,0,416.64,7
201522990,USA / Saratoga (US) 30th Jul,R11 1m Claim,30-07-2022 23:47,23818727,Jack The Cat,0,7.450194455741441,4.69047084728860866268528789071214813381,1,8.4,7.4,1,1001,0,1508.14,72.62
201522990,USA / Saratoga (US) 30th Jul,R11 1m Claim,30-07-2022 23:47,25094855,Barleewon,0,9.2,5.72582749808151070611953150733119729778,1,1,1001,1,1001,0,584.08,51.06
201522990,USA / Saratoga (US) 30th Jul,R11 1m Claim,30-07-2022 23:47,13449354,Mad Munnys,1,29.07329428716563,16.3813098109921803577637326828945348984,1,30,20,1.04,1.02,0,260.98,2260.96
201522969,USA / Saratoga (US) 30th Jul,R4 6f Mdn Claim,30-07-2022 19:40,40703109,Devilly,0,2.429991394,1.37942344331043851137825597347195220556,1,2.5,2.3,690,690,0,20450.8,377.98
201522969,USA / Saratoga (US) 30th Jul,R4 6f Mdn Claim,30-07-2022 19:40,36424388,Lady Firefoot,0,9.406862951650108,8.917081380523878002316379585335574805,1,9.8,9.8,1,1001,0,509.6,91.38
201522978,USA / Saratoga (US) 30th Jul,R7 6f Mdn,30-07-2022 21:17,40980912,Buckortwo,0,17,14.9181719017910886624860744990282871444,1,22,14.5,1,1001,0,446.56,11.19
201522981,USA / Saratoga (US) 30th Jul,R8 6f Grp1,30-07-2022 21:50,26146000,Ny Traffic,0,10.825448818686414,10.2761879696837885169423825030464955862,1,11.5,9.4,1000,700,0,2268.02,12.26
201522981,USA / Saratoga (US) 30th Jul,R8 6f Grp1,30-07-2022 21:50,20411758,Kneedeepinsnow,0,38,31.4726736673996185943427999251359168764,1,44,26,1,1001,0,862.88,10.83
201522987,USA / Saratoga (US) 30th Jul,R10 1m1f Allw,30-07-2022 23:13,1242154,Colosseo,0,11.5,10.3969117274821485652822778059020146539,1,13,10.5,1,1001,0,2761.54,20.21
201522987,USA / Saratoga (US) 30th Jul,R10 1m1f Allw,30-07-2022 23:13,61205,Hidden Enemy,0,70,52.2602208810974824380671175870877309119,1,65,44,1,1001,0,141.7,1.1
201522987,USA / Saratoga (US) 30th Jul,R10 1m1f Allw,30-07-2022 23:13,22681616,C Falls,0,65.34310456382109,60.2155730837553156311509120314890199698,1,85,50,220,220,0,130.52,2.43
201522966,USA / Saratoga (US) 30th Jul,R3 1m1f Allw,30-07-2022 19:10,7808913,Full Moon Fever,0,15.630886524468696,11.8683349528093731730907251529834960242,1,1,1001,1,1001,0,236.06,110.34
201522963,USA / Saratoga (US) 30th Jul,R2 1m1f Mdn,30-07-2022 18:36,47095361,Good Rapport,0,185.2555240181834,106.119367066616922082323489791442982169,1,120,90,610,50,0,27.09,21.84
201522975,USA / Saratoga (US) 30th Jul,R6 1m1f Allw,30-07-2022 20:44,40241423,Finest Work,0,8.859688543388623,7.14554036052914963032424205707117349433,1,12.5,7.8,1,1001,0,8562.62,164
201522975,USA / Saratoga (US) 30th Jul,R6 1m1f Allw,30-07-2022 20:44,800217,Lady Emily,0,172.239359637,69.4034061377046188786367137309496707264,1,130,85,980,100,0,109.3,7.88
201522984,USA / Saratoga (US) 30th Jul,R9 1m1f Grp2,30-07-2022 22:37,42113070,Early Voting,0,3.229657969,1.97834844031570606054181997618019108281,1,3.25,2.66,1000,2.1,0,11622.06,1716.51
201524227,USA / Canterbury Park (US) 30th Jul,R4 1m Mdn Claim,31-07-2022 00:42,40304130,Delusional Dream,0,10,9.71014807271601503929124151638912964864,1,10,10,980,710,0,668.9,20.5
201524227,USA / Canterbury Park (US) 30th Jul,R4 1m Mdn Claim,31-07-2022 00:42,40662422,Lucys Lookin Left,0,11.754422762322342,9.69818560193837647815012470890218184642,1,11.5,9.2,980,700,0,837.62,40.04
201524227,USA / Canterbury Park (US) 30th Jul,R4 1m Mdn Claim,31-07-2022 00:42,206562,Innovate,0,36,23.9176045493366999917663244845325106542,1,1,1001,1,1001,0,72.6,13.24
201524225,USA / Canterbury Park (US) 30th Jul,R2 1m Claim,30-07-2022 23:42,40225970,All Sing Baby,0,100,50.2588430747736825212412926900975592613,1,70,65,770,330,0,132.51,21.31
201524226,USA / Canterbury Park (US) 30th Jul,R3 1m Claim,31-07-2022 00:12,10078497,Conquest Cobra,0,15.101550320424138,13.4956366569854942665971345330115230094,1,23,15.5,630,630,0,760.8,34.8
201522953,USA / Delaware Park (US) 30th Jul,R2 6f Claim,30-07-2022 18:00,33149191,Texas Reward,0,8.032871849392233,5.26902990301549085135155880748095871261,1,9,9,2.06,2.06,0,617.04,221.26
201522955,USA / Delaware Park (US) 30th Jul,R4 5f Claim,30-07-2022 19:00,40033866,Shes A Big Deal,0,2.78,1.9507857808648461579071414899299508774,1,3.1,2.88,1,1001,0,6485.94,407.88
201522958,USA / Delaware Park (US) 30th Jul,R7 6f Allw Claim,30-07-2022 20:30,35664752,Plane Drunk,0,3.4305276425683404,2.95727831865113100107052011995739002204,1,4.1,4,3.6,3.6,0,2800.92,650.58
201522959,USA / Delaware Park (US) 30th Jul,R8 6f Claim,30-07-2022 21:00,10102984,Jeezum Jim,1,18.187440698,14.2547364886211360589952781544112811864,1,18.5,16,1,1001,0,293.44,2233.66
201522957,USA / Delaware Park (US) 30th Jul,R6 1m1f Mdn,30-07-2022 20:00,42975876,Victors Valiant,0,15.223500212881458,7.65416257949247373379234279696905663465,1,1,1001,1,1001,0,246.2,78.18
201523544,USA / Woodbine (US) 30th Jul,R10 1m Claim,30-07-2022 22:48,12899206,Flourishing,0,14.623458972786546,11.6179214765699025266368573663008907498,1,15.5,13,1,1001,0,940.8,135.52
201523538,USA / Woodbine (US) 30th Jul,R4 5f Allw Claim,30-07-2022 19:29,14931788,Sparkle Sammy,0,10.477754589,7.45451137624170766496311031617249737811,1,9.2,9.2,42,42,0,340,162.17
201523538,USA / Woodbine (US) 30th Jul,R4 5f Allw Claim,30-07-2022 19:29,25194457,Halfinthewrapper,0,6.4,4.83213382709829083476292282521777537862,1,1,1001,1,1001,0,844.8,1013.91
201523539,USA / Woodbine (US) 30th Jul,R5 5f Mdn Claim,30-07-2022 20:04,47095280,Flat Out Angel,0,40.88565401062314,42.2284460951992321769490692643847109942,1,44,44,730,730,0,14.37,7.37
201523542,USA / Woodbine (US) 30th Jul,R8 1m2f Stks,30-07-2022 21:40,36368175,British Royalty,0,5.956839389135131,4.18649480410677503689351439776658449046,1,1,1001,1,1001,0,826.24,149.2
201523540,USA / Woodbine (US) 30th Jul,R6 6f Claim,30-07-2022 20:35,41667738,Lincolnville Beach,1,15.599030448,15.417506056921752558106513076738758087,1,18,18,1.01,1.01,0,111.68,3167.36
201523543,USA / Woodbine (US) 30th Jul,R9 6f Mdn Claim,30-07-2022 22:14,34373821,Heklas Aura,0,10,9.4999490158517051625283599191747123294,1,10.5,10.5,700,700,0,468.42,127.86
201522943,USA / Laurel Park (US) 30th Jul,R8 6f Stks,30-07-2022 21:28,28019779,Youngest Of Five,0,28,22.9375857157801053640936212784103928935,1,26,21,9.8,9.8,0,316.74,226.25
201522943,USA / Laurel Park (US) 30th Jul,R8 6f Stks,30-07-2022 21:28,23955676,Double Crown,0,12,10.3151190450115762011721531909753430668,1,11.5,10,700,700,0,728.04,136.46
201522934,USA / Laurel Park (US) 30th Jul,R5 7f Stks,30-07-2022 19:52,40056715,Petition Prayer,0,3.863352222541507,2.66118604314408955128725170204010519788,1,4,3.6,1,1001,0,3291.46,635.96
201522934,USA / Laurel Park (US) 30th Jul,R5 7f Stks,30-07-2022 19:52,40860789,Little Bit Of That,0,7,4.60212885280469349111135675672149745712,1,7,6.2,700,2.4,0,1690.56,1016.2
201522931,USA / Laurel Park (US) 30th Jul,R4 6f Mdn,30-07-2022 19:19,44214670,Lunar Dash,0,2.5592156842847187,1.30511138672365971200290402006502906517,1,2.44,2.36,16,2.38,0,3489.84,696.72
201522922,USA / Laurel Park (US) 30th Jul,R1 7f Mdn,30-07-2022 17:40,46361490,Alas And Alack,0,27.380232055392543,21.7560374080282754724332602989965863184,1,29,24,710,710,0,212.66,15.16
201522925,USA / Laurel Park (US) 30th Jul,R2 1m1f Claim,30-07-2022 18:11,36488750,Pie Killer,0,2.8629625114136434,1.93466135824184585749779684580966109445,1,3,2.96,810,690,0,1340.02,201.17
201522949,USA / Laurel Park (US) 30th Jul,R10 6f Claim,30-07-2022 22:28,39685199,World Of Fools,0,46,39.3633702906947106104916409407918146486,1,46,38,730,730,0,207.68,8.64
201495887,USA / Charles Town (US) 29th Jul,R4 7f Claim,30-07-2022 01:32,38052644,Peaceful Way,0,7.45559629724128,4.83075492792921737903422022198450660506,5.24554810466398583092912122798614282691,6,5.5,690,690,1795.46,1310.18,86.34
201495889,USA / Charles Town (US) 29th Jul,R6 7f Claim,30-07-2022 02:32,24608274,Jack The Ripper,0,7.2,6.92313974856589283377598651789057853269,5.35963776865491427191499637768654914272,1,1001,1,1001,414.1,188.34,3.44
201495891,USA / Charles Town (US) 29th Jul,R8 7f Mdn,30-07-2022 03:32,40548005,One Night Mike,0,3.077612354531884,2.18273965440988899411146579576351802097,2.82014489938621707715018258099603760392,3.45,2.94,1,1001,1544.52,1172.28,35.04
201495891,USA / Charles Town (US) 29th Jul,R8 7f Mdn,30-07-2022 03:32,6701152,Personable,1,4.899582853851025,3.86380969099372496640653550373922019077,1.73527524383247274813539873780837636259,1,1001,1,1001,1394.4,224.38,708.1
201495888,USA / Charles Town (US) 29th Jul,R5 5f Mdn Claim,30-07-2022 02:02,45969958,Cant Figure,0,30,26.0922724963388431281592962937092578762,4.74342408860175357637286571296723580988,1,1001,1,1001,86.68,5.7,.32
201525242,USA / Evangeline Downs (US) 30th Jul,R1 1m Mdn Claim,30-07-2022 23:30,42440205,Fotheringay,0,4.012230141381533,2.79977131435022751979059334175577644376,1,4.1,3.4,1,1001,0,5250.32,411.58
201525242,USA / Evangeline Downs (US) 30th Jul,R1 1m Mdn Claim,30-07-2022 23:30,42495557,Verdunville,0,15.54747019410599,11.9106462714322834329947959894401200621,1,15.5,13,1,1001,0,665.54,5.83
201525243,USA / Evangeline Downs (US) 30th Jul,R2 7f Claim,30-07-2022 23:57,30516092,Aphrodites Revenge,0,5.863032297165336,5.50869689711337977553778669124124753052,1,6.8,6,1,1001,0,1749.6,15.94
201525243,USA / Evangeline Downs (US) 30th Jul,R2 7f Claim,30-07-2022 23:57,25071162,Two With A Ten,0,11,12.7175953582477655048799379505979500744,1,1,1001,1,1001,0,301.52,12.58
201525244,USA / Evangeline Downs (US) 30th Jul,R3 7f Claim,31-07-2022 00:24,26536844,Doctrinaire,0,6.908569585,5.30602524975193016990446202706325633068,1,6.8,6.2,1,1001,0,1298.12,18.18
201525313,USA / Charles Town (US) 30th Jul,R1 7f Allw,31-07-2022 00:00,35417094,Villareggia,0,5.2,4.79424312598604217766781092134604909136,1,8.4,5.2,1,1001,0,2522.78,416.86
201525313,USA / Charles Town (US) 30th Jul,R1 7f Allw,31-07-2022 00:00,43338043,Canvas Art,0,3.1086450916599997,1.2279275293368113250306333305056048327,1,2.88,2.06,690,690,0,10929.54,216.98
201525313,USA / Charles Town (US) 30th Jul,R1 7f Allw,31-07-2022 00:00,9400059,Gossiping,0,55,27.9895998754603626188349441676853192224,1,65,26,880,730,0,252.94,5.79
201525314,USA / Charles Town (US) 30th Jul,R2 7f Claim,31-07-2022 00:32,21551402,Catherines Warrior,0,36,24.0025184746627249911021348139949300725,1,95,34,1,1001,0,331.22,48.22
201525314,USA / Charles Town (US) 30th Jul,R2 7f Claim,31-07-2022 00:32,26148881,Rhythm Tree,0,24,16.8604514927931247284682786523969356515,1,24,24,720,720,0,330.08,7.52
201525314,USA / Charles Town (US) 30th Jul,R2 7f Claim,31-07-2022 00:32,26536957,Buff N,0,14,10.1979151797033801784136314304259197587,1,15,10,1,1001,0,1121.8,3.32
201495827,USA / Evangeline Downs (US) 29th Jul,R5 5f Mdn Claim,30-07-2022 01:18,38929255,Etbauers Secret,0,5.69288392,4.07309560810717808633037234973305163129,4.79009453200764956993827775914730860214,5.5,4.7,1,1001,2206.66,1959.14,7.84
201495829,USA / Evangeline Downs (US) 29th Jul,R7 1m Allw,30-07-2022 02:13,22656309,Exacta,1,2.975192007,1.90910742846441876125293067787965767472,2.40447275903206513656083768705717802749,3.1,2.6,1,1001,6320.26,4455.2,1337.16
201495829,USA / Evangeline Downs (US) 29th Jul,R7 1m Allw,30-07-2022 02:13,39823779,Iron Banner,0,16.209013615,13.2870277223659763266896133283840994524,13.4307274320771253286590709903593339176,16.5,11,1,1001,1255.1,1150.3,3.14
201495828,USA / Evangeline Downs (US) 29th Jul,R6 6f Claim,30-07-2022 01:46,10200128,Moment To Dream,0,10.5,7.02973128804924685009756313591021876785,9.27517690025108422734535494179411093358,10.5,10,700,700,700.96,698.18,2.78
201495830,USA / Evangeline Downs (US) 29th Jul,R8 7f Mdn Claim,30-07-2022 02:40,43368525,Glenneymax,0,6.8,5.94875378484871629113877947132894493699,5.64249779007648257042930166416849225566,7,6.4,1,1001,1040.76,787.1,9.96
201495830,USA / Evangeline Downs (US) 29th Jul,R8 7f Mdn Claim,30-07-2022 02:40,35436209,St. Monica,0,14.5,11.9702998952177023049266263960756103632,5.987095430499437664014662390136210272,1,1001,1,1001,240.07,53.24,5.15
201523009,USA / Gulfstream Park (US) 30th Jul,R2 6f Claim,30-07-2022 17:55,41790611,Mailbox Money,1,2.83663765,1.79318790179944681096608426538523520885,1,2.94,2.72,1.08,1.01,0,2013.28,2284.94
201523006,USA / Gulfstream Park (US) 30th Jul,R1 1m Mdn Claim,30-07-2022 17:25,40885082,Birdnote,1,2.94,2.04905571653918397649404048246068347833,1,4,3,1.01,1.01,0,3833.42,3704.46
201523018,USA / Gulfstream Park (US) 30th Jul,R5 7f Mdn Claim,30-07-2022 19:25,40214396,Angelic Storm,0,24,27.3155554113112406083428064838199159075,1,1,1001,1,1001,0,27.1,63.68
201523033,USA / Gulfstream Park (US) 30th Jul,R10 1m1f Stks,30-07-2022 22:07,41048316,Grand David,1,4.5133300133755245,3.82491985922008644727291415187358328023,1,5,4.6,1.04,1.01,0,4777.78,3900.9
201523033,USA / Gulfstream Park (US) 30th Jul,R10 1m1f Stks,30-07-2022 22:07,41150926,Always Gambling,0,10.297415424,10.1105247920070412626177808564737720015,1,12,12,700,700,0,666.48,36.76
201523024,USA / Gulfstream Park (US) 30th Jul,R7 1m Claim,30-07-2022 20:31,25892491,Mr Matuschek,0,4.934951945461798,3.08914429306879654153768071177035450747,1,4.8,4.6,690,4.9,0,1591.82,879.4
201523024,USA / Gulfstream Park (US) 30th Jul,R7 1m Claim,30-07-2022 20:31,36628451,Long Beach Kid,0,22.02416394612873,4.51676523457379361452798974682771969281,1,1,1001,1,1001,0,97.96,21.22
201523027,USA / Gulfstream Park (US) 30th Jul,R8 7f Mdn,30-07-2022 21:03,41603520,Tyrona,0,32.105251023,23.9556906875480577065781029946399218212,1,38,21,1,1001,0,242.02,19.85
201523015,USA / Gulfstream Park (US) 30th Jul,R4 6f Claim,30-07-2022 18:55,42337588,Starlite Walker,0,5.138881584805204,3.71092957473515972210399204957685668448,1,1,1001,810,690,0,700.08,576.87
201523015,USA / Gulfstream Park (US) 30th Jul,R4 6f Claim,30-07-2022 18:55,28397544,Highly Noted,0,98.23148983047342,43.4625215420953500470794271851274849351,1,1,1001,740,270,0,11.74,6.47
201523021,USA / Gulfstream Park (US) 30th Jul,R6 1m Allw,30-07-2022 19:59,25996027,La Rusia,0,40,20.1201244471562381018871369230126334719,1,38,30,1000,720,0,193.6,9.98
201523036,USA / Gulfstream Park (US) 30th Jul,R11 7f Claim,30-07-2022 22:39,42716818,Awkward Pause,0,18.037520191110666,14.9775384311462297691826527856534925906,1,17.5,16.5,710,34,0,289.58,53.38
201523175,USA / Monmouth Park (US) 30th Jul,R9 1m Claim,30-07-2022 21:10,13426463,Skillful,0,8.2,5.9723490612295585289174025054240572741,1,8.2,7,5,5,0,1196.32,361.77
201523177,USA / Monmouth Park (US) 30th Jul,R11 1m1f Claim,30-07-2022 22:10,40068345,Willy Mc,0,7.2,5.98180234253688245287504147148889318699,1,1,1001,28,28,0,394.44,242.9
201523177,USA / Monmouth Park (US) 30th Jul,R11 1m1f Claim,30-07-2022 22:10,40736635,God Is Love,0,5.4,4.94247017086134971921080228701793557765,1,5.3,5.3,1,1001,0,932.6,230.2
201523177,USA / Monmouth Park (US) 30th Jul,R11 1m1f Claim,30-07-2022 22:10,42164197,Karl Cares,0,8.8,7.65695861081142560724032804901673143345,1,10.5,10.5,110,110,0,410.14,46.08
201523174,USA / Monmouth Park (US) 30th Jul,R8 6f Claim,30-07-2022 20:40,25527873,Seahawk Lisa,0,6.4,2.91933056421915847720869391818687198445,1,6.2,4.5,1,1001,0,1037.12,136.52
201523176,USA / Monmouth Park (US) 30th Jul,R10 6f Allw Claim,30-07-2022 21:40,42072349,Caliente Rum,0,24,18.20450131549610301590814440187424398,1,19.5,19.5,1,1001,0,71.64,20.53
201523168,USA / Monmouth Park (US) 30th Jul,R2 6f Mdn Claim,30-07-2022 17:44,44625913,Sir Cupid,0,23.437292233463594,19.3584031672174822422940733435417571817,1,1,1001,1,1001,0,25.86,11.58
201523173,USA / Monmouth Park (US) 30th Jul,R7 1m Claim,30-07-2022 20:10,12598612,Ludo,0,14.5,9.04099906336863056698680062972825050971,1,16.5,14,1000,1000,0,384.78,89.74
201523173,USA / Monmouth Park (US) 30th Jul,R7 1m Claim,30-07-2022 20:10,43067272,Tetragrammaton,1,3.3,1.27428686894697116296757321223860486339,1,1,1001,1,1001,0,1596.38,1704.04
201525253,USA / Emerald Downs (US) 30th Jul,R2 6f Claim,30-07-2022 22:43,13339498,Codys Choice,1,3.5,3.22209352369846115989670739120214997019,1,1,1001,1,1001,0,319.92,1337.46
201525255,USA / Emerald Downs (US) 30th Jul,R4 6f Claim,31-07-2022 00:00,40781217,Lafonda,0,34.70949816437262,39.1595579014961411438744960043923818421,1,1,1001,1,1001,0,42.1,1.7
201525255,USA / Emerald Downs (US) 30th Jul,R4 6f Claim,31-07-2022 00:00,42507816,La Popis,0,24,20.0176789720547143335393388599462707164,1,1,1001,710,710,0,49.84,3.99
201525254,USA / Emerald Downs (US) 30th Jul,R3 1m Claim,30-07-2022 23:32,618079,El Maestro,0,11.02540204872931,5.53983464724005703857492223691696158762,1,11.5,10.5,700,80,0,2046.8,63.08
201522969,USA / Saratoga (US) 30th Jul,R4 6f Mdn Claim,30-07-2022 19:40,40145242,Union Dolly,1,10.518213958427513,10.0370212928846838849875811571041543416,1,11,11,1.04,1.04,0,464.32,1567.9
201522969,USA / Saratoga (US) 30th Jul,R4 6f Mdn Claim,30-07-2022 19:40,41101,Sparkling Water,0,72.32334897182882,53.2076023366746073045362795404411514417,1,60,60,1,1001,0,38.66,1.27
201522978,USA / Saratoga (US) 30th Jul,R7 6f Mdn,30-07-2022 21:17,39398248,Fuoco,0,17.5,21.3298894410987233294479490781077650193,1,26,16.5,14.5,14.5,0,531.34,232.71
201522978,USA / Saratoga (US) 30th Jul,R7 6f Mdn,30-07-2022 21:17,44796349,Kimbo Dancer,0,290,110.811790675868231337191740843084980246,1,340,80,1,1001,0,63.14,5.72
201522981,USA / Saratoga (US) 30th Jul,R8 6f Grp1,30-07-2022 21:50,20399538,Long Range Toddy,0,90.79539246322672,105.977776018240125866298065654942908141,1,130,75,1000,360,0,247.07,76.54
201522987,USA / Saratoga (US) 30th Jul,R10 1m1f Allw,30-07-2022 23:13,13541520,Irwin,0,27.62852972773835,19.7605527586509038333795027366486575391,1,24,24,1,1001,0,192.88,18.29
201522987,USA / Saratoga (US) 30th Jul,R10 1m1f Allw,30-07-2022 23:13,35388405,Shawdyshawdyshawdy,0,13.199151854626834,10.5467110531196240801838542607690636664,1,13,11,100,100,0,818.32,277.68
201522966,USA / Saratoga (US) 30th Jul,R3 1m1f Allw,30-07-2022 19:10,38797027,Cryo,0,11.40341757,12.3909490003005754063930044351852478373,1,16,16,12,12,0,311.72,246.16
201522972,USA / Saratoga (US) 30th Jul,R5 6f Allw Claim,30-07-2022 20:12,25040299,Bank On Shea,0,4.609711371,3.56920163677134471869254564326295289332,1,4.8,4.8,980,690,0,1212.5,79.82
201522972,USA / Saratoga (US) 30th Jul,R5 6f Allw Claim,30-07-2022 20:12,40225985,Hot Rod Rumble,0,13.287453512894153,11.1307648850857665335071397601438640665,1,12.5,12.5,980,980,0,339.38,80.21
201522975,USA / Saratoga (US) 30th Jul,R6 1m1f Allw,30-07-2022 20:44,27977624,Linny Kate,0,536.8082219278066,87.5588467925570924759046373875883339643,1,500,100,1000,970,0,75.44,8.66
201522984,USA / Saratoga (US) 30th Jul,R9 1m1f Grp2,30-07-2022 22:37,552412,Tawny Port,0,12.466142266700675,13.750870153295965287138859460458497497,1,18.5,12.5,190,190,0,3083.87,85.48
201524227,USA / Canterbury Park (US) 30th Jul,R4 1m Mdn Claim,31-07-2022 00:42,40607695,Rattleme,0,55,29.2335064175528365102035202880373440436,1,29,29,1,1001,0,66.04,22.04
201524225,USA / Canterbury Park (US) 30th Jul,R2 1m Claim,30-07-2022 23:42,25730552,Tantima,0,19,16.0066485609463307669705819881580608484,1,19,17.5,1,1001,0,422.13,43.48
201524222,USA / Canterbury Park (US) 30th Jul,R1 5f Mdn,30-07-2022 23:12,40309655,Latest Attraction,0,22,16.3576934176054186889619235798820451677,1,22,21,980,980,0,199.66,32.64
201522954,USA / Delaware Park (US) 30th Jul,R3 6f Claim,30-07-2022 18:30,13286024,Fast Cash,1,3.372657516767213,2.57957137577489204355067182369766412129,1,4.1,3.2,1.01,1.01,0,2979.46,6301.36
201522958,USA / Delaware Park (US) 30th Jul,R7 6f Allw Claim,30-07-2022 20:30,35438679,Proper Attire,0,10.581178980299738,9.20477176352707454301071309423222943779,1,9.2,9.2,1,1001,0,457.96,67.36
201522959,USA / Delaware Park (US) 30th Jul,R8 6f Claim,30-07-2022 21:00,10205508,Boppin Anda Weavin,0,14.5,11.2129690621653985594410214009210547597,1,12.5,11,1,1001,0,254.1,17.21
201522956,USA / Delaware Park (US) 30th Jul,R5 1m Claim,30-07-2022 19:30,5147347,Lifespan,0,21,7.39635065043288236794458223992864914692,1,1,1001,1,1001,0,248.7,49.84
201522956,USA / Delaware Park (US) 30th Jul,R5 1m Claim,30-07-2022 19:30,38558591,Sunny Saint,0,29.62195942,6.54194789582387018726947704263341399654,1,1,1001,990,210,0,165.84,83.68
201522957,USA / Delaware Park (US) 30th Jul,R6 1m1f Mdn,30-07-2022 20:00,40401123,Borrelly,0,213.66201106723398,73.5446995731214130615776090719994983271,1,200,100,750,360,0,18.71,5.6
201522957,USA / Delaware Park (US) 30th Jul,R6 1m1f Mdn,30-07-2022 20:00,40756378,Silk War,0,5.480930000334673,2.22790002940548030482809014451264367619,1,1,1001,1,1001,0,954.4,124.24
201522952,USA / Delaware Park (US) 30th Jul,R1 6f Mdn Claim,30-07-2022 17:30,43403817,Consider Me,0,3.76122030323022,2.85039973265647917205494117303932278607,1,1,1001,330,330,0,280.22,191.98
201523541,USA / Woodbine (US) 30th Jul,R7 1m Hcap,30-07-2022 21:06,21352511,Bella Nina,0,7,4.60970838977614067530164805264322843213,1,5.8,5.7,700,700,0,530.48,211.74
201523541,USA / Woodbine (US) 30th Jul,R7 1m Hcap,30-07-2022 21:06,36337388,English Biscuit,1,24.13603684711706,26.0377346230393681587250179589747079839,1,36,24,1.01,1.01,0,115.96,1590.69
201523544,USA / Woodbine (US) 30th Jul,R10 1m Claim,30-07-2022 22:48,40475078,Gormley Girl,0,15.805783725359346,7.80938691022017441114955545953447976751,1,14,13,1,1001,0,509.42,52.23
201523544,USA / Woodbine (US) 30th Jul,R10 1m Claim,30-07-2022 22:48,41580477,Phil In Echo,0,15.754561719354825,7.98293332182103399703499605477509103114,1,12.5,12.5,1,1001,0,382.96,22.15
201523544,USA / Woodbine (US) 30th Jul,R10 1m Claim,30-07-2022 22:48,26830448,I Am I Said,0,85,15.6145348592543338833482595423248701495,1,85,42,1,1001,0,147.66,12.16
201523536,USA / Woodbine (US) 30th Jul,R2 7f Mdn Claim,30-07-2022 18:29,36532457,Northern Passage,0,24,22.6191089885400118608240801170746507814,1,23,23,1,1001,0,192.48,36.35
201523538,USA / Woodbine (US) 30th Jul,R4 5f Allw Claim,30-07-2022 19:29,11790967,Dancing Doll,0,6.454228702145629,4.39203189286952784163890665469374411588,1,5,5,1000,1000,0,1141.8,215.34
201523539,USA / Woodbine (US) 30th Jul,R5 5f Mdn Claim,30-07-2022 20:04,47095275,Rifling,0,8.75892937076446,6.75451113044447498384392220561130793106,1,7.6,7.6,1,1001,0,440.44,609.62
201523540,USA / Woodbine (US) 30th Jul,R6 6f Claim,30-07-2022 20:35,35925689,Kerics Beauty,0,6.835612896129022,3.71849915482708418937735689806853447607,1,6.4,4.3,1,1001,0,1670.54,523.06
201523540,USA / Woodbine (US) 30th Jul,R6 6f Claim,30-07-2022 20:35,40064641,Bennys Button,0,7.797602834418067,6.89863458668489069593467373895845251212,1,8,7.2,1,1001,0,669.9,51.21
201523543,USA / Woodbine (US) 30th Jul,R9 6f Mdn Claim,30-07-2022 22:14,15894553,The Hard Way,1,4.3,3.38883324582320824856214483154251755316,1,9.03,3.8,3.9,1.01,0,2344.8,3735.26
201523543,USA / Woodbine (US) 30th Jul,R9 6f Mdn Claim,30-07-2022 22:14,44973683,Clink Cheers,0,12,10.0190697683353846950576790788199462779,1,11,11,700,700,0,268.64,60.51
201522940,USA / Laurel Park (US) 30th Jul,R7 7f Stks,30-07-2022 20:57,39927664,Buff Hello,0,11.5,11.1561976937158199425473847790519794031,1,19.5,10.5,1,1001,0,809.36,61.49
201522943,USA / Laurel Park (US) 30th Jul,R8 6f Stks,30-07-2022 21:28,26942917,Justwaveandsmile,1,9.410103668173768,7.62420228577257556426802374221445016975,1,9.6,8.2,1,1001,0,1435.72,2649.48
201522934,USA / Laurel Park (US) 30th Jul,R5 7f Stks,30-07-2022 19:52,41682645,Divine Huntress,1,1.93,.836213219370140880129104000780570637323,1,2.08,1.8,1,1001,0,12381.94,1430.48
201522931,USA / Laurel Park (US) 30th Jul,R4 6f Mdn,30-07-2022 19:19,40388539,Doctor Davis,1,3.773476519889664,2.09690699791643996300807365088689982952,1,3.7,3.05,1.01,1.01,0,5608.8,3327.3
201522925,USA / Laurel Park (US) 30th Jul,R2 1m1f Claim,30-07-2022 18:11,3647863,Witty Banter,0,19.5,20.3906469549778311818255429941079586521,1,23,23,1,1001,0,114.05,222.71
201522925,USA / Laurel Park (US) 30th Jul,R2 1m1f Claim,30-07-2022 18:11,26357583,My Candy Girl,1,14.952455069785934,10.3640503148367224612233540057783948195,1,11,11,18,1.01,0,287.08,3114.93
201522946,USA / Laurel Park (US) 30th Jul,R9 1m1f Stks,30-07-2022 21:58,23715626,Treasure Trove,0,11.5,8.87385443953150608731913631777409421477,1,10.5,10,1000,700,0,1095.73,79.28
201495887,USA / Charles Town (US) 29th Jul,R4 7f Claim,30-07-2022 01:32,39851179,Clearly Visible,0,20.77599458064884,22.6001722908439568349406591177004915949,11.7059682804674457429048414023372287145,27,27,1,1001,239.6,89.57,3.51
201495890,USA / Charles Town (US) 29th Jul,R7 7f Claim,30-07-2022 03:02,41682578,Divining Dancer,0,27,26.8125254884628569053518467535877261966,6.80453757851418670132120424518085336799,1,1001,1,1001,92.34,8.72,13.76
201495886,USA / Charles Town (US) 29th Jul,R3 7f Claim,30-07-2022 01:02,19669454,Unnamed Soldier,0,36,15.6293548217155198976122719567478509592,19.919360664619830232978147011016796099,40,29,1,1001,221.48,218.62,2.86
201495886,USA / Charles Town (US) 29th Jul,R3 7f Claim,30-07-2022 01:02,11353514,The Iron Bank,0,43.280272679203186,15.4911827067872393685836576778039273153,18.8208659466957297136629347072228277024,44,27,1,1001,201.86,199.9,1.96
201525242,USA / Evangeline Downs (US) 30th Jul,R1 1m Mdn Claim,30-07-2022 23:30,42888403,Proudtown,0,4.2,3.55359316165583436262917406371558904204,1,4.3,4.3,1,1001,0,1718.12,46.06
201525244,USA / Evangeline Downs (US) 30th Jul,R3 7f Claim,31-07-2022 00:24,39813657,Customize My Quest,1,2.136289594,1.05827447684076515154829011937718785303,1,2.18,1.83,1.04,1.04,0,7226.22,3265.72
201525245,USA / Evangeline Downs (US) 30th Jul,R4 5f Claim,31-07-2022 00:51,790783,War Song,0,3.68829683,2.52901987103825483061043886406308272613,1,3.85,3.3,690,690,0,4863.34,42.02
201525245,USA / Evangeline Downs (US) 30th Jul,R4 5f Claim,31-07-2022 00:51,34373833,Curtins Up,0,5.624067519442179,4.87679457689159982600070596053863981808,1,7.4,5.4,1,1001,0,883.44,812.88
201495827,USA / Evangeline Downs (US) 29th Jul,R5 5f Mdn Claim,30-07-2022 01:18,42292060,Big Russss,0,15.218483932414326,12.7857414188405503045797400843282686798,10.7900021137180300147960262101035721835,1,1001,1,1001,283.86,154.94,19.54
201495828,USA / Evangeline Downs (US) 29th Jul,R6 6f Claim,30-07-2022 01:46,26456829,Starbuck Luck,0,8.842572516,5.23920106082639979520849719428350609697,6.51354199023396245169787408521054135656,12,8.6,1,1001,804.83,762.18,42.65
201495828,USA / Evangeline Downs (US) 29th Jul,R6 6f Claim,30-07-2022 01:46,35467854,Miss Nitap,0,5.688099256759379,2.48542165380028455114303458831787821725,4.96809441636879082953284851472944656724,5.7,5.7,700,700,649.04,640.24,8.8
201495830,USA / Evangeline Downs (US) 29th Jul,R8 7f Mdn Claim,30-07-2022 02:40,40943426,Luccas Lilyby,0,24,16.0935039841206424874677503885197772935,9.91754482345302901663087449433151875343,1,1001,1,1001,200.23,95.56,7.09
201495312,USA / Penn National (US) 29th Jul,R6 1m Allw,30-07-2022 01:16,37979172,Blueberry Mash,0,5.9,5.2584305989811907311237972172382992259,7.60476616741627003187633727784812890267,6.2,5.8,500,500,916.04,610.08,68.4
201495313,USA / Penn National (US) 29th Jul,R7 1m Claim,30-07-2022 01:43,27196566,Same Moon,0,4.396484102373067,3.24719672650456278802922266445782670057,4.03574266682248451560126212457637022321,1,1001,1,1001,1369.12,654.72,128.76
201495314,USA / Penn National (US) 29th Jul,R8 1m1f Allw,30-07-2022 02:10,6923465,Bavaria,0,31.55044709354639,28.432439511807260812752182265925963509,13.5293773377337733773377337733773377338,36,26,1,1001,227.25,55.96,79.25
201523033,USA / Gulfstream Park (US) 30th Jul,R10 1m1f Stks,30-07-2022 22:07,40388549,Venezuelan Triumph,0,8.839148744,5.9228261468610591422391247807526715605,1,7.2,6.2,1,1001,0,1762.82,738.56
201523033,USA / Gulfstream Park (US) 30th Jul,R10 1m1f Stks,30-07-2022 22:07,46532799,Marwad,0,28,24.9994962354551308770202193707845354363,1,40,24,980,14,0,296.46,91.37
201523033,USA / Gulfstream Park (US) 30th Jul,R10 1m1f Stks,30-07-2022 22:07,41246198,K. C. Chief,0,22,27.6471714835478804292921556252408754835,1,32,25,980,720,0,317.24,14.77
201523027,USA / Gulfstream Park (US) 30th Jul,R8 7f Mdn,30-07-2022 21:03,47095306,D Lourdes,0,44.76943632242412,40.7256940965858556272736691857731428411,1,48,42,1,1001,0,64.36,17.4
201523027,USA / Gulfstream Park (US) 30th Jul,R8 7f Mdn,30-07-2022 21:03,46392630,Boston Princess,0,10.80631416,7.16295218171150023214613817814515014101,1,9.2,8,1,1001,0,1087.06,33.59
201523012,USA / Gulfstream Park (US) 30th Jul,R3 6f Mdn,30-07-2022 18:25,47095300,X Y Point,1,4.638661943560001,2.86028563341814303874582179463598229368,1,1,1001,1.04,1.01,0,1231.66,4513.44
201523015,USA / Gulfstream Park (US) 30th Jul,R4 6f Claim,30-07-2022 18:55,35959407,Ensign Parker,0,5.2,6.0610264475045830495829619382005166955,1,8.2,5.7,8.8,8.8,0,820.84,109.95
201523021,USA / Gulfstream Park (US) 30th Jul,R6 1m Allw,30-07-2022 19:59,18269852,Zodiac Princess,0,60,21.7242843566460597139407533601218639413,1,65,32,1,1001,0,156.5,50.26
201523036,USA / Gulfstream Park (US) 30th Jul,R11 7f Claim,30-07-2022 22:39,26229910,Lil Bull,0,180,71.2096022200912132720292158537359224385,1,70,70,1,1001,0,33.89,2.79
201523036,USA / Gulfstream Park (US) 30th Jul,R11 7f Claim,30-07-2022 22:39,38602272,Awesome Pudding,0,7.332894890543248,7.4688883372901236038437256106939439644,1,7.4,6.6,700,700,0,946.5,307.22
201523175,USA / Monmouth Park (US) 30th Jul,R9 1m Claim,30-07-2022 21:10,22123142,Candy Kingdom,0,16.809504538318137,8.95456815221942752584931422135005510845,1,18,18,1,1001,0,293.98,13.57
201523175,USA / Monmouth Park (US) 30th Jul,R9 1m Claim,30-07-2022 21:10,5258298,Umbrage,0,15.857944391785422,9.27260106686042855999822010280564586707,1,17.5,17.5,710,710,0,317.4,126.34
201523175,USA / Monmouth Park (US) 30th Jul,R9 1m Claim,30-07-2022 21:10,2212762,Carpenter,0,34,5.9142115474742993584561695424329020297,1,24,24,1,1001,0,403.26,20.33
201523175,USA / Monmouth Park (US) 30th Jul,R9 1m Claim,30-07-2022 21:10,3162571,Appraisal,0,50,15.6247087714079961344504355893652033567,1,50,50,1,1001,0,112.42,57.4
201523177,USA / Monmouth Park (US) 30th Jul,R11 1m1f Claim,30-07-2022 22:10,43234755,Supply Chain,0,7.379628588433842,5.20288197550345960888914073393492818706,1,6.6,6,690,690,0,1010.98,153.39
201523177,USA / Monmouth Park (US) 30th Jul,R11 1m1f Claim,30-07-2022 22:10,6567588,Ready To Fly,0,19.337354247203614,15.1793759472338015563615507431445202194,1,1,1001,1,1001,0,34.54,128.31
201523174,USA / Monmouth Park (US) 30th Jul,R8 6f Claim,30-07-2022 20:40,6100205,Salamina,0,11.948821822468414,4.5717247383438813540641484344994314919,1,1,1001,700,700,0,272.12,23.5
201523176,USA / Monmouth Park (US) 30th Jul,R10 6f Allw Claim,30-07-2022 21:40,39685386,Mias Crusade,1,3.5,2.63623959769814633286471609568645788591,1,4.3,3.3,1.01,1.01,0,2163.32,4357.8
201523168,USA / Monmouth Park (US) 30th Jul,R2 6f Mdn Claim,30-07-2022 17:44,28268325,The Equinest,0,69.683308622,43.4493233382934834492402942734054812859,1,1,1001,1,1001,0,10.56,5.14
201523169,USA / Monmouth Park (US) 30th Jul,R3 6f Allw,30-07-2022 18:13,25071203,Silky Blue,0,3.15,2.11982073014038157477945352071522801613,1,1,1001,690,690,0,949.62,120.04
201523169,USA / Monmouth Park (US) 30th Jul,R3 6f Allw,30-07-2022 18:13,28188858,Band Sweetheart,0,4.631833644193362,4.70267888930200654349282394553180481032,1,7.2,5.1,1,1001,0,1385.4,429.31
201525253,USA / Emerald Downs (US) 30th Jul,R2 6f Claim,30-07-2022 22:43,16573553,J Ts A. T. M.,0,7.232613811180927,5.84341733195662172024341644261270527866,1,6.8,6,700,700,0,662.86,15.57
201525257,USA / Emerald Downs (US) 30th Jul,R6 7f Allw Claim,31-07-2022 00:56,21454181,Torpedo Away,1,3.95,2.39423711051435316899115201439695445699,1,4.4,4,1.12,1.02,0,1954.74,3144.46
201525257,USA / Emerald Downs (US) 30th Jul,R6 7f Allw Claim,31-07-2022 00:56,15891269,El Alto Hombre,0,24,13.5707171628135396512457744476171498655,1,30,30,1,1001,0,205.58,22.6
201525256,USA / Emerald Downs (US) 30th Jul,R5 6f Claim,31-07-2022 00:28,30017319,Wahasha,0,110,67.4176734092541525550473976419543515515,1,65,65,1,1001,0,10.38,1
201525252,USA / Emerald Downs (US) 30th Jul,R1 1m Claim,30-07-2022 22:15,13339339,Jacana,0,6.306784607391453,5.34910176415876472443697757288296803665,1,6.8,6.8,700,6,0,651.42,135.18
201525255,USA / Emerald Downs (US) 30th Jul,R4 6f Claim,31-07-2022 00:00,39575071,I Am Yours,0,12.408052467666568,8.92511433688865417236524623571870021233,1,11.5,9.8,1,1001,0,430.84,10.02
201522990,USA / Saratoga (US) 30th Jul,R11 1m Claim,30-07-2022 23:47,11551898,Hieroglyphics,0,146.465614392,40.9591164348431231678228514929354862476,1,140,85,75,75,0,41.62,9.96
201522990,USA / Saratoga (US) 30th Jul,R11 1m Claim,30-07-2022 23:47,13331765,Bad Guy,0,58.964403279366785,8.36531847483934977893813592044329999719,1,55,55,950,48,0,116.32,16.8
201522990,USA / Saratoga (US) 30th Jul,R11 1m Claim,30-07-2022 23:47,16064337,Big Agenda,0,6.045422641102341,3.3860306015741182297312208167756713261,1,5.7,4.8,1,1001,0,2724.22,29.6
201522978,USA / Saratoga (US) 30th Jul,R7 6f Mdn,30-07-2022 21:17,38634113,Feathers Road,0,7,5.40894041517629068383468661035450544176,1,7,6,1,1001,0,1576.86,57.19
201522978,USA / Saratoga (US) 30th Jul,R7 6f Mdn,30-07-2022 21:17,40804290,Heroneandonly,0,172.74119353173742,108.326937884928052806971914265544142687,1,140,46,570,570,0,30.22,2.21
201522987,USA / Saratoga (US) 30th Jul,R10 1m1f Allw,30-07-2022 23:13,796012,Ricochet,1,13.250880084,9.49501817447460438264655940937585908312,1,12,10,1.01,1.01,0,1488.4,2806.62
201522987,USA / Saratoga (US) 30th Jul,R10 1m1f Allw,30-07-2022 23:13,46361500,Capensis,0,2.220116196,1.29914769811877215868741762869491531219,1.98998956550997952481580844137902786505,2.4,2.16,2.46,2.28,20,32294.38,1908.3
201522963,USA / Saratoga (US) 30th Jul,R2 1m1f Mdn,30-07-2022 18:36,37468642,Cest Magnifique,0,6.327051243718016,3.93403089254480611629410076227938417564,1,4.8,4.8,1,1001,0,1693,495.36
201522963,USA / Saratoga (US) 30th Jul,R2 1m1f Mdn,30-07-2022 18:36,45934256,Our Dream Ryed,1,29,24.4812803805756960000662702868940645133,1,25,25,1.01,1.01,0,214.36,1832.08
201524227,USA / Canterbury Park (US) 30th Jul,R4 1m Mdn Claim,31-07-2022 00:42,6643183,Winter Music,0,5.2,4.12964427972328524930712464934471843905,1,5.3,4.8,1000,5.1,0,1139.22,283.28
201524227,USA / Canterbury Park (US) 30th Jul,R4 1m Mdn Claim,31-07-2022 00:42,41580480,Walk Softly,0,8.6,7.82429052624206133905339419656611974257,1,9,8,980,700,0,391.68,45.02
201524225,USA / Canterbury Park (US) 30th Jul,R2 1m Claim,30-07-2022 23:42,33626101,That Would Be Nice,0,2.22,1.25114975950645520902659043496425886717,1,2.66,2.02,400,400,0,9210.58,1310.96
201524222,USA / Canterbury Park (US) 30th Jul,R1 5f Mdn,30-07-2022 23:12,46409482,Faccia Bella,0,8.55075223335836,8.66203537641690443864758989156294644457,1,1,1001,1000,700,0,275.28,23.38
201524222,USA / Canterbury Park (US) 30th Jul,R1 5f Mdn,30-07-2022 23:12,46409484,Mo Smoking,0,18.951516687311234,15.3935087572026399332305698369562762286,1,17.5,16.5,1,1001,0,355.4,30.09
201522956,USA / Delaware Park (US) 30th Jul,R5 1m Claim,30-07-2022 19:30,39815508,Heffner,1,1.68,.675190091370010559833653064877920402341,1,1.9,1.67,1.01,1.01,0,12720.16,5007.94
201522957,USA / Delaware Park (US) 30th Jul,R6 1m1f Mdn,30-07-2022 20:00,41603529,Delta Ridge,0,32.47331416821655,10.286906783626776103946139836788203933,1,1,1001,1,1001,0,89.2,7.9
201522957,USA / Delaware Park (US) 30th Jul,R6 1m1f Mdn,30-07-2022 20:00,32708531,Out Of Towner,0,21.734748874564797,9.07299923826754059268462538406984090779,1,24,24,1,1001,0,197.76,2.92
201522957,USA / Delaware Park (US) 30th Jul,R6 1m1f Mdn,30-07-2022 20:00,40605819,Bold Licorice,0,28,11.3362244010874466278476478902029602426,1,20,20,1,1001,0,138.22,2.22
