EVENT_ID,MENU_HINT,EVENT_NAME,EVENT_DT,SELECTION_ID,SELECTION_NAME,WIN_LOSE,BSP,PPWAP,MORNINGWAP,PPMAX,PPMIN,IPMAX,IPMIN,MORNINGTRADEDVOL,PPTRADEDVOL,IPTRADEDVOL
121063750,USA / FortE (US) 4th Oct,TO BE PLACED,04-10-2015 18:50,10111687,Catch The Posse,0,,1.7085635173686860211444873300889410975,1,1,1001,1,1001,0,238.36,0
121063758,USA / FortE (US) 4th Oct,TO BE PLACED,04-10-2015 20:50,10138297,Serious Indeed,0,,2.88235294117647058823529411764705882353,1,1,1001,1,1001,0,.34,0
121063760,USA / FortE (US) 4th Oct,TO BE PLACED,04-10-2015 21:19,10108674,Cinder Tyme,0,,1.70578491784037558685446009389671361502,1,1.65,1.56,1,1001,0,1499.52,0
121063754,USA / FortE (US) 4th Oct,TO BE PLACED,04-10-2015 19:50,10039953,Honkeytonk Man,1,,2.21625324828726671391448145523269548783,1,1,1001,1,1001,0,84.66,0
121063810,USA / Belmont (US) 4th Oct,TO BE PLACED,04-10-2015 21:13,10108599,Dettifoss,1,,2.31849056603773584905660377358490566038,1,1,1001,1,1001,0,53,0
121063802,USA / Belmont (US) 4th Oct,TO BE PLACED,04-10-2015 19:01,10154911,Steves Philly,0,,2.31822403462050599201065246338215712383,1,2.38,2.38,1,1001,0,240.32,0
121063802,USA / Belmont (US) 4th Oct,TO BE PLACED,04-10-2015 19:01,10382143,Lost Raven,1,,2.24311270125223613595706618962432915921,1,1,1001,1,1001,0,11.18,0
121063804,USA / Belmont (US) 4th Oct,TO BE PLACED,04-10-2015 19:34,10382145,Zendreya,0,,6.38551401869158878504672897196261682243,1,1,1001,1,1001,0,8.56,0
121063812,USA / Belmont (US) 4th Oct,TO BE PLACED,04-10-2015 21:46,6567483,Equilateral,0,,4.80098643649815043156596794081381011097,1,1,1001,1,1001,0,32.44,0
121063808,USA / Belmont (US) 4th Oct,TO BE PLACED,04-10-2015 20:40,10247139,Carella,0,,2.01380956389964640511870685300555649099,1,1,1001,1,1001,0,475.12,0
121063831,USA / Parx (US) 4th Oct,TO BE PLACED,04-10-2015 19:16,10040262,R Clever Cat,0,,4.09617239300783604581072935503315250151,1,1,1001,1,1001,0,33.18,0
121063833,USA / Parx (US) 4th Oct,TO BE PLACED,04-10-2015 19:43,10066540,Northern Call,1,,1.44081776670817766708177667081776670818,1,1.4,1.4,1,1001,0,770.88,0
121063833,USA / Parx (US) 4th Oct,TO BE PLACED,04-10-2015 19:43,10084469,Firm Believer,0,,4.34489208633093525179856115107913669065,1,1,1001,1,1001,0,69.5,0
121063837,USA / Parx (US) 4th Oct,TO BE PLACED,04-10-2015 20:37,5613074,Rienzi,1,,1.69802642347714252309131298959429439963,1,1,1001,1,1001,0,171.06,0
121063827,USA / Parx (US) 4th Oct,TO BE PLACED,04-10-2015 18:22,2673305,Limestone Cowboy,0,,3.6937840785169029443838604143947655398,1,1,1001,1,1001,0,73.36,0
121063835,USA / Parx (US) 4th Oct,TO BE PLACED,04-10-2015 20:10,10007281,Prospector Alley,1,,1.52835640138408304498269896193771626298,1,1,1001,1,1001,0,11.56,0
121063851,USA / Keenl (US) 4th Oct,TO BE PLACED,04-10-2015 18:05,9978466,Awesome Citizen,0,,2.4397,1,1,1001,1,1001,0,156,0
121063851,USA / Keenl (US) 4th Oct,TO BE PLACED,04-10-2015 18:05,10382159,Stans Old Habits,0,,4.94933333333333333333333333333333333333,1,1,1001,1,1001,0,6,0
121063861,USA / Keenl (US) 4th Oct,TO BE PLACED,04-10-2015 21:00,24898,Sancerre,0,,1.78567779960707269155206286836935166994,1,1,1001,1,1001,0,50.9,0
121063869,USA / Keenl (US) 4th Oct,TO BE PLACED,04-10-2015 23:18,10092625,Forever Plus,0,,4.07186963979416809605488850771869639794,1,1,1001,1,1001,0,11.66,0
121063869,USA / Keenl (US) 4th Oct,TO BE PLACED,04-10-2015 23:18,10249026,Thisoneismine,0,,4.30303707012058954890576150066994193837,1,1,1001,1,1001,0,44.78,0
121063863,USA / Keenl (US) 4th Oct,TO BE PLACED,04-10-2015 21:35,10247143,Cinder,0,,3.36257816257816257816257816257816257816,1,1,1001,1,1001,0,41.58,0
121063863,USA / Keenl (US) 4th Oct,TO BE PLACED,04-10-2015 21:35,10258858,Town Tart,0,,2.18653764413294144245986886728464842867,1,2.06,2.06,1,1001,0,442.3,0
121063853,USA / Keenl (US) 4th Oct,TO BE PLACED,04-10-2015 18:40,10268255,Powerful Tank War,0,,3.00122751798561151079136690647482014388,1,1,1001,1,1001,0,88.96,0
121063853,USA / Keenl (US) 4th Oct,TO BE PLACED,04-10-2015 18:40,10382163,Tree Top Lover,1,,4.29552438680575133915985339723710177615,1,1,1001,1,1001,0,283.76,0
121063859,USA / Keenl (US) 4th Oct,TO BE PLACED,04-10-2015 20:25,10108661,Birdsone,0,,6.0984,1,1,1001,1,1001,0,10,0
121063865,USA / Keenl (US) 4th Oct,TO BE PLACED,04-10-2015 22:10,10074099,Site Read,0,,2.3403432059235541324794876926155693416,1,1,1001,1,1001,0,399.76,0
121063865,USA / Keenl (US) 4th Oct,TO BE PLACED,04-10-2015 22:10,10268134,Camelot Kitten,1,,3.05825180774138664398128455976180348788,1,1,1001,1,1001,0,141.06,0
121063901,USA / Woodb (US) 4th Oct,TO BE PLACED,04-10-2015 20:55,10051348,Hawks Well,1,,2.47728891441700172314761631246410109133,1,1,1001,1,1001,0,104.46,0
121063901,USA / Woodb (US) 4th Oct,TO BE PLACED,04-10-2015 20:55,10051349,Major Production,1,,3.09552865887590428491930996104618809126,1,1,1001,1,1001,0,287.52,0
121063903,USA / Woodb (US) 4th Oct,TO BE PLACED,04-10-2015 21:25,10074313,Tizzarunner,0,,2.17488364853295976340571250680986847225,1,1,1001,1,1001,0,256.98,0
121063905,USA / Woodb (US) 4th Oct,TO BE PLACED,04-10-2015 21:57,10007648,Creeping Barrage,1,,5.019,1,1,1001,1,1001,0,14,0
121063905,USA / Woodb (US) 4th Oct,TO BE PLACED,04-10-2015 21:57,10249219,Golden Point,0,,2.21145035064539079174712877324931395467,1,1,1001,1,1001,0,196.78,0
121063893,USA / Woodb (US) 4th Oct,TO BE PLACED,04-10-2015 18:55,10074321,Geocentric,0,,1.40003643082729429031962153874379168905,1,1.5,1.36,1,1001,0,1526.18,0
121063895,USA / Woodb (US) 4th Oct,TO BE PLACED,04-10-2015 19:24,8206105,Absolute,0,,4.29981120201384518565135305223410950283,1,1,1001,1,1001,0,31.78,0
121063897,USA / Woodb (US) 4th Oct,TO BE PLACED,04-10-2015 19:56,10074371,Shot For Shot,1,,1.77578640875025319019647559246505975289,1,1.77,1.76,1,1001,0,789.92,0
121063911,USA / MountP (US) 4th Oct,TO BE PLACED,05-10-2015 00:22,10106949,Unbridle Fiona,0,,4.09488064707042809232590254488064707043,1,4,4,1,1001,0,608.28,0
121063911,USA / MountP (US) 4th Oct,TO BE PLACED,05-10-2015 00:22,10111804,Indy Signal,0,,10,1,1,1001,1,1001,0,2.78,0
121063913,USA / MountP (US) 4th Oct,TO BE PLACED,05-10-2015 00:44,10073052,Cambiata,1,,2.93743449781659388646288209606986899563,1,1,1001,1,1001,0,36.64,0
121063954,USA / ZiaP (US) 4th Oct,TO BE PLACED,04-10-2015 19:43,10382324,Sufired,0,,1.65072896471500581620783249321442419542,1,1,1001,1,1001,0,51.58,0
121063962,USA / ZiaP (US) 4th Oct,TO BE PLACED,04-10-2015 21:35,10005280,Leech,1,,3.59688461538461538461538461538461538462,1,1,1001,1,1001,0,26,0
121063962,USA / ZiaP (US) 4th Oct,TO BE PLACED,04-10-2015 21:35,10281562,Derekson,0,,3.15235800344234079173838209982788296041,1,1,1001,1,1001,0,46.48,0
121063968,USA / ZiaP (US) 4th Oct,TO BE PLACED,04-10-2015 22:59,65426,Nick Nack,0,,1.76563151078326482346978996565121910017,1,1,1001,1,1001,0,355.18,0
121063968,USA / ZiaP (US) 4th Oct,TO BE PLACED,04-10-2015 22:59,10154809,El Poblano,0,,7.592,1,1,1001,1,1001,0,10,0
121063970,USA / ZiaP (US) 4th Oct,TO BE PLACED,04-10-2015 23:27,3462113,Aspirational,0,,3.68347826086956521739130434782608695652,1,1,1001,1,1001,0,18.4,0
121063974,USA / ZiaP (US) 4th Oct,TO BE PLACED,05-10-2015 00:23,9992377,Just Azoomin,1,,3.28215339233038348082595870206489675516,1,1,1001,1,1001,0,6.78,0
121063974,USA / ZiaP (US) 4th Oct,TO BE PLACED,05-10-2015 00:23,10028875,Call Me 333,1,,1.46694835680751173708920187793427230047,1,1,1001,1,1001,0,4.26,0
121063960,USA / ZiaP (US) 4th Oct,TO BE PLACED,04-10-2015 21:07,10135128,Be My Angel,0,,1.43381715812577536024429812004962305564,1,1,1001,1,1001,0,209.58,0
121063976,USA / PrIsleD (US) 4th Oct,TO BE PLACED,04-10-2015 22:25,9969425,Builtforthegirls,0,,2.94,1,1,1001,1,1001,0,24,0
121063976,USA / PrIsleD (US) 4th Oct,TO BE PLACED,04-10-2015 22:25,10111840,Secret Soul,0,,1.87898345153664302600472813238770685579,1,1,1001,1,1001,0,152.28,0
121063978,USA / PrIsleD (US) 4th Oct,TO BE PLACED,04-10-2015 22:50,10111755,Daring Greatly,1,,5.17321914083741163675910821098423056009,1,1,1001,1,1001,0,73.56,0
121063986,USA / PrIsleD (US) 4th Oct,TO BE PLACED,05-10-2015 00:30,9991435,Fell From Grace,1,,1.35353912808015163823449769834822637422,1,1,1001,1,1001,0,147.72,0
121063984,USA / PrIsleD (US) 4th Oct,TO BE PLACED,05-10-2015 00:05,10051225,Chariot Char,0,,4.6,1,1,1001,1,1001,0,.08,0
121063984,USA / PrIsleD (US) 4th Oct,TO BE PLACED,05-10-2015 00:05,10084397,Put Her Back Zach,0,,6.6,1,1,1001,1,1001,0,10,0
121063988,USA / PrIsleD (US) 4th Oct,TO BE PLACED,05-10-2015 00:55,9556601,Hudatbe,0,,6.02559774964838255977496483825597749648,1,1,1001,1,1001,0,28.44,0
121063750,USA / FortE (US) 4th Oct,TO BE PLACED,04-10-2015 18:50,10106686,Priomh Aire,1,,2.62100550964187327823691460055096418733,1,1,1001,1,1001,0,58.08,0
121063756,USA / FortE (US) 4th Oct,TO BE PLACED,04-10-2015 20:20,71600,King Rock,0,,5.9016186340307935254638768258981444927,1,1,1001,1,1001,0,50.66,0
121063756,USA / FortE (US) 4th Oct,TO BE PLACED,04-10-2015 20:20,10077530,Will He Wont He,1,,4.17913148371531966224366706875753920386,1,4.7,4.7,1,1001,0,165.8,0
121063756,USA / FortE (US) 4th Oct,TO BE PLACED,04-10-2015 20:20,10088513,Wakeboarder,1,,1.4524174464802875729483503849344374427,1,1,1001,1,1001,0,1374.26,0
121063762,USA / FortE (US) 4th Oct,TO BE PLACED,04-10-2015 21:47,10108673,Mays Treasuretrove,0,,2.64256415203550067528458421763457457071,1,2.6,2.6,1,1001,0,207.32,0
121063754,USA / FortE (US) 4th Oct,TO BE PLACED,04-10-2015 19:50,10084104,Lower Eastside,0,,26.3333333333333333333333333333333333333,1,1,1001,1,1001,0,6,0
121063754,USA / FortE (US) 4th Oct,TO BE PLACED,04-10-2015 19:50,10106706,A. T. Hall,0,,1.64682911205282349462895437074997536218,1,1.72,1.72,1,1001,0,405.88,0
121063798,USA / Belmont (US) 4th Oct,TO BE PLACED,04-10-2015 17:55,9552143,Pretty Smart,0,,3.75067675159235668789808917197452229299,1,1,1001,1,1001,0,50.24,0
121063800,USA / Belmont (US) 4th Oct,TO BE PLACED,04-10-2015 18:28,28070,Perfect Fit,0,,1.813703125,1,1,1001,1,1001,0,64,0
121063800,USA / Belmont (US) 4th Oct,TO BE PLACED,04-10-2015 18:28,10006788,Rapid Rhythm,0,,4.5,1,1,1001,1,1001,0,7,0
121063802,USA / Belmont (US) 4th Oct,TO BE PLACED,04-10-2015 19:01,4961480,Unique Style,0,,3.90007461816485950798647545761921417745,1,1,1001,1,1001,0,171.54,0
121063802,USA / Belmont (US) 4th Oct,TO BE PLACED,04-10-2015 19:01,10066515,Causeway Cutie,0,,9,1,1,1001,1,1001,0,4.6,0
121063802,USA / Belmont (US) 4th Oct,TO BE PLACED,04-10-2015 19:01,10154910,Kalabaka,1,,1.34588700044612661361117906946623109359,1,1.35,1.35,1,1001,0,1389.74,0
121063802,USA / Belmont (US) 4th Oct,TO BE PLACED,04-10-2015 19:01,10298401,Veras Finally,0,,2.74,1,1,1001,1,1001,0,10,0
121063804,USA / Belmont (US) 4th Oct,TO BE PLACED,04-10-2015 19:34,10164064,Hyper Nation,0,,2.67064438179621425694724124043495771244,1,1,1001,1,1001,0,99.32,0
121063806,USA / Belmont (US) 4th Oct,TO BE PLACED,04-10-2015 20:07,10284425,The Giant Is Lit,0,,5.374,1,1,1001,1,1001,0,4,0
121063812,USA / Belmont (US) 4th Oct,TO BE PLACED,04-10-2015 21:46,10382147,True Romance,0,,2.02424403648269410664172123479887745557,1,1,1001,1,1001,0,342.08,0
121063814,USA / Belmont (US) 4th Oct,TO BE PLACED,04-10-2015 22:19,9552139,Your Turn,0,,5.5412,1,1,1001,1,1001,0,30,0
121063814,USA / Belmont (US) 4th Oct,TO BE PLACED,04-10-2015 22:19,10005439,Pink Freud Live,0,,3.17618849040867389491242702251876563803,1,1,1001,1,1001,0,47.96,0
121063814,USA / Belmont (US) 4th Oct,TO BE PLACED,04-10-2015 22:19,10382148,More Than Rainbows,1,,4.41749710312862108922363847045191193511,1,1,1001,1,1001,0,51.78,0
121063839,USA / Parx (US) 4th Oct,TO BE PLACED,04-10-2015 21:04,10072509,Mlady Penny,1,,3.62948943661971830985915492957746478873,1,1,1001,1,1001,0,11.36,0
121063827,USA / Parx (US) 4th Oct,TO BE PLACED,04-10-2015 18:22,10382246,Midnight Games,1,,1.4895401189901913490914938092940987297,1,1,1001,1,1001,0,124.38,0
121063829,USA / Parx (US) 4th Oct,TO BE PLACED,04-10-2015 18:49,1491065,Harrington,1,,1.60295787868121553443623137392936759357,1,1,1001,1,1001,0,340.92,0
121063851,USA / Keenl (US) 4th Oct,TO BE PLACED,04-10-2015 18:05,6848208,Handiwork,1,,2.72,1,1,1001,1,1001,0,5.5,0
121063851,USA / Keenl (US) 4th Oct,TO BE PLACED,04-10-2015 18:05,10262791,Flowers For Lisa,0,,1.81558825914213897672910078650774345253,1,1,1001,1,1001,0,246.66,0
121063869,USA / Keenl (US) 4th Oct,TO BE PLACED,04-10-2015 23:18,10262812,Generals Jewel,0,,2.35792622324159021406727828746177370031,1,1,1001,1,1001,0,209.28,0
121063863,USA / Keenl (US) 4th Oct,TO BE PLACED,04-10-2015 21:35,10382167,Sweet Tapper,0,,10.2012244897959183673469387755102040816,1,1,1001,1,1001,0,19.6,0
121063867,USA / Keenl (US) 4th Oct,TO BE PLACED,04-10-2015 22:45,10107304,Tiz Windy,0,,5.39149361022364217252396166134185303514,1,1,1001,1,1001,0,50.08,0
121063857,USA / Keenl (US) 4th Oct,TO BE PLACED,04-10-2015 19:50,10249190,Farz,1,,1.68705837291251723609621571931974873602,1,1,1001,1,1001,0,130.54,0
121063859,USA / Keenl (US) 4th Oct,TO BE PLACED,04-10-2015 20:25,10292138,Klisz,0,,4.6095314505776636713735558408215661104,1,1,1001,1,1001,0,93.48,0
121063865,USA / Keenl (US) 4th Oct,TO BE PLACED,04-10-2015 22:10,10107272,Dont Be So Salty,0,,3.48083774675012036591237361579200770342,1,1,1001,1,1001,0,124.62,0
121063865,USA / Keenl (US) 4th Oct,TO BE PLACED,04-10-2015 22:10,10243916,Airoforce,1,,2.96738150115242008217256238100010021044,1,1,1001,1,1001,0,199.58,0
121063907,USA / Woodb (US) 4th Oct,TO BE PLACED,04-10-2015 22:29,10138110,Between Drinks,0,,14.6381818181818181818181818181818181818,1,1,1001,1,1001,0,11,0
121063907,USA / Woodb (US) 4th Oct,TO BE PLACED,04-10-2015 22:29,10159978,Titanico,1,,2.11427456949862049281704880601274854914,1,1,1001,1,1001,0,210.22,0
121063889,USA / Woodb (US) 4th Oct,TO BE PLACED,04-10-2015 18:00,10382262,Athdara,1,,2.65612772720705100419014593266868949574,1,1,1001,1,1001,0,138.42,0
121063893,USA / Woodb (US) 4th Oct,TO BE PLACED,04-10-2015 18:55,9929722,Six Inch Heels,0,,1.70311915655460513228565744977123532922,1,1,1001,1,1001,0,201.08,0
121063893,USA / Woodb (US) 4th Oct,TO BE PLACED,04-10-2015 18:55,10074320,Summer Ovation,0,,3.6,1,1,1001,1,1001,0,38.12,0
121063899,USA / Woodb (US) 4th Oct,TO BE PLACED,04-10-2015 20:25,10155017,Gambles Ghost,1,,1.2882216070284616088587901528324334218,1,1.33,1.29,1,1001,0,1748.32,0
121063895,USA / Woodb (US) 4th Oct,TO BE PLACED,04-10-2015 19:24,10103682,Robins Song,1,,4.0012306811677160847166571265025758443,1,1,1001,1,1001,0,34.94,0
121063895,USA / Woodb (US) 4th Oct,TO BE PLACED,04-10-2015 19:24,10159999,Squeeze The King,0,,3.55,1,1,1001,1,1001,0,4.66,0
121063909,USA / MountP (US) 4th Oct,TO BE PLACED,05-10-2015 00:00,10124013,Sammylynn,1,,2.62239868353123386680433660299432111513,1,2.68,2.6,1,1001,0,619.84,0
121063911,USA / MountP (US) 4th Oct,TO BE PLACED,05-10-2015 00:22,10073558,Knight Lite,1,,1.44903381642512077294685990338164251208,1,1,1001,1,1001,0,82.8,0
121063952,USA / ZiaP (US) 4th Oct,TO BE PLACED,04-10-2015 19:15,9556647,D Bandida,1,,1.49859510838066535296163208531355048105,1,1,1001,1,1001,0,345.08,0
121063952,USA / ZiaP (US) 4th Oct,TO BE PLACED,04-10-2015 19:15,9992322,The Key Of Corona,0,,2.21954022988505747126436781609195402299,1,1,1001,1,1001,0,6.96,0
121063952,USA / ZiaP (US) 4th Oct,TO BE PLACED,04-10-2015 19:15,10078397,Latenite Moon,1,,1.5732345971563981042654028436018957346,1,1,1001,1,1001,0,16.88,0
121063952,USA / ZiaP (US) 4th Oct,TO BE PLACED,04-10-2015 19:15,10382321,Myindia Tepeguana,0,,2.39077586206896551724137931034482758621,1,1,1001,1,1001,0,37.12,0
121063954,USA / ZiaP (US) 4th Oct,TO BE PLACED,04-10-2015 19:43,10081015,Dashing Lil Vagabond,0,,6.2532,1,1,1001,1,1001,0,10,0
121063954,USA / ZiaP (US) 4th Oct,TO BE PLACED,04-10-2015 19:43,10382323,Dexters Texas Prize,0,,4.8,1,1,1001,1,1001,0,10,0
121063964,USA / ZiaP (US) 4th Oct,TO BE PLACED,04-10-2015 22:03,9990797,Skattered,0,,4.42612372051624388072986203827325322652,1,1,1001,1,1001,0,44.94,0
121063964,USA / ZiaP (US) 4th Oct,TO BE PLACED,04-10-2015 22:03,10059599,Dont Tell Jackie,1,,1.62054102203469292076887013595874355368,1,1,1001,1,1001,0,213.3,0
121063966,USA / ZiaP (US) 4th Oct,TO BE PLACED,04-10-2015 22:31,10111925,Hes A Gem,0,,2.67621906693711967545638945233265720081,1,1,1001,1,1001,0,49.3,0
121063970,USA / ZiaP (US) 4th Oct,TO BE PLACED,04-10-2015 23:27,9992526,Skimasco,0,,2.25018415326646500026535052804755081463,1,2.2,2.2,1,1001,0,376.86,0
121063972,USA / ZiaP (US) 4th Oct,TO BE PLACED,04-10-2015 23:55,10205485,Famous Edge Of Glory,1,,2.06794010226442658875091307523739956172,1,1,1001,1,1001,0,328.56,0
121063974,USA / ZiaP (US) 4th Oct,TO BE PLACED,05-10-2015 00:23,10185932,Camelia,1,,1.76173441734417344173441734417344173442,1,1,1001,1,1001,0,7.38,0
121063960,USA / ZiaP (US) 4th Oct,TO BE PLACED,04-10-2015 21:07,10134988,Ruby Red Ryder,0,,3.06226045883940620782726045883940620783,1,1,1001,1,1001,0,29.64,0
121063960,USA / ZiaP (US) 4th Oct,TO BE PLACED,04-10-2015 21:07,10336675,Spotlight Miss,0,,5.6177111716621253405994550408719346049,1,1,1001,1,1001,0,36.7,0
121063976,USA / PrIsleD (US) 4th Oct,TO BE PLACED,04-10-2015 22:25,10088383,Papamac,1,,4.70597014925373134328358208955223880597,1,1,1001,1,1001,0,12.06,0
121063978,USA / PrIsleD (US) 4th Oct,TO BE PLACED,04-10-2015 22:50,10382219,Azia Brown,0,,1.53830223031406463359126081019572143833,1,1,1001,1,1001,0,219.7,0
121063980,USA / PrIsleD (US) 4th Oct,TO BE PLACED,04-10-2015 23:15,10107083,Determined Braedon,1,,1.56325884508938589273692871568554117735,1,1.57,1.54,1,1001,0,2139.04,0
121063984,USA / PrIsleD (US) 4th Oct,TO BE PLACED,05-10-2015 00:05,10051224,A Touch Of Humor,0,,4.2,1,1,1001,1,1001,0,.08,0
121063984,USA / PrIsleD (US) 4th Oct,TO BE PLACED,05-10-2015 00:05,10258903,Oh Yes She Did,1,,1.80450285171102661596958174904942965779,1,1,1001,1,1001,0,210.4,0
121063760,USA / FortE (US) 4th Oct,TO BE PLACED,04-10-2015 21:19,10088502,Swingwiththering,0,,5.67670043415340086830680173661360347323,1,1,1001,1,1001,0,27.64,0
121063762,USA / FortE (US) 4th Oct,TO BE PLACED,04-10-2015 21:47,10106685,Aisle Altar Hymn,0,,13.56,1,1,1001,1,1001,0,20,0
121063754,USA / FortE (US) 4th Oct,TO BE PLACED,04-10-2015 19:50,10039972,Clapham Heights,1,,2.89,1,1,1001,1,1001,0,48,0
121063764,USA / FortE (US) 4th Oct,TO BE PLACED,04-10-2015 22:15,10066910,Go Shermin Go,1,,1.60116068928653244075648433324000305445,1,1.7,1.7,1,1001,0,785.74,0
121063764,USA / FortE (US) 4th Oct,TO BE PLACED,04-10-2015 22:15,10077533,Seanaieh,0,,3.48883039419087136929460580912863070539,1,1,1001,1,1001,0,77.12,0
121063798,USA / Belmont (US) 4th Oct,TO BE PLACED,04-10-2015 17:55,10097816,Hundred Year Storm,0,,2.0855766003356509230400383601054902901,1,1,1001,1,1001,0,83.42,0
121063810,USA / Belmont (US) 4th Oct,TO BE PLACED,04-10-2015 21:13,7366155,Ogermeister,0,,2.03311841289522628642281463112213267204,1,1,1001,1,1001,0,32.26,0
121063810,USA / Belmont (US) 4th Oct,TO BE PLACED,04-10-2015 21:13,9552210,All Is Number,0,,2.36752228163992869875222816399286987522,1,1,1001,1,1001,0,44.88,0
121063810,USA / Belmont (US) 4th Oct,TO BE PLACED,04-10-2015 21:13,10103490,Pegasus Red,1,,2.24,1,1,1001,1,1001,0,4.64,0
121063810,USA / Belmont (US) 4th Oct,TO BE PLACED,04-10-2015 21:13,10108596,Euros To Dollars,0,,1.55795452355718277290683110126216398497,1,1,1001,1,1001,0,207.58,0
121063802,USA / Belmont (US) 4th Oct,TO BE PLACED,04-10-2015 19:01,10382144,She My Trap Queen,0,,6.26110154905335628227194492254733218589,1,1,1001,1,1001,0,11.62,0
121063804,USA / Belmont (US) 4th Oct,TO BE PLACED,04-10-2015 19:34,10262774,Five On A Dime,0,,3.87186201163757273482959268495428096426,1,1,1001,1,1001,0,24.06,0
121063806,USA / Belmont (US) 4th Oct,TO BE PLACED,04-10-2015 20:07,10154942,Kathys Humor,1,,1.61149667726090725223923721467783877492,1,1,1001,1,1001,0,207.66,0
121063812,USA / Belmont (US) 4th Oct,TO BE PLACED,04-10-2015 21:46,10190759,Paris Bikini,0,,2.94316861744257678429992079556455161489,1,2.96,2.96,1,1001,0,454.52,0
121063808,USA / Belmont (US) 4th Oct,TO BE PLACED,04-10-2015 20:40,10164061,Go And Wander,0,,3.04061818181818181818181818181818181818,1,1,1001,1,1001,0,22,0
121063808,USA / Belmont (US) 4th Oct,TO BE PLACED,04-10-2015 20:40,10164071,Daiquiri Lass,0,,21,1,1,1001,1,1001,0,4,0
121063825,USA / Parx (US) 4th Oct,TO BE PLACED,04-10-2015 17:55,397400,Think Big,1,,1.20078549848942598187311178247734138973,1,1,1001,1,1001,0,6.62,0
121063833,USA / Parx (US) 4th Oct,TO BE PLACED,04-10-2015 19:43,20929,Pittsburgh Phil,0,,3.75,1,1,1001,1,1001,0,6,0
121063837,USA / Parx (US) 4th Oct,TO BE PLACED,04-10-2015 20:37,10140226,Good Chemistry,1,,1.60326938849270889806358341326438411388,1,1.6,1.6,1,1001,0,1438.74,0
121063839,USA / Parx (US) 4th Oct,TO BE PLACED,04-10-2015 21:04,10134874,Wild Pantera,0,,3.77721088435374149659863945578231292517,1,1,1001,1,1001,0,5.88,0
121063827,USA / Parx (US) 4th Oct,TO BE PLACED,04-10-2015 18:22,10084457,Montana Cowboy,0,,1.31384294514235824804772760343405927148,1,1,1001,1,1001,0,412.34,0
121063829,USA / Parx (US) 4th Oct,TO BE PLACED,04-10-2015 18:49,10040296,Bachman Billy,1,,1.99641881549511362298363358059578476392,1,2.04,2.04,1,1001,0,339.72,0
121063861,USA / Keenl (US) 4th Oct,TO BE PLACED,04-10-2015 21:00,10097036,Magical Moment,1,,1.6792684647953583189587580366943703936,1,1.68,1.66,1,1001,0,765.24,0
121063863,USA / Keenl (US) 4th Oct,TO BE PLACED,04-10-2015 21:35,10382165,Dorodansa,0,,3.83520188161505292042336338690709525676,1,1,1001,1,1001,0,51.02,0
121063867,USA / Keenl (US) 4th Oct,TO BE PLACED,04-10-2015 22:45,10106981,Got Lucky,1,,1.60306726508351323713214407453698443359,1,1,1001,1,1001,0,704.08,0
121063853,USA / Keenl (US) 4th Oct,TO BE PLACED,04-10-2015 18:40,9552092,Rippin Ranger,0,,2.12110599909788001804239963915200721696,1,1,1001,1,1001,0,221.7,0
121063855,USA / Keenl (US) 4th Oct,TO BE PLACED,04-10-2015 19:15,7176251,Bill Of Rights,0,,1.93003819628647214854111405835543766578,1,1.99,1.99,1,1001,0,377,0
121063855,USA / Keenl (US) 4th Oct,TO BE PLACED,04-10-2015 19:15,8475326,Dakota Fred,0,,3.66433333333333333333333333333333333333,1,1,1001,1,1001,0,24,0
121063855,USA / Keenl (US) 4th Oct,TO BE PLACED,04-10-2015 19:15,10084239,Southern Blessing,0,,3.25,1,1,1001,1,1001,0,4,0
121063855,USA / Keenl (US) 4th Oct,TO BE PLACED,04-10-2015 19:15,10116412,Barrymore,0,,2.76404907975460122699386503067484662577,1,1,1001,1,1001,0,26.08,0
121063857,USA / Keenl (US) 4th Oct,TO BE PLACED,04-10-2015 19:50,11371,Overcome,0,,16.5357142857142857142857142857142857143,1,1,1001,1,1001,0,3.36,0
121063857,USA / Keenl (US) 4th Oct,TO BE PLACED,04-10-2015 19:50,10078363,Malibu Preacher,0,,2.05127379553466509988249118683901292597,1,2.02,2.02,1,1001,0,340.4,0
121063859,USA / Keenl (US) 4th Oct,TO BE PLACED,04-10-2015 20:25,10103094,Mal Guapo,1,,1.67646336425432831336613212153077703083,1,1.61,1.61,1,1001,0,532.54,0
121063865,USA / Keenl (US) 4th Oct,TO BE PLACED,04-10-2015 22:10,10160445,Sallisaw,0,,3.40041409691629955947136563876651982379,1,1,1001,1,1001,0,113.5,0
121063865,USA / Keenl (US) 4th Oct,TO BE PLACED,04-10-2015 22:10,10164046,Unbridled Daddy,0,,2.42687367584745762711864406779661016949,1,1,1001,1,1001,0,302.08,0
121063901,USA / Woodb (US) 4th Oct,TO BE PLACED,04-10-2015 20:55,10066918,Stolonboy,0,,2.10386253905140585061062198239136608918,1,1,1001,1,1001,0,140.84,0
121063901,USA / Woodb (US) 4th Oct,TO BE PLACED,04-10-2015 20:55,10098120,Malibu Tide,0,,1.56846078293812263224358074926336466957,1,1,1001,1,1001,0,427.62,0
121063901,USA / Woodb (US) 4th Oct,TO BE PLACED,04-10-2015 20:55,10103651,Sine Metu,0,,2.86698113207547169811320754716981132075,1,1,1001,1,1001,0,40.28,0
121063903,USA / Woodb (US) 4th Oct,TO BE PLACED,04-10-2015 21:25,10138083,Ruck,0,,4.41495454545454545454545454545454545455,1,1,1001,1,1001,0,44,0
121063907,USA / Woodb (US) 4th Oct,TO BE PLACED,04-10-2015 22:29,10382267,Joe Boo Kelly,0,,5.30744500846023688663282571912013536379,1,1,1001,1,1001,0,35.46,0
121063907,USA / Woodb (US) 4th Oct,TO BE PLACED,04-10-2015 22:29,10382268,Strut The Ring,1,,1.96010839368985018354995535271356285346,1,2.04,2.04,1,1001,0,806.32,0
121063889,USA / Woodb (US) 4th Oct,TO BE PLACED,04-10-2015 18:00,10382260,Majestic Heist,0,,4.00727272727272727272727272727272727273,1,1,1001,1,1001,0,44,0
121063889,USA / Woodb (US) 4th Oct,TO BE PLACED,04-10-2015 18:00,10382261,Conquest Expresso,0,,2.15704865727200212709385801648497739963,1,1,1001,1,1001,0,376.1,0
121063889,USA / Woodb (US) 4th Oct,TO BE PLACED,04-10-2015 18:00,10382263,Awesome Mariner,0,,4.3,1,1,1001,1,1001,0,10,0
121063891,USA / Woodb (US) 4th Oct,TO BE PLACED,04-10-2015 18:27,9993046,Chedington,1,,2.90942720266611122682774421995417621329,1,1,1001,1,1001,0,96.02,0
121063893,USA / Woodb (US) 4th Oct,TO BE PLACED,04-10-2015 18:55,10247168,Blanche The Flirt,0,,2.83775662650602409638554216867469879518,1,2.9,2.9,1,1001,0,166,0
121063895,USA / Woodb (US) 4th Oct,TO BE PLACED,04-10-2015 19:24,10006551,Canadian Gold,0,,1.65358756296009298721425803951956605967,1,1.63,1.6,1,1001,0,1032.4,0
121063897,USA / Woodb (US) 4th Oct,TO BE PLACED,04-10-2015 19:56,10247164,Mysterion,1,,2.36336548223350253807106598984771573604,1,1,1001,1,1001,0,78.8,0
121063897,USA / Woodb (US) 4th Oct,TO BE PLACED,04-10-2015 19:56,10382265,Conquest Moonmad,0,,1.68637415246836146529685440716452038046,1,1.71,1.62,1,1001,0,2519.08,0
121063913,USA / MountP (US) 4th Oct,TO BE PLACED,05-10-2015 00:44,10159791,Music Town,0,,1.77301840490797546012269938650306748466,1,1,1001,1,1001,0,48.9,0
121063962,USA / ZiaP (US) 4th Oct,TO BE PLACED,04-10-2015 21:35,10040324,Statingtheobvious,0,,4.39008333333333333333333333333333333333,1,1,1001,1,1001,0,24,0
121063968,USA / ZiaP (US) 4th Oct,TO BE PLACED,04-10-2015 22:59,10007513,Slewperman,0,,4.882,1,1,1001,1,1001,0,10,0
121063968,USA / ZiaP (US) 4th Oct,TO BE PLACED,04-10-2015 22:59,10111903,Anziger,1,,3.53432865731462925851703406813627254509,1,1,1001,1,1001,0,49.9,0
121063970,USA / ZiaP (US) 4th Oct,TO BE PLACED,04-10-2015 23:27,10154810,Follia,0,,2.48014334532143908463773309613095619009,1,3.1,2.7,1,1001,0,1562.66,0
121063972,USA / ZiaP (US) 4th Oct,TO BE PLACED,04-10-2015 23:55,10382332,Emperor Valerian,0,,3.92,1,1,1001,1,1001,0,4,0
121063974,USA / ZiaP (US) 4th Oct,TO BE PLACED,05-10-2015 00:23,10343925,Fishing Jess,0,,1.52284820031298904538341158059467918623,1,1,1001,1,1001,0,12.78,0
121063978,USA / PrIsleD (US) 4th Oct,TO BE PLACED,04-10-2015 22:50,10084374,All Joya,0,,2.6139732888146911519198664440734557596,1,1,1001,1,1001,0,47.92,0
121063978,USA / PrIsleD (US) 4th Oct,TO BE PLACED,04-10-2015 22:50,10268346,Souper Social,1,,1.9882730117968060348286654361608217639,1,1,1001,1,1001,0,249.22,0
121063982,USA / PrIsleD (US) 4th Oct,TO BE PLACED,04-10-2015 23:40,10116328,Stinkster,1,,2.02029284618602705340956630874355041138,1,1,1001,1,1001,0,143.42,0
121063756,USA / FortE (US) 4th Oct,TO BE PLACED,04-10-2015 20:20,1103844,Right Now,0,,4.94,1,1,1001,1,1001,0,20,0
121063760,USA / FortE (US) 4th Oct,TO BE PLACED,04-10-2015 21:19,10382153,Dont Shush Me,0,,6.47781672508763144717075613420130195293,1,1,1001,1,1001,0,39.94,0
121063752,USA / FortE (US) 4th Oct,TO BE PLACED,04-10-2015 19:19,10143980,Include The Browns,0,,1.89870870144015490741861309451772963815,1,1,1001,1,1001,0,165.26,0
121063798,USA / Belmont (US) 4th Oct,TO BE PLACED,04-10-2015 17:55,10382140,Smokn Stroll,1,,2.07933002083667254367687129347651867286,1,2.06,2.06,1,1001,0,249.56,0
121063810,USA / Belmont (US) 4th Oct,TO BE PLACED,04-10-2015 21:13,9552166,Pierces Prize,0,,2.542456,1,2.5,2.5,1,1001,0,100,0
121063810,USA / Belmont (US) 4th Oct,TO BE PLACED,04-10-2015 21:13,10088415,Indiana Stones,1,,6.48882011605415860735009671179883945841,1,1,1001,1,1001,0,51.7,0
121063802,USA / Belmont (US) 4th Oct,TO BE PLACED,04-10-2015 19:01,10382142,Voided Contract,1,,1.7599080459770114942528735632183908046,1,1,1001,1,1001,0,156.6,0
121063806,USA / Belmont (US) 4th Oct,TO BE PLACED,04-10-2015 20:07,9990877,Prize Taker,0,,1.74200155691913178862533199010898433923,1,1.7,1.7,1,1001,0,1310.28,0
121063806,USA / Belmont (US) 4th Oct,TO BE PLACED,04-10-2015 20:07,10097158,Congaroo,0,,4.47148760330578512396694214876033057851,1,1,1001,1,1001,0,4.84,0
121063806,USA / Belmont (US) 4th Oct,TO BE PLACED,04-10-2015 20:07,10154935,Brandini,0,,4.4,1,1,1001,1,1001,0,25,0
121063812,USA / Belmont (US) 4th Oct,TO BE PLACED,04-10-2015 21:46,3406806,Fair Point,1,,3.48391027154663518299881936245572609209,1,1,1001,1,1001,0,84.7,0
121063814,USA / Belmont (US) 4th Oct,TO BE PLACED,04-10-2015 22:19,10081120,Bi Light Of Day,0,,3.1588172238372093023255813953488372093,1,2.58,2.58,1,1001,0,330.24,0
121063831,USA / Parx (US) 4th Oct,TO BE PLACED,04-10-2015 19:16,10223720,Oh My Dar,0,,1.543944571293598929218171797496260137,1,1,1001,1,1001,0,254.02,0
121063837,USA / Parx (US) 4th Oct,TO BE PLACED,04-10-2015 20:37,10028828,Layers,0,,2.79733842455098288785178899731296846274,1,2.7,2.7,1,1001,0,424.26,0
121063829,USA / Parx (US) 4th Oct,TO BE PLACED,04-10-2015 18:49,10111856,Portent,0,,3.5,1,1,1001,1,1001,0,4,0
121063835,USA / Parx (US) 4th Oct,TO BE PLACED,04-10-2015 20:10,10007294,Tizjohn,0,,4.1284,1,1,1001,1,1001,0,10,0
121063851,USA / Keenl (US) 4th Oct,TO BE PLACED,04-10-2015 18:05,10215996,Boss Hawg,1,,1.39396854924721581466875015502145496937,1,1,1001,1,1001,0,806.34,0
121063851,USA / Keenl (US) 4th Oct,TO BE PLACED,04-10-2015 18:05,10382158,Axiomatic,0,,3.62640944881889763779527559055118110236,1,1,1001,1,1001,0,63.5,0
121063861,USA / Keenl (US) 4th Oct,TO BE PLACED,04-10-2015 21:00,10065897,Jaz N Tap,0,,4.31194511702986279257465698143664245359,1,1,1001,1,1001,0,24.78,0
121063869,USA / Keenl (US) 4th Oct,TO BE PLACED,04-10-2015 23:18,10134256,Pretty Priceless,1,,3.18499458288190682556879739978331527627,1,1,1001,1,1001,0,18.46,0
121063869,USA / Keenl (US) 4th Oct,TO BE PLACED,04-10-2015 23:18,10163805,Miss Blossom,0,,1.66530823529411764705882352941176470588,1,1,1001,1,1001,0,42.5,0
121063863,USA / Keenl (US) 4th Oct,TO BE PLACED,04-10-2015 21:35,6275607,Well Acquainted,1,,2.23510388658029821559520899535565876314,1,1,1001,1,1001,0,327.28,0
121063863,USA / Keenl (US) 4th Oct,TO BE PLACED,04-10-2015 21:35,10258855,Sound Defence,0,,4.9074879227053140096618357487922705314,1,1,1001,1,1001,0,66.24,0
121063867,USA / Keenl (US) 4th Oct,TO BE PLACED,04-10-2015 22:45,10186266,Lovely Maria,0,,2.09773091954260664585099563698021132731,1,2.14,2.1,1,1001,0,1934.44,0
121063853,USA / Keenl (US) 4th Oct,TO BE PLACED,04-10-2015 18:40,10268161,Magic Five,1,,1.92780118924508790072388831437435367115,1,1,1001,1,1001,0,464.16,0
121063853,USA / Keenl (US) 4th Oct,TO BE PLACED,04-10-2015 18:40,10124551,Macho Brew,1,,1.73896688195222176376971462734828262755,1,1.88,1.55,1,1001,0,2375.14,0
121063855,USA / Keenl (US) 4th Oct,TO BE PLACED,04-10-2015 19:15,5436995,Photo Shoot,0,,3.74215425531914893617021276595744680851,1,1,1001,1,1001,0,15.04,0
121063859,USA / Keenl (US) 4th Oct,TO BE PLACED,04-10-2015 20:25,9550336,Desvelo,0,,1.93534149885821050446335893709777870044,1,1,1001,1,1001,0,96.34,0
121063865,USA / Keenl (US) 4th Oct,TO BE PLACED,04-10-2015 22:10,10268242,Siding Spring,1,,3.03309138346267059138346267059138346267,1,1,1001,1,1001,0,298.96,0
121063865,USA / Keenl (US) 4th Oct,TO BE PLACED,04-10-2015 22:10,10180616,One Mean Man,0,,17.2062118126272912423625254582484725051,1,1,1001,1,1001,0,19.64,0
121063907,USA / Woodb (US) 4th Oct,TO BE PLACED,04-10-2015 22:29,9969660,Professor Hartwick,0,,7,1,1,1001,1,1001,0,.22,0
121063907,USA / Woodb (US) 4th Oct,TO BE PLACED,04-10-2015 22:29,10098126,Ghost Forest,0,,4.74000403063280935106811769447803305119,1,1,1001,1,1001,0,99.24,0
121063907,USA / Woodb (US) 4th Oct,TO BE PLACED,04-10-2015 22:29,10247163,Colourful Affair,0,,6.11650819340481488974307100950839571111,1,1,1001,1,1001,0,98.86,0
121063891,USA / Woodb (US) 4th Oct,TO BE PLACED,04-10-2015 18:27,9929697,Wanna Win,0,,1.99400878212579103706573679452408627147,1,1,1001,1,1001,0,154.86,0
121063893,USA / Woodb (US) 4th Oct,TO BE PLACED,04-10-2015 18:55,10189332,Brave Arrow,1,,2.995,1,1,1001,1,1001,0,16,0
121063893,USA / Woodb (US) 4th Oct,TO BE PLACED,04-10-2015 18:55,10382264,Flower Dean,1,,2.39581178996332408981125324268718132212,1,1,1001,1,1001,0,223.58,0
121063909,USA / MountP (US) 4th Oct,TO BE PLACED,05-10-2015 00:00,9979501,Your So Spoiled,1,,1.16161184924251126341718676213449732614,1,1.14,1.13,1,1001,0,1567.02,0
121063911,USA / MountP (US) 4th Oct,TO BE PLACED,05-10-2015 00:22,10066724,Redneck Attack,1,,1.30742448206092730329714171724943717762,1,1.32,1.29,1,1001,0,5614.56,0
121063911,USA / MountP (US) 4th Oct,TO BE PLACED,05-10-2015 00:22,10237946,Notional King,1,,2.5564849305790721300372502539790044023,1,1,1001,1,1001,0,59.06,0
121063913,USA / MountP (US) 4th Oct,TO BE PLACED,05-10-2015 00:44,5485689,Shimmy,1,,1.37300044547037621998137123881261896084,1,1,1001,1,1001,0,493.86,0
121063954,USA / ZiaP (US) 4th Oct,TO BE PLACED,04-10-2015 19:43,10160431,Ebw Ferro,0,,3.61108333333333333333333333333333333333,1,1,1001,1,1001,0,12,0
121063964,USA / ZiaP (US) 4th Oct,TO BE PLACED,04-10-2015 22:03,10244054,Fu Fu Brown,0,,3.83754111842105263157894736842105263158,1,1,1001,1,1001,0,48.64,0
121063964,USA / ZiaP (US) 4th Oct,TO BE PLACED,04-10-2015 22:03,10382331,K P Wildcat,1,,1.37238031788331588464832968497192347959,1,1.28,1.28,1,1001,0,630.42,0
121063966,USA / ZiaP (US) 4th Oct,TO BE PLACED,04-10-2015 22:31,10186277,Cash In Pennies,0,,1.69763546798029556650246305418719211823,1,1,1001,1,1001,0,4.06,0
121063966,USA / ZiaP (US) 4th Oct,TO BE PLACED,04-10-2015 22:31,10281567,Fm Unbridled Dream,1,,1.30586726157278304517568321249302844395,1,1,1001,1,1001,0,35.86,0
121063968,USA / ZiaP (US) 4th Oct,TO BE PLACED,04-10-2015 22:59,9385023,Lucky Coin,0,,3.75,1,1,1001,1,1001,0,8,0
121063970,USA / ZiaP (US) 4th Oct,TO BE PLACED,04-10-2015 23:27,9556686,Magero,1,,2.92972706595905989385898407884761182714,1,1,1001,1,1001,0,105.52,0
121063972,USA / ZiaP (US) 4th Oct,TO BE PLACED,04-10-2015 23:55,10278292,Whiteface Eagle,0,,3.75960784313725490196078431372549019608,1,1,1001,1,1001,0,12.24,0
121063976,USA / PrIsleD (US) 4th Oct,TO BE PLACED,04-10-2015 22:25,9969432,Bold Senator,1,,1.51557236020535590398223948938531982795,1,1,1001,1,1001,0,144.14,0
121063978,USA / PrIsleD (US) 4th Oct,TO BE PLACED,04-10-2015 22:50,10084372,Yes Sir Mr. Kato,0,,4.04532940743467059256532940743467059257,1,1,1001,1,1001,0,54.34,0
121063978,USA / PrIsleD (US) 4th Oct,TO BE PLACED,04-10-2015 22:50,10140122,Twirling Taffy,1,,1.66660417866680630465518144211132638634,1,1.62,1.62,1,1001,0,763.88,0
121063982,USA / PrIsleD (US) 4th Oct,TO BE PLACED,04-10-2015 23:40,9991553,Melora,1,,1.27083494735359368947424023664471599113,1,1.27,1.27,1,1001,0,1135.88,0
121063984,USA / PrIsleD (US) 4th Oct,TO BE PLACED,05-10-2015 00:05,10221432,Why Izzy Why,0,,3.48955223880597014925373134328358208955,1,1,1001,1,1001,0,13.4,0
121063758,USA / FortE (US) 4th Oct,TO BE PLACED,04-10-2015 20:50,10039930,Senor Red,1,,3.11942391304347826086956521739130434783,1,1,1001,1,1001,0,36.8,0
121063758,USA / FortE (US) 4th Oct,TO BE PLACED,04-10-2015 20:50,10077556,Devil In Willie,0,,16.3456790123456790123456790123456790124,1,1,1001,1,1001,0,24.3,0
121063760,USA / FortE (US) 4th Oct,TO BE PLACED,04-10-2015 21:19,10084098,Two Brews To Go,1,,1.56191124450637796119626969664487083289,1,1.63,1.63,1,1001,0,932.9,0
121063762,USA / FortE (US) 4th Oct,TO BE PLACED,04-10-2015 21:47,10088501,Hollywood Hallie,0,,3.50206595152959872864521255462852602304,1,1,1001,1,1001,0,50.34,0
121063752,USA / FortE (US) 4th Oct,TO BE PLACED,04-10-2015 19:19,10084094,Christie Pitts,1,,3.50952380952380952380952380952380952381,1,1,1001,1,1001,0,21,0
121063764,USA / FortE (US) 4th Oct,TO BE PLACED,04-10-2015 22:15,10106699,Old Saying,0,,2.61536291147004702514823144551216520139,1,1,1001,1,1001,0,97.82,0
121063798,USA / Belmont (US) 4th Oct,TO BE PLACED,04-10-2015 17:55,10175316,Northern Screamer,1,,1.78454053670981763205140319380137957101,1,1.81,1.81,1,1001,0,846.64,0
121063800,USA / Belmont (US) 4th Oct,TO BE PLACED,04-10-2015 18:28,10092639,Awesome Quick,1,,1.92363994743758212877792378449408672799,1,1,1001,1,1001,0,30.44,0
121063804,USA / Belmont (US) 4th Oct,TO BE PLACED,04-10-2015 19:34,10164055,Felini,1,,1.95490561529271206690561529271206690562,1,2.06,2.06,1,1001,0,418.5,0
121063806,USA / Belmont (US) 4th Oct,TO BE PLACED,04-10-2015 20:07,10066483,Saratiago,1,,4.81272755322431348349274915149645171243,1,1,1001,1,1001,0,129.64,0
121063806,USA / Belmont (US) 4th Oct,TO BE PLACED,04-10-2015 20:07,10078311,Building Permit,1,,1.20739742357923205579872602398491156898,1,1,1001,1,1001,0,1124.04,0
121063806,USA / Belmont (US) 4th Oct,TO BE PLACED,04-10-2015 20:07,10247150,Outtacypresshills,0,,2.83426234870788354596009159306509649984,1,1,1001,1,1001,0,61.14,0
121063808,USA / Belmont (US) 4th Oct,TO BE PLACED,04-10-2015 20:40,10382146,Optimistic Outcome,0,,5.54182389937106918238993710691823899371,1,1,1001,1,1001,0,25.44,0
121063808,USA / Belmont (US) 4th Oct,TO BE PLACED,04-10-2015 20:40,10189309,Bene Pista,0,,4.83695652173913043478260869565217391304,1,1,1001,1,1001,0,47.84,0
121063825,USA / Parx (US) 4th Oct,TO BE PLACED,04-10-2015 17:55,10073833,Teflon Tony,1,,1.76174165014488333079152051242946469422,1,1,1001,1,1001,0,131.14,0
121063825,USA / Parx (US) 4th Oct,TO BE PLACED,04-10-2015 17:55,10077994,Candy Stalker,1,,1.24953434699972848221558512082541406462,1,1,1001,1,1001,0,147.32,0
121063831,USA / Parx (US) 4th Oct,TO BE PLACED,04-10-2015 19:16,10040261,Dangerous Maize,1,,2.43651784402996034660008811866647084741,1,1,1001,1,1001,0,136.18,0
121063831,USA / Parx (US) 4th Oct,TO BE PLACED,04-10-2015 19:16,10073874,Connors Gold,1,,1.55,1,1,1001,1,1001,0,.06,0
121063831,USA / Parx (US) 4th Oct,TO BE PLACED,04-10-2015 19:16,10007321,Wild Oration,0,,1.80280395228340763947463549825280154235,1,1,1001,1,1001,0,165.98,0
121063833,USA / Parx (US) 4th Oct,TO BE PLACED,04-10-2015 19:43,10080953,Guyana Express,0,,6.2132,1,1,1001,1,1001,0,10,0
121063833,USA / Parx (US) 4th Oct,TO BE PLACED,04-10-2015 19:43,10103263,Hampden Fiveone,1,,2.47555222388805597201399300349825087456,1,1,1001,1,1001,0,40.02,0
121063839,USA / Parx (US) 4th Oct,TO BE PLACED,04-10-2015 21:04,9924332,Panfila,0,,1.43165171503957783641160949868073878628,1,1,1001,1,1001,0,37.9,0
121063839,USA / Parx (US) 4th Oct,TO BE PLACED,04-10-2015 21:04,10084426,Lawless Lily,0,,1.89636363636363636363636363636363636364,1,1,1001,1,1001,0,.22,0
121063835,USA / Parx (US) 4th Oct,TO BE PLACED,04-10-2015 20:10,10040268,Current Rate,1,,1.38208523592085235920852359208523592085,1,1,1001,1,1001,0,65.7,0
121063851,USA / Keenl (US) 4th Oct,TO BE PLACED,04-10-2015 18:05,10268231,Lonely Mission,0,,2.09513030528667163067758749069247952345,1,1,1001,1,1001,0,80.58,0
121063851,USA / Keenl (US) 4th Oct,TO BE PLACED,04-10-2015 18:05,10382160,Fightmaster,0,,5.5,1,1,1001,1,1001,0,6,0
121063861,USA / Keenl (US) 4th Oct,TO BE PLACED,04-10-2015 21:00,10275858,Brink Of War,0,,2.66,1,1,1001,1,1001,0,19.22,0
121063869,USA / Keenl (US) 4th Oct,TO BE PLACED,04-10-2015 23:18,10215999,Super Martha,0,,4.8,1,4.8,4.8,1,1001,0,59.92,0
121063863,USA / Keenl (US) 4th Oct,TO BE PLACED,04-10-2015 21:35,3134238,Lady Gayle,0,,2.78128813559322033898305084745762711864,1,1,1001,1,1001,0,17.7,0
121063863,USA / Keenl (US) 4th Oct,TO BE PLACED,04-10-2015 21:35,10382164,Blip N Th Bye,1,,6,1,1,1001,1,1001,0,24.08,0
121063867,USA / Keenl (US) 4th Oct,TO BE PLACED,04-10-2015 22:45,7866661,Untapable,1,,1.38456381558846704295109910431440654799,1,1.41,1.35,1,1001,0,2487.48,0
121063867,USA / Keenl (US) 4th Oct,TO BE PLACED,04-10-2015 22:45,9978508,Mei Ling,0,,4.3,1,1,1001,1,1001,0,9.56,0
121063867,USA / Keenl (US) 4th Oct,TO BE PLACED,04-10-2015 22:45,10005818,Flashy American,0,,11,1,1,1001,1,1001,0,4,0
121063855,USA / Keenl (US) 4th Oct,TO BE PLACED,04-10-2015 19:15,10124068,Whatthecatdrugin,1,,2.48140104284742688732713670369530718658,1,1,1001,1,1001,0,88.22,0
121063857,USA / Keenl (US) 4th Oct,TO BE PLACED,04-10-2015 19:50,10246672,Stardom Found,1,,5.47464788732394366197183098591549295775,1,1,1001,1,1001,0,14.2,0
121063859,USA / Keenl (US) 4th Oct,TO BE PLACED,04-10-2015 20:25,9990785,O T B Bob,0,,2.83461664677804295942720763723150357995,1,1,1001,1,1001,0,134.08,0
121063901,USA / Woodb (US) 4th Oct,TO BE PLACED,04-10-2015 20:55,1085845,Grenfell,1,,1.27434987404065850372019450465756634835,1,1.3,1.25,1,1001,0,1706.9,0
121063903,USA / Woodb (US) 4th Oct,TO BE PLACED,04-10-2015 21:25,10047304,Kasseopia,1,,2.02346360329177409670469395683961431145,1,2.42,1.69,1,1001,0,2265.04,0
121063903,USA / Woodb (US) 4th Oct,TO BE PLACED,04-10-2015 21:25,10059996,Van Damme,0,,10.3691275167785234899328859060402684564,1,1,1001,1,1001,0,14.9,0
121063907,USA / Woodb (US) 4th Oct,TO BE PLACED,04-10-2015 22:29,10382269,Nevaehs Valentine,0,,4.18768057784911717495987158908507223114,1,1,1001,1,1001,0,49.84,0
121063895,USA / Woodb (US) 4th Oct,TO BE PLACED,04-10-2015 19:24,10098147,Latin Piper,0,,5.28775,1,1,1001,1,1001,0,8,0
121063895,USA / Woodb (US) 4th Oct,TO BE PLACED,04-10-2015 19:24,10172053,Bring On The Bull,0,,3.71746666666666666666666666666666666667,1,1,1001,1,1001,0,60,0
121063897,USA / Woodb (US) 4th Oct,TO BE PLACED,04-10-2015 19:56,8973540,Best Boy,0,,9.87136842105263157894736842105263157895,1,1,1001,1,1001,0,19,0
121063897,USA / Woodb (US) 4th Oct,TO BE PLACED,04-10-2015 19:56,10138089,Quiet Canadian,0,,3.67670624518118735543562066306861989206,1,3.85,3.45,1,1001,0,648.5,0
121063913,USA / MountP (US) 4th Oct,TO BE PLACED,05-10-2015 00:44,10077909,Sweet Sound,1,,1.43979896675651392632524707996406109614,1,1,1001,1,1001,0,178.08,0
121063954,USA / ZiaP (US) 4th Oct,TO BE PLACED,04-10-2015 19:43,9992474,Mr Jesse Stone,1,,1.97542997542997542997542997542997542998,1,1,1001,1,1001,0,48.84,0
121063956,USA / ZiaP (US) 4th Oct,TO BE PLACED,04-10-2015 20:11,10097721,Mountain Dew Man,0,,1.57840982028241335044929396662387676508,1,1.58,1.58,1,1001,0,747.84,0
121063956,USA / ZiaP (US) 4th Oct,TO BE PLACED,04-10-2015 20:11,10134978,Tisa Dashin Panther,0,,2.24,1,1,1001,1,1001,0,77.42,0
121063962,USA / ZiaP (US) 4th Oct,TO BE PLACED,04-10-2015 21:35,10102424,Cook Inlet,0,,6.4,1,1,1001,1,1001,0,12,0
121063964,USA / ZiaP (US) 4th Oct,TO BE PLACED,04-10-2015 22:03,10382330,Grandma Z,0,,2.06578156312625250501002004008016032064,1,1,1001,1,1001,0,159.68,0
121063968,USA / ZiaP (US) 4th Oct,TO BE PLACED,04-10-2015 22:59,10060049,Sonoble,1,,2.58174503150751333010179350460494425594,1,1,1001,1,1001,0,41.26,0
121063970,USA / ZiaP (US) 4th Oct,TO BE PLACED,04-10-2015 23:27,10040328,Dagger Tattoo,0,,5.88025418474891506509609423434593924365,1,1,1001,1,1001,0,64.52,0
121063972,USA / ZiaP (US) 4th Oct,TO BE PLACED,04-10-2015 23:55,10278291,Painted Josy,0,,2.78299559471365638766519823788546255507,1,1,1001,1,1001,0,45.4,0
121063960,USA / ZiaP (US) 4th Oct,TO BE PLACED,04-10-2015 21:07,10382329,Nuttin But Money,0,,5.41860724233983286908077994428969359331,1,1,1001,1,1001,0,35.9,0
121063976,USA / PrIsleD (US) 4th Oct,TO BE PLACED,04-10-2015 22:25,10124072,Runnin Away,0,,2.91258464079273327828241123038810900083,1,1,1001,1,1001,0,24.22,0
121063982,USA / PrIsleD (US) 4th Oct,TO BE PLACED,04-10-2015 23:40,10343906,Muggles,0,,7.4,1,1,1001,1,1001,0,12,0
121063986,USA / PrIsleD (US) 4th Oct,TO BE PLACED,05-10-2015 00:30,10081142,Secret Betrayal,1,,1.53545454545454545454545454545454545455,1,1,1001,1,1001,0,110,0
121063750,USA / FortE (US) 4th Oct,TO BE PLACED,04-10-2015 18:50,44050,Old Blue Eyes,0,,2.88426850690087829360100376411543287327,1,1,1001,1,1001,0,79.7,0
121063756,USA / FortE (US) 4th Oct,TO BE PLACED,04-10-2015 20:20,10077592,Big Effort,0,,6.62442931517821385662795354425310372447,1,1,1001,1,1001,0,49.94,0
121063758,USA / FortE (US) 4th Oct,TO BE PLACED,04-10-2015 20:50,10039935,Whitcomb Hill,0,,1.35151377665417663611876062781213790198,1,1.38,1.33,1,1001,0,2658.12,0
121063758,USA / FortE (US) 4th Oct,TO BE PLACED,04-10-2015 20:50,10106702,Prized Humour,0,,4.88223684210526315789473684210526315789,1,1,1001,1,1001,0,12.16,0
121063760,USA / FortE (US) 4th Oct,TO BE PLACED,04-10-2015 21:19,10111694,Spot A Kiss,1,,1.89748064345059218667138059041894997348,1,1.99,1.9,1,1001,0,1131.4,0
121063762,USA / FortE (US) 4th Oct,TO BE PLACED,04-10-2015 21:47,10039963,Betray The Dark,1,,1.39980999156620528848538969092622910155,1,1,1001,1,1001,0,403.14,0
121063752,USA / FortE (US) 4th Oct,TO BE PLACED,04-10-2015 19:19,10103635,Its The Rush,1,,1.39600542029500622001066287542207215212,1,1,1001,1,1001,0,450.16,0
121063810,USA / Belmont (US) 4th Oct,TO BE PLACED,04-10-2015 21:13,10262779,Thunderbird Wings,0,,4.69854851031321619556913674560733384263,1,1,1001,1,1001,0,26.18,0
121063800,USA / Belmont (US) 4th Oct,TO BE PLACED,04-10-2015 18:28,9550346,Rachels Temper,1,,1.58277820148374124661998197323719059835,1,1,1001,1,1001,0,576.92,0
121063800,USA / Belmont (US) 4th Oct,TO BE PLACED,04-10-2015 18:28,9990864,Familyofroses,1,,2.87614622778910573842120594232449752403,1,1,1001,1,1001,0,68.66,0
121063812,USA / Belmont (US) 4th Oct,TO BE PLACED,04-10-2015 21:46,9552152,Predicate,0,,8.83329596412556053811659192825112107623,1,1,1001,1,1001,0,35.68,0
121063814,USA / Belmont (US) 4th Oct,TO BE PLACED,04-10-2015 22:19,6951407,Over My Head,0,,8.48491574188244965063707357172215371969,1,8.6,8.6,1,1001,0,48.66,0
121063814,USA / Belmont (US) 4th Oct,TO BE PLACED,04-10-2015 22:19,10180607,Tachiello,1,,1.42831464274271066965716116629285485421,1,1,1001,1,1001,0,187.26,0
121063814,USA / Belmont (US) 4th Oct,TO BE PLACED,04-10-2015 22:19,10205206,More Stormyweather,0,,2.44263149531225170824725885904973780391,1,1,1001,1,1001,0,125.86,0
121063808,USA / Belmont (US) 4th Oct,TO BE PLACED,04-10-2015 20:40,10066506,Tessio,1,,7.85932203389830508474576271186440677966,1,1,1001,1,1001,0,4.72,0
121063833,USA / Parx (US) 4th Oct,TO BE PLACED,04-10-2015 19:43,10073840,Johns Cross,1,,2.02547022856310962294365992138593681759,1,2,2,1,1001,0,549.52,0
121063827,USA / Parx (US) 4th Oct,TO BE PLACED,04-10-2015 18:22,4961484,Boarding Pass,0,,26,1,1,1001,1,1001,0,5.26,0
121063829,USA / Parx (US) 4th Oct,TO BE PLACED,04-10-2015 18:49,10154897,Designer Shiner,0,,2.7412,1,1,1001,1,1001,0,4,0
121063861,USA / Keenl (US) 4th Oct,TO BE PLACED,04-10-2015 21:00,10092588,Fruit Ludt,1,,2.76,1,1,1001,1,1001,0,3.24,0
121063863,USA / Keenl (US) 4th Oct,TO BE PLACED,04-10-2015 21:35,10216546,Conquest Tiz One,1,,1.70372189856065798492117888965044551062,1,1.68,1.68,1,1001,0,1167.2,0
121063853,USA / Keenl (US) 4th Oct,TO BE PLACED,04-10-2015 18:40,10382162,Rockstar Jam,0,,2.66228434441494630899076752387367753695,1,1,1001,1,1001,0,504.74,0
121063857,USA / Keenl (US) 4th Oct,TO BE PLACED,04-10-2015 19:50,10005950,Victory Torch,0,,3.48699127906976744186046511627906976744,1,1,1001,1,1001,0,13.76,0
121063857,USA / Keenl (US) 4th Oct,TO BE PLACED,04-10-2015 19:50,10135009,Ascend,1,,1.41388352770222437497671299228734304557,1,1,1001,1,1001,0,1073.56,0
121063865,USA / Keenl (US) 4th Oct,TO BE PLACED,04-10-2015 22:10,10137955,Expected Ruler,0,,11.25,1,1,1001,1,1001,0,8,0
121063865,USA / Keenl (US) 4th Oct,TO BE PLACED,04-10-2015 22:10,10243780,Tequila Joe,0,,7.2,1,1,1001,1,1001,0,4,0
121063907,USA / Woodb (US) 4th Oct,TO BE PLACED,04-10-2015 22:29,10138106,Wall Street Wolf,0,,2.27411945767680469036277024551117625504,1,1,1001,1,1001,0,272.9,0
121063907,USA / Woodb (US) 4th Oct,TO BE PLACED,04-10-2015 22:29,10159987,Trial Lawyer,1,,1.70493383639545056867891513560804899388,1,1,1001,1,1001,0,731.52,0
121063889,USA / Woodb (US) 4th Oct,TO BE PLACED,04-10-2015 18:00,10382258,Tiz Imaginary,1,,4.31228813559322033898305084745762711864,1,1,1001,1,1001,0,14.16,0
121063893,USA / Woodb (US) 4th Oct,TO BE PLACED,04-10-2015 18:55,10108684,American Feminist,1,,2.39175166297117516629711751662971175166,1,1,1001,1,1001,0,54.12,0
121063899,USA / Woodb (US) 4th Oct,TO BE PLACED,04-10-2015 20:25,10180061,Swoop And Strike,1,,2.12361029049729197439684884293451501723,1,1,1001,1,1001,0,162.48,0
121063899,USA / Woodb (US) 4th Oct,TO BE PLACED,04-10-2015 20:25,10198035,Allwehaveisnow,0,,11.7075,1,1,1001,1,1001,0,32,0
121063895,USA / Woodb (US) 4th Oct,TO BE PLACED,04-10-2015 19:24,10074370,I Deliver,0,,4.94605799728137743543271409152695967377,1,1,1001,1,1001,0,88.28,0
121063895,USA / Woodb (US) 4th Oct,TO BE PLACED,04-10-2015 19:24,10088529,Crack That Whip,1,,2.37162220381110190555095277547638773819,1,1,1001,1,1001,0,241.4,0
121063897,USA / Woodb (US) 4th Oct,TO BE PLACED,04-10-2015 19:56,10088507,Congrats To Avie,0,,3.47507055503292568203198494825964252117,1,1,1001,1,1001,0,106.3,0
121063897,USA / Woodb (US) 4th Oct,TO BE PLACED,04-10-2015 19:56,10124214,Tempietto,0,,1.96521659197977708836033551648856716075,1,1,1001,1,1001,0,174.06,0
121063909,USA / MountP (US) 4th Oct,TO BE PLACED,05-10-2015 00:00,10134236,S S Much Ado,0,,1.89512167418166798609437923794444635666,1,1,1001,1,1001,0,581.06,0
121063911,USA / MountP (US) 4th Oct,TO BE PLACED,05-10-2015 00:22,10382215,Asalor,0,,1.44421058059193565020109312158399505002,1,1,1001,1,1001,0,193.94,0
121063954,USA / ZiaP (US) 4th Oct,TO BE PLACED,04-10-2015 19:43,10074193,A Tempting Romance,0,,1.68988023952095808383233532934131736527,1,1,1001,1,1001,0,20.04,0
121063954,USA / ZiaP (US) 4th Oct,TO BE PLACED,04-10-2015 19:43,10134391,Royal Bux,0,,10.1816939890710382513661202185792349727,1,1,1001,1,1001,0,7.32,0
121063956,USA / ZiaP (US) 4th Oct,TO BE PLACED,04-10-2015 20:11,10220232,Tic Tac Special,1,,1.99688288288288288288288288288288288288,1,1,1001,1,1001,0,11.1,0
121063962,USA / ZiaP (US) 4th Oct,TO BE PLACED,04-10-2015 21:35,10005278,Alley Oop Oop,0,,4.9,1,1,1001,1,1001,0,1.84,0
121063962,USA / ZiaP (US) 4th Oct,TO BE PLACED,04-10-2015 21:35,10078434,Royal Meridian,0,,1.35677428411005053340819764177428411005,1,1,1001,1,1001,0,356.2,0
121063966,USA / ZiaP (US) 4th Oct,TO BE PLACED,04-10-2015 22:31,6331986,Prince Bob,0,,3.45,1,1,1001,1,1001,0,46.52,0
121063970,USA / ZiaP (US) 4th Oct,TO BE PLACED,04-10-2015 23:27,10072187,Silver Rock Star,0,,6.4,1,1,1001,1,1001,0,.9,0
121063970,USA / ZiaP (US) 4th Oct,TO BE PLACED,04-10-2015 23:27,10102227,War Signal,1,,3.57651089248067463106113843991567111736,1,1,1001,1,1001,0,113.84,0
121063970,USA / ZiaP (US) 4th Oct,TO BE PLACED,04-10-2015 23:27,10103242,Been Everywhere,0,,5.89439528023598820058997050147492625369,1,1,1001,1,1001,0,6.78,0
121063970,USA / ZiaP (US) 4th Oct,TO BE PLACED,04-10-2015 23:27,10143876,Currently Krazy,0,,12,1,1,1001,1,1001,0,12,0
121063972,USA / ZiaP (US) 4th Oct,TO BE PLACED,04-10-2015 23:55,10138011,Tres Primeros,0,,6.69,1,1,1001,1,1001,0,6,0
121063972,USA / ZiaP (US) 4th Oct,TO BE PLACED,04-10-2015 23:55,2137914,Kingsbury,1,,2.59920608108108108108108108108108108108,1,1,1001,1,1001,0,47.36,0
121063958,USA / ZiaP (US) 4th Oct,TO BE PLACED,04-10-2015 20:39,10084491,Watch The Curves,0,,4,1,1,1001,1,1001,0,2.96,0
121063960,USA / ZiaP (US) 4th Oct,TO BE PLACED,04-10-2015 21:07,10007489,Loumylove,0,,3.02672720922109675165909884736290604261,1,1,1001,1,1001,0,57.26,0
121063976,USA / PrIsleD (US) 4th Oct,TO BE PLACED,04-10-2015 22:25,9969455,Anaylst,1,,1.54051537070524412296564195298372513562,1,1,1001,1,1001,0,22.12,0
121063976,USA / PrIsleD (US) 4th Oct,TO BE PLACED,04-10-2015 22:25,10040211,Textbook Blues,0,,1.85477195097448262005224030540486236689,1,1,1001,1,1001,0,199.08,0
121063980,USA / PrIsleD (US) 4th Oct,TO BE PLACED,04-10-2015 23:15,10065547,Hesmakingabigscene,1,,1.42726183590845244980583326447988102123,1,1,1001,1,1001,0,242.06,0
121063980,USA / PrIsleD (US) 4th Oct,TO BE PLACED,04-10-2015 23:15,10040250,Cosmic Karma,1,,1.72449647209749839640795381654906991661,1,1,1001,1,1001,0,530.06,0
121063980,USA / PrIsleD (US) 4th Oct,TO BE PLACED,04-10-2015 23:15,10051255,Envious Bid,0,,8.9,1,1,1001,1,1001,0,16,0
121063982,USA / PrIsleD (US) 4th Oct,TO BE PLACED,04-10-2015 23:40,10078008,Old Toy,1,,5.17264248704663212435233160621761658031,1,1,1001,1,1001,0,19.3,0
121063986,USA / PrIsleD (US) 4th Oct,TO BE PLACED,05-10-2015 00:30,10078050,Little G,1,,1.45385885546256503053607781045012440624,1,1,1001,1,1001,0,88.42,0
121063986,USA / PrIsleD (US) 4th Oct,TO BE PLACED,05-10-2015 00:30,10078051,Our Burning Faith,0,,2.38759615384615384615384615384615384615,1,1,1001,1,1001,0,76.96,0
121063984,USA / PrIsleD (US) 4th Oct,TO BE PLACED,05-10-2015 00:05,10084390,Cupn Spoon,0,,3.02,1,1,1001,1,1001,0,30.8,0
121063988,USA / PrIsleD (US) 4th Oct,TO BE PLACED,05-10-2015 00:55,10107093,Za Woodman,0,,2.24227809754619812178127840048470160557,1,1,1001,1,1001,0,264.08,0
121063750,USA / FortE (US) 4th Oct,TO BE PLACED,04-10-2015 18:50,10163823,Ascania,0,,4.10498452012383900928792569659442724458,1,1,1001,1,1001,0,64.6,0
121063750,USA / FortE (US) 4th Oct,TO BE PLACED,04-10-2015 18:50,10078462,Petes Pita,1,,1.44780822763324383544733512329105329753,1,1.47,1.47,1,1001,0,648.06,0
121063758,USA / FortE (US) 4th Oct,TO BE PLACED,04-10-2015 20:50,10106705,Bubble Wrapped,0,,4.66142857142857142857142857142857142857,1,1,1001,1,1001,0,28,0
121063762,USA / FortE (US) 4th Oct,TO BE PLACED,04-10-2015 21:47,10108671,Geishas Dance,0,,5.6,1,1,1001,1,1001,0,4,0
121063752,USA / FortE (US) 4th Oct,TO BE PLACED,04-10-2015 19:19,9968738,Super Craft,0,,6.25849056603773584905660377358490566038,1,1,1001,1,1001,0,118.72,0
121063798,USA / Belmont (US) 4th Oct,TO BE PLACED,04-10-2015 17:55,9546380,Mia And Molly,1,,1.78974459244775754613222534522791152389,1,1,1001,1,1001,0,327.32,0
121063804,USA / Belmont (US) 4th Oct,TO BE PLACED,04-10-2015 19:34,10066510,Welcoming,1,,1.41065155228758169934640522875816993464,1,1,1001,1,1001,0,489.6,0
121063837,USA / Parx (US) 4th Oct,TO BE PLACED,04-10-2015 20:37,10138522,Tiznaz,0,,1.20831012616852977708047329541740210499,1,1,1001,1,1001,0,305.94,0
121063839,USA / Parx (US) 4th Oct,TO BE PLACED,04-10-2015 21:04,10073603,Misszippityslewda,0,,1.97385121790651744568795260039499670836,1,1,1001,1,1001,0,273.42,0
121063827,USA / Parx (US) 4th Oct,TO BE PLACED,04-10-2015 18:22,10040291,Sunshine Mark,1,,3.64930777422790202342917997870074547391,1,3.65,3.65,1,1001,0,300.48,0
121063869,USA / Keenl (US) 4th Oct,TO BE PLACED,04-10-2015 23:18,10065506,Wallflower,0,,2.08333276740237691001697792869269949066,1,1,1001,1,1001,0,117.8,0
121063869,USA / Keenl (US) 4th Oct,TO BE PLACED,04-10-2015 23:18,10262808,Gadwall,1,,3.21357391839245437769120360877588681567,1,1,1001,1,1001,0,97.54,0
121063867,USA / Keenl (US) 4th Oct,TO BE PLACED,04-10-2015 22:45,2509239,Frivolous,0,,1.88757972089260432818715027303984359199,1,1.86,1.86,1,1001,0,593.32,0
121063867,USA / Keenl (US) 4th Oct,TO BE PLACED,04-10-2015 22:45,6673076,Yahilwa,1,,6.80697392359005457853244390539721043056,1,1,1001,1,1001,0,32.98,0
121063853,USA / Keenl (US) 4th Oct,TO BE PLACED,04-10-2015 18:40,10040064,Pinks Honor,0,,4.768751818446319464649403549607215595,1,1,1001,1,1001,0,68.74,0
121063853,USA / Keenl (US) 4th Oct,TO BE PLACED,04-10-2015 18:40,10088396,Horsetailspeedster,0,,2.44870011148272017837235228539576365663,1,1,1001,1,1001,0,179.4,0
121063855,USA / Keenl (US) 4th Oct,TO BE PLACED,04-10-2015 19:15,10065518,Bad Student,1,,1.93395030623322886581044265552346422499,1,1.89,1.89,1,1001,0,976.38,0
121063855,USA / Keenl (US) 4th Oct,TO BE PLACED,04-10-2015 19:15,10247064,Wayward Sailor,1,,4.34054834054834054834054834054834054834,1,1,1001,1,1001,0,13.86,0
121063857,USA / Keenl (US) 4th Oct,TO BE PLACED,04-10-2015 19:50,10077494,L Ts Best Tale,0,,5.85,1,1,1001,1,1001,0,20,0
121063865,USA / Keenl (US) 4th Oct,TO BE PLACED,04-10-2015 22:10,9991221,Uncle Brennie,0,,7.72307692307692307692307692307692307692,1,1,1001,1,1001,0,13,0
121063903,USA / Woodb (US) 4th Oct,TO BE PLACED,04-10-2015 21:25,10074310,Riker,1,,1.48914528543938422065426555484284797947,1,1,1001,1,1001,0,498.88,0
121063905,USA / Woodb (US) 4th Oct,TO BE PLACED,04-10-2015 21:57,5501927,Ninth Symphony,1,,1.47515277777777777777777777777777777778,1,1,1001,1,1001,0,72,0
121063905,USA / Woodb (US) 4th Oct,TO BE PLACED,04-10-2015 21:57,9993039,Dixie Whistler,0,,3.09727272727272727272727272727272727273,1,1,1001,1,1001,0,22,0
121063905,USA / Woodb (US) 4th Oct,TO BE PLACED,04-10-2015 21:57,10103671,Ted W,0,,1.4724386853341276933770231357362724655,1,1,1001,1,1001,0,201.42,0
121063905,USA / Woodb (US) 4th Oct,TO BE PLACED,04-10-2015 21:57,10262948,Conquest Quickdraw,1,,1.1868862848933832849778879468183994817,1,1,1001,1,1001,0,710.02,0
121063889,USA / Woodb (US) 4th Oct,TO BE PLACED,04-10-2015 18:00,10382259,Kins Ghost,0,,2.02468066718520439028605997753003197649,1,1,1001,1,1001,0,231.42,0
121063891,USA / Woodb (US) 4th Oct,TO BE PLACED,04-10-2015 18:27,9993048,Finns Jewel,1,,1.24952681208816178141331515564644399,1,1.25,1.25,1,1001,0,704.16,0
121063891,USA / Woodb (US) 4th Oct,TO BE PLACED,04-10-2015 18:27,10087929,Cool Faith,0,,1.96726034004582177740262872301941396358,1,1,1001,1,1001,0,165.86,0
121063899,USA / Woodb (US) 4th Oct,TO BE PLACED,04-10-2015 20:25,10066904,Conquest Soprano,0,,3.30713118692936088419029312830370014416,1,1,1001,1,1001,0,83.24,0
121063899,USA / Woodb (US) 4th Oct,TO BE PLACED,04-10-2015 20:25,10276012,Garavogue Colleen,0,,3.5970802919708029197080291970802919708,1,1,1001,1,1001,0,30.14,0
121063895,USA / Woodb (US) 4th Oct,TO BE PLACED,04-10-2015 19:24,10066877,Guest Starring,1,,2.38375042852245457661981487829962290024,1,1,1001,1,1001,0,233.36,0
121063895,USA / Woodb (US) 4th Oct,TO BE PLACED,04-10-2015 19:24,10146779,Ethical Funds,0,,3.01191375291375291375291375291375291375,1,1,1001,1,1001,0,171.6,0
121063897,USA / Woodb (US) 4th Oct,TO BE PLACED,04-10-2015 19:56,10382266,Sky Wonder,1,,2.54981171548117154811715481171548117155,1,1,1001,1,1001,0,76.48,0
121063909,USA / MountP (US) 4th Oct,TO BE PLACED,05-10-2015 00:00,10028671,Mountain Wildcat,0,,2.3533289430358906815936779716825814949,1,2.12,2.12,1,1001,0,425.18,0
121063913,USA / MountP (US) 4th Oct,TO BE PLACED,05-10-2015 00:44,9556527,Fighting Xena,0,,1.41364225690276110444177671068427370948,1,1,1001,1,1001,0,166.6,0
121063956,USA / ZiaP (US) 4th Oct,TO BE PLACED,04-10-2015 20:11,10103428,Onesexychick,0,,2.59381924198250728862973760932944606414,1,1,1001,1,1001,0,13.72,0
121063964,USA / ZiaP (US) 4th Oct,TO BE PLACED,04-10-2015 22:03,10096853,Grand Sudeten,0,,6.37687861271676300578034682080924855491,1,1,1001,1,1001,0,38.06,0
121063966,USA / ZiaP (US) 4th Oct,TO BE PLACED,04-10-2015 22:31,10007473,Mega Source,0,,3.3,1,1,1001,1,1001,0,4,0
121063970,USA / ZiaP (US) 4th Oct,TO BE PLACED,04-10-2015 23:27,10081058,Tyler Darling,0,,3.27915993537964458804523424878836833603,1,1,1001,1,1001,0,24.76,0
121063972,USA / ZiaP (US) 4th Oct,TO BE PLACED,04-10-2015 23:55,10138009,Executive Trust,1,,1.48880130151843817787418655097613882863,1,1,1001,1,1001,0,461,0
121063972,USA / ZiaP (US) 4th Oct,TO BE PLACED,04-10-2015 23:55,10078164,An Absolut Diamond,0,,1.38344583681425786688944583681425786689,1,1,1001,1,1001,0,359.1,0
121063974,USA / ZiaP (US) 4th Oct,TO BE PLACED,05-10-2015 00:23,10382335,Laila Is Jess Dancin,0,,2.10773892773892773892773892773892773893,1,1,1001,1,1001,0,60.06,0
121063958,USA / ZiaP (US) 4th Oct,TO BE PLACED,04-10-2015 20:39,10074219,Tylers Dixie Chick,0,,3.29292857142857142857142857142857142857,1,1,1001,1,1001,0,28,0
121063958,USA / ZiaP (US) 4th Oct,TO BE PLACED,04-10-2015 20:39,10103749,Ice N Sweet,1,,1.93935135135135135135135135135135135135,1,1,1001,1,1001,0,77.7,0
121063960,USA / ZiaP (US) 4th Oct,TO BE PLACED,04-10-2015 21:07,10040357,Heavens Lane,1,,10.5,1,10.5,10.5,1,1001,0,24,0
121063980,USA / PrIsleD (US) 4th Oct,TO BE PLACED,04-10-2015 23:15,13240,Charlie Charlie,0,,3.03840876944837340876944837340876944837,1,1,1001,1,1001,0,84.84,0
121063980,USA / PrIsleD (US) 4th Oct,TO BE PLACED,04-10-2015 23:15,873598,Night Out,0,,4.77296037296037296037296037296037296037,1,1,1001,1,1001,0,17.16,0
121063980,USA / PrIsleD (US) 4th Oct,TO BE PLACED,04-10-2015 23:15,9556603,Coopers Crescent,0,,4.67397540983606557377049180327868852459,1,1,1001,1,1001,0,9.76,0
121063982,USA / PrIsleD (US) 4th Oct,TO BE PLACED,04-10-2015 23:40,9979574,Bossanova Lady,0,,1.86407351540171483010479517307081613211,1,1,1001,1,1001,0,251.92,0
121063982,USA / PrIsleD (US) 4th Oct,TO BE PLACED,04-10-2015 23:40,10080941,Read It And Weep,0,,1.83446348733233979135618479880774962742,1,1,1001,1,1001,0,80.52,0
121063982,USA / PrIsleD (US) 4th Oct,TO BE PLACED,04-10-2015 23:40,10108457,Talented Twist,0,,6,1,1,1001,1,1001,0,4,0
121063986,USA / PrIsleD (US) 4th Oct,TO BE PLACED,05-10-2015 00:30,10065817,Bullheaded Lady,0,,1.86448114235884020056681927185524307826,1,1,1001,1,1001,0,550.44,0
121063984,USA / PrIsleD (US) 4th Oct,TO BE PLACED,05-10-2015 00:05,10221426,Island Blossom,1,,1.86627301285797779076563413208649912332,1,1.96,1.96,1,1001,0,547.52,0
121063988,USA / PrIsleD (US) 4th Oct,TO BE PLACED,05-10-2015 00:55,172819,Gung Ho,0,,3.84420206659012629161882893226176808266,1,1,1001,1,1001,0,17.42,0
121063988,USA / PrIsleD (US) 4th Oct,TO BE PLACED,05-10-2015 00:55,10040226,Rumble,0,,7.61,1,1,1001,1,1001,0,16,0
121063988,USA / PrIsleD (US) 4th Oct,TO BE PLACED,05-10-2015 00:55,10108460,Tonys Award,1,,3.03004912280701754385964912280701754386,1,1,1001,1,1001,0,57,0
121063988,USA / PrIsleD (US) 4th Oct,TO BE PLACED,05-10-2015 00:55,10171936,Bold Red,0,,6.08619246861924686192468619246861924686,1,1,1001,1,1001,0,9.56,0
121063756,USA / FortE (US) 4th Oct,TO BE PLACED,04-10-2015 20:20,10039971,Wildcat Prince,0,,1.84449232566440600966998734464743485738,1,1,1001,1,1001,0,616.34,0
121063756,USA / FortE (US) 4th Oct,TO BE PLACED,04-10-2015 20:20,10077532,La Nena Del Valle,0,,8.35957854406130268199233716475095785441,1,1,1001,1,1001,0,20.88,0
121063758,USA / FortE (US) 4th Oct,TO BE PLACED,04-10-2015 20:50,10111699,Mail Order Groom,1,,5.26712643678160919540229885057471264368,1,1,1001,1,1001,0,34.8,0
121063762,USA / FortE (US) 4th Oct,TO BE PLACED,04-10-2015 21:47,10039960,Desert Summer,1,,4.09574552683896620278330019880715705765,1,1,1001,1,1001,0,10.06,0
121063762,USA / FortE (US) 4th Oct,TO BE PLACED,04-10-2015 21:47,10108672,Adreamandaprayer,0,,8.40845070422535211267605633802816901408,1,1,1001,1,1001,0,2.84,0
121063752,USA / FortE (US) 4th Oct,TO BE PLACED,04-10-2015 19:19,10039943,Wilda,0,,3.05710995542347696879643387815750371471,1,1,1001,1,1001,0,134.6,0
121063754,USA / FortE (US) 4th Oct,TO BE PLACED,04-10-2015 19:50,10077548,Johnny Whitebird,0,,1.83167937832781695207943589005612318319,1,1.78,1.78,1,1001,0,972.86,0
121063764,USA / FortE (US) 4th Oct,TO BE PLACED,04-10-2015 22:15,10039967,Camp Murphey,0,,3.71089532587228439763001974983541803818,1,1,1001,1,1001,0,91.14,0
121063764,USA / FortE (US) 4th Oct,TO BE PLACED,04-10-2015 22:15,10077529,Tapdanceallday,0,,10.1485433604336043360433604336043360434,1,11.5,11.5,1,1001,0,59.04,0
121063764,USA / FortE (US) 4th Oct,TO BE PLACED,04-10-2015 22:15,10077550,Jobber Bill,1,,3.03778888400702987697715289982425307557,1,1,1001,1,1001,0,182.08,0
121063798,USA / Belmont (US) 4th Oct,TO BE PLACED,04-10-2015 17:55,10220241,Star Of The Nile,0,,2.30712018140589569160997732426303854875,1,1,1001,1,1001,0,17.64,0
121063800,USA / Belmont (US) 4th Oct,TO BE PLACED,04-10-2015 18:28,9968809,Grandpas Princess,0,,1.47614765043769473706521969520337438267,1,1.5,1.5,1,1001,0,943.58,0
121063812,USA / Belmont (US) 4th Oct,TO BE PLACED,04-10-2015 21:46,9552148,Clothes Fall Off,1,,1.50911211169058339541964950924816170516,1,1.49,1.46,1,1001,0,1234.84,0
121063814,USA / Belmont (US) 4th Oct,TO BE PLACED,04-10-2015 22:19,25517,Nile Princess,0,,2.93634951456310679611650485436893203883,1,1,1001,1,1001,0,10.3,0
121063814,USA / Belmont (US) 4th Oct,TO BE PLACED,04-10-2015 22:19,10107024,Midnight Bounty,1,,1.7304504664593513993780541981341625944,1,1,1001,1,1001,0,225.1,0
121063808,USA / Belmont (US) 4th Oct,TO BE PLACED,04-10-2015 20:40,7904836,Inheritance,1,,1.27511582653817642698295033358042994811,1,1,1001,1,1001,0,863.36,0
121063825,USA / Parx (US) 4th Oct,TO BE PLACED,04-10-2015 17:55,9552172,Rontos New York,0,,1.22860886319845857418111753371868978805,1,1,1001,1,1001,0,103.8,0
121063833,USA / Parx (US) 4th Oct,TO BE PLACED,04-10-2015 19:43,10103267,Smokin Pulpit,0,,2.44,1,1,1001,1,1001,0,7.7,0
121063837,USA / Parx (US) 4th Oct,TO BE PLACED,04-10-2015 20:37,10216372,Harbor Kid,1,,1.41114401858304297328687572590011614402,1,1,1001,1,1001,0,482.16,0
121063827,USA / Parx (US) 4th Oct,TO BE PLACED,04-10-2015 18:22,10073655,Perry M,0,,3.47052011776251226692836113837095191364,1,1,1001,1,1001,0,20.38,0
121063827,USA / Parx (US) 4th Oct,TO BE PLACED,04-10-2015 18:22,10084468,Prince Curlin,0,,6.8,1,1,1001,1,1001,0,1.92,0
121063827,USA / Parx (US) 4th Oct,TO BE PLACED,04-10-2015 18:22,10103258,Kodiak Kody,1,,1.90630981242822508612989664412402705117,1,1,1001,1,1001,0,156.74,0
121063835,USA / Parx (US) 4th Oct,TO BE PLACED,04-10-2015 20:10,10078316,Scattered Dreams,1,,1.28409532980259990370727010110736639384,1,1,1001,1,1001,0,207.7,0
121063835,USA / Parx (US) 4th Oct,TO BE PLACED,04-10-2015 20:10,10097594,Knight Smoke,0,,6.8,1,1,1001,1,1001,0,10,0
121063841,USA / Parx (US) 4th Oct,TO BE PLACED,04-10-2015 21:31,10134876,Silver Uno,0,,1.33,1,1,1001,1,1001,0,2.64,0
121063869,USA / Keenl (US) 4th Oct,TO BE PLACED,04-10-2015 23:18,10284448,Hey Lets Salsa,0,,5.75665796344647519582245430809399477807,1,1,1001,1,1001,0,7.66,0
121063867,USA / Keenl (US) 4th Oct,TO BE PLACED,04-10-2015 22:45,10268175,Divas Diamond,0,,13,1,1,1001,1,1001,0,12,0
121063857,USA / Keenl (US) 4th Oct,TO BE PLACED,04-10-2015 19:50,10107140,Pennmarydel,0,,4.01,1,1,1001,1,1001,0,10,0
121063857,USA / Keenl (US) 4th Oct,TO BE PLACED,04-10-2015 19:50,10154406,Nileator,0,,3.25578034682080924855491329479768786127,1,1,1001,1,1001,0,69.2,0
121063865,USA / Keenl (US) 4th Oct,TO BE PLACED,04-10-2015 22:10,10243798,Hot Ore,0,,2.70290960945230196146906466445492113381,1,2.5,2.5,1,1001,0,343.62,0
121063865,USA / Keenl (US) 4th Oct,TO BE PLACED,04-10-2015 22:10,7767235,Argot,0,,15.5,1,1,1001,1,1001,0,4,0
121063889,USA / Woodb (US) 4th Oct,TO BE PLACED,04-10-2015 18:00,10382257,Valid N Gold,0,,17.5,1,1,1001,1,1001,0,4,0
121063891,USA / Woodb (US) 4th Oct,TO BE PLACED,04-10-2015 18:27,10103664,Bears Pride,1,,1.13093331381304443305760925261693873069,1,1,1001,1,1001,0,1366.1,0
121063893,USA / Woodb (US) 4th Oct,TO BE PLACED,04-10-2015 18:55,9969607,Not Asteroid,0,,13,1,1,1001,1,1001,0,8,0
121063897,USA / Woodb (US) 4th Oct,TO BE PLACED,04-10-2015 19:56,10378807,Niigons Angel,0,,7.32727272727272727272727272727272727273,1,1,1001,1,1001,0,17.6,0
121063909,USA / MountP (US) 4th Oct,TO BE PLACED,05-10-2015 00:00,10244090,Naughty Humor,1,,1.47052393245588048584366668077362562952,1,1.45,1.45,1,1001,0,945.16,0
121063911,USA / MountP (US) 4th Oct,TO BE PLACED,05-10-2015 00:22,10073533,Caesar Sunday,0,,4.16999598876855194544725230645808263137,1,1,1001,1,1001,0,49.86,0
121063954,USA / ZiaP (US) 4th Oct,TO BE PLACED,04-10-2015 19:43,10382325,Ima Betta Bet,0,,3.16345928529584065612185120093731693029,1,1,1001,1,1001,0,68.28,0
121063962,USA / ZiaP (US) 4th Oct,TO BE PLACED,04-10-2015 21:35,6245379,Chocolatier,1,,3.17751387347391786903440621531631520533,1,1,1001,1,1001,0,18.02,0
121063964,USA / ZiaP (US) 4th Oct,TO BE PLACED,04-10-2015 22:03,10159933,Sweet Bea,1,,1.63833597078514911746804625684723067559,1,1,1001,1,1001,0,164.3,0
121063968,USA / ZiaP (US) 4th Oct,TO BE PLACED,04-10-2015 22:59,5908513,Hard Road,0,,9.4,1,1,1001,1,1001,0,10,0
121063968,USA / ZiaP (US) 4th Oct,TO BE PLACED,04-10-2015 22:59,10007509,Gilded Pride,0,,2.80436974789915966386554621848739495798,1,1,1001,1,1001,0,11.9,0
121063968,USA / ZiaP (US) 4th Oct,TO BE PLACED,04-10-2015 22:59,10077201,Grand And Great,1,,1.75895301159909662990330431731970969369,1,1.74,1.69,1,1001,0,912.14,0
121063970,USA / ZiaP (US) 4th Oct,TO BE PLACED,04-10-2015 23:27,10143877,Laycock Bay,1,,1.924235927054076506190909450532062186,1,2.06,1.73,1,1001,0,1011.16,0
121063958,USA / ZiaP (US) 4th Oct,TO BE PLACED,04-10-2015 20:39,10059603,Rosewhitenblue,1,,2.60050079072219293621507643647865050079,1,1,1001,1,1001,0,75.88,0
121063958,USA / ZiaP (US) 4th Oct,TO BE PLACED,04-10-2015 20:39,10087989,Yes Yes Baroness,0,,2.18246873300706905927134312126155519304,1,1,1001,1,1001,0,36.78,0
121063960,USA / ZiaP (US) 4th Oct,TO BE PLACED,04-10-2015 21:07,10143871,Ima Knockout,1,,3.27914948453608247422680412371134020619,1,1,1001,1,1001,0,77.6,0
121063978,USA / PrIsleD (US) 4th Oct,TO BE PLACED,04-10-2015 22:50,10150193,Sail Cat,0,,4.16054545454545454545454545454545454545,1,1,1001,1,1001,0,22,0
121063980,USA / PrIsleD (US) 4th Oct,TO BE PLACED,04-10-2015 23:15,10066113,Old Fashioned King,0,,3.52446684195150452819164475606193397604,1,1,1001,1,1001,0,136.92,0
121063984,USA / PrIsleD (US) 4th Oct,TO BE PLACED,05-10-2015 00:05,7061769,Hot Gold,0,,11.5,1,1,1001,1,1001,0,4.64,0
121063984,USA / PrIsleD (US) 4th Oct,TO BE PLACED,05-10-2015 00:05,10116320,Tricolette,0,,4.01598046057222609909281228192602930914,1,1,1001,1,1001,0,85.98,0
121063988,USA / PrIsleD (US) 4th Oct,TO BE PLACED,05-10-2015 00:55,10005810,S S Skittles,1,,1.64878382179220340889913933734600888789,1,1,1001,1,1001,0,355.54,0
