EVENT_ID,MENU_HINT,EVENT_NAME,EVENT_DT,SELECTION_ID,SELECTION_NAME,WIN_LOSE,BSP,PPWAP,MORNINGWAP,PPMAX,PPMIN,IPMAX,IPMIN,MORNINGTRADEDVOL,PPTRADEDVOL,IPTRADEDVOL
184848866,GB / Stratford 29th Jun,TO BE PLACED,29-06-2021 18:00,4954627,Isolate,1,1.78426076170792,1.71373942496299637133799010618848656901,2.09224122281656708040619661766030084477,1.75,1.62,1,1001,74.1,9472.16,1307.36
184848861,GB / Stratford 29th Jun,TO BE PLACED,29-06-2021 17:30,15214442,Ballymoy,0,1.46,1.4240238969656117630259564251506208008,1.48421511936599020654314881907478538503,1.44,1.37,1.25,1.25,71.92,9264.68,1754.34
184848871,GB / Stratford 29th Jun,TO BE PLACED,29-06-2021 18:30,14090126,Christopher Robin,0,3.3,3.22703191244201184986634741643781776594,2.59998885341098790345093929178960053245,3.45,3.45,1,1001,6,1872.26,170.92
184848871,GB / Stratford 29th Jun,TO BE PLACED,29-06-2021 18:30,10257402,Calvinist,1,2.322128751299752,2.43791009350655617643635415970388080204,2.81947443317777887139217677864432238687,2.5,2.22,1,1001,15.5,4585.06,43.8
184848876,GB / Stratford 29th Jun,TO BE PLACED,29-06-2021 19:00,16977118,Authorizo,1,1.9321149606904515,1.9174366305272128667122990628171116833,1,1.92,1.89,1,1001,0,4821.44,389.82
184849354,GB / Chepstow 29th Jun,TO BE PLACED,29-06-2021 17:50,24842733,Diseys Edge,0,10,8.93536397648943794412118891947150087164,1,10,8,1,1001,0,733.32,60.26
184849354,GB / Chepstow 29th Jun,TO BE PLACED,29-06-2021 17:50,2392468,Musaytir,0,25,13.4729101407372677301336793185326604948,11.499959575155635650802744409434023679,26,26,1,1001,8,423.46,6
184849374,GB / Chepstow 29th Jun,TO BE PLACED,29-06-2021 19:50,20772411,Dynali,0,3.1799458487877565,2.69096829930030165685016349747255367735,2.4999754754009771940228777259491807309,4.2,3.8,1,1001,4,3679.14,294
184849374,GB / Chepstow 29th Jun,TO BE PLACED,29-06-2021 19:50,26757124,Stormy Night,0,4.3,3.20791099186085070872278960419254458611,4.8440180491208470909997277414352544281,4.5,3.39,1,1001,57.46,4774.64,53.16
184849374,GB / Chepstow 29th Jun,TO BE PLACED,29-06-2021 19:50,11461779,Gravity Wave,0,4.766076640560059,4.31011038292395787677594737375039600608,1,6.8,5.1,930,910,0,3063.16,20.36
184849359,GB / Chepstow 29th Jun,TO BE PLACED,29-06-2021 18:20,16140011,Limited,0,120,68.1865396167239714555097535709755902423,1,120,65,1,1001,0,60.22,0
184849359,GB / Chepstow 29th Jun,TO BE PLACED,29-06-2021 18:20,16157252,Doves Cry,0,1.8368386004757489,1.86325872328228132226723938085705109846,1.46999572303892034582485299383775607642,1.95,1.75,1,1001,10,5930.5,380.46
184849364,GB / Chepstow 29th Jun,TO BE PLACED,29-06-2021 18:50,23760355,Twice As Likely,0,3.45,2.09531965478271829140571351109603866722,2.82676893601846505216818126053915839148,1,1001,1,1001,54,2729.16,83.2
184849364,GB / Chepstow 29th Jun,TO BE PLACED,29-06-2021 18:50,13161326,Wiff Waff,0,3.529302901,2.67289297719714437753268580144179445516,3.35223833147802399921655273926290837408,3.95,3.3,1,1001,38.28,3778.7,212.5
184850048,GB / Brighton 29th Jun,TO BE PLACED,29-06-2021 14:30,7908193,Beau Geste,0,1.952412391,1.88622371860601779869793458377774601822,1.8586528467061291665250366458405060518,1.94,1.82,1.55,1.55,378.08,11671.28,813.86
184850048,GB / Brighton 29th Jun,TO BE PLACED,29-06-2021 14:30,19793088,Sonnetina,1,1.686186459,1.76003323798919989152961939455245109471,1.93063569722016975139119757110766099936,1.85,1.61,1,1001,113.72,7497.7,1349.74
184850038,GB / Brighton 29th Jun,TO BE PLACED,29-06-2021 13:30,39352330,Sky Dweller,0,2.3917880432848415,2.23062304658951561116443949324225031096,2.29129669044767642819230628412006962794,2.54,1.97,1,1001,329.78,13089.54,52.26
184850038,GB / Brighton 29th Jun,TO BE PLACED,29-06-2021 13:30,35537124,Hazmat,0,143.01101136143,137.179767757492739344519675295937698133,18.6502641797949654680626100698332750611,300,100,1,1001,18.04,91.4,12.02
184850053,GB / Brighton 29th Jun,TO BE PLACED,29-06-2021 15:05,36204537,Bookmark,0,2.70689449,2.59671768791578826981565134720048315535,2.46793568109601982126625997103079034807,2.5,2.44,910,2.1,47.26,4861.8,164.84
184850058,GB / Brighton 29th Jun,TO BE PLACED,29-06-2021 15:35,12461153,Run Forrest Run,1,1.57,1.63835176068906472953282706460269971415,1.80806011472544599620598616483948276578,1.71,1.64,1,1001,62,5089.68,1109.84
184850033,GB / Brighton 29th Jun,TO BE PLACED,29-06-2021 13:00,6432501,Pour La Victoire,0,4.2,4.80603385415761732813123109360294375914,4.7172578179776121050468039678591623193,5.1,4.4,1,1001,290.52,2528.96,210.58
184850033,GB / Brighton 29th Jun,TO BE PLACED,29-06-2021 13:00,20969537,Lady Monica,0,2.06,2.02843310316923705779161829514159729982,1.89653856847102179228520665523091749411,2.04,1.97,1,1001,237.44,5113.02,368.68
184850033,GB / Brighton 29th Jun,TO BE PLACED,29-06-2021 13:00,21433711,Purbeck Hills,0,9.8,9.69473156288427206979161677073657927384,9.93575091383644293361191004690646138641,10.5,9,260,260,111.34,1543.88,5.94
184850033,GB / Brighton 29th Jun,TO BE PLACED,29-06-2021 13:00,26426210,Dramatica,0,4.1,3.98499724152957241054774881383614843567,4.47957338562411453908205406860078625997,4,3.95,1,1001,131.7,2077.18,110.48
184848866,GB / Stratford 29th Jun,TO BE PLACED,29-06-2021 18:00,9358635,Atlantic Storm,0,1.932105866403144,2.12788546515676963827669351516803810738,2.62777294427017970628084577076232324314,2.44,1.96,1,1001,194.86,6424.12,362.96
184848861,GB / Stratford 29th Jun,TO BE PLACED,29-06-2021 17:30,12819646,Babytaggle,0,180,200.00525092689503468095297227297724007,239.999239547874165854926825232828804636,300,180,1,1001,9.24,223.68,5.34
184848876,GB / Stratford 29th Jun,TO BE PLACED,29-06-2021 19:00,24518902,Saintbury Lady,0,4.9,4.53335022826132832365281717877287936321,1,1,1001,1,1001,0,1162.4,97.4
184848886,GB / Stratford 29th Jun,TO BE PLACED,29-06-2021 20:00,40017210,Dorunron,0,10,7.43435782112823996701469960763949608428,16.0797066997046907437650337700931716878,10.5,10.5,1,1001,4,3186.52,18.9
184849354,GB / Chepstow 29th Jun,TO BE PLACED,29-06-2021 17:50,10051108,Grandstand,0,8.2,8.68179493351116820084240052777987583344,8.05757674669706117369695212915793809874,10,8,1,1001,13.82,1017.9,104.36
184849354,GB / Chepstow 29th Jun,TO BE PLACED,29-06-2021 17:50,10218964,Rock Warbler,0,10,9.57015652322053914354052950639593444445,6.39076045425198991871971788607973361619,12,6.4,1,1001,79.68,957.96,78.64
184849379,GB / Chepstow 29th Jun,TO BE PLACED,29-06-2021 20:20,31596928,Where You At,0,3.6842697226153076,3.82515472636450169013803745852577347717,1,3.65,3.65,1,1001,0,1407.04,35.38
184849379,GB / Chepstow 29th Jun,TO BE PLACED,29-06-2021 20:20,39330085,Sisterandbrother,1,6,5.35952713463113644723968799477896765105,3.74996920034495613649127129776146507159,6.2,6.2,1,1001,4,967.98,768.88
184849359,GB / Chepstow 29th Jun,TO BE PLACED,29-06-2021 18:20,39481504,Strozzi,1,2.6703031463679983,2.70914578896644287967472219055488792965,2.10682434068835809456835737345552934922,2.6,2.6,1,1001,12.88,3182.88,730.72
184849359,GB / Chepstow 29th Jun,TO BE PLACED,29-06-2021 18:20,39431784,Fallen Hearts,0,21.861088915471914,24.5918561971821109549260182359414938265,1,28,24,1,1001,0,211.06,7.28
184849364,GB / Chepstow 29th Jun,TO BE PLACED,29-06-2021 18:50,25769039,Some Nightmare,1,2.38,1.96220397518832120565411300816596272915,2.80408793963960581816638062018245879292,2.44,2.24,1,1001,124.24,6477.16,398.08
184849369,GB / Chepstow 29th Jun,TO BE PLACED,29-06-2021 19:20,40017204,Deacs Delight,1,3.405619921433367,2.42639215226648772383382506711254114221,2.83995775456995507383150482864913421588,3.4,3.05,1,1001,2.5,2817.74,403.76
184849369,GB / Chepstow 29th Jun,TO BE PLACED,29-06-2021 19:20,39050480,Whispering Winds,1,2.72,2.25702543645110370791238002486795173104,3.57191633058870207117379792103776097018,2.78,2.78,1,1001,26,4023.54,273.1
184850048,GB / Brighton 29th Jun,TO BE PLACED,29-06-2021 14:30,8619561,Weardiditallgorong,0,5.8,6.18279005687221231617366107999146659588,5.89993801578410033113081119523838023449,6.6,6.6,50,50,4,1494.4,21.64
184850053,GB / Brighton 29th Jun,TO BE PLACED,29-06-2021 15:05,35972674,Arenas Del Tiempo,1,3.3342668391905326,3.43011922699147752655765559305517205278,3.36676748490992003248382838035392583405,3.4,3.4,3.55,1.11,10.84,3327.92,928.8
184850058,GB / Brighton 29th Jun,TO BE PLACED,29-06-2021 15:35,35610989,Emjaytwentythree,0,2.452152563319032,2.47586876600547304178216613665438937945,2.57820272582791217459396710497133357269,2.7,2.46,1,1001,87.76,4100.22,57.8
184850058,GB / Brighton 29th Jun,TO BE PLACED,29-06-2021 15:35,39154492,Lunar Gold,0,6,5.95736704045929243309690134825840556475,6.4454922850145538127218377985843797141,5.8,5.2,1,1001,909.16,2173.26,4.02
184850063,GB / Brighton 29th Jun,TO BE PLACED,29-06-2021 16:10,28562932,Aish,1,4.1928236766307965,3.69923251260721935718530642194322992619,3.01974677967235563342905914429154791771,3.85,3.45,1,1001,4,3145.7,690.46
184850043,GB / Brighton 29th Jun,TO BE PLACED,29-06-2021 14:00,6301629,Dr Jekyll,0,3.6,2.5680490542856118980424295037612187859,2.81121119305337366571751890923565243447,3.65,3.55,1,1001,97.36,2968.94,44.44
184850043,GB / Brighton 29th Jun,TO BE PLACED,29-06-2021 14:00,19641179,Fume,0,8.930994027100532,4.65417520777393602331091415205647336299,3.83911814016666258262638132227914352162,9,9,1,1001,11.5,1854.98,35.64
184848861,GB / Stratford 29th Jun,TO BE PLACED,29-06-2021 17:30,20021456,Premier Dtroice,0,3.4,3.27019265900883035198754885607756007294,2.46918742707184076349256076022356311663,3.25,3.15,1,1001,17.62,3780.68,129.9
184848871,GB / Stratford 29th Jun,TO BE PLACED,29-06-2021 18:30,21942469,One Handsome Dude,0,7.4,6.99464269527683222614283571790710788198,1,6.4,6.4,1,1001,0,828.86,17.24
184848881,GB / Stratford 29th Jun,TO BE PLACED,29-06-2021 19:30,36492076,Duke Of Chalfont,0,55,41.6947870759540945733487619947178843786,16.9999360002559989760040959836160655357,60,40,1,1001,4,156.36,.06
184849354,GB / Chepstow 29th Jun,TO BE PLACED,29-06-2021 17:50,25062857,Wilfy,0,2.06,2.01217459164695939945106546298205936307,2.10287613573311102760482177574768920408,2.1,1.9,1,1001,144.12,5338.78,98.31
184849374,GB / Chepstow 29th Jun,TO BE PLACED,29-06-2021 19:50,26340379,Grain Of Sense,1,2.32,1.80611285139531498414998271331554611077,2.2783549037956761103101024325646985373,2.04,1.94,1,1001,32.88,5364.36,287.3
184849374,GB / Chepstow 29th Jun,TO BE PLACED,29-06-2021 19:50,882169,Warranty,1,5.557321452688169,4.12062001333562882635230442360856919775,4.39995988047341041375711766601154106382,6,5.3,1,1001,4,1962.64,214.98
184849359,GB / Chepstow 29th Jun,TO BE PLACED,29-06-2021 18:20,26884332,Forever Bright,1,34,24.5476813216271386883683341888068042172,1,38,25,1,1001,0,88.82,513.14
184849359,GB / Chepstow 29th Jun,TO BE PLACED,29-06-2021 18:20,39673131,Quickdrawmcgraw,0,20,17.5284818502872252470702616010009875657,1,20,19.5,1,1001,0,234.84,0
184849359,GB / Chepstow 29th Jun,TO BE PLACED,29-06-2021 18:20,39835430,True Company,0,27,19.883846171531581563673060040361580115,1,21,21,1,1001,0,143.36,0
184849364,GB / Chepstow 29th Jun,TO BE PLACED,29-06-2021 18:50,12844804,Our Man In Havana,0,2.66,2.19392587401468622964634628585167924597,3.19706512305195787724010626568308247109,2.92,2.66,1,1001,206.18,4834.48,133.66
184849369,GB / Chepstow 29th Jun,TO BE PLACED,29-06-2021 19:20,39631640,Astaroth,0,4.6,3.55383652709986653044505193508279284493,7.79990344137113252991807516333268067593,5.4,4.2,1,1001,4,3118.44,4.84
184850048,GB / Brighton 29th Jun,TO BE PLACED,29-06-2021 14:30,24872,The Warrior,0,6.242656360543331,5.78857754181501868234838894781894134699,4.69996733622585988108073733411572225964,6.2,5.9,7.2,5.6,5.12,1163.2,147.38
184850038,GB / Brighton 29th Jun,TO BE PLACED,29-06-2021 13:30,36544989,Swift Pusey,0,85.70941694658251,50.5176670651275480707657564048890830694,12.0585869508673979764703877649424373679,80,44,60,60,20,337.45,3.8
184850058,GB / Brighton 29th Jun,TO BE PLACED,29-06-2021 15:35,28743660,Starry Bee,0,38.04475342178427,18.1767673888252429209937678970557575388,8.82599186096846459279682349130356904429,38,14.5,1,1001,30,381.74,.92
184850063,GB / Brighton 29th Jun,TO BE PLACED,29-06-2021 16:10,7450480,It Must Be Faith,0,5.189133586748505,4.79108124949227410379348222106690865796,1,5.3,4.4,5.5,5.5,0,2058,89.12
184850033,GB / Brighton 29th Jun,TO BE PLACED,29-06-2021 13:00,26900499,Ethel Rose,0,21.251104325572427,15.1579003344189834579642284094410526141,10.7734563357947791863424891361958599797,22,15.5,910,20,145.36,570.98,110.06
184848866,GB / Stratford 29th Jun,TO BE PLACED,29-06-2021 18:00,13264023,El Borracho,1,1.8300133711008084,2.06668336394679699724739647991640234522,1.93057280566284574586304050714220605471,2.16,2,1,1001,229.96,5065.16,981.98
184848866,GB / Stratford 29th Jun,TO BE PLACED,29-06-2021 18:00,16800721,Coole Well,0,2.220589394767791,2.11476928199520464515500521247109858799,2.04671521101389129901553601654879620065,2.14,2.06,2.48,2.48,11.84,4382.38,771.6
184848886,GB / Stratford 29th Jun,TO BE PLACED,29-06-2021 20:00,38098465,Strensham Court,1,8.401688607,5.15254992024791174426548928759142985953,1,12.5,9.4,1,1001,0,2396.84,256.82
184848886,GB / Stratford 29th Jun,TO BE PLACED,29-06-2021 20:00,39459108,Ultimate Fame,1,1.48,1.30706614089182413421342342164813707222,1.13425196199500102904792027738818043353,1.52,1.43,1.17,1.17,220.46,11670.24,958.28
184848886,GB / Stratford 29th Jun,TO BE PLACED,29-06-2021 20:00,22139777,Ocean Heights,1,1.2626545968510254,1.19272668729311185630118458539604866157,1.30998865441524840190849014926053706434,1.31,1.27,1,1001,2,13635.22,1428.74
184848881,GB / Stratford 29th Jun,TO BE PLACED,29-06-2021 19:30,28396,Mordred,1,3.177754364,2.87135298907468185576817253819001341981,2.39511003310730662323176885080466689092,1,1001,2.18,2.18,16.38,1870.12,748.68
184848881,GB / Stratford 29th Jun,TO BE PLACED,29-06-2021 19:30,24989000,Cheat,0,26,22.0317652876367938479739721975746820467,1,28,19,1,1001,0,290.82,8.06
184849354,GB / Chepstow 29th Jun,TO BE PLACED,29-06-2021 17:50,28575495,Chica Bella,1,2.04,1.95744729610267168817279364356968015472,1.70071165757452858638374417278570451354,2.04,1.83,1,1001,37,5464.98,494.78
184849354,GB / Chepstow 29th Jun,TO BE PLACED,29-06-2021 17:50,19357722,Star Of Valour,1,1.9,1.98809951949288444943125565162368757737,2.07672969401603693531682989266743299356,2.16,1.94,2.12,2.12,6.88,4292.64,737.22
184849364,GB / Chepstow 29th Jun,TO BE PLACED,29-06-2021 18:50,13108904,Little Miss Lilly,0,41.219868753,19.1769597547823125390248055855139921667,1,42,27,1,1001,0,352.34,0
184849364,GB / Chepstow 29th Jun,TO BE PLACED,29-06-2021 18:50,11478377,Pastfact,1,3.95,2.67244785014886062643733675101258087859,3.44999562959856210120086879173457927725,4.2,3.85,3.85,3.85,19.06,1838.3,312.18
184850048,GB / Brighton 29th Jun,TO BE PLACED,29-06-2021 14:30,7302354,Toofi,1,4.452154174432216,3.85900227376669249353833580966061662487,3.51838883851035190996526350240916541011,4,3.6,1,1001,38,2497.84,634.44
184850048,GB / Brighton 29th Jun,TO BE PLACED,29-06-2021 14:30,26615566,Spanish Persuader,0,11,10.2189869653211555540098621823448991521,11.393677001007805573569530665178936859,11,9.6,1,1001,88.34,1543.96,8.1
184850048,GB / Brighton 29th Jun,TO BE PLACED,29-06-2021 14:30,22439069,Winter Snowdrop,0,7.2,7.38452654201401578506688217528362317111,7.75385518155503009750459390269539499087,7.4,6.8,1,1001,144.68,931.18,19.16
184850048,GB / Brighton 29th Jun,TO BE PLACED,29-06-2021 14:30,17801278,Meryems Way,0,68.155158027,43.0961268166867111993392549229855244664,14.4261788565911907953948561679410085812,65,40,910,910,42.46,531.4,.92
184850038,GB / Brighton 29th Jun,TO BE PLACED,29-06-2021 13:30,4443672,Chief Of Staff,1,1.2433308424893088,1.21690385255536859534849910363269367874,1.37154216413756877122297227688195437928,1.27,1.18,1,1001,126.16,18943.3,974.7
184850038,GB / Brighton 29th Jun,TO BE PLACED,29-06-2021 13:30,355898,Mikasa,0,7.6,7.79815853997707245521564954720131683858,5.54181615459565577567810992586692943267,9,6.8,1,1001,60,1513.8,13.58
184850053,GB / Brighton 29th Jun,TO BE PLACED,29-06-2021 15:05,28652803,Celestial Point,1,1.333833045,1.38767025809858229511207848660354772255,1.44153498630873936357184801451316565511,1.41,1.34,1,1001,144.72,11005.3,990.9
184850053,GB / Brighton 29th Jun,TO BE PLACED,29-06-2021 15:05,28732342,Smokey Malone,0,1.6743726174928089,1.65593546210337262012663260986572592212,1.52426131647505330763407403771758438906,1.65,1.61,1,1001,8.06,7648.86,279.86
184850063,GB / Brighton 29th Jun,TO BE PLACED,29-06-2021 16:10,7450487,Shamshon,0,1.8301746157232266,1.74299795716281430856623321888173019554,1.90221057392751761263181266944046567654,1.82,1.66,1,1001,103.72,9185,248.24
184850043,GB / Brighton 29th Jun,TO BE PLACED,29-06-2021 14:00,24989012,Elegant Erin,0,3.770133355854714,2.89274198309867415932647073516462221848,3.561191554400317287253900210362332383,3.8,3.7,1,1001,30.44,3134.36,36.2
184850043,GB / Brighton 29th Jun,TO BE PLACED,29-06-2021 14:00,26210173,Six Til Twelve,0,2.017201805,1.69215928155573944520801194850320071259,1.8945616505418777369429673309937210907,2.14,1.91,1.92,1.92,538.34,8124.8,592.68
184850043,GB / Brighton 29th Jun,TO BE PLACED,29-06-2021 14:00,9500664,Noble Peace,0,6.154686494549386,4.71496766389736163840773933364791155769,7.8577966703116061148083510149104575968,7,5.6,1,1001,60.76,2112.42,.02
184848866,GB / Stratford 29th Jun,TO BE PLACED,29-06-2021 18:00,9123954,Blazer,0,8.092771820391059,5.64666190356771130155875068941114665807,4.19994547292914128743246215084494960206,7.4,4.2,1,1001,5,3463.84,70.2
184848861,GB / Stratford 29th Jun,TO BE PLACED,29-06-2021 17:30,17012311,Rhythm Is A Dancer,1,1.97,2.12061537113771087492102483881448613916,1,2.34,2,3,1.56,0,5050.86,1349.62
184848876,GB / Stratford 29th Jun,TO BE PLACED,29-06-2021 19:00,17838211,Sparkleandshine,1,3.299461557873583,3.55447747199418303595154327117850796281,3.33316695939881478465185362423070348186,3.3,3.3,1,1001,182.22,1482.34,893.94
184848886,GB / Stratford 29th Jun,TO BE PLACED,29-06-2021 20:00,10108588,Out Of Nowhere,0,3.1959295632784057,2.54524456382137492555598531423591031441,2.98556240552234253341007290947711575665,3.85,3.85,1,1001,6.88,3985.72,50.02
184848886,GB / Stratford 29th Jun,TO BE PLACED,29-06-2021 20:00,40017209,Percy Pi,0,1.39,1.27630719472357778148865098949456888421,1,1,1001,1,1001,0,6726,342.52
184848886,GB / Stratford 29th Jun,TO BE PLACED,29-06-2021 20:00,39511319,San Roch,0,3.28049755,2.81012926437155997731115012908074794051,2.08229137372010545079147475808458391497,3.05,2.44,3.2,3.2,34,3464.26,448.7
184848881,GB / Stratford 29th Jun,TO BE PLACED,29-06-2021 19:30,13295788,Storm Girl,0,110.452585954,96.0661024512486665342124515089621311642,1,150,90,1,1001,0,36.42,10.94
184848881,GB / Stratford 29th Jun,TO BE PLACED,29-06-2021 19:30,25577487,Jalwan,0,2.668391056,2.57515100197906097586140004067486116998,1,2.78,2.34,1,1001,0,2735.96,214.2
184849354,GB / Chepstow 29th Jun,TO BE PLACED,29-06-2021 17:50,9395782,Handytalk,1,2.06,2.31824861342616419276850344781176226927,2.49999645641363195026061433805185603921,2.56,2.16,1,1001,41.06,4559.78,788.9
184849354,GB / Chepstow 29th Jun,TO BE PLACED,29-06-2021 17:50,19345490,Havana Sunset,0,6.283208593211603,6.05658000222641735322111308852959149522,6.37499472578642532207015271866264481228,6.4,5.8,1,1001,32,919.54,.01
184849354,GB / Chepstow 29th Jun,TO BE PLACED,29-06-2021 17:50,25134303,Zest Of Zambia,0,4.037903598851614,3.88954669629241642377606060170623397213,1,4,3.95,1,1001,0,3208.2,70.37
184849374,GB / Chepstow 29th Jun,TO BE PLACED,29-06-2021 19:50,25170325,Tigerten,1,1.3286727218233132,1.27301754198277760541721491170391322358,1.45993792662942597756808883766801121471,1.48,1.31,1.34,1.34,4,13387.04,1721.18
184849374,GB / Chepstow 29th Jun,TO BE PLACED,29-06-2021 19:50,25396989,Theocrat,0,3.7,3.10324878843463115414312835119382128723,3.38948633213818016960942983406134916908,3.85,3.85,930,910,10,2846.38,233.48
184849379,GB / Chepstow 29th Jun,TO BE PLACED,29-06-2021 20:20,10098102,Beat The Storm,0,3.1228723806281415,3.26985064345366911980168884944527277037,2.87996597261589565228869357464629890199,3.6,2.92,1,1001,4,4608.98,227.5
184849384,GB / Chepstow 29th Jun,TO BE PLACED,29-06-2021 20:50,14437782,Chiavari,1,1.6,1.66812909951655722073130417284349724204,1.53999616460489808328518502257322749987,1.79,1.57,1.26,1.06,22.02,13089.62,2116.88
184849359,GB / Chepstow 29th Jun,TO BE PLACED,29-06-2021 18:20,40017203,Mystical Music,0,1.71,1.79089934962765864092816497492374917241,1,1.73,1.73,1.79,1.79,0,4399.52,372.54
184849364,GB / Chepstow 29th Jun,TO BE PLACED,29-06-2021 18:50,22197104,Show Me The Bubbly,0,6,4.4243145372644364889118805878980958273,5.09998882585012626912307800472592974286,7.8,6.8,1,1001,9.76,1431.16,3.9
184849364,GB / Chepstow 29th Jun,TO BE PLACED,29-06-2021 18:50,28575501,The Chain,0,7.829210177750212,5.83165573626051660445897235968827878554,5.71299318186986356159738088912231373639,9.4,7.8,910,910,30,2221.08,32.18
184849364,GB / Chepstow 29th Jun,TO BE PLACED,29-06-2021 18:50,10227602,Moonshiner,0,2.3738315345629335,1.91698628225844149179841936238383316331,2.23044097374575176367963552842195162488,2.4,2.34,1,1001,124.58,4784,77.28
184849364,GB / Chepstow 29th Jun,TO BE PLACED,29-06-2021 18:50,77063,Diamond Cottage,0,2.348303917219309,1.75112168199407383962992945666456581181,2.31529236134490573356704988399809607313,2.42,2.26,1,1001,34,4537.08,350.02
184849369,GB / Chepstow 29th Jun,TO BE PLACED,29-06-2021 19:20,40017207,Apple Gin,0,6.6,4.4049442993526382796765834876170704437,2.65998168486874361486211602131989810379,8.8,4.2,1,1001,6,3075.04,53.26
184849369,GB / Chepstow 29th Jun,TO BE PLACED,29-06-2021 19:20,39162929,General Tom Thumb,0,1.82,1.56840418259148709419689189915983052686,1.58810800622676515937469232107099840769,2,1.56,1,1001,257.86,12602.22,213.64
184850048,GB / Brighton 29th Jun,TO BE PLACED,29-06-2021 14:30,18910478,Milldean Felix,0,5.852930780870956,5.37019384771488775125682516777189189448,6.48280077408818822936306415516552752685,5.8,4.9,1,1001,20.48,1722.14,17.24
184850048,GB / Brighton 29th Jun,TO BE PLACED,29-06-2021 14:30,27914031,Productive,1,5.4,4.43431605428367477058202451239690013688,6.00617119242608416905111560133855336585,4.6,3.8,1,1001,61.84,2642.74,222.02
184850038,GB / Brighton 29th Jun,TO BE PLACED,29-06-2021 13:30,26290435,Miquelon,0,3.25,3.21058465662673904846398917502429557383,2.99874231481438205126073421549357465381,3.4,3.2,1,1001,464.2,6507.36,782.6
184850058,GB / Brighton 29th Jun,TO BE PLACED,29-06-2021 15:35,28781677,Granary Queen,0,2.12,2.10874066249190349162203037885591210904,1.79822038748223557183542528227747912663,2.2,1.99,1,1001,284.38,6034.28,127.26
184850033,GB / Brighton 29th Jun,TO BE PLACED,29-06-2021 13:00,9222564,Inner Circle,1,3.1859684828278843,3.14484099488949638233453852194325115375,2.61481519700710678917383121437413299282,3.2,2.33,1,1001,353.64,3476.8,421.62
184850033,GB / Brighton 29th Jun,TO BE PLACED,29-06-2021 13:00,21741805,Fact Or Fable,0,3.2558545223893542,3.6598155375947627752818459248696455676,4.30440813750109918654448091522609024614,3.65,3.35,1,1001,608.6,3154.14,149.04
184850033,GB / Brighton 29th Jun,TO BE PLACED,29-06-2021 13:00,6650091,Soaring Spirits,0,13,14.8196323781708995537307306863284574649,9.56665243650511936094061710419714358363,18.5,11,1,1001,36,1232.16,.1
184850043,GB / Brighton 29th Jun,TO BE PLACED,29-06-2021 14:00,13478734,Hes Our Star,0,3.8,3.13429487523129449790864936787397461899,4.21614320060444808525538406091133844751,1,1001,1,1001,39.2,3137.58,78.08
184850043,GB / Brighton 29th Jun,TO BE PLACED,29-06-2021 14:00,35886757,Kartvelian,1,2.92,2.05921095194103853950218716486300051675,2.8840009060431647723175063480215050067,2.68,2.68,1,1001,163.48,3559.16,441.8
184850043,GB / Brighton 29th Jun,TO BE PLACED,29-06-2021 14:00,45466,Day Trader,1,29.24790584122763,10.6267060506621619621271350824837343908,7.8799681801471668193534604902452326158,34,22,1,1001,8,842.42,69.38
184850043,GB / Brighton 29th Jun,TO BE PLACED,29-06-2021 14:00,229747,Golden Age,0,4.2,3.49378412855529114633464575046610290107,1,7,4.3,1,1001,0,2972.88,34.46
184848876,GB / Stratford 29th Jun,TO BE PLACED,29-06-2021 19:00,11103395,My Boy James,0,5.9,7.21636311878164553209411567533254691912,7.83127659547243642436501049010908880299,7.2,5.9,55,55,1776.72,3005.5,34
184848876,GB / Stratford 29th Jun,TO BE PLACED,29-06-2021 19:00,24545075,Evas Diva,0,2.3906502826054927,2.48606578067747575841843243864796817128,1,2.42,2.42,3.15,3.15,0,2956.48,284.64
184848876,GB / Stratford 29th Jun,TO BE PLACED,29-06-2021 19:00,10257404,Admirals Sunset,1,2.2719473603618825,2.43608563191429269199510484276443874928,2.53646843504380745736212644350756798281,3.15,2.18,1,1001,38.88,4169.26,218.1
184848876,GB / Stratford 29th Jun,TO BE PLACED,29-06-2021 19:00,24648584,Shortcross Storm,0,1.546265727,1.53067922919379193986118382994625736998,1.36066785229139800067047874794623872317,1.55,1.42,1.22,1.22,26.6,7468.9,1360.6
184848881,GB / Stratford 29th Jun,TO BE PLACED,29-06-2021 19:30,4724702,San Fermin,1,1.6369361312016917,1.64846332083163591473910609344614808843,1.42887615281368767258337387855008238247,1.64,1.63,1.54,1.54,18,4379.66,1012.12
184848881,GB / Stratford 29th Jun,TO BE PLACED,29-06-2021 19:30,24420206,Decora,0,2.435165247279311,2.56778879707174381290254540574321433154,3.08247917520824791752082479175208247918,2.74,2.74,1,1001,6,2656.48,129.34
184848881,GB / Stratford 29th Jun,TO BE PLACED,29-06-2021 19:30,26450628,Butte Montana,1,1.2660806767431132,1.32123119135663085646307380449326834504,1.31968377133307236980152529513096517934,1.34,1.29,1.25,1.25,20.32,9989.28,1256.66
184848881,GB / Stratford 29th Jun,TO BE PLACED,29-06-2021 19:30,36468475,Battle March,0,5.442172751,5.1558531907096987780409344549623123742,1,1,1001,1,1001,0,853.26,126.78
184848881,GB / Stratford 29th Jun,TO BE PLACED,29-06-2021 19:30,24506608,Lambristo,0,100,128.097524204753297888704692690142161096,1,210,120,44,44,0,49.68,9.46
184849354,GB / Chepstow 29th Jun,TO BE PLACED,29-06-2021 17:50,8445640,Air Of York,0,5.3,5.15507622972687953213726841495423847373,5.02158150022750759659482183159606400421,5.8,5.2,1,1001,24.92,1835.7,12.19
184849354,GB / Chepstow 29th Jun,TO BE PLACED,29-06-2021 17:50,8574764,Jaganory,0,34,30.7373162165707676360123938303715012269,1,40,16,1,1001,0,390.52,0
184849369,GB / Chepstow 29th Jun,TO BE PLACED,29-06-2021 19:20,40017205,Hapenny,0,2.44,2.00565321078978871330592350184415096636,2.63123831525812381908949836528459286376,2.44,2.1,1,1001,3.94,5302.08,8.82
184849369,GB / Chepstow 29th Jun,TO BE PLACED,29-06-2021 19:20,39554796,Heers Harry,0,16.199105433439833,9.81470795943993556313783593676592798245,1,16.5,12.5,1,1001,0,702.46,8.36
184850048,GB / Brighton 29th Jun,TO BE PLACED,29-06-2021 14:30,26684174,Montys Inn,0,6,5.28932959286585330261234068439045742049,6.06327994903984836243291879450121040426,6,4.5,1,1001,91.4,1390.06,56.6
184850038,GB / Brighton 29th Jun,TO BE PLACED,29-06-2021 13:30,1251699,Cirrus,0,1.9,2.07774567407857777860529484854411274575,2.03258533154469385737909407162171722473,2.38,1.9,1.95,1.95,396.88,10456.34,353.34
184850038,GB / Brighton 29th Jun,TO BE PLACED,29-06-2021 13:30,39673180,Gokotta,0,87.083092547,93.146586614093795000645263545808177896,37.9998748533644665613631012718633451681,100,38,1,1001,5.44,302.14,0
184850058,GB / Brighton 29th Jun,TO BE PLACED,29-06-2021 15:35,35537128,Bannergirl,1,6.205921830674254,7.70324623284875465244861178587437376334,13.4998331272277515095173479434049555438,10,6.2,1,1001,4,1439.48,425.3
184850063,GB / Brighton 29th Jun,TO BE PLACED,29-06-2021 16:10,25842148,Minhaaj,1,2.0770927944073625,2.2571588128344591337392377883450051359,1,2.3,2.1,1,1001,0,3557.48,431.82
184850033,GB / Brighton 29th Jun,TO BE PLACED,29-06-2021 13:00,12960644,Transition,0,1.8229802085951814,1.90888402131401984262211733738002363791,2.01192507718199862799080547581789495036,2.08,1.75,5,5,425.06,8148.66,608.92
184850033,GB / Brighton 29th Jun,TO BE PLACED,29-06-2021 13:00,21344622,Incorrigible,0,8.4,6.58483736330512307935070416438056142281,4.85102435538614789030535136522686019254,8.4,6.4,1,1001,147.2,1525.44,124.4
184850033,GB / Brighton 29th Jun,TO BE PLACED,29-06-2021 13:00,23943027,Iva Reflection,1,3.9752266108829644,3.81580945356543099377256909287180373764,4.26491966143144009979293958860032026781,4.3,3.25,1,1001,323.88,1926.68,713.72
184850033,GB / Brighton 29th Jun,TO BE PLACED,29-06-2021 13:00,24623780,Winnetka,1,8.6,6.99645607938536204376618561976449128586,6.1065122428556652572369321446596978754,8.6,5.8,1,1001,145.22,1051.24,605.82
184850033,GB / Brighton 29th Jun,TO BE PLACED,29-06-2021 13:00,30152371,Whatitizz,0,6.444713181188856,8.21782802175890884447965961219729929911,8.77062498535093690844967783427275994881,9.6,6.6,1,1001,278.9,2800.48,23.02
184848866,GB / Stratford 29th Jun,TO BE PLACED,29-06-2021 18:00,11980160,Eskendash,0,3.196795078240685,3.28020091588273345213319178369476376522,2.29868639559607279332328963395141975177,3.6,3,1,1001,65.88,5699.46,51.88
184848866,GB / Stratford 29th Jun,TO BE PLACED,29-06-2021 18:00,18350244,Scardura,1,2.54,2.49357192163376322346040650822703720937,2.00524407102552256767028953409377507289,2.48,2.48,1,1001,374.08,4065.2,968.34
184848871,GB / Stratford 29th Jun,TO BE PLACED,29-06-2021 18:30,8566,Chives,1,1.6,1.51280573747376166875895141589796522009,1.4399980288088309364374047604266732885,1.54,1.45,1,1001,20,6500.78,412.4
184848871,GB / Stratford 29th Jun,TO BE PLACED,29-06-2021 18:30,8179320,Ever So Much,1,2.38,2.04224199613307965824130917030861499179,1.99964237750349250605407324986503894264,2.36,2.18,2.36,2,38.88,5159.08,1069.08
184848876,GB / Stratford 29th Jun,TO BE PLACED,29-06-2021 19:00,27227313,Full Spes,0,3.218970436387753,2.75365462226370779858538062261995886213,3.14996388060680580566246487059017408508,1,1001,1,1001,4,2523.4,34.78
184849374,GB / Chepstow 29th Jun,TO BE PLACED,29-06-2021 19:50,11892057,Teqany,0,2.3426322502742294,1.88241527453301624757031664427265834381,1.79804194722566559462099008801710884279,2.26,2.04,2.42,2.42,200.34,6629.62,310.66
184849379,GB / Chepstow 29th Jun,TO BE PLACED,29-06-2021 20:20,35526701,Sammy Sunshine,0,2.0790006488654766,2.4982036180863324344012171301478010915,2.60932823011550205081450832476233249518,2.68,2.36,1,1001,123.44,3901.32,266.86
184849384,GB / Chepstow 29th Jun,TO BE PLACED,29-06-2021 20:50,1509104,King Charles,0,3.1201753532592558,2.8494941297346129799541833032728631811,1.84999552335691032027231323248364225282,3,3,1,1001,18,3463.36,289.72
184849384,GB / Chepstow 29th Jun,TO BE PLACED,29-06-2021 20:50,21092025,Triple Nickle,1,1.28,1.28224063670917400087703506371923525719,1.28035550521838484610280831153158297331,1.32,1.24,1.04,1.04,60.12,13113.04,684.7
184849384,GB / Chepstow 29th Jun,TO BE PLACED,29-06-2021 20:50,24575812,Drew Breeze,0,2.294059460820062,2.14830213840689579450353504404979585807,2.69030037599599386458915432085313609088,2.16,1.95,1,1001,50,5369.2,70.28
184849359,GB / Chepstow 29th Jun,TO BE PLACED,29-06-2021 18:20,39835431,Alaskan Wind,1,6.568036413312201,7.21129726350158492306834602873526129248,1,1,1001,1,1001,0,604.26,787.66
184849359,GB / Chepstow 29th Jun,TO BE PLACED,29-06-2021 18:20,40017202,Bondi Man,0,4,3.59237975907424196762407140081982041642,3.45974439178278673524624363856450407293,1,1001,1,1001,20,1615.34,52
184849359,GB / Chepstow 29th Jun,TO BE PLACED,29-06-2021 18:20,39803395,Lark Lane,0,9,8.15014030448704178219615391713558936231,9.39988366161128668367943103988009766065,9.8,7.2,1,1001,4,1532.68,137.1
184849359,GB / Chepstow 29th Jun,TO BE PLACED,29-06-2021 18:20,40017201,Monkmoor,0,2.699287718,2.53201721950258723259207150403976796483,1,2.48,2.38,1,1001,0,2225.62,78.32
184849364,GB / Chepstow 29th Jun,TO BE PLACED,29-06-2021 18:50,18705425,Fard,1,3.65,2.62145288256273846426750344593738639605,1,3.65,3.35,1,1001,0,2552.42,377.32
184849364,GB / Chepstow 29th Jun,TO BE PLACED,29-06-2021 18:50,27596988,Blue Cable,0,11.888495493759494,7.77749223048399626442229433045404612365,1,12.5,9.6,910,910,0,842.38,5.98
184849364,GB / Chepstow 29th Jun,TO BE PLACED,29-06-2021 18:50,8683302,Misu Pete,0,16.1318281732488,9.93252713895077649716998278744001617972,1,19,16,50,50,0,819.06,66.26
184849369,GB / Chepstow 29th Jun,TO BE PLACED,29-06-2021 19:20,39835427,Meydan Rose,1,1.3052639361235858,1.24242605680006054971969882766083359472,1.40999795001024994875025624871875640622,1.38,1.33,1,1001,20,16987.56,420.4
184849369,GB / Chepstow 29th Jun,TO BE PLACED,29-06-2021 19:20,5003049,Run Rabbit Run,0,31.73688337871805,19.7799391413353094128109139406385962313,8.99490925777992419786035428497886548988,34,22,50,50,4,1168.32,18.46
184849369,GB / Chepstow 29th Jun,TO BE PLACED,29-06-2021 19:20,40017206,Ribble Bridge,0,8.4,6.35447063018484439131093161738735861185,1,8.4,6.6,1,1001,0,1586.32,12.38
184850048,GB / Brighton 29th Jun,TO BE PLACED,29-06-2021 14:30,271131,On The Nod,0,60,41.6606209806105442890018509734041385251,9.04998241388457274447185053841882376195,60,32,40,40,13,297.76,8.56
184850038,GB / Brighton 29th Jun,TO BE PLACED,29-06-2021 13:30,39502121,Trooper Cooper,0,65,44.7477292961589843622874352962758186779,12.0585912637129016668076832219302546751,70,44,1,1001,20,236.54,3.48
184850058,GB / Brighton 29th Jun,TO BE PLACED,29-06-2021 15:35,2269088,Covert Mission,1,1.42,1.42501543587441391411271508871341569829,1.4757597933381646735539152272867468468,1.44,1.38,1.47,1.47,27.04,9892.52,1296.04
184850058,GB / Brighton 29th Jun,TO BE PLACED,29-06-2021 15:35,28575487,Saunton,0,4.167029766,4.03890954403200354685942827405911050448,3.08198472677756889591774522373484662049,4.7,3.8,1,1001,23.92,2091.82,177.88
184850058,GB / Brighton 29th Jun,TO BE PLACED,29-06-2021 15:35,56459,Paymaster,0,6.8,5.83561242512717460459986165534573528314,4.99040392829185077132998399109092457889,5.9,5.9,1,1001,103.82,1870.56,104.84
184850058,GB / Brighton 29th Jun,TO BE PLACED,29-06-2021 15:35,39154493,Bay Beret,0,34,23.5397971205698531669225828028327614208,1,26,22,930,930,0,321.32,2.46
184850063,GB / Brighton 29th Jun,TO BE PLACED,29-06-2021 16:10,9749433,Wiley Post,0,1.9320645831576257,1.83653481866654332488433430582124092783,1.82593661764841574251961751213227048732,2,1.66,1,1001,45.8,9324.68,51.82
184850043,GB / Brighton 29th Jun,TO BE PLACED,29-06-2021 14:00,36078363,Almadrina,1,1.2,1.13447700126688859059552263845316355864,1.20606208529606445639683538143897797672,1.27,1.18,1.11,1.11,1005.92,36620.8,1134.56
184848866,GB / Stratford 29th Jun,TO BE PLACED,29-06-2021 18:00,11971837,Thecraicisninety,0,10.5,8.99131441971298768139942715501643109322,5.4999929500110449826961937759630843245,1,1001,50,50,30,793.86,83.86
184848861,GB / Stratford 29th Jun,TO BE PLACED,29-06-2021 17:30,26188056,The Bull Mccabe,1,2.060395654684835,2.03235474375059744309557268913885327546,1.88906776486143495754989391656924223919,1,1001,1,1001,14.88,3840.24,1043.68
184848871,GB / Stratford 29th Jun,TO BE PLACED,29-06-2021 18:30,19835010,Fraser Island,0,2.624227923449287,2.72684658992646964976879052227986536513,1,1,1001,1,1001,0,1634.08,9.88
184848871,GB / Stratford 29th Jun,TO BE PLACED,29-06-2021 18:30,22059361,Calum Gilhooley,0,1.472687368773368,1.55306800143468729801625650855566521519,1.48336203986059605172236201280496094834,1.46,1.46,1,1001,77.98,2940.32,537.06
184848881,GB / Stratford 29th Jun,TO BE PLACED,29-06-2021 19:30,24558153,Simply True,0,4.4,5.38390738954626503318159467255498084971,5.5993817958878456823659631947458950305,5.4,4.5,1,1001,4,3747.28,27.62
184848881,GB / Stratford 29th Jun,TO BE PLACED,29-06-2021 19:30,13189956,Trigger Happy,0,91.81101937150233,50.3947934920743557536686232328986739631,1.0699993840054207522973797830579090904,120,25,1,1001,2,129.98,.06
184849374,GB / Chepstow 29th Jun,TO BE PLACED,29-06-2021 19:50,11048955,Brute Force,0,5.2,3.27848921425046830171513455253538895336,3.50687432443652947569726702138746357878,5.3,4.2,1,1001,25,3456.26,77.48
184849379,GB / Chepstow 29th Jun,TO BE PLACED,29-06-2021 20:20,12622996,Polar Ice,0,1.5558672444546033,1.42404356575235983312765768298237379877,1.47242600143155296298931459236615779945,1.42,1.39,1,1001,53.24,9078.6,683.94
184849379,GB / Chepstow 29th Jun,TO BE PLACED,29-06-2021 20:20,36643076,George Bancroft,1,7.4,7.22083783563941374747567298730711147637,5.17141260087747092625416805547087334008,8.4,7.2,1.42,1.42,14,868.14,754.32
184849384,GB / Chepstow 29th Jun,TO BE PLACED,29-06-2021 20:50,22864389,Sir Canford,1,1.23,1.26169017302686192237639539605259605386,1.49049658595033857550168201975717658356,1,1001,1.36,1.36,78.46,7562.04,822.08
184849359,GB / Chepstow 29th Jun,TO BE PLACED,29-06-2021 18:20,39439919,Marsh Benham,0,2.382456171854246,2.31799626742216909111658276556464559532,1.05999948642799816006815417081246572283,2.48,2.36,1,1001,402,6885.58,496.2
184849364,GB / Chepstow 29th Jun,TO BE PLACED,29-06-2021 18:50,21166844,Poeta Brasileiro,0,91.661888999,22.182405271828665568369028006589785832,1,250,36,1,1001,0,303.5,0
184849364,GB / Chepstow 29th Jun,TO BE PLACED,29-06-2021 18:50,35323709,Rose All Day,0,5.306606275818776,3.67679523467630386815209579826975038716,3.59998440009359943840336957978252130487,5.5,5.1,1,1001,6,2236.18,37.88
184849364,GB / Chepstow 29th Jun,TO BE PLACED,29-06-2021 18:50,9938916,Storm Melody,0,8.396925976464704,4.87686440986898829189043299001906238779,6.56389254438399052545269589338750286075,10.5,8,1,1001,20,1248.64,8.8
184849364,GB / Chepstow 29th Jun,TO BE PLACED,29-06-2021 18:50,11194756,Peachey Carnehan,1,2.3,1.87528460163813809408777396520393851644,3.15402421794913799335317826240788360033,2.22,2.2,2.42,2.42,50.66,5714.18,281.62
184849369,GB / Chepstow 29th Jun,TO BE PLACED,29-06-2021 19:20,39422523,Grand Bobby,0,22,12.1891237146894502295171781766030750179,1,29,20,1,1001,0,344.9,99.6
184850048,GB / Brighton 29th Jun,TO BE PLACED,29-06-2021 14:30,11807722,Kerrera,0,7.2,9.26647595852804143366647693810828269337,12.1888584300712418646087914486107439783,11.5,7.4,1,1001,40.82,1840.38,35.42
184850048,GB / Brighton 29th Jun,TO BE PLACED,29-06-2021 14:30,21324978,Dove Divine,0,2.698319776,2.90150019912849992942316759632216658819,1.97397010446373864841533210022586170525,3.15,2.8,2.68,2.68,10,4107.92,969.86
184850038,GB / Brighton 29th Jun,TO BE PLACED,29-06-2021 13:30,24645146,Touchwood,1,1.51447102,1.51846172296802518983601176298568927232,1.51552087605087625781869718909630653276,1.57,1.47,1.52,1.52,442.78,13127.76,697.34
184850038,GB / Brighton 29th Jun,TO BE PLACED,29-06-2021 13:30,40017200,Cover Name,1,9.4,8.58197226964614520027470460223926734422,5.3541413970960585198984708273270437865,9.4,7.6,1,1001,13.44,1835.72,274.76
