EVENT_ID,MENU_HINT,EVENT_NAME,EVENT_DT,SELECTION_ID,SELECTION_NAME,WIN_LOSE,BSP,PPWAP,MORNINGWAP,PPMAX,PPMIN,IPMAX,IPMIN,MORNINGTRADEDVOL,PPTRADEDVOL,IPTRADEDVOL
101026575,AUS / Laun (AUS) 7th Sep,R1 2200m Pace M,07-09-2014 08:31,7890936,9. Wipethesmile,0,13,14.5654846902726918661462733136232872736,14.4092726029558722979014358596749592384,15,12.5,15,15,380.26,267.68,88.36
101026577,AUS / Laun (AUS) 7th Sep,R2 2200m Pace M,07-09-2014 09:00,5929513,6. Hilda Su,0,33.895598664735445,24.7653449606944631237397569498506066016,25.3038266482249884739511295527893038267,1,1001,1,1001,43.38,32.82,.72
101026579,AUS / Laun (AUS) 7th Sep,R3 1680m Pace M,07-09-2014 09:29,8759327,4. Nances Thrill,0,26.00627399839461,26.905009069014898756109890438221242902,21.5437311776826755428752575685528609922,27,27,790,12,252.36,119.82,118.56
101026585,AUS / Laun (AUS) 7th Sep,R6 2200m Pace M,07-09-2014 10:47,6918032,6. Rykov Leis,1,3.095,3.02134826948365523565263432099944772157,2.62612856154953971869230622823100982737,3.15,2.7,1,1001,3152.42,2108.44,1043.98
101026593,AUS / Geel (AUS) 7th Sep,R2 2100m Pace M,07-09-2014 09:06,8289601,2. Ya Messin,0,5.2,4.73733026930887048622965436254926735125,5.15731125508177244797564461935435965026,5.6,5.3,1,1001,1077.38,990.18,87.2
101026593,AUS / Geel (AUS) 7th Sep,R2 2100m Pace M,07-09-2014 09:06,8820289,9. Giant Steps,0,452.569873639,113.605051055954941935855558370296944683,129.595195729537366548042704626334519573,510,510,1,1001,22.48,21.94,.54
101026595,AUS / Geel (AUS) 7th Sep,R3 2100m Trot M,07-09-2014 09:37,7305745,4. Opia,0,13,11.1437083577364787365490983755194582537,13.2874317445627024525682554372975474317,1,1001,1,1001,216.1,200.08,16.02
101026599,AUS / Geel (AUS) 7th Sep,R5 2100m Pace M,07-09-2014 10:31,3692659,8. Heezabit Rusty,0,45.17919460567645,34.6119372998425551979165592652371624391,45.4236292428198433420365535248041775457,60,55,790,50,61.28,48.3,12.98
101026601,AUS / Geel (AUS) 7th Sep,R6 2100m Pace M,07-09-2014 10:55,569835,11. Sinead,0,38,45.3531010707064010342427155501044187357,26.8094302554027504911591355599214145383,48,48,1,1001,30.54,7.24,.96
101026601,AUS / Geel (AUS) 7th Sep,R6 2100m Pace M,07-09-2014 10:55,6551961,7. Cool Machrista,1,1.71,1.72453609108341001367146406842892711052,1.60906123210875286553063610923418211662,1.79,1.69,1.01,1.01,12964.44,10056.2,2050.94
101026603,AUS / Geel (AUS) 7th Sep,R7 2100m Pace M,07-09-2014 11:19,5944455,3. Goodtime Paul,0,84.81469188040121,57.0703388182114341152337527043523814411,50.8521927449918787222523010286951813752,80,48,1,1001,73.88,50.28,.68
101026591,AUS / Geel (AUS) 7th Sep,R1 2100m Pace M,07-09-2014 08:39,7014186,4. Ok To Fly,0,24.670407466562466,24.2166323127054081072447397777529667095,17.2759550561797752808988764044943820225,28,28,1,1001,89,44.12,5.26
101026605,AUS / Geel (AUS) 7th Sep,R8 2100m Pace M,07-09-2014 11:44,8606217,5. Lost In Bangkok,1,2.82,2.96601473893374774555391074390130371001,2.52288370642683647344580844219785990941,4.1,2.64,2.2,1.67,8530.48,5667.26,2519.72
101026605,AUS / Geel (AUS) 7th Sep,R8 2100m Pace M,07-09-2014 11:44,5343754,8. Steaming,0,181.5845052846573,1,31.0706260032102728731942215088282504013,1,1001,790,790,12.46,0,.52
101026623,AUS / Bunb (AUS) 7th Sep,R8 2100m Pace M,07-09-2014 11:03,4834152,1. Lucky And Loaded,0,4.039091312154198,1,3.33411237785016286644951140065146579805,1,1001,1,1001,491.2,0,0
101026623,AUS / Bunb (AUS) 7th Sep,R8 2100m Pace M,07-09-2014 11:03,8201072,6. Ginas Ingot,0,2.235933472,1,1.73760133970527935322570695579916032556,1,1001,1,1001,5511.66,0,0
101026623,AUS / Bunb (AUS) 7th Sep,R8 2100m Pace M,07-09-2014 11:03,8626939,9. Mega Bunny,0,50.967846826,1,16.1875768757687576875768757687576875769,1,1001,1,1001,32.52,0,0
101026623,AUS / Bunb (AUS) 7th Sep,R8 2100m Pace M,07-09-2014 11:03,8820242,4. Four Starzzz Looks,0,42.86968864925648,1,,1,1001,1,1001,14.38,0,0
101026619,AUS / Bunb (AUS) 7th Sep,R6 1609m Pace M,07-09-2014 10:12,5574756,4. Lucky Drew,0,9.84928339412203,1,7.48997790954540169747703755377281711429,1,1001,1,1001,172.02,0,0
101026619,AUS / Bunb (AUS) 7th Sep,R6 1609m Pace M,07-09-2014 10:12,6562911,1. Mary Of Denmark,0,50,1,3.32037735849056603773584905660377358491,1,1001,1,1001,6.36,0,0
101026627,AUS / Bunb (AUS) 7th Sep,R10 2500m Pace S,07-09-2014 11:52,6428566,9. Sir Escapealot,0,32.334,1,60.5606596076255279851226091706537279225,1,1001,1,1001,13.5,0,0
101026615,AUS / Bunb (AUS) 7th Sep,R4 2100m Pace M,07-09-2014 09:16,8792773,1. Target Identified,0,7.784272954865154,1,4.56092873751880727670633292299275064971,1,1001,1,1001,292.44,0,0
101026621,AUS / Bunb (AUS) 7th Sep,R7 2100m Pace M,07-09-2014 10:39,7564586,1. See What Happens,0,27.203118531806265,1,26.6890701890701890701890701890701890702,1,1001,1,1001,77.22,0,0
101026625,AUS / Bunb (AUS) 7th Sep,R9 2100m Pace M,07-09-2014 11:27,1304221,8. Be Prepared,0,12.845887239726723,1,7.58785822021116138763197586726998491704,1,1001,1,1001,26.52,0,0
101026625,AUS / Bunb (AUS) 7th Sep,R9 2100m Pace M,07-09-2014 11:27,5526049,1. Black N Bettor,0,28.0132284603268,1,1.06193181818181818181818181818181818182,1,1001,1,1001,17.6,0,0
101026629,AUS / Wrck (AUS) 7th Sep,R1 1005m Mdn,07-09-2014 04:39,8820876,5. Coniston Sierra,0,17,8.43091692169513310204064670160097971396,9.50939761215629522431259044862518089725,18,16,25,25,663.36,629.48,33.88
101026629,AUS / Wrck (AUS) 7th Sep,R1 1005m Mdn,07-09-2014 04:39,7332082,10. Politicallycorrect,0,8.6,5.53216427170489485791298687848998274984,5.62825326121539930003181673560292713968,9,6,1,1001,2828.7,2762.5,66.2
101026631,AUS / Wrck (AUS) 7th Sep,R2 1005m 3yo,07-09-2014 05:15,4380170,12. Wiltshire,0,41.199801531,52.9101278094705000470628931263567078109,31.6555812360897106659818524225303886321,110,32,640,36,467.28,230.16,13.26
101026635,AUS / Wrck (AUS) 7th Sep,R4 1005m Hcap,07-09-2014 06:27,5972441,2. Big Brut,0,71.67063629377634,76.4951941705550615766370960567893282396,54.2985570890840652446675031367628607277,110,65,1,1001,318.8,195.62,2.22
101026635,AUS / Wrck (AUS) 7th Sep,R4 1005m Hcap,07-09-2014 06:27,5745745,3. Devils Melody,0,13,14.0971816409229439077721024914350861428,12.2910718782721645658541757790236855011,19.5,12,32,32,1508.94,1176.54,29.72
101026635,AUS / Wrck (AUS) 7th Sep,R4 1005m Hcap,07-09-2014 06:27,8820897,7. You Cant Beat Me,0,16,15.4248999386203091640779572508109368504,9.74593866556154164939908827186075424782,16.5,15,1,1001,965.2,504.02,9.26
101026637,AUS / Wrck (AUS) 7th Sep,R5 1815m Hcap,07-09-2014 07:03,7073304,4. Bunchloch,0,6.4,6.92714155987999936060550642472352907098,6.53048924086532593321223173962678690667,7.8,6.4,400,400,5571.08,4978.46,27.4
101026633,AUS / Wrck (AUS) 7th Sep,R3 1205m Mdn,07-09-2014 05:51,8101357,10. Ways And Means,0,19.75425273975357,18.2939159486769009791120300420881026166,12.2629401484772948954156280481196488566,20,16,19.5,3.25,1476.32,844.38,363.06
101026633,AUS / Wrck (AUS) 7th Sep,R3 1205m Mdn,07-09-2014 05:51,5587941,5. Magical Ruby,0,17.5,19.5671865470672718212416364052357108991,16.0236934379408829703038436392415952651,25,17.5,1,1001,1162.44,891.36,180.48
101026633,AUS / Wrck (AUS) 7th Sep,R3 1205m Mdn,07-09-2014 05:51,8820894,13. Better Than,0,56.794346862,53.8472545141479148976910372571705366435,42.7092293159971106295493693393343335,90,48,1,1001,359.94,195.28,7.32
101026639,AUS / Wrck (AUS) 7th Sep,R6 2015m Hcap,07-09-2014 07:41,8624730,4. Knight Hero,0,18.341887445854955,11.8084977316045104413507547851775068149,12.0123989825815383624714253517498953604,19,15,1,1001,1242.36,1231.82,10.54
101026641,AUS / Wrck (AUS) 7th Sep,R7 1205m Hcap,07-09-2014 08:19,6690743,9. Valdori,0,3.271560132199883,2.93997906956379681403059586777408546396,2.95362050079750946441954762957126659877,3.3,2.94,4.5,4.5,18733.32,18513.38,219.94
101026641,AUS / Wrck (AUS) 7th Sep,R7 1205m Hcap,07-09-2014 08:19,7424104,2. Sierra Storm,1,7.875297338704694,7.85532209542722029339838827204429966616,7.09312902579258252015106915618994470492,10.5,7,5.7,5.7,5089.06,4331.32,757.74
101026641,AUS / Wrck (AUS) 7th Sep,R7 1205m Hcap,07-09-2014 08:19,7202320,12. Little Missy,0,44,22.6509052116128653648643400407180163829,22.7567670606176134197483797178802897446,46,30,1,1001,524.6,524.5,.1
101026647,AUS / Wang (AUS) 7th Sep,R3 1170m 3yo,07-09-2014 04:52,8820766,12. With Imagination,0,68.4009954126086,115.007912740818709477937568529704592884,78.1251262079907687869609115822876099813,170,70,1,1001,277.32,162.88,.82
101026647,AUS / Wang (AUS) 7th Sep,R3 1170m 3yo,07-09-2014 04:52,8820762,6. Limerick Moon,0,160.17981558913738,186.37459447625385421258611252054325929,106.484433374844333748443337484433374844,230,140,790,790,112.42,54.62,1.24
101026643,AUS / Wang (AUS) 7th Sep,R1 2000m Mdn,07-09-2014 03:40,8820743,1. Dresden Diamond,0,38,27.9036178171426284180422835479300964239,16.7732865338164251207729468599033816425,32,23,1,1001,529.92,268.12,5.9
101026649,AUS / Wang (AUS) 7th Sep,R4 1000m Mdn,07-09-2014 05:28,8820774,13. Foxyness,0,6.178696539109804,5.26292367554165938840678090561496070032,4.7135031456988019351757646228275990947,6.2,3.15,6,6,9632.2,8033.96,222.82
101026657,AUS / Wang (AUS) 7th Sep,R8 1170m Hcap,07-09-2014 07:56,5214827,6. Greystone,0,23.62119244136033,17.2878927486900733400574683258169592617,17.6499757570414774981266804778066734253,25,12,1,1001,907.48,896.72,10.76
101026653,AUS / Wang (AUS) 7th Sep,R6 1590m Hcap,07-09-2014 06:40,5979641,12. The Conqueror,0,42,33.485265586456965611633373272815546924,27.4048176940764261469396693309974816599,50,28,800,800,913.3,665.48,13.1
101026653,AUS / Wang (AUS) 7th Sep,R6 1590m Hcap,07-09-2014 06:40,8820780,9. Gridhian,0,6.4,6.63514597481470397613757074033153602826,6.1938940770397656904583350636216848693,7.2,6.4,410,6.4,8187.46,6395.12,591.74
101026655,AUS / Wang (AUS) 7th Sep,R7 1590m Hcap,07-09-2014 07:18,7095092,6. Grand Voyageur,0,5.56479390222486,5.01079715358373263043130555860602438071,4.51032151568636188387461760073157169732,5.76,4.4,1,1001,10322.98,8640.22,278.8
101026655,AUS / Wang (AUS) 7th Sep,R7 1590m Hcap,07-09-2014 07:18,7230918,2. Game Of Shadows,1,8.9743879604768024,9.13214686567727190510407617053532240694,7.38101730126626802673232500879352796342,10,8,11,11,3639.04,2572.52,464.02
101026655,AUS / Wang (AUS) 7th Sep,R7 1590m Hcap,07-09-2014 07:18,7421613,1. Cirrus,0,5.3365929864,4.99683311972570943395609401952172687352,4.86699325204603134546693010153731891417,5.6,4.24,1000,5.8,9748.14,8536.56,166.54
101026659,AUS / Mudg (AUS) 7th Sep,R1 1600m CL1,07-09-2014 04:34,8820674,14. Chocolate Bolt,0,42.0604530005902,24.6642253035266981707252368065180482453,24.7809661760100219229564672721578452866,55,30,1,1001,510.88,510.76,.12
101026661,AUS / Mudg (AUS) 7th Sep,R2 1400m Mdn,07-09-2014 05:10,2528898,13. Winged Victory,0,16.36439342569677,13.1876615724000967192105153435100705196,11.4769562270839487723078527116965263176,18,9.6,1,1001,2301.88,1857.36,23.42
101026661,AUS / Mudg (AUS) 7th Sep,R2 1400m Mdn,07-09-2014 05:10,6816872,3. Chilly Prediction,0,6.201676842674207,6.15324007766604752504581431481914989514,5.65427262783702488378452283292316106098,7.2,5.7,1,1001,10532.16,9273.68,137.16
101026663,AUS / Mudg (AUS) 7th Sep,R3 1200m Mdn,07-09-2014 05:46,8820687,11. Red Danaseur,0,272.00737569514666,203.391266925759869029600481710500846065,118.194487779511180447217888715548621945,170,170,790,640,76.92,11.2,.78
101026663,AUS / Mudg (AUS) 7th Sep,R3 1200m Mdn,07-09-2014 05:46,8820688,15. Suggestapartner,0,50,67.5951747470000515596373168524333981604,34.422660830787017920554959121314724585,80,50,790,790,242.18,110.28,1.16
101026667,AUS / Mudg (AUS) 7th Sep,R5 1400m CL3,07-09-2014 06:58,8164768,4. Sooner Or Later,1,3.124616041756463,3.11022482210438300441124034153172329895,2.52453561921071067175216003736280843777,3.6,2.94,3.45,1.01,25694,16133.04,2687.6
101026667,AUS / Mudg (AUS) 7th Sep,R5 1400m CL3,07-09-2014 06:58,8820695,10. Run Bullet Run,0,48.47089374269379,47.9263889124219296951740480236232329068,40.7494879361222010067696580454782155876,60,27,990,990,576.1,467.9,4.98
101026667,AUS / Mudg (AUS) 7th Sep,R5 1400m CL3,07-09-2014 06:58,7181427,11. See You Saturday,0,30.306119199,28.9371703250087671852901884763728820373,24.7399888247345874464518532315142484634,32,26,990,990,1073.8,784.06,1.6
101026669,AUS / Mudg (AUS) 7th Sep,R6 1400m Hcap,07-09-2014 07:36,6467777,3. Star Of Dubai,0,8.674900100876112,7.71612637254800910638183995385387491032,6.09259966576875553304202508154579583489,8.4,7,6.6,3.5,4224.62,2640.7,695.96
101026671,AUS / Mudg (AUS) 7th Sep,R7 1200m Hcap,07-09-2014 08:14,5585419,2. Subarc,0,33.208721014126205,41.5462759574976733542483410191855698402,30.1931187250079111648111389200540835994,60,26,720,36,695.22,461.08,35.2
101026673,AUS / PAug (AUS) 7th Sep,R1 1498m Mdn,07-09-2014 04:47,6405166,9. Tracy True Blood,0,4.5,4.74834132385710424873737185892502290775,4.91458323320677336152897262139344130982,5,4.5,110,4.7,3745.26,2372.74,724.72
101026673,AUS / PAug (AUS) 7th Sep,R1 1498m Mdn,07-09-2014 04:47,8820730,2. Morethanyouthink,0,7.21541915,7.99155629531306523321343799083019428723,5.46915837721864638189974644041349717184,8,8,1,1001,820.32,447.26,9.66
101026675,AUS / PAug (AUS) 7th Sep,R2 1100m Mdn,07-09-2014 05:23,8820736,5. Beesruletheworld,0,5.883748665,6.35825931602365863689254759256465906442,5.00114209311532227343008881286554075756,7,5.9,6.4,3,2677.54,1326.88,512.14
101026683,AUS / PAug (AUS) 7th Sep,R6 1867m Hcap,07-09-2014 07:51,7592980,1. Kings Delight,0,5.612844591675239,4.74834934677958884070267899239639647272,4.88144311094367603705098995987538046631,5.6,4.8,11,5.1,6689.16,6044.46,644.7
101026683,AUS / PAug (AUS) 7th Sep,R6 1867m Hcap,07-09-2014 07:51,5509832,3. Motacade,0,19.524610254,14.4856404558366921634592050840743790383,14.8868510936207225746229076945923584445,21,17,34,34,942.74,905.34,37.4
101026683,AUS / PAug (AUS) 7th Sep,R6 1867m Hcap,07-09-2014 07:51,7402659,10. Tiger Jet,0,11.041738806690265,9.7048273167533845362182978418355549875,9.64224436931992799754137946173771787329,16,11,1,1001,2277.7,2241.4,36.3
101026683,AUS / PAug (AUS) 7th Sep,R6 1867m Hcap,07-09-2014 07:51,8362139,4. Ally The Great,0,14,8.68118505084270456602701481489112346376,11.1020969447230731694092769810502345,14,10.5,15,14,1475.48,845.3,630.18
101026685,AUS / PAug (AUS) 7th Sep,R7 1498m Hcap,07-09-2014 08:27,7553809,8. Happyendo,0,34,16.4367778997289357810094775076960942512,14.4887753973229101368044544415354548472,36,17,1,1001,542.38,447.64,94.74
101026688,AUS / Mree (AUS) 7th Sep,R1 950m Mdn,07-09-2014 03:45,8820703,1. Bay Of Olympus,0,38,51.5922140165058914026810168771135673364,38.8872976803162527038114417841426120683,100,40,950,34,268.14,116.34,36.74
101026700,AUS / Mree (AUS) 7th Sep,R7 1400m Cup,07-09-2014 07:23,8010054,9. Been Awakened,0,29.466781540874518,23.1825863973617164273716170482692471284,14.342588489447737218190882401816872542,25,20,140,140,722.12,391.64,19.64
101026690,AUS / Mree (AUS) 7th Sep,R2 1300m Mdn,07-09-2014 04:21,8468630,10. Frightening Waters,0,239.87195016585287,88.0796956703918631148152612516430469696,98.3901408450704225352112676056338028169,160,38,790,790,85.2,44.6,1.16
101026690,AUS / Mree (AUS) 7th Sep,R2 1300m Mdn,07-09-2014 04:21,6413797,6. Spaghetti Junction,0,5.7,5.48833917928455697763504721519462358737,5.332247842310650297661435041444726123,6.4,5.1,790,790,2808.56,2600.52,12
101026690,AUS / Mree (AUS) 7th Sep,R2 1300m Mdn,07-09-2014 04:21,8820706,1. Venera,0,6.027535161148409,7.26564081594172727674402338498342036706,6.00453780379554826458724255328711558557,7.6,6,7,7,1779.98,1015.52,332.58
101026690,AUS / Mree (AUS) 7th Sep,R2 1300m Mdn,07-09-2014 04:21,8820708,7. A Flicka Story,0,14.194720002887772,9.87929576066306591284968600008897680734,9.56286521354188625152831063704203381256,12,9,790,790,474.38,358.88,6.26
101026694,AUS / Mree (AUS) 7th Sep,R4 950m CL3,07-09-2014 05:33,8820718,4. Rapt In Rumba,0,5.8979976074451415,6.19368496484728722363684947110848013034,5.1610159566831429333223947330639703017,6.8,5.7,1,1001,5850.84,4319.92,420.86
101026698,AUS / Mree (AUS) 7th Sep,R6 1200m Hcap,07-09-2014 06:45,3752529,2. Unikin,0,10.5,9.06641252651414602060150086542903702299,7.82619289755857841966241903448840717206,9.6,8.8,1,1001,2930.26,2232.28,5.88
101026698,AUS / Mree (AUS) 7th Sep,R6 1200m Hcap,07-09-2014 06:45,7170058,5. Tamaart,0,2.830493714,2.96940748249518178502693306345986919052,2.52631275572809089837251040379383676196,3.1,2.88,32,2.88,18320.24,11606.16,1088.46
101026702,AUS / Mree (AUS) 7th Sep,R8 1000m Hcap,07-09-2014 08:01,4935486,1. Finishing Card,0,16.764516700612155,11.4348673168761059332872022984196182319,11.4658494436501522968856840927456952819,17.5,11,1,1001,1608.7,1598.86,9.84
101026711,AUS / Hoba (AUS) 7th Sep,R4 1200m CL1,07-09-2014 05:37,8818228,9. Holy Cat,0,27,24.4949903882281516426682218824284068563,12.3251542028724505875467110890999954977,27,22,1,1001,444.22,152.44,4.72
101026711,AUS / Hoba (AUS) 7th Sep,R4 1200m CL1,07-09-2014 05:37,8818231,13. Great Delight,0,11.054780146,13.3765786266272496239821586017322752969,9.43773687060097455332972387655657823498,14,12,1,1001,1034.32,607.12,1.16
101026719,AUS / Hoba (AUS) 7th Sep,R8 1400m Hcap,07-09-2014 08:05,6252692,5. Fashion Label,0,6.112171425,7.82839825058979276593951490211554504604,5.85678128391173904717322382279719982127,9,7,18.5,3.95,2819.82,1482.44,417.14
101026717,AUS / Hoba (AUS) 7th Sep,R7 1100m CL2,07-09-2014 07:27,8818236,10. Lord Of The Lodge,0,170,43.0983467094725499208368704333065376983,57.1210036422501011736139214892755969243,170,65,790,110,98.84,85.8,13.04
101026707,AUS / Hoba (AUS) 7th Sep,R2 1400m Mdn,07-09-2014 04:25,8818214,14. Crib Point,0,5.945628732886616,5.78167709467714461232648225384660529469,5.63473993107904372173163902649149256946,7,3.95,1000,5.5,2228.64,1558.3,164.22
101026707,AUS / Hoba (AUS) 7th Sep,R2 1400m Mdn,07-09-2014 04:25,8688119,2. Gocarma,0,27.315133606835154,29.5396121529127346676297015483565725819,15.5969562368018641229156047476880506808,32,32,1,1001,274.66,64.82,.8
101026715,AUS / Hoba (AUS) 7th Sep,R6 1600m Hcap,07-09-2014 06:49,8818232,11. Cielo Duro,0,24,24.2020886412223473377273569888744128809,18.0161989342806394316163410301953818828,25,20,1,1001,563,391.4,10.66
101026705,AUS / Hoba (AUS) 7th Sep,R1 1100m Mdn,07-09-2014 03:49,8818204,16. Hidden Forever,0,5.5,5.40207873697545540260558435238480680331,5.16144359404266662925210632282685710678,5.9,5,5.5,5.5,2850.94,2471.6,79.66
101026721,AUS / Kalg (AUS) 7th Sep,R1 1100m Mdn,07-09-2014 06:17,8513019,6. Shes Gaga,0,4.600774539208648,4.54100205498988290058118197802008187153,3.86143508629748422057540813593313232739,5.4,4,1,1001,5824.04,4658.6,12.28
101026721,AUS / Kalg (AUS) 7th Sep,R1 1100m Mdn,07-09-2014 06:17,8818709,8. Scarper Bay,0,15.811979925,13.0318010415621339237717765336089404281,10.0123650289017341040462427745664739884,17.5,10,20,10,1384,830.86,76.6
101026721,AUS / Kalg (AUS) 7th Sep,R1 1100m Mdn,07-09-2014 06:17,8787668,2. Face Facts,1,7.925470391863781,8.47364843087617549072987305022228410121,4.66473514261132831643488014985352253793,10.5,7.72,1,1001,3672.92,1779.2,871.58
101026723,AUS / Kalg (AUS) 7th Sep,R2 2200m Hcap,07-09-2014 06:53,8559879,3. Hyden,0,38,34.3270552973628086145823377291214639566,27.3792882454949860514212470783382341853,40,32,36,36,530.52,385.8,7.42
101026723,AUS / Kalg (AUS) 7th Sep,R2 2200m Hcap,07-09-2014 06:53,7344517,2. Holder,0,5.585391275283401,5.20739498877131790370137896093281498845,5.64002476061418280009166907464054762308,5.7,5,1000,5.6,4014.44,2926.24,555.96
101026725,AUS / Kalg (AUS) 7th Sep,R3 1600m Mdn,07-09-2014 07:31,8233974,3. Kinshasa,0,11,12.8208874205159870006115296930220410586,8.14814200712499052527855681042977336466,14.5,11.5,34,34,2110.88,1172.62,20.26
101026725,AUS / Kalg (AUS) 7th Sep,R3 1600m Mdn,07-09-2014 07:31,8818712,1. Louie Can Fly,1,2.666843513594431,3.03027801975559446825531602132522715972,2.49646988197206350567627541995862054179,3.5,2.8,1.01,1.01,16790.94,11711.42,2528.42
101026725,AUS / Kalg (AUS) 7th Sep,R3 1600m Mdn,07-09-2014 07:31,8818716,10. Tarragona,0,24.440987861,21.225011688854714982443350360409345426,17.2254376603619354692218614472877545923,24,18.5,1,1001,880.82,621.16,38.04
101026727,AUS / Kalg (AUS) 7th Sep,R4 1760m Hcap,07-09-2014 08:09,8818717,3. Dont Hussle Me,0,5.4646587911793905,4.36063710896627498732211825016444305223,3.90599793759981891120361171543907745319,5,3.7,7.2,3.05,6361.52,4393.08,455.82
101026727,AUS / Kalg (AUS) 7th Sep,R4 1760m Hcap,07-09-2014 08:09,8818718,4. Say Lady,0,11.520201608,11.3667883605494043969417665602077198351,7.58327700220426157237325495958853783982,12,11,1,1001,816.6,494.6,0
101026727,AUS / Kalg (AUS) 7th Sep,R4 1760m Hcap,07-09-2014 08:09,5135214,10. Fast Ale,0,44,38.1836667720435831252614165685898454145,24.6991829038340666247642991829038340666,42,36,790,36,318.2,177.92,17.36
101026727,AUS / Kalg (AUS) 7th Sep,R4 1760m Hcap,07-09-2014 08:09,6755847,1. Small And Spicy,1,12.5,12.1113917055047207613028574842058269721,5.31474965731188225957723108000865738403,13.5,11.5,1,1001,1663.32,601.58,857.78
101026727,AUS / Kalg (AUS) 7th Sep,R4 1760m Hcap,07-09-2014 08:09,8005126,2. Yaloginda,0,4.6,5.10582760440949124630184864363641487254,4.27568543118147885549546171019401262166,5.6,4.9,5.6,4.7,3413.18,2199.44,612.24
101026755,AUS / SCst (AUS) 7th Sep,R1 1200m Mdn,07-09-2014 03:31,8806070,9. Aube,0,705.4439554184303,260.664384767527800513268216733852944929,190.002472187886279357231149567367119901,260,260,1,1001,16.18,6.6,.52
101026757,AUS / SCst (AUS) 7th Sep,R2 1600m Mdn,07-09-2014 04:07,8175811,11. El Jadida,0,11.5,11.5284930427562061338429910962926734869,9.41190033069291701914942705529493193878,13.5,7.4,1,1001,1300.3,1027.04,20.7
101026757,AUS / SCst (AUS) 7th Sep,R2 1600m Mdn,07-09-2014 04:07,8741215,13. Secret Of The Rock,0,115.81201937759062,113.95684985854462537223102631341374789,75.8868159203980099502487562189054726368,140,70,1,1001,289.44,170.74,15.4
101026759,AUS / SCst (AUS) 7th Sep,R3 1800m CL3,07-09-2014 04:43,5852327,9. Madhurima,0,44.876297851,43.5293975837645512171211143246305669268,23.7979435171490950066906120149306289175,55,36,790,55,283.98,94.02,17.84
101026759,AUS / SCst (AUS) 7th Sep,R3 1800m CL3,07-09-2014 04:43,8820596,6. Magnetic Star,0,7.597765877562343,7.40642639198230557240785081098126375095,6.43064060753425446834990838586261336529,8,7,1,1001,1735.54,1197.42,89.44
101026765,AUS / SCst (AUS) 7th Sep,R6 1200m CL2,07-09-2014 06:31,8691369,3. Cut Up,0,4.9,4.47200785429952512603978692843695567089,4.5806893987456967831178691406046864762,5.4,4.5,1,1001,7691.92,7491.76,200.16
101026767,AUS / SCst (AUS) 7th Sep,R7 1400m CL1,07-09-2014 07:08,8820613,3. San Clemente,0,3.7,3.75381587983312400158463667781044814658,3.28825153858081626324035011736524384701,4.1,3.5,990,7,14961.84,11177.82,478.9
101026761,AUS / SCst (AUS) 7th Sep,R4 1000m 3yo,07-09-2014 05:19,1266271,5. Accepting,0,156.46584117082648,174.529314408859914878197076311713742659,80.259696969696969696969696969696969697,190,140,1,1001,198,68.88,6.5
101026761,AUS / SCst (AUS) 7th Sep,R4 1000m 3yo,07-09-2014 05:19,8820604,13. Moniika,0,260.5427735885139,322.264908342952754454036148961872424611,149.338638858397365532381997804610318332,580,140,1,1001,145.76,45.46,.64
101026575,AUS / Laun (AUS) 7th Sep,R1 2200m Pace M,07-09-2014 08:31,8820366,11. Buckingham Boy,0,480,229.693743498129095157433783040397383457,226.960569550930996714129244249726177437,230,220,790,750,18.26,9.18,.76
101026581,AUS / Laun (AUS) 7th Sep,R4 2200m Pace M,07-09-2014 09:51,8820371,7. Supa Sunshine,0,101.19349887557325,93.9394311415547660354745387255110995401,77.019275250578257517347725520431765613,95,95,1,1001,25.94,8.02,.86
101026577,AUS / Laun (AUS) 7th Sep,R2 2200m Pace M,07-09-2014 09:00,6153067,10. Partyboy Glenwood,0,11.44514182760846,10.5821442740199956959349692854136303888,10.2734268824926799624330147505662670571,12.5,9.6,790,10,362.02,191.8,95.16
101026577,AUS / Laun (AUS) 7th Sep,R2 2200m Pace M,07-09-2014 09:00,6846431,1. Stareeshar,0,257.6824661893397,44.0331433354089409107295466520113645817,118.803680981595092024539877300613496933,1,1001,790,790,9.78,4.76,.96
101026579,AUS / Laun (AUS) 7th Sep,R3 1680m Pace M,07-09-2014 09:29,1138487,3. Lady Elaine,0,36,28.607511057585854930954219704374969622,40.8349582172701949860724233983286908078,1,1001,790,790,28.72,22.22,.98
101026583,AUS / Laun (AUS) 7th Sep,R5 2200m Pace M,07-09-2014 10:20,327110,5. Maybe Doc,0,34,38.324396821211592438239919589005579999,36.0579158316633266533066132264529058116,48,36,790,790,199.6,163.5,1.04
101026585,AUS / Laun (AUS) 7th Sep,R6 2200m Pace M,07-09-2014 10:47,5448758,1. Punt Road Disco,0,12.5,11.6123582226150812720173015068450616221,9.1078194239290989660265878877400295421,12.5,12.5,1,1001,216.64,149.5,24.08
101026585,AUS / Laun (AUS) 7th Sep,R6 2200m Pace M,07-09-2014 10:47,6101864,3. Know One,0,24.206875432614467,25.8252806214785080303083790587186181954,25.2203692674210839785586658725431804646,42,20,1,1001,134.32,122.6,.24
101026589,AUS / Laun (AUS) 7th Sep,R8 2200m Pace M,07-09-2014 11:35,7389561,8. Gottalovefridays,0,19.495776485124367,20.3598013860602261567294649705575702449,13.3885936946510804109103790294013460857,1,1001,1,1001,112.92,50.22,.18
101026593,AUS / Geel (AUS) 7th Sep,R2 2100m Pace M,07-09-2014 09:06,5775587,3. Beachyouthere,0,199.0569847,82.9335696761844288444471189985868199323,95.9172185430463576158940397350993377483,200,75,1,1001,30.2,29.28,.92
101026595,AUS / Geel (AUS) 7th Sep,R3 2100m Trot M,07-09-2014 09:37,5272509,1. My Archie Way,0,34,20.8629083648484431811496461188652971028,32.7516949152542372881355932203389830509,1,1001,790,130,129.8,107.46,20.24
101026601,AUS / Geel (AUS) 7th Sep,R6 2100m Pace M,07-09-2014 10:55,7303668,6. Truman,0,8.6,7.63429480572925326406853967998519916695,7.66001331656432640378782274173263298069,1,1001,790,790,270.34,151.84,28.02
101026603,AUS / Geel (AUS) 7th Sep,R7 2100m Pace M,07-09-2014 11:19,7187538,7. Future Operator,0,26,20.3817893075393528137154512992088700884,15.3400673400673400673400673400673400673,21,19,1,1001,142.56,85.28,.56
101026607,AUS / Geel (AUS) 7th Sep,R9 2100m Pace M,07-09-2014 12:10,8820301,1. Belvoirama,0,50,9.02981078333080580299477695659454153366,1,1,1001,1,1001,0,24.82,.14
101026607,AUS / Geel (AUS) 7th Sep,R9 2100m Pace M,07-09-2014 12:10,8820302,3. Wemen Beauty,0,769.8012097373635,252.009925272644251478183932519011689651,75.5051615808697030751715373070232517219,620,75,1,1001,5.74,20.1,.16
101026605,AUS / Geel (AUS) 7th Sep,R8 2100m Pace M,07-09-2014 11:44,6358061,11. Dam Lucky,0,24.622989331630528,35.9755171380033976216648346157689617268,9.96570339790409653858367735789139409336,1,1001,790,790,62.98,.06,.54
101026627,AUS / Bunb (AUS) 7th Sep,R10 2500m Pace S,07-09-2014 11:52,3831573,10. Cooper Trooper,0,152.16,1,39.645833026175725604559889836081042429,1,1001,1,1001,1.56,0,0
101026613,AUS / Bunb (AUS) 7th Sep,R3 2100m Pace M,07-09-2014 08:52,2260403,9. Moods,0,11.5,1,9.62050632911392405063291139240506329114,1,1001,1,1001,86.9,0,0
101026613,AUS / Bunb (AUS) 7th Sep,R3 2100m Pace M,07-09-2014 08:52,8820231,8. Sheza Power,0,21.43457615659339,1,7.15969257045260461144321093082835183604,1,1001,1,1001,23.42,0,0
101026617,AUS / Bunb (AUS) 7th Sep,R5 2100m Pace M,07-09-2014 09:45,8820239,3. Major Donegal,0,8.121055864677768,1,6.78424525265529449629868039909880914065,1,1001,1,1001,124.28,0,0
101026625,AUS / Bunb (AUS) 7th Sep,R9 2100m Pace M,07-09-2014 11:27,5542430,6. Christian Banner,0,3.6,1,3.22296831432192648922686945500633713561,1,1001,1,1001,78.9,0,0
101026631,AUS / Wrck (AUS) 7th Sep,R2 1005m 3yo,07-09-2014 05:15,8820882,6. Matagami,0,3.238843337821164,2.77947064510037451393454684827038120147,2.61154368340527424910244781434837635355,3.15,1.96,25,3.2,13163.58,9970.8,874.36
101026631,AUS / Wrck (AUS) 7th Sep,R2 1005m 3yo,07-09-2014 05:15,8820881,5. Kungsleden,0,21.355646301,23.3572450133028032239671762125032605012,13.500053569515374450912467411878147209,28,21,1,1001,560.02,287.08,.82
101026637,AUS / Wrck (AUS) 7th Sep,R5 1815m Hcap,07-09-2014 07:03,8768336,8. Dubosc,1,2.740382064618116,2.70014536021127379061876915170880994652,2.34183822105498064399521217832975845108,3,2.62,2.98,1.01,21688.36,15226.22,4014.7
101026633,AUS / Wrck (AUS) 7th Sep,R3 1205m Mdn,07-09-2014 05:51,8037449,11. Reanns Diamond,1,4.494358337615269,4.44458445230777346632256771041576825885,3.90422539284047817771965221048757565999,4.7,4.2,4.6,4.6,9129.66,7270.32,1192.66
101026639,AUS / Wrck (AUS) 7th Sep,R6 2015m Hcap,07-09-2014 07:41,5578802,11. Stratric,0,7.18885128678987,5.71229525795496093849076574072139860546,5.73666247984702485846050016872258258033,7.4,6,6,6,4267.36,3914.98,352.38
101026639,AUS / Wrck (AUS) 7th Sep,R6 2015m Hcap,07-09-2014 07:41,7633926,6. Sudden Moment,1,5.301527839,5.02378198729984323057997773656830733466,4.79325151068237508536144474603894203456,6.8,5.3,5.5,5.5,6970.36,6243.28,727.08
101026639,AUS / Wrck (AUS) 7th Sep,R6 2015m Hcap,07-09-2014 07:41,8820899,5. Bench And Bar,0,8.4,7.61653466483620416039873940023179618217,7.43224344616666790686599150215422622724,9.8,7.8,42,5.1,2687.74,2235.4,452.34
101026639,AUS / Wrck (AUS) 7th Sep,R6 2015m Hcap,07-09-2014 07:41,6809872,1. Coogan,0,38,17.5514305043776161968555396467612519832,17.9419452887537993920972644376899696049,32,12,1,1001,690.9,679.74,11.16
101026639,AUS / Wrck (AUS) 7th Sep,R6 2015m Hcap,07-09-2014 07:41,7441811,9. Holy Lord,0,84.0746939896792,34.5878371957608855787327428029508236451,33.842975206611570247933884297520661157,90,65,1,1001,212.96,200.7,12.26
101026641,AUS / Wrck (AUS) 7th Sep,R7 1205m Hcap,07-09-2014 08:19,8230399,5. Napthine,0,17,10.973571460404758154401608191336127334,10.9624668426240135473927222453745047065,17.5,11.5,1,1001,3023.46,2980.12,43.34
101026641,AUS / Wrck (AUS) 7th Sep,R7 1205m Hcap,07-09-2014 08:19,3711080,6. Zellemsee,0,29.168279850594416,19.6319482991460505393469177435577218344,20.1270437171849070975815446557305693844,42,29,790,790,735.18,734.68,.5
101026643,AUS / Wang (AUS) 7th Sep,R1 2000m Mdn,07-09-2014 03:40,8820747,9. Siloso,0,11.779194288,11.7002827621040972372064051855841336793,10.5177497036158861885002963841138114997,12,10.5,1,1001,1079.68,910.46,47.26
101026649,AUS / Wang (AUS) 7th Sep,R4 1000m Mdn,07-09-2014 05:28,8820767,2. Jetello,1,3.405753788344592,3.86013018307069533717844683593670056326,2.90399206688968807216634291841962513997,8,2.46,3.75,1.01,28684.84,18444.92,7467.66
101026649,AUS / Wang (AUS) 7th Sep,R4 1000m Mdn,07-09-2014 05:28,8820770,8. Miss Mellencamp,0,9.917558638772753,8.50875315799158261790358649727410429972,7.71385575245069752639548994715656136449,10.5,7.6,13,11,5718.78,4952.16,45.68
101026649,AUS / Wang (AUS) 7th Sep,R4 1000m Mdn,07-09-2014 05:28,4823871,3. Oberon,0,116.47062458730767,157.977098944785399276312829507157798676,73.2454881050041017227235438884331419196,200,100,1,1001,195.04,82.86,.96
101026649,AUS / Wang (AUS) 7th Sep,R4 1000m Mdn,07-09-2014 05:28,8564230,9. Princess Lemoore,0,224.06783266423386,280.267665830767746899390226356488784901,97.1514862285246795745841287155713116989,360,210,1,1001,146.68,46.22,.84
101026649,AUS / Wang (AUS) 7th Sep,R4 1000m Mdn,07-09-2014 05:28,8744321,4. Old Tom,0,10.751953982636332,10.7419171731270638617339776442284441901,9.54767927434537052883792572308745507445,11.5,10,9.8,9.8,3505.8,2912.48,27.26
101026651,AUS / Wang (AUS) 7th Sep,R5 1000m Hcap,07-09-2014 06:04,8213537,3. Erghaam,0,10.5,7.89952975613078439434825793376598361375,8.19473207906644439152179090259585615623,10.5,9,11.5,11.5,2099.5,2043.46,56.04
101026651,AUS / Wang (AUS) 7th Sep,R5 1000m Hcap,07-09-2014 06:04,8478971,6. Its Poets Day,1,6.723280757732573,6.04788463283759503207193963881613805412,4.75293176215606241421851245664746355476,7,6.2,1.01,1.01,8932.58,6530.8,2401.78
101026657,AUS / Wang (AUS) 7th Sep,R8 1170m Hcap,07-09-2014 07:56,8122092,1. Auto Drafter,0,5.233257103703799,4.10716826996364247313255770574424744964,4.22165641594437012988154395389020623902,5,3.8,48,4.9,11378.06,10995.08,382.98
101026655,AUS / Wang (AUS) 7th Sep,R7 1590m Hcap,07-09-2014 07:18,8820782,7. Moment Of Design,0,7.36,6.77439192352040265485893390813789073765,6.11777262827592613618769418152166059392,7.2,6.56,8.8,8.8,3875.24,3183.52,102.82
101026655,AUS / Wang (AUS) 7th Sep,R7 1590m Hcap,07-09-2014 07:18,8820781,5. Bilo Bar,0,19.4445723389096144,21.6645275381886112630641665759550708097,17.4467028506852149553535900170308943607,22.4,19.2,1,1001,1256.54,944.44,.78
101026655,AUS / Wang (AUS) 7th Sep,R7 1590m Hcap,07-09-2014 07:18,8820783,8. Pedinbe,0,143.51020766,93.0748784081276042725650284618703336044,69.9555745076756086214917041401767715925,152,72,1,1001,257.96,182.86,.1
101026661,AUS / Mudg (AUS) 7th Sep,R2 1400m Mdn,07-09-2014 05:10,8820677,6. Slipper Dream,0,19.084583817704107,22.256336840954925607571617560045604399,15.7376797379573255362066732053963025335,26,19,1,1001,1080.74,730.44,0
101026675,AUS / PAug (AUS) 7th Sep,R2 1100m Mdn,07-09-2014 05:23,8820734,2. Shop Fraarn Wide,0,60,55.929690991854074191975397012515376663,22.12544438801422041645505332656170645,60,55,1,1001,157.52,48.98,.86
101026675,AUS / PAug (AUS) 7th Sep,R2 1100m Mdn,07-09-2014 05:23,7332695,1. Claremont Kid,0,27,27.5793789096742059045146764197653714202,17.0058399175541051185159738921332875301,28,21,1,1001,232.88,118.02,.86
101026681,AUS / PAug (AUS) 7th Sep,R5 1396m Hcap,07-09-2014 07:13,8820740,9. Comstrum,0,8.441971832253294,8.34410385898847462759095919428649160825,7.03495477386934673366834170854271356784,9.2,8.4,1,1001,2189,1678.7,16.88
101026683,AUS / PAug (AUS) 7th Sep,R6 1867m Hcap,07-09-2014 07:51,4941643,8. Wearethestorm,0,14.820011028421575,9.50522542090537653343665570528868725511,11.6846044597016739070996749400006075888,30,14.5,1000,1000,2633.36,2627.52,5.84
101026685,AUS / PAug (AUS) 7th Sep,R7 1498m Hcap,07-09-2014 08:27,3798781,4. St Ives,0,14,12.5995533726705342636554612609052526336,13.1793812350709568638471265982857945764,17.5,12,540,540,2277.44,2271.44,6
101026685,AUS / PAug (AUS) 7th Sep,R7 1498m Hcap,07-09-2014 08:27,5583134,9. Sombre,0,160,60.4063515137165880096430046655485935782,63.7877229080932784636488340192043895748,190,110,790,790,174.96,173,1.96
101026685,AUS / PAug (AUS) 7th Sep,R7 1498m Hcap,07-09-2014 08:27,8820742,7. Cardinal Mission,0,2.721931266,2.50473987181337559514633122775494003378,2.55694604231843105594240925757728664177,3.6,2.72,790,3.2,19025.28,17765.9,1259.38
101026685,AUS / PAug (AUS) 7th Sep,R7 1498m Hcap,07-09-2014 08:27,6547304,10. Retain Belief,0,211.000093132,117.223780409370763260257373620994523453,117.947275716298731798966651009863785815,270,95,1,1001,170.32,169.88,.44
101026688,AUS / Mree (AUS) 7th Sep,R1 950m Mdn,07-09-2014 03:45,8820705,11. Miss Anna,0,3.300494478,2.84098659741433976449734387889975873208,2.63493142842514609131550836985131383277,2.9,2.8,1,1001,8593.94,7354.86,130.22
101026688,AUS / Mree (AUS) 7th Sep,R1 950m Mdn,07-09-2014 03:45,8790576,2. Jenuine Wish,0,16.560573775258387,13.8391181107774309639755512088875640865,19.2257257893621529985166348802712439076,16.5,14.5,950,950,377.52,284.46,3.54
101026688,AUS / Mree (AUS) 7th Sep,R1 950m Mdn,07-09-2014 03:45,8127613,7. Little Hulla,0,53.99654169913382,38.516829064822918196649664926989959481,52.4561050797480230532100254657552606889,42,36,950,950,149.22,72.4,7.54
101026700,AUS / Mree (AUS) 7th Sep,R7 1400m Cup,07-09-2014 07:23,6056395,8. Monashee Woods,1,14.643421130464414,13.313358594979445895166105219904362278,7.08771888933927847588163761653830563437,15,13.5,14,1.06,2960.4,1192.82,1149.98
101026700,AUS / Mree (AUS) 7th Sep,R7 1400m Cup,07-09-2014 07:23,8820726,16. Dandy Kat,0,750,548.262043477639753103112275821722590496,284.588888888888888888888888888888888889,720,350,790,790,81,37.66,1.46
101026690,AUS / Mree (AUS) 7th Sep,R2 1300m Mdn,07-09-2014 04:21,8820711,14. Youthful Zeus,0,450,305.531856452738917554436763261411416604,139.310635042081101759755164498852333588,370,180,790,790,26.14,10.7,.46
101026692,AUS / Mree (AUS) 7th Sep,R3 1400m CL1,07-09-2014 04:57,8436950,10. Moss Garden,0,14,15.8859824391902568554397704759673875969,16.5481471967118361055808875473636889089,23,14,790,19,1557.1,1506,51.1
101026694,AUS / Mree (AUS) 7th Sep,R4 950m CL3,07-09-2014 05:33,8275465,7. Maboots,1,5.4,6.04850290296849364772340156344497878435,4.94282366750717328927919311364229197461,6.4,5.6,5.9,1.01,6900.6,5116.96,704.14
101026694,AUS / Mree (AUS) 7th Sep,R4 950m CL3,07-09-2014 05:33,7099266,11. Bis Kho Cho,0,100.07211076172075,127.776259545319330593230626459078863279,18.7824625109273081837132674332593638626,160,100,800,790,297.42,35.62,1.32
101026694,AUS / Mree (AUS) 7th Sep,R4 950m CL3,07-09-2014 05:33,7441931,8. Modest Option,0,96.876119221,92.3949393917979818008926439412086520039,32.6241168158266603862458784738577484692,110,75,790,790,382.14,100.5,1
101026696,AUS / Mree (AUS) 7th Sep,R5 1200m CL2,07-09-2014 06:09,8820719,1. Clint,0,4.041733051,4.03092727670416604086701573935679854842,3.73619700431092602081110130868772946339,4.4,3.9,4.3,3.95,10382.92,8237.86,716.5
101026696,AUS / Mree (AUS) 7th Sep,R5 1200m CL2,07-09-2014 06:09,8111993,9. Lady Primm,0,42,33.6387863555536567673144953371344024052,23.7253036227120168852288848136742673264,40,29,42,42,578.02,361.4,23.16
101026698,AUS / Mree (AUS) 7th Sep,R6 1200m Hcap,07-09-2014 06:45,5693047,3. Uno Joker,0,13.313726140804793,13.7508417573499646335413771505734653479,10.0249399606033622062117164521438786799,14.5,13,1,1001,1482.36,978.82,15
101026698,AUS / Mree (AUS) 7th Sep,R6 1200m Hcap,07-09-2014 06:45,6391652,10. Medal Of Glory,0,32.352108739539986,26.890031867738061850171355107643184241,22.6547137307224424125887846799827335871,32,19.5,32,32,1019.32,706.5,46.14
101026702,AUS / Mree (AUS) 7th Sep,R8 1000m Hcap,07-09-2014 08:01,8820727,8. Grand Condor,0,4.42195475252025,4.38960492199963336049914424778826764084,4.39757199878038639576461457438257061286,5.2,4.1,4.4,4.4,8658.48,8197.36,461.12
101026711,AUS / Hoba (AUS) 7th Sep,R4 1200m CL1,07-09-2014 05:37,7307796,14. Alive,0,135.401684209,198.926153157903145920209621498985444727,37.7967095618178856491285225606776347939,190,190,1,1001,122.78,10.64,.92
101026709,AUS / Hoba (AUS) 7th Sep,R3 1600m CL1,07-09-2014 05:01,8818223,10. Good Call Paul,0,23.368343825619664,23.6400927192117476121273007684897123507,13.0777627729011928876884987620976817466,30,21,95,95,355.44,147.82,5.86
101026709,AUS / Hoba (AUS) 7th Sep,R3 1600m CL1,07-09-2014 05:01,8818222,9. Geegees Lover Boy,0,110,116.548911643117536281358261210444098298,19.7955112219451371571072319201995012469,120,110,1,1001,128.32,12.52,.08
101026707,AUS / Hoba (AUS) 7th Sep,R2 1400m Mdn,07-09-2014 04:25,8818210,10. Sahara Girl,0,7.008807166145997,7.1502237032728695644172685318251412114,5.38485884232954545454545454545454545455,7.4,7,1,1001,901.12,412.98,67.24
101026707,AUS / Hoba (AUS) 7th Sep,R2 1400m Mdn,07-09-2014 04:25,8818211,11. Shenanigans Lator,0,137.86623295062924,166.374423809460690856504415817918336605,51.7943939393939393939393939393939393939,200,160,100,100,132,11.92,14.52
101026707,AUS / Hoba (AUS) 7th Sep,R2 1400m Mdn,07-09-2014 04:25,8508112,9. Princess Bombora,0,18,17.2507526872271939684624577629296627078,12.0452324987225344915687276443536024527,16.5,14.5,24,24,391.4,171.16,48
101026715,AUS / Hoba (AUS) 7th Sep,R6 1600m Hcap,07-09-2014 06:49,8705164,8. Zabibo,0,33.28753188086672,22.5707903583992950898877830645772585587,19.658342676587503822240342472734685557,21,21,1,1001,196.22,84.3,11.6
101026715,AUS / Hoba (AUS) 7th Sep,R6 1600m Hcap,07-09-2014 06:49,7373693,7. Roussos Destiny,0,6.6,7.28011853459042916233078967448786578118,5.87232330755440854255254657094111839541,8,7,6.4,4,2309.38,1517.24,337.36
101026705,AUS / Hoba (AUS) 7th Sep,R1 1100m Mdn,07-09-2014 03:49,8818188,2. Mel The Parrot,0,22,23.6191145780278461248497108218739532178,20.1162972620599739243807040417209908735,1,1001,1,1001,153.4,84.7,6.74
101026705,AUS / Hoba (AUS) 7th Sep,R1 1100m Mdn,07-09-2014 03:49,8818189,3. Tarkari,0,40,28.5923034281748118450802874628861610933,20.3669250645994832041343669250645994832,30,30,38,38,139.32,68.24,14.74
101026705,AUS / Hoba (AUS) 7th Sep,R1 1100m Mdn,07-09-2014 03:49,8818191,6. Maywyns Otra,0,141.32954731214795,100.363066582117144058674082759322327361,72.6865046102263202011735121542330259849,100,100,1,1001,23.86,12.66,.68
101026705,AUS / Hoba (AUS) 7th Sep,R1 1100m Mdn,07-09-2014 03:49,8818194,9. Gee Gees Supreme,0,19.69610708374065,18.9217609933715294636680080497358444084,9.16922577592732778198334595003785011355,21,17.5,1,1001,1056.8,425.76,375
101026705,AUS / Hoba (AUS) 7th Sep,R1 1100m Mdn,07-09-2014 03:49,8818200,13. Heaps Of Heart,0,79.684493668,105.128801776542290858243634612346223755,81.8497150997150997150997150997150997151,120,80,790,790,56.16,34.14,.78
101026721,AUS / Kalg (AUS) 7th Sep,R1 1100m Mdn,07-09-2014 06:17,8089787,1. Bravosi,0,2.655229438581701,3.24416004083897160428309368130611902087,2.39412813913804535915221425722020095287,4.5,2.94,2.96,2.12,14990.58,8059,854.02
101026723,AUS / Kalg (AUS) 7th Sep,R2 2200m Hcap,07-09-2014 06:53,6767145,4. Maussane,0,6.387591783261664,6.304662397548115268963361420189582361,4.93918314325791303287186680490333597609,6.8,6,6.8,3.4,3279.4,2061.92,716.3
101026723,AUS / Kalg (AUS) 7th Sep,R2 2200m Hcap,07-09-2014 06:53,5704019,6. The Sleeping Giant,0,36.337498046532275,27.8568490791524950774091130067893697799,25.5139231346483704974271012006861063465,36,17.5,790,790,746.24,536.44,1.68
101026725,AUS / Kalg (AUS) 7th Sep,R3 1600m Mdn,07-09-2014 07:31,8818713,2. Charliebegood,0,3.2,3.16901181564557646980075621312426236403,2.41554023913339288989333065131606193093,3.45,2.9,3.5,3.1,16902.7,9767.46,727.22
101026727,AUS / Kalg (AUS) 7th Sep,R4 1760m Hcap,07-09-2014 08:09,7596333,9. Big Smoke,0,145.71040356723591,152.45668606072291368205191780609636663,66.5593068035943517329910141206675224647,160,140,950,50,155.8,23.36,9.74
101026729,AUS / Kalg (AUS) 7th Sep,R5 1200m Hcap,07-09-2014 08:45,5725819,5. Garnesh,0,10.037664415,10.589866386463955236938040650208641881,8.53423218526569744794742595780505886936,19.5,9.6,1,1001,1591.66,1223.32,17.54
101026729,AUS / Kalg (AUS) 7th Sep,R5 1200m Hcap,07-09-2014 08:45,5779237,4. Bells Victory,0,17.519241155555928,19.6657747253487947871174801215852358542,12.4924915327004722606497161665792109908,23,18.5,1,1001,838.52,468.82,27.42
101026733,AUS / Kalg (AUS) 7th Sep,R7 1300m Hcap,07-09-2014 10:00,7038153,11. Real Glow,0,16.998734988329243109,17.6734036106204769839234412019876825779,13.2307622459811950257810130421595389748,20.83,16.1,25,25,1055.04,733.28,10.34
101026755,AUS / SCst (AUS) 7th Sep,R1 1200m Mdn,07-09-2014 03:31,6940779,11. Moroccan Rose,0,6.6,6.6301880095677415315174792137471434232,6.24688059141046702651959633888758507393,7.2,6,1,1001,4261,3811.24,33.62
101026755,AUS / SCst (AUS) 7th Sep,R1 1200m Mdn,07-09-2014 03:31,8820589,13. Bold Haven,0,26,28.7648150630038400131375733903116866021,21.9135838648508877779693156352353042579,42,18.5,1,1001,580.1,376.52,1.48
101026757,AUS / SCst (AUS) 7th Sep,R2 1600m Mdn,07-09-2014 04:07,4415370,5. Podium Princess,0,230.0963178244233,371.330220816078511544107266878721363999,128.774590885095900052789019883864156255,480,280,790,790,113.66,21.18,.76
101026759,AUS / SCst (AUS) 7th Sep,R3 1800m CL3,07-09-2014 04:43,902920,2. Hereafter,0,8.812061695610176,9.03802589595439059772948521222323027919,8.67661446377788049481757714876648151485,11,8.4,540,540,2552.86,2104.16,42
101026765,AUS / SCst (AUS) 7th Sep,R6 1200m CL2,07-09-2014 06:31,7447820,1. Neuschwanstein,0,4.7,4.05997607713378201430525436153900883557,4.16860988996696407668496215175714694483,4.6,4.1,4.6,4,7688.6,7094.22,594.38
101026765,AUS / SCst (AUS) 7th Sep,R6 1200m CL2,07-09-2014 06:31,8820611,9. Over The Choice,0,19.5,15.383990173025557156914106424011873783,16.2772494948294306430524188755497444431,20,17.5,18,18,1009.56,976.74,32.82
101026765,AUS / SCst (AUS) 7th Sep,R6 1200m CL2,07-09-2014 06:31,6401399,8. Murphys Prospect,0,28,15.2904528450569617570092036556338106624,16.1873220939625296401490476066393933867,28,26,28,28,767.54,661.72,105.82
101026765,AUS / SCst (AUS) 7th Sep,R6 1200m CL2,07-09-2014 06:31,7303154,5. Yahusha,0,15.373836799,11.9888052717828634847064278622295497208,15.0805671109601833771967060022073181085,16,13,1000,16.5,2120.22,1976.04,144.18
101026767,AUS / SCst (AUS) 7th Sep,R7 1400m CL1,07-09-2014 07:08,8563762,1. The Deestructor,0,4.9,5.17417342728285561800132356983534651389,5.0089944351833193907604503145729400103,6.6,3.75,990,990,19652.04,18246.36,143.34
101026769,AUS / SCst (AUS) 7th Sep,R8 1400m CL5,07-09-2014 07:46,5291751,7. Torcello,0,6.247666208182201,6.23282396409419228562362066890830474055,5.63991391798529084020503677289948740807,7,5.8,990,6,7897.12,6441.72,191.94
101026761,AUS / SCst (AUS) 7th Sep,R4 1000m 3yo,07-09-2014 05:19,8820601,8. Abracadash,0,2.12973509145304,2.10556625714614232552979045745140836095,1.97774265835569421441624191691595304429,2.7,2,1.89,1.53,37386.72,31184.28,2135.48
101026761,AUS / SCst (AUS) 7th Sep,R4 1000m 3yo,07-09-2014 05:19,8820602,9. All Assured,0,51.70336523279431,52.3739400745543607641660704067838007401,34.9513368227472061111897015136511529212,65,34,1,1001,706.9,403.04,6.56
101026761,AUS / SCst (AUS) 7th Sep,R4 1000m 3yo,07-09-2014 05:19,8820598,4. Spanish Saga,0,27,22.4565173791191956384635566307455958265,16.0930404381773686050576855844307190304,26,20,1,1001,858.1,570.86,35.28
101026761,AUS / SCst (AUS) 7th Sep,R4 1000m 3yo,07-09-2014 05:19,8820605,14. Periwinkle Star,0,66.33859111058527,172.304459259638059537574052468688763812,70.0884878474748944840634551011497598603,240,110,1,1001,274.84,105.44,.74
101026575,AUS / Laun (AUS) 7th Sep,R1 2200m Pace M,07-09-2014 08:31,5581033,8. Uncle Buzz,0,48,26.8184537979176305364399719642256349591,34.1838926174496644295302013422818791946,26,26,1,1001,29.8,26.78,.88
101026575,AUS / Laun (AUS) 7th Sep,R1 2200m Pace M,07-09-2014 08:31,8820363,6. Oscar Blakedon,0,46,23.1833810886401760463203927693840538939,26.1064486269669854983029929034248688676,17,17,1,1001,64.82,61.94,.94
101026581,AUS / Laun (AUS) 7th Sep,R4 2200m Pace M,07-09-2014 09:51,911095,8. Territorial,0,243.99130054623356,66.7943264553043628066635412649560125287,89.9824723247232472324723247232472324723,65,65,1,1001,21.68,16.16,.44
101026577,AUS / Laun (AUS) 7th Sep,R2 2200m Pace M,07-09-2014 09:00,7559891,7. Gavrail,0,21,18.9953960522809348319556189584516934332,17.4025191675794085432639649507119386638,21,21,1,1001,54.78,41.48,.82
101026577,AUS / Laun (AUS) 7th Sep,R2 2200m Pace M,07-09-2014 09:00,6111339,8. My Greek Mate,0,16.026150517,14.5164324265344873332679947830285322122,11.4058793192367199587416193914388860237,17,11,1,1001,387.8,223.88,.76
101026579,AUS / Laun (AUS) 7th Sep,R3 1680m Pace M,07-09-2014 09:29,8069294,2. Jazzy Jane,0,8.8,8.73162948510252556467467555139609653442,8.21613727637824023366192040890836071559,9.2,8.6,790,790,602.58,488.26,67.62
101026583,AUS / Laun (AUS) 7th Sep,R5 2200m Pace M,07-09-2014 10:20,1447316,8. Beef City Beau,0,274.30605223856867,173.495400122663395642782859123756699821,183.45537757437070938215102974828375286,1,1001,790,790,8.74,1.2,.7
101026585,AUS / Laun (AUS) 7th Sep,R6 2200m Pace M,07-09-2014 10:47,6214557,2. Another Jasper,0,3.0892,3.07927090444933885063880713681594052363,2.79475537925231398004567856713547301358,3.1,3,3,3,1164.66,617.02,375.34
101026587,AUS / Laun (AUS) 7th Sep,R7 2200m Pace S,07-09-2014 11:11,2340601,3. Like It Is,0,24.554773947,33.7436617088797744039570692274465298273,32.5651651651651651651651651651651651652,1,1001,1,1001,33.3,18.34,.66
101026593,AUS / Geel (AUS) 7th Sep,R2 2100m Pace M,07-09-2014 09:06,7206047,6. Never Let Me Go,0,69.982370353,42.3792501753510005219587363874000735896,50.2381125226860254083484573502722323049,70,70,1,1001,55.1,54.1,1
101026593,AUS / Geel (AUS) 7th Sep,R2 2100m Pace M,07-09-2014 09:06,7630798,4. Shes His Story,0,379.5208385755867,126.789992983990490331883542545109343194,140.357498223169864960909737029140014215,390,390,1,1001,28.14,27.46,.68
101026595,AUS / Geel (AUS) 7th Sep,R3 2100m Trot M,07-09-2014 09:37,8820295,11. Kadabra Dynasty,0,31.933119357423863,18.0774171668661204189833941365703899069,19.0240645986568596098496961944355612408,1,1001,1,1001,125.08,109.26,.88
101026597,AUS / Geel (AUS) 7th Sep,R4 2100m Pace M,07-09-2014 10:07,7070916,1. Alwynsart,0,1.7229155343305687,1.58525891606049899971669637337293642194,1.67982360436557034957803179996675961663,1.81,1.5,3.2,3.2,10830.2,10257.08,573.12
101026597,AUS / Geel (AUS) 7th Sep,R4 2100m Pace M,07-09-2014 10:07,8355517,3. Arts Rush,0,110,49.5767174334170158058846040634663732105,38.8269031462060456508328192473781616286,50,50,1,1001,64.84,38.94,25.9
101026597,AUS / Geel (AUS) 7th Sep,R4 2100m Pace M,07-09-2014 10:07,8820297,5. Lommel,0,60.507288211,39.8744214108832539449447761879985144412,50.3145416227608008429926238145416227608,65,65,1,1001,37.96,37.12,.84
101026599,AUS / Geel (AUS) 7th Sep,R5 2100m Pace M,07-09-2014 10:31,6113015,9. Illawong Kath,0,12,8.59474152104260015283331209401125657128,10.7948482709950599858856739590684544813,1,1001,1,1001,141.7,133.62,8.08
101026603,AUS / Geel (AUS) 7th Sep,R7 2100m Pace M,07-09-2014 11:19,8231154,5. Devine Hope,0,28,26.8024723753230524617819190389478436419,17.0543915343915343915343915343915343915,1,1001,1,1001,94.5,43.14,.58
101026603,AUS / Geel (AUS) 7th Sep,R7 2100m Pace M,07-09-2014 11:19,8820299,2. Lifes Tough,0,87.42560802217574,79.1882473524747105943313728712828717198,49.3817541111981205951448707909162098669,90,90,1,1001,51.08,14.42,6.42
101026607,AUS / Geel (AUS) 7th Sep,R9 2100m Pace M,07-09-2014 12:10,8820306,9. My Middle Boy,0,481.99175948984924,339.978531359680553564940887077151780387,1,1,1001,1,1001,0,.6,.04
101026591,AUS / Geel (AUS) 7th Sep,R1 2100m Pace M,07-09-2014 08:39,7820104,10. No Tomorrow,1,2.68,2.74388168123790890198917808209800989756,2.49827236302111173448426669965145096238,3,2.6,2.18,1.01,9054.68,6921.56,1767
101026591,AUS / Geel (AUS) 7th Sep,R1 2100m Pace M,07-09-2014 08:39,8655834,11. Anna Faye,0,7.4,6.13443160613993880502881972119480579354,5.78125681023111773814302919080116992602,7,5.6,1,1001,1394.96,1257.9,1.24
101026591,AUS / Geel (AUS) 7th Sep,R1 2100m Pace M,07-09-2014 08:39,5409026,6. Glenhuggard,0,116.05830825887541,117.33829664234489008327734637438870053,32.1046511627906976744186046511627906977,1,1001,1,1001,8.6,1.28,.42
101026605,AUS / Geel (AUS) 7th Sep,R8 2100m Pace M,07-09-2014 11:44,6430821,3. Exotic Native,0,4.499791238,4.29162829462204916412653947314397095237,4.30131398373650683107679072530263616067,4.6,4.2,790,790,1952.84,1710.06,.88
101026605,AUS / Geel (AUS) 7th Sep,R8 2100m Pace M,07-09-2014 11:44,5781775,4. All Aussie Star,0,30.002974257375538,28.3341632791424001036409398422002740482,12.5986341966241463728900914830563071769,1,1001,790,4.8,155.22,38.78,81.84
101026627,AUS / Bunb (AUS) 7th Sep,R10 2500m Pace S,07-09-2014 11:52,6943777,2. Bolshevic,0,10.25631407782658148,1,9.17684052642019195142755443867421017472,1,1001,1,1001,80.72,0,0
101026615,AUS / Bunb (AUS) 7th Sep,R4 2100m Pace M,07-09-2014 09:16,8820238,9. Maximum Velocity,0,14.5,1,10.1149364406779661016949152542372881356,1,1001,1,1001,113.28,0,0
101026615,AUS / Bunb (AUS) 7th Sep,R4 2100m Pace M,07-09-2014 09:16,8805569,10. American Voodoo,0,74.05484105334153,1,24.2466487935656836461126005361930294906,1,1001,1,1001,14.92,0,0
101026617,AUS / Bunb (AUS) 7th Sep,R5 2100m Pace M,07-09-2014 09:45,7937517,1. Addfueltofire,0,1.5663002097558365,1,1.4176725720120665260685015617074668304,1,1001,1,1001,11986.88,0,0
101026617,AUS / Bunb (AUS) 7th Sep,R5 2100m Pace M,07-09-2014 09:45,1402452,7. White Eagle,0,36,1,11.7182222222222222222222222222222222222,1,1001,1,1001,27,0,0
101026617,AUS / Bunb (AUS) 7th Sep,R5 2100m Pace M,07-09-2014 09:45,4361406,5. Island Reef,0,50,1,25.5,1,1001,1,1001,.6,0,0
101026621,AUS / Bunb (AUS) 7th Sep,R7 2100m Pace M,07-09-2014 10:39,8029045,3. Tom Henry,0,14,1,12.9481881470903248839700107104605498036,1,1001,1,1001,224.08,0,0
101026621,AUS / Bunb (AUS) 7th Sep,R7 2100m Pace M,07-09-2014 10:39,7704640,2. Windermere Lad,0,7.762024884371784,1,6.12209488883795553518221407288562915425,1,1001,1,1001,1047.12,0,0
101026625,AUS / Bunb (AUS) 7th Sep,R9 2100m Pace M,07-09-2014 11:27,5555471,2. Ardens Southee,0,4.4,1,3.36216159584276255133685357472131422345,1,1001,1,1001,238.62,0,0
101026629,AUS / Wrck (AUS) 7th Sep,R1 1005m Mdn,07-09-2014 04:39,8820877,8. Hampshire,0,6.903637208708098,5.14004771966730935128484017251482501249,5.51013231311384474826247267269227004274,7,5.9,100,100,2451.76,2408.72,43.04
101026629,AUS / Wrck (AUS) 7th Sep,R1 1005m Mdn,07-09-2014 04:39,8820872,1. Good Target,0,57.75898773376831,22.9372441177252312782444567368268972226,23.506457925636007827788649706457925636,80,50,1,1001,306.6,305.96,.64
101026631,AUS / Wrck (AUS) 7th Sep,R2 1005m 3yo,07-09-2014 05:15,8820879,1. Bar Date,0,85.07875801361166,189.89305401216011663432590294897962526,42.9643839924522368110700526770972560736,270,140,1,1001,254.38,50.68,.56
101026631,AUS / Wrck (AUS) 7th Sep,R2 1005m 3yo,07-09-2014 05:15,6719964,4. Jessies Boy,0,14.5,13.3517847244817045947089490046989767046,13.2477255451090218043608721744348869774,17,12,1000,1000,2499.5,2105.46,11.2
101026631,AUS / Wrck (AUS) 7th Sep,R2 1005m 3yo,07-09-2014 05:15,8820883,7. Mystery Inc,0,45.66141004269535,56.9124099580004433807782250011801267532,32.2078361981799797775530839231547017189,95,48,40,40,395.6,191.42,12.52
101026633,AUS / Wrck (AUS) 7th Sep,R3 1205m Mdn,07-09-2014 05:51,8820893,12. Valar Morghulis,0,3.0419544263821447,2.93629101756471351038598284524051186427,2.77378762529460203878808529971320668995,3.05,2.46,2.7,2.5,17608.5,15183.2,686.32
101026639,AUS / Wrck (AUS) 7th Sep,R6 2015m Hcap,07-09-2014 07:41,6416516,10. Skip The Faith,0,5.781575957621536,4.87416739750485506015942674765280044571,4.96104899675003532570298148933163769959,7,5.6,6.2,5.3,7926.24,7359.78,566.46
101026639,AUS / Wrck (AUS) 7th Sep,R6 2015m Hcap,07-09-2014 07:41,8529868,13. Red Caledonia,0,47.868231396,23.6125585585661879229092557643957989561,24.5175914466446644664466446644664466447,42,32,40,22,581.76,481.78,99.98
101026647,AUS / Wang (AUS) 7th Sep,R3 1170m 3yo,07-09-2014 04:52,8820764,9. Steel Moon,0,14,15.2365882717045071403282245487685453786,14.4503747725654615932283838303931650977,18,13,1,1001,2022.56,1857.44,20.26
101026647,AUS / Wang (AUS) 7th Sep,R3 1170m 3yo,07-09-2014 04:52,5217509,5. Gilchrist,0,20.152570269740966,19.9867590843193826515324412081947177504,14.9112330349408027721628645682933872365,23,18,790,790,692.6,390.66,10.88
101026643,AUS / Wang (AUS) 7th Sep,R1 2000m Mdn,07-09-2014 03:40,8820745,7. Murtajewel,0,38.81620827626437,35.9060928445550269084194404544016357715,25.0325501966466570068308838749741254399,40,30,32,32,386.48,223.64,29.54
101026645,AUS / Wang (AUS) 7th Sep,R2 1170m 3yo,07-09-2014 04:16,8820753,9. Quatre Belle,0,114.87243015686283,185.365317034722982212361695612618378828,64.6302694480660582355497609734897870491,200,160,1,1001,184.08,47.04,0
101026649,AUS / Wang (AUS) 7th Sep,R4 1000m Mdn,07-09-2014 05:28,8820776,15. Raise Your Spirits,0,65,75.9494119578689915561998866274317202642,76.7254980661169087061227468437568415675,110,38,1000,60,548.12,376.92,71.48
101026649,AUS / Wang (AUS) 7th Sep,R4 1000m Mdn,07-09-2014 05:28,8820768,5. Southern Sunday,0,19.679692759,20.7223150515068464903796015803290649826,15.3676641309829082754846946986684977951,22,19,1000,1000,1864.06,1182.14,39.78
101026653,AUS / Wang (AUS) 7th Sep,R6 1590m Hcap,07-09-2014 06:40,7191526,8. Bradman,0,7,6.00096346873015511338061553357194904265,5.69453218289780131906867876318077861887,6.8,5,800,6.8,8578.78,7345.22,289.2
101026659,AUS / Mudg (AUS) 7th Sep,R1 1600m CL1,07-09-2014 04:34,7398328,11. Ode To Caitlin,0,19.577665315,12.6303478467831308582225192919082377182,13.8452324842722186930060042213979794668,20,18,19,19,975.98,798.4,177.58
101026659,AUS / Mudg (AUS) 7th Sep,R1 1600m CL1,07-09-2014 04:34,8672291,4. Little Dusty,0,180.573949573,28.2203639400246372420983942941887571296,30.1310211946050096339113680154142581888,180,180,1,1001,134.94,134.14,.8
101026661,AUS / Mudg (AUS) 7th Sep,R2 1400m Mdn,07-09-2014 05:10,8820679,9. Elenas Joy,0,14,12.2705026815350970029507799853186012681,9.78052726815375003042867923303499703828,15,9.8,1,1001,2464.78,1877.9,5.76
101026661,AUS / Mudg (AUS) 7th Sep,R2 1400m Mdn,07-09-2014 05:10,8820681,14. Fastnic,0,22,19.4206095224682256678083621453356025008,13.9268252603420273239705741855354925002,24,8.6,1,1001,1046.7,720.78,.04
101026663,AUS / Mudg (AUS) 7th Sep,R3 1200m Mdn,07-09-2014 05:46,8178591,8. Hariata,0,18,20.9011650602681505199394262277450964617,17.7715573326104635402548116020601789103,28,18,22,22,1623.16,1334.46,58.04
101026665,AUS / Mudg (AUS) 7th Sep,R4 1200m CL1,07-09-2014 06:22,8707187,8. Isabelle Rose,0,5.663915638643665,5.34905645977800398335793051763367085221,4.88106423689443692451663575140789759529,7,5.3,1.06,1.06,4787.28,4110.32,676.96
101026667,AUS / Mudg (AUS) 7th Sep,R5 1400m CL3,07-09-2014 06:58,8820694,7. One More Knight,0,13.5,12.6551684272090333040431119673843587254,10.9248716720934686841601225818808657345,14,11,3.7,3.7,2088.4,1662.68,74.66
101026669,AUS / Mudg (AUS) 7th Sep,R6 1400m Hcap,07-09-2014 07:36,477248,4. Fireball,0,3.55,4.50990883724870496986506023373089653803,4.3351990007186612367817665377639368947,5.6,3.6,1000,4,12857.24,9618.62,780.48
101026669,AUS / Mudg (AUS) 7th Sep,R6 1400m Hcap,07-09-2014 07:36,3314934,7. Spice Of Life,1,3.943310481899843,3.71764028868392151255068322163783805909,3.03872096258118904833981568409556837124,4.3,3.2,5,3.15,26096.5,17672.58,1014.44
101026669,AUS / Mudg (AUS) 7th Sep,R6 1400m Hcap,07-09-2014 07:36,5705925,6. Private Taber,0,6,6.3439843363156773275673527083417229327,5.60027545632533520841464240672706922856,7,5.8,1,1001,6200.62,4917.1,79.36
101026671,AUS / Mudg (AUS) 7th Sep,R7 1200m Hcap,07-09-2014 08:14,8820697,5. Guepardo,0,1.9204938117209531,1.8750744875388911452605899058520658654,1.72034896272685140420310681812877391046,1.93,1.67,1.55,1.4,47987.36,37791.68,2157.76
101026671,AUS / Mudg (AUS) 7th Sep,R7 1200m Hcap,07-09-2014 08:14,7346681,1. Valcot,0,27,26.8969001592253879786876489331245999668,19.9265874990325184374343494653973308566,30,23,130,130,1808.82,1060.94,17.02
101026671,AUS / Mudg (AUS) 7th Sep,R7 1200m Hcap,07-09-2014 08:14,8820699,10. Atomic Blaze,0,166.00389908638056,223.019245779416186661834049551083835285,164.010625890890242322145911623687961643,280,160,950,790,154.34,98.1,3.64
101026673,AUS / PAug (AUS) 7th Sep,R1 1498m Mdn,07-09-2014 04:47,8820731,4. Delaway Brom,1,5.710959105882576,5.70247676869367941123961803530800950332,2.95663107875702134201935762988812333964,6,5.1,5.5,1.01,5593.66,1750.62,3321.16
101026675,AUS / PAug (AUS) 7th Sep,R2 1100m Mdn,07-09-2014 05:23,8774504,8. Valtone,1,4.773954849124856,4.25818308737122183064738008926891269353,2.54193593845847770943515095246779514896,4.5,3.95,1.2,1.2,4825.36,1910.82,2393.4
101026683,AUS / PAug (AUS) 7th Sep,R6 1867m Hcap,07-09-2014 07:51,5469145,5. Besa Bola,0,6.009769435127518,5.33170386248298033063707798013463940118,5.37730768039001012208473630936396124688,7.6,5.7,1,1001,3872.72,3756.32,116.4
101026685,AUS / PAug (AUS) 7th Sep,R7 1498m Hcap,07-09-2014 08:27,6430689,5. Triumphant One,0,7.069201513,6.21171858397143409041025675689817385895,6.32224904857388386463150141179359168474,8.4,7,790,790,4398.66,4361.26,37.4
101026677,AUS / PAug (AUS) 7th Sep,R3 1100m Hcap,07-09-2014 05:59,7141333,3. Rock Out,0,3.9,3.88765758262906339010334338360473312019,3.78662461863706271635614914860254592637,4.1,3.45,990,2.64,7984.52,6067.02,763.66
101026688,AUS / Mree (AUS) 7th Sep,R1 950m Mdn,07-09-2014 03:45,8615577,4. Romulyn,0,15.791564315,15.104941513980330254995307245640293214,3.93583393176473901350342865993607344513,16,15,2,1.06,1420.38,226.4,1117.28
101026688,AUS / Mree (AUS) 7th Sep,R1 950m Mdn,07-09-2014 03:45,8820704,9. Cedee Prince,0,10.5,12.0060440839504480761912791429207566607,15.092814889626316548838551435579281489,13,10,950,950,831.72,770.3,3.54
101026700,AUS / Mree (AUS) 7th Sep,R7 1400m Cup,07-09-2014 07:23,8820725,15. Dixie Miss,0,237.50703790380385,266.256911875148763107392988595851474437,112.540381069452980946527350952673632452,300,210,1,1001,162.7,50.34,11.58
101026690,AUS / Mree (AUS) 7th Sep,R2 1300m Mdn,07-09-2014 04:21,8820709,9. Divas Dane,0,9.466610919,8.19266981033536245015955443521200239963,7.11171032093174840048714386181581159197,9,7,790,790,1165.98,765.12,.88
101026690,AUS / Mree (AUS) 7th Sep,R2 1300m Mdn,07-09-2014 04:21,8820710,12. Seaside Tiger,0,93.92328669089827,57.7037206891537905388077771078283847791,47.7115675022651766837813349441256418001,90,42,790,790,132.44,77.84,.52
101026692,AUS / Mree (AUS) 7th Sep,R3 1400m CL1,07-09-2014 04:57,7280500,2. Ten Reasons,0,6.002141526144406,5.82615210322205651841512733627968800193,5.8940340925859250033939122068692783067,8,6.4,7.4,7.4,3388.42,2863.7,524.72
101026692,AUS / Mree (AUS) 7th Sep,R3 1400m CL1,07-09-2014 04:57,8453148,3. Against,0,12.66750671464164,10.6016988768702318671197686577839506109,10.9158150391117840020186727226848347212,14.5,10,1,1001,951.12,945.24,5.88
101026692,AUS / Mree (AUS) 7th Sep,R3 1400m CL1,07-09-2014 04:57,8820716,7. Kalahari Kisses,0,52.58555890679244,18.8397833675625737450357107001270172427,20.1697062356667030686906191984274325653,70,34,46,46,183.14,171.52,11.62
101026694,AUS / Mree (AUS) 7th Sep,R4 950m CL3,07-09-2014 05:33,6519194,10. Custody Battle,0,26,22.3851011139936612060269700317896784766,15.1978876587651973103307749779256944916,27,20,790,790,1177.84,696.28,.94
101026694,AUS / Mree (AUS) 7th Sep,R4 950m CL3,07-09-2014 05:33,984269,6. Magic Flight,0,15.102815469564518,16.336678559846284064922184762976505139,9.56794720659188410728826124472855875454,17,16,790,790,1645.66,676.1,26.18
101026696,AUS / Mree (AUS) 7th Sep,R5 1200m CL2,07-09-2014 06:09,6600495,4. Rip Rip Woodchip,0,15,14.7276443663324490433347839080624464734,10.9195179285318900301371548065686696599,20,12.5,14,14,1625.9,949.72,202.4
101026702,AUS / Mree (AUS) 7th Sep,R8 1000m Hcap,07-09-2014 08:01,4564781,3. Merconman,0,7.673506078540814,6.66872405627925963264605856783980092267,6.65481867847848561548607892766746283555,7.8,7,1,1001,4488.16,4405.5,82.66
101026702,AUS / Mree (AUS) 7th Sep,R8 1000m Hcap,07-09-2014 08:01,8456477,11. Clunes Rocket,0,20,12.8969848940475878633494161118931947899,13.195225568854399579113507825858213863,21,15,60,60,1520.6,1469.3,51.3
101026711,AUS / Hoba (AUS) 7th Sep,R4 1200m CL1,07-09-2014 05:37,8818225,4. Qui Samer,0,10.86672185132658,11.6926324819245869276986100340468566257,7.24695305261963735370303843899487606118,12,10.5,1,1001,1057.78,510.82,1.2
101026711,AUS / Hoba (AUS) 7th Sep,R4 1200m CL1,07-09-2014 05:37,8818227,7. Stingem,0,154.12560849968347,77.9261069482492504167330727398912402587,67.2743610882110469909315746084089035449,95,50,1,1001,121.3,51.84,1.2
101026719,AUS / Hoba (AUS) 7th Sep,R8 1400m Hcap,07-09-2014 08:05,3954980,4. Prince Obama,0,13.577007169802673,11.6063490651249833735028288132200683593,7.73437762699651735318842320163324126336,12.5,10.5,12.5,12.5,1332.32,701.26,71.3
101026719,AUS / Hoba (AUS) 7th Sep,R8 1400m Hcap,07-09-2014 08:05,4116172,1. Lightly Spiced,0,50.41971272073701,61.3551685981783861634653290443885469284,27.0433946700507614213197969543147208122,70,50,70,36,315.2,77.18,80.38
101026719,AUS / Hoba (AUS) 7th Sep,R8 1400m Hcap,07-09-2014 08:05,8818239,11. Gee Gee Black Fury,0,26.68897881232202,20.7911051718434281359880725748453450944,15.7744663820704375667022411953041622199,26,21,24,24,374.8,191.16,26.96
101026719,AUS / Hoba (AUS) 7th Sep,R8 1400m Hcap,07-09-2014 08:05,5890239,3. Clan Mcleod,0,7.8,6.47700287278839466006104711309658272569,5.82970473995593960862918608356695193538,8,5.6,8,6.2,4330.42,3336.02,232.2
101026719,AUS / Hoba (AUS) 7th Sep,R8 1400m Hcap,07-09-2014 08:05,6884743,13. Isometry,0,37.290326533763434,52.3932600934552892258378271826362505178,33.8815291445874337623012869038607115821,95,38,1,1001,369.88,209.82,1.7
101026709,AUS / Hoba (AUS) 7th Sep,R3 1600m CL1,07-09-2014 05:01,6496736,4. Make Us Richo,0,12.5,10.4816745858428630248129165981826013923,8.24885759150832004479555939672067290721,14,5.6,13,10,1643.02,1076.26,97.88
101026709,AUS / Hoba (AUS) 7th Sep,R3 1600m CL1,07-09-2014 05:01,8818221,8. Gee Gees Prairie,0,28.77254017,18.9175981341231209122031639915256478005,11.1142492036447144232906141195644121787,21,18,48,48,539.96,193.34,8.14
101026717,AUS / Hoba (AUS) 7th Sep,R7 1100m CL2,07-09-2014 07:27,7683704,2. Mrs Begley,0,4.368645090115097,2.95535025431765038325743977592514645048,3.45598329230836255908684950007624109613,4.6,4.3,27,4.8,3672.56,3368.4,304.16
101026707,AUS / Hoba (AUS) 7th Sep,R2 1400m Mdn,07-09-2014 04:25,8818206,3. Positive Strategy,0,23.34081034265031,23.2864222400228413718698293662973222636,7.61513691558920407059633253035740622388,1,1001,12,12,406.82,34.94,139.86
101026705,AUS / Hoba (AUS) 7th Sep,R1 1100m Mdn,07-09-2014 03:49,8818197,11. Bachelor Fever,0,29.989280494302356,35.4157655410611409560387711862146893459,31.0573979591836734693877551020408163265,42,42,1,1001,125.44,90,.68
101026705,AUS / Hoba (AUS) 7th Sep,R1 1100m Mdn,07-09-2014 03:49,8818203,15. Keiths Boy,0,50,56.1263880270744637486476980310990062529,46.949576739050423260949576739050423261,65,44,140,50,163.02,75.78,12.62
101026727,AUS / Kalg (AUS) 7th Sep,R4 1760m Hcap,07-09-2014 08:09,7631022,6. Whirling Lass,0,8.959760461585685,7.94328963197646290410563794316111523766,6.11976703141546064242852100247087892693,8.8,7.4,1,1001,1586.48,877.8,94.52
101026727,AUS / Kalg (AUS) 7th Sep,R4 1760m Hcap,07-09-2014 08:09,7087643,8. Slam Master,0,18.776851033,18.7478364432917924091016379803214600604,15.2834001603849238171611868484362469928,22,16.5,1,1001,872.9,642.92,.44
101026729,AUS / Kalg (AUS) 7th Sep,R5 1200m Hcap,07-09-2014 08:45,7398431,8. Lauras Sky,0,12,12.5362833746451869435255989800019712534,10.0470231471177387046516803917204540396,18,11,12,12,1797.2,1253.72,54.4
101026731,AUS / Kalg (AUS) 7th Sep,R6 1400m Hcap,07-09-2014 09:25,3320596,3. Wookah,0,17.87986215085068,11.847498937692025515378692239393756614,12.0875317258883248730964467005076142132,18,11,790,790,1576,1575.4,.6
101026731,AUS / Kalg (AUS) 7th Sep,R6 1400m Hcap,07-09-2014 09:25,4134580,8. Amelia Storm,0,70,40.1022993955333495657733835288320281514,40.9753886913476957400822700969113853448,140,30,790,790,573.72,572.82,.9
101026731,AUS / Kalg (AUS) 7th Sep,R6 1400m Hcap,07-09-2014 09:25,6042993,11. Private Business,0,25.81381356178084,18.2596900367903672644446945366430027223,18.3077019317385647082374136723050745671,29,21,790,10,799.28,747.12,52.16
101026731,AUS / Kalg (AUS) 7th Sep,R6 1400m Hcap,07-09-2014 09:25,6274980,10. Hussation,0,38,21.5308114798990514897641985796449017529,22.1653570804958966299982538851056399511,75,30,790,790,572.7,572.18,.52
101026731,AUS / Kalg (AUS) 7th Sep,R6 1400m Hcap,07-09-2014 09:25,5692940,1. Akhedasset,0,9.170833532,6.76924519489128504440134767121463791116,6.9022932928859457659724020568976360475,9.2,8,790,790,2703.1,2679.52,23.58
101026733,AUS / Kalg (AUS) 7th Sep,R7 1300m Hcap,07-09-2014 10:00,6061673,5. Harveys Loss,1,15.745405904756679125,16.9282568722828768594455557053227963297,12.3622949548602137121569955528621209016,18.94,14.68,10,10,2244.14,1460.8,352.78
101026733,AUS / Kalg (AUS) 7th Sep,R7 1300m Hcap,07-09-2014 10:00,8291832,4. Outlast Religion,0,14.205492779026,11.7538139571727011950840274152662151989,11.2535580746959159287968381384233585588,13.73,7.58,1,1001,3263.9,2933.96,28.72
101026733,AUS / Kalg (AUS) 7th Sep,R7 1300m Hcap,07-09-2014 10:00,8162127,9. Responsive,0,15.6255,17.8159778482619685791994451683663591913,15.4404975231111284471662050941997893669,37.88,13.26,95,95,1025.48,814.5,14.64
101026755,AUS / SCst (AUS) 7th Sep,R1 1200m Mdn,07-09-2014 03:31,8820591,15. Rosies Command,0,5.281403345318248,4.95270396884948878500659914780305177917,4.76299112394084183919184371597778212354,5.5,4.2,1,1001,6852.14,6313.9,154.6
101026757,AUS / SCst (AUS) 7th Sep,R2 1600m Mdn,07-09-2014 04:07,8790056,3. Casino Blue,1,3.7541296925307868,4.1442558110020808323134030881615533722,3.8501812644277310298607491250279246407,5.4,3.8,1,1001,13429,11810.1,1031.44
101026757,AUS / SCst (AUS) 7th Sep,R2 1600m Mdn,07-09-2014 04:07,7051339,8. Eyeforit,0,9.4,10.6198110376923990539009890717324512033,9.56758290427946631235121519127498200742,23,9.4,1,1001,3612.6,3169.62,.08
101026759,AUS / SCst (AUS) 7th Sep,R3 1800m CL3,07-09-2014 04:43,8469316,4. Dayuan,0,140,79.7504499678367292042124761736809141692,42.1137855579868708971553610503282275711,130,65,1,1001,109.68,48.12,1.12
101026763,AUS / SCst (AUS) 7th Sep,R5 1000m CL1,07-09-2014 05:55,8820607,7. My Bling,0,5,4.34568844937151537400386330253462828063,4.04322572977988712940568003772494257594,5,4.2,5,4.6,10518.24,8873.88,394.3
101026763,AUS / SCst (AUS) 7th Sep,R5 1000m CL1,07-09-2014 05:55,7286295,3. Kiss My Brass,0,23,27.0105212077917152600943544367929879731,20.1337341714493941878473171176095472351,30,23,1,1001,658.62,455.9,8.42
101026763,AUS / SCst (AUS) 7th Sep,R5 1000m CL1,07-09-2014 05:55,762128,1. Swerve,0,3.380433400689144,3.37935312369944490766658152675273501365,2.76370126560635006231031523429664971081,3.5,3.25,3.4,3,12164.92,8050.74,839.64
101026763,AUS / SCst (AUS) 7th Sep,R5 1000m CL1,07-09-2014 05:55,8378306,5. Hidden Pleasures,0,13.5,13.0041205084973505477477544371341827268,12.1241516802102948424684368167629254237,15,11.5,1,1001,3165.08,2819.58,59.72
101026765,AUS / SCst (AUS) 7th Sep,R6 1200m CL2,07-09-2014 06:31,8355693,2. Gotta Love Darci,1,3.8958505431251975,3.70608782938393403283113119139244736065,3.23842341275042598884867061231485869269,4.5,3.8,4.4,1.01,15868.96,12509.96,3359
101026767,AUS / SCst (AUS) 7th Sep,R7 1400m CL1,07-09-2014 07:08,8352823,2. Warrior Sky,0,8.11292096812074,7.53288718433106069549668261745504819035,7.02766350941168480390364190145811891689,8.2,6.8,990,990,3828.22,3021.44,14.78
101026769,AUS / SCst (AUS) 7th Sep,R8 1400m CL5,07-09-2014 07:46,8482425,6. Heres Roger,1,4,4.21971302631426305974116368957638297256,3.21270019486355102488736768112374280384,4.4,3.95,3.9,1.06,13486.36,8456.18,3531.32
101026769,AUS / SCst (AUS) 7th Sep,R8 1400m CL5,07-09-2014 07:46,8790551,8. River Of Glory,0,58.03356988531558,48.5588114624495796395005681622744458519,30.659687446036953893973407010878950095,65,40,55,55,463.28,261.36,9.04
101026769,AUS / SCst (AUS) 7th Sep,R8 1400m CL5,07-09-2014 07:46,3740199,1. New Day Rising,0,6.458673956,4.8722644394669191040964769344760178289,4.47812928702210805345284617276528297762,5.9,4,990,3,11709.76,9509.74,556.82
101026575,AUS / Laun (AUS) 7th Sep,R1 2200m Pace M,07-09-2014 08:31,5986787,4. Dirty Diesel,0,3.05,3.37201582329800286996777330455349763184,3.30492389952748072618751554339716488436,3.6,3.25,3.6,3.25,2412.6,1390.92,882.46
101026575,AUS / Laun (AUS) 7th Sep,R1 2200m Pace M,07-09-2014 08:31,8820364,7. Nohowtofoldem,0,34,35.6460931232090630099680704057287185816,42.1793193717277486910994764397905759162,1,1001,1,1001,30.56,27.02,.9
101026581,AUS / Laun (AUS) 7th Sep,R4 2200m Pace M,07-09-2014 09:51,8185528,4. Stitchintime,0,20.587495244328167,19.4453358827294817584397889721094014415,19.6344309598574217092421284901977425104,21,18.5,790,790,235.66,184.6,1.76
101026577,AUS / Laun (AUS) 7th Sep,R2 2200m Pace M,07-09-2014 09:00,4857674,9. Willie Winalot,0,131.90940054111184,45.7083393130876634076831230900525200254,50.4082714740190880169671261930010604454,46,46,1,1001,18.86,14.34,.6
101026577,AUS / Laun (AUS) 7th Sep,R2 2200m Pace M,07-09-2014 09:00,6341856,4. Saloon In Sight,0,45,45.461160288527408760594785552137762435,146.159340659340659340659340659340659341,1,1001,790,790,3.64,1.34,1.3
101026579,AUS / Laun (AUS) 7th Sep,R3 1680m Pace M,07-09-2014 09:29,8790484,8. Angkristy,0,44,38.0927572315112614825652242199824681258,49.37585943468296409472880061115355233,44,44,790,790,26.18,20.68,.98
101026589,AUS / Laun (AUS) 7th Sep,R8 2200m Pace M,07-09-2014 11:35,7553952,7. Heres Your Chocky,0,130,56.2415434471110205024351440086554224454,29.9592233009708737864077669902912621359,1,1001,1,1001,20.6,6.2,.18
101026595,AUS / Geel (AUS) 7th Sep,R3 2100m Trot M,07-09-2014 09:37,5796035,8. Drop Of Paradise,0,69.90639489468226,40.4400923015143843344560735039302863092,45.7326962809917355371900826446280991736,75,65,1,1001,77.44,76.66,.78
101026595,AUS / Geel (AUS) 7th Sep,R3 2100m Trot M,07-09-2014 09:37,8559364,9. Pride Of Sundon,0,4.285388290793917,3.23819114570802703716452301014447174938,3.60367278196932480978021714258282861418,5.7,2.56,21,5,9998.96,9283.56,715.4
101026597,AUS / Geel (AUS) 7th Sep,R4 2100m Pace M,07-09-2014 10:07,8166195,8. Wassaly,0,140,90.9363723736876041704685085830383104006,103.273214285714285714285714285714285714,150,140,790,790,22.4,21.7,.7
101026599,AUS / Geel (AUS) 7th Sep,R5 2100m Pace M,07-09-2014 10:31,4905019,5. Blissfull Mood,0,55.865962175,35.9812215777574680720571914535319440053,49.7883917775090689238210399032648125756,100,100,790,790,33.08,32,1.08
101026599,AUS / Geel (AUS) 7th Sep,R5 2100m Pace M,07-09-2014 10:31,6585521,10. Washies Chance,0,127.499646501,22.1770811333919687325397058784215493112,27.9092409240924092409240924092409240924,1,1001,1,1001,24.24,23.94,.3
101026603,AUS / Geel (AUS) 7th Sep,R7 2100m Pace M,07-09-2014 11:19,4426729,9. This Is Your Life,0,250.129561015,179.165478896807354617635882427450483663,63.2919708029197080291970802919708029197,170,170,1,1001,19.18,6,.24
101026607,AUS / Geel (AUS) 7th Sep,R9 2100m Pace M,07-09-2014 12:10,5242268,2. Cool Falcon,0,300,59.1386304949755778863205052421989235603,1,1,1001,790,790,0,3.6,.64
101026607,AUS / Geel (AUS) 7th Sep,R9 2100m Pace M,07-09-2014 12:10,7814225,5. What A Sheila,0,36,45.4642151361664505294436040577713368709,1,50,50,790,790,0,20.16,.72
101026605,AUS / Geel (AUS) 7th Sep,R8 2100m Pace M,07-09-2014 11:44,7019832,6. Kings Business,0,221.5519492062098,1,57.2981298129812981298129812981298129813,1,1001,790,110,18.18,0,6.3
101026623,AUS / Bunb (AUS) 7th Sep,R8 2100m Pace M,07-09-2014 11:03,7211143,8. Guns With Cows,0,21.822045632775716,1,11.8190196078431372549019607843137254902,1,1001,1,1001,51,0,0
101026623,AUS / Bunb (AUS) 7th Sep,R8 2100m Pace M,07-09-2014 11:03,8724776,2. Major Presley,0,8.4,1,2.85129490392648287385129490392648287385,1,1001,1,1001,143.64,0,0
101026623,AUS / Bunb (AUS) 7th Sep,R8 2100m Pace M,07-09-2014 11:03,7374381,10. Walter James,1,9.319349719109011,1,4.67377777777777777777777777777777777778,1,1001,1,1001,171,0,0
101026619,AUS / Bunb (AUS) 7th Sep,R6 1609m Pace M,07-09-2014 10:12,4896974,5. Big Shot Barbie,0,22,1,40.7319884726224783861671469740634005764,1,1001,1,1001,13.88,0,0
101026619,AUS / Bunb (AUS) 7th Sep,R6 1609m Pace M,07-09-2014 10:12,6517580,6. Diamonds A Blaze,1,4.4,1,3.78498604570033141461712890284318855747,1,1001,1,1001,458.64,0,0
101026627,AUS / Bunb (AUS) 7th Sep,R10 2500m Pace S,07-09-2014 11:52,6237476,5. Cobo Bay,0,26.628,1,20.9967637607784316400840240990426114451,1,1001,1,1001,2.98,0,0
101026627,AUS / Bunb (AUS) 7th Sep,R10 2500m Pace S,07-09-2014 11:52,8820244,11. Thirtyeightspecial,1,2.6628,1,2.38497879331129599867318244898049313644,1,1001,1,1001,2292.2,0,0
101026613,AUS / Bunb (AUS) 7th Sep,R3 2100m Pace M,07-09-2014 08:52,8820233,12. Lifesagrin,0,35.802382595,1,,1,1001,1,1001,12.44,0,0
101026617,AUS / Bunb (AUS) 7th Sep,R5 2100m Pace M,07-09-2014 09:45,5669345,8. Because Your Mine,0,50,1,25.5,1,1001,1,1001,.6,0,0
101026621,AUS / Bunb (AUS) 7th Sep,R7 2100m Pace M,07-09-2014 10:39,5318769,5. The Oyster Bar,0,11.5,1,10.1155376891734575087310826542491268917,1,1001,1,1001,549.76,0,0
101026621,AUS / Bunb (AUS) 7th Sep,R7 2100m Pace M,07-09-2014 10:39,7559713,12. Im Clean Cut,0,34.35160082475284,1,17.2718446601941747572815533980582524272,1,1001,1,1001,16.48,0,0
101026625,AUS / Bunb (AUS) 7th Sep,R9 2100m Pace M,07-09-2014 11:27,5325896,3. Domino Bromac,0,16,1,8.5,1,1001,1,1001,1.52,0,0
101026629,AUS / Wrck (AUS) 7th Sep,R1 1005m Mdn,07-09-2014 04:39,8820874,3. Valiant Occasions,0,26.745078982,8.43218596040663434151206533352122218155,8.90480390122432039842290931728574393028,27,27,1,1001,385.52,384.88,.64
101026631,AUS / Wrck (AUS) 7th Sep,R2 1005m 3yo,07-09-2014 05:15,8820884,8. Amanzi,0,18,17.0980277018168313015631525481862760635,13.226980308295464670765392497549674775,23,16,1,1001,1122.3,815.16,6.66
101026631,AUS / Wrck (AUS) 7th Sep,R2 1005m 3yo,07-09-2014 05:15,8820885,9. My Girl Shirl,0,28,26.5854562275431322883033242926298846159,13.080018501387604070305272895467160037,27,24,1,1001,475.64,217.98,.58
101026631,AUS / Wrck (AUS) 7th Sep,R2 1005m 3yo,07-09-2014 05:15,4996202,3. His Mistake,0,41.87730729741334,44.6378509799197325293620109239683657779,17.4598459845984598459845984598459845985,50,42,1,1001,309.06,92.24,.88
101026635,AUS / Wrck (AUS) 7th Sep,R4 1005m Hcap,07-09-2014 06:27,8820898,8. Maasai Justice,0,16,16.2174078499963060549827061820626428832,13.4584523594286747423612366660640028928,17,15,15.5,12.5,1106.2,631.98,232
101026635,AUS / Wrck (AUS) 7th Sep,R4 1005m Hcap,07-09-2014 06:27,8820895,5. Johnny Roo Boy,0,2.6504065981253917,2.88432679615748574236811916732192190137,2.50842501285671437548708082513790451092,3.4,2.72,17.5,2.08,31539.94,21231.36,1763.22
101026637,AUS / Wrck (AUS) 7th Sep,R5 1815m Hcap,07-09-2014 07:03,4958482,6. Musee Market,0,36,28.9232524170799867838655603032598618492,21.2875796603701583667239076512116008395,34,19,8,8,1048.2,715.38,85.6
101026637,AUS / Wrck (AUS) 7th Sep,R5 1815m Hcap,07-09-2014 07:03,8768331,5. Giddyup Kirky,0,8.6,8.39213972981622742949768606882598603245,7.68190133016444972591712347146088089853,9.2,7.2,300,300,2608.7,2177.68,95.22
101026633,AUS / Wrck (AUS) 7th Sep,R3 1205m Mdn,07-09-2014 05:51,8820891,7. Toakio Tower,0,12.760258697,11.1395679196821842887161092983445293395,10.0267941855932767357182921843954100792,14,8,1,1001,2103.74,1810.92,2.92
101026639,AUS / Wrck (AUS) 7th Sep,R6 2015m Hcap,07-09-2014 07:41,8820900,12. Existence,0,55.27482972474769,36.3877766283324606196646341772058096126,36.20705778127768481149719460576828428,65,40,1,1001,406.36,395.12,11.24
101026641,AUS / Wrck (AUS) 7th Sep,R7 1205m Hcap,07-09-2014 08:19,6922527,1. Cast Iron,0,3.6372218434487156,3.25218024326029512121345826354820770214,3.2738378504145749901291669016865023408,3.75,3.2,3.95,3.7,14183.2,13476.42,706.78
101026641,AUS / Wrck (AUS) 7th Sep,R7 1205m Hcap,07-09-2014 08:19,6162032,11. Madam Maher,0,60,29.2197254940542939663856178648165697481,29.342490268891772180215650306473983267,65,42,1,1001,447.02,446.92,.1
101026641,AUS / Wrck (AUS) 7th Sep,R7 1205m Hcap,07-09-2014 08:19,6598910,3. Del Cavallo,0,30,18.6829689602888180583964467895266690135,18.8212374363660096593134055606317713092,32,13.5,790,790,2451.52,2448.72,2.8
101026643,AUS / Wang (AUS) 7th Sep,R1 2000m Mdn,07-09-2014 03:40,8820746,8. Raggerty,0,13.5,12.9891503121446043285052980203107162079,11.0155383466740749743892486934176028337,14.5,12,11,6,2303.72,1632.74,492.38
101026645,AUS / Wang (AUS) 7th Sep,R2 1170m 3yo,07-09-2014 04:16,8820749,5. Orange River,0,9.6,9.6705882032566083517308136294297172617,9.18145006029576660249222501956967863414,12,8.6,1,1001,6617.38,6187.6,17.22
101026651,AUS / Wang (AUS) 7th Sep,R5 1000m Hcap,07-09-2014 06:04,8169624,2. Calke Abbey,0,6.10384858068952,5.38335661408525063446868447282743682672,5.51961186530825118637591205068755583325,7.2,5.1,11,11,7746.28,7535.04,211.24
101026651,AUS / Wang (AUS) 7th Sep,R5 1000m Hcap,07-09-2014 06:04,5088287,7. Thebarwonprince,0,21,14.9306730105481733047658260346618564377,15.4027087176196968481834950677680648007,21,17.5,1,1001,997.52,993.72,3.8
101026657,AUS / Wang (AUS) 7th Sep,R8 1170m Hcap,07-09-2014 07:56,8820790,11. O Sole Mio,0,11.513872690857392,8.55548043307448934432585105927527701061,8.63567068642359514800014145772182339003,11.5,9.8,1,1001,2827.7,2796.76,30.94
101026653,AUS / Wang (AUS) 7th Sep,R6 1590m Hcap,07-09-2014 06:40,7142014,6. Tronador,0,19,15.9250873967263840837719132864325891339,14.5381882264258574499078120384235349245,17.5,13.5,800,800,1963.38,1574.14,34.56
101026653,AUS / Wang (AUS) 7th Sep,R6 1590m Hcap,07-09-2014 06:40,6893050,4. The Hotz,0,41.817459277526936,53.9560173460359734966879454184941133188,37.656457983875331421459877712245008387,75,40,800,800,739.24,463.1,3.68
101026655,AUS / Wang (AUS) 7th Sep,R7 1590m Hcap,07-09-2014 07:18,8820787,15. Shivoo,0,20,21.2659175798515119068431775651188686678,15.8226709144572666354204932672941236082,23.2,18.4,8,8,1578.86,1135.34,206.76
101026655,AUS / Wang (AUS) 7th Sep,R7 1590m Hcap,07-09-2014 07:18,5796118,13. Tiger Tuff,0,72.82855628031492,43.5641783954412945212053378850003927933,37.4150437543936198579497248684944125276,68,35.2,1,1001,825.06,615.82,.1
101026659,AUS / Mudg (AUS) 7th Sep,R1 1600m CL1,07-09-2014 04:34,5923756,2. Foxworthy,0,85.72919618676767,12.7139074003466767052895485722175072869,12.8553484528509778716371315765310807088,95,80,1,1001,217.82,211.96,5.86
101026659,AUS / Mudg (AUS) 7th Sep,R1 1600m CL1,07-09-2014 04:34,8378118,10. Hollywood Nell,0,24,13.7240315612544972543511209929572984053,13.8013186924657013161565186518905485254,25,11,1,1001,788.66,788.54,.12
101026661,AUS / Mudg (AUS) 7th Sep,R2 1400m Mdn,07-09-2014 05:10,8820678,7. The Powerful Nomad,0,28.723549505238196,34.9692356876309860539919519304605646273,20.3000472515356749094345566230902504331,50,30,1,1001,507.92,273.76,0
101026661,AUS / Mudg (AUS) 7th Sep,R2 1400m Mdn,07-09-2014 05:10,3612914,8. Classic Attitude,0,46.33157080154439,37.5470643466756310951931872899108496444,23.0568923746560998644930809345871145239,60,13,40,40,487.06,281.7,11.48
101026665,AUS / Mudg (AUS) 7th Sep,R4 1200m CL1,07-09-2014 06:22,8793259,2. Coming Or Not,0,8.93324156065006,7.60864837391050563913692336776902193458,7.74260253758809487183869736384820050023,10,8.6,200,200,3510.42,3502.24,8.18
101026665,AUS / Mudg (AUS) 7th Sep,R4 1200m CL1,07-09-2014 06:22,8820693,10. Willywhoosh,0,95.655722996518,51.4387160078925564182529215430862560917,68.7933756166314305849189570119802677942,130,42,990,790,283.8,277.58,6.22
101026665,AUS / Mudg (AUS) 7th Sep,R4 1200m CL1,07-09-2014 06:22,6187678,12. Rapido Cavallo,0,140,44.6207732722618887242354843055368449414,44.6207732722618887242354843055368449414,140,80,1,1001,148.46,148.46,0
101026665,AUS / Mudg (AUS) 7th Sep,R4 1200m CL1,07-09-2014 06:22,8101397,9. Von Brochwitz,0,55,29.5520151423078161419583870110010779512,29.8589810649649544931478188094989015587,70,40,50,50,382.36,376.62,5.74
101026667,AUS / Mudg (AUS) 7th Sep,R5 1400m CL3,07-09-2014 06:58,6115818,8. Infinite Fortune,0,5.2,5.31969241539597309599658985837657786186,5.15749176821721577866699433525126303774,8.8,4.8,990,5,11230.86,10158.1,265.24
101026667,AUS / Mudg (AUS) 7th Sep,R5 1400m CL3,07-09-2014 06:58,8728699,6. Belfrey Bat,0,16,15.9629014524013278674939471521393889175,13.7403668113906269952751883539777806155,17,15.5,990,990,1252.96,973.92,16.54
101026671,AUS / Mudg (AUS) 7th Sep,R7 1200m Hcap,07-09-2014 08:14,8820700,11. Michelles Gift,0,6.537143630475621,6.42746917238795409107828559195031127076,5.9167106548744432742453273103325762286,7.6,5.5,7,6.8,6304.72,5330.32,132.64
101026675,AUS / PAug (AUS) 7th Sep,R2 1100m Mdn,07-09-2014 05:23,8820735,4. The Fastnet,0,2.255972118689388,2.40052177144780733169233047151382591244,2.34700480081991531137902203522399331122,3,2.28,8.6,2.62,7415.4,5321.02,497.24
101026679,AUS / PAug (AUS) 7th Sep,R4 1200m Hcap,07-09-2014 06:35,6159810,8. Gentle Melody,1,7.3821995293808165,6.91913382001933930497550285795581525,4.41921252368425893563400231783815603098,7.2,6.6,1.01,1.01,5436.1,2933.4,1848.18
101026679,AUS / PAug (AUS) 7th Sep,R4 1200m Hcap,07-09-2014 06:35,8098348,7. Innovate,0,18.852481471,15.9984186436367425177779177167683052945,12.9572386913015777836075403815163212532,18,12,400,16.5,1067.32,602.04,99.82
101026679,AUS / PAug (AUS) 7th Sep,R4 1200m Hcap,07-09-2014 06:35,5279428,4. Defonet,0,29,33.2980626868688875989190270700933682527,19.3801955990220048899755501222493887531,36,30,990,500,605.32,200.48,3.86
101026681,AUS / PAug (AUS) 7th Sep,R5 1396m Hcap,07-09-2014 07:13,7572352,6. Hell Tell Us,0,20,19.4861242263101453193981724830596949133,15.5944294637676212581492985629927978974,20,17.5,28,28,585.94,421,11.16
101026681,AUS / PAug (AUS) 7th Sep,R5 1396m Hcap,07-09-2014 07:13,390747,4. Pell Mell,0,5.9,6.11707200060323151964874313511446011464,5.93925826313247840317647690078875355476,6.4,5.7,5.7,5.7,5963.84,5395.58,333.88
101026681,AUS / PAug (AUS) 7th Sep,R5 1396m Hcap,07-09-2014 07:13,8820739,7. Kooma Blaze,0,8.135616584324287,7.79855479362718846853092217439013338891,6.90697934093885553797588135990976328001,8.8,7.4,1,1001,2641.94,2228.62,64.72
101026681,AUS / PAug (AUS) 7th Sep,R5 1396m Hcap,07-09-2014 07:13,8820741,11. So Many Pennies,0,100,83.8222111262735557292994472079693458549,44.921370967741935483870967741935483871,100,70,790,790,99.2,41.1,1.5
101026681,AUS / PAug (AUS) 7th Sep,R5 1396m Hcap,07-09-2014 07:13,2455635,8. Hotdeal,0,15.920826799849745,15.3526294213800479376394498620604038311,10.6154376292212267401791867677463818057,16,14,16,15.5,1015.7,505.54,100.02
101026683,AUS / PAug (AUS) 7th Sep,R6 1867m Hcap,07-09-2014 07:51,1410509,9. Sarem,0,60,24.5974905976877182949462632553707799539,26.8423423423423423423423423423423423423,70,38,790,46,239.76,231.3,8.46
101026677,AUS / PAug (AUS) 7th Sep,R3 1100m Hcap,07-09-2014 05:59,7020165,4. Hope And Libation,0,2.6947237191593745,2.98597792546594627832822939421725176915,2.59629139105530432264994875726075891895,3.25,2.86,990,2.04,12157.82,6734.44,549.42
101026690,AUS / Mree (AUS) 7th Sep,R2 1300m Mdn,07-09-2014 04:21,8073167,13. Wake Up Wally,0,26.46375210182741,19.0471199467182396568255722212576652844,18.182733325114042658118604364443348539,25,13,790,32,324.44,205.84,23.86
101026692,AUS / Mree (AUS) 7th Sep,R3 1400m CL1,07-09-2014 04:57,8820715,4. Can He Rap,0,3.516564016,3.12479313917654573916499291356399991064,3.21638186666666666666666666666666666667,3.7,2.42,790,3.5,7875,6864.26,1010.74
101026696,AUS / Mree (AUS) 7th Sep,R5 1200m CL2,07-09-2014 06:09,8517931,3. Opera Blu,1,2.065009779200317,2.0734730904020967743294729357985938604,1.8299963265626058687314086204216548138,2.26,1.87,4,1.94,30108.04,20208.08,2657.5
101026698,AUS / Mree (AUS) 7th Sep,R6 1200m Hcap,07-09-2014 06:45,8820723,13. Grande Zariz,0,13.739859719794476,11.5649907114081695959058948272759610624,9.75212533282616964625332826169646253328,12.5,11,1,1001,1472.24,1066.14,34.6
101026698,AUS / Mree (AUS) 7th Sep,R6 1200m Hcap,07-09-2014 06:45,2064748,1. Tax Exemption,1,14.179683343553915,11.9954129807773082778036139406521289079,8.51622350958500105329681904360648830841,14,11,8.8,8.8,3797.6,2455.06,994
101026698,AUS / Mree (AUS) 7th Sep,R6 1200m Hcap,07-09-2014 06:45,4687188,6. Cara Donna,0,20,20.821700029738772576263851114162775719,12.6848793428033544412117063152490159165,22,20,20,20,934.88,486.94,23.12
101026698,AUS / Mree (AUS) 7th Sep,R6 1200m Hcap,07-09-2014 06:45,7228075,4. Sandy View,0,18.428978716,12.9464722673216957520986318778823018527,10.0651900469405558094130353508079591243,17,11,1,1001,2407.3,1769.72,5.88
101026698,AUS / Mree (AUS) 7th Sep,R6 1200m Hcap,07-09-2014 06:45,8365733,12. Doctor Oh,0,145.01108160525325,122.397701674999123652554211416111306402,60.4846946177281299869432757870303206151,130,120,790,790,137.86,42.62,.82
101026702,AUS / Mree (AUS) 7th Sep,R8 1000m Hcap,07-09-2014 08:01,3117144,4. Counterspy,0,33.75117398811039,33.6970980983158232571603074572101427144,34.830898743804253756785817313996485799,48,34,40,40,762.62,625.22,137.4
101026711,AUS / Hoba (AUS) 7th Sep,R4 1200m CL1,07-09-2014 05:37,7277363,2. Host Esprit,0,6.331111157,5.95135747940720833218353155417941087744,5.50962868688154252442012154379713003914,6.8,5.5,1,1001,3142.9,2449.48,22.54
101026719,AUS / Hoba (AUS) 7th Sep,R8 1400m Hcap,07-09-2014 08:05,6436873,12. My Angels,0,37.95212555528613,30.8582812416398790560458221082237770312,15.3138021668055644592602089877556253606,32,28,1,1001,311.98,132.96,1.7
101026717,AUS / Hoba (AUS) 7th Sep,R7 1100m CL2,07-09-2014 07:27,8818233,1. Mundine,0,13.100813147,9.40706852861569278014573683086880614292,10.4381809753836395130400839249554758594,15,11,60,60,1639.56,1583.82,55.74
101026717,AUS / Hoba (AUS) 7th Sep,R7 1100m CL2,07-09-2014 07:27,860926,4. Topiary,0,130.85817099675074,38.0671151109235258621635946648250486109,43.0738232865400495458298926507018992568,220,50,60,60,121.1,106.04,15.06
101026707,AUS / Hoba (AUS) 7th Sep,R2 1400m Mdn,07-09-2014 04:25,8818207,4. Special Fusion,0,90.42304019650034,64.977607837256960063977607837256960064,14.1437052558058320237471625632966649206,1,1001,390,390,114.54,.32,4
101026713,AUS / Hoba (AUS) 7th Sep,R5 1100m Hcap,07-09-2014 06:13,8358022,1. Minute Repeater,1,3.06422071,3.0718608750794703536814036168109719955,2.36623357064035780208108791018973617378,3.25,2.74,3.65,1.02,14009.98,8032.08,4561.16
101026715,AUS / Hoba (AUS) 7th Sep,R6 1600m Hcap,07-09-2014 06:49,7030279,5. Skip To The Moon,1,14.5,14.3347241073965919590661353307558091676,3.82257222248386944849997645174963500212,14.5,12.5,1,1001,2123.3,422.46,1438.82
101026705,AUS / Hoba (AUS) 7th Sep,R1 1100m Mdn,07-09-2014 03:49,8721998,5. Let It Be Known,0,36,25.5511489550783870631546166956549958218,20.8844454514557607341112495751671009403,36,20,1,1001,176.54,121.78,2.66
101026721,AUS / Kalg (AUS) 7th Sep,R1 1100m Mdn,07-09-2014 06:17,8818708,7. Noon Secret,0,16.485320246843475,14.4142441537504975396534394607742697287,11.7311735086196204886518665509115713754,17.5,11.93,1,1001,806.3,520.26,0
101026721,AUS / Kalg (AUS) 7th Sep,R1 1100m Mdn,07-09-2014 06:17,8818710,9. Bella Dor,0,24.635222278190774,14.0564998180359478391758725908108677819,11.2284499830066840376118726634190551716,21,11.23,1,1001,882.7,620.04,0
101026723,AUS / Kalg (AUS) 7th Sep,R2 2200m Hcap,07-09-2014 06:53,6496712,5. The Feral,0,6.8,6.98603224979819103447627692060679265029,6.407289168150448077460747237223538414,7.4,6.6,790,6.8,2718.28,2197.38,139.6
101026727,AUS / Kalg (AUS) 7th Sep,R4 1760m Hcap,07-09-2014 08:09,8479057,7. Atheli,0,10.968969385,9.546959807966011898580275782109869394,8.77004298509723721335378439281183131663,11.5,8.2,25,25,2112.36,1769.76,17.24
101026755,AUS / SCst (AUS) 7th Sep,R1 1200m Mdn,07-09-2014 03:31,253091,2. Exemplary,1,5.9,5.65340653194239600017330676114671580954,4.33462241753544010361665907523658543412,7.4,5.2,1.01,1.01,7859.74,5450.22,2199.24
101026755,AUS / SCst (AUS) 7th Sep,R1 1200m Mdn,07-09-2014 03:31,8820587,10. Miss Alati,0,24.861339453,30.2129976915081142421291823949685507022,19.4772577996715927750410509031198686371,32,25,1,1001,243.6,116.8,.54
101026757,AUS / SCst (AUS) 7th Sep,R2 1600m Mdn,07-09-2014 04:07,8820594,12. Rise Ofthe Phoenix,0,46.789288468,78.7522686993370923136171799361364230109,25.9569552830422395639786944134770221727,110,48,1,1001,322.92,93.26,.02
101026759,AUS / SCst (AUS) 7th Sep,R3 1800m CL3,07-09-2014 04:43,8820595,5. Kaiser Franz,1,3.731388000541629,3.82192684265264774944702018978210831752,2.82085351536961551799612277500156339718,4.5,2.64,3.85,1.01,14071.92,7735.5,2876.24
101026759,AUS / SCst (AUS) 7th Sep,R3 1800m CL3,07-09-2014 04:43,8644546,8. Want For Nothing,0,3.978234953380852,4.1423344624145292646862802701651764229,3.5981905278789112261896685586787574531,5.9,3.9,4.2,4.2,5306.52,3863.98,375.24
101026763,AUS / SCst (AUS) 7th Sep,R5 1000m CL1,07-09-2014 05:55,7544662,12. Exceedingly Fine,0,25,24.3889935954293221474787226398566869033,20.9957450776960470023198069547579357215,32,21,22,22,1715.66,1365,79.32
101026763,AUS / SCst (AUS) 7th Sep,R5 1000m CL1,07-09-2014 05:55,8178392,2. Melbourne Billy,0,20.75532634140225,23.9970323030630877378260583740688845167,21.6060773641470442704543470035218441657,38,20,25,25,1374.28,1119.72,10.06
101026765,AUS / SCst (AUS) 7th Sep,R6 1200m CL2,07-09-2014 06:31,7075866,7. Estevez,0,46.906015429666155,34.880455272944907911888661140444033822,37.7248267648332611520138588133391078389,55,40,50,48,369.44,337.98,31.46
101026767,AUS / SCst (AUS) 7th Sep,R7 1400m CL1,07-09-2014 07:08,8716498,5. Everybody Happy,0,5.473826441363199,5.19155917976892631094221625041010924497,4.83935168101798479531895680394579120952,5.6,4.7,990,990,8726.26,7406.38,85.26
101026767,AUS / SCst (AUS) 7th Sep,R7 1400m CL1,07-09-2014 07:08,6551657,10. Leurocity,0,67.29699834149213,68.835508117919722728393967321501309362,32.8394074902179988820570150922302962549,75,60,990,990,357.8,144.28,3.58
101026769,AUS / SCst (AUS) 7th Sep,R8 1400m CL5,07-09-2014 07:46,8575688,10. Cee The Dragon,0,9.64288592649158,10.0954690040476892461410153788889269821,8.48437604606011916716877552386690767892,10.5,9.6,9,8,2987.4,2229.5,156.88
101026575,AUS / Laun (AUS) 7th Sep,R1 2200m Pace M,07-09-2014 08:31,8820361,3. Cyrilfromthepocket,0,7.253465794289951,7.85272550771032904438770944043198057476,7.28446841694827138029633480634260462698,8,7.6,4.3,4.3,769.4,579.06,164.98
101026575,AUS / Laun (AUS) 7th Sep,R1 2200m Pace M,07-09-2014 08:31,8820365,10. Notimetothink,0,132.46320844288914,130.732388016884553911724929306175976394,110.25,1,1001,790,790,12.08,1.22,.86
101026575,AUS / Laun (AUS) 7th Sep,R1 2200m Pace M,07-09-2014 08:31,4598986,5. Tango Terrific,0,102.36764490745962,90.393661176752921156499811831524673705,54.4763033175355450236966824644549763033,1,1001,1,1001,8.44,1.1,.94
101026581,AUS / Laun (AUS) 7th Sep,R4 2200m Pace M,07-09-2014 09:51,8820369,3. Fioki,1,1.8128521662230361,1.85762210663594515274502145890554482804,1.74553446845879884861199199882909694102,1.94,1.8,1.01,1.01,15167.78,12289.08,1243.36
101026581,AUS / Laun (AUS) 7th Sep,R4 2200m Pace M,07-09-2014 09:51,8820373,11. Tried And True,0,20.843650667483455,25.7793859041024101596088387782826150003,23.6994183370297526886220027618529522534,30,18,1,1001,477.94,402.52,1.34
101026577,AUS / Laun (AUS) 7th Sep,R2 2200m Pace M,07-09-2014 09:00,5496636,3. Musselroe Bay,0,65,49.7178874101679226927957703625789840061,43.3024558380008616975441619991383024558,55,40,790,790,46.42,29.36,1.2
101026583,AUS / Laun (AUS) 7th Sep,R5 2200m Pace M,07-09-2014 10:20,7275307,2. Cardinal Seth,0,41.60673587820958,45.7261971111687052705536608096464610555,37.6942675159235668789808917197452229299,1,1001,790,790,37.68,13.08,1.04
101026583,AUS / Laun (AUS) 7th Sep,R5 2200m Pace M,07-09-2014 10:20,5852522,1. Melpark Maestro,0,14,9.88774948971201889965049829659013773314,7.52763016927362331262052710520677094493,14.5,14,1,1001,373.36,241.64,51.7
101026585,AUS / Laun (AUS) 7th Sep,R6 2200m Pace M,07-09-2014 10:47,6804405,4. The Adriatic,0,39.65995805254205,70.4677150194163642304359343545552620562,41.7285259809119830328738069989395546129,1,1001,1,1001,18.86,7.18,.2
101026589,AUS / Laun (AUS) 7th Sep,R8 2200m Pace M,07-09-2014 11:35,8166362,5. Barooga Buster,0,2.16,2.03031504010433812329310121831035347605,2.03064046963274670134522546175032664503,2.12,1.97,2.02,2.02,6520.84,5832.64,531.1
101026587,AUS / Laun (AUS) 7th Sep,R7 2200m Pace S,07-09-2014 11:11,6882328,2. Me Mate Les,0,4.1,4.06136979300253060964744240735420933649,4.11190202165518285757552812902248807451,4.2,3.9,5.8,5.8,1320.7,977.66,272.5
101026593,AUS / Geel (AUS) 7th Sep,R2 2100m Pace M,07-09-2014 09:06,6936834,7. Riverboat Princess,0,9.260183231341653,8.42249587332076391710821541032306702339,9.27970017709320044479222437296651702978,12.5,9.4,1,1001,485.62,482.2,3.42
101026593,AUS / Geel (AUS) 7th Sep,R2 2100m Pace M,07-09-2014 09:06,4829415,1. Shoe Shine Boy,0,235.1674123316631,107.232869083822135285332960790004219554,126.180345572354211663066954643628509719,230,230,1,1001,18.52,17.58,.94
101026593,AUS / Geel (AUS) 7th Sep,R2 2100m Pace M,07-09-2014 09:06,8820290,10. Su You Too,0,21.682140442202797,16.8611988310517455123185015254591966422,18.7668793004587155963302752293577981651,46,10,670,100,1674.24,1665.84,8.4
101026593,AUS / Geel (AUS) 7th Sep,R2 2100m Pace M,07-09-2014 09:06,6306432,8. Stylishgate,0,44,40.8739164950591501584807909267021584931,43.2782640858093946492417704352114412526,50,40,1,1001,162.22,161.34,.88
101026597,AUS / Geel (AUS) 7th Sep,R4 2100m Pace M,07-09-2014 10:07,8121912,4. Christian Torado,1,3.60289417,3.37453771319248377385626569508718305255,2.69147892201871808502069943136970634192,4.4,3.2,3.55,1.2,4966.32,2930.78,2035.54
101026599,AUS / Geel (AUS) 7th Sep,R5 2100m Pace M,07-09-2014 10:31,2959904,7. Hung Jury,0,56.453609865102905,21.7403155895691052835552655209206590382,40.4202334630350194552529182879377431907,1,1001,1,1001,25.7,24.42,1.28
101026601,AUS / Geel (AUS) 7th Sep,R6 2100m Pace M,07-09-2014 10:55,5466731,10. Public Persuasion,0,36.371789990716785,35.8614104846179450729955986132793798027,18.8451982799808886765408504538939321548,1,1001,1,1001,41.86,12.72,1.04
101026601,AUS / Geel (AUS) 7th Sep,R6 2100m Pace M,07-09-2014 10:55,6569642,3. Our Great Spirit,0,18,17.9162605523038580149348275983452915749,15.7035726918995401485673859214715245844,1,1001,1,1001,113.08,57.1,7.96
101026603,AUS / Geel (AUS) 7th Sep,R7 2100m Pace M,07-09-2014 11:19,8196313,4. Lake Eyre,0,1.98,2.14716941251327276372167297115142094724,1.98599684146023511359616856837773611413,2.2,1.97,2.36,2.3,12043.54,8222.4,988.26
101026591,AUS / Geel (AUS) 7th Sep,R1 2100m Pace M,07-09-2014 08:39,5944454,2. No Responsibility,0,440.26769128732377,149.843306932860702939492144209267498716,166.77591757887958789439793947198969736,380,100,790,790,31.06,26.2,.7
101026605,AUS / Geel (AUS) 7th Sep,R8 2100m Pace M,07-09-2014 11:44,7616853,10. Grand Prix,0,5.5,5.36530856102383160577717344682956136211,4.15523546435148645093396474611944225204,5.5,5,1,1001,608.16,343.26,52.5
101026623,AUS / Bunb (AUS) 7th Sep,R8 2100m Pace M,07-09-2014 11:03,8185234,5. Aussie Jet,0,31.56292109560985,1,5.81406044678055190538764783180026281209,1,1001,1,1001,30.44,0,0
101026619,AUS / Bunb (AUS) 7th Sep,R6 1609m Pace M,07-09-2014 10:12,5705808,9. Mount Richon,0,180,1,81.0618181818181818181818181818181818182,1,1001,1,1001,5.5,0,0
101026627,AUS / Bunb (AUS) 7th Sep,R10 2500m Pace S,07-09-2014 11:52,6120609,4. Fifty Hertz,0,11.169440576172,1,14.1591579425047925629066023362659543992,1,1001,1,1001,10.96,0,0
101026613,AUS / Bunb (AUS) 7th Sep,R3 2100m Pace M,07-09-2014 08:52,8361663,5. Momentous,0,77.47696551050987,1,20.6294628997205836696678050294939459795,1,1001,1,1001,64.42,0,0
101026613,AUS / Bunb (AUS) 7th Sep,R3 2100m Pace M,07-09-2014 08:52,8820228,2. Hey Miss America,0,66.92527521133424,1,21.0092165898617511520737327188940092166,1,1001,1,1001,8.68,0,0
101026613,AUS / Bunb (AUS) 7th Sep,R3 2100m Pace M,07-09-2014 08:52,8820232,10. Mondo Cavallo,0,64.69217199640345,1,32.2908366533864541832669322709163346614,1,1001,1,1001,5.02,0,0
101026615,AUS / Bunb (AUS) 7th Sep,R4 2100m Pace M,07-09-2014 09:16,8820237,6. Change Doon Now,0,15.749322948595507,1,12.0144629984487635733187334610822155306,1,1001,1,1001,219.18,0,0
101026615,AUS / Bunb (AUS) 7th Sep,R4 2100m Pace M,07-09-2014 09:16,8421389,8. Feel The Roth,0,11,1,8.49927313208041385632898958810817890119,1,1001,1,1001,305.42,0,0
101026615,AUS / Bunb (AUS) 7th Sep,R4 2100m Pace M,07-09-2014 09:16,8820234,2. Jax Or Better,0,19.733226889411462,1,12.736343772760378732702112163146394756,1,1001,1,1001,54.92,0,0
101026617,AUS / Bunb (AUS) 7th Sep,R5 2100m Pace M,07-09-2014 09:45,7145730,9. Itsa Seelster,0,17.212682356242873,1,11.1683306416091616502716194391425635002,1,1001,1,1001,136.22,0,0
101026617,AUS / Bunb (AUS) 7th Sep,R5 2100m Pace M,07-09-2014 09:45,5728594,10. Itz Darknstormy,0,22,1,13.65625,1,1001,1,1001,.64,0,0
101026625,AUS / Bunb (AUS) 7th Sep,R9 2100m Pace M,07-09-2014 11:27,6237486,4. Another Vinnie,1,5.8,1,6.588,1,1001,1,1001,13,0,0
101026629,AUS / Wrck (AUS) 7th Sep,R1 1005m Mdn,07-09-2014 04:39,4260461,6. Eruption,1,1.67,1.63470674110805456229807586775493656772,1.60682781819648284882589599705352998276,1.85,1.68,1.73,1.58,35459.38,31209.76,4249.62
101026635,AUS / Wrck (AUS) 7th Sep,R4 1005m Hcap,07-09-2014 06:27,8250614,9. Dancing Darci,0,10.59457730187336,9.53876985065579934194230688656127953821,8.7587427235307012202547677618920037996,11,8.2,1,1001,1642.28,1326.72,6.8
101026637,AUS / Wrck (AUS) 7th Sep,R5 1815m Hcap,07-09-2014 07:03,6512545,2. Zlatan,0,19.874112393,19.0681356664281855163639285258162659862,17.3268400239352707027083279132086271041,21,16.5,790,17,1537.48,1096.9,157.48
101026637,AUS / Wrck (AUS) 7th Sep,R5 1815m Hcap,07-09-2014 07:03,4549098,1. Clang And Bang,0,11.040790827867987,10.7168603038221015777270193301297478645,9.74229903737967245905738217277159644956,12,7.2,300,10,3359.58,2814.92,162.38
101026633,AUS / Wrck (AUS) 7th Sep,R3 1205m Mdn,07-09-2014 05:51,8820889,4. Kisses For Me,0,7.485895234591155,7.34160722730341929001342080545043691334,6.66159072644225389365316731264178390861,8.2,5.9,5.6,5.6,3932.04,3306.32,102.54
101026633,AUS / Wrck (AUS) 7th Sep,R3 1205m Mdn,07-09-2014 05:51,7415777,2. Abbadoo,0,23.559441355632146,27.4594012085907910127450701882192473281,23.5559608722233543916853474628082331363,46,23,790,790,981.4,785.06,1.2
101026639,AUS / Wrck (AUS) 7th Sep,R6 2015m Hcap,07-09-2014 07:41,5610974,3. Ezyaz Oscar,0,8.33675341252965,6.9760890973962468591615610945533877891,7.31797236918975405452106869852136491924,9,8.2,13.5,9,2430.62,2144.14,286.48
101026641,AUS / Wrck (AUS) 7th Sep,R7 1205m Hcap,07-09-2014 08:19,8820901,7. Abluday,0,50,33.4946088772769830964420025822743012133,34.3451808089951879555957882700462146839,50,44,790,790,419.78,419.28,.5
101026647,AUS / Wang (AUS) 7th Sep,R3 1170m 3yo,07-09-2014 04:52,8820760,3. Daydream Believer,0,18.04759869564412,14.2464486835434026424730401496896017719,12.4156766513691115227162795087479206729,19,8.4,1,1001,1695.26,1126.88,18.48
101026643,AUS / Wang (AUS) 7th Sep,R1 2000m Mdn,07-09-2014 03:40,8631558,6. Astrobiscuit,0,5.913993832150371,6.00464009975285804378356687549427288034,5.58457431431359086474180609258121634806,6.4,5.3,1,1001,4427.68,3861.46,35.6
101026645,AUS / Wang (AUS) 7th Sep,R2 1170m 3yo,07-09-2014 04:16,8820754,10. Sagapuss,1,5.416490695,5.53184495652192053053984287723620897531,4.60578214019924828487626719032401298303,6.4,5.1,1,1001,6396.04,4892.38,702.08
101026657,AUS / Wang (AUS) 7th Sep,R8 1170m Hcap,07-09-2014 07:56,6936546,14. Never Pegasus,0,29,21.1903080002965032189055109282989952439,21.6718617745556250690023184779008574688,32,24,1,1001,1086.92,1078.14,8.78
101026657,AUS / Wang (AUS) 7th Sep,R8 1170m Hcap,07-09-2014 07:56,8820791,13. Real Calm,0,19.5,17.2270584091838198090286220341199312879,17.5769599511918769338039830914716520678,23,19.5,790,790,1376.82,1370.7,6.12
101026655,AUS / Wang (AUS) 7th Sep,R7 1590m Hcap,07-09-2014 07:18,8820785,11. Wangtucky Rein,0,20.0164434144,22.3711649670758927224944257745825019643,16.539645683285006079880273126929192779,24,20.8,95,95,1069.1,679.68,11.58
101026659,AUS / Mudg (AUS) 7th Sep,R1 1600m CL1,07-09-2014 04:34,7818521,12. Owhanica,0,35.653712725,15.7196619082210602203687812493783564465,15.9144116076197258322948192985579490831,36,24,1,1001,449.36,443.18,6.18
101026659,AUS / Mudg (AUS) 7th Sep,R1 1600m CL1,07-09-2014 04:34,8820671,3. Kajika,1,1.6531713521720306,1.53027189357737553537726648954430911615,1.52531827074097824369661991988922036041,1.71,1.6,17.5,1.02,34432.32,30646.86,3785.46
101026659,AUS / Mudg (AUS) 7th Sep,R1 1600m CL1,07-09-2014 04:34,6665532,1. Battant Glory,0,77.49090080133988,29.166220911151723523021612114771355548,29.373561605388717373000280662363177098,90,70,1,1001,285.04,284.92,.12
101026659,AUS / Mudg (AUS) 7th Sep,R1 1600m CL1,07-09-2014 04:34,8820673,13. Blu Boy Jag,0,16.5,10.2803517211342787661243787988225907217,10.3428175895765472312703583061889250814,18.5,7.8,1,1001,982.4,982.28,.12
101026661,AUS / Mudg (AUS) 7th Sep,R2 1400m Mdn,07-09-2014 05:10,8591110,10. Our Girl Sybil,0,234.33859508661436,258.64368035029613379017638055713040419,84.3441913439635535307517084282460136674,290,240,1,1001,175.6,35.7,17.22
101026663,AUS / Mudg (AUS) 7th Sep,R3 1200m Mdn,07-09-2014 05:46,8436628,1. Red Hot Dane,0,19.013674715,15.995041564221561256455707775028463296,12.4776651454107822245994840958304935598,19,12.5,790,7,2318.26,1565.3,35.66
101026665,AUS / Mudg (AUS) 7th Sep,R4 1200m CL1,07-09-2014 06:22,8482767,1. King Derota,1,3.363073518129441,3.06781884919674528378442309332552553088,2.88871854480887557746467683825427909767,3.75,3.15,4,1.01,20139.76,17931,2208.76
101026667,AUS / Mudg (AUS) 7th Sep,R5 1400m CL3,07-09-2014 06:58,8499617,9. Butterfly Sky,0,28,22.7896102386308048112288217543772942228,18.371321373124029670519234086596515439,28,20,990,990,695.64,518.14,4.18
101026671,AUS / Mudg (AUS) 7th Sep,R7 1200m Hcap,07-09-2014 08:14,8820698,8. Ice Baa,0,65,50.1446699792591609097946321005379513753,44.168036971357945080337471116126605406,55,40,990,790,372.18,185.22,7.46
101026673,AUS / PAug (AUS) 7th Sep,R1 1498m Mdn,07-09-2014 04:47,8820732,7. Palace Lyric,0,9.4,8.86290586978432605554085377936293508494,7.27143368028760187468237685633081744433,9.8,5.6,1,1001,1062.58,737.22,57.96
101026673,AUS / PAug (AUS) 7th Sep,R1 1498m Mdn,07-09-2014 04:47,8820733,8. Star Pedrille,0,12.5,12.5973548708357862867275668047308209154,8.79557517331022530329289428076256499133,13.5,12,1,1001,369.28,187.76,.46
101026675,AUS / PAug (AUS) 7th Sep,R2 1100m Mdn,07-09-2014 05:23,8707211,9. Abbanabbi Abbanew,0,11.136961367479525,19.3744359482816564370176673227670788719,12.090400963006167707027711247068167434,26,17,1,1001,1611.62,796.82,9.66
101026679,AUS / PAug (AUS) 7th Sep,R4 1200m Hcap,07-09-2014 06:35,5146508,2. Arthurian Legend,0,4.110810093,4.28124736230778432805765668593042518338,3.96530474692685431845171229579227781879,5,4,990,5.2,11216.52,8083.06,388.4
101026685,AUS / PAug (AUS) 7th Sep,R7 1498m Hcap,07-09-2014 08:27,4409911,1. Club Ha Ha,0,15.887241418820341,8.93821936943226742500790611202049890648,9.07805299327477858219102568814082540149,16,10.5,1,1001,1632.66,1619.38,13.28
101026677,AUS / PAug (AUS) 7th Sep,R3 1100m Hcap,07-09-2014 05:59,7419128,1. Brawny Hunter,0,5.380551924,4.8078565873591160137977349864729818851,4.56491073088066473514459082709233039961,5.2,4.5,990,7,9146.5,6750.92,120.1
101026677,AUS / PAug (AUS) 7th Sep,R3 1100m Hcap,07-09-2014 05:59,8352624,8. Moneyball,0,22,21.5206384462603230848213008196848698427,18.4326434020909861542808703023452952812,24,20,85,85,566.24,381.18,8.76
101026688,AUS / Mree (AUS) 7th Sep,R1 950m Mdn,07-09-2014 03:45,8774393,10. Dont Doubt That,0,14,13.5192919646404395497228275573627005133,12.407148734330380910894922801413290741,15,13,1,1001,413.22,347.9,11.86
101026700,AUS / Mree (AUS) 7th Sep,R7 1400m Cup,07-09-2014 07:23,7249061,1. Single Spirit,0,4.054218565375014,4.44097889439313227259574060916544911209,3.49717515716165388551454659028986855571,4.8,4,2.2,2.2,15048.2,9124.56,295.48
101026700,AUS / Mree (AUS) 7th Sep,R7 1400m Cup,07-09-2014 07:23,5119330,11. Planetarium,0,26.48046099848115,25.3996454558941576777292923013943384664,18.3074111066719936076707950459448661606,30,23,1,1001,901.08,557.64,11.58
101026690,AUS / Mree (AUS) 7th Sep,R2 1300m Mdn,07-09-2014 04:21,8529640,18. Ballading,0,232.4677340171486,230.260868045515352375384087420997944119,115.200597312095569935291189646590343454,230,230,790,790,40.18,10.7,.5
101026690,AUS / Mree (AUS) 7th Sep,R2 1300m Mdn,07-09-2014 04:21,7825424,8. Aunty Rita,0,23.25667883235961,21.4814595733411553889816058893406187811,16.9304198672533373107614288910433291073,24,19.5,790,790,268.18,172.64,.52
101026690,AUS / Mree (AUS) 7th Sep,R2 1300m Mdn,07-09-2014 04:21,8247484,2. Market Guru,1,5.871752950788503,5.97558368938079847004539392476893779484,4.15097253929945861326723631857021720697,6,5.8,1,1001,1533.1,853.3,532.3
101026692,AUS / Mree (AUS) 7th Sep,R3 1400m CL1,07-09-2014 04:57,7630542,12. Mister Warrior,0,69.42084916613997,28.8573582571914707518702219413289111024,39.7578861122490782466202376075378943056,75,60,790,540,146.46,143.58,2.88
101026696,AUS / Mree (AUS) 7th Sep,R5 1200m CL2,07-09-2014 06:09,8820720,8. Hazzard County,0,90.75000436089935,81.8330166834931137912104098074035406925,30.0152069610474099373831015694884931284,110,65,1,1001,245.94,80.52,.5
101026696,AUS / Mree (AUS) 7th Sep,R5 1200m CL2,07-09-2014 06:09,6516039,5. A Touching Moment,0,17.735122918318957,15.6727624014204495656854560947474267183,13.0493043031269330963520565967049147477,17,14,15.5,15.5,2295.54,1750.72,28.92
101026696,AUS / Mree (AUS) 7th Sep,R5 1200m CL2,07-09-2014 06:09,7246075,10. Little Rock Star,0,192.9013328784891,148.957723956515757161041311124090091945,108.45602836879432624113475177304964539,210,120,790,790,141,70.24,.82
101026702,AUS / Mree (AUS) 7th Sep,R8 1000m Hcap,07-09-2014 08:01,6899110,10. Kalahari Princess,0,18,14.2575998654662113215357549415295456897,14.2575998654662113215357549415295456897,26,14.5,1,1001,1546.08,1546.08,0
101026711,AUS / Hoba (AUS) 7th Sep,R4 1200m CL1,07-09-2014 05:37,8414647,3. Blue Tier,0,29.551585021535868,25.5180234973657491829528865630477499002,17.4727280535990379659852259062016835595,29,26,1,1001,232.84,101.36,1.24
101026711,AUS / Hoba (AUS) 7th Sep,R4 1200m CL1,07-09-2014 05:37,8818229,10. Laurenstar,1,5.074490633197273,5.41572388210481626426420980123475472576,3.20245917968960223253119682498368361777,6,4.7,5,1.01,20439.58,9276.48,9709.6
101026711,AUS / Hoba (AUS) 7th Sep,R4 1200m CL1,07-09-2014 05:37,8818230,12. Pint Of Pain,0,42,36.4867869707535340648675213187717107091,22.8718036725587781019392483267547623134,42,28,1,1001,349.62,129.74,1.16
101026719,AUS / Hoba (AUS) 7th Sep,R8 1400m Hcap,07-09-2014 08:05,6041386,7. Smartie Artie,0,16.007245367,13.6895852408720961264355511046365939591,11.0431194814953973323313920721397708059,15.5,15,5.3,5.3,851.68,518.86,99.34
101026709,AUS / Hoba (AUS) 7th Sep,R3 1600m CL1,07-09-2014 05:01,6562492,1. Dartel,0,32.19716832323975,37.6690875724773386959982147803770997308,10.1901701582654834873296130271704327143,55,55,1,1001,218.62,48.72,23.08
101026709,AUS / Hoba (AUS) 7th Sep,R3 1600m CL1,07-09-2014 05:01,8757144,2. Duran,0,5.093817933,5.56981942161748376509459294189514347886,4.3686696481570923463198994207846506089,6,5.3,8.6,3.25,5424.58,3152.32,1023.28
101026709,AUS / Hoba (AUS) 7th Sep,R3 1600m CL1,07-09-2014 05:01,8026541,3. Family Ty,0,8.6,8.70652974439557206915428716862997201507,6.77191669182010262601871415635375792333,9.8,7.2,18.5,18.5,1987.8,1312.34,113.84
101026717,AUS / Hoba (AUS) 7th Sep,R7 1100m CL2,07-09-2014 07:27,5834260,3. Symbol Of Freedom,0,48.14531480465084,26.7749000743360824258613441433100023287,29.352161959510122469382654336415896026,50,29,1,1001,160.04,158.16,1.88
101026707,AUS / Hoba (AUS) 7th Sep,R2 1400m Mdn,07-09-2014 04:25,8818209,7. Cherry Dancer,1,7.545858295481883,7.09450054604024272497251184473321859317,3.89769987725145988587980914913177235539,10.5,6.4,1.06,1.06,3894.14,1650.88,2009.08
101026713,AUS / Hoba (AUS) 7th Sep,R5 1100m Hcap,07-09-2014 06:13,5890254,3. My Temptation,0,20.44357697556523,17.3036819203426278445988141015302610638,12.8177908962871954691198945191933115579,21,11.5,1,1001,667.42,438.68,6.22
101026715,AUS / Hoba (AUS) 7th Sep,R6 1600m Hcap,07-09-2014 06:49,8497118,2. Chips,0,8.885957370490068,8.30668736214752120079713391591780653777,7.34007950073538180228167110545772548396,8.8,8,1,1001,2515.7,2011.42,50.62
101026715,AUS / Hoba (AUS) 7th Sep,R6 1600m Hcap,07-09-2014 06:49,7884356,3. Koutoufides,0,8.8,9.77438308776046558741456503606702261313,7.37464065080433054009419536363080310722,10,9,9,9,1307.92,792.8,55.18
101026705,AUS / Hoba (AUS) 7th Sep,R1 1100m Mdn,07-09-2014 03:49,8818196,10. Mancini,0,5.2,4.93340010058541917818991947292423175351,4.88073910784418601097238565337653009765,5.3,4.5,1,1001,5234.96,5039.8,29.38
101026705,AUS / Hoba (AUS) 7th Sep,R1 1100m Mdn,07-09-2014 03:49,8818205,17. Frinja,0,41.38354025714332,33.9318944939206834971751142289554583146,30.5121467526028755577590480912245909767,42,30,120,120,242.04,145.98,8.3
101026725,AUS / Kalg (AUS) 7th Sep,R3 1600m Mdn,07-09-2014 07:31,8818715,9. Deltron,0,192.24199577115473,105.813029562779987732096303987408323269,82.7178620795576716326217170941483643066,110,100,790,65,130.22,53,10.5
101026725,AUS / Kalg (AUS) 7th Sep,R3 1600m Mdn,07-09-2014 07:31,8741665,4. Kalbelia,0,12.884848207539184,13.3357452915533051970041038001181352732,9.81181997205628348570359857861095525705,15,12.5,18,13,1817.94,1054.1,80.3
101026729,AUS / Kalg (AUS) 7th Sep,R5 1200m Hcap,07-09-2014 08:45,5341109,2. Saxon Coast,1,7.626364386,7.17794109515810301913886257752486206757,4.60329796678906121554228092289143420836,7.6,6.8,7.2,1.01,3649.4,1998.68,955.92
101026729,AUS / Kalg (AUS) 7th Sep,R5 1200m Hcap,07-09-2014 08:45,8818721,9. Prager,0,34.26735973953734,33.1776946054784563400954804581323117264,24.63993570280407215574209680300053581,40,30,1,1001,335.94,189.64,9.18
101026729,AUS / Kalg (AUS) 7th Sep,R5 1200m Hcap,07-09-2014 08:45,7216801,6. Lovestruck Babe,0,17.5,17.2484391880061940639348015656664741538,15.6338448422847399829497016197783461211,19.5,14.5,1,1001,1384.14,1182.66,.72
101026731,AUS / Kalg (AUS) 7th Sep,R6 1400m Hcap,07-09-2014 09:25,6956120,5. Prince Of Stars,0,4.446780690114248,3.37709214428513565969520857458479292735,3.41800473992226998330433008379225171812,6,3.8,790,3.15,10194.26,9831.26,363
101026733,AUS / Kalg (AUS) 7th Sep,R7 1300m Hcap,07-09-2014 10:00,7178114,10. Grape Crusher,0,11.364,12.4385265402340506875283878804205864375,10.5137855753005482128583769992814293904,14.68,10.42,1,1001,2477.14,1937.9,0
101026733,AUS / Kalg (AUS) 7th Sep,R7 1300m Hcap,07-09-2014 10:00,8818722,7. Totally Wild,0,30.767126491511234015,18.2971566418494676223251578236973304488,17.1874499311080492466331836970532023646,32.2,14.21,1,1001,2249.9,1970.02,.88
101026755,AUS / SCst (AUS) 7th Sep,R1 1200m Mdn,07-09-2014 03:31,8820586,7. Just Call Me Louie,0,15.387278648501375,16.4932406221046331781692270532564644351,13.9432555462536626203432398493093344496,19.5,15,1,1001,764.48,584.52,10.04
101026763,AUS / SCst (AUS) 7th Sep,R5 1000m CL1,07-09-2014 05:55,8744075,4. Malibu Dancer,1,3.751735537,3.7922329748853220549691290935893338234,3.03386045464776052216970515417510690975,3.9,3.7,5.5,1.06,9774.6,6391.86,1956.84
101026763,AUS / SCst (AUS) 7th Sep,R5 1000m CL1,07-09-2014 05:55,6316271,9. Small Talk,0,168.9534881817467,228.422263810053526723987760326894556009,130.37531613555892766818411734951947395,360,120,140,140,79.08,38.68,7.32
101026769,AUS / SCst (AUS) 7th Sep,R8 1400m CL5,07-09-2014 07:46,8820616,9. Reckon Im Ransom,0,17.4752277985448,18.8041271058987822139188527051821522531,15.3938334092106085357471233585960026066,30,16,1,1001,2240.46,1563.94,19.08
101026769,AUS / SCst (AUS) 7th Sep,R8 1400m CL5,07-09-2014 07:46,7035374,3. Keepin Grace,0,29.9664440134613,30.8411123870641850735838955570305051036,22.4384479717813051146384479717813051146,38,27,790,30,1077.3,636.46,59.76
101026761,AUS / SCst (AUS) 7th Sep,R4 1000m 3yo,07-09-2014 05:19,8820599,6. All The Say,0,246.399830253,298.917658086096938483727453398303127843,122.759365153460147041661804177850390944,420,220,1,1001,171.38,61.2,.74
101026761,AUS / SCst (AUS) 7th Sep,R4 1000m 3yo,07-09-2014 05:19,8820600,7. Surprise Result,0,65,49.7342409482974971014162921136388222849,37.1129260450160771704180064308681672026,60,36,65,65,466.5,320.76,6.54
101026761,AUS / SCst (AUS) 7th Sep,R4 1000m 3yo,07-09-2014 05:19,8820603,11. Mishani Invada,0,62.59154643612119,78.9686534893518676291250603841401849572,38.0062673079725987465384054802506923189,120,55,1,1001,411.66,185.98,12.46
101026575,AUS / Laun (AUS) 7th Sep,R1 2200m Pace M,07-09-2014 08:31,6749639,1. Mister Ryanjack,1,2.6,2.49474287533948516332007759256419396031,2.13471418147823013692383113107521120016,2.86,2.3,2.66,1.9,7017.04,3503.82,2096.4
101026575,AUS / Laun (AUS) 7th Sep,R1 2200m Pace M,07-09-2014 08:31,2631729,2. Glory Is Illusive,0,120,135.652079358069542466232824777315790789,69.5331852791878172588832487309644670051,1,1001,790,790,15.76,.72,7.56
101026577,AUS / Laun (AUS) 7th Sep,R2 2200m Pace M,07-09-2014 09:00,7030527,5. The Family Guy,1,2.570883581264387,2.66346765064207928579524860473722931471,2.30004908690045342984317151295810973834,2.74,2.54,2.42,1.01,8173.26,5453.98,2046.94
101026577,AUS / Laun (AUS) 7th Sep,R2 2200m Pace M,07-09-2014 09:00,7559933,11. Juffs Crossing,0,45,34.6281936038340241573872706064653763049,37.1237424547283702213279678068410462777,1,1001,1,1001,19.88,18.24,.64
101026579,AUS / Laun (AUS) 7th Sep,R3 1680m Pace M,07-09-2014 09:29,8384397,6. Bertils Delight,0,11,10.1605282848644118969463323495768384554,10.607245604688332445391582312200319659,1,1001,790,790,187.7,112.5,.88
101026579,AUS / Laun (AUS) 7th Sep,R3 1680m Pace M,07-09-2014 09:29,8651287,1. Ebabe,1,8.562515038,9.74478841236649596158851500973937870183,2.33495143583307847252248926948103308269,10.5,10,1.05,1.05,1896.46,166.76,1442.52
101026579,AUS / Laun (AUS) 7th Sep,R3 1680m Pace M,07-09-2014 09:29,8820367,7. Robyn Scherbotsky,0,2.705744306,2.50892654412260778691427331751924833006,3.11225663182794660744888845977455405634,2.64,2.4,790,20,2485.74,2007.74,406.56
101026583,AUS / Laun (AUS) 7th Sep,R5 2200m Pace M,07-09-2014 10:20,8211771,6. Talkabout Dexter,0,8.679484,7.47498857390807767879736491782145667233,7.22093918771645152696713569542999685161,8.2,6.8,790,790,825.82,685.86,6.02
101026583,AUS / Laun (AUS) 7th Sep,R5 2200m Pace M,07-09-2014 10:20,3160379,3. Amadmancomesundone,0,32,26.90403263503771984204468128668079382,28.8206032119075597336466901684292988641,1,1001,790,790,51.06,35.02,1.04
101026589,AUS / Laun (AUS) 7th Sep,R8 2200m Pace M,07-09-2014 11:35,8005262,3. Mailie Rosa,0,14,15.4212778044369937268305004075098328598,10.7302070645554202192448233861144945189,17.5,13.5,1,1001,147.78,74.7,12.8
101026589,AUS / Laun (AUS) 7th Sep,R8 2200m Pace M,07-09-2014 11:35,7286608,4. My Koda Kasper,0,16,14.7872358308576488313100045534079576386,12.0645386766076421248835041938490214352,15.5,14.5,1,1001,214.6,136.68,6
101026587,AUS / Laun (AUS) 7th Sep,R7 2200m Pace S,07-09-2014 11:11,5937950,4. On The Deuce,0,8.2,8.52775493977604802454883988862172250283,7.25668083097261567516525023607176581681,8.4,8.4,1,1001,254.16,148.5,59.22
101026599,AUS / Geel (AUS) 7th Sep,R5 2100m Pace M,07-09-2014 10:31,399125,2. Salem,0,15.314771564123223,12.5956686066555281067254092814928497621,13.7851705764306968375890941803335409314,16,14,1,1001,289.02,287.86,1.16
101026601,AUS / Geel (AUS) 7th Sep,R6 2100m Pace M,07-09-2014 10:55,4583872,5. Apeaceof His Story,0,70.013148166,89.3268560305577590976661711474491870596,46.0517241379310344827586206896551724138,1,1001,790,790,13.92,.6,1.28
101026601,AUS / Geel (AUS) 7th Sep,R6 2100m Pace M,07-09-2014 10:55,8631008,4. Eternal Plight,0,84.824312406,133.375510530551847908136994655988642101,28.3383233532934131736526946107784431138,1,1001,1,1001,13.36,.4,.92
101026605,AUS / Geel (AUS) 7th Sep,R8 2100m Pace M,07-09-2014 11:44,422454,7. Atticus Finch,0,47.444626323,45.9745144418163040943465369623879801446,23.562277580071174377224199288256227758,1,1001,790,790,22.48,.06,.6
101026623,AUS / Bunb (AUS) 7th Sep,R8 2100m Pace M,07-09-2014 11:03,7067660,3. Loaded Aussie,0,13.132366129495207,1,4.18262179809141135107985936715218483174,1,1001,1,1001,79.64,0,0
101026619,AUS / Bunb (AUS) 7th Sep,R6 1609m Pace M,07-09-2014 10:12,6741667,7. Ticket To Nowhere,0,50,1,27.7419354838709677419354838709677419355,1,1001,1,1001,.62,0,0
101026613,AUS / Bunb (AUS) 7th Sep,R3 2100m Pace M,07-09-2014 08:52,8236778,11. Sheldons Dream,0,29.233158827479937,1,15.9290928050052137643378519290928050052,1,1001,1,1001,19.18,0,0
101026613,AUS / Bunb (AUS) 7th Sep,R3 2100m Pace M,07-09-2014 08:52,8515347,3. Batavia Ace,0,28.398309669783337,1,11.2171760654326302195436934997847610848,1,1001,1,1001,46.46,0,0
101026617,AUS / Bunb (AUS) 7th Sep,R5 2100m Pace M,07-09-2014 09:45,1016608,2. American Ingot,0,150,1,40.0819672131147540983606557377049180328,1,1001,1,1001,1.22,0,0
101026621,AUS / Bunb (AUS) 7th Sep,R7 2100m Pace M,07-09-2014 10:39,8069230,7. Arising Easton,0,42,1,17.2654545454545454545454545454545454546,1,1001,1,1001,16.5,0,0
101026621,AUS / Bunb (AUS) 7th Sep,R7 2100m Pace M,07-09-2014 10:39,2376033,9. Levi Judd,0,67.17184122165494,1,13.2654545454545454545454545454545454546,1,1001,1,1001,16.5,0,0
101026635,AUS / Wrck (AUS) 7th Sep,R4 1005m Hcap,07-09-2014 06:27,8432254,1. Boot Scootin,0,7.332799881859099,6.98603263584513333263268902314878718852,6.6164874245824371229121856145609280728,7.4,6.8,1,1001,2575.66,2117.86,79.36
101026635,AUS / Wrck (AUS) 7th Sep,R4 1005m Hcap,07-09-2014 06:27,8820896,6. Mr Walker,1,5.5,5.08542288569103311615551821482639367163,3.08017128319413081421147607261539675183,5.5,4.7,5.6,1.01,14197.54,6386.4,7074.24
101026637,AUS / Wrck (AUS) 7th Sep,R5 1815m Hcap,07-09-2014 07:03,6600656,3. Huxssen,0,7.4532164937437475,7.44658922375378081075287800693550204419,6.48893985521265005650983067414700701536,8.8,7,300,15,3928.52,3023.68,155.78
101026637,AUS / Wrck (AUS) 7th Sep,R5 1815m Hcap,07-09-2014 07:03,5890290,7. Be Tolerant,0,20,17.5731212024197936394722340634082376566,13.2750199907734891588497616484699369522,20,15,19.5,19.5,1300.6,879.74,68.42
101026643,AUS / Wang (AUS) 7th Sep,R1 2000m Mdn,07-09-2014 03:40,1292574,2. Like Never Before,1,3.4399675001349976,3.4798690579257966148320090156319065592,3.08878227713392726160609277912183817734,5,3.2,3.8,3.1,16087.24,11464.12,2092.18
101026645,AUS / Wang (AUS) 7th Sep,R2 1170m 3yo,07-09-2014 04:16,8820750,6. Piran,0,23.738025298865097,22.1748590465017930287622170887363994042,16.6756581786793267155804920155373327579,28,19.5,1,1001,1158.5,822.54,0
101026645,AUS / Wang (AUS) 7th Sep,R2 1170m 3yo,07-09-2014 04:16,8820755,11. Show Us Your Tatts,0,8.512265992665125,8.78862542909736289467536402840638661266,7.44169711506130774920983613906883952388,10,7.4,1,1001,3568.88,2903.2,43.06
101026645,AUS / Wang (AUS) 7th Sep,R2 1170m 3yo,07-09-2014 04:16,8820752,8. Pure Esteem,0,171.7519259767735,274.755211050466779376036128026195326445,87.9773114754098360655737704918032786885,350,240,1,1001,152.5,20.1,0
101026649,AUS / Wang (AUS) 7th Sep,R4 1000m Mdn,07-09-2014 05:28,8820775,14. She Has,0,40,38.2662755093679636428479985409890089029,25.238971813770880402977888069928515871,40,30,36,36,539.98,320.48,7.74
101026651,AUS / Wang (AUS) 7th Sep,R5 1000m Hcap,07-09-2014 06:04,6328513,8. Danapaise,0,5.6410535643800515,5.28694714436864033083135022732334333143,5.44353138249256436826933952026801898875,6,5.6,11,5.5,6542.82,6288.94,253.88
101026657,AUS / Wang (AUS) 7th Sep,R8 1170m Hcap,07-09-2014 07:56,7407046,7. This Is The Show,0,5.575726206,5.4650019585033081304752244551777936512,5.21836098220711219197458867905799439164,6.6,5.5,4.9,2.5,9671.28,8862.4,808.88
101026653,AUS / Wang (AUS) 7th Sep,R6 1590m Hcap,07-09-2014 06:40,6906839,2. Quick Snitzel,1,2.7470622097589867,2.83982276471875315745726391353258473687,2.40119879179870278060785656158489669514,3.35,2.66,3.85,1.01,40576.02,28816.7,3897.72
101026653,AUS / Wang (AUS) 7th Sep,R6 1590m Hcap,07-09-2014 06:40,8289224,10. Bessano,0,12.214243801,11.6251048618428385780887368289485698904,9.86150444564368833863387491420457820089,13.5,9,800,800,3817.22,3024.98,40.52
101026653,AUS / Wang (AUS) 7th Sep,R6 1590m Hcap,07-09-2014 06:40,8662552,1. Shadowfax,0,29,31.472386225185029845402562299841329374,22.3492634014654839953721558040879290397,42,22,800,800,1296.5,856.96,8.22
101026655,AUS / Wang (AUS) 7th Sep,R7 1590m Hcap,07-09-2014 07:18,5979500,4. Verification,0,23.478646729290488,19.7774505266521754810248984072110071689,14.2858366051290618995906774705538384429,21.6,18.4,26,26,957.68,624.12,15.12
101026661,AUS / Mudg (AUS) 7th Sep,R2 1400m Mdn,07-09-2014 05:10,8245328,4. Colour Parade,0,118.18847538143845,162.53452323016560759832117477993631409,59.0616150766526706376330436480812420662,220,120,1,1001,204.82,73.62,0
101026661,AUS / Mudg (AUS) 7th Sep,R2 1400m Mdn,07-09-2014 05:10,8355458,11. Unsavoury Lady,0,99.62984415974,140.702911067214599408610381227061975354,26.4169932987735491212542672904286256164,200,100,1,1001,158.18,25.88,1.14
101026663,AUS / Mudg (AUS) 7th Sep,R3 1200m Mdn,07-09-2014 05:46,8820682,2. Cerosin,0,7.117780775884166,6.46208706503272062951788726017078855615,6.09979714446093224624995137024748375766,7.4,5.9,790,7.2,3598.62,2928.88,246.16
101026665,AUS / Mudg (AUS) 7th Sep,R4 1200m CL1,07-09-2014 06:22,8820691,6. See You In China,0,17,12.3045343838328635944485706387643433681,12.3877218666597569507423626046174176664,19,10.5,1,1001,1543.72,1537.54,6.18
101026665,AUS / Mudg (AUS) 7th Sep,R4 1200m CL1,07-09-2014 06:22,7423902,3. Duke Of Nullah,0,10,7.85217340389206818725400842550741742506,8.10353960241789742631021374711784134106,11.5,8.8,200,200,1925.64,1923.2,2.44
101026667,AUS / Mudg (AUS) 7th Sep,R5 1400m CL3,07-09-2014 06:58,7310397,2. Coutainville,0,9.561499140382512,9.28753774624055314972578240320837731374,9.47083167672678642425994867531716485344,10,8.6,990,4,3320.04,2641,235.38
101026671,AUS / Mudg (AUS) 7th Sep,R7 1200m Hcap,07-09-2014 08:14,5534628,4. Toranaga,0,163.688476394,184.760451824485589383811517849790232234,83.1740190645089780536466415428951452006,280,130,1,1001,180.44,68.1,.06
101026673,AUS / PAug (AUS) 7th Sep,R1 1498m Mdn,07-09-2014 04:47,5210179,3. Rockynbullwinkle,0,21,19.7028837463522053002263228975548091807,18.4795618806348260189255644139780940317,22,22,1000,19.5,268.42,141.8,41.92
101026675,AUS / PAug (AUS) 7th Sep,R2 1100m Mdn,07-09-2014 05:23,6041217,6. Champagne Kris,0,34.86871708459235,35.7282505253255257552532421959267894832,13.6908206686930091185410334346504559271,36,36,970,970,164.5,38.28,1.16
101026679,AUS / PAug (AUS) 7th Sep,R4 1200m Hcap,07-09-2014 06:35,8064252,3. Valik,0,11,10.4585616761087687971298344729675603305,9.37708251857645678529526789206100899492,11,10,990,400,1278.5,758.02,23.8
101026677,AUS / PAug (AUS) 7th Sep,R3 1100m Hcap,07-09-2014 05:59,5536624,7. Three Star General,0,16.555015983110934,20.7658113131396736092141964583444681108,15.556883739297445746800452334368437113,26,19,19.5,19,1114.22,571.52,82.8
101026677,AUS / PAug (AUS) 7th Sep,R3 1100m Hcap,07-09-2014 05:59,7016953,5. Ontheroad For Gold,1,13,15.2529430316944544771094443558720210344,4.79986141596729072519905315257155153863,16.5,13.5,2.2,1.01,4647,1184.68,3253.2
101026700,AUS / Mree (AUS) 7th Sep,R7 1400m Cup,07-09-2014 07:23,7736441,17. Summa Cum Sadie,0,497.792704007104,252.130480912902204236999524188957171319,167.848063555114200595829195630585898709,330,140,970,790,80.56,32,3.96
101026700,AUS / Mree (AUS) 7th Sep,R7 1400m Cup,07-09-2014 07:23,8820724,13. Racecraft,0,10.797374334376364,12.3941498680309163047193916715390252125,10.187150075755772907197195053267017285,15,8,10,8.6,2521.26,1859.64,147.06
101026690,AUS / Mree (AUS) 7th Sep,R2 1300m Mdn,07-09-2014 04:21,8691739,5. Averils Gift,0,7.822955666,6.46961837625080611806262253655418174099,5.95151852621372671237620333818131449546,7,6,6.4,5.8,1443.9,1080.4,300.44
101026692,AUS / Mree (AUS) 7th Sep,R3 1400m CL1,07-09-2014 04:57,5230550,11. Seven Over Seven,0,70,30.2560940516480545804012898359108553486,28.6078853302830997998284243637403488705,70,36,70,50,139.88,100.04,39.84
101026692,AUS / Mree (AUS) 7th Sep,R3 1400m CL1,07-09-2014 04:57,8820714,1. Skyfall,1,3.381949692,2.79343200181389758965889670020793558738,2.60559170345668251953186678540525860381,3.7,2.9,3.85,2,9499.86,6740.72,2759.14
101026694,AUS / Mree (AUS) 7th Sep,R4 950m CL3,07-09-2014 05:33,8420852,2. Hide The Moon,0,5.4,5.87495624160634105489668964498007893499,5.03441703926983808355160702317856136863,6.6,5.3,790,790,6177.26,4764.96,283.7
101026696,AUS / Mree (AUS) 7th Sep,R5 1200m CL2,07-09-2014 06:09,7559280,7. Easy To Smile,0,21,16.9394850318259431127890892969603575104,12.715752937831690674753601213040181956,19.5,13.5,1,1001,1688.32,1176.76,.18
101026698,AUS / Mree (AUS) 7th Sep,R6 1200m Hcap,07-09-2014 06:45,6391641,8. Random Ruler,0,11.245245282698889,12.2076549389673552638668706384996105355,9.80771073513999101661925437939811349004,13.5,11,1,1001,1335.8,939.68,26.14
101026698,AUS / Mree (AUS) 7th Sep,R6 1200m Hcap,07-09-2014 06:45,5690330,11. Tellzcay,0,101.359921299,76.6540147676215712815078134673315976455,50.7565377281394715336420593843639335331,95,55,95,95,293.68,137.54,7.02
101026702,AUS / Mree (AUS) 7th Sep,R8 1000m Hcap,07-09-2014 08:01,7580428,2. Hot Hit,0,5.100223925582411,4.97342211103975106496099897784370261104,4.76779539807487524272858246507840394212,5.8,4.2,4.9,2,9578.6,8478.94,1099.66
101026702,AUS / Mree (AUS) 7th Sep,R8 1000m Hcap,07-09-2014 08:01,8611445,7. Shadow Force,0,10.5,7.99178299183334732702572039046006654539,8.20352170091048630626773489772401196977,10,8.6,10.5,10.5,4391.06,3963.5,427.56
101026711,AUS / Hoba (AUS) 7th Sep,R4 1200m CL1,07-09-2014 05:37,8741448,5. Isnt Life Strange,0,11,9.63689441448216331846334189125217162093,9.61598586215602120676596818985104771522,10.5,9.2,100,7.4,1980.5,1285.68,417.06
101026711,AUS / Hoba (AUS) 7th Sep,R4 1200m CL1,07-09-2014 05:37,8741450,11. Satin N Rose,0,19.5,17.2507315036028797047797778533615130209,10.505,19,16.5,1,1001,720,394,.9
101026719,AUS / Hoba (AUS) 7th Sep,R8 1400m Hcap,07-09-2014 08:05,6535151,10. Fuming,0,26.052476947400724,25.5924763537419997088154480108296468285,17.7603968602213446443371849251621081371,30,29,1,1001,410.22,228.24,23.06
101026709,AUS / Hoba (AUS) 7th Sep,R3 1600m CL1,07-09-2014 05:01,8818224,12. Little Sheeka,1,33.749637096,46.4148538674426302004756292782663452661,2.91637436260947110877369492145519401825,55,50,3,1.01,1749.32,43.76,1484.04
101026709,AUS / Hoba (AUS) 7th Sep,R3 1600m CL1,07-09-2014 05:01,7562024,11. More Than Sweet,0,51.982986839339134,37.6041376398920720308739171372243019662,9.3648116919617762788083192804946599213,44,42,1,1001,249.06,54.52,.1
101026709,AUS / Hoba (AUS) 7th Sep,R3 1600m CL1,07-09-2014 05:01,6508690,5. Baku,0,72.803004639,45.5429175956024481354709493787436493243,15.9515772553747237291541089009443439823,50,46,1,1001,199.08,40,.1
101026709,AUS / Hoba (AUS) 7th Sep,R3 1600m CL1,07-09-2014 05:01,8721994,13. Geegees Big Buddy,0,131.28526917353736,110.081649306668687304372154835250024772,20.4613438735177865612648221343873517787,130,100,1,1001,126.5,21.96,.1
101026717,AUS / Hoba (AUS) 7th Sep,R7 1100m CL2,07-09-2014 07:27,8818234,5. Beryl Bee,0,4.1,3.08855476048518557467599586497741774218,2.96495156146943319960547255553336842933,4.1,3.55,4.1,2.06,3305.22,2298.1,1007.12
101026707,AUS / Hoba (AUS) 7th Sep,R2 1400m Mdn,07-09-2014 04:25,8818213,13. Cheers Chappy,0,6.7376007553999235,5.90846791149589470421779506142538191859,4.30468539457232551654658139262937276808,6.8,5,18.5,6,2223.42,997.08,743.92
101026707,AUS / Hoba (AUS) 7th Sep,R2 1400m Mdn,07-09-2014 04:25,8818215,15. Flash Bee,0,85.97570686543244,94.5162200430301729850919806387950195643,35.9767475447718082033506643558636626228,95,95,70,70,138.48,11.8,18.76
101026707,AUS / Hoba (AUS) 7th Sep,R2 1400m Mdn,07-09-2014 04:25,7736649,8. Clamouring,0,58.660481106,46.4573497517642265233635862560838611832,7.04269693284691257938116470747196324821,48,46,1,1001,148.02,11.8,.76
101026713,AUS / Hoba (AUS) 7th Sep,R5 1100m Hcap,07-09-2014 06:13,3828585,4. Loaded Owners,0,2.84,2.86989212727093844017074406902817739805,2.36195508830778951720804415462271004675,3.3,2.66,2.84,1.06,13737.18,8442.54,3379.98
101026713,AUS / Hoba (AUS) 7th Sep,R5 1100m Hcap,07-09-2014 06:13,4947669,6. Tuesdaynitedelight,0,6.115824308596782,6.03043239247613512170147225243190797536,4.77762236840370697496605455000856875437,6.6,5.8,9.6,9.6,3034.28,2011.2,75.1
101026715,AUS / Hoba (AUS) 7th Sep,R6 1600m Hcap,07-09-2014 06:49,6814058,12. Gee Gees Opera,0,10,10.3614638651184765880901981487036425122,7.51042400802177338490187652198825383183,10.5,9.6,1,1001,698.1,424.72,68.12
101026705,AUS / Hoba (AUS) 7th Sep,R1 1100m Mdn,07-09-2014 03:49,7704574,1. Lost My Patience,0,17.95782618,15.2715481835391841189652123860714902577,13.1263555267017721032003654812570631657,18,13,1,1001,831.78,566.6,7.36
101026725,AUS / Kalg (AUS) 7th Sep,R3 1600m Mdn,07-09-2014 07:31,7371737,6. Dusty Saddles,0,102.98615587114355,84.5685371796930098228153938979734880049,54.0218940459446788560712611345522737928,95,80,90,80,213.3,63.52,13.28
101026729,AUS / Kalg (AUS) 7th Sep,R5 1200m Hcap,07-09-2014 08:45,6373878,11. Zeeda Boy,0,128.1285136843473,98.2116645029288593749067228257946647982,78.1396266666666666666666666666666666667,110,85,1000,1000,187.5,74.04,4.38
101026729,AUS / Kalg (AUS) 7th Sep,R5 1200m Hcap,07-09-2014 08:45,8539247,10. Tamaqua,0,10.376420208,9.14810251012690079704012928319330503733,8.63290247252747252747252747252747252747,11,6.2,10.5,10.5,2912,2563.1,34.86
101026731,AUS / Kalg (AUS) 7th Sep,R6 1400m Hcap,07-09-2014 09:25,5175999,2. Rons Gem,0,42,25.8555066741360212480931955017034337203,26.8866543584333377291309508110246604246,42,21,790,18,1061.62,952.3,109.32
101026731,AUS / Kalg (AUS) 7th Sep,R6 1400m Hcap,07-09-2014 09:25,5297934,6. Prost,0,12.645273767441711,8.71362766868596932925593078408631462327,9.00153913965428922006599716474274209881,13,10.5,790,790,1678.86,1667.92,10.94
101026731,AUS / Kalg (AUS) 7th Sep,R6 1400m Hcap,07-09-2014 09:25,7307986,12. The Blues,0,18.036746295550834,12.1668494927291221466861852287108032468,12.4876848538051185090147883044094807212,20,16.5,790,790,1184.72,1184.12,.6
101026731,AUS / Kalg (AUS) 7th Sep,R6 1400m Hcap,07-09-2014 09:25,7382192,9. Comanche Red,0,15.736140907309018,11.8831809552503172204469766370175034027,12.0828858438581947627639342663480762666,17.5,14.5,790,10,2050.7,1870.16,180.54
101026733,AUS / Kalg (AUS) 7th Sep,R7 1300m Hcap,07-09-2014 10:00,8753525,2. Arancio,0,2.8021321234532048588,2.75070494205333794124789049553359833761,2.54924623226183775693411607117589905323,3.03,2.56,1,1001,19081.74,15267.32,81.98
101026757,AUS / SCst (AUS) 7th Sep,R2 1600m Mdn,07-09-2014 04:07,6468738,10. Be Alle Belle,0,18.186484467431505,21.0162573757126922461444663620873227467,15.2465888308728034138196082588989901667,22,20,20,20,754.58,458.78,65.56
101026757,AUS / SCst (AUS) 7th Sep,R2 1600m Mdn,07-09-2014 04:07,1499726,14. Shalako,0,77.88921631964621,83.4754290471456276724762364901686039018,67.037884072413220395283175552233848198,110,55,110,110,481.68,339.64,25.44
101026757,AUS / SCst (AUS) 7th Sep,R2 1600m Mdn,07-09-2014 04:07,2286312,2. Master Cat,0,4,3.75011329607275828630682385931367239256,3.5007641601873178677322067113752338292,4.2,3.4,5.8,3.9,9429.96,7650.04,707.38
101026757,AUS / SCst (AUS) 7th Sep,R2 1600m Mdn,07-09-2014 04:07,7373135,7. Rave On,0,45.83345318831152,37.5374485101822964837367680941297285603,24.9328582407601481170963459791797666457,44,34,1,1001,572.52,326.8,.02
101026757,AUS / SCst (AUS) 7th Sep,R2 1600m Mdn,07-09-2014 04:07,8406069,4. Interim Approval,0,42.08827069,41.0143504775823992196863632781125579144,23.3777558569667077681874229346485819975,50,38,1,1001,405.5,210.34,.02
101026759,AUS / SCst (AUS) 7th Sep,R3 1800m CL3,07-09-2014 04:43,6818814,3. Lemaitre,0,147.32988779847395,172.421393594826315594932756120982081029,48.3662205724333300771710462049428543519,180,160,17,17,204.74,13.04,64.44
101026763,AUS / SCst (AUS) 7th Sep,R5 1000m CL1,07-09-2014 05:55,8820610,13. Bradburys Quest,0,287.9248866082863,299.439923396597660585308811842017736418,71.3608223062381852551984877126654064272,400,240,1,1001,84.64,18.28,1.18
101026761,AUS / SCst (AUS) 7th Sep,R4 1000m 3yo,07-09-2014 05:19,8405844,3. Pinkman,0,10.0169708,9.22858727295911361196603459063337309656,8.57203344633098570969344516204447821386,10.5,6,1,1001,5475.04,4671.26,44.88
101026581,AUS / Laun (AUS) 7th Sep,R4 2200m Pace M,07-09-2014 09:51,545725,1. Master Charlie,0,72.70836107648908,35.0659588847135428882159690480037387009,48.161467889908256880733944954128440367,1,1001,790,790,32.7,28.78,1.14
101026581,AUS / Laun (AUS) 7th Sep,R4 2200m Pace M,07-09-2014 09:51,8820368,2. Busted,0,23.001923726663932,23.0247901392922806542828400322525129346,16.3418711656441717791411042944785276074,1,1001,1,1001,130.4,37.06,.84
101026577,AUS / Laun (AUS) 7th Sep,R2 2200m Pace M,07-09-2014 09:00,6019344,2. Modern Scooter,0,3.75,3.49471018274394037384012931231260777402,3.62721390862541182074385742071210256817,3.7,3.4,790,790,1511.58,1186.66,90.72
101026579,AUS / Laun (AUS) 7th Sep,R3 1680m Pace M,07-09-2014 09:29,6933366,5. Carly Seelster,0,4.576756775686809,4.53787015211011973980320279437575522941,4.58638846535313013485707518540997439048,4.9,4.3,790,4.4,1351.06,994.6,156.84
101026583,AUS / Laun (AUS) 7th Sep,R5 2200m Pace M,07-09-2014 10:20,7030512,7. Riverboat Jasper,1,1.39,1.39953557537486111752093948937004323409,1.33450919690333495390102618997268289705,1.47,1.37,2,1.06,18347.48,12132.54,5253.58
101026585,AUS / Laun (AUS) 7th Sep,R6 2200m Pace M,07-09-2014 10:47,5954044,5. Ciskei,0,5.970881891,4.74661590982857083636195762108647960878,4.1214355461633753552430226626830867886,4.8,4.8,1,1001,274.46,106.14,78.36
101026589,AUS / Laun (AUS) 7th Sep,R8 2200m Pace M,07-09-2014 11:35,5581389,6. Terrorcam,0,41.2539766,42.5163565432672185427594209027186237817,36.160484481453444360333080999242997729,42,42,790,790,26.42,11.54,.6
101026587,AUS / Laun (AUS) 7th Sep,R7 2200m Pace S,07-09-2014 11:11,5213041,5. Pacquiao,0,28,45.3890114746446820943655945443485962151,44.1935218226736206423277518528685149602,85,29,1,1001,72.86,60.2,.7
101026595,AUS / Geel (AUS) 7th Sep,R3 2100m Trot M,07-09-2014 09:37,6332930,10. Eurasian Hanover,0,42,29.672823507201117805453919309637191448,27.5356410840355272147574584377135048964,1,1001,1,1001,87.82,65.66,1.52
101026595,AUS / Geel (AUS) 7th Sep,R3 2100m Trot M,07-09-2014 09:37,7581456,6. Ballan Road,0,26,20.7457021688987736314220207507707077551,25.7855298607992815446789402784014369106,30,29,44,44,178.16,155.06,13.94
101026597,AUS / Geel (AUS) 7th Sep,R4 2100m Pace M,07-09-2014 10:07,8273275,9. The Pix,0,12,11.7957054378174662963458487147359939376,10.9370929401078406741008445586842664708,18,10,14,14,1034.86,567.42,467.44
101026597,AUS / Geel (AUS) 7th Sep,R4 2100m Pace M,07-09-2014 10:07,8770455,6. Lisias Lady,0,200,90.0721906882028402323667440351351406806,106.988589211618257261410788381742738589,210,210,1,1001,19.28,18.52,.76
101026597,AUS / Geel (AUS) 7th Sep,R4 2100m Pace M,07-09-2014 10:07,4863771,7. Rowillie,0,121.40808988513406,92.275746055584819571199657564891545303,109.776501766784452296819787985865724382,510,510,790,790,22.64,21.68,.96
101026599,AUS / Geel (AUS) 7th Sep,R5 2100m Pace M,07-09-2014 10:31,8432223,3. Valley Of Diamonds,0,3.301011654197063,3.00543383756120112199730352466403702103,3.1344829893806147211312923744566944037,3.4,3,1,1001,2958.74,2837.78,120.96
101026599,AUS / Geel (AUS) 7th Sep,R5 2100m Pace M,07-09-2014 10:31,7155508,4. Our Summer Wind,0,23.365281317632185,14.3011294304460564368172922008944853738,20.0472735782822373040018722209220688041,1,1001,1,1001,85.46,84.08,1.38
101026601,AUS / Geel (AUS) 7th Sep,R6 2100m Pace M,07-09-2014 10:55,7322540,9. Missanger Management,0,21,12.5217111095504015153780918378024439436,11.4573402417962003454231433506044905009,11,11,1,1001,173.7,128.46,1.04
101026603,AUS / Geel (AUS) 7th Sep,R7 2100m Pace M,07-09-2014 11:19,7596078,6. Jeans Mattjesty,1,3.2,3.45785031201310846750167177224347015035,2.07069027575036493431182387170309344318,3.45,3.35,1,1001,3000.54,1185.26,1298.74
101026607,AUS / Geel (AUS) 7th Sep,R9 2100m Pace M,07-09-2014 12:10,8820303,4. Coloured Stones,0,290,259.989374794880210042664916311125697407,1,1,1001,1,1001,0,.78,.1
101026607,AUS / Geel (AUS) 7th Sep,R9 2100m Pace M,07-09-2014 12:10,8820305,8. Chance The Mach,0,3.9364476696640494,3.82529338451217691619248073799552892297,3.04556219133374287727233854426648656637,4.2,3.8,1,1001,61.12,1179.9,83.96
101026591,AUS / Geel (AUS) 7th Sep,R1 2100m Pace M,07-09-2014 08:39,6465907,8. Bazzas Art,0,6.966486217588098,6.39226563473597141266886452891261848317,5.93378248755309916411638423240305120358,8,5.4,1,1001,1313.58,1106.56,.98
101026591,AUS / Geel (AUS) 7th Sep,R1 2100m Pace M,07-09-2014 08:39,6335358,3. Patchitupbaby,0,4.3,4.93799210587671820567589539313829989043,3.48682826294256974991540804085022609124,5,4.3,1,1001,1950.54,986.82,320.24
101026623,AUS / Bunb (AUS) 7th Sep,R8 2100m Pace M,07-09-2014 11:03,8180499,7. All American Dream,0,40,1,2.30935251798561151079136690647482014388,1,1001,1,1001,16.68,0,0
101026619,AUS / Bunb (AUS) 7th Sep,R6 1609m Pace M,07-09-2014 10:12,7112684,3. Lynnes Cullen,0,50,1,25.5,1,1001,1,1001,.6,0,0
101026619,AUS / Bunb (AUS) 7th Sep,R6 1609m Pace M,07-09-2014 10:12,7637114,2. Dezba,0,21,1,18.5427184466019417475728155339805825243,1,1001,1,1001,20.6,0,0
101026619,AUS / Bunb (AUS) 7th Sep,R6 1609m Pace M,07-09-2014 10:12,8381124,8. Where Dreams Grow,0,1.9036307992985524,1,1.92352048977465155659762928227172072424,1,1001,1,1001,3838.5,0,0
101026619,AUS / Bunb (AUS) 7th Sep,R6 1609m Pace M,07-09-2014 10:12,8820240,10. Disturbia,0,19.5,1,15.3061224489795918367346938775510204082,1,1001,1,1001,32.34,0,0
101026627,AUS / Bunb (AUS) 7th Sep,R10 2500m Pace S,07-09-2014 11:52,6880844,6. Hear It Now,0,25.677,1,27.6896992578060609274066745292365905865,1,1001,1,1001,8.14,0,0
101026627,AUS / Bunb (AUS) 7th Sep,R10 2500m Pace S,07-09-2014 11:52,5797346,3. Our Calvados,0,3.853827806771524956,1,5.76035291074054726078804062471229087536,1,1001,1,1001,849.96,0,0
101026613,AUS / Bunb (AUS) 7th Sep,R3 2100m Pace M,07-09-2014 08:52,8792779,1. Let It Burn,1,1.6380369088189761,1,1.56519881917957912716894856057672415165,1,1001,1,1001,7540.52,0,0
101026613,AUS / Bunb (AUS) 7th Sep,R3 2100m Pace M,07-09-2014 08:52,8820230,6. Blissfull Rose,0,20.184507715,1,7.55971128608923884514435695538057742782,1,1001,1,1001,30.48,0,0
101026615,AUS / Bunb (AUS) 7th Sep,R4 2100m Pace M,07-09-2014 09:16,8820236,5. Artistic Edge,0,19,1,17.2935771301280861332838314460738815667,1,1001,1,1001,107.74,0,0
101026617,AUS / Bunb (AUS) 7th Sep,R5 2100m Pace M,07-09-2014 09:45,8615803,11. Nicnak Paddy Wak,1,11.020186630664393,1,12.2288799843627834245504300234558248632,1,1001,1,1001,204.64,0,0
101026621,AUS / Bunb (AUS) 7th Sep,R7 2100m Pace M,07-09-2014 10:39,7748494,4. Bettor Dreams,1,2.564883795,1,2.5127489631665533784515963787175774054,1,1001,1,1001,6090.66,0,0
101026621,AUS / Bunb (AUS) 7th Sep,R7 2100m Pace M,07-09-2014 10:39,8820241,11. Loving You,0,6,1,4.55904061624649859943977591036414565826,1,1001,1,1001,571.2,0,0
101026621,AUS / Bunb (AUS) 7th Sep,R7 2100m Pace M,07-09-2014 10:39,4658022,6. Hillview Aussie,0,90,1,26.8445873526259378349410503751339764202,1,1001,1,1001,18.66,0,0
101026621,AUS / Bunb (AUS) 7th Sep,R7 2100m Pace M,07-09-2014 10:39,6801050,10. Renaissance Franco,0,248.204426389,1,102.709644670050761421319796954314720812,1,1001,1,1001,19.7,0,0
101026625,AUS / Bunb (AUS) 7th Sep,R9 2100m Pace M,07-09-2014 11:27,4929863,5. The Terrorizer,0,16.5,1,16.5821917808219178082191780821917808219,1,1001,1,1001,13.14,0,0
101026625,AUS / Bunb (AUS) 7th Sep,R9 2100m Pace M,07-09-2014 11:27,5542431,7. Quick Reflection,0,2.562042961648986,1,2.84587321821763819677830571329238613976,1,1001,1,1001,345.16,0,0
101026629,AUS / Wrck (AUS) 7th Sep,R1 1005m Mdn,07-09-2014 04:39,8268210,7. Greeta,0,42.75354508,17.9942613264706194417235359984517356981,18.6737797825584085126069858894286375202,60,42,1,1001,345.84,345.14,.7
101026629,AUS / Wrck (AUS) 7th Sep,R1 1005m Mdn,07-09-2014 04:39,8820873,2. Harties Spirit,0,40.11863474780634,18.5793694729046030779707922583901964019,19.321374717265644634330233727067102287,60,40,1,1001,318.32,317.62,.7
101026637,AUS / Wrck (AUS) 7th Sep,R5 1815m Hcap,07-09-2014 07:03,4113632,9. Diamondcowboy,0,130,134.29101858578085332991232659697586814,112.943796884016156953260242354298903635,160,95,430,430,173.3,91.7,10.86
101026633,AUS / Wrck (AUS) 7th Sep,R3 1205m Mdn,07-09-2014 05:51,8820892,9. Tuscan Diva,0,26,23.6513712078111902686596575772156933925,18.6297651723086306800853918877706617871,26,18,1,1001,524.64,382.02,1.6
101026641,AUS / Wrck (AUS) 7th Sep,R7 1205m Hcap,07-09-2014 08:19,8820902,13. Atbarrakee,0,249.42682811670005,100.54101980428555275415337595834861557,96.9191272727272727272727272727272727273,340,100,790,34,137.5,124.54,12.96
101026647,AUS / Wang (AUS) 7th Sep,R3 1170m 3yo,07-09-2014 04:52,8816764,7. Royal Standing,0,6.400385071312979,6.02515024036042611802543036711701117213,5.47499345786033939626816478904498010858,6.8,4.8,1,1001,6037.78,5257.02,60.14
101026643,AUS / Wang (AUS) 7th Sep,R1 2000m Mdn,07-09-2014 03:40,8820744,5. Angie Sparkles,0,5.8,5.98661204604153493977325222971880434825,5.68567133340128049514949919853234130477,6.6,5,6,6,4317.08,3789.7,110.62
101026643,AUS / Wang (AUS) 7th Sep,R1 2000m Mdn,07-09-2014 03:40,8213532,4. Wild Craft,0,84.55763925452716,121.834413059800298581127332356949060057,71.9399617590822179732313575525812619503,150,110,790,150,209.2,89.66,16.3
101026645,AUS / Wang (AUS) 7th Sep,R2 1170m 3yo,07-09-2014 04:16,8820756,12. Tears Of Joy,0,2.50177899885377,2.71748398379487585270182608064173138403,2.55220855613264537000514445845255115789,2.94,2,1,1001,56332.46,49827.92,127.46
101026645,AUS / Wang (AUS) 7th Sep,R2 1170m 3yo,07-09-2014 04:16,8820757,13. Ungrateful Ellen,0,6.4,6.65488696789132783844585477716978182497,6.36262214194023447965273474674192281205,13.5,5.7,6,6,12168.22,11244.74,264.08
101026649,AUS / Wang (AUS) 7th Sep,R4 1000m Mdn,07-09-2014 05:28,8820771,10. Prussian Gleam,0,82.20725852086323,164.816978749226891968028833601785920973,75.6097991180793728564429201371876531112,190,100,1,1001,204.1,87.52,.8
101026649,AUS / Wang (AUS) 7th Sep,R4 1000m Mdn,07-09-2014 05:28,8820772,11. Tigerdan,0,4.45202211842523,4.36279646920645136789047382253815317045,3.81728121978402496182498339599649565647,4.7,3.6,1,1001,10569.74,8664.46,2.06
101026649,AUS / Wang (AUS) 7th Sep,R4 1000m Mdn,07-09-2014 05:28,8820777,16. Atunnah Courage,0,116.2236204842478,130.109151174588425234986448307245760638,70.6202654867256637168141592920353982301,170,110,1,1001,226,112.56,.9
101026651,AUS / Wang (AUS) 7th Sep,R5 1000m Hcap,07-09-2014 06:04,8820778,4. The Bounty Queen,0,5.178434212,4.17099743909478760689966952043374589265,4.19001030843522898229878105606305262818,5.7,3.7,7.8,3,21031.32,19793.14,1238.18
101026653,AUS / Wang (AUS) 7th Sep,R6 1590m Hcap,07-09-2014 06:40,5874612,3. Leveraction,0,8.36198979449982,8.25314574276230743261053198591129997135,7.78055592012749601574950782788037873816,10.5,7.2,800,8.6,6400.2,5549.28,86.18
101026655,AUS / Wang (AUS) 7th Sep,R7 1590m Hcap,07-09-2014 07:18,7544728,14. Hadron Collider,0,15.6,14.9131347901887593386453679145462127863,11.669718459182471433619978796089056426,19.2,12.8,1,1001,1697.8,1261,.42
101026655,AUS / Wang (AUS) 7th Sep,R7 1590m Hcap,07-09-2014 07:18,6741481,3. King Taros,0,49.709892520485948,49.5997784076416188501584387559454354633,31.8672369736695922675258304632818575714,56,40,1,1001,360.04,227.58,.1
101026659,AUS / Mudg (AUS) 7th Sep,R1 1600m CL1,07-09-2014 04:34,8820672,7. Arguably Regal,0,200.62354958184528,53.5936405988814010701039511237503601124,54.7591874422899353647276084949215143121,270,200,1,1001,108.3,107.64,.66
101026659,AUS / Mudg (AUS) 7th Sep,R1 1600m CL1,07-09-2014 04:34,7137034,8. Barstow,0,90.84724251775506,10.1827340703375947742464683654880031638,10.6511982903373530758662799572584338269,1,1001,1,1001,131.02,130.9,.12
101026663,AUS / Mudg (AUS) 7th Sep,R3 1200m Mdn,07-09-2014 05:46,8820685,7. Breath,0,3.2095485325560626,3.22475681688399954769537720893048689925,2.86312004971913261446665672574260335386,3.55,3,2.94,2.94,18375.22,14395.82,788.56
101026663,AUS / Mudg (AUS) 7th Sep,R3 1200m Mdn,07-09-2014 05:46,8436982,9. Little Grammy,0,10.5,9.5293515244006592621468778466442223181,7.67929360963997711797161890350796257681,10.5,8.2,790,790,2167.64,1462.72,72.74
101026663,AUS / Mudg (AUS) 7th Sep,R3 1200m Mdn,07-09-2014 05:46,8820686,10. Plow Man,0,132.09721902,155.058393128279241746821835466986317127,73.3539624183006535947712418300653594771,190,100,790,160,146.88,44.32,12.1
101026665,AUS / Mudg (AUS) 7th Sep,R4 1200m CL1,07-09-2014 06:22,8211088,4. Enigami,0,6.8,5.90821838939933421510685401121704813408,6.09159764462275139122557266727060955093,7.8,6.4,1000,7.6,4945.28,4861.28,84
101026667,AUS / Mudg (AUS) 7th Sep,R5 1400m CL3,07-09-2014 06:58,8135878,3. Victorian Crown,0,15.353329917266967,16.1499775218438244637987974507596589106,13.9237339170111987399969889633927434018,19.5,12.5,990,990,1726.98,1387.2,20.52
101026669,AUS / Mudg (AUS) 7th Sep,R6 1400m Hcap,07-09-2014 07:36,5506548,9. Color Purple,0,59.27435179658234,51.0957687700471655517852904077147074911,31.3744335503007332948834143528054708742,65,40,1,1001,485.48,284.6,1.4
101026669,AUS / Mudg (AUS) 7th Sep,R6 1400m Hcap,07-09-2014 07:36,7347018,10. Mabrouk,0,18,16.6427893851167492402503433959496839599,12.8920961160646818800060450355145836482,19.5,16,1,1001,1852.76,1263.32,51.52
101026671,AUS / Mudg (AUS) 7th Sep,R7 1200m Hcap,07-09-2014 08:14,7341909,7. Da Grinch,0,31.53410156552214,44.0146638098378400246584670756701757453,23.1588916011210559623903806165807793147,55,32,1,1001,442.44,226.22,.1
101026671,AUS / Mudg (AUS) 7th Sep,R7 1200m Hcap,07-09-2014 08:14,2957100,12. Gokstad,0,75,71.3178711276000862966718706746540375564,48.7357222844344904815229563269876819709,85,50,1,1001,285.76,163.26,.1
101026671,AUS / Mudg (AUS) 7th Sep,R7 1200m Hcap,07-09-2014 08:14,6468741,13. Quarter Hennessy,0,30,32.0486514991957484748732197936712609974,24.5608302794640109659551850504937477271,40,28,1,1001,714.94,527.8,.1
101026671,AUS / Mudg (AUS) 7th Sep,R7 1200m Hcap,07-09-2014 08:14,6847022,9. Zero Cash,0,30,30.8908152797344249092471638471705394043,21.3628861895959862688143649326643781357,44,26,1,1001,605.92,401.54,7
101026673,AUS / PAug (AUS) 7th Sep,R1 1498m Mdn,07-09-2014 04:47,8820729,1. Epona Rebel,0,10.301808867715298,6.99030447977253335161027063126635175344,9.71713394559001906082134811990989429908,7.6,5.3,1000,6.8,1731.3,1201.66,184.34
101026675,AUS / PAug (AUS) 7th Sep,R2 1100m Mdn,07-09-2014 05:23,7242654,7. Dajebony Ro,0,17.540964303842912,18.7256092186780816454421955117250840632,15.7488156392694063926940639269406392694,24,16.5,1,1001,700.8,530.38,.78
101026679,AUS / PAug (AUS) 7th Sep,R4 1200m Hcap,07-09-2014 06:35,6107112,1. Egos Good,0,5.703145729109675,6.08034466387654036200716357496850939737,4.6710944546698130477182635438058119294,6.2,5.9,990,10,6009.02,3368.6,175.96
101026679,AUS / PAug (AUS) 7th Sep,R4 1200m Hcap,07-09-2014 06:35,6680100,6. Propshaft,0,16,16.3781457249903562059497912690052198907,13.2197949657216265374391066000178069473,26,12,500,500,1572.42,1165.34,14.32
101026681,AUS / PAug (AUS) 7th Sep,R5 1396m Hcap,07-09-2014 07:13,6604921,3. Malebo Magic,0,11,12.7762634634364434356591053621497183941,11.1746093696971342465009570612111915073,15.5,10.5,19.5,11,2946.52,2454.68,57.84
101026683,AUS / PAug (AUS) 7th Sep,R6 1867m Hcap,07-09-2014 07:51,7553806,6. Lady Lush,0,12.111509113106873,10.8330700949682863555376685033733367089,10.8717413479591384178702896086808686782,14.5,12,1,1001,1352.86,1352.76,.1
101026683,AUS / PAug (AUS) 7th Sep,R6 1867m Hcap,07-09-2014 07:51,5306242,12. Mountain Climber,0,82.47947471031574,37.8649587932948906625668147516706111395,39.1808619805028219599794766546947152386,90,55,790,790,311.84,311.02,.82
101026685,AUS / PAug (AUS) 7th Sep,R7 1498m Hcap,07-09-2014 08:27,4827352,3. Al Chicago,0,14.135564469,9.90291003690721904423869407478826668343,10.0085075588961457535179576993712068693,15.5,13,1,1001,1644.42,1633.54,10.88
101026688,AUS / Mree (AUS) 7th Sep,R1 950m Mdn,07-09-2014 03:45,8175721,3. Maizoff,1,4.3,4.23467670618604465728279622189024897359,3.74017009158027171739830103478879970351,4.4,3.95,1,1001,2050.66,1565.6,125.06
101026700,AUS / Mree (AUS) 7th Sep,R7 1400m Cup,07-09-2014 07:23,5332187,5. Winning Review,0,9.684856493249535,7.94823856469596903807960286789197714079,7.29831254018049197840283450712735463725,9.8,7,9.4,8,4137.58,3031.54,633.62
101026700,AUS / Mree (AUS) 7th Sep,R7 1400m Cup,07-09-2014 07:23,4318621,3. French Gift,0,70,134.85593373448848311825812139413508155,65.917225950782997762863534675615212528,240,60,1000,1000,205.62,68.08,3.9
101026700,AUS / Mree (AUS) 7th Sep,R7 1400m Cup,07-09-2014 07:23,8297827,4. Eanie Meanie,0,4.8,4.74017344101145671591049332016182422021,4.28807691541297200358672910232141078011,5.2,4.5,4.3,4.3,10037,8165.58,703.78
101026690,AUS / Mree (AUS) 7th Sep,R2 1300m Mdn,07-09-2014 04:21,8820712,16. Ancient Ruler,0,32.007597093656656,38.1235722080527410081396434971775837919,21.8670003336670003336670003336670003337,48,48,790,42,179.82,41.26,15.46
101026692,AUS / Mree (AUS) 7th Sep,R3 1400m CL1,07-09-2014 04:57,7038645,13. Takiri,0,278.940809244588,127.609535349867538969746477935397148959,114.44114619080301990391214824982841455,340,140,1,1001,58.28,50.1,8.18
101026692,AUS / Mree (AUS) 7th Sep,R3 1400m CL1,07-09-2014 04:57,8294712,5. Mind Freak,0,19.306092581382252,15.2370269968317042824700276270333937246,15.8247571767753075760846104036261601554,24,19,790,790,463.3,431.3,32
101026696,AUS / Mree (AUS) 7th Sep,R5 1200m CL2,07-09-2014 06:09,8820721,11. Savage Rock,0,103.36044680750977,85.9851036638408436953099761785947541978,46.2754470426409903713892709766162310867,110,70,1,1001,232.64,122.52,.5
101026696,AUS / Mree (AUS) 7th Sep,R5 1200m CL2,07-09-2014 06:09,6826179,2. Dark Facet,0,32.691961323,30.2606442384184823541138020179492773429,20.7036261261261261261261261261261261261,34,24,1,1001,888,593.6,.5
101026698,AUS / Mree (AUS) 7th Sep,R6 1200m Hcap,07-09-2014 06:45,4673952,9. Why So Serious,0,17.530982384106608,15.9535465693943364243398868160411035345,14.0275604765916476110241906366590444097,17.5,15,28,28,1163.26,879.18,10.8
101026702,AUS / Mree (AUS) 7th Sep,R8 1000m Hcap,07-09-2014 08:01,8156143,5. Flight In Space,0,6.315486106,5.94190101831029349155974324187528160364,5.87111988159842131228416378885051800691,7.4,6.4,7.2,7.2,5635.06,5312.56,322.5
101026702,AUS / Mree (AUS) 7th Sep,R8 1000m Hcap,07-09-2014 08:01,5353384,12. Princess Pachara,0,200,111.531640982293381104238177869343105651,110.711031288401550241043576897627374988,240,80,210,60,211.58,192.76,18.82
101026711,AUS / Hoba (AUS) 7th Sep,R4 1200m CL1,07-09-2014 05:37,6847094,8. Artie Luvstoparty,0,33.32095969826099,30.0409341300617658171105100476571897805,18.5817490494296577946768060836501901141,34,25,1,1001,389.24,210.98,1.24
101026719,AUS / Hoba (AUS) 7th Sep,R8 1400m Hcap,07-09-2014 08:05,7061601,6. Oreillys Geegee,1,13.5,12.2774218813857994432547980559482750566,4.40507323728141736493275444078795756017,13,12,12,11,2169.66,502.8,1348.46
101026719,AUS / Hoba (AUS) 7th Sep,R8 1400m Hcap,07-09-2014 08:05,5975209,14. Reach The Moon,0,14,17.9683577591004621537945555237998474477,8.51353917662682602921646746347941567065,21,16,1,1001,1506,550.62,1.72
101026717,AUS / Hoba (AUS) 7th Sep,R7 1100m CL2,07-09-2014 07:27,8818235,6. Vandermeer,1,6.1736902246225505,4.07213989652908492340325433076705657729,2.62734876005037295359876005037295359876,9,5.7,1,1001,3303.36,1543.3,1760.06
101026715,AUS / Hoba (AUS) 7th Sep,R6 1600m Hcap,07-09-2014 06:49,6052222,13. Hold True,0,19.147097696,20.4711995541082075977745659313317926014,10.8557517199514366653176851477134763254,21,20,1,1001,395.36,154.24,17.36
101026715,AUS / Hoba (AUS) 7th Sep,R6 1600m Hcap,07-09-2014 06:49,7178153,1. Dollar Dan,0,6.191757949800811,5.66030786521742859174548598535328058197,4.29877253044816356717682003077620450669,6,5,1,1001,3353.24,2054.08,162.16
101026705,AUS / Hoba (AUS) 7th Sep,R1 1100m Mdn,07-09-2014 03:49,8818190,4. Jilly Babe,0,5.1,5.61722335810036403970529579049854494503,4.84162150475089832733172865348482123382,6.8,5,5.2,5.2,5226.38,3961.22,315.82
101026721,AUS / Kalg (AUS) 7th Sep,R1 1100m Mdn,07-09-2014 06:17,8818707,4. Black Musketeer,0,12,12.6537761280798907661257417113943292418,9.05171684197799540563414339257647201064,18,11.5,1,1001,992.52,632.8,9.8
101026725,AUS / Kalg (AUS) 7th Sep,R3 1600m Mdn,07-09-2014 07:31,8582321,8. The Revelator,0,173.2025276463851,134.697079358436685300575704609375369476,94.6753511093018522287807856706696519438,150,120,1,1001,196.52,93.46,.14
101026729,AUS / Kalg (AUS) 7th Sep,R5 1200m Hcap,07-09-2014 08:45,7085383,1. Grand Palace,0,3.8262710093883476,5.27721823425071585856124080172753033755,3.53664173003174975619413546073809017517,5.8,5,5.9,4.9,10910.32,4509.92,453.76
101026729,AUS / Kalg (AUS) 7th Sep,R5 1200m Hcap,07-09-2014 08:45,7367465,3. Airglow,0,4.088150720702689,3.8533026016231002519587477568065457857,3.30566436321952871601818442340007034089,4.4,3.6,1,1001,6141.52,4766.4,75.26
101026731,AUS / Kalg (AUS) 7th Sep,R6 1400m Hcap,07-09-2014 09:25,452719,4. Rafferty,0,24,17.6685876376689563097376546657895375858,18.1335591041676966431008058535620704998,28,19.5,790,790,809.08,808.48,.6
101026733,AUS / Kalg (AUS) 7th Sep,R7 1300m Hcap,07-09-2014 10:00,7885051,1. Casino Belle,0,6.4396,6.78174308273975623325778420895182587354,5.32755127272381441485137686224720276561,8.14,5.11,5.5,3,4205.94,2914.14,449.24
101026733,AUS / Kalg (AUS) 7th Sep,R7 1300m Hcap,07-09-2014 10:00,5574124,3. Albertani,0,14.6785,15.5180790576727477115328791299271285656,13.1601364160434245834566213306941199278,17.52,9.94,1,1001,1960.18,1619.6,0
101026755,AUS / SCst (AUS) 7th Sep,R1 1200m Mdn,07-09-2014 03:31,367417,6. Basilisk,0,451.57818298455334,185.571158286231406707947896665896333285,145.295643153526970954356846473029045643,200,180,790,790,19.28,9.26,.86
101026757,AUS / SCst (AUS) 7th Sep,R2 1600m Mdn,07-09-2014 04:07,8820593,1. Hanwood Club,0,45.582272137,36.6906708325330123654836173881481075815,24.9306322258098114779710446828455369232,42,32,1,1001,384.04,250.16,.08
101026759,AUS / SCst (AUS) 7th Sep,R3 1800m CL3,07-09-2014 04:43,6910123,7. Only Amother Could,0,4.758675639,5.00816407796547896778037635226585960114,3.72247430199169110459433040078201368524,6,4.7,1,1001,5237.76,2947.32,237.48
101026763,AUS / SCst (AUS) 7th Sep,R5 1000m CL1,07-09-2014 05:55,8820609,11. Barntown,0,56.14907690183015,50.9919991415928310699014605252995421072,38.341607739147515222942447456295423296,80,28,65,50,407.28,278.32,18.62
101026765,AUS / SCst (AUS) 7th Sep,R6 1200m CL2,07-09-2014 06:31,8820612,10. Rose Sofia,0,66.20099624060096,33.1389739853829113032650811711775189377,37.1612845567206863679694947569113441373,70,48,110,110,335.68,328.1,7.58
101026767,AUS / SCst (AUS) 7th Sep,R7 1400m CL1,07-09-2014 07:08,8275871,4. Glen Rock,1,8.296366504,8.50972805121266353558120774669874726635,5.07242149128444892187840976691767533489,10.5,7.6,1.01,1.01,6690.34,3577.08,2501.02
101026767,AUS / SCst (AUS) 7th Sep,R7 1400m CL1,07-09-2014 07:08,8010437,9. Palace Whispers,0,46.73932794544845,38.3230281110277634903218263537522023877,30.2618602196958795030460018228042404183,44,30,990,990,416.94,240.02,3.6
101026767,AUS / SCst (AUS) 7th Sep,R7 1400m CL1,07-09-2014 07:08,7329378,7. Tailored Spur,0,71.06499903155256,84.1188319922246598902697256038894928071,52.9676894327566459702212309361625173308,95,70,990,180,331.78,135.18,17.04
101026769,AUS / SCst (AUS) 7th Sep,R8 1400m CL5,07-09-2014 07:46,4458861,5. Alberts Choice,0,12.586711844572202,12.0438555058675672383663308177330986795,10.4191549586121594621166471091941264153,13.5,11,990,13,2522.48,1904.38,87.14
101026769,AUS / SCst (AUS) 7th Sep,R8 1400m CL5,07-09-2014 07:46,6451459,4. Dark Angel,0,24,23.4833522017841812969570576363097323199,18.9252729660947377062638535424021016337,29,19.5,990,23,974.48,692.24,23.06
101026761,AUS / SCst (AUS) 7th Sep,R4 1000m 3yo,07-09-2014 05:19,653860,15. Crack Of Dawn,0,221.701177030697,255.259496718228073389169001494490006537,111.05571201175462226031590547324598996,300,210,210,210,163.34,39.96,12.24
101026761,AUS / SCst (AUS) 7th Sep,R4 1000m 3yo,07-09-2014 05:19,8820597,2. Canny And The Jet,1,4.932169413,4.63119536253809351474153612498377090252,3.70483816842327893122774859882265853573,5,3.9,1.01,1.01,11347.6,8006.36,1967.5
101026761,AUS / SCst (AUS) 7th Sep,R4 1000m 3yo,07-09-2014 05:19,8121855,12. Hot Tempo,0,9.347926144535013,10.6116805789868778254160651315158262527,9.47154333572516011951540830001860309723,17,8.8,1,1001,5267.94,4535.12,1.98
101026581,AUS / Laun (AUS) 7th Sep,R4 2200m Pace M,07-09-2014 09:51,8820372,10. Master Paige,0,50,67.9851523767157289390041841543688631865,46.0260180995475113122171945701357466063,80,50,1,1001,53.04,28.54,.98
101026581,AUS / Laun (AUS) 7th Sep,R4 2200m Pace M,07-09-2014 09:51,2563509,5. Lucky Libby,0,76.06360596932471,31.6212922568606677195482195051301843364,53.1596558317399617590822179732313575526,1,1001,790,790,20.92,17.22,1.12
101026581,AUS / Laun (AUS) 7th Sep,R4 2200m Pace M,07-09-2014 09:51,8820370,6. Liberty Niadh,0,3.8457736351122724,3.92812766367681464689025917137857445723,3.96092899544274847671205233271859952802,4.2,3.5,790,790,3567.94,3387.62,1.1
101026589,AUS / Laun (AUS) 7th Sep,R8 2200m Pace M,07-09-2014 11:35,2697385,2. Chirac,1,3,3.11067721579270250401287935608105571537,2.22121089641803971707256717464376301734,3.55,3,3.05,1.01,1939.72,812.12,961.3
101026587,AUS / Laun (AUS) 7th Sep,R7 2200m Pace S,07-09-2014 11:11,8820374,1. Margin Girl,1,1.6794874392972994,1.66468979690402929008927763860990015043,1.42556475654190129181848294137131500497,1.66,1.64,1.34,1.01,5011.54,1720.82,1860.14
101026593,AUS / Geel (AUS) 7th Sep,R2 2100m Pace M,07-09-2014 09:06,8383958,5. Last Issue,1,1.8154216451095637,1.69671556082491060563339004005318689546,1.54320185403980732527492502044896846315,2,1.66,1.4,1.01,11223.06,7539.66,3683.4
101026595,AUS / Geel (AUS) 7th Sep,R3 2100m Trot M,07-09-2014 09:37,7450109,2. Bubba Macray,1,5.552524216285676,6.23188475666429971463503438521115064638,4.27596981044011413902472658611874277349,7.4,5.2,2.7,1.01,3770.84,2185.28,1532.78
101026595,AUS / Geel (AUS) 7th Sep,R3 2100m Trot M,07-09-2014 09:37,6465971,7. Always Treasure,0,3.967430332513759,3.87124674741300588925758830627992427824,4.26209709132822564241643501254322326937,5.4,5.4,790,790,1474.9,1288.98,120.24
101026595,AUS / Geel (AUS) 7th Sep,R3 2100m Trot M,07-09-2014 09:37,5820798,5. Atego Turbo,0,88.133639223,35.611624094977649927557065847721197826,45.1671784373933810986011600136472193791,1,1001,790,790,58.62,54.44,2.58
101026597,AUS / Geel (AUS) 7th Sep,R4 2100m Pace M,07-09-2014 10:07,8451292,10. Big Rockin Elvis,0,470.0476827576511,71.7576502841207029236293594839594033096,225.534738485558157689305230288836846214,1,1001,1000,970,25.62,13.54,12.08
101026599,AUS / Geel (AUS) 7th Sep,R5 2100m Pace M,07-09-2014 10:31,8355865,11. Highview Conall,1,2.66,2.33978512443079465907643268160436427425,2.14372383517106785103408852387268496809,2.6,2.18,1,1001,4478.34,3539.74,938.6
101026599,AUS / Geel (AUS) 7th Sep,R5 2100m Pace M,07-09-2014 10:31,4416927,1. Fergus Maccool,0,15.456848129660212,9.92026171532904935553549284961525576955,11.2122302158273381294964028776978417266,15.5,15.5,1,1001,397.54,396.18,1.36
101026601,AUS / Geel (AUS) 7th Sep,R6 2100m Pace M,07-09-2014 10:55,4844061,2. Lockins Art,0,385.72000217351524,399.152125689255709466834740600418306913,147.55787278415015641293013555787278415,450,260,1,1001,19.18,5.68,.38
101026601,AUS / Geel (AUS) 7th Sep,R6 2100m Pace M,07-09-2014 10:55,8820298,8. In Sin City,0,7.908129617585801,6.41360085167613995640819907252688319932,6.50235013195928113610657282895563654644,5.6,5.6,6.8,6.8,477.42,330.24,49.96
101026603,AUS / Geel (AUS) 7th Sep,R7 2100m Pace M,07-09-2014 11:19,4585702,8. Kai Star Fella,0,519.246092873498,468.430376436442698691882079656228046335,61.1816326530612244897959183673469387755,450,450,130,130,19.6,.78,5.86
101026603,AUS / Geel (AUS) 7th Sep,R7 2100m Pace M,07-09-2014 11:19,7245313,1. Apollo Thirteen,0,8.288487008,7.60798591051157003483979930118101808583,7.30550739235224288643476384042591460124,8.2,7.2,1,1001,1667.94,1475.04,28.92
101026607,AUS / Geel (AUS) 7th Sep,R9 2100m Pace M,07-09-2014 12:10,8034803,6. Jimmy The Editor,1,1.5070312207009189,1.57659891176276148700793083435676947062,1.85706898067799716412921659356057023783,1.57,1.52,1.35,1.01,108.92,7253.82,1462.48
101026607,AUS / Geel (AUS) 7th Sep,R9 2100m Pace M,07-09-2014 12:10,8820304,7. Mymumsabankmanager,0,38,31.6564678795541629215530763146334492054,1,38,29,1,1001,0,56.3,.14
101026591,AUS / Geel (AUS) 7th Sep,R1 2100m Pace M,07-09-2014 08:39,6470086,1. Joelissa,0,25,24.6351160897996053342649267669419192852,21.0609435746558789534517179783545234843,34,21,1,1001,190.34,151.78,.98
101026591,AUS / Geel (AUS) 7th Sep,R1 2100m Pace M,07-09-2014 08:39,873393,7. Interrogator,0,233.664191934,51.552419825957260133395149615496983757,83.797379032258064516129032258064516129,1,1001,790,790,19.84,15.56,.88
101026591,AUS / Geel (AUS) 7th Sep,R1 2100m Pace M,07-09-2014 08:39,6430828,5. Sopranos Fury,0,258.64980099486183,102.966540145700554520635853219780630748,110.357976653696498054474708171206225681,1,1001,1,1001,10.28,7.38,.32
101026605,AUS / Geel (AUS) 7th Sep,R8 2100m Pace M,07-09-2014 11:44,7254497,1. Gian,0,11,10.3152901499227495619528508995369123954,7.17981000104395030796534084977555068379,1,1001,1,1001,191.58,96.38,.48
101026605,AUS / Geel (AUS) 7th Sep,R8 2100m Pace M,07-09-2014 11:44,5353754,9. Starlight Logan,0,50.68520895116032,29.1059989725249555740521160107672706416,20.3498583569405099150141643059490084986,29,29,790,790,42.36,11.5,.54
101026623,AUS / Bunb (AUS) 7th Sep,R8 2100m Pace M,07-09-2014 11:03,8500493,11. Real Zeal,0,13.57708265760448,1,4.25762420068863748155435317265125430398,1,1001,1,1001,81.32,0,0
101026613,AUS / Bunb (AUS) 7th Sep,R3 2100m Pace M,07-09-2014 08:52,7342404,7. You Got Me,0,47.854938073679804,1,18.947303921568627450980392156862745098,1,1001,1,1001,8.16,0,0
101026615,AUS / Bunb (AUS) 7th Sep,R4 2100m Pace M,07-09-2014 09:16,8820235,3. Show You A Trick,1,1.971092797215804,1,1.84434552634937796097333903942458574528,1,1001,1,1001,5327.64,0,0
101026617,AUS / Bunb (AUS) 7th Sep,R5 2100m Pace M,07-09-2014 09:45,7634064,4. Gotta Xcellerate,0,42,1,21.5,1,1001,1,1001,.6,0,0
101026617,AUS / Bunb (AUS) 7th Sep,R5 2100m Pace M,07-09-2014 09:45,6934669,12. Fire Of Rock,0,370,1,141.280991735537190082644628099173553719,1,1001,1,1001,2.42,0,0
101026631,AUS / Wrck (AUS) 7th Sep,R2 1005m 3yo,07-09-2014 05:15,8512709,11. Where It Began,1,2.47634188,2.67227419260565481037672104014481696072,2.29555084728969547665643371847582178659,5.2,2.4,1.01,1.01,25232.22,18731.62,3530.72
101026633,AUS / Wrck (AUS) 7th Sep,R3 1205m Mdn,07-09-2014 05:51,8010243,3. Dontcallmechunky,0,63.68362934153527,40.9131231068283965480426744223007480051,36.2816476721009863545765830224357336332,65,28,1,1001,391.34,292.2,1.32
101026639,AUS / Wrck (AUS) 7th Sep,R6 2015m Hcap,07-09-2014 07:41,8456521,2. Danzadoozie,0,11.950552256375666,10.4484463213277990920400028958551225659,10.538037620388720837244880219742011752,13.5,12,1,1001,1725.66,1714.92,10.74
101026639,AUS / Wrck (AUS) 7th Sep,R6 2015m Hcap,07-09-2014 07:41,8169680,8. Halcyon,0,18.683451117870575,12.588956352267904317388434224295389205,12.9738404416998518689521171197168196072,20,16,21,21,1039.62,987.22,52.4
101026641,AUS / Wrck (AUS) 7th Sep,R7 1205m Hcap,07-09-2014 08:19,2931373,4. Vernon,0,29.271724306,16.2994601568062437794356856607452178585,16.9236698379140239605355884425651867512,30,24,790,790,681.12,674.78,6.34
101026641,AUS / Wrck (AUS) 7th Sep,R7 1205m Hcap,07-09-2014 08:19,6389796,8. Shehara,0,19.343424232,16.4361144714798774875167651968810011722,16.8491249013227564164275949708300440919,24,19,790,22,1038.74,1026.84,11.9
101026647,AUS / Wang (AUS) 7th Sep,R3 1170m 3yo,07-09-2014 04:52,8820765,10. White Hunter,0,4.8113451045344116,3.55003980169983822056820155183454912039,3.01200147130353868138574436780775772736,4,3,6,2.68,13239.96,9554.26,2639.42
101026647,AUS / Wang (AUS) 7th Sep,R3 1170m 3yo,07-09-2014 04:52,8820758,1. Armada,1,2.116221695109634,2.6237182528940658417860739730276876129,2.30451595627620457205141597960588890348,3.3,2.3,2.34,1.7,21174.74,14240.16,3410.2
101026643,AUS / Wang (AUS) 7th Sep,R1 2000m Mdn,07-09-2014 03:40,6826201,3. Ollican,0,7.901610785542287,6.87458331540582528694944032284444269631,6.33707111441011267075102755281787664935,7.8,6.4,8,8,3610.52,2935.34,119.78
101026645,AUS / Wang (AUS) 7th Sep,R2 1170m 3yo,07-09-2014 04:16,7907673,1. Bella Roma,0,21.173408898108093,26.8095387358050604661930362498853580999,19.8547872419371595648366653308992682963,32,21,22,22,1347.54,956.74,37.58
101026651,AUS / Wang (AUS) 7th Sep,R5 1000m Hcap,07-09-2014 06:04,8820779,5. Shadowofyoursmile,0,8.4,8.91073671021437352147016702634765899361,9.7313477131139842845067776977741602229,12.5,8.4,1000,8.2,3194.3,3097.68,96.62
101026651,AUS / Wang (AUS) 7th Sep,R5 1000m Hcap,07-09-2014 06:04,2887391,1. Lockmar,0,135.04177117079612,83.0046298240872898569446172549311747564,86.6753139066571902392797915185974887467,150,55,790,790,168.84,166.56,2.28
101026651,AUS / Wang (AUS) 7th Sep,R5 1000m Hcap,07-09-2014 06:04,6918014,10. Oh To Be Rich,0,26.77892399923701,20.0343000673262919469077355384416068731,20.1134710457536920993796643259753755078,80,22,22,22,1270.28,1186.52,83.76
101026651,AUS / Wang (AUS) 7th Sep,R5 1000m Hcap,07-09-2014 06:04,6024788,11. Chelembra,0,48.31454458931461,34.4057232654997454034240700846178909947,35.2758286778398510242085661080074487896,50,34,1,1001,537,534.74,2.26
101026657,AUS / Wang (AUS) 7th Sep,R8 1170m Hcap,07-09-2014 07:56,8820788,2. Sea Ghost,1,10,8.54091180468443388052549925914185612264,6.55697092080295156836528874737533712847,12,10,10.5,1.01,4352.94,3039,1313.94
101026657,AUS / Wang (AUS) 7th Sep,R8 1170m Hcap,07-09-2014 07:56,4673984,3. Our Protocol,0,34,24.6243742347475517082761405368797251708,24.8784251005480160876825740292118446739,32,24,1,1001,850.34,844.78,5.56
101026657,AUS / Wang (AUS) 7th Sep,R8 1170m Hcap,07-09-2014 07:56,7825511,12. Sparkling Miss,0,18.57201817783194,13.8184466995975633518977078487442671635,14.1855857704805883358987514964939285104,20,8.6,1,1001,1169.4,1151.16,18.24
101026657,AUS / Wang (AUS) 7th Sep,R8 1170m Hcap,07-09-2014 07:56,6032726,4. Party Rocker,0,9.4,8.33302227352524713878561795742949335445,8.08863907234903082847492631714820472001,11,9.4,3.5,3.5,3718.64,3465.88,252.76
101026657,AUS / Wang (AUS) 7th Sep,R8 1170m Hcap,07-09-2014 07:56,8820789,9. Houdini The Great,0,8.601228617602029,5.57859392338321216735485925002965002264,5.65104953347110025674744818085039764544,9.2,8,8,8,7984.5,7763.94,220.56
101026655,AUS / Wang (AUS) 7th Sep,R7 1590m Hcap,07-09-2014 07:18,8820786,12. Bayfury,0,52.372246050568288,61.8563009750601834405016378030737763293,33.6342499897846606464266742941200506681,80,52,1,1001,489.46,233.02,.42
101026659,AUS / Mudg (AUS) 7th Sep,R1 1600m CL1,07-09-2014 04:34,7614169,9. Donsgal,0,32,15.7254359267249133227144823345958015429,15.8518425983760149906308557151780137414,42,29,1,1001,480.3,480.18,.12
101026659,AUS / Mudg (AUS) 7th Sep,R1 1600m CL1,07-09-2014 04:34,8563825,5. Maldicente,0,30,14.979397392366705015429586446347810062,14.644980282615839631942162339796253697,38,30,1,1001,486.88,460.14,26.74
101026659,AUS / Mudg (AUS) 7th Sep,R1 1600m CL1,07-09-2014 04:34,8772101,6. Pine Cone King,0,13.5,9.35374893315461701361723353743230743996,9.32547439584779662137591325333068861781,15.5,11.5,1,1001,1209.96,1203,6.96
101026661,AUS / Mudg (AUS) 7th Sep,R2 1400m Mdn,07-09-2014 05:10,8820676,5. Old Smuggler,0,225.9655986646772,332.357329250049722117867160031886352831,104.868413082980012113870381586917019988,420,250,1,1001,132.08,32.4,0
101026661,AUS / Mudg (AUS) 7th Sep,R2 1400m Mdn,07-09-2014 05:10,8820680,12. Drum Roll,1,1.91632225247286,1.94434351297447051557755943343463051944,1.81754116248796204275008281915921294234,2.16,1.75,2.3,1.01,40268.46,31043.02,3901.44
101026661,AUS / Mudg (AUS) 7th Sep,R2 1400m Mdn,07-09-2014 05:10,7030488,2. Capable Prince,0,50,91.8968566022800704893152414017948883792,37.3980952380952380952380952380952380952,140,60,1,1001,367.5,139.86,0
101026663,AUS / Mudg (AUS) 7th Sep,R3 1200m Mdn,07-09-2014 05:46,8744002,4. More By Chance,0,13.365891219,13.7902136870173480748061587421659315732,12.1531308983318879763301535479263378054,14.5,12.5,790,790,1568.24,1291.5,41.44
101026663,AUS / Mudg (AUS) 7th Sep,R3 1200m Mdn,07-09-2014 05:46,8820684,6. Danes Rocket,0,12.5,13.0018254874591383020092129536848805497,11.0949998547032556157191704524540620127,14.5,10,790,790,2064.74,1692.12,3.34
101026663,AUS / Mudg (AUS) 7th Sep,R3 1200m Mdn,07-09-2014 05:46,8820689,16. Rapier,0,14.236605939592918,16.4262829456987088306211828353354564055,11.7505756389592447616854708726686622151,20,11.5,790,7,2779.52,1832.3,139.2
101026663,AUS / Mudg (AUS) 7th Sep,R3 1200m Mdn,07-09-2014 05:46,8365721,3. Iron Blue,1,17,15.564264707613451604352613386776359028,8.92838026640103188894422946758106330537,17.5,12,17,17,1566.06,730.24,551.16
101026663,AUS / Mudg (AUS) 7th Sep,R3 1200m Mdn,07-09-2014 05:46,8820683,5. Marathi,0,44.518380085248495,50.7183641905250102404767457515965156178,29.662444037444037444037444037444037444,70,38,1,1001,393.12,192.74,33.24
101026663,AUS / Mudg (AUS) 7th Sep,R3 1200m Mdn,07-09-2014 05:46,8272440,13. Spring Joy,0,138.295878145,89.8129400223547991089823926960485969647,49.5172463558955116178380718718429787848,120,80,790,90,138.58,52.42,7.64
101026665,AUS / Mudg (AUS) 7th Sep,R4 1200m CL1,07-09-2014 06:22,8820692,7. Winter In Seattle,0,11.81130088949809,7.80041739433433560414047817519625045235,7.83722008869561136617834544359537906815,15,8.4,1,1001,2557.06,2534.48,22.58
101026665,AUS / Mudg (AUS) 7th Sep,R4 1200m CL1,07-09-2014 06:22,8655961,11. Hot N Spicy,0,341.450002122,119.157030840772095024599486272158142024,120.032824780397595931576514100785945446,380,85,1,1001,86.52,85.84,.68
101026667,AUS / Mudg (AUS) 7th Sep,R5 1400m CL3,07-09-2014 06:58,8341181,5. Speedreader,0,12.410947661775863,11.6341871080926352345065981079603993007,10.539404869807563061479933161922026353,14,10.5,990,990,3243.66,2694.26,14.88
101026669,AUS / Mudg (AUS) 7th Sep,R6 1400m Hcap,07-09-2014 07:36,6099613,5. Godliness,0,18,18.1459883690099517437646934049811747654,15.5894026946330159390365275776526686374,21,16.5,38,38,1346.38,990.48,90.04
101026669,AUS / Mudg (AUS) 7th Sep,R6 1400m Hcap,07-09-2014 07:36,7626496,8. Lord Burghersh,0,20.429432488414893,17.1831525718730008580747530586349256014,13.6887095434535839862676153824856723608,20,15,1,1001,1444.76,1059.22,31.48
101026669,AUS / Mudg (AUS) 7th Sep,R6 1400m Hcap,07-09-2014 07:36,8820696,11. Cool Ice,0,36,31.7475062799408853692236346715955484406,27.2944190903465346534653465346534653465,36,28,85,34,1034.24,814.76,62.74
101026671,AUS / Mudg (AUS) 7th Sep,R7 1200m Hcap,07-09-2014 08:14,8317935,6. Iwilldoit,1,10,9.32013907072809479619635542279888347364,7.04260285814128855456033547295433227272,10,8.8,1,1001,3262.26,2148.8,601.34
101026671,AUS / Mudg (AUS) 7th Sep,R7 1200m Hcap,07-09-2014 08:14,8820702,15. All Sixes,0,31.733448069,25.0809301311462667878618093348340699553,17.9952582436583331638153746007852071849,30,16,1,1001,983.18,591.72,13.74
101026673,AUS / PAug (AUS) 7th Sep,R1 1498m Mdn,07-09-2014 04:47,8790139,5. Madame Zara,0,9.2,9.24597059808218808491207587996108890441,7.0369019503781345362876476051479368449,9.8,9,1,1001,753.7,470.42,14.36
101026673,AUS / PAug (AUS) 7th Sep,R1 1498m Mdn,07-09-2014 04:47,8790140,6. Musical Miss,0,151.9810702963918,108.551588438276110951974677800056878441,37.9678977272727272727272727272727272727,110,110,310,310,56.32,9.74,12.78
101026679,AUS / PAug (AUS) 7th Sep,R4 1200m Hcap,07-09-2014 06:35,8820737,5. First Class Flyer,0,4.7,4.54218786668109561467448180552099114246,3.96825245671013257993448772979786841366,5,3.3,400,400,8615.18,6593.8,463.52
101026681,AUS / PAug (AUS) 7th Sep,R5 1396m Hcap,07-09-2014 07:13,7859291,10. Face Leica Star,0,46.021680657754494,51.6243872170018829808327067878423096852,30.1485253273376537495040338579552969184,60,44,1,1001,151.22,84.62,.8
101026681,AUS / PAug (AUS) 7th Sep,R5 1396m Hcap,07-09-2014 07:13,8820738,2. Wicked Tycoon,1,6.2,5.99007380613251772959322998323470415691,3.73659477993225056089341993154299494975,6.6,5.5,6.4,1.01,6783.82,3282.96,2803.6
101026681,AUS / PAug (AUS) 7th Sep,R5 1396m Hcap,07-09-2014 07:13,6118047,1. Noble Romp,0,9.87628646514022,10.0195263035017831807230812537092581911,8.69832476132573081157467505792267117998,11,9,1,1001,2434.28,1997.96,13.2
101026681,AUS / PAug (AUS) 7th Sep,R5 1396m Hcap,07-09-2014 07:13,6730371,5. Defamatory,0,8.368262604,9.61114301446717011548256111588017679511,8.14776722510618216139688532326569136385,10.5,9,1,1001,2034.24,1599.64,31
101026683,AUS / PAug (AUS) 7th Sep,R6 1867m Hcap,07-09-2014 07:51,2007361,11. Conquest Of Arms,0,139.317408504,27.894040111116140176945350567486753745,55.4814108674928503336510962821734985701,140,55,970,790,125.88,121.56,4.32
101026683,AUS / PAug (AUS) 7th Sep,R6 1867m Hcap,07-09-2014 07:51,8758800,2. Mugmarino,0,5,4.45266368309464340617254487415273280164,4.46333387492045439159456788117578563982,5.7,4.9,5.1,4.7,5908.56,5670.66,237.9
101026683,AUS / PAug (AUS) 7th Sep,R6 1867m Hcap,07-09-2014 07:51,559146,7. Red Pepper,1,14.769765080483632,9.14892342152332048060499383864756885419,5.04395393708479874951152794060179757718,16.5,12.5,1,1001,2456.64,1173.08,1283.56
101026685,AUS / PAug (AUS) 7th Sep,R7 1498m Hcap,07-09-2014 08:27,6299403,2. Umaluka,1,17.5,11.0062214268390638962674914152984967593,6.3378355596750449811896843138323973611,18.5,7.6,1,1001,1834.1,950.74,883.36
101026685,AUS / PAug (AUS) 7th Sep,R7 1498m Hcap,07-09-2014 08:27,8644343,6. Finniss Moment,0,4.847000216,4.10278860450408925319572668557606554285,5.08915372062765018081292492597434609372,5,4.6,42,4.6,6409.94,5900.38,509.56
101026677,AUS / PAug (AUS) 7th Sep,R3 1100m Hcap,07-09-2014 05:59,7261522,6. Paganinis Brother,0,28.219188919,24.3781547434082548776888812323564430351,18.8768249420111884295265384090598990313,27,19,1,1001,586.32,352.28,10.26
101026688,AUS / Mree (AUS) 7th Sep,R1 950m Mdn,07-09-2014 03:45,6956439,8. Yours Sincerely,0,17.16273355315439,13.842671910721642570635001811049337554,18.207344632768361581920903954802259887,13,13,950,25,548.7,261.18,80.26
101026688,AUS / Mree (AUS) 7th Sep,R1 950m Mdn,07-09-2014 03:45,7407138,5. Aunty Alma,0,290,249.123172324644860362213052144397087471,180.732243517474633596392333709131905299,230,230,950,220,35.48,7.08,7.94
101026700,AUS / Mree (AUS) 7th Sep,R7 1400m Cup,07-09-2014 07:23,5445123,2. Tapakeg,0,19.202172162733042,18.2461700439246233374182091080689054617,15.6265754487188210159620068855715976976,19.5,17.5,22,19,1469.74,1150.54,42
101026700,AUS / Mree (AUS) 7th Sep,R7 1400m Cup,07-09-2014 07:23,6744780,7. Strictly Concert,0,6.14200948326601,6.33374204903249897927674946119184128157,5.51376152419076931791896599744142902326,7.8,5.9,1,1001,4236.74,3494.38,17.34
101026692,AUS / Mree (AUS) 7th Sep,R3 1400m CL1,07-09-2014 04:57,8004329,9. Lady With Spurs,0,54.736694437,23.9244560668052780859696472773178024724,27.5257376420998850427896283050197981862,42,38,1000,1000,156.58,155.94,.64
101026694,AUS / Mree (AUS) 7th Sep,R4 950m CL3,07-09-2014 05:33,5259950,9. El Win,0,45.33696608689062,47.6233671111868070121751837392511604133,19.2605642903295283222054706009045875512,50,38,790,790,464.3,138.66,1
101026694,AUS / Mree (AUS) 7th Sep,R4 950m CL3,07-09-2014 05:33,7776061,3. Hizou,0,4.201510546190511,4.31542718189487214144996451616975508782,3.30812626574416346074216838443991056035,4.5,4.2,4.4,4.4,10626.16,6314.6,395.8
101026694,AUS / Mree (AUS) 7th Sep,R4 950m CL3,07-09-2014 05:33,5297663,5. Croftside,0,8.831564479,8.16921653481822403264496563209691591607,6.31963492704308206932349039737009054732,8.6,7.4,790,790,2080.68,1296.04,20.26
101026702,AUS / Mree (AUS) 7th Sep,R8 1000m Hcap,07-09-2014 08:01,4222470,9. Esprit Lad,1,42,41.602994922901565196257767815988683291,32.0109199380165289256198347107438016529,75,42,1,1001,1161.6,881.78,279.82
101026711,AUS / Hoba (AUS) 7th Sep,R4 1200m CL1,07-09-2014 05:37,8818226,6. Meconsul,0,10.47285762548563,10.4801405023670563144454341918885884679,7.16833277046043003489812000450298322639,12,9,1,1001,2131.92,1303.54,34.56
101026711,AUS / Hoba (AUS) 7th Sep,R4 1200m CL1,07-09-2014 05:37,7095194,1. Geegees Soprano,0,11.5,10.694183934440581501996680447614023033,9.33638458096516531954797741791144241663,13,10,1,1001,2100.78,1743.7,5.12
101026719,AUS / Hoba (AUS) 7th Sep,R8 1400m Hcap,07-09-2014 08:05,8818240,15. Downwind,0,10.5,10.8971673294588560339486252178050790113,8.90895013599274705349048050770625566636,12,10,1,1001,1103,799.7,41.58
101026719,AUS / Hoba (AUS) 7th Sep,R8 1400m Hcap,07-09-2014 08:05,8705160,8. Volcanic Sky,0,8.509237006173063,9.75954388203914171518793208633249134087,7.54926389210614366972949321802692198801,11,9,10.5,10,1554.12,970.52,105.6
101026719,AUS / Hoba (AUS) 7th Sep,R8 1400m Hcap,07-09-2014 08:05,8818238,9. Deux Foix,0,9.2,9.68467393246869975020717607845233994635,5.82274386477228056382321558937496490144,10.5,9.2,1,1001,1068.42,530.16,55.46
101026709,AUS / Hoba (AUS) 7th Sep,R3 1600m CL1,07-09-2014 05:01,8818220,6. Bling Dynasty,0,2.708873215134881,2.54547262237327531259505803980175776189,2.4886026627163921928362020342260705719,2.8,2,11,3.6,12907.12,10176,708.5
101026717,AUS / Hoba (AUS) 7th Sep,R7 1100m CL2,07-09-2014 07:27,6646049,8. Testa Gee Gee,0,8.6,5.11501334748736477040885329599163656298,5.3527438290497183611991829379844428091,8.8,7.6,7.8,7.8,2907.98,2805.48,102.5
101026717,AUS / Hoba (AUS) 7th Sep,R7 1100m CL2,07-09-2014 07:27,8224616,7. Geegees Martini,0,7.536304710698314,6.15059137826472275248423052274796639637,6.30289530169329835440019079418077748629,8.2,6.8,1,1001,2096.5,2065.68,30.82
101026717,AUS / Hoba (AUS) 7th Sep,R7 1100m CL2,07-09-2014 07:27,6712286,9. Bazanne,0,82.8020091757433,23.1898005218676187648188310345693819199,27.4944333996023856858846918489065606362,70,46,1,1001,100.6,99.36,1.24
101026707,AUS / Hoba (AUS) 7th Sep,R2 1400m Mdn,07-09-2014 04:25,8818212,12. So Much Fun,0,5.4,5.97779216636369602485088455511335655012,5.23136729222520107238605898123324396783,7,5.2,1,1001,1477.08,959.6,139.08
101026707,AUS / Hoba (AUS) 7th Sep,R2 1400m Mdn,07-09-2014 04:25,8540922,6. Umpire,0,55,69.3832068415349559283373856116780445935,23.9843032726195764845253961202428550274,80,70,1,1001,135.06,23.52,1.32
101026707,AUS / Hoba (AUS) 7th Sep,R2 1400m Mdn,07-09-2014 04:25,8757123,1. Accounted Four,0,22.866658661580587,32.3636642228088232496898505576349599183,12.7985453153411809742559096564264522921,1,1001,1,1001,208.98,35.96,.76
101026713,AUS / Hoba (AUS) 7th Sep,R5 1100m Hcap,07-09-2014 06:13,5043754,2. Jay Bees Gee Gee,0,13.992872088393131,13.9266273071773620530737107751272372217,12.1849400892787219046127339650716579215,17,12.5,28,13,1021.52,767.6,65.68
101026713,AUS / Hoba (AUS) 7th Sep,R5 1100m Hcap,07-09-2014 06:13,1108645,5. Chiming,0,35.74311076,25.7580749358686289496934195301938283646,19.5868185122364913981100072692028107584,36,17,1,1001,825.4,583.74,.24
101026715,AUS / Hoba (AUS) 7th Sep,R6 1600m Hcap,07-09-2014 06:49,2849712,4. Country Song,0,22.131574204566427,16.002325243455341969216277209666997716,13.8713436766066472137214433136431570707,18,13,17.5,17,1124.08,536.52,62.44
101026715,AUS / Hoba (AUS) 7th Sep,R6 1600m Hcap,07-09-2014 06:49,7068611,10. One At A Time,0,18.29518211524323,18.9400150282157235559434766555685363999,12.8395612252577707533679536388951606834,22,16,1,1001,531.48,296.94,6.7
101026715,AUS / Hoba (AUS) 7th Sep,R6 1600m Hcap,07-09-2014 06:49,8063877,6. Getaway Gold,0,13.344724654114685,14.1490541406840174294578098089954099862,5.57117038649972781709308655416439847578,14,14,1,1001,918.5,203.74,23.96
101026705,AUS / Hoba (AUS) 7th Sep,R1 1100m Mdn,07-09-2014 03:49,8161615,7. Northern Lady,1,7.84214395576313,8.94139593738221911812629244706626296889,5.67050705546934209101735898083655130102,13,7.8,1.02,1.01,2216.72,1187.3,840.46
101026721,AUS / Kalg (AUS) 7th Sep,R1 1100m Mdn,07-09-2014 06:17,8783624,3. Cyclonic Shags,0,52.25843520183876,40.8684225640674498394222224454030983407,29.745097322601839684625492772667542707,75,28.08,1,1001,487.04,347.7,5.74
101026721,AUS / Kalg (AUS) 7th Sep,R1 1100m Mdn,07-09-2014 06:17,8818711,10. Blur Song,0,86.50823759742082,59.3979662396559012933049042166595561536,42.3491145776117763374711633527408546633,80,42,1,1001,182.06,82.46,.72
101026723,AUS / Kalg (AUS) 7th Sep,R2 2200m Hcap,07-09-2014 06:53,5897042,1. Friarday,1,2.139694785349093,2.24927721618313115204948398365598475507,1.90411414972571797353985156502097450791,2.32,2.02,2.8,1.98,19833.6,9632.42,3822.46
101026725,AUS / Kalg (AUS) 7th Sep,R3 1600m Mdn,07-09-2014 07:31,8559870,7. Black Gem,0,60.328271086,44.6137026502335228018901222095602654269,33.7775399348928760693466575819516995988,55,38,1,1001,528.36,322.92,15.24
101026725,AUS / Kalg (AUS) 7th Sep,R3 1600m Mdn,07-09-2014 07:31,8818714,5. Secret Tycoon,0,11,9.43851230565834377086889075001967895887,8.04003646416210247022463999051338872131,10.5,8.8,11,9.8,2698.54,1968.6,204.82
101026727,AUS / Kalg (AUS) 7th Sep,R4 1760m Hcap,07-09-2014 08:09,8818719,5. Wind Spirit,0,9.731727317,9.77794550956485389701372830594260596804,6.04525779591266131357524180653729543647,11,8.8,1,1001,4578.04,1965.54,107.84
101026731,AUS / Kalg (AUS) 7th Sep,R6 1400m Hcap,07-09-2014 09:25,5815238,7. Delray Beach,1,3.509975619,3.28270125736073189042594008598716613573,3.21901538347896328314322409697119886768,4.1,3.3,5,5,16786.84,15425.54,1361.3
101026733,AUS / Kalg (AUS) 7th Sep,R7 1300m Hcap,07-09-2014 10:00,8818723,8. Rand,0,31.06456450043895198,37.3581224590887992636975758982145249999,21.1050180940892641737032569360675512666,66.29,30.3,1,1001,397.92,185,22.98
101026733,AUS / Kalg (AUS) 7th Sep,R7 1300m Hcap,07-09-2014 10:00,6012566,12. Im A Natural,0,77.20929115070379019,56.7284330087027870991044098848402456153,36.0609649079267384722291159974189705663,85.23,45.46,790,790,402.94,212.9,1.04
101026755,AUS / SCst (AUS) 7th Sep,R1 1200m Mdn,07-09-2014 03:31,8310893,1. Bobby Be Good,0,17.126833144417027,15.4671339112855270374448733621078764145,13.6163770061278085789320105048147067406,17,14,1,1001,685.4,547.4,41.32
101026755,AUS / SCst (AUS) 7th Sep,R1 1200m Mdn,07-09-2014 03:31,8820590,14. Misty Montana,0,7.029879750170803,7.14122245352589388036251057524425100445,6.91460791882651373111282673431123855741,8,6.6,1,1001,4352.16,3993.78,45.66
101026755,AUS / SCst (AUS) 7th Sep,R1 1200m Mdn,07-09-2014 03:31,5558592,3. Hes Our Mate,0,144.0817823686823,81.7237628898354525915067816637461087197,58.8323220364066893591830694095012579547,120,55,80,80,135.14,86.9,7.3
101026755,AUS / SCst (AUS) 7th Sep,R1 1200m Mdn,07-09-2014 03:31,8820585,5. Southern Hero,0,8.2,8.09511527331156085964245324983690024251,7.68334454652740247278502652563777339054,8.8,7,1,1001,1813.34,1667.74,5.64
101026757,AUS / SCst (AUS) 7th Sep,R2 1600m Mdn,07-09-2014 04:07,8554513,6. Qabla,0,7.4,6.79426346709467132730145119514275606501,6.00097368116962797070427495281539401209,8.6,4.7,7.4,6,3634.66,2892.26,210.14
101026759,AUS / SCst (AUS) 7th Sep,R3 1800m CL3,07-09-2014 04:43,7058885,10. Zips A Daisy,0,68.57213409161193,63.2350764655721472524586586818660476044,58.833623363849587652266021033517439661,95,55,140,60,264.34,63.94,101.08
101026765,AUS / SCst (AUS) 7th Sep,R6 1200m CL2,07-09-2014 06:31,6011974,4. Cooloola,0,8.225849705119918,7.0038681915171316752614113398485726704,7.34389219733609024153631542051111378619,9.6,8,8.4,8.4,2824.42,2717.4,107.02
101026765,AUS / SCst (AUS) 7th Sep,R6 1200m CL2,07-09-2014 06:31,6986378,6. Omission,0,22,23.3758362149053207561323153398456003591,23.6628983007389105149064124379385095919,42,22,1,1001,858.02,825.3,32.72
101026767,AUS / SCst (AUS) 7th Sep,R7 1400m CL1,07-09-2014 07:08,8820615,8. Seonia,0,24.705419448839088,27.1769418438286020075727163094007553584,20.282423073896277642244432202722908633,30,24,990,48,1016.56,598.36,17.56
101026769,AUS / SCst (AUS) 7th Sep,R8 1400m CL5,07-09-2014 07:46,4874399,2. Empress Me,0,10,11.4494648227754548586390912167783191957,7.35162821095703568992952943850875198909,14.5,10.5,990,26,6334.56,3357.12,63.68
101026761,AUS / SCst (AUS) 7th Sep,R4 1000m 3yo,07-09-2014 05:19,3746433,10. Classic Element,0,193.6794100303622,262.675377482508796053382105792964373657,115.598673859294223420993481681276691391,290,200,790,790,177.96,54.26,1.12
