EVENT_ID,MENU_HINT,EVENT_NAME,EVENT_DT,SELECTION_ID,SELECTION_NAME,WIN_LOSE,BSP,PPWAP,MORNINGWAP,PPMAX,PPMIN,IPMAX,IPMIN,MORNINGTRADEDVOL,PPTRADEDVOL,IPTRADEDVOL
122302483,BAGS cards / Crayfd 17th Dec,TO BE PLACED,17-12-2015 17:33,2650657,3. Smell The Money,1,2.74,1,1,1,1001,1,1001,0,0,0
122302350,BAGS cards / Romfd 17th Dec,TO BE PLACED,17-12-2015 17:22,8366849,6. Forest Skippy,0,2.04,1,1,1,1001,1,1001,0,0,0
122302655,Televised Cards / Hove 17th Dec,TO BE PLACED,17-12-2015 21:56,8995270,5. Castleview Jake,1,2.88,1,1,1,1001,1,1001,0,0,0
101355900,AUS / SPrk (AUS) 17th Dec,TO BE PLACED,17-12-2015 09:05,8875699,7. Bruree Jewel,0,,1,1.40918699186991869918699186991869918699,1,1001,1,1001,4.92,0,0
101355587,AUS / APrk (AUS) 17th Dec,TO BE PLACED,17-12-2015 10:28,9039236,5. Apatite,0,,1,2.18,1,1001,1,1001,19.28,0,0
122302649,Televised Cards / Hove 17th Dec,TO BE PLACED,17-12-2015 21:06,9011234,5. Guinness Wonder,0,2.66,1,1,1,1001,1,1001,0,0,0
122302374,BAGS cards / Monm 17th Dec,TO BE PLACED,17-12-2015 20:38,9494786,4. Coconut Bolt,0,4.6,1,1,1,1001,1,1001,0,0,0
122302620,Televised Cards / Henl 17th Dec,TO BE PLACED,17-12-2015 20:26,9563064,4. Goldberry Star,0,2.24,1,1,1,1001,1,1001,0,0,0
101356007,AUS / AnPk (AUS) 17th Dec,TO BE PLACED,17-12-2015 11:48,10109615,2. Banker Bale,0,,1,1,1,1001,1,1001,0,0,0
122302616,Televised Cards / Henl 17th Dec,TO BE PLACED,17-12-2015 19:54,10131353,6. Barnagrane Dan,0,3.3,1,1,1,1001,1,1001,0,0,0
122302352,BAGS cards / Romfd 17th Dec,TO BE PLACED,17-12-2015 17:38,10170039,3. Dinner Ashmole,0,6.8,1,1,1,1001,1,1001,0,0,0
122302473,BAGS cards / Crayfd 17th Dec,TO BE PLACED,17-12-2015 15:58,9143113,4. Tonetta Form,0,3.05,1,1,1,1001,1,1001,0,0,0
122302388,BAGS cards / Newc 17th Dec,TO BE PLACED,17-12-2015 18:49,10451982,4. Selkirk Marches,0,2.06,1,1,1,1001,1,1001,0,0,0
122302342,BAGS cards / Romfd 17th Dec,TO BE PLACED,17-12-2015 16:08,10447619,1. Walking Timebomb,1,2.22,1,1,1,1001,1,1001,0,0,0
122302284,BAGS cards / Sund 17th Dec,TO BE PLACED,17-12-2015 13:51,10500325,6. Stagecoachsatnin,1,1.6125513752766711,1,1,1,1001,1,1001,0,0,0
101356218,AUS / Dubb (AUS) 17th Dec,TO BE PLACED,17-12-2015 01:30,10455916,2. Take A Monkey,1,,1,1.24,1,1001,1,1001,.1,0,0
122302398,BAGS cards / Newc 17th Dec,TO BE PLACED,17-12-2015 20:09,10640847,3. High Hill Beauty (RES),0,5.7,1,1,1,1001,1,1001,0,0,0
122302352,BAGS cards / Romfd 17th Dec,TO BE PLACED,17-12-2015 17:38,10570888,2. Rising Bouncer,1,3.2508743932051587,1,1,1,1001,1,1001,0,0,0
122302614,Televised Cards / Henl 17th Dec,TO BE PLACED,17-12-2015 19:39,10612209,2. Blackrosecolonel,0,2.54,1,1,1,1001,1,1001,0,0,0
122302412,BAGS cards / Towc 17th Dec,TO BE PLACED,17-12-2015 18:38,10635441,6. Barricane Bullet,1,1.570106147,1,1,1,1001,1,1001,0,0,0
101356252,AUS / Mait (AUS) 17th Dec,TO BE PLACED,17-12-2015 07:19,10613912,1. Time To Dazl,1,,1,1.22,1,1001,1,1001,.1,0,0
122302630,Televised Cards / Henl 17th Dec,TO BE PLACED,17-12-2015 21:48,10635575,6. Blue Hercules,1,3.1990361725818373,1,1,1,1001,1,1001,0,0,0
122302628,Televised Cards / Henl 17th Dec,TO BE PLACED,17-12-2015 21:32,10616225,3. Saleen Missy,0,3.15,1,1,1,1001,1,1001,0,0,0
122302473,BAGS cards / Crayfd 17th Dec,TO BE PLACED,17-12-2015 15:58,10571130,6. Castlehill Rory,1,2.08,1,1,1,1001,1,1001,0,0,0
122302352,BAGS cards / Romfd 17th Dec,TO BE PLACED,17-12-2015 17:38,10570580,5. To Tone Steve,0,2.36,1,1,1,1001,1,1001,0,0,0
101356198,AUS / Hoba (AUS) 17th Dec,TO BE PLACED,17-12-2015 08:26,10637444,7. Enfield Gem,0,,1,14.6170655567117585848074921956295525494,1,1001,1,1001,19.22,0,0
122302374,BAGS cards / Monm 17th Dec,TO BE PLACED,17-12-2015 20:38,10635815,5. Toryview Don,1,3.1,1,1,1,1001,1,1001,0,0,0
122302376,BAGS cards / Monm 17th Dec,TO BE PLACED,17-12-2015 20:56,10635817,1. Holiday Dash,0,2.72,1,1,1,1001,1,1001,0,0,0
122302396,BAGS cards / Newc 17th Dec,TO BE PLACED,17-12-2015 19:53,6336302,5. Lakeland Joe,0,2.22,1,1,1,1001,1,1001,0,0,0
122302473,BAGS cards / Crayfd 17th Dec,TO BE PLACED,17-12-2015 15:58,8404982,1. Shedidntseeit,1,2.92,1,1,1,1001,1,1001,0,0,0
122302659,Televised Cards / Hove 17th Dec,TO BE PLACED,17-12-2015 22:26,8409549,6. Avit On Elsie,0,2.242405783306458,1,1,1,1001,1,1001,0,0,0
122302657,Televised Cards / Hove 17th Dec,TO BE PLACED,17-12-2015 22:11,8488706,2. Beachy Head,0,2.38,1,1,1,1001,1,1001,0,0,0
101355850,AUS / Shep (AUS) 17th Dec,TO BE PLACED,17-12-2015 04:47,8477910,8. Superhigh,1,,1,1.90827586206896551724137931034482758621,1,1001,1,1001,27.84,0,0
122302477,BAGS cards / Crayfd 17th Dec,TO BE PLACED,17-12-2015 16:37,8841577,5. Village Blackie,1,2.4,1,1,1,1001,1,1001,0,0,0
122302622,Televised Cards / Henl 17th Dec,TO BE PLACED,17-12-2015 20:42,8892039,2. Savana Uperfolds,0,3.4,1,1,1,1001,1,1001,0,0,0
122302404,BAGS cards / Newc 17th Dec,TO BE PLACED,17-12-2015 21:01,8913928,5. Pinpoint Classic,0,2.75,1,1,1,1001,1,1001,0,0,0
122302641,Televised Cards / Hove 17th Dec,TO BE PLACED,17-12-2015 20:02,9090672,5. Newtown Skipdots,1,2.34,1,1,1,1001,1,1001,0,0,0
122302354,BAGS cards / Romfd 17th Dec,TO BE PLACED,17-12-2015 17:56,9033455,4. Active Minx,0,2.32,1,1,1,1001,1,1001,0,0,0
101355912,AUS / SPrk (AUS) 17th Dec,TO BE PLACED,17-12-2015 11:17,9377018,3. Irish Whip,1,,1,1,1,1001,1,1001,0,0,0
122302481,BAGS cards / Crayfd 17th Dec,TO BE PLACED,17-12-2015 17:17,9393408,4. Tinas Cathy,1,3.4,1,1,1,1001,1,1001,0,0,0
122302632,Televised Cards / Henl 17th Dec,TO BE PLACED,17-12-2015 22:03,9393055,4. Savana Eddie,0,4.3,1,1,1,1001,1,1001,0,0,0
122302330,BAGS cards / Romfd 17th Dec,TO BE PLACED,17-12-2015 14:08,9652868,4. Andys Amanda,0,3.5,1,1,1,1001,1,1001,0,0,0
122302360,BAGS cards / Monm 17th Dec,TO BE PLACED,17-12-2015 18:44,9811169,4. El Gondo,0,6,1,1,1,1001,1,1001,0,0,0
101355867,AUS / Shep (AUS) 17th Dec,TO BE PLACED,17-12-2015 05:49,9646543,1. Oh Lele Simon,0,,1,1.76666666666666666666666666666666666667,1,1001,1,1001,17.28,0,0
122302624,Televised Cards / Henl 17th Dec,TO BE PLACED,17-12-2015 20:58,10070169,6. You Stay Classy,0,2.58,1,1,1,1001,1,1001,0,0,0
122302651,Televised Cards / Hove 17th Dec,TO BE PLACED,17-12-2015 21:24,10047624,3. Baby Gold,0,3.35,1,1,1,1001,1,1001,0,0,0
122302479,BAGS cards / Crayfd 17th Dec,TO BE PLACED,17-12-2015 16:57,10242304,5. Mance Rayder,1,2.14,1,1,1,1001,1,1001,0,0,0
122302274,BAGS cards / Sund 17th Dec,TO BE PLACED,17-12-2015 12:32,10279928,4. Jelly Baby,0,3.25,1,1,1,1001,1,1001,0,0,0
122302364,BAGS cards / Monm 17th Dec,TO BE PLACED,17-12-2015 19:16,10499230,3. Droopys Orange,0,1.8,1,1,1,1001,1,1001,0,0,0
122302626,Televised Cards / Henl 17th Dec,TO BE PLACED,17-12-2015 21:15,10635326,3. Savana Lenny,0,2.52,1,1,1,1001,1,1001,0,0,0
122302418,BAGS cards / Towc 17th Dec,TO BE PLACED,17-12-2015 19:26,10635457,4. Adageo Djongo,0,4.3,1,1,1,1001,1,1001,0,0,0
122302616,Televised Cards / Henl 17th Dec,TO BE PLACED,17-12-2015 19:54,10635531,3. Loughgur Abbie,1,3.9,1,1,1,1001,1,1001,0,0,0
101356246,AUS / Mait (AUS) 17th Dec,TO BE PLACED,17-12-2015 06:17,10613866,1. Sketchy Chief,1,,1,1.10982788296041308089500860585197934596,1,1001,1,1001,11.62,0,0
101355865,AUS / Shep (AUS) 17th Dec,TO BE PLACED,17-12-2015 05:27,10637180,6. Ima Terror,1,,1,1.6757953443258971871968962172647914646,1,1001,1,1001,288.68,0,0
122302657,Televised Cards / Hove 17th Dec,TO BE PLACED,17-12-2015 22:11,10569616,6. Ruthless Savage,0,2.52,1,1,1,1001,1,1001,0,0,0
122302302,BAGS cards / Sheff 17th Dec,TO BE PLACED,17-12-2015 12:27,10570094,6. Footfield Saul,0,4.3,1,1,1,1001,1,1001,0,0,0
122302294,BAGS cards / Sheff 17th Dec,TO BE PLACED,17-12-2015 11:28,6390376,6. Nina Nina,1,7.2,1,1,1,1001,1,1001,0,0,0
122302308,BAGS cards / Sheff 17th Dec,TO BE PLACED,17-12-2015 13:12,8469719,4. Strides Marilyn,0,6,1,1,1,1001,1,1001,0,0,0
122302416,BAGS cards / Towc 17th Dec,TO BE PLACED,17-12-2015 19:11,8636863,4. Mash Mad Blackie,0,2.36,1,1,1,1001,1,1001,0,0,0
122302360,BAGS cards / Monm 17th Dec,TO BE PLACED,17-12-2015 18:44,8906907,1. Gortnaskeha Gale,1,3.75,1,1,1,1001,1,1001,0,0,0
122302483,BAGS cards / Crayfd 17th Dec,TO BE PLACED,17-12-2015 17:33,9160812,5. Ashtina,0,5.3,1,1,1,1001,1,1001,0,0,0
122302463,BAGS cards / Crayfd 17th Dec,TO BE PLACED,17-12-2015 14:18,9447812,6. Sketch Book,1,4.2,1,1,1,1001,1,1001,0,0,0
122302628,Televised Cards / Henl 17th Dec,TO BE PLACED,17-12-2015 21:32,10131360,1. Savana Taz,1,1.77,1,1,1,1001,1,1001,0,0,0
122302268,BAGS cards / Sund 17th Dec,TO BE PLACED,17-12-2015 11:48,10131878,5. Slaneyside Gooch,0,2.42,1,1,1,1001,1,1001,0,0,0
122302487,BAGS cards / Crayfd 17th Dec,TO BE PLACED,17-12-2015 18:04,10242563,2. Swift Era,0,2.54,1,1,1,1001,1,1001,0,0,0
122302292,BAGS cards / Sheff 17th Dec,TO BE PLACED,17-12-2015 11:11,10223005,4. Jeddies Pippa,1,2.14,1,1,1,1001,1,1001,0,0,0
122302641,Televised Cards / Hove 17th Dec,TO BE PLACED,17-12-2015 20:02,10400236,2. Burnpark Cain,1,2.52,1,1,1,1001,1,1001,0,0,0
122302344,BAGS cards / Romfd 17th Dec,TO BE PLACED,17-12-2015 16:27,10360894,3. Catunda Colleen,0,2.58,1,1,1,1001,1,1001,0,0,0
101355602,AUS / Wgul (AUS) 17th Dec,TO BE PLACED,17-12-2015 01:22,10530146,2. Halo Express,1,,1,1.16,1,1001,1,1001,.1,0,0
122302647,Televised Cards / Hove 17th Dec,TO BE PLACED,17-12-2015 20:50,10569594,2. Southgate Bullet,1,3.95,1,1,1,1001,1,1001,0,0,0
122302278,BAGS cards / Sund 17th Dec,TO BE PLACED,17-12-2015 13:04,10636201,2. Cealestis Feonix,1,5.5,1,1,1,1001,1,1001,0,0,0
122302430,BAGS cards / Towc 17th Dec,TO BE PLACED,17-12-2015 21:08,10635495,6. Crokers Champ,0,6.525497397403814,1,1,1,1001,1,1001,0,0,0
122302620,Televised Cards / Henl 17th Dec,TO BE PLACED,17-12-2015 20:26,10635541,1. Savana Jonny,0,2.25,1,1,1,1001,1,1001,0,0,0
122302467,BAGS cards / Crayfd 17th Dec,TO BE PLACED,17-12-2015 14:57,10571161,1. Bartlemy Ace,0,3.5251885586604477,1,1,1,1001,1,1001,0,0,0
101356204,AUS / Hoba (AUS) 17th Dec,TO BE PLACED,17-12-2015 09:34,10637451,7. Fantastic Polar,1,,1,1.23104564315352697095435684647302904564,1,1001,1,1001,24.1,0,0
122302388,BAGS cards / Newc 17th Dec,TO BE PLACED,17-12-2015 18:49,10586332,3. Geordie Jazz,0,3.55,1,1,1,1001,1,1001,0,0,0
101355963,AUS / Warr (AUS) 17th Dec,TO BE PLACED,17-12-2015 07:57,10637223,6. Ho Choi,0,,1,1.63491355967506769423036867319308477401,1,1001,1,1001,96.02,0,0
101355965,AUS / Warr (AUS) 17th Dec,TO BE PLACED,17-12-2015 08:16,10637229,6. My Only Sunshine,0,,1,1.42,1,1001,1,1001,6,0,0
122302477,BAGS cards / Crayfd 17th Dec,TO BE PLACED,17-12-2015 16:37,2656718,3. Icecream Charlie,0,3.25,1,1,1,1001,1,1001,0,0,0
122302370,BAGS cards / Monm 17th Dec,TO BE PLACED,17-12-2015 20:04,5346853,3. Rathclough Hawk,1,4.2,1,1,1,1001,1,1001,0,0,0
122302306,BAGS cards / Sheff 17th Dec,TO BE PLACED,17-12-2015 12:58,6746604,5. Stepaside Haribo,0,3.3,1,1,1,1001,1,1001,0,0,0
122302614,Televised Cards / Henl 17th Dec,TO BE PLACED,17-12-2015 19:39,7157864,5. Lynnwood Socks,1,1.9857455796391876,1,1,1,1001,1,1001,0,0,0
122302332,BAGS cards / Romfd 17th Dec,TO BE PLACED,17-12-2015 14:27,7410629,1. Admiral Makenzie,0,5,1,1,1,1001,1,1001,0,0,0
122302344,BAGS cards / Romfd 17th Dec,TO BE PLACED,17-12-2015 16:27,7790813,5. Totti Hodgey,1,4,1,1,1,1001,1,1001,0,0,0
122302272,BAGS cards / Sund 17th Dec,TO BE PLACED,17-12-2015 12:18,8425801,6. Cloncunny Prince,1,2.22,1,1,1,1001,1,1001,0,0,0
122302463,BAGS cards / Crayfd 17th Dec,TO BE PLACED,17-12-2015 14:18,8407625,2. Ashburn Pink,0,2.84,1,1,1,1001,1,1001,0,0,0
122302469,BAGS cards / Crayfd 17th Dec,TO BE PLACED,17-12-2015 15:17,8731137,1. Gortshanboy,1,2.2,1,1,1,1001,1,1001,0,0,0
122302304,BAGS cards / Sheff 17th Dec,TO BE PLACED,17-12-2015 12:42,8824679,5. Economy Lady,1,3.55,1,1,1,1001,1,1001,0,0,0
122302481,BAGS cards / Crayfd 17th Dec,TO BE PLACED,17-12-2015 17:17,8992337,6. Twist,1,2.36,1,1,1,1001,1,1001,0,0,0
122302398,BAGS cards / Newc 17th Dec,TO BE PLACED,17-12-2015 20:09,9045484,1. Target Tia,0,2.2429364943807015,1,1,1,1001,1,1001,0,0,0
101355999,AUS / AnPk (AUS) 17th Dec,TO BE PLACED,17-12-2015 10:22,9092690,8. Check Yo Self,0,,1,2.0537668626772742995503286060186786579,1,1001,1,1001,115.64,0,0
122302292,BAGS cards / Sheff 17th Dec,TO BE PLACED,17-12-2015 11:11,9136009,6. Stunning Faith,0,7.4,1,1,1,1001,1,1001,0,0,0
122302266,BAGS cards / Sund 17th Dec,TO BE PLACED,17-12-2015 11:34,9257480,2. Ajaxx Princess,0,5.1,1,1,1,1001,1,1001,0,0,0
122302422,BAGS cards / Towc 17th Dec,TO BE PLACED,17-12-2015 19:59,9408670,5. Illseeyouagain,0,6,1,1,1,1001,1,1001,0,0,0
122302396,BAGS cards / Newc 17th Dec,TO BE PLACED,17-12-2015 19:53,9588700,4. Target Master,1,3.7,1,1,1,1001,1,1001,0,0,0
122302268,BAGS cards / Sund 17th Dec,TO BE PLACED,17-12-2015 11:48,9789667,6. Polinia,1,3.7,1,1,1,1001,1,1001,0,0,0
122302280,BAGS cards / Sund 17th Dec,TO BE PLACED,17-12-2015 13:19,9670113,2. Husky Smokey,0,3.426609560407233,1,1,1,1001,1,1001,0,0,0
122302426,BAGS cards / Towc 17th Dec,TO BE PLACED,17-12-2015 20:33,10399789,3. Bang On Giles,0,2.82,1,1,1,1001,1,1001,0,0,0
122302487,BAGS cards / Crayfd 17th Dec,TO BE PLACED,17-12-2015 18:04,10401979,6. Killieford Thorn,1,2.38,1,1,1,1001,1,1001,0,0,0
122302338,BAGS cards / Romfd 17th Dec,TO BE PLACED,17-12-2015 15:28,10522990,2. Young Cuba,0,2.2,1,1,1,1001,1,1001,0,0,0
122302402,BAGS cards / Newc 17th Dec,TO BE PLACED,17-12-2015 20:44,10640861,1. Lanesdown Deb (RES),1,2.61,1,1,1,1001,1,1001,0,0,0
122302404,BAGS cards / Newc 17th Dec,TO BE PLACED,17-12-2015 21:01,10640863,2. Scarlet Fiadh (RES),0,11.5,1,1,1,1001,1,1001,0,0,0
101355604,AUS / Wgul (AUS) 17th Dec,TO BE PLACED,17-12-2015 01:37,10613740,3. Platinum Hepple,0,,1,1.37,1,1001,1,1001,.1,0,0
122302368,BAGS cards / Monm 17th Dec,TO BE PLACED,17-12-2015 19:48,10635796,4. Mo Show,1,3.6,1,1,1,1001,1,1001,0,0,0
122302354,BAGS cards / Romfd 17th Dec,TO BE PLACED,17-12-2015 17:56,10635991,2. Brickfield Bager,0,2.66,1,1,1,1001,1,1001,0,0,0
122302362,BAGS cards / Monm 17th Dec,TO BE PLACED,17-12-2015 19:01,8187536,2. Ross Kate,0,3.95,1,1,1,1001,1,1001,0,0,0
122302334,BAGS cards / Romfd 17th Dec,TO BE PLACED,17-12-2015 14:47,8254334,2. African Princess,1,3.084349871337181,1,1,1,1001,1,1001,0,0,0
122302296,BAGS cards / Sheff 17th Dec,TO BE PLACED,17-12-2015 11:42,8298608,6. Bodell Thunder,0,3.55,1,1,1,1001,1,1001,0,0,0
101355587,AUS / APrk (AUS) 17th Dec,TO BE PLACED,17-12-2015 10:28,8414790,6. Hougenie,0,,1,1.52,1,1001,1,1001,19.28,0,0
122302356,BAGS cards / Romfd 17th Dec,TO BE PLACED,17-12-2015 18:11,8888052,1. What Next,0,4.743657485898,1,1,1,1001,1,1001,0,0,0
122302653,Televised Cards / Hove 17th Dec,TO BE PLACED,17-12-2015 21:40,8938965,5. Southern Calum,0,4,1,1,1,1001,1,1001,0,0,0
122302420,BAGS cards / Towc 17th Dec,TO BE PLACED,17-12-2015 19:43,9030751,6. Forest Lewis,0,2.92,1,1,1,1001,1,1001,0,0,0
122302270,BAGS cards / Sund 17th Dec,TO BE PLACED,17-12-2015 12:04,9091310,5. Macys Majestic,0,7.2,1,1,1,1001,1,1001,0,0,0
122302651,Televised Cards / Hove 17th Dec,TO BE PLACED,17-12-2015 21:24,9225599,1. January Bride,1,4.8,1,1,1,1001,1,1001,0,0,0
122302400,BAGS cards / Newc 17th Dec,TO BE PLACED,17-12-2015 20:26,9179625,1. Fabulous Storm,0,4.7,1,1,1,1001,1,1001,0,0,0
122302645,Televised Cards / Hove 17th Dec,TO BE PLACED,17-12-2015 20:34,9295031,1. Droopys Tomford,0,5.8,1,1,1,1001,1,1001,0,0,0
122302296,BAGS cards / Sheff 17th Dec,TO BE PLACED,17-12-2015 11:42,9377669,5. Voltair Bridie,1,2.44,1,1,1,1001,1,1001,0,0,0
101356202,AUS / Hoba (AUS) 17th Dec,TO BE PLACED,17-12-2015 09:11,9439923,5. Hattie Bee,1,,1,1.9,1,1001,1,1001,28.92,0,0
122302414,BAGS cards / Towc 17th Dec,TO BE PLACED,17-12-2015 18:56,9517464,4. Pennys Rock,0,4.8,1,1,1,1001,1,1001,0,0,0
122302264,BAGS cards / Sund 17th Dec,TO BE PLACED,17-12-2015 11:19,9588881,4. Runaway Blitz,0,3.15,1,1,1,1001,1,1001,0,0,0
101355995,AUS / AnPk (AUS) 17th Dec,TO BE PLACED,17-12-2015 09:37,9739658,5. Barelys Rhythm,1,,1,1.98,1,1001,1,1001,24.1,0,0
101356234,AUS / Dubb (AUS) 17th Dec,TO BE PLACED,17-12-2015 03:52,10150739,2. Phillip Keeping,1,,1,1.28,1,1001,1,1001,.1,0,0
101356248,AUS / Mait (AUS) 17th Dec,TO BE PLACED,17-12-2015 06:37,10284881,5. One Hill,0,,1,1.53590322580645161290322580645161290323,1,1001,1,1001,6.2,0,0
101356276,AUS / Dapt (AUS) 17th Dec,TO BE PLACED,17-12-2015 11:30,10494156,1. Nose Down,0,,1,1,1,1001,1,1001,0,0,0
101355959,AUS / Mand (AUS) 17th Dec,TO BE PLACED,17-12-2015 13:57,10638077,8. Son Of Emu,0,,1,1,1,1001,1,1001,0,0,0
122302424,BAGS cards / Towc 17th Dec,TO BE PLACED,17-12-2015 20:16,10635476,5. Loop The Loop,1,2.08,1,1,1,1001,1,1001,0,0,0
122302428,BAGS cards / Towc 17th Dec,TO BE PLACED,17-12-2015 20:51,10635485,2. Glenpadden Ace,0,2.0133892745012405,1,1,1,1001,1,1001,0,0,0
101356210,AUS / Hoba (AUS) 17th Dec,TO BE PLACED,17-12-2015 10:39,10637459,5. See Blues Girl,0,,1,4.4,1,1001,1,1001,48.2,0,0
122302378,BAGS cards / Monm 17th Dec,TO BE PLACED,17-12-2015 21:13,10585942,3. Final Kay,1,3,1,1,1,1001,1,1001,0,0,0
122302394,BAGS cards / Newc 17th Dec,TO BE PLACED,17-12-2015 19:36,10635873,3. Farrahs Fancy,0,2.84,1,1,1,1001,1,1001,0,0,0
122302296,BAGS cards / Sheff 17th Dec,TO BE PLACED,17-12-2015 11:42,4137406,4. Frantic Times,0,6.6,1,1,1,1001,1,1001,0,0,0
122302374,BAGS cards / Monm 17th Dec,TO BE PLACED,17-12-2015 20:38,7821870,1. Sheffield Hero,0,3.5,1,1,1,1001,1,1001,0,0,0
122302634,Televised Cards / Henl 17th Dec,TO BE PLACED,17-12-2015 22:18,8214496,1. Abbey Dawn,1,4.9,1,1,1,1001,1,1001,0,0,0
122302406,BAGS cards / Newc 17th Dec,TO BE PLACED,17-12-2015 21:18,8466593,6. Target Jay,0,3.95,1,1,1,1001,1,1001,0,0,0
122302310,BAGS cards / Sheff 17th Dec,TO BE PLACED,17-12-2015 13:27,8608413,6. Demesne Honey,1,2.22,1,1,1,1001,1,1001,0,0,0
101355999,AUS / AnPk (AUS) 17th Dec,TO BE PLACED,17-12-2015 10:22,8987548,5. Almost Quoted,0,,1,2.74,1,1001,1,1001,9.64,0,0
122302314,BAGS cards / Sheff 17th Dec,TO BE PLACED,17-12-2015 13:58,8950419,6. Fine Romance,1,4.6,1,1,1,1001,1,1001,0,0,0
122302398,BAGS cards / Newc 17th Dec,TO BE PLACED,17-12-2015 20:09,9088629,4. Troopers Scout,0,3.1,1,1,1,1001,1,1001,0,0,0
122302264,BAGS cards / Sund 17th Dec,TO BE PLACED,17-12-2015 11:19,9012662,1. Ashford Deejay,0,2.92,1,1,1,1001,1,1001,0,0,0
101355894,AUS / SPrk (AUS) 17th Dec,TO BE PLACED,17-12-2015 08:07,9082888,3. Mississippi Girl,1,,1,1.75,1,1001,1,1001,.24,0,0
122302346,BAGS cards / Romfd 17th Dec,TO BE PLACED,17-12-2015 16:47,9056089,6. Enzo Tiger,0,4.782933351234532,1,1,1,1001,1,1001,0,0,0
101355871,AUS / Shep (AUS) 17th Dec,TO BE PLACED,17-12-2015 06:30,9183803,8. Lektra Khan,1,,1,1.79,1,1001,1,1001,14.4,0,0
122302352,BAGS cards / Romfd 17th Dec,TO BE PLACED,17-12-2015 17:38,9232117,1. Fabulous Octane,1,3.4,1,1,1,1001,1,1001,0,0,0
122302414,BAGS cards / Towc 17th Dec,TO BE PLACED,17-12-2015 18:56,9374059,3. Damson Jam,0,4.6,1,1,1,1001,1,1001,0,0,0
101356226,AUS / Dubb (AUS) 17th Dec,TO BE PLACED,17-12-2015 02:37,9569554,5. Benjis Friend,1,,1,2.03162068965517241379310344827586206897,1,1001,1,1001,11.6,0,0
122302394,BAGS cards / Newc 17th Dec,TO BE PLACED,17-12-2015 19:36,9551912,1. Slaneyside Gran,1,5.9,1,1,1,1001,1,1001,0,0,0
101355908,AUS / SPrk (AUS) 17th Dec,TO BE PLACED,17-12-2015 10:35,9652120,4. Fernando Bale,1,,1,1.14592008028464556153635617188212754311,1,1001,1,1001,219.22,0,0
122302402,BAGS cards / Newc 17th Dec,TO BE PLACED,17-12-2015 20:44,9967155,4. Kingdom Kite,0,6.6,1,1,1,1001,1,1001,0,0,0
122302336,BAGS cards / Romfd 17th Dec,TO BE PLACED,17-12-2015 15:07,10075392,5. Borna Missy,0,2.4,1,1,1,1001,1,1001,0,0,0
122302276,BAGS cards / Sund 17th Dec,TO BE PLACED,17-12-2015 12:47,10232354,6. River Eve,0,3.4,1,1,1,1001,1,1001,0,0,0
101355890,AUS / Shep (AUS) 17th Dec,TO BE PLACED,17-12-2015 07:42,10176416,1. Marmish,0,,1,1.67751082876118971989604389257868899798,1,1001,1,1001,138.52,0,0
122302330,BAGS cards / Romfd 17th Dec,TO BE PLACED,17-12-2015 14:08,10399695,5. Do The Mumba,0,3.2,1,1,1,1001,1,1001,0,0,0
122302477,BAGS cards / Crayfd 17th Dec,TO BE PLACED,17-12-2015 16:37,10524856,4. Tinas Fred,0,3.65,1,1,1,1001,1,1001,0,0,0
122302643,Televised Cards / Hove 17th Dec,TO BE PLACED,17-12-2015 20:18,10593563,5. Thai Princess,1,4.1,1,1,1,1001,1,1001,0,0,0
101355957,AUS / Mand (AUS) 17th Dec,TO BE PLACED,17-12-2015 13:37,10638072,1. Silent Wind,0,,1,1,1,1001,1,1001,0,0,0
122302400,BAGS cards / Newc 17th Dec,TO BE PLACED,17-12-2015 20:26,10635894,6. Bramble Ozzy,0,3.225,1,1,1,1001,1,1001,0,0,0
101355616,AUS / Wgul (AUS) 17th Dec,TO BE PLACED,17-12-2015 03:25,10637212,2. Fiesty Ivy,1,,1,1.88368186964256833252466440239366003558,1,1001,1,1001,247.32,0,0
122302378,BAGS cards / Monm 17th Dec,TO BE PLACED,17-12-2015 21:13,10635824,2. Fagans Voodoo,0,2.58,1,1,1,1001,1,1001,0,0,0
122302471,BAGS cards / Crayfd 17th Dec,TO BE PLACED,17-12-2015 15:38,6371439,3. Old Father Time,1,2.7,1,1,1,1001,1,1001,0,0,0
101356256,AUS / Mait (AUS) 17th Dec,TO BE PLACED,17-12-2015 07:50,8056058,3. Interrogated,0,,1,2.78,1,1001,1,1001,4,0,0
122302620,Televised Cards / Henl 17th Dec,TO BE PLACED,17-12-2015 20:26,8206224,5. Border Rannoch,0,4.3,1,1,1,1001,1,1001,0,0,0
101356256,AUS / Mait (AUS) 17th Dec,TO BE PLACED,17-12-2015 07:50,8167595,7. Von Costa Kahn,0,,1,2,1,1001,1,1001,21.12,0,0
122302262,BAGS cards / Sund 17th Dec,TO BE PLACED,17-12-2015 11:03,8251721,4. Toxneys Lark,0,2.26,1,2.99999900000049999975000012499993750003,1,1001,1,1001,8,0,0
122302404,BAGS cards / Newc 17th Dec,TO BE PLACED,17-12-2015 21:01,8215041,1. Viking Glen,1,2.7864871153095736,1,1,1,1001,1,1001,0,0,0
122302469,BAGS cards / Crayfd 17th Dec,TO BE PLACED,17-12-2015 15:17,8296621,6. Barra Bounty,0,5.9,1,1,1,1001,1,1001,0,0,0
122302264,BAGS cards / Sund 17th Dec,TO BE PLACED,17-12-2015 11:19,8712288,6. Golf Buddy,1,3.35,1,1,1,1001,1,1001,0,0,0
122302370,BAGS cards / Monm 17th Dec,TO BE PLACED,17-12-2015 20:04,8958340,4. Beretta Lu,1,3.45,1,1,1,1001,1,1001,0,0,0
101355587,AUS / APrk (AUS) 17th Dec,TO BE PLACED,17-12-2015 10:28,8944572,1. Magic Maiden,1,,1,1.23,1,1001,1,1001,.1,0,0
122302386,BAGS cards / Newc 17th Dec,TO BE PLACED,17-12-2015 18:33,9094073,3. Swift Silverlily,0,7.8,1,1,1,1001,1,1001,0,0,0
101355602,AUS / Wgul (AUS) 17th Dec,TO BE PLACED,17-12-2015 01:22,9084464,7. Big Will,0,,1,2.34,1,1001,1,1001,24.04,0,0
101355614,AUS / Wgul (AUS) 17th Dec,TO BE PLACED,17-12-2015 03:05,9423148,9. Yaris Bale,1,,1,1.33797365754812563323201621073961499493,1,1001,1,1001,19.74,0,0
122302386,BAGS cards / Newc 17th Dec,TO BE PLACED,17-12-2015 18:33,9424817,6. Klockwork Tip,0,1.99,1,1,1,1001,1,1001,0,0,0
122302637,Televised Cards / Hove 17th Dec,TO BE PLACED,17-12-2015 19:31,9511871,2. Killeacle Faith,1,2.62,1,1,1,1001,1,1001,0,0,0
122302475,BAGS cards / Crayfd 17th Dec,TO BE PLACED,17-12-2015 16:18,9814856,3. Uncle Eoins Star,0,3.6,1,1,1,1001,1,1001,0,0,0
122302278,BAGS cards / Sund 17th Dec,TO BE PLACED,17-12-2015 13:04,10131874,1. Highfield Stag,0,2.12,1,1,1,1001,1,1001,0,0,0
101355867,AUS / Shep (AUS) 17th Dec,TO BE PLACED,17-12-2015 05:49,10320953,5. Ima Menace,0,,1,3.05,1,1001,1,1001,9.6,0,0
101356226,AUS / Dubb (AUS) 17th Dec,TO BE PLACED,17-12-2015 02:37,10288774,6. Irinka Tyson,1,,1,2.56,1,1001,1,1001,4.8,0,0
122302390,BAGS cards / Newc 17th Dec,TO BE PLACED,17-12-2015 19:06,10640846,6. Romeo Icardi (RES),1,1.74,1,1,1,1001,1,1001,0,0,0
122302424,BAGS cards / Towc 17th Dec,TO BE PLACED,17-12-2015 20:16,10635475,4. Happy Camper,0,3.6,1,1,1,1001,1,1001,0,0,0
122302465,BAGS cards / Crayfd 17th Dec,TO BE PLACED,17-12-2015 14:37,10635689,5. Hatfield Elvis,0,4.272727272734047,1,1,1,1001,1,1001,0,0,0
122302294,BAGS cards / Sheff 17th Dec,TO BE PLACED,17-12-2015 11:28,10636011,4. Skyla Survivor,0,1.92,1,1,1,1001,1,1001,0,0,0
101356262,AUS / Dapt (AUS) 17th Dec,TO BE PLACED,17-12-2015 08:56,8427219,5. Allen Firestorm,1,,1,1.88,1,1001,1,1001,8.66,0,0
122302479,BAGS cards / Crayfd 17th Dec,TO BE PLACED,17-12-2015 16:57,8359143,2. Pennys Velcro,0,4.9,1,1,1,1001,1,1001,0,0,0
101356005,AUS / AnPk (AUS) 17th Dec,TO BE PLACED,17-12-2015 11:27,8478830,7. Shilling Flex,1,,1,1,1,1001,1,1001,0,0,0
122302362,BAGS cards / Monm 17th Dec,TO BE PLACED,17-12-2015 19:01,8528692,3. Rubicon Apollo,0,4.9,1,1,1,1001,1,1001,0,0,0
122302422,BAGS cards / Towc 17th Dec,TO BE PLACED,17-12-2015 19:59,8686810,4. Black Francis,1,2.44,1,1,1,1001,1,1001,0,0,0
122302659,Televised Cards / Hove 17th Dec,TO BE PLACED,17-12-2015 22:26,8745985,2. Turbo Kate,1,2.428571428571429,1,1,1,1001,1,1001,0,0,0
122302336,BAGS cards / Romfd 17th Dec,TO BE PLACED,17-12-2015 15:07,8807250,4. Buckhurstdiamond,0,4.4,1,1,1,1001,1,1001,0,0,0
101355973,AUS / Warr (AUS) 17th Dec,TO BE PLACED,17-12-2015 09:31,8835587,8. Derby Girl,0,,1,1.46,1,1001,1,1001,.1,0,0
122302622,Televised Cards / Henl 17th Dec,TO BE PLACED,17-12-2015 20:42,8821127,4. Fernhall Rose,1,1.98,1,1,1,1001,1,1001,0,0,0
101356200,AUS / Hoba (AUS) 17th Dec,TO BE PLACED,17-12-2015 08:50,8783308,8. Prince Nitro,0,,1,2.06372223193982858142382368375021864614,1,1001,1,1001,114.34,0,0
122302378,BAGS cards / Monm 17th Dec,TO BE PLACED,17-12-2015 21:13,8856458,5. Romeo Acclaim,0,2.18,1,1,1,1001,1,1001,0,0,0
101356246,AUS / Mait (AUS) 17th Dec,TO BE PLACED,17-12-2015 06:17,9293721,9. Devine Frosti,1,,1,3.35,1,1001,1,1001,9.6,0,0
122302614,Televised Cards / Henl 17th Dec,TO BE PLACED,17-12-2015 19:39,9377544,3. Crown Factor,0,7.6,1,1,1,1001,1,1001,0,0,0
122302630,Televised Cards / Henl 17th Dec,TO BE PLACED,17-12-2015 21:48,9515163,4. Killahan Hero,0,3.3,1,1,1,1001,1,1001,0,0,0
122302479,BAGS cards / Crayfd 17th Dec,TO BE PLACED,17-12-2015 16:57,9419222,3. Upagumtree,1,2.7178874126542363,1,1,1,1001,1,1001,0,0,0
122302467,BAGS cards / Crayfd 17th Dec,TO BE PLACED,17-12-2015 14:57,9533297,2. Gringos Maestro,0,2.26,1,1,1,1001,1,1001,0,0,0
122302473,BAGS cards / Crayfd 17th Dec,TO BE PLACED,17-12-2015 15:58,9789419,2. Zenas Bobby,0,4.8,1,1,1,1001,1,1001,0,0,0
101355596,AUS / APrk (AUS) 17th Dec,TO BE PLACED,17-12-2015 11:55,10082074,1. Create Havoc,1,,1,1,1,1001,1,1001,0,0,0
122302376,BAGS cards / Monm 17th Dec,TO BE PLACED,17-12-2015 20:56,10246845,6. Trapper Peter,0,2.56,1,1,1,1001,1,1001,0,0,0
122302475,BAGS cards / Crayfd 17th Dec,TO BE PLACED,17-12-2015 16:18,10242573,6. Lads Miranda,0,3.1,1,1,1,1001,1,1001,0,0,0
101356258,AUS / Dapt (AUS) 17th Dec,TO BE PLACED,17-12-2015 08:20,10218478,3. Magic Streak,1,,1,1.52474716202270381836945304437564499484,1,1001,1,1001,38.76,0,0
122302651,Televised Cards / Hove 17th Dec,TO BE PLACED,17-12-2015 21:24,10203987,4. Guinness Moon,1,1.82,1,1,1,1001,1,1001,0,0,0
122302485,BAGS cards / Crayfd 17th Dec,TO BE PLACED,17-12-2015 17:47,10477872,5. Snowdon Apache,0,2.46,1,1,1,1001,1,1001,0,0,0
101355969,AUS / Warr (AUS) 17th Dec,TO BE PLACED,17-12-2015 08:47,10490710,8. Velobell,1,,1,1.19,1,1001,1,1001,.1,0,0
101355975,AUS / Warr (AUS) 17th Dec,TO BE PLACED,17-12-2015 09:52,10560886,1. Chevsta,1,,1,1.21,1,1001,1,1001,.1,0,0
122302344,BAGS cards / Romfd 17th Dec,TO BE PLACED,17-12-2015 16:27,10570882,2. Oscars Lucky,0,3.9,1,1,1,1001,1,1001,0,0,0
122302412,BAGS cards / Towc 17th Dec,TO BE PLACED,17-12-2015 18:38,10635439,4. Droopys Zarkava,0,8.041491062345589,1,1,1,1001,1,1001,0,0,0
101355967,AUS / Warr (AUS) 17th Dec,TO BE PLACED,17-12-2015 08:31,10637232,1. Turbo Chief,1,,1,1.13,1,1001,1,1001,.1,0,0
122302304,BAGS cards / Sheff 17th Dec,TO BE PLACED,17-12-2015 12:42,10620699,3. West Indian,0,2.26,1,1,1,1001,1,1001,0,0,0
101355888,AUS / Shep (AUS) 17th Dec,TO BE PLACED,17-12-2015 07:27,2524207,5. Dragons Den,1,,1,1.56,1,1001,1,1001,28.8,0,0
122302358,BAGS cards / Monm 17th Dec,TO BE PLACED,17-12-2015 18:28,7062972,1. Boherna Rose,0,2.16,1,1,1,1001,1,1001,0,0,0
101356256,AUS / Mait (AUS) 17th Dec,TO BE PLACED,17-12-2015 07:50,7421552,2. Fire Elusive,1,,1,1.34,1,1001,1,1001,.1,0,0
122302634,Televised Cards / Henl 17th Dec,TO BE PLACED,17-12-2015 22:18,8190658,5. Blues Daisy,0,14,1,1,1,1001,1,1001,0,0,0
101355578,AUS / APrk (AUS) 17th Dec,TO BE PLACED,17-12-2015 09:24,8386629,1. Grin And Win,0,,1,1.72,1,1001,1,1001,9.64,0,0
101355916,AUS / SPrk (AUS) 17th Dec,TO BE PLACED,17-12-2015 11:58,8350838,3. Airbound,0,,1,1,1,1001,1,1001,0,0,0
122302262,BAGS cards / Sund 17th Dec,TO BE PLACED,17-12-2015 11:03,8673168,6. Spy Queen,1,2.96,1,2.99999890000060499966725018301239934318,1,1001,1,1001,8,0,0
122302489,BAGS cards / Crayfd 17th Dec,TO BE PLACED,17-12-2015 18:18,8836771,1. Prideofouralley,0,7.593471262622625,1,1,1,1001,1,1001,0,0,0
101355892,AUS / Shep (AUS) 17th Dec,TO BE PLACED,17-12-2015 08:00,8835635,7. Twobeeyou,0,,1,1.92,1,1001,1,1001,6,0,0
122302266,BAGS cards / Sund 17th Dec,TO BE PLACED,17-12-2015 11:34,8888178,1. Suncroft Liz,0,2.44,1,1,1,1001,1,1001,0,0,0
122302284,BAGS cards / Sund 17th Dec,TO BE PLACED,17-12-2015 13:51,8885707,4. Slaneyside Cilla,0,3.85,1,1,1,1001,1,1001,0,0,0
101355993,AUS / AnPk (AUS) 17th Dec,TO BE PLACED,17-12-2015 09:14,9131389,1. Long Gully Magic,0,,1,1.23994115339348764221263240486465280502,1,1001,1,1001,50.98,0,0
101355912,AUS / SPrk (AUS) 17th Dec,TO BE PLACED,17-12-2015 11:17,9268757,2. Beautiful Rick,1,,1,1,1,1001,1,1001,0,0,0
122302266,BAGS cards / Sund 17th Dec,TO BE PLACED,17-12-2015 11:34,9588865,6. Poolie Wish,0,7.2,1,1,1,1001,1,1001,0,0,0
122302304,BAGS cards / Sheff 17th Dec,TO BE PLACED,17-12-2015 12:42,10231712,2. Bahamian Ms Cee,0,5.6,1,1,1,1001,1,1001,0,0,0
101355622,AUS / Wgul (AUS) 17th Dec,TO BE PLACED,17-12-2015 04:25,10166049,1. Dons Shy Girl,0,,1,1.74,1,1001,1,1001,.1,0,0
101355610,AUS / Wgul (AUS) 17th Dec,TO BE PLACED,17-12-2015 02:30,10459749,2. Doogie Boy,0,,1,1.4,1,1001,1,1001,.1,0,0
122302330,BAGS cards / Romfd 17th Dec,TO BE PLACED,17-12-2015 14:08,10453392,2. Rock The Jespah,1,2.34,1,1,1,1001,1,1001,0,0,0
122302412,BAGS cards / Towc 17th Dec,TO BE PLACED,17-12-2015 18:38,10543991,3. Tonto Tornado,0,8,1,1,1,1001,1,1001,0,0,0
122302398,BAGS cards / Newc 17th Dec,TO BE PLACED,17-12-2015 20:09,10572043,2. Goldrush Lisa,0,3.4,1,1,1,1001,1,1001,0,0,0
101355947,AUS / Mand (AUS) 17th Dec,TO BE PLACED,17-12-2015 12:02,10638068,6. Velucci,0,,1,1,1,1001,1,1001,0,0,0
122302469,BAGS cards / Crayfd 17th Dec,TO BE PLACED,17-12-2015 15:17,10595991,3. Blonde Junior,0,4.1,1,1,1,1001,1,1001,0,0,0
101355576,AUS / APrk (AUS) 17th Dec,TO BE PLACED,17-12-2015 08:59,10637560,3. Sannette Chop,0,,1,2.06136222910216718266253869969040247678,1,1001,1,1001,103.36,0,0
101356240,AUS / Mait (AUS) 17th Dec,TO BE PLACED,17-12-2015 05:17,10637586,8. Roman Zesta,0,,1,1.38,1,1001,1,1001,.1,0,0
122302639,Televised Cards / Hove 17th Dec,TO BE PLACED,17-12-2015 19:46,7560130,6. Granson Luca,0,2.74,1,1,1,1001,1,1001,0,0,0
101356268,AUS / Dapt (AUS) 17th Dec,TO BE PLACED,17-12-2015 10:05,7630096,4. Velvet Fog,0,,1,3.3,1,1001,1,1001,12.44,0,0
122302426,BAGS cards / Towc 17th Dec,TO BE PLACED,17-12-2015 20:33,8422334,5. Lowgate Onyx,0,3.35,1,1,1,1001,1,1001,0,0,0
122302372,BAGS cards / Monm 17th Dec,TO BE PLACED,17-12-2015 20:21,8419744,6. Get There Lilly,0,5.3,1,1,1,1001,1,1001,0,0,0
122302298,BAGS cards / Sheff 17th Dec,TO BE PLACED,17-12-2015 11:57,8708436,4. Mals Lad,0,2.96,1,1,1,1001,1,1001,0,0,0
122302340,BAGS cards / Romfd 17th Dec,TO BE PLACED,17-12-2015 15:48,8747998,4. Rockchase Dazl,0,4.609756097560748,1,1,1,1001,1,1001,0,0,0
122302620,Televised Cards / Henl 17th Dec,TO BE PLACED,17-12-2015 20:26,8973400,2. Solid Casper,1,3.6,1,1,1,1001,1,1001,0,0,0
122302481,BAGS cards / Crayfd 17th Dec,TO BE PLACED,17-12-2015 17:17,8958978,3. Glenside Line,0,2.16,1,1,1,1001,1,1001,0,0,0
122302294,BAGS cards / Sheff 17th Dec,TO BE PLACED,17-12-2015 11:28,8959306,3. Galtee Swaney,0,5.9,1,1,1,1001,1,1001,0,0,0
122302266,BAGS cards / Sund 17th Dec,TO BE PLACED,17-12-2015 11:34,9139322,4. Macys Malibu,1,6.598371146,1,1,1,1001,1,1001,0,0,0
122302489,BAGS cards / Crayfd 17th Dec,TO BE PLACED,17-12-2015 18:18,9343890,4. Lordsbury Dolly,0,4.6,1,1,1,1001,1,1001,0,0,0
101355975,AUS / Warr (AUS) 17th Dec,TO BE PLACED,17-12-2015 09:52,9481719,8. Bookbinder,0,,1,1.86,1,1001,1,1001,19.28,0,0
101355583,AUS / APrk (AUS) 17th Dec,TO BE PLACED,17-12-2015 09:43,9590457,8. Tobias Rumble,1,,1,1.24,1,1001,1,1001,.5,0,0
122302622,Televised Cards / Henl 17th Dec,TO BE PLACED,17-12-2015 20:42,9547684,3. Allen Orchestra,1,4.5,1,1,1,1001,1,1001,0,0,0
122302302,BAGS cards / Sheff 17th Dec,TO BE PLACED,17-12-2015 12:27,9532921,5. An Tochar Lark,0,3.5,1,1,1,1001,1,1001,0,0,0
122302416,BAGS cards / Towc 17th Dec,TO BE PLACED,17-12-2015 19:11,10241420,6. Cashmerefinn,0,5.3,1,1,1,1001,1,1001,0,0,0
101355618,AUS / Wgul (AUS) 17th Dec,TO BE PLACED,17-12-2015 03:47,10211730,2. Amlin Boy,1,,1,1.24,1,1001,1,1001,19.24,0,0
122302314,BAGS cards / Sheff 17th Dec,TO BE PLACED,17-12-2015 13:58,10401041,3. Russanda Tilly,0,1.49,1,1,1,1001,1,1001,0,0,0
122302618,Televised Cards / Henl 17th Dec,TO BE PLACED,17-12-2015 20:10,10515302,6. Ballyshannon One,0,5.4,1,1,1,1001,1,1001,0,0,0
122302270,BAGS cards / Sund 17th Dec,TO BE PLACED,17-12-2015 12:04,10492394,6. Mill Transaction,0,1.73,1,1,1,1001,1,1001,0,0,0
122302282,BAGS cards / Sund 17th Dec,TO BE PLACED,17-12-2015 13:33,10519029,3. My Silver Ace,0,2.48,1,1,1,1001,1,1001,0,0,0
122302402,BAGS cards / Newc 17th Dec,TO BE PLACED,17-12-2015 20:44,10640859,6. Blakefield Diva (RES),1,2.38,1,1,1,1001,1,1001,0,0,0
122302270,BAGS cards / Sund 17th Dec,TO BE PLACED,17-12-2015 12:04,10636178,3. Another Tily,0,6.4,1,1,1,1001,1,1001,0,0,0
101355947,AUS / Mand (AUS) 17th Dec,TO BE PLACED,17-12-2015 12:02,10558170,1. Have A Sip,1,,1,1,1,1001,1,1001,0,0,0
101355945,AUS / Mand (AUS) 17th Dec,TO BE PLACED,17-12-2015 11:42,10638067,9. Aluminum,1,,1,1,1,1001,1,1001,0,0,0
122302414,BAGS cards / Towc 17th Dec,TO BE PLACED,17-12-2015 18:56,10635446,5. Opus Star,0,6,1,1,1,1001,1,1001,0,0,0
101356266,AUS / Dapt (AUS) 17th Dec,TO BE PLACED,17-12-2015 09:40,10637571,4. Madam Mila,0,,1,1.80089626556016597510373443983402489627,1,1001,1,1001,96.4,0,0
122302388,BAGS cards / Newc 17th Dec,TO BE PLACED,17-12-2015 18:49,10635858,6. Joyford Castle,1,2.5433464772626753,1,1,1,1001,1,1001,0,0,0
122302406,BAGS cards / Newc 17th Dec,TO BE PLACED,17-12-2015 21:18,10635910,4. Steragel Matt,0,4.302058489830669,1,1,1,1001,1,1001,0,0,0
101355963,AUS / Warr (AUS) 17th Dec,TO BE PLACED,17-12-2015 07:57,10637220,2. Hundred,1,,1,2.5,1,1001,1,1001,9.6,0,0
122302312,BAGS cards / Sheff 17th Dec,TO BE PLACED,17-12-2015 13:44,10636065,4. Magna Lilly,0,3.5,1,1,1,1001,1,1001,0,0,0
122302634,Televised Cards / Henl 17th Dec,TO BE PLACED,17-12-2015 22:18,2981775,4. Sky Dancer,1,2.421647082704584,1,1,1,1001,1,1001,0,0,0
101355612,AUS / Wgul (AUS) 17th Dec,TO BE PLACED,17-12-2015 02:50,6485440,1. White Diamond,0,,1,2,1,1001,1,1001,14,0,0
122302651,Televised Cards / Hove 17th Dec,TO BE PLACED,17-12-2015 21:24,6894388,6. Skelees Boy,0,5.8,1,1,1,1001,1,1001,0,0,0
122302370,BAGS cards / Monm 17th Dec,TO BE PLACED,17-12-2015 20:04,7009959,6. Ardera Avril,0,2.882008003486554,1,1,1,1001,1,1001,0,0,0
122302618,Televised Cards / Henl 17th Dec,TO BE PLACED,17-12-2015 20:10,7380861,5. Hi Hondo,0,4.6,1,1,1,1001,1,1001,0,0,0
122302312,BAGS cards / Sheff 17th Dec,TO BE PLACED,17-12-2015 13:44,8280905,1. Cals Slip,0,4,1,1,1,1001,1,1001,0,0,0
122302392,BAGS cards / Newc 17th Dec,TO BE PLACED,17-12-2015 19:21,8385063,3. Romeo Civic,0,6.6,1,1,1,1001,1,1001,0,0,0
122302616,Televised Cards / Henl 17th Dec,TO BE PLACED,17-12-2015 19:54,8343022,2. Kitewinder,0,2.28,1,1,1,1001,1,1001,0,0,0
122302612,Televised Cards / Henl 17th Dec,TO BE PLACED,17-12-2015 19:25,8675470,6. El Diego,1,3.05,1,1,1,1001,1,1001,0,0,0
101355910,AUS / SPrk (AUS) 17th Dec,TO BE PLACED,17-12-2015 10:55,8849754,4. Seeking Justice,1,,1,1.89,1,1001,1,1001,96.4,0,0
122302628,Televised Cards / Henl 17th Dec,TO BE PLACED,17-12-2015 21:32,8964389,4. Westmead Renaldo,0,3.606655290103518,1,1,1,1001,1,1001,0,0,0
122302426,BAGS cards / Towc 17th Dec,TO BE PLACED,17-12-2015 20:33,9142930,4. Sambuka Sam,1,11.5,1,1,1,1001,1,1001,0,0,0
122302643,Televised Cards / Hove 17th Dec,TO BE PLACED,17-12-2015 20:18,9110610,1. Swift Hope,0,2.6,1,1,1,1001,1,1001,0,0,0
122302306,BAGS cards / Sheff 17th Dec,TO BE PLACED,17-12-2015 12:58,10063276,2. Dooneen Annie,0,2,1,1,1,1001,1,1001,0,0,0
122302340,BAGS cards / Romfd 17th Dec,TO BE PLACED,17-12-2015 15:48,10075418,1. Gorbals Dis,1,2.26,1,1,1,1001,1,1001,0,0,0
122302475,BAGS cards / Crayfd 17th Dec,TO BE PLACED,17-12-2015 16:18,10242321,4. Small Wishes,0,2.92,1,1,1,1001,1,1001,0,0,0
101356258,AUS / Dapt (AUS) 17th Dec,TO BE PLACED,17-12-2015 08:20,10249815,8. Zipping Clancy,0,,1,3.30677777777777777777777777777777777778,1,1001,1,1001,18,0,0
122302348,BAGS cards / Romfd 17th Dec,TO BE PLACED,17-12-2015 17:07,10399772,4. Sky Blue Tink,1,2.52,1,1,1,1001,1,1001,0,0,0
122302426,BAGS cards / Towc 17th Dec,TO BE PLACED,17-12-2015 20:33,10340689,1. Ace Zar Base,0,15,1,1,1,1001,1,1001,0,0,0
122302264,BAGS cards / Sund 17th Dec,TO BE PLACED,17-12-2015 11:19,10523787,5. Fairyhill Josie,0,6.6,1,1,1,1001,1,1001,0,0,0
122302300,BAGS cards / Sheff 17th Dec,TO BE PLACED,17-12-2015 12:12,10543839,3. Lolas Lily,1,2.28,1,1,1,1001,1,1001,0,0,0
122302282,BAGS cards / Sund 17th Dec,TO BE PLACED,17-12-2015 13:33,10636215,4. The Informant,1,3.75,1,1,1,1001,1,1001,0,0,0
122302630,Televised Cards / Henl 17th Dec,TO BE PLACED,17-12-2015 21:48,10635337,2. Mallogs Ronaldo,0,3.5538772013768907,1,1,1,1001,1,1001,0,0,0
101355620,AUS / Wgul (AUS) 17th Dec,TO BE PLACED,17-12-2015 04:07,10588023,3. Tail Pipe,1,,1,1.23,1,1001,1,1001,.1,0,0
122302647,Televised Cards / Hove 17th Dec,TO BE PLACED,17-12-2015 20:50,10635398,4. Blenhiem Zeta,0,1.83,1,1,1,1001,1,1001,0,0,0
122302614,Televised Cards / Henl 17th Dec,TO BE PLACED,17-12-2015 19:39,10635526,4. Quivers Warrior,1,1.99,1,1,1,1001,1,1001,0,0,0
122302282,BAGS cards / Sund 17th Dec,TO BE PLACED,17-12-2015 13:33,10582594,5. Tuzo Charm,0,2.94,1,1,1,1001,1,1001,0,0,0
101356206,AUS / Hoba (AUS) 17th Dec,TO BE PLACED,17-12-2015 09:55,10637454,10. Breakers Tip,0,,1,1.33,1,1001,1,1001,.1,0,0
101355875,AUS / Shep (AUS) 17th Dec,TO BE PLACED,17-12-2015 07:08,10637195,5. Ronray Deluxe,1,,1,1.57161989441511530980828007779938871909,1,1001,1,1001,71.98,0,0
101355612,AUS / Wgul (AUS) 17th Dec,TO BE PLACED,17-12-2015 02:50,10637209,9. Turbo Longstride,0,,1,3.65186721991701244813278008298755186722,1,1001,1,1001,4.82,0,0
122302368,BAGS cards / Monm 17th Dec,TO BE PLACED,17-12-2015 19:48,10635798,6. Chaotic Violet,0,2.8,1,1,1,1001,1,1001,0,0,0
122302262,BAGS cards / Sund 17th Dec,TO BE PLACED,17-12-2015 11:03,7173732,2. Knockroe Choice,0,4.6,1,2.99999980000001999999800000019999998,1,1001,1,1001,8,0,0
101356212,AUS / Hoba (AUS) 17th Dec,TO BE PLACED,17-12-2015 11:20,8213587,5. Classic Spence,0,,1,1,1,1001,1,1001,0,0,0
122302338,BAGS cards / Romfd 17th Dec,TO BE PLACED,17-12-2015 15:28,8676550,5. Mulligan,0,3.9,1,1,1,1001,1,1001,0,0,0
122302310,BAGS cards / Sheff 17th Dec,TO BE PLACED,17-12-2015 13:27,8677047,5. Barntick Bound,1,3.8179963074531393,1,1,1,1001,1,1001,0,0,0
122302432,BAGS cards / Towc 17th Dec,TO BE PLACED,17-12-2015 21:24,8726499,6. Marmalady,1,7.6,1,1,1,1001,1,1001,0,0,0
122302430,BAGS cards / Towc 17th Dec,TO BE PLACED,17-12-2015 21:08,8978573,1. Forest Twilight,0,1.735108047653193,1,1,1,1001,1,1001,0,0,0
101355910,AUS / SPrk (AUS) 17th Dec,TO BE PLACED,17-12-2015 10:55,9133191,1. Ikaku Bale,1,,1,1.54275242047026279391424619640387275242,1,1001,1,1001,14.46,0,0
122302418,BAGS cards / Towc 17th Dec,TO BE PLACED,17-12-2015 19:26,9438207,5. Fastenurseatbelt,0,9.558303081379275,1,1,1,1001,1,1001,0,0,0
122302483,BAGS cards / Crayfd 17th Dec,TO BE PLACED,17-12-2015 17:33,9533289,6. Read My Lips,0,4,1,1,1,1001,1,1001,0,0,0
101355971,AUS / Warr (AUS) 17th Dec,TO BE PLACED,17-12-2015 09:08,9547152,8. Hurry Slowly,1,,1,1.26026871401151631477927063339731285988,1,1001,1,1001,10.42,0,0
122302414,BAGS cards / Towc 17th Dec,TO BE PLACED,17-12-2015 18:56,10496383,1. Roswell Iceman,1,2.341841303,1,1,1,1001,1,1001,0,0,0
122302366,BAGS cards / Monm 17th Dec,TO BE PLACED,17-12-2015 19:31,10491967,3. Gammelijordfella,0,2.58,1,1,1,1001,1,1001,0,0,0
122302424,BAGS cards / Towc 17th Dec,TO BE PLACED,17-12-2015 20:16,9122580,2. Trumpers Mofara,0,1.78,1,1,1,1001,1,1001,0,0,0
122302268,BAGS cards / Sund 17th Dec,TO BE PLACED,17-12-2015 11:48,10636170,1. Evensong,1,3.0145785653009085,1,1,1,1001,1,1001,0,0,0
122302272,BAGS cards / Sund 17th Dec,TO BE PLACED,17-12-2015 12:18,10636184,3. Steves Summer,1,3.45,1,1,1,1001,1,1001,0,0,0
122302412,BAGS cards / Towc 17th Dec,TO BE PLACED,17-12-2015 18:38,10635440,5. Calzaghe Otoole,0,1.8,1,1,1,1001,1,1001,0,0,0
122302653,Televised Cards / Hove 17th Dec,TO BE PLACED,17-12-2015 21:40,10616298,3. Mineola Strider,0,5.4,1,1,1,1001,1,1001,0,0,0
101356204,AUS / Hoba (AUS) 17th Dec,TO BE PLACED,17-12-2015 09:34,10637446,1. Dilston Loch,0,,1,1.78881670533642691415313225058004640371,1,1001,1,1001,17.24,0,0
101355865,AUS / Shep (AUS) 17th Dec,TO BE PLACED,17-12-2015 05:27,10637179,2. Lidos Boy,1,,1,1.56,1,1001,1,1001,19.2,0,0
101355622,AUS / Wgul (AUS) 17th Dec,TO BE PLACED,17-12-2015 04:25,10637218,10. Suzy La Rue,1,,1,1.75,1,1001,1,1001,9.52,0,0
122302364,BAGS cards / Monm 17th Dec,TO BE PLACED,17-12-2015 19:16,10635785,5. Cooladerry Ford,0,6,1,1,1,1001,1,1001,0,0,0
122302274,BAGS cards / Sund 17th Dec,TO BE PLACED,17-12-2015 12:32,6315220,1. Delilah Cupid,0,6.6,1,1,1,1001,1,1001,0,0,0
122302406,BAGS cards / Newc 17th Dec,TO BE PLACED,17-12-2015 21:18,7392703,2. Cuil Rocket,1,1.77,1,1,1,1001,1,1001,0,0,0
101355871,AUS / Shep (AUS) 17th Dec,TO BE PLACED,17-12-2015 06:30,8272477,5. Specify,0,,1,1.40989619377162629757785467128027681661,1,1001,1,1001,28.9,0,0
122302655,Televised Cards / Hove 17th Dec,TO BE PLACED,17-12-2015 21:56,8409552,3. Droopys Thunder,0,3.95,1,1,1,1001,1,1001,0,0,0
122302641,Televised Cards / Hove 17th Dec,TO BE PLACED,17-12-2015 20:02,8546088,6. Tyrur Celena,0,2.66,1,1,1,1001,1,1001,0,0,0
122302346,BAGS cards / Romfd 17th Dec,TO BE PLACED,17-12-2015 16:47,8712046,4. Carry Duff,0,2.88,1,1,1,1001,1,1001,0,0,0
122302477,BAGS cards / Crayfd 17th Dec,TO BE PLACED,17-12-2015 16:37,8764080,1. Trumpers Gemma,1,2.469119548,1,1,1,1001,1,1001,0,0,0
122302280,BAGS cards / Sund 17th Dec,TO BE PLACED,17-12-2015 13:19,8853511,6. Alanas Glory,1,4.3,1,1,1,1001,1,1001,0,0,0
101355896,AUS / SPrk (AUS) 17th Dec,TO BE PLACED,17-12-2015 08:23,8980858,6. Dancing Pumps,0,,1,4.73273231622746185852981969486823855756,1,1001,1,1001,14.42,0,0
101355873,AUS / Shep (AUS) 17th Dec,TO BE PLACED,17-12-2015 06:47,8911284,2. Bronco De Jurer,1,,1,1.35,1,1001,1,1001,1.64,0,0
101355949,AUS / Mand (AUS) 17th Dec,TO BE PLACED,17-12-2015 12:17,8890328,1. Dawn To Pass,0,,1,1,1,1001,1,1001,0,0,0
101355955,AUS / Mand (AUS) 17th Dec,TO BE PLACED,17-12-2015 13:17,9005766,1. Winning Command,0,,1,1,1,1001,1,1001,0,0,0
122302308,BAGS cards / Sheff 17th Dec,TO BE PLACED,17-12-2015 13:12,9094827,1. Farley Boy,0,1.99,1,1,1,1001,1,1001,0,0,0
122302430,BAGS cards / Towc 17th Dec,TO BE PLACED,17-12-2015 21:08,8997345,4. Coolavanny Jap,1,2.66,1,1,1,1001,1,1001,0,0,0
101355916,AUS / SPrk (AUS) 17th Dec,TO BE PLACED,17-12-2015 11:58,9362209,8. Greysynd Chief,0,,1,1,1,1001,1,1001,0,0,0
122302364,BAGS cards / Monm 17th Dec,TO BE PLACED,17-12-2015 19:16,9504421,1. Final Ace,1,2.1,1,1,1,1001,1,1001,0,0,0
122302489,BAGS cards / Crayfd 17th Dec,TO BE PLACED,17-12-2015 18:18,9504999,5. Harmless Man,0,2.7,1,1,1,1001,1,1001,0,0,0
101355593,AUS / APrk (AUS) 17th Dec,TO BE PLACED,17-12-2015 11:36,9606135,1. Tarks Black Rose,1,,1,1,1,1001,1,1001,0,0,0
101355574,AUS / APrk (AUS) 17th Dec,TO BE PLACED,17-12-2015 08:41,9718213,5. Costa Sea,0,,1,3.6,1,1001,1,1001,9.62,0,0
101355896,AUS / SPrk (AUS) 17th Dec,TO BE PLACED,17-12-2015 08:23,10252939,8. Dr Leonardo,0,,1,1.78,1,1001,1,1001,19.24,0,0
122302404,BAGS cards / Newc 17th Dec,TO BE PLACED,17-12-2015 21:01,10296758,3. Ghetto Empire,1,2.28,1,1,1,1001,1,1001,0,0,0
122302356,BAGS cards / Romfd 17th Dec,TO BE PLACED,17-12-2015 18:11,10360860,5. Knockalton Pride,0,4.1,1,1,1,1001,1,1001,0,0,0
122302649,Televised Cards / Hove 17th Dec,TO BE PLACED,17-12-2015 21:06,10593560,2. Tullycanna Dappy,1,3.5,1,1,1,1001,1,1001,0,0,0
122302402,BAGS cards / Newc 17th Dec,TO BE PLACED,17-12-2015 20:44,10616721,3. Daniels Destiny,0,3.55,1,1,1,1001,1,1001,0,0,0
122302628,Televised Cards / Henl 17th Dec,TO BE PLACED,17-12-2015 21:32,10570369,2. Mystical Jude,0,4.6,1,1,1,1001,1,1001,0,0,0
101355896,AUS / SPrk (AUS) 17th Dec,TO BE PLACED,17-12-2015 08:23,10606859,2. Sweet Intention,1,,1,1.18,1,1001,1,1001,.1,0,0
122302471,BAGS cards / Crayfd 17th Dec,TO BE PLACED,17-12-2015 15:38,10586700,5. Bardarbunga,0,2.72,1,1,1,1001,1,1001,0,0,0
122302302,BAGS cards / Sheff 17th Dec,TO BE PLACED,17-12-2015 12:27,10612033,4. Texas Dazzle,0,3.65,1,1,1,1001,1,1001,0,0,0
101355890,AUS / Shep (AUS) 17th Dec,TO BE PLACED,17-12-2015 07:42,10617762,2. Scarlet Black,1,,1,1.38,1,1001,1,1001,3.76,0,0
122302388,BAGS cards / Newc 17th Dec,TO BE PLACED,17-12-2015 18:49,10635853,1. Slaneyside Envy,1,2.71,1,1,1,1001,1,1001,0,0,0
101355606,AUS / Wgul (AUS) 17th Dec,TO BE PLACED,17-12-2015 01:55,10637199,1. Cyclone Pete,0,,1,5.2,1,1001,1,1001,19.24,0,0
122302376,BAGS cards / Monm 17th Dec,TO BE PLACED,17-12-2015 20:56,10635821,5. Beaming Angel,0,6.4,1,1,1,1001,1,1001,0,0,0
122302284,BAGS cards / Sund 17th Dec,TO BE PLACED,17-12-2015 13:51,7771810,1. Baidir,0,4.792179760360161,1,1,1,1001,1,1001,0,0,0
122302360,BAGS cards / Monm 17th Dec,TO BE PLACED,17-12-2015 18:44,8280377,6. Rathglassin Mag,0,3.20205649824522,1,1,1,1001,1,1001,0,0,0
122302268,BAGS cards / Sund 17th Dec,TO BE PLACED,17-12-2015 11:48,8404902,3. Out Of Thorpe,0,3.5,1,1,1,1001,1,1001,0,0,0
122302618,Televised Cards / Henl 17th Dec,TO BE PLACED,17-12-2015 20:10,8362957,4. Bronze Dancer,0,3.95,1,1,1,1001,1,1001,0,0,0
122302428,BAGS cards / Towc 17th Dec,TO BE PLACED,17-12-2015 20:51,8513316,6. Swansalona Diva,1,2.58,1,1,1,1001,1,1001,0,0,0
122302622,Televised Cards / Henl 17th Dec,TO BE PLACED,17-12-2015 20:42,8486036,5. Sharons Knight,0,7.175771971496437,1,1,1,1001,1,1001,0,0,0
101356232,AUS / Dubb (AUS) 17th Dec,TO BE PLACED,17-12-2015 03:32,9074809,3. Urban Cargo,0,,1,1.3286301369863013698630136986301369863,1,1001,1,1001,36.5,0,0
101355888,AUS / Shep (AUS) 17th Dec,TO BE PLACED,17-12-2015 07:27,9220307,7. Our Nico,0,,1,1.55,1,1001,1,1001,.1,0,0
122302614,Televised Cards / Henl 17th Dec,TO BE PLACED,17-12-2015 19:39,9311566,6. Cong River,0,7.4,1,1,1,1001,1,1001,0,0,0
122302314,BAGS cards / Sheff 17th Dec,TO BE PLACED,17-12-2015 13:58,9444377,2. Sasa Papin,0,8.611221607647018,1,1,1,1001,1,1001,0,0,0
101355914,AUS / SPrk (AUS) 17th Dec,TO BE PLACED,17-12-2015 11:39,9543651,7. Zipping Simmo,1,,1,1,1,1001,1,1001,0,0,0
122302298,BAGS cards / Sheff 17th Dec,TO BE PLACED,17-12-2015 11:57,9532928,6. Smudgey,0,3.2,1,1,1,1001,1,1001,0,0,0
122302352,BAGS cards / Romfd 17th Dec,TO BE PLACED,17-12-2015 17:38,9773812,6. Phoenix Pele,0,2.8,1,1,1,1001,1,1001,0,0,0
122302348,BAGS cards / Romfd 17th Dec,TO BE PLACED,17-12-2015 17:07,9677907,2. Miss Clayhanger,0,6.4,1,1,1,1001,1,1001,0,0,0
122302616,Televised Cards / Henl 17th Dec,TO BE PLACED,17-12-2015 19:54,9678048,5. Head Iton Bigian,0,2.74,1,1,1,1001,1,1001,0,0,0
122302332,BAGS cards / Romfd 17th Dec,TO BE PLACED,17-12-2015 14:27,9934379,3. Keeperhill Fran,1,2.04,1,1,1,1001,1,1001,0,0,0
101356248,AUS / Mait (AUS) 17th Dec,TO BE PLACED,17-12-2015 06:37,9982185,7. Lil Black Miss,1,,1,3.75,1,1001,1,1001,9.6,0,0
101356218,AUS / Dubb (AUS) 17th Dec,TO BE PLACED,17-12-2015 01:30,10109598,4. Wewak,0,,1,1.44,1,1001,1,1001,54.94,0,0
101355578,AUS / APrk (AUS) 17th Dec,TO BE PLACED,17-12-2015 09:24,10372679,7. Alpha Theseus,0,,1,1.29156384505021520803443328550932568149,1,1001,1,1001,27.88,0,0
122302298,BAGS cards / Sheff 17th Dec,TO BE PLACED,17-12-2015 11:57,10481726,3. Lillywhitetip,1,4.1,1,1,1,1001,1,1001,0,0,0
101356258,AUS / Dapt (AUS) 17th Dec,TO BE PLACED,17-12-2015 08:20,10541268,7. Spinner,0,,1,3.6,1,1001,1,1001,4.8,0,0
101355865,AUS / Shep (AUS) 17th Dec,TO BE PLACED,17-12-2015 05:27,10587972,8. What Stopping Ya,1,,1,1.51,1,1001,1,1001,.28,0,0
122302270,BAGS cards / Sund 17th Dec,TO BE PLACED,17-12-2015 12:04,10619846,1. Crinkill Sally,1,1.79,1,1,1,1001,1,1001,0,0,0
122302376,BAGS cards / Monm 17th Dec,TO BE PLACED,17-12-2015 20:56,10569756,2. Crack Pot,1,2.28,1,1,1,1001,1,1001,0,0,0
122302300,BAGS cards / Sheff 17th Dec,TO BE PLACED,17-12-2015 12:12,7743387,6. Meagans Hope,0,7.2,1,1,1,1001,1,1001,0,0,0
122302639,Televised Cards / Hove 17th Dec,TO BE PLACED,17-12-2015 19:46,7750161,4. Roaming Pearl,0,2.8,1,1,1,1001,1,1001,0,0,0
122302406,BAGS cards / Newc 17th Dec,TO BE PLACED,17-12-2015 21:18,8186829,3. Swift Annette,1,3.9,1,1,1,1001,1,1001,0,0,0
122302475,BAGS cards / Crayfd 17th Dec,TO BE PLACED,17-12-2015 16:18,8139413,1. Rising Bullet,1,2.6,1,1,1,1001,1,1001,0,0,0
122302404,BAGS cards / Newc 17th Dec,TO BE PLACED,17-12-2015 21:01,8428150,6. Shellam Noah,0,2.4996250937265687,1,1,1,1001,1,1001,0,0,0
122302366,BAGS cards / Monm 17th Dec,TO BE PLACED,17-12-2015 19:31,8577533,6. Ardera Peggy,0,4,1,1,1,1001,1,1001,0,0,0
101355987,AUS / AnPk (AUS) 17th Dec,TO BE PLACED,17-12-2015 08:13,8490770,1. Rupert,0,,1,1.37,1,1001,1,1001,6,0,0
122302653,Televised Cards / Hove 17th Dec,TO BE PLACED,17-12-2015 21:40,8469493,6. Somoud,1,3.2,1,1,1,1001,1,1001,0,0,0
101355916,AUS / SPrk (AUS) 17th Dec,TO BE PLACED,17-12-2015 11:58,8655661,4. Zoe,0,,1,1,1,1001,1,1001,0,0,0
122302304,BAGS cards / Sheff 17th Dec,TO BE PLACED,17-12-2015 12:42,8733200,1. Rushwee Impact,0,5.2,1,1,1,1001,1,1001,0,0,0
122302354,BAGS cards / Romfd 17th Dec,TO BE PLACED,17-12-2015 17:56,8872076,6. Regal Spirit,0,4.4,1,1,1,1001,1,1001,0,0,0
122302292,BAGS cards / Sheff 17th Dec,TO BE PLACED,17-12-2015 11:11,8919054,5. Gotoon Becky,1,3.5,1,1,1,1001,1,1001,0,0,0
101356210,AUS / Hoba (AUS) 17th Dec,TO BE PLACED,17-12-2015 10:39,9144447,7. Dyna Double One,0,,1,1.25292917788361979705943259474011182439,1,1001,1,1001,193.16,0,0
101356254,AUS / Mait (AUS) 17th Dec,TO BE PLACED,17-12-2015 07:34,9137709,7. Anita May,1,,1,1.29,1,1001,1,1001,70.4,0,0
122302400,BAGS cards / Newc 17th Dec,TO BE PLACED,17-12-2015 20:26,9165444,3. Chisel Edge,1,2.14,1,1,1,1001,1,1001,0,0,0
122302637,Televised Cards / Hove 17th Dec,TO BE PLACED,17-12-2015 19:31,9336903,5. Gallarus Bridge,1,2.55,1,1,1,1001,1,1001,0,0,0
122302304,BAGS cards / Sheff 17th Dec,TO BE PLACED,17-12-2015 12:42,9508510,4. Scalp River,1,4,1,1,1,1001,1,1001,0,0,0
101355869,AUS / Shep (AUS) 17th Dec,TO BE PLACED,17-12-2015 06:07,9506444,1. Gunmetal Lad,1,,1,1.19,1,1001,1,1001,.6,0,0
122302350,BAGS cards / Romfd 17th Dec,TO BE PLACED,17-12-2015 17:22,9474907,2. Teejays Tel,0,4.1,1,1,1,1001,1,1001,0,0,0
122302630,Televised Cards / Henl 17th Dec,TO BE PLACED,17-12-2015 21:48,9595347,5. Rhincrew Betsie,1,1.35,1,1,1,1001,1,1001,0,0,0
122302479,BAGS cards / Crayfd 17th Dec,TO BE PLACED,17-12-2015 16:57,9881108,4. Tromora Sally,0,6.240379846184514,1,1,1,1001,1,1001,0,0,0
101356274,AUS / Dapt (AUS) 17th Dec,TO BE PLACED,17-12-2015 11:08,9937621,3. Wheres Ramsay,1,,1,1,1,1001,1,1001,0,0,0
101356003,AUS / AnPk (AUS) 17th Dec,TO BE PLACED,17-12-2015 11:05,10139387,1. Abbies Girl,1,,1,1,1,1001,1,1001,0,0,0
101355902,AUS / SPrk (AUS) 17th Dec,TO BE PLACED,17-12-2015 09:27,10379406,2. Banjo Bewdy,1,,1,1.2388538794801102796376526191413942497,1,1001,1,1001,50.78,0,0
122302342,BAGS cards / Romfd 17th Dec,TO BE PLACED,17-12-2015 16:08,10500263,4. Swabys Norah,0,3.6,1,1,1,1001,1,1001,0,0,0
122302469,BAGS cards / Crayfd 17th Dec,TO BE PLACED,17-12-2015 15:17,10496595,4. Dairy Belle,0,3.5,1,1,1,1001,1,1001,0,0,0
122302657,Televised Cards / Hove 17th Dec,TO BE PLACED,17-12-2015 22:11,10608288,1. Clairkeith Tilda,1,2.76,1,1,1,1001,1,1001,0,0,0
122302346,BAGS cards / Romfd 17th Dec,TO BE PLACED,17-12-2015 16:47,10608079,1. Peejays Maestro,0,2.74,1,1,1,1001,1,1001,0,0,0
122302394,BAGS cards / Newc 17th Dec,TO BE PLACED,17-12-2015 19:36,10635872,2. Lacken Buster,0,2.56,1,1,1,1001,1,1001,0,0,0
101355963,AUS / Warr (AUS) 17th Dec,TO BE PLACED,17-12-2015 07:57,10637225,8. Pink Shoelaces,1,,1,1.66173278116826503923278116826503923278,1,1001,1,1001,91.76,0,0
122302372,BAGS cards / Monm 17th Dec,TO BE PLACED,17-12-2015 20:21,10635806,2. Vienna Shimmer,1,2.36,1,1,1,1001,1,1001,0,0,0
122302378,BAGS cards / Monm 17th Dec,TO BE PLACED,17-12-2015 21:13,7612339,4. Ballymac Cailin,1,2.94,1,1,1,1001,1,1001,0,0,0
122302641,Televised Cards / Hove 17th Dec,TO BE PLACED,17-12-2015 20:02,8608849,1. Ballymac Chindit,0,3.2,1,1,1,1001,1,1001,0,0,0
122302655,Televised Cards / Hove 17th Dec,TO BE PLACED,17-12-2015 21:56,8787825,1. Swift Kidman,0,2.56,1,1,1,1001,1,1001,0,0,0
122302372,BAGS cards / Monm 17th Dec,TO BE PLACED,17-12-2015 20:21,8772723,5. Kerryroad Ali,0,3.15,1,1,1,1001,1,1001,0,0,0
122302481,BAGS cards / Crayfd 17th Dec,TO BE PLACED,17-12-2015 17:17,9532630,2. Southweststriker,0,2.9,1,1,1,1001,1,1001,0,0,0
122302372,BAGS cards / Monm 17th Dec,TO BE PLACED,17-12-2015 20:21,9532758,4. Zulu Viper,0,2.666666666666667,1,1,1,1001,1,1001,0,0,0
122302430,BAGS cards / Towc 17th Dec,TO BE PLACED,17-12-2015 21:08,9561432,3. Fire Height Tosh,0,3.8,1,1,1,1001,1,1001,0,0,0
122302334,BAGS cards / Romfd 17th Dec,TO BE PLACED,17-12-2015 14:47,10000334,6. Frollein Jaxx,0,3.3,1,1,1,1001,1,1001,0,0,0
122302406,BAGS cards / Newc 17th Dec,TO BE PLACED,17-12-2015 21:18,10037772,1. Risky Rosy,0,1.96,1,1,1,1001,1,1001,0,0,0
122302432,BAGS cards / Towc 17th Dec,TO BE PLACED,17-12-2015 21:24,10058319,3. Mustang Chick,0,4.1,1,1,1,1001,1,1001,0,0,0
122302657,Televised Cards / Hove 17th Dec,TO BE PLACED,17-12-2015 22:11,10232918,5. Baran Texas,0,1.765,1,1,1,1001,1,1001,0,0,0
122302378,BAGS cards / Monm 17th Dec,TO BE PLACED,17-12-2015 21:13,10316592,1. Darling Boy,0,5.3,1,1,1,1001,1,1001,0,0,0
122302310,BAGS cards / Sheff 17th Dec,TO BE PLACED,17-12-2015 13:27,10532851,4. Hes All It,0,2.58,1,1,1,1001,1,1001,0,0,0
122302643,Televised Cards / Hove 17th Dec,TO BE PLACED,17-12-2015 20:18,10608297,4. Katusha Kid,0,6.8,1,1,1,1001,1,1001,0,0,0
101355896,AUS / SPrk (AUS) 17th Dec,TO BE PLACED,17-12-2015 08:23,10637165,7. Mums Gem,0,,1,4.9,1,1001,1,1001,4.8,0,0
122302622,Televised Cards / Henl 17th Dec,TO BE PLACED,17-12-2015 20:42,10635312,1. Quivers Bliss,0,2.1,1,1,1,1001,1,1001,0,0,0
122302630,Televised Cards / Henl 17th Dec,TO BE PLACED,17-12-2015 21:48,10635572,3. Monroe Twirl,0,4.6,1,1,1,1001,1,1001,0,0,0
122302276,BAGS cards / Sund 17th Dec,TO BE PLACED,17-12-2015 12:47,10615775,2. Darlo Dawsy,1,2,1,1,1,1001,1,1001,0,0,0
122302358,BAGS cards / Monm 17th Dec,TO BE PLACED,17-12-2015 18:28,6750527,3. She Goes On,1,3.5,1,1,1,1001,1,1001,0,0,0
122302300,BAGS cards / Sheff 17th Dec,TO BE PLACED,17-12-2015 12:12,6750282,4. Caddyshack,0,2.88,1,1,1,1001,1,1001,0,0,0
122302424,BAGS cards / Towc 17th Dec,TO BE PLACED,17-12-2015 20:16,7456056,1. Marcos Narla,0,10,1,1,1,1001,1,1001,0,0,0
101356244,AUS / Mait (AUS) 17th Dec,TO BE PLACED,17-12-2015 05:57,7741302,1. Kiss Me Marlow,0,,1,2.15319444444444444444444444444444444444,1,1001,1,1001,57.6,0,0
101355995,AUS / AnPk (AUS) 17th Dec,TO BE PLACED,17-12-2015 09:37,7741326,3. Genghis Kahn,0,,1,1.59388687078360145303580695381421899325,1,1001,1,1001,38.54,0,0
101355608,AUS / Wgul (AUS) 17th Dec,TO BE PLACED,17-12-2015 02:15,8182081,8. Twistex,1,,1,1.24,1,1001,1,1001,.5,0,0
122302655,Televised Cards / Hove 17th Dec,TO BE PLACED,17-12-2015 21:56,8647979,6. Questhouse Rocky,1,3.9,1,1,1,1001,1,1001,0,0,0
122302344,BAGS cards / Romfd 17th Dec,TO BE PLACED,17-12-2015 16:27,8592832,6. Kay Aitch,1,3,1,1,1,1001,1,1001,0,0,0
122302398,BAGS cards / Newc 17th Dec,TO BE PLACED,17-12-2015 20:09,8848786,6. Adamant Marie,1,4.258785942490213,1,1,1,1001,1,1001,0,0,0
122302487,BAGS cards / Crayfd 17th Dec,TO BE PLACED,17-12-2015 18:04,9066638,1. Blakefield Turbo,1,4.5,1,1,1,1001,1,1001,0,0,0
101355987,AUS / AnPk (AUS) 17th Dec,TO BE PLACED,17-12-2015 08:13,9082902,6. Mighty Quoted,1,,1,1.44,1,1001,1,1001,.1,0,0
101355576,AUS / APrk (AUS) 17th Dec,TO BE PLACED,17-12-2015 08:59,9179620,4. Velocity Shirl,1,,1,1.3,1,1001,1,1001,.1,0,0
101355896,AUS / SPrk (AUS) 17th Dec,TO BE PLACED,17-12-2015 08:23,9220237,3. Seaside Daisy,0,,1,6.84188626907073509015256588072122052705,1,1001,1,1001,14.42,0,0
101356252,AUS / Mait (AUS) 17th Dec,TO BE PLACED,17-12-2015 07:19,9310241,2. Master Lagoon,1,,1,1.89,1,1001,1,1001,6.72,0,0
101355585,AUS / APrk (AUS) 17th Dec,TO BE PLACED,17-12-2015 10:08,9283688,7. Cheeky Chance,0,,1,3.65,1,1001,1,1001,8.68,0,0
122302481,BAGS cards / Crayfd 17th Dec,TO BE PLACED,17-12-2015 17:17,9508717,5. Airforce Thunder,0,4.2,1,1,1,1001,1,1001,0,0,0
122302268,BAGS cards / Sund 17th Dec,TO BE PLACED,17-12-2015 11:48,9588879,2. Late Arrival,0,2.94,1,1,1,1001,1,1001,0,0,0
122302659,Televised Cards / Hove 17th Dec,TO BE PLACED,17-12-2015 22:26,10227335,4. Brickhill Jacksy,0,3.75,1,1,1,1001,1,1001,0,0,0
122302310,BAGS cards / Sheff 17th Dec,TO BE PLACED,17-12-2015 13:27,10188652,2. Harrythehunter,0,3.85,1,1,1,1001,1,1001,0,0,0
122302622,Televised Cards / Henl 17th Dec,TO BE PLACED,17-12-2015 20:42,10401537,6. Blackrose Loti,0,2.9,1,1,1,1001,1,1001,0,0,0
122302300,BAGS cards / Sheff 17th Dec,TO BE PLACED,17-12-2015 12:12,10543838,2. Half Pint,1,1.84,1,1,1,1001,1,1001,0,0,0
101355606,AUS / Wgul (AUS) 17th Dec,TO BE PLACED,17-12-2015 01:55,10588004,3. Mudhoney Mark,0,,1,2,1,1001,1,1001,11.54,0,0
122302632,Televised Cards / Henl 17th Dec,TO BE PLACED,17-12-2015 22:03,10635577,2. Quivers Duchess,0,7.6,1,1,1,1001,1,1001,0,0,0
101356214,AUS / Hoba (AUS) 17th Dec,TO BE PLACED,17-12-2015 11:45,10637460,5. Fantastic Bear,1,,1,1,1,1001,1,1001,0,0,0
101356260,AUS / Dapt (AUS) 17th Dec,TO BE PLACED,17-12-2015 08:38,10637567,8. Emilys A Marble,0,,1,1.23,1,1001,1,1001,.5,0,0
122302330,BAGS cards / Romfd 17th Dec,TO BE PLACED,17-12-2015 14:08,10635920,3. Opera Buff,0,2.94,1,1,1,1001,1,1001,0,0,0
122302463,BAGS cards / Crayfd 17th Dec,TO BE PLACED,17-12-2015 14:18,10544283,5. Lemming Womble,0,3.8971962616778915,1,1,1,1001,1,1001,0,0,0
122302390,BAGS cards / Newc 17th Dec,TO BE PLACED,17-12-2015 19:06,10621137,2. Dundrod Imp,0,1.695,1,1,1,1001,1,1001,0,0,0
122302392,BAGS cards / Newc 17th Dec,TO BE PLACED,17-12-2015 19:21,8034360,4. Elwick Harrier,0,4.333333333333334,1,1,1,1001,1,1001,0,0,0
101355614,AUS / Wgul (AUS) 17th Dec,TO BE PLACED,17-12-2015 03:05,7992021,3. Northern Emma,0,,1,22.1450777202072538860103626943005181347,1,1001,1,1001,15.44,0,0
122302641,Televised Cards / Hove 17th Dec,TO BE PLACED,17-12-2015 20:02,8409553,4. Ardbeg Champ,0,6.2,1,1,1,1001,1,1001,0,0,0
101356266,AUS / Dapt (AUS) 17th Dec,TO BE PLACED,17-12-2015 09:40,8514223,3. Eddard Stark,0,,1,1.83,1,1001,1,1001,4.82,0,0
122302414,BAGS cards / Towc 17th Dec,TO BE PLACED,17-12-2015 18:56,8526260,6. Dragon Big Bux,1,1.67,1,1,1,1001,1,1001,0,0,0
122302272,BAGS cards / Sund 17th Dec,TO BE PLACED,17-12-2015 12:18,8608793,5. Charming Woman,0,4.8,1,1,1,1001,1,1001,0,0,0
122302296,BAGS cards / Sheff 17th Dec,TO BE PLACED,17-12-2015 11:42,8729618,2. Raggy Star,1,2.130181467,1,1,1,1001,1,1001,0,0,0
122302471,BAGS cards / Crayfd 17th Dec,TO BE PLACED,17-12-2015 15:38,8779069,6. Near The Bowery,1,3.2,1,1,1,1001,1,1001,0,0,0
122302348,BAGS cards / Romfd 17th Dec,TO BE PLACED,17-12-2015 17:07,8762897,3. Catalina,0,6.4,1,1,1,1001,1,1001,0,0,0
122302354,BAGS cards / Romfd 17th Dec,TO BE PLACED,17-12-2015 17:56,8856673,5. Killuran Best,1,2.6,1,1,1,1001,1,1001,0,0,0
122302402,BAGS cards / Newc 17th Dec,TO BE PLACED,17-12-2015 20:44,8883109,2. Megeo,0,5.7,1,1,1,1001,1,1001,0,0,0
101355997,AUS / AnPk (AUS) 17th Dec,TO BE PLACED,17-12-2015 09:58,8946599,2. My Excuse,1,,1,1.34112871287128712871287128712871287129,1,1001,1,1001,10.1,0,0
122302284,BAGS cards / Sund 17th Dec,TO BE PLACED,17-12-2015 13:51,8996142,5. Muskerry Cain,0,6,1,1,1,1001,1,1001,0,0,0
101356007,AUS / AnPk (AUS) 17th Dec,TO BE PLACED,17-12-2015 11:48,9007960,3. Dyna Quote,1,,1,1,1,1001,1,1001,0,0,0
122302416,BAGS cards / Towc 17th Dec,TO BE PLACED,17-12-2015 19:11,9080201,3. Calco Flyer,0,2.3,1,1,1,1001,1,1001,0,0,0
122302469,BAGS cards / Crayfd 17th Dec,TO BE PLACED,17-12-2015 15:17,9306049,2. Comeragh Captain,0,2.32,1,1,1,1001,1,1001,0,0,0
122302350,BAGS cards / Romfd 17th Dec,TO BE PLACED,17-12-2015 17:22,9374897,5. Double Job,0,5.7,1,1,1,1001,1,1001,0,0,0
101355892,AUS / Shep (AUS) 17th Dec,TO BE PLACED,17-12-2015 08:00,9445953,1. Cold Stare,0,,1,1.28391566265060240963855421686746987952,1,1001,1,1001,26.56,0,0
122302418,BAGS cards / Towc 17th Dec,TO BE PLACED,17-12-2015 19:26,9787665,6. Holdem Jet,1,3.3102634683437646,1,1,1,1001,1,1001,0,0,0
122302270,BAGS cards / Sund 17th Dec,TO BE PLACED,17-12-2015 12:04,10110657,2. Suncroft Jeanie,1,4.3,1,1,1,1001,1,1001,0,0,0
122302312,BAGS cards / Sheff 17th Dec,TO BE PLACED,17-12-2015 13:44,10069732,6. Screech,1,2.5,1,1,1,1001,1,1001,0,0,0
122302352,BAGS cards / Romfd 17th Dec,TO BE PLACED,17-12-2015 17:38,10130621,4. Storm Lightning,0,2.5,1,1,1,1001,1,1001,0,0,0
101355850,AUS / Shep (AUS) 17th Dec,TO BE PLACED,17-12-2015 04:47,10341954,4. Asa Rock Solid,0,,1,1.25,1,1001,1,1001,.1,0,0
122302404,BAGS cards / Newc 17th Dec,TO BE PLACED,17-12-2015 21:01,10309505,4. Geordie Jasper,0,3.85,1,1,1,1001,1,1001,0,0,0
122302485,BAGS cards / Crayfd 17th Dec,TO BE PLACED,17-12-2015 17:47,10496612,3. Glenbowen Charm,1,2.28,1,1,1,1001,1,1001,0,0,0
122302639,Televised Cards / Hove 17th Dec,TO BE PLACED,17-12-2015 19:46,10618709,3. Ajax Freya,1,2.58,1,1,1,1001,1,1001,0,0,0
122302334,BAGS cards / Romfd 17th Dec,TO BE PLACED,17-12-2015 14:47,10570825,5. Kilmagner Biddy,1,2.94,1,1,1,1001,1,1001,0,0,0
122302418,BAGS cards / Towc 17th Dec,TO BE PLACED,17-12-2015 19:26,10635455,2. Glenanore Ace,1,1.57,1,1,1,1001,1,1001,0,0,0
101356230,AUS / Dubb (AUS) 17th Dec,TO BE PLACED,17-12-2015 03:12,10637386,8. Buck Stop,1,,1,1.24,1,1001,1,1001,.1,0,0
101356196,AUS / Hoba (AUS) 17th Dec,TO BE PLACED,17-12-2015 08:10,10637414,7. Casio Lee,1,,1,1.46,1,1001,1,1001,.1,0,0
101355989,AUS / AnPk (AUS) 17th Dec,TO BE PLACED,17-12-2015 08:35,10602772,8. Ritza Connor,0,,1,1.70794238683127572016460905349794238683,1,1001,1,1001,9.72,0,0
101355606,AUS / Wgul (AUS) 17th Dec,TO BE PLACED,17-12-2015 01:55,10637202,8. Challis Jack,0,,1,1.38,1,1001,1,1001,5.66,0,0
101355616,AUS / Wgul (AUS) 17th Dec,TO BE PLACED,17-12-2015 03:25,10637213,7. Perfect Metre,0,,1,1.13,1,1001,1,1001,.1,0,0
101355963,AUS / Warr (AUS) 17th Dec,TO BE PLACED,17-12-2015 07:57,10637219,1. Snow Boots,0,,1,1.88878334113242863827795975666822648573,1,1001,1,1001,85.48,0,0
122302487,BAGS cards / Crayfd 17th Dec,TO BE PLACED,17-12-2015 18:04,10635753,3. Ballycannon Buck,0,4.9,1,1,1,1001,1,1001,0,0,0
122302358,BAGS cards / Monm 17th Dec,TO BE PLACED,17-12-2015 18:28,10635766,4. Radical Proposal,0,4.385135844,1,1,1,1001,1,1001,0,0,0
122302645,Televised Cards / Hove 17th Dec,TO BE PLACED,17-12-2015 20:34,10569632,4. Aldwick Ace,0,2.56,1,1,1,1001,1,1001,0,0,0
122302426,BAGS cards / Towc 17th Dec,TO BE PLACED,17-12-2015 20:33,7456685,2. King Dec,0,1.8333333333333335,1,1,1,1001,1,1001,0,0,0
122302469,BAGS cards / Crayfd 17th Dec,TO BE PLACED,17-12-2015 15:17,7586513,5. Rhondas Way,1,2.5,1,1,1,1001,1,1001,0,0,0
122302659,Televised Cards / Hove 17th Dec,TO BE PLACED,17-12-2015 22:26,7821234,1. Maglass Brae,1,2.7307510012341663,1,1,1,1001,1,1001,0,0,0
122302612,Televised Cards / Henl 17th Dec,TO BE PLACED,17-12-2015 19:25,8153741,1. Indigo Tom,1,1.9196219262241896,1,1,1,1001,1,1001,0,0,0
101356256,AUS / Mait (AUS) 17th Dec,TO BE PLACED,17-12-2015 07:50,8173523,1. Darkest Knight,0,,1,3.5,1,1001,1,1001,4,0,0
122302624,Televised Cards / Henl 17th Dec,TO BE PLACED,17-12-2015 20:58,8241960,5. Swift Donna,0,2.76,1,1,1,1001,1,1001,0,0,0
122302637,Televised Cards / Hove 17th Dec,TO BE PLACED,17-12-2015 19:31,8421576,6. Get On Laura,0,1.56,1,1,1,1001,1,1001,0,0,0
122302276,BAGS cards / Sund 17th Dec,TO BE PLACED,17-12-2015 12:47,8837749,3. Steeple Rd Paddy,0,2.250278019645484,1,1,1,1001,1,1001,0,0,0
122302354,BAGS cards / Romfd 17th Dec,TO BE PLACED,17-12-2015 17:56,9336798,1. Johns Park Hero,0,3.35,1,1,1,1001,1,1001,0,0,0
122302276,BAGS cards / Sund 17th Dec,TO BE PLACED,17-12-2015 12:47,9391545,1. Get On Ameera,1,3.7,1,1,1,1001,1,1001,0,0,0
122302336,BAGS cards / Romfd 17th Dec,TO BE PLACED,17-12-2015 15:07,9402480,6. Lemming Chloe,1,3.1,1,1,1,1001,1,1001,0,0,0
101356250,AUS / Mait (AUS) 17th Dec,TO BE PLACED,17-12-2015 06:57,9525952,2. Classy Marbel,0,,1,7.4,1,1001,1,1001,1.46,0,0
122302645,Televised Cards / Hove 17th Dec,TO BE PLACED,17-12-2015 20:34,9664975,6. Ballymac Pod,1,3.35,1,1,1,1001,1,1001,0,0,0
122302364,BAGS cards / Monm 17th Dec,TO BE PLACED,17-12-2015 19:16,10076970,2. Fred The Shred,1,2.5,1,1,1,1001,1,1001,0,0,0
122302372,BAGS cards / Monm 17th Dec,TO BE PLACED,17-12-2015 20:21,10131780,3. Miss Holz,1,2.1,1,1,1,1001,1,1001,0,0,0
122302420,BAGS cards / Towc 17th Dec,TO BE PLACED,17-12-2015 19:43,10188126,4. Clondoty Alex,1,2.4,1,1,1,1001,1,1001,0,0,0
122302489,BAGS cards / Crayfd 17th Dec,TO BE PLACED,17-12-2015 18:18,10296580,2. Crossfield Helen,1,2.917586339,1,1,1,1001,1,1001,0,0,0
101355850,AUS / Shep (AUS) 17th Dec,TO BE PLACED,17-12-2015 04:47,10513722,2. Swany Lomar,1,,1,1.7,1,1001,1,1001,28.8,0,0
122302298,BAGS cards / Sheff 17th Dec,TO BE PLACED,17-12-2015 11:57,10437359,5. Coolavanny Sean,0,2.28,1,1,1,1001,1,1001,0,0,0
122302274,BAGS cards / Sund 17th Dec,TO BE PLACED,17-12-2015 12:32,10636193,6. Geneva Ken,1,1.9411882697138931,1,1,1,1001,1,1001,0,0,0
122302280,BAGS cards / Sund 17th Dec,TO BE PLACED,17-12-2015 13:19,10636208,3. Mill Vax,0,2.62,1,1,1,1001,1,1001,0,0,0
101356220,AUS / Dubb (AUS) 17th Dec,TO BE PLACED,17-12-2015 01:48,10637293,6. Oldmate Ben,1,,1,1.69,1,1001,1,1001,9.62,0,0
122302358,BAGS cards / Monm 17th Dec,TO BE PLACED,17-12-2015 18:28,10569786,2. Whitefort Ruby,0,2.18,1,1,1,1001,1,1001,0,0,0
101356204,AUS / Hoba (AUS) 17th Dec,TO BE PLACED,17-12-2015 09:34,10637447,3. Casio Lad,0,,1,1.605,1,1001,1,1001,19.28,0,0
101355999,AUS / AnPk (AUS) 17th Dec,TO BE PLACED,17-12-2015 10:22,10637465,3. Worm Burner,1,,1,1.35522566995768688293370944992947813822,1,1001,1,1001,141.8,0,0
101355612,AUS / Wgul (AUS) 17th Dec,TO BE PLACED,17-12-2015 02:50,10637207,5. Ecnal,0,,1,3.5809699769053117782909930715935334873,1,1001,1,1001,17.32,0,0
101355965,AUS / Warr (AUS) 17th Dec,TO BE PLACED,17-12-2015 08:16,10637228,4. Two Time,0,,1,1.40878048780487804878048780487804878049,1,1001,1,1001,4.1,0,0
122302390,BAGS cards / Newc 17th Dec,TO BE PLACED,17-12-2015 19:06,10572124,5. Oor Heather,1,1.945,1,1,1,1001,1,1001,0,0,0
122302314,BAGS cards / Sheff 17th Dec,TO BE PLACED,17-12-2015 13:58,7950262,1. Trip To Tour,1,2.02,1,1,1,1001,1,1001,0,0,0
122302332,BAGS cards / Romfd 17th Dec,TO BE PLACED,17-12-2015 14:27,7834823,6. Nolans Penny,0,5.6,1,1,1,1001,1,1001,0,0,0
122302396,BAGS cards / Newc 17th Dec,TO BE PLACED,17-12-2015 19:53,8188095,3. Wraysbury Rebel,0,4.5,1,1,1,1001,1,1001,0,0,0
122302473,BAGS cards / Crayfd 17th Dec,TO BE PLACED,17-12-2015 15:58,8167466,3. Black Fusion,0,2.3456285633344667,1,1,1,1001,1,1001,0,0,0
101355596,AUS / APrk (AUS) 17th Dec,TO BE PLACED,17-12-2015 11:55,8245372,5. Flash Houdini,0,,1,1,1,1001,1,1001,0,0,0
101355914,AUS / SPrk (AUS) 17th Dec,TO BE PLACED,17-12-2015 11:39,8285185,4. Blown Away,0,,1,1,1,1001,1,1001,0,0,0
101355908,AUS / SPrk (AUS) 17th Dec,TO BE PLACED,17-12-2015 10:35,8655658,8. Ballerino,0,,1,3.31228710462287104622871046228710462287,1,1001,1,1001,82.2,0,0
122302340,BAGS cards / Romfd 17th Dec,TO BE PLACED,17-12-2015 15:48,8737020,6. Millwards Sioux,0,2.1814175304581296,1,1,1,1001,1,1001,0,0,0
101355578,AUS / APrk (AUS) 17th Dec,TO BE PLACED,17-12-2015 09:24,8721354,8. Bremer,0,,1,2.32,1,1001,1,1001,9.64,0,0
101355578,AUS / APrk (AUS) 17th Dec,TO BE PLACED,17-12-2015 09:24,8879513,2. Short Cake Cloud,1,,1,1.84056603773584905660377358490566037736,1,1001,1,1001,31.8,0,0
122302308,BAGS cards / Sheff 17th Dec,TO BE PLACED,17-12-2015 13:12,8885490,2. Farkland Twirl,1,1.83,1,1,1,1001,1,1001,0,0,0
101355900,AUS / SPrk (AUS) 17th Dec,TO BE PLACED,17-12-2015 09:05,9130360,8. Magic Coups,1,,1,2.12442547603414313854235062376887721602,1,1001,1,1001,60.92,0,0
101355593,AUS / APrk (AUS) 17th Dec,TO BE PLACED,17-12-2015 11:36,9220228,8. Alpha Adonis,0,,1,1,1,1001,1,1001,0,0,0
122302428,BAGS cards / Towc 17th Dec,TO BE PLACED,17-12-2015 20:51,9273328,4. Cabra Miller,1,4,1,1,1,1001,1,1001,0,0,0
122302302,BAGS cards / Sheff 17th Dec,TO BE PLACED,17-12-2015 12:27,9377719,1. Flyaway Sally,1,2.34,1,1,1,1001,1,1001,0,0,0
122302284,BAGS cards / Sund 17th Dec,TO BE PLACED,17-12-2015 13:51,9664995,2. Starshinestorm,1,1.74,1,1,1,1001,1,1001,0,0,0
101356250,AUS / Mait (AUS) 17th Dec,TO BE PLACED,17-12-2015 06:57,9925488,4. Awesome Bailey,1,,1,1.7,1,1001,1,1001,96.02,0,0
122302428,BAGS cards / Towc 17th Dec,TO BE PLACED,17-12-2015 20:51,10037709,3. Calzaghe Lisa,0,6.4,1,1,1,1001,1,1001,0,0,0
122302294,BAGS cards / Sheff 17th Dec,TO BE PLACED,17-12-2015 11:28,10076383,2. Pretty Boots,0,2.56,1,1,1,1001,1,1001,0,0,0
122302312,BAGS cards / Sheff 17th Dec,TO BE PLACED,17-12-2015 13:44,10170176,2. Head Iton Cheeky,0,3.65,1,1,1,1001,1,1001,0,0,0
122302370,BAGS cards / Monm 17th Dec,TO BE PLACED,17-12-2015 20:04,10199791,1. Rockvale Flutter,0,2.18,1,1,1,1001,1,1001,0,0,0
122302338,BAGS cards / Romfd 17th Dec,TO BE PLACED,17-12-2015 15:28,10187992,1. In The Moment,1,2.12,1,1,1,1001,1,1001,0,0,0
122302298,BAGS cards / Sheff 17th Dec,TO BE PLACED,17-12-2015 11:57,10437415,2. Rags Rosy,1,2.2,1,1,1,1001,1,1001,0,0,0
101355848,AUS / Shep (AUS) 17th Dec,TO BE PLACED,17-12-2015 04:30,10534089,8. Elite Swift,1,,1,1.49,1,1001,1,1001,.28,0,0
122302637,Televised Cards / Hove 17th Dec,TO BE PLACED,17-12-2015 19:31,10635367,3. Nods Jack,0,2.04,1,1,1,1001,1,1001,0,0,0
101355957,AUS / Mand (AUS) 17th Dec,TO BE PLACED,17-12-2015 13:37,10614575,3. Tiggy Salt,0,,1,1,1,1001,1,1001,0,0,0
122302346,BAGS cards / Romfd 17th Dec,TO BE PLACED,17-12-2015 16:47,10570607,2. Mid West Bolt,1,2.25,1,1,1,1001,1,1001,0,0,0
101356270,AUS / Dapt (AUS) 17th Dec,TO BE PLACED,17-12-2015 10:25,10637573,1. Defaulter,0,,1,2.44,1,1001,1,1001,33.74,0,0
101355888,AUS / Shep (AUS) 17th Dec,TO BE PLACED,17-12-2015 07:27,10637196,3. Proven Kuga,1,,1,2.06,1,1001,1,1001,5.76,0,0
101355612,AUS / Wgul (AUS) 17th Dec,TO BE PLACED,17-12-2015 02:50,10637206,4. Lohan,0,,1,1.73027027027027027027027027027027027027,1,1001,1,1001,9.62,0,0
122302308,BAGS cards / Sheff 17th Dec,TO BE PLACED,17-12-2015 13:12,7091553,5. Blueeyed Bullet,0,8.2,1,1,1,1001,1,1001,0,0,0
122302356,BAGS cards / Romfd 17th Dec,TO BE PLACED,17-12-2015 18:11,7567072,3. Avalon Flash,0,2.34,1,1,1,1001,1,1001,0,0,0
101355871,AUS / Shep (AUS) 17th Dec,TO BE PLACED,17-12-2015 06:30,8630890,3. Horsham Myth,1,,1,1.35,1,1001,1,1001,4.36,0,0
101355618,AUS / Wgul (AUS) 17th Dec,TO BE PLACED,17-12-2015 03:47,8801138,8. Pully George,0,,1,23,1,1001,1,1001,4.8,0,0
122302422,BAGS cards / Towc 17th Dec,TO BE PLACED,17-12-2015 19:59,8716991,2. Dinzeo,1,2.2684766033571213,1,1,1,1001,1,1001,0,0,0
122302639,Televised Cards / Hove 17th Dec,TO BE PLACED,17-12-2015 19:46,8930704,2. Winetavern Spy,1,3.55,1,1,1,1001,1,1001,0,0,0
101356206,AUS / Hoba (AUS) 17th Dec,TO BE PLACED,17-12-2015 09:55,8875739,6. Aces And Angels,0,,1,1.75,1,1001,1,1001,19.28,0,0
122302302,BAGS cards / Sheff 17th Dec,TO BE PLACED,17-12-2015 12:27,8908930,2. Christys Opal,1,2.46,1,1,1,1001,1,1001,0,0,0
122302298,BAGS cards / Sheff 17th Dec,TO BE PLACED,17-12-2015 11:57,8945305,1. Castlegore Foxy,0,5.6,1,1,1,1001,1,1001,0,0,0
101355894,AUS / SPrk (AUS) 17th Dec,TO BE PLACED,17-12-2015 08:07,8934568,6. Filius Flitwick,0,,1,2.58,1,1001,1,1001,4.8,0,0
122302618,Televised Cards / Henl 17th Dec,TO BE PLACED,17-12-2015 20:10,9076284,2. Silvus Jay,1,2.48,1,1,1,1001,1,1001,0,0,0
122302284,BAGS cards / Sund 17th Dec,TO BE PLACED,17-12-2015 13:51,9009298,3. Dungannon Flyer,0,4.8,1,1,1,1001,1,1001,0,0,0
122302634,Televised Cards / Henl 17th Dec,TO BE PLACED,17-12-2015 22:18,8995726,3. Droopys Clyde,0,9.2,1,1,1,1001,1,1001,0,0,0
122302420,BAGS cards / Towc 17th Dec,TO BE PLACED,17-12-2015 19:43,9320230,5. Face The Blade,0,2.46,1,1,1,1001,1,1001,0,0,0
122302342,BAGS cards / Romfd 17th Dec,TO BE PLACED,17-12-2015 16:08,9232133,5. Bantam,0,3.75,1,1,1,1001,1,1001,0,0,0
101356268,AUS / Dapt (AUS) 17th Dec,TO BE PLACED,17-12-2015 10:05,9436608,3. Triella Bale,1,,1,2.10912863070539419087136929460580912863,1,1001,1,1001,4.82,0,0
122302334,BAGS cards / Romfd 17th Dec,TO BE PLACED,17-12-2015 14:47,9522831,1. Cohiba Rizla,0,3.25,1,1,1,1001,1,1001,0,0,0
122302481,BAGS cards / Crayfd 17th Dec,TO BE PLACED,17-12-2015 17:17,9508855,1. Malbay Roxy,0,5.9,1,1,1,1001,1,1001,0,0,0
122302386,BAGS cards / Newc 17th Dec,TO BE PLACED,17-12-2015 18:33,9649072,5. Blue Jedamac,1,2.3214563091401943,1,1,1,1001,1,1001,0,0,0
101356268,AUS / Dapt (AUS) 17th Dec,TO BE PLACED,17-12-2015 10:05,10367578,7. Jodie Madgio,0,,1,1.62993766309075094230211655552334009858,1,1001,1,1001,137.96,0,0
122302479,BAGS cards / Crayfd 17th Dec,TO BE PLACED,17-12-2015 16:57,10452424,1. Mulroy Razzle,0,3.15,1,1,1,1001,1,1001,0,0,0
101356272,AUS / Dapt (AUS) 17th Dec,TO BE PLACED,17-12-2015 10:45,10419748,7. Melody Grace,1,,1,1.59973540698848717430822056150272672187,1,1001,1,1001,99.02,0,0
122302659,Televised Cards / Hove 17th Dec,TO BE PLACED,17-12-2015 22:26,10618715,3. Wizzardofsozz,0,3.25,1,1,1,1001,1,1001,0,0,0
122302264,BAGS cards / Sund 17th Dec,TO BE PLACED,17-12-2015 11:19,10604913,3. Farloe Grace,0,3.3,1,1,1,1001,1,1001,0,0,0
122302639,Televised Cards / Hove 17th Dec,TO BE PLACED,17-12-2015 19:46,10635371,1. Suirview Diva,0,4,1,1,1,1001,1,1001,0,0,0
122302416,BAGS cards / Towc 17th Dec,TO BE PLACED,17-12-2015 19:11,10635452,5. Mustang Milo,0,6.8,1,1,1,1001,1,1001,0,0,0
122302624,Televised Cards / Henl 17th Dec,TO BE PLACED,17-12-2015 20:58,10635554,2. Allen Wizard,1,2.0689558174197726,1,1,1,1001,1,1001,0,0,0
122302356,BAGS cards / Romfd 17th Dec,TO BE PLACED,17-12-2015 18:11,10612001,2. Molly Holly,1,1.977863347855164,1,1,1,1001,1,1001,0,0,0
122302336,BAGS cards / Romfd 17th Dec,TO BE PLACED,17-12-2015 15:07,10612018,1. Droopys Mim,1,1.75,1,1,1,1001,1,1001,0,0,0
122302376,BAGS cards / Monm 17th Dec,TO BE PLACED,17-12-2015 20:56,10569757,3. Conor Mac,0,2.78,1,1,1,1001,1,1001,0,0,0
122302388,BAGS cards / Newc 17th Dec,TO BE PLACED,17-12-2015 18:49,10635857,5. Woodys Brooklyn,0,5.95,1,1,1,1001,1,1001,0,0,0
122302396,BAGS cards / Newc 17th Dec,TO BE PLACED,17-12-2015 19:53,10635882,6. Elusive Time,1,2.264755817364203,1,1,1,1001,1,1001,0,0,0
122302396,BAGS cards / Newc 17th Dec,TO BE PLACED,17-12-2015 19:53,10558733,2. Vegas Fifteen,0,2.14,1,1,1,1001,1,1001,0,0,0
122302483,BAGS cards / Crayfd 17th Dec,TO BE PLACED,17-12-2015 17:33,10544322,2. Skiproe Delight,0,2.4,1,1,1,1001,1,1001,0,0,0
122302475,BAGS cards / Crayfd 17th Dec,TO BE PLACED,17-12-2015 16:18,10544337,5. Storm Call,0,2.244283258466166,1,1,1,1001,1,1001,0,0,0
122302348,BAGS cards / Romfd 17th Dec,TO BE PLACED,17-12-2015 17:07,10562297,1. Patchys Champ,0,2.24,1,1,1,1001,1,1001,0,0,0
122302282,BAGS cards / Sund 17th Dec,TO BE PLACED,17-12-2015 13:33,7911396,1. Drumcrow Will,0,2.3,1,1,1,1001,1,1001,0,0,0
122302342,BAGS cards / Romfd 17th Dec,TO BE PLACED,17-12-2015 16:08,8070181,2. Dudleys Spark,0,3.95,1,1,1,1001,1,1001,0,0,0
122302420,BAGS cards / Towc 17th Dec,TO BE PLACED,17-12-2015 19:43,8061626,3. Farloe Striker,0,6,1,1,1,1001,1,1001,0,0,0
122302424,BAGS cards / Towc 17th Dec,TO BE PLACED,17-12-2015 20:16,8422329,6. Lowgate Amber,0,12.5,1,1,1,1001,1,1001,0,0,0
122302394,BAGS cards / Newc 17th Dec,TO BE PLACED,17-12-2015 19:36,8410648,6. Miamea,0,1.87,1,1,1,1001,1,1001,0,0,0
101355949,AUS / Mand (AUS) 17th Dec,TO BE PLACED,17-12-2015 12:17,8700764,6. Yeah Right,1,,1,1,1,1001,1,1001,0,0,0
122302364,BAGS cards / Monm 17th Dec,TO BE PLACED,17-12-2015 19:16,8715779,6. Evanta Nemo,0,11.5,1,1,1,1001,1,1001,0,0,0
122302422,BAGS cards / Towc 17th Dec,TO BE PLACED,17-12-2015 19:59,8756011,3. What Fun Gracie,0,3.1,1,1,1,1001,1,1001,0,0,0
101355977,AUS / Warr (AUS) 17th Dec,TO BE PLACED,17-12-2015 10:10,8789696,8. Immortal Power,0,,1,1.32,1,1001,1,1001,4.82,0,0
122302362,BAGS cards / Monm 17th Dec,TO BE PLACED,17-12-2015 19:01,8843772,6. Sheazys,1,2.2,1,1,1,1001,1,1001,0,0,0
101355593,AUS / APrk (AUS) 17th Dec,TO BE PLACED,17-12-2015 11:36,8783155,5. Up The Attitude,1,,1,1,1,1001,1,1001,0,0,0
101356264,AUS / Dapt (AUS) 17th Dec,TO BE PLACED,17-12-2015 09:21,8920443,5. Mann Shes Fast,0,,1,1.56008910212474297464016449623029472241,1,1001,1,1001,29.18,0,0
122302432,BAGS cards / Towc 17th Dec,TO BE PLACED,17-12-2015 21:24,9491023,2. Roswell Flo Jo,0,4.4,1,1,1,1001,1,1001,0,0,0
101356228,AUS / Dubb (AUS) 17th Dec,TO BE PLACED,17-12-2015 02:57,9477397,3. Irinka Rose,1,,1,1.33033557046979865771812080536912751678,1,1001,1,1001,5.96,0,0
122302647,Televised Cards / Hove 17th Dec,TO BE PLACED,17-12-2015 20:50,9532629,1. Emerald Sky,0,3.3,1,1,1,1001,1,1001,0,0,0
122302618,Televised Cards / Henl 17th Dec,TO BE PLACED,17-12-2015 20:10,9811008,1. Armchair Boothby,1,2.56,1,1,1,1001,1,1001,0,0,0
101356212,AUS / Hoba (AUS) 17th Dec,TO BE PLACED,17-12-2015 11:20,9925151,4. Joker Jones,0,,1,1,1,1001,1,1001,0,0,0
122302360,BAGS cards / Monm 17th Dec,TO BE PLACED,17-12-2015 18:44,10131164,2. Landown Jack,1,2.16,1,1,1,1001,1,1001,0,0,0
122302628,Televised Cards / Henl 17th Dec,TO BE PLACED,17-12-2015 21:32,10130904,5. Ballymac Smith,0,5,1,1,1,1001,1,1001,0,0,0
122302634,Televised Cards / Henl 17th Dec,TO BE PLACED,17-12-2015 22:18,10131410,6. Decoy Savings,0,2.26,1,1,1,1001,1,1001,0,0,0
101356214,AUS / Hoba (AUS) 17th Dec,TO BE PLACED,17-12-2015 11:45,10166118,1. Wynburn Whisper,0,,1,1,1,1001,1,1001,0,0,0
122302467,BAGS cards / Crayfd 17th Dec,TO BE PLACED,17-12-2015 14:57,10280441,6. Crossfield Kath,1,3.25,1,1,1,1001,1,1001,0,0,0
122302356,BAGS cards / Romfd 17th Dec,TO BE PLACED,17-12-2015 18:11,10400328,4. Says Laura,0,2.98,1,1,1,1001,1,1001,0,0,0
101356196,AUS / Hoba (AUS) 17th Dec,TO BE PLACED,17-12-2015 08:10,10303294,5. Amazing Black,0,,1,2.06,1,1001,1,1001,14.42,0,0
122302471,BAGS cards / Crayfd 17th Dec,TO BE PLACED,17-12-2015 15:38,10452540,4. Ygrittes,0,4.1,1,1,1,1001,1,1001,0,0,0
122302348,BAGS cards / Romfd 17th Dec,TO BE PLACED,17-12-2015 17:07,10499310,5. Moody Royal,0,2.14,1,1,1,1001,1,1001,0,0,0
122302350,BAGS cards / Romfd 17th Dec,TO BE PLACED,17-12-2015 17:22,10456782,3. Good Reporter,1,2.14,1,1,1,1001,1,1001,0,0,0
122302262,BAGS cards / Sund 17th Dec,TO BE PLACED,17-12-2015 11:03,10636156,5. Viking Harris,1,2.13,1,2.9999995500001012499772187551257800967,1,1001,1,1001,8,0,0
122302272,BAGS cards / Sund 17th Dec,TO BE PLACED,17-12-2015 12:18,10636183,2. Mohane Millie,0,2.62,1,1,1,1001,1,1001,0,0,0
122302628,Televised Cards / Henl 17th Dec,TO BE PLACED,17-12-2015 21:32,10635569,6. Sand Brier,1,2.38,1,1,1,1001,1,1001,0,0,0
101355867,AUS / Shep (AUS) 17th Dec,TO BE PLACED,17-12-2015 05:49,10564431,7. Flying Marcia,1,,1,1.49,1,1001,1,1001,.28,0,0
101355993,AUS / AnPk (AUS) 17th Dec,TO BE PLACED,17-12-2015 09:14,10637463,5. Molly Dobbs,1,,1,3.25,1,1001,1,1001,9.64,0,0
101355583,AUS / APrk (AUS) 17th Dec,TO BE PLACED,17-12-2015 09:43,10637569,5. Premier Jet,0,,1,2.9933469387755102040816326530612244898,1,1001,1,1001,98,0,0
101356238,AUS / Mait (AUS) 17th Dec,TO BE PLACED,17-12-2015 04:57,10637580,2. Chevy Blue Boy,1,,1,1.08,1,1001,1,1001,1.3,0,0
122302332,BAGS cards / Romfd 17th Dec,TO BE PLACED,17-12-2015 14:27,10635927,4. Hillview Flyer,0,1.79,1,1,1,1001,1,1001,0,0,0
101355606,AUS / Wgul (AUS) 17th Dec,TO BE PLACED,17-12-2015 01:55,10637200,6. Man Down,1,,1,1.14,1,1001,1,1001,2.98,0,0
101356232,AUS / Dubb (AUS) 17th Dec,TO BE PLACED,17-12-2015 03:32,8036858,4. Isabel Enlim,1,,1,2.58,1,1001,1,1001,11.54,0,0
122302657,Televised Cards / Hove 17th Dec,TO BE PLACED,17-12-2015 22:11,8185901,3. Coologue Gem,1,3.7068740353779877,1,1,1,1001,1,1001,0,0,0
122302296,BAGS cards / Sheff 17th Dec,TO BE PLACED,17-12-2015 11:42,8404368,3. Gortkelly Amos,0,3.8,1,1,1,1001,1,1001,0,0,0
122302651,Televised Cards / Hove 17th Dec,TO BE PLACED,17-12-2015 21:24,8616620,5. Burnpark Pixie,0,5.2,1,1,1,1001,1,1001,0,0,0
122302432,BAGS cards / Towc 17th Dec,TO BE PLACED,17-12-2015 21:24,8809796,4. Queen Asia,0,2.62,1,1,1,1001,1,1001,0,0,0
122302262,BAGS cards / Sund 17th Dec,TO BE PLACED,17-12-2015 11:03,8787743,3. Ardnasool Jumper,0,4.15,1,2.99999950000012499996875000781249804688,1,1001,1,1001,8,0,0
122302306,BAGS cards / Sheff 17th Dec,TO BE PLACED,17-12-2015 12:58,8922906,1. Newlawn Whitesox,0,6.2,1,1,1,1001,1,1001,0,0,0
101355997,AUS / AnPk (AUS) 17th Dec,TO BE PLACED,17-12-2015 09:58,9063990,3. Dana Jorja,0,,1,1.82992469879518072289156626506024096386,1,1001,1,1001,106.24,0,0
122302338,BAGS cards / Romfd 17th Dec,TO BE PLACED,17-12-2015 15:28,9097261,6. Halls Bay,0,3.994198673187057,1,1,1,1001,1,1001,0,0,0
101356268,AUS / Dapt (AUS) 17th Dec,TO BE PLACED,17-12-2015 10:05,9003337,5. Spanish Flair,1,,1,1.91,1,1001,1,1001,14.46,0,0
122302626,Televised Cards / Henl 17th Dec,TO BE PLACED,17-12-2015 21:15,9194134,4. Head Iton Stubby,0,6.2,1,1,1,1001,1,1001,0,0,0
101355591,AUS / APrk (AUS) 17th Dec,TO BE PLACED,17-12-2015 11:14,9301886,5. Inspector Cloud,0,,1,1,1,1001,1,1001,0,0,0
122302430,BAGS cards / Towc 17th Dec,TO BE PLACED,17-12-2015 21:08,9303292,5. Southfield Jock,0,2.58,1,1,1,1001,1,1001,0,0,0
101355574,AUS / APrk (AUS) 17th Dec,TO BE PLACED,17-12-2015 08:41,9485112,3. Sheza Keen Size,1,,1,1.17,1,1001,1,1001,3.66,0,0
122302356,BAGS cards / Romfd 17th Dec,TO BE PLACED,17-12-2015 18:11,9431865,6. Suits You Senna,1,3.15,1,1,1,1001,1,1001,0,0,0
122302641,Televised Cards / Hove 17th Dec,TO BE PLACED,17-12-2015 20:02,9532595,3. Varra Diamond,0,3.3,1,1,1,1001,1,1001,0,0,0
122302350,BAGS cards / Romfd 17th Dec,TO BE PLACED,17-12-2015 17:22,9649460,1. Guinness Rascal,0,3.4,1,1,1,1001,1,1001,0,0,0
122302368,BAGS cards / Monm 17th Dec,TO BE PLACED,17-12-2015 19:48,9676622,2. Good Yarn,1,2.28,1,1,1,1001,1,1001,0,0,0
122302653,Televised Cards / Hove 17th Dec,TO BE PLACED,17-12-2015 21:40,10086645,1. Brother Harry,1,2.24,1,1,1,1001,1,1001,0,0,0
101355576,AUS / APrk (AUS) 17th Dec,TO BE PLACED,17-12-2015 08:59,9953015,5. Cosmic Backstep,1,,1,1.82,1,1001,1,1001,28.86,0,0
122302332,BAGS cards / Romfd 17th Dec,TO BE PLACED,17-12-2015 14:27,10169990,2. Toorphelim Joe,0,4.7,1,1,1,1001,1,1001,0,0,0
122302485,BAGS cards / Crayfd 17th Dec,TO BE PLACED,17-12-2015 17:47,10452455,2. Hi Rachael,1,2.44,1,1,1,1001,1,1001,0,0,0
122302485,BAGS cards / Crayfd 17th Dec,TO BE PLACED,17-12-2015 17:47,10452555,1. Vigorous Shania,0,3.8,1,1,1,1001,1,1001,0,0,0
122302372,BAGS cards / Monm 17th Dec,TO BE PLACED,17-12-2015 20:21,10518508,1. Rooty Hill,0,5.4,1,1,1,1001,1,1001,0,0,0
122302370,BAGS cards / Monm 17th Dec,TO BE PLACED,17-12-2015 20:04,10618795,5. Toryview Pride,0,2.2,1,1,1,1001,1,1001,0,0,0
122302278,BAGS cards / Sund 17th Dec,TO BE PLACED,17-12-2015 13:04,10570909,5. Calzaghe Olivia,1,2.98,1,1,1,1001,1,1001,0,0,0
122302639,Televised Cards / Hove 17th Dec,TO BE PLACED,17-12-2015 19:46,10635375,5. Black Chief,0,3.2,1,1,1,1001,1,1001,0,0,0
122302620,Televised Cards / Henl 17th Dec,TO BE PLACED,17-12-2015 20:26,10635543,3. Rio Vincenzo,1,2.44,1,1,1,1001,1,1001,0,0,0
101355618,AUS / Wgul (AUS) 17th Dec,TO BE PLACED,17-12-2015 03:47,10637215,3. Ablazin Mikado,0,,1,2.1598251457119067443796835970024979184,1,1001,1,1001,48.04,0,0
101355591,AUS / APrk (AUS) 17th Dec,TO BE PLACED,17-12-2015 11:14,7852623,2. Flash Reality,0,,1,1,1,1001,1,1001,0,0,0
122302432,BAGS cards / Towc 17th Dec,TO BE PLACED,17-12-2015 21:24,8212653,1. Evanta Evita,0,1.4,1,1,1,1001,1,1001,0,0,0
122302416,BAGS cards / Towc 17th Dec,TO BE PLACED,17-12-2015 19:11,8617436,1. Barefoot Apollo,1,2.42,1,1,1,1001,1,1001,0,0,0
122302350,BAGS cards / Romfd 17th Dec,TO BE PLACED,17-12-2015 17:22,8589313,4. Rockchase Razl,1,3.6,1,1,1,1001,1,1001,0,0,0
122302483,BAGS cards / Crayfd 17th Dec,TO BE PLACED,17-12-2015 17:33,8613347,4. Gunner George,1,2.4,1,1,1,1001,1,1001,0,0,0
122302336,BAGS cards / Romfd 17th Dec,TO BE PLACED,17-12-2015 15:07,8732624,3. To Tone Roxy,0,3.25,1,1,1,1001,1,1001,0,0,0
122302292,BAGS cards / Sheff 17th Dec,TO BE PLACED,17-12-2015 11:11,8824675,1. Beccas Birthday,0,2.34,1,1,1,1001,1,1001,0,0,0
101355890,AUS / Shep (AUS) 17th Dec,TO BE PLACED,17-12-2015 07:42,8783134,7. Guilded Lily,1,,1,3.50124481327800829875518672199170124481,1,1001,1,1001,9.64,0,0
122302340,BAGS cards / Romfd 17th Dec,TO BE PLACED,17-12-2015 15:48,8906723,5. Snow Wizard,0,3.5,1,1,1,1001,1,1001,0,0,0
122302306,BAGS cards / Sheff 17th Dec,TO BE PLACED,17-12-2015 12:58,8936573,3. Geelo Lilo,1,2.0801256873528478,1,1,1,1001,1,1001,0,0,0
122302467,BAGS cards / Crayfd 17th Dec,TO BE PLACED,17-12-2015 14:57,8902859,4. Yacht Spin,0,3.035244825,1,1,1,1001,1,1001,0,0,0
122302473,BAGS cards / Crayfd 17th Dec,TO BE PLACED,17-12-2015 15:58,9337071,5. Lemming Vane,0,4.9,1,1,1,1001,1,1001,0,0,0
122302475,BAGS cards / Crayfd 17th Dec,TO BE PLACED,17-12-2015 16:18,9258907,2. Precious Leah,1,4.6,1,1,1,1001,1,1001,0,0,0
122302485,BAGS cards / Crayfd 17th Dec,TO BE PLACED,17-12-2015 17:47,9258915,4. Carrowkeal Jose,0,3.35,1,1,1,1001,1,1001,0,0,0
101356254,AUS / Mait (AUS) 17th Dec,TO BE PLACED,17-12-2015 07:34,9293714,6. Dock Master,1,,1,3.04669358909641595153962645128722867239,1,1001,1,1001,39.62,0,0
122302360,BAGS cards / Monm 17th Dec,TO BE PLACED,17-12-2015 18:44,9523180,3. Monkey Shed,0,2.6,1,1,1,1001,1,1001,0,0,0
122302465,BAGS cards / Crayfd 17th Dec,TO BE PLACED,17-12-2015 14:37,9471608,6. Blue Bubba,0,4.1,1,1,1,1001,1,1001,0,0,0
122302282,BAGS cards / Sund 17th Dec,TO BE PLACED,17-12-2015 13:33,9588861,2. Slaughtneil Rose,0,6.2,1,1,1,1001,1,1001,0,0,0
122302280,BAGS cards / Sund 17th Dec,TO BE PLACED,17-12-2015 13:19,9549573,5. Motor Bar Sport,0,5.8,1,1,1,1001,1,1001,0,0,0
122302346,BAGS cards / Romfd 17th Dec,TO BE PLACED,17-12-2015 16:47,10188036,3. Trixies Sparky,0,3.25,1,1,1,1001,1,1001,0,0,0
101356228,AUS / Dubb (AUS) 17th Dec,TO BE PLACED,17-12-2015 02:57,10394550,8. Gunnadoo Silk,0,,1,2.19629943502824858757062146892655367232,1,1001,1,1001,14.16,0,0
101356244,AUS / Mait (AUS) 17th Dec,TO BE PLACED,17-12-2015 05:57,10263964,8. Shak Retreat,0,,1,1.24,1,1001,1,1001,.1,0,0
101355906,AUS / SPrk (AUS) 17th Dec,TO BE PLACED,17-12-2015 10:12,10511174,4. Jaycee,0,,1,1.69,1,1001,1,1001,48.2,0,0
122302626,Televised Cards / Henl 17th Dec,TO BE PLACED,17-12-2015 21:15,10635559,1. Blackrose Paul,0,1.72,1,1,1,1001,1,1001,0,0,0
122302620,Televised Cards / Henl 17th Dec,TO BE PLACED,17-12-2015 20:26,10620260,6. Boy Bert Tae,0,4.4,1,1,1,1001,1,1001,0,0,0
122302374,BAGS cards / Monm 17th Dec,TO BE PLACED,17-12-2015 20:38,10635813,3. Celtic Queen,2,2.189079338,1,1,1,1001,1,1001,0,0,0
122302366,BAGS cards / Monm 17th Dec,TO BE PLACED,17-12-2015 19:31,6852472,2. Farley Gene,1,3.7,1,1,1,1001,1,1001,0,0,0
122302314,BAGS cards / Sheff 17th Dec,TO BE PLACED,17-12-2015 13:58,8186294,5. Jazz Hero,0,3.85,1,1,1,1001,1,1001,0,0,0
122302346,BAGS cards / Romfd 17th Dec,TO BE PLACED,17-12-2015 16:47,8381544,5. Young Topaz,1,3.1722926686002744,1,1,1,1001,1,1001,0,0,0
122302274,BAGS cards / Sund 17th Dec,TO BE PLACED,17-12-2015 12:32,8409968,5. Bit View Froebel,0,3.35,1,1,1,1001,1,1001,0,0,0
122302428,BAGS cards / Towc 17th Dec,TO BE PLACED,17-12-2015 20:51,8513299,1. Billys Bullet,0,4.2,1,1,1,1001,1,1001,0,0,0
122302394,BAGS cards / Newc 17th Dec,TO BE PLACED,17-12-2015 19:36,8666701,4. Colliery Diamond,0,3.8,1,1,1,1001,1,1001,0,0,0
122302653,Televised Cards / Hove 17th Dec,TO BE PLACED,17-12-2015 21:40,8711347,2. Whileyouwait,0,1.531518174,1,1,1,1001,1,1001,0,0,0
101355593,AUS / APrk (AUS) 17th Dec,TO BE PLACED,17-12-2015 11:36,8770248,3. Lorian Aditi,0,,1,1,1,1001,1,1001,0,0,0
122302649,Televised Cards / Hove 17th Dec,TO BE PLACED,17-12-2015 21:06,8848511,6. Ballycanal Dan,1,1.572191159,1,1,1,1001,1,1001,0,0,0
122302348,BAGS cards / Romfd 17th Dec,TO BE PLACED,17-12-2015 17:07,8976996,6. To Tone Socks,1,3.15,1,1,1,1001,1,1001,0,0,0
122302294,BAGS cards / Sheff 17th Dec,TO BE PLACED,17-12-2015 11:28,8915916,1. High Performance,1,3.25,1,1,1,1001,1,1001,0,0,0
122302366,BAGS cards / Monm 17th Dec,TO BE PLACED,17-12-2015 19:31,8909070,1. Barrack Fire,0,2.3164746897760775,1,1,1,1001,1,1001,0,0,0
101355585,AUS / APrk (AUS) 17th Dec,TO BE PLACED,17-12-2015 10:08,9224815,8. Cyndies Magic,1,,1,1.23,1,1001,1,1001,.52,0,0
122302616,Televised Cards / Henl 17th Dec,TO BE PLACED,17-12-2015 19:54,9129457,4. Savana Hilda,1,3.1,1,1,1,1001,1,1001,0,0,0
101356226,AUS / Dubb (AUS) 17th Dec,TO BE PLACED,17-12-2015 02:37,9221834,1. Susannah Cargo,0,,1,2.26941176470588235294117647058823529412,1,1001,1,1001,5.1,0,0
122302368,BAGS cards / Monm 17th Dec,TO BE PLACED,17-12-2015 19:48,9299482,5. Dublinhill Magic,0,6,1,1,1,1001,1,1001,0,0,0
122302398,BAGS cards / Newc 17th Dec,TO BE PLACED,17-12-2015 20:09,9393799,5. Do It For Flash,1,2.28,1,1,1,1001,1,1001,0,0,0
122302402,BAGS cards / Newc 17th Dec,TO BE PLACED,17-12-2015 20:44,9523536,5. Tour Mafia,0,2.43,1,1,1,1001,1,1001,0,0,0
122302645,Televised Cards / Hove 17th Dec,TO BE PLACED,17-12-2015 20:34,9643634,2. Swift Roofer,1,1.74,1,1,1,1001,1,1001,0,0,0
122302362,BAGS cards / Monm 17th Dec,TO BE PLACED,17-12-2015 19:01,9789416,5. Move Over Tadhg,0,2.666666666666667,1,1,1,1001,1,1001,0,0,0
122302392,BAGS cards / Newc 17th Dec,TO BE PLACED,17-12-2015 19:21,9790033,1. Ear We Go,0,2.78,1,1,1,1001,1,1001,0,0,0
122302392,BAGS cards / Newc 17th Dec,TO BE PLACED,17-12-2015 19:21,9967138,5. Forge Heather,1,5.8,1,1,1,1001,1,1001,0,0,0
122302278,BAGS cards / Sund 17th Dec,TO BE PLACED,17-12-2015 13:04,10361615,4. Burgess Ace,0,3.2,1,1,1,1001,1,1001,0,0,0
101356236,AUS / Mait (AUS) 17th Dec,TO BE PLACED,17-12-2015 04:37,10521743,4. Big Show Mullo,1,,1,1.16,1,1001,1,1001,.1,0,0
122302270,BAGS cards / Sund 17th Dec,TO BE PLACED,17-12-2015 12:04,10515558,4. Helfor Leather,0,3.9,1,1,1,1001,1,1001,0,0,0
122302420,BAGS cards / Towc 17th Dec,TO BE PLACED,17-12-2015 19:43,10569973,2. Holdem Bernado,1,4.1,1,1,1,1001,1,1001,0,0,0
122302414,BAGS cards / Towc 17th Dec,TO BE PLACED,17-12-2015 18:56,10595396,2. Loskeran Costa,0,2.7,1,1,1,1001,1,1001,0,0,0
122302376,BAGS cards / Monm 17th Dec,TO BE PLACED,17-12-2015 20:56,10585949,4. Blythe Mist,1,3.45,1,1,1,1001,1,1001,0,0,0
122302649,Televised Cards / Hove 17th Dec,TO BE PLACED,17-12-2015 21:06,10585804,3. Hold On Lily,0,5.1,1,1,1,1001,1,1001,0,0,0
101355612,AUS / Wgul (AUS) 17th Dec,TO BE PLACED,17-12-2015 02:50,10637208,8. Mandela Sun,1,,1,1.45642105263157894736842105263157894737,1,1001,1,1001,5.7,0,0
101355863,AUS / Shep (AUS) 17th Dec,TO BE PLACED,17-12-2015 05:07,10625853,7. Our Lilly,1,,1,1.1,1,1001,1,1001,.1,0,0
122302358,BAGS cards / Monm 17th Dec,TO BE PLACED,17-12-2015 18:28,10635767,5. When Diva,1,6.135047348,1,1,1,1001,1,1001,0,0,0
122302370,BAGS cards / Monm 17th Dec,TO BE PLACED,17-12-2015 20:04,7201517,2. In The Know,0,7.4,1,1,1,1001,1,1001,0,0,0
122302463,BAGS cards / Crayfd 17th Dec,TO BE PLACED,17-12-2015 14:18,7652564,1. Diesel Marco,0,2.5,1,1,1,1001,1,1001,0,0,0
122302304,BAGS cards / Sheff 17th Dec,TO BE PLACED,17-12-2015 12:42,8834443,6. Swift Frost,0,1.76,1,1,1,1001,1,1001,0,0,0
101355999,AUS / AnPk (AUS) 17th Dec,TO BE PLACED,17-12-2015 10:22,8768069,7. Lukey Chino,0,,1,3.6,1,1001,1,1001,5.78,0,0
122302300,BAGS cards / Sheff 17th Dec,TO BE PLACED,17-12-2015 12:12,8788250,5. Derrymoyle Lily,0,4.400653725318261,1,1,1,1001,1,1001,0,0,0
122302659,Televised Cards / Hove 17th Dec,TO BE PLACED,17-12-2015 22:26,9015882,5. Miss Jolly,0,6,1,1,1,1001,1,1001,0,0,0
122302392,BAGS cards / Newc 17th Dec,TO BE PLACED,17-12-2015 19:21,9039586,2. Bramble Dusty,0,2.12,1,1,1,1001,1,1001,0,0,0
101355908,AUS / SPrk (AUS) 17th Dec,TO BE PLACED,17-12-2015 10:35,9029240,3. Blue Revolver,1,,1,3.05,1,1001,1,1001,96.4,0,0
101355908,AUS / SPrk (AUS) 17th Dec,TO BE PLACED,17-12-2015 10:35,9089502,7. Elfen Bale,0,,1,2.83687417218543046357615894039735099338,1,1001,1,1001,90.6,0,0
101356005,AUS / AnPk (AUS) 17th Dec,TO BE PLACED,17-12-2015 11:27,9349001,3. Zipping Nelson,0,,1,1,1,1001,1,1001,0,0,0
122302614,Televised Cards / Henl 17th Dec,TO BE PLACED,17-12-2015 19:39,9369782,1. Sunnymead Stride,0,3.25,1,1,1,1001,1,1001,0,0,0
101355591,AUS / APrk (AUS) 17th Dec,TO BE PLACED,17-12-2015 11:14,9485114,8. Cash In Motion,0,,1,1,1,1001,1,1001,0,0,0
122302418,BAGS cards / Towc 17th Dec,TO BE PLACED,17-12-2015 19:26,9438149,1. Worsboro Spectre,0,2,1,1,1,1001,1,1001,0,0,0
101356262,AUS / Dapt (AUS) 17th Dec,TO BE PLACED,17-12-2015 08:56,9446083,3. Pedro Cerrano,1,,1,1.13,1,1001,1,1001,.1,0,0
101355904,AUS / SPrk (AUS) 17th Dec,TO BE PLACED,17-12-2015 09:48,9530780,1. Fantastic Skye,1,,1,1.22282733156322602057749751078659143711,1,1001,1,1001,482.08,0,0
122302360,BAGS cards / Monm 17th Dec,TO BE PLACED,17-12-2015 18:44,9552718,5. Meadowvale Ace,0,2.442601022519666,1,1,1,1001,1,1001,0,0,0
101355945,AUS / Mand (AUS) 17th Dec,TO BE PLACED,17-12-2015 11:42,10150773,8. Lara Keeping,1,,1,1,1,1001,1,1001,0,0,0
122302463,BAGS cards / Crayfd 17th Dec,TO BE PLACED,17-12-2015 14:18,10214707,3. Bernies Toughguy,0,2.7,1,1,1,1001,1,1001,0,0,0
122302412,BAGS cards / Towc 17th Dec,TO BE PLACED,17-12-2015 18:38,10360910,1. Bang On Ella,1,2.25,1,1,1,1001,1,1001,0,0,0
122302278,BAGS cards / Sund 17th Dec,TO BE PLACED,17-12-2015 13:04,10496143,6. Tallow Sky,0,2.7,1,1,1,1001,1,1001,0,0,0
122302334,BAGS cards / Romfd 17th Dec,TO BE PLACED,17-12-2015 14:47,10570835,3. Bridgets Eske,0,3.863773268158548,1,1,1,1001,1,1001,0,0,0
101356234,AUS / Dubb (AUS) 17th Dec,TO BE PLACED,17-12-2015 03:52,10637392,9. Left Posted,1,,1,4.7,1,1001,1,1001,4.8,0,0
122302268,BAGS cards / Sund 17th Dec,TO BE PLACED,17-12-2015 11:48,10590526,4. Elegant Abbey,0,2.86,1,1,1,1001,1,1001,0,0,0
122302276,BAGS cards / Sund 17th Dec,TO BE PLACED,17-12-2015 12:47,10590554,4. Mill Cigar,0,2.7196854535571213,1,1,1,1001,1,1001,0,0,0
122302368,BAGS cards / Monm 17th Dec,TO BE PLACED,17-12-2015 19:48,10635793,1. Ringtown Daisy,0,4.2,1,1,1,1001,1,1001,0,0,0
122302396,BAGS cards / Newc 17th Dec,TO BE PLACED,17-12-2015 19:53,7428051,1. Parkmount Lady,0,5.4,1,1,1,1001,1,1001,0,0,0
122302340,BAGS cards / Romfd 17th Dec,TO BE PLACED,17-12-2015 15:48,8395911,2. Daniels Diamond,1,2.88,1,1,1,1001,1,1001,0,0,0
101355991,AUS / AnPk (AUS) 17th Dec,TO BE PLACED,17-12-2015 08:53,8600450,3. Grande To Excel,0,,1,2.04,1,1001,1,1001,9.62,0,0
122302366,BAGS cards / Monm 17th Dec,TO BE PLACED,17-12-2015 19:31,8831115,5. Tip Top Sky,0,3.45,1,1,1,1001,1,1001,0,0,0
101355898,AUS / SPrk (AUS) 17th Dec,TO BE PLACED,17-12-2015 08:44,8970167,5. Come At Me,0,,1,7,1,1001,1,1001,4.8,0,0
101356003,AUS / AnPk (AUS) 17th Dec,TO BE PLACED,17-12-2015 11:05,8898246,4. Roethlisberger,0,,1,1,1,1001,1,1001,0,0,0
122302310,BAGS cards / Sheff 17th Dec,TO BE PLACED,17-12-2015 13:27,8952573,1. Bodell Kitty,0,2.598125367756002,1,1,1,1001,1,1001,0,0,0
101355916,AUS / SPrk (AUS) 17th Dec,TO BE PLACED,17-12-2015 11:58,8946668,1. Duomo Bale,1,,1,1,1,1001,1,1001,0,0,0
101355906,AUS / SPrk (AUS) 17th Dec,TO BE PLACED,17-12-2015 10:12,8874205,5. Margins,0,,1,1.31,1,1001,1,1001,.1,0,0
122302330,BAGS cards / Romfd 17th Dec,TO BE PLACED,17-12-2015 14:08,9150414,6. Pacey Gina,1,2.98,1,1,1,1001,1,1001,0,0,0
122302342,BAGS cards / Romfd 17th Dec,TO BE PLACED,17-12-2015 16:08,9194187,3. Saucy Sarah,1,4.8,1,1,1,1001,1,1001,0,0,0
122302344,BAGS cards / Romfd 17th Dec,TO BE PLACED,17-12-2015 16:27,9391191,4. Underground Olly,0,2.06,1,1,1,1001,1,1001,0,0,0
122302483,BAGS cards / Crayfd 17th Dec,TO BE PLACED,17-12-2015 17:33,9430886,1. Ashgrove Borna,0,2.7663316268048947,1,1,1,1001,1,1001,0,0,0
122302471,BAGS cards / Crayfd 17th Dec,TO BE PLACED,17-12-2015 15:38,9491131,2. Blackrose Jo,0,2.66,1,1,1,1001,1,1001,0,0,0
122302274,BAGS cards / Sund 17th Dec,TO BE PLACED,17-12-2015 12:32,9879448,2. Cluainair Alesha,0,12.5,1,1,1,1001,1,1001,0,0,0
122302292,BAGS cards / Sheff 17th Dec,TO BE PLACED,17-12-2015 11:11,10095313,2. Goulane Mystery,0,2.666666666666667,1,1,1,1001,1,1001,0,0,0
122302463,BAGS cards / Crayfd 17th Dec,TO BE PLACED,17-12-2015 14:18,10095903,4. Very Bold,1,2.88,1,1,1,1001,1,1001,0,0,0
101355888,AUS / Shep (AUS) 17th Dec,TO BE PLACED,17-12-2015 07:27,10107684,1. Black Oak,0,,1,1.75121398355814510336020432596376406736,1,1001,1,1001,250.58,0,0
122302406,BAGS cards / Newc 17th Dec,TO BE PLACED,17-12-2015 21:18,10242603,5. Bramble Bonnie,0,6.2,1,1,1,1001,1,1001,0,0,0
101356222,AUS / Dubb (AUS) 17th Dec,TO BE PLACED,17-12-2015 02:04,10202379,8. Zipping Harry,0,,1,1.2,1,1001,1,1001,.1,0,0
122302428,BAGS cards / Towc 17th Dec,TO BE PLACED,17-12-2015 20:51,10294210,5. Fizzypop Buddy,0,2.44,1,1,1,1001,1,1001,0,0,0
122302487,BAGS cards / Crayfd 17th Dec,TO BE PLACED,17-12-2015 18:04,10287230,4. Tinas Elaine,0,5,1,1,1,1001,1,1001,0,0,0
101355574,AUS / APrk (AUS) 17th Dec,TO BE PLACED,17-12-2015 08:41,10363543,1. Fabulous Bill,1,,1,1.28632325141776937618147448015122873346,1,1001,1,1001,21.16,0,0
122302626,Televised Cards / Henl 17th Dec,TO BE PLACED,17-12-2015 21:15,10481014,5. Blackrose June,1,1.99,1,1,1,1001,1,1001,0,0,0
122302394,BAGS cards / Newc 17th Dec,TO BE PLACED,17-12-2015 19:36,10492672,5. Bramble Pearl,1,3.8,1,1,1,1001,1,1001,0,0,0
122302338,BAGS cards / Romfd 17th Dec,TO BE PLACED,17-12-2015 15:28,10451585,4. Vanilla Run,1,2.86,1,1,1,1001,1,1001,0,0,0
122302647,Televised Cards / Hove 17th Dec,TO BE PLACED,17-12-2015 20:50,10542952,5. Jackals Pavlova,0,2.1,1,1,1,1001,1,1001,0,0,0
122302300,BAGS cards / Sheff 17th Dec,TO BE PLACED,17-12-2015 12:12,10543837,1. Curra Lady,0,3.55,1,1,1,1001,1,1001,0,0,0
122302388,BAGS cards / Newc 17th Dec,TO BE PLACED,17-12-2015 18:49,10640844,2. Canny Laura (RES),0,1001,1,1,1,1001,1,1001,0,0,0
122302400,BAGS cards / Newc 17th Dec,TO BE PLACED,17-12-2015 20:26,10640855,4. Romeo Raise Hell (RES),0,7.7,1,1,1,1001,1,1001,0,0,0
122302266,BAGS cards / Sund 17th Dec,TO BE PLACED,17-12-2015 11:34,10636168,5. Good Vote,0,2.14,1,1,1,1001,1,1001,0,0,0
122302282,BAGS cards / Sund 17th Dec,TO BE PLACED,17-12-2015 13:33,10636217,6. Bebo Queen,1,2.36,1,1,1,1001,1,1001,0,0,0
101356270,AUS / Dapt (AUS) 17th Dec,TO BE PLACED,17-12-2015 10:25,10614025,2. Ritza Jimmy,1,,1,1.5594763092269326683291770573566084788,1,1001,1,1001,80.2,0,0
122302390,BAGS cards / Newc 17th Dec,TO BE PLACED,17-12-2015 19:06,10555983,1. Bramble Honey,0,3.28,1,1,1,1001,1,1001,0,0,0
101355604,AUS / Wgul (AUS) 17th Dec,TO BE PLACED,17-12-2015 01:37,10637192,4. To Infinity,0,,1,2.34,1,1001,1,1001,9.62,0,0
122302342,BAGS cards / Romfd 17th Dec,TO BE PLACED,17-12-2015 16:08,10567998,6. Ajlo Legalbeagle,0,2.1,1,1,1,1001,1,1001,0,0,0
122302292,BAGS cards / Sheff 17th Dec,TO BE PLACED,17-12-2015 11:11,6759804,3. Solo Princess,0,4.1,1,1,1,1001,1,1001,0,0,0
122302374,BAGS cards / Monm 17th Dec,TO BE PLACED,17-12-2015 20:38,6767691,2. Invisible Spirit,2,3.2,1,1,1,1001,1,1001,0,0,0
122302400,BAGS cards / Newc 17th Dec,TO BE PLACED,17-12-2015 20:26,6901713,2. Chaotic Star,1,2.39,1,1,1,1001,1,1001,0,0,0
122302643,Televised Cards / Hove 17th Dec,TO BE PLACED,17-12-2015 20:18,7143960,2. Westmead Mustang,0,3.35,1,1,1,1001,1,1001,0,0,0
101355991,AUS / AnPk (AUS) 17th Dec,TO BE PLACED,17-12-2015 08:53,7156654,8. Galilee Spirit,1,,1,1.15,1,1001,1,1001,15.36,0,0
122302430,BAGS cards / Towc 17th Dec,TO BE PLACED,17-12-2015 21:08,7660110,2. Blackstone Marco,1,5,1,1,1,1001,1,1001,0,0,0
101356003,AUS / AnPk (AUS) 17th Dec,TO BE PLACED,17-12-2015 11:05,8831724,8. Lobo Loco,0,,1,1,1,1001,1,1001,0,0,0
122302632,Televised Cards / Henl 17th Dec,TO BE PLACED,17-12-2015 22:03,8729031,6. Valentia Slate,1,2.04,1,1,1,1001,1,1001,0,0,0
122302280,BAGS cards / Sund 17th Dec,TO BE PLACED,17-12-2015 13:19,8993904,1. Fennis Lenson,0,1.84,1,1,1,1001,1,1001,0,0,0
122302465,BAGS cards / Crayfd 17th Dec,TO BE PLACED,17-12-2015 14:37,9076278,2. Joys Bangers,0,2.44,1,1,1,1001,1,1001,0,0,0
122302262,BAGS cards / Sund 17th Dec,TO BE PLACED,17-12-2015 11:03,9295687,1. Robbies Return,0,3.575,1,2.99999980000001999999800000019999998,1,1001,1,1001,8,0,0
101355902,AUS / SPrk (AUS) 17th Dec,TO BE PLACED,17-12-2015 09:27,9255797,5. No Diggity,0,,1,2.40345781466113416320885200553250345781,1,1001,1,1001,14.46,0,0
122302626,Televised Cards / Henl 17th Dec,TO BE PLACED,17-12-2015 21:15,9258139,6. Savana Hugo,1,2.64,1,1,1,1001,1,1001,0,0,0
122302296,BAGS cards / Sheff 17th Dec,TO BE PLACED,17-12-2015 11:42,9377707,1. Liosgarbh Club,0,2.1718900062385353,1,1,1,1001,1,1001,0,0,0
122302302,BAGS cards / Sheff 17th Dec,TO BE PLACED,17-12-2015 12:27,9396874,3. All Time Great,0,2.6,1,1,1,1001,1,1001,0,0,0
122302653,Televised Cards / Hove 17th Dec,TO BE PLACED,17-12-2015 21:40,9466570,4. Bogcross Fish,0,6.8,1,1,1,1001,1,1001,0,0,0
122302366,BAGS cards / Monm 17th Dec,TO BE PLACED,17-12-2015 19:31,9508187,4. Ballinakill Girl,1,3,1,1,1,1001,1,1001,0,0,0
122302420,BAGS cards / Towc 17th Dec,TO BE PLACED,17-12-2015 19:43,9447765,1. What Fun Jamie,0,2.92,1,1,1,1001,1,1001,0,0,0
122302630,Televised Cards / Henl 17th Dec,TO BE PLACED,17-12-2015 21:48,9451367,1. Memphis Holdem,0,5.6,1,1,1,1001,1,1001,0,0,0
101356208,AUS / Hoba (AUS) 17th Dec,TO BE PLACED,17-12-2015 10:15,9554674,1. Joffas Me Mate,1,,1,1.21003577177606868181005186907529958862,1,1001,1,1001,111.82,0,0
122302400,BAGS cards / Newc 17th Dec,TO BE PLACED,17-12-2015 20:26,9660466,5. Target Eagle,0,2.41,1,1,1,1001,1,1001,0,0,0
122302362,BAGS cards / Monm 17th Dec,TO BE PLACED,17-12-2015 19:01,10246822,1. Outdoor Crash,1,2,1,1,1,1001,1,1001,0,0,0
101355596,AUS / APrk (AUS) 17th Dec,TO BE PLACED,17-12-2015 11:55,10516797,2. Napalm,0,,1,1,1,1001,1,1001,0,0,0
122302276,BAGS cards / Sund 17th Dec,TO BE PLACED,17-12-2015 12:47,10636198,5. Cappa Dan,0,8.2,1,1,1,1001,1,1001,0,0,0
122302651,Televised Cards / Hove 17th Dec,TO BE PLACED,17-12-2015 21:24,10565859,2. Millabbey Fanta,0,1.91,1,1,1,1001,1,1001,0,0,0
122302432,BAGS cards / Towc 17th Dec,TO BE PLACED,17-12-2015 21:24,10635500,5. Ballydoyle Time,1,3.65,1,1,1,1001,1,1001,0,0,0
122302467,BAGS cards / Crayfd 17th Dec,TO BE PLACED,17-12-2015 14:57,10571163,3. Darkcat Jo,1,2.94,1,1,1,1001,1,1001,0,0,0
101356228,AUS / Dubb (AUS) 17th Dec,TO BE PLACED,17-12-2015 02:57,10637380,10. Fast Cash,0,,1,4.1,1,1001,1,1001,4.8,0,0
101356220,AUS / Dubb (AUS) 17th Dec,TO BE PLACED,17-12-2015 01:48,10637292,1. Acola Rimfire,0,,1,1.46,1,1001,1,1001,.3,0,0
122302465,BAGS cards / Crayfd 17th Dec,TO BE PLACED,17-12-2015 14:37,10566789,3. Fridays Kyra,0,5,1,1,1,1001,1,1001,0,0,0
122302336,BAGS cards / Romfd 17th Dec,TO BE PLACED,17-12-2015 15:07,6823631,2. Redhot Agent,0,7,1,1,1,1001,1,1001,0,0,0
122302354,BAGS cards / Romfd 17th Dec,TO BE PLACED,17-12-2015 17:56,7305992,3. Selina May,1,3.4,1,1,1,1001,1,1001,0,0,0
122302645,Televised Cards / Hove 17th Dec,TO BE PLACED,17-12-2015 20:34,7821216,5. Liosgarbh Maybe,0,5.4,1,1,1,1001,1,1001,0,0,0
122302294,BAGS cards / Sheff 17th Dec,TO BE PLACED,17-12-2015 11:28,8474600,5. Nice One Nipper,0,2.08,1,1,1,1001,1,1001,0,0,0
122302424,BAGS cards / Towc 17th Dec,TO BE PLACED,17-12-2015 20:16,8673093,3. Alma Prince,1,2.42,1,1,1,1001,1,1001,0,0,0
122302426,BAGS cards / Towc 17th Dec,TO BE PLACED,17-12-2015 20:33,8844836,6. King Alley,1,1.58,1,1,1,1001,1,1001,0,0,0
122302632,Televised Cards / Henl 17th Dec,TO BE PLACED,17-12-2015 22:03,8726556,3. Fired Up Johnny,1,2.04,1,1,1,1001,1,1001,0,0,0
122302649,Televised Cards / Hove 17th Dec,TO BE PLACED,17-12-2015 21:06,8973651,1. Swift Holly,0,2.18,1,1,1,1001,1,1001,0,0,0
122302264,BAGS cards / Sund 17th Dec,TO BE PLACED,17-12-2015 11:19,8883073,2. Riu Britney,1,1.81,1,1,1,1001,1,1001,0,0,0
101355997,AUS / AnPk (AUS) 17th Dec,TO BE PLACED,17-12-2015 09:58,9084539,5. Aston Gatum,0,,1,1.99,1,1001,1,1001,19.28,0,0
101356248,AUS / Mait (AUS) 17th Dec,TO BE PLACED,17-12-2015 06:37,9122949,6. Treerex,0,,1,4.5,1,1001,1,1001,4.8,0,0
122302374,BAGS cards / Monm 17th Dec,TO BE PLACED,17-12-2015 20:38,9295270,6. Padraigs Storm,0,2.56,1,1,1,1001,1,1001,0,0,0
122302655,Televised Cards / Hove 17th Dec,TO BE PLACED,17-12-2015 21:56,9250129,2. Killure Panther,0,2.8181818181818183,1,1,1,1001,1,1001,0,0,0
122302634,Televised Cards / Henl 17th Dec,TO BE PLACED,17-12-2015 22:18,9538225,2. Savana Nureyev,0,1.509433021560071,1,1,1,1001,1,1001,0,0,0
122302422,BAGS cards / Towc 17th Dec,TO BE PLACED,17-12-2015 19:59,9532333,6. Head Iton Oliver,0,2.46,1,1,1,1001,1,1001,0,0,0
122302308,BAGS cards / Sheff 17th Dec,TO BE PLACED,17-12-2015 13:12,9811404,3. Bahamian Beyrl,0,3.75,1,1,1,1001,1,1001,0,0,0
122302612,Televised Cards / Henl 17th Dec,TO BE PLACED,17-12-2015 19:25,10266481,4. Fatboyz Missy,0,5,1,1,1,1001,1,1001,0,0,0
122302489,BAGS cards / Crayfd 17th Dec,TO BE PLACED,17-12-2015 18:18,10452497,3. Late Burst,1,2.04,1,1,1,1001,1,1001,0,0,0
122302618,Televised Cards / Henl 17th Dec,TO BE PLACED,17-12-2015 20:10,10492604,3. Payyaway Sadie,0,1.98,1,1,1,1001,1,1001,0,0,0
122302280,BAGS cards / Sund 17th Dec,TO BE PLACED,17-12-2015 13:19,10500329,4. Geneva Oscar,1,2.74,1,1,1,1001,1,1001,0,0,0
101355894,AUS / SPrk (AUS) 17th Dec,TO BE PLACED,17-12-2015 08:07,10613800,5. Chase The Breeze,0,,1,1.91755511022044088176352705410821643287,1,1001,1,1001,9.98,0,0
101356210,AUS / Hoba (AUS) 17th Dec,TO BE PLACED,17-12-2015 10:39,10637458,1. Tecoma Emily,1,,1,2.9027666545322169639606843829632326174,1,1001,1,1001,54.94,0,0
101356007,AUS / AnPk (AUS) 17th Dec,TO BE PLACED,17-12-2015 11:48,10602696,4. Ritza Jordan,0,,1,1,1,1001,1,1001,0,0,0
122302477,BAGS cards / Crayfd 17th Dec,TO BE PLACED,17-12-2015 16:37,6709604,6. Express Koko,0,6.2,1,1,1,1001,1,1001,0,0,0
122302274,BAGS cards / Sund 17th Dec,TO BE PLACED,17-12-2015 12:32,7260363,3. Driving Champ,1,1.77,1,1,1,1001,1,1001,0,0,0
122302643,Televised Cards / Hove 17th Dec,TO BE PLACED,17-12-2015 20:18,8419410,3. Du Cane Road,0,2.0916032541886667,1,1,1,1001,1,1001,0,0,0
122302465,BAGS cards / Crayfd 17th Dec,TO BE PLACED,17-12-2015 14:37,8706353,1. Big Bubbles,1,2.3,1,1,1,1001,1,1001,0,0,0
122302392,BAGS cards / Newc 17th Dec,TO BE PLACED,17-12-2015 19:21,8696647,6. Quarryfield Ace,1,1.751299924,1,1,1,1001,1,1001,0,0,0
122302624,Televised Cards / Henl 17th Dec,TO BE PLACED,17-12-2015 20:58,8918435,1. Ballymac Fizz,0,3.95,1,1,1,1001,1,1001,0,0,0
122302612,Televised Cards / Henl 17th Dec,TO BE PLACED,17-12-2015 19:25,9016937,5. Micks Dream,0,2.2,1,1,1,1001,1,1001,0,0,0
122302643,Televised Cards / Hove 17th Dec,TO BE PLACED,17-12-2015 20:18,9258824,6. Westmead Hunter,1,2.46,1,1,1,1001,1,1001,0,0,0
122302632,Televised Cards / Henl 17th Dec,TO BE PLACED,17-12-2015 22:03,9356705,5. Noirs Suir,0,4.6,1,1,1,1001,1,1001,0,0,0
122302386,BAGS cards / Newc 17th Dec,TO BE PLACED,17-12-2015 18:33,9393834,4. Kilquarry Jax,1,3.4,1,1,1,1001,1,1001,0,0,0
122302340,BAGS cards / Romfd 17th Dec,TO BE PLACED,17-12-2015 15:48,9515473,3. Julies Diamond,0,5,1,1,1,1001,1,1001,0,0,0
101356220,AUS / Dubb (AUS) 17th Dec,TO BE PLACED,17-12-2015 01:48,9454467,2. Grovebrook Flyer,0,,1,1.67,1,1001,1,1001,9.62,0,0
122302418,BAGS cards / Towc 17th Dec,TO BE PLACED,17-12-2015 19:26,9812369,3. Jacobs Jim,0,5.1,1,1,1,1001,1,1001,0,0,0
101356228,AUS / Dubb (AUS) 17th Dec,TO BE PLACED,17-12-2015 02:57,9982332,2. Twin Peaks,0,,1,1.76,1,1001,1,1001,14.42,0,0
122302467,BAGS cards / Crayfd 17th Dec,TO BE PLACED,17-12-2015 14:57,10227312,5. Lemming Ben,0,3.6,1,1,1,1001,1,1001,0,0,0
101356254,AUS / Mait (AUS) 17th Dec,TO BE PLACED,17-12-2015 07:34,10211799,1. Hay Fergus,0,,1,1.073587985068148276760135428422606129,1,1001,1,1001,230.38,0,0
101356250,AUS / Mait (AUS) 17th Dec,TO BE PLACED,17-12-2015 06:57,10367447,3. Hes Some Love,0,,1,1.13,1,1001,1,1001,.1,0,0
122302647,Televised Cards / Hove 17th Dec,TO BE PLACED,17-12-2015 20:50,10415016,6. Spirit Macklmore,1,4.2,1,1,1,1001,1,1001,0,0,0
122302364,BAGS cards / Monm 17th Dec,TO BE PLACED,17-12-2015 19:16,10476477,4. Gortkelly Nidge,0,3.35,1,1,1,1001,1,1001,0,0,0
122302645,Televised Cards / Hove 17th Dec,TO BE PLACED,17-12-2015 20:34,10495997,3. Auldworth Lad,0,3.95,1,1,1,1001,1,1001,0,0,0
122302624,Televised Cards / Henl 17th Dec,TO BE PLACED,17-12-2015 20:58,10418491,3. Roman Cushie,1,5.8,1,1,1,1001,1,1001,0,0,0
122302422,BAGS cards / Towc 17th Dec,TO BE PLACED,17-12-2015 19:59,10635466,1. Global Benny,0,3.9,1,1,1,1001,1,1001,0,0,0
101356224,AUS / Dubb (AUS) 17th Dec,TO BE PLACED,17-12-2015 02:22,10637341,6. Rodney Keeping,1,,1,1.18,1,1001,1,1001,.1,0,0
122302368,BAGS cards / Monm 17th Dec,TO BE PLACED,17-12-2015 19:48,10569733,3. Ballymac Mairead,0,1.95,1,1,1,1001,1,1001,0,0,0
122302378,BAGS cards / Monm 17th Dec,TO BE PLACED,17-12-2015 21:13,10585885,6. Here Indoors,0,5.4,1,1,1,1001,1,1001,0,0,0
122302334,BAGS cards / Romfd 17th Dec,TO BE PLACED,17-12-2015 14:47,10635933,4. Jaytee Phoenix,0,2.28,1,1,1,1001,1,1001,0,0,0
101355890,AUS / Shep (AUS) 17th Dec,TO BE PLACED,17-12-2015 07:42,7552576,8. Go Go Zarbo,1,,1,1.919617003367003367003367003367003367,1,1001,1,1001,95.04,0,0
122302479,BAGS cards / Crayfd 17th Dec,TO BE PLACED,17-12-2015 16:57,7631719,6. Premarket Honey,0,2.24,1,1,1,1001,1,1001,0,0,0
122302330,BAGS cards / Romfd 17th Dec,TO BE PLACED,17-12-2015 14:08,8359420,1. Twist Of Ebony,0,4.2,1,1,1,1001,1,1001,0,0,0
122302272,BAGS cards / Sund 17th Dec,TO BE PLACED,17-12-2015 12:18,8706455,1. Alice Wake Up,0,5.8,1,1,1,1001,1,1001,0,0,0
122302624,Televised Cards / Henl 17th Dec,TO BE PLACED,17-12-2015 20:58,8836787,4. Drumcrow Menace,0,2.92,1,1,1,1001,1,1001,0,0,0
122302312,BAGS cards / Sheff 17th Dec,TO BE PLACED,17-12-2015 13:44,8921991,5. Rock Critic,1,2.22,1,1,1,1001,1,1001,0,0,0
122302647,Televised Cards / Hove 17th Dec,TO BE PLACED,17-12-2015 20:50,9055670,3. Nowhere Man,0,5.8,1,1,1,1001,1,1001,0,0,0
101355977,AUS / Warr (AUS) 17th Dec,TO BE PLACED,17-12-2015 10:10,9120103,5. Blue Westmead,1,,1,1.35,1,1001,1,1001,48.2,0,0
122302308,BAGS cards / Sheff 17th Dec,TO BE PLACED,17-12-2015 13:12,9125931,6. Reagrove Drifter,1,2.3,1,1,1,1001,1,1001,0,0,0
122302612,Televised Cards / Henl 17th Dec,TO BE PLACED,17-12-2015 19:25,9193401,2. Madameflaxew,0,7.4,1,1,1,1001,1,1001,0,0,0
122302616,Televised Cards / Henl 17th Dec,TO BE PLACED,17-12-2015 19:54,9456493,1. Greencroft Rage,0,3.4,1,1,1,1001,1,1001,0,0,0
122302632,Televised Cards / Henl 17th Dec,TO BE PLACED,17-12-2015 22:03,9552378,1. O Briens Hawk,0,2.8,1,1,1,1001,1,1001,0,0,0
101355904,AUS / SPrk (AUS) 17th Dec,TO BE PLACED,17-12-2015 09:48,9783368,3. Sweet Barbados,1,,1,1.87,1,1001,1,1001,19.28,0,0
122302465,BAGS cards / Crayfd 17th Dec,TO BE PLACED,17-12-2015 14:37,10242345,4. Dunbar Linda,1,2.46,1,1,1,1001,1,1001,0,0,0
101355914,AUS / SPrk (AUS) 17th Dec,TO BE PLACED,17-12-2015 11:39,10211711,1. Snooky,1,,1,1,1,1001,1,1001,0,0,0
122302386,BAGS cards / Newc 17th Dec,TO BE PLACED,17-12-2015 18:33,10280782,2. Geordie Pearl,0,8.2,1,1,1,1001,1,1001,0,0,0
101356276,AUS / Dapt (AUS) 17th Dec,TO BE PLACED,17-12-2015 11:30,10379450,6. Miss Danica,0,,1,1,1,1001,1,1001,0,0,0
122302306,BAGS cards / Sheff 17th Dec,TO BE PLACED,17-12-2015 12:58,10452753,4. Kildare Lin,1,2.62,1,1,1,1001,1,1001,0,0,0
101355914,AUS / SPrk (AUS) 17th Dec,TO BE PLACED,17-12-2015 11:39,10455912,5. Shes Ayce,0,,1,1,1,1001,1,1001,0,0,0
122302416,BAGS cards / Towc 17th Dec,TO BE PLACED,17-12-2015 19:11,10635449,2. Gyp Rosetti,1,3.25,1,1,1,1001,1,1001,0,0,0
101355912,AUS / SPrk (AUS) 17th Dec,TO BE PLACED,17-12-2015 11:17,10625723,7. Verdict,0,,1,1,1,1001,1,1001,0,0,0
101355993,AUS / AnPk (AUS) 17th Dec,TO BE PLACED,17-12-2015 09:14,10637462,4. Rhonda Rocks,0,,1,1.4,1,1001,1,1001,11.56,0,0
122302358,BAGS cards / Monm 17th Dec,TO BE PLACED,17-12-2015 18:28,10635768,6. Sking Again,0,2.98,1,1,1,1001,1,1001,0,0,0
122302278,BAGS cards / Sund 17th Dec,TO BE PLACED,17-12-2015 13:04,7009566,3. Zulu Lady,0,2.94,1,1,1,1001,1,1001,0,0,0
122302471,BAGS cards / Crayfd 17th Dec,TO BE PLACED,17-12-2015 15:38,8184282,1. Finalee,0,3.25,1,1,1,1001,1,1001,0,0,0
122302310,BAGS cards / Sheff 17th Dec,TO BE PLACED,17-12-2015 13:27,8215007,3. Headiton Rowland,0,4.4,1,1,1,1001,1,1001,0,0,0
122302272,BAGS cards / Sund 17th Dec,TO BE PLACED,17-12-2015 12:18,8215370,4. Eden Brae,0,2.017330969274044,1,1,1,1001,1,1001,0,0,0
122302344,BAGS cards / Romfd 17th Dec,TO BE PLACED,17-12-2015 16:27,8817150,1. Droopys Jasper,0,3.75,1,1,1,1001,1,1001,0,0,0
122302487,BAGS cards / Crayfd 17th Dec,TO BE PLACED,17-12-2015 18:04,8958992,5. Mullrook Lornie,0,1.84,1,1,1,1001,1,1001,0,0,0
122302362,BAGS cards / Monm 17th Dec,TO BE PLACED,17-12-2015 19:01,9079738,4. Crickleowl Ted,0,5.1,1,1,1,1001,1,1001,0,0,0
122302312,BAGS cards / Sheff 17th Dec,TO BE PLACED,17-12-2015 13:44,9138728,3. Fairyfield What,0,3.2,1,1,1,1001,1,1001,0,0,0
122302477,BAGS cards / Crayfd 17th Dec,TO BE PLACED,17-12-2015 16:37,9148609,2. Trapstyleeclipse,0,2.26,1,1,1,1001,1,1001,0,0,0
122302489,BAGS cards / Crayfd 17th Dec,TO BE PLACED,17-12-2015 18:18,9132271,6. Deran Jet,0,2.86,1,1,1,1001,1,1001,0,0,0
101355898,AUS / SPrk (AUS) 17th Dec,TO BE PLACED,17-12-2015 08:44,9443114,1. Ivy Bale,1,,1,1.49812925170068027210884353741496598639,1,1001,1,1001,5.88,0,0
122302485,BAGS cards / Crayfd 17th Dec,TO BE PLACED,17-12-2015 17:47,9444768,6. Glenbeech Raven,0,6.4,1,1,1,1001,1,1001,0,0,0
122302612,Televised Cards / Henl 17th Dec,TO BE PLACED,17-12-2015 19:25,9448503,3. Drumcrow Ella,0,3.1,1,1,1,1001,1,1001,0,0,0
122302386,BAGS cards / Newc 17th Dec,TO BE PLACED,17-12-2015 18:33,9596859,1. Flame Of Wisdom,0,2.34,1,1,1,1001,1,1001,0,0,0
122302306,BAGS cards / Sheff 17th Dec,TO BE PLACED,17-12-2015 12:58,9588428,6. Droopys Yale,0,5.5,1,1,1,1001,1,1001,0,0,0
122302266,BAGS cards / Sund 17th Dec,TO BE PLACED,17-12-2015 11:34,10492367,3. Orbital Gaga,1,1.76,1,1,1,1001,1,1001,0,0,0
122302655,Televised Cards / Hove 17th Dec,TO BE PLACED,17-12-2015 21:56,10514833,4. Sizzlers Puma,0,2.651951759,1,1,1,1001,1,1001,0,0,0
122302314,BAGS cards / Sheff 17th Dec,TO BE PLACED,17-12-2015 13:58,10448326,4. Aero Kinetic,0,4.4,1,1,1,1001,1,1001,0,0,0
122302332,BAGS cards / Romfd 17th Dec,TO BE PLACED,17-12-2015 14:27,10515020,5. Boyzie,1,2.88,1,1,1,1001,1,1001,0,0,0
122302637,Televised Cards / Hove 17th Dec,TO BE PLACED,17-12-2015 19:31,10635368,4. Wonkers Nod,0,7,1,1,1,1001,1,1001,0,0,0
101356242,AUS / Mait (AUS) 17th Dec,TO BE PLACED,17-12-2015 05:37,10637589,8. Pine Tree,0,,1,1.31322864620509160123721151558410659053,1,1001,1,1001,168.12,0,0
122302338,BAGS cards / Romfd 17th Dec,TO BE PLACED,17-12-2015 15:28,10635944,3. Bubbly Vicarious,0,5,1,1,1,1001,1,1001,0,0,0
