EVENT_ID,MENU_HINT,EVENT_NAME,EVENT_DT,SELECTION_ID,SELECTION_NAME,WIN_LOSE,BSP,PPWAP,MORNINGWAP,PPMAX,PPMIN,IPMAX,IPMIN,MORNINGTRADEDVOL,PPTRADEDVOL,IPTRADEDVOL
212518865,Lyon La Soie (FRA) 8th Apr,To Be Placed,08-04-2023 19:00,49515505,Madame De Saxe,0,6.61434388,1.0000,1.0000,1.00,1001.00,1.00,1001.00,0.00,0.00,0.00
212518581,Auteuil (FRA) 8th Apr,To Be Placed,08-04-2023 15:07,26190032,Grandeur Nature,0,2.51766797,1.0000,1.0000,1.00,1001.00,1.00,1001.00,0.00,0.00,0.00
212518583,Auteuil (FRA) 8th Apr,To Be Placed,08-04-2023 15:42,35898446,Obeone,0,3.19437755,1.0000,1.0000,1.00,1001.00,1.00,1001.00,0.00,0.00,0.00
212519057,Nancy (FRA) 8th Apr,To Be Placed,08-04-2023 11:12,54473721,Folkwin,0,4.42500000,1.0000,2.4624,1.00,1001.00,1.00,1001.00,372.52,0.00,0.00
212519057,Nancy (FRA) 8th Apr,To Be Placed,08-04-2023 11:12,49135560,Juwel,0,10.50000000,1.0000,6.9056,1.00,1001.00,1.00,1001.00,73.12,0.00,0.00
212519149,Nancy (FRA) 8th Apr,To Be Placed,08-04-2023 12:22,45592114,Jaguar Fleury,0,38.00000000,1.0000,1.0000,1.00,1001.00,1.00,1001.00,0.00,0.00,0.00
212518965,Nancy (FRA) 8th Apr,To Be Placed,08-04-2023 10:10,51786210,Baila Conmigo,0,4.40000000,1.0000,,1.00,1001.00,1.00,1001.00,4.00,0.00,0.00
212518859,Lyon La Soie (FRA) 8th Apr,To Be Placed,08-04-2023 17:27,63811,Saguaro,0,3.25000000,1.0000,1.0000,1.00,1001.00,1.00,1001.00,0.00,0.00,0.00
212519151,Nancy (FRA) 8th Apr,To Be Placed,08-04-2023 11:47,17555100,Kenohope,0,3.20000000,1.0000,2.6038,1.00,1001.00,1.00,1001.00,47.08,0.00,0.00
212518483,Auteuil (FRA) 8th Apr,To Be Placed,08-04-2023 12:40,53349854,Dolly De Roche,0,4.25000000,1.0000,1.0000,1.00,1001.00,1.00,1001.00,0.00,0.00,0.00
212518861,Lyon La Soie (FRA) 8th Apr,To Be Placed,08-04-2023 18:00,50854626,Aquilon,1,1.70000000,1.0000,1.0000,1.00,1001.00,1.00,1001.00,0.00,0.00,0.00
212518579,Auteuil (FRA) 8th Apr,To Be Placed,08-04-2023 14:32,50837170,Osaxalina,0,6.43176439,1.0000,1.0000,1.00,1001.00,1.00,1001.00,0.00,0.00,0.00
212518863,Lyon La Soie (FRA) 8th Apr,To Be Placed,08-04-2023 18:30,49064768,Salsa Du Demon,0,4.30000000,1.0000,1.0000,1.00,1001.00,1.00,1001.00,0.00,0.00,0.00
212518861,Lyon La Soie (FRA) 8th Apr,To Be Placed,08-04-2023 18:00,52820686,Safiyah Glory,0,14.50000000,1.0000,1.0000,1.00,1001.00,1.00,1001.00,0.00,0.00,0.00
212518965,Nancy (FRA) 8th Apr,To Be Placed,08-04-2023 10:10,4443566,Sadalbari,0,3.60000000,1.0000,6.1970,1.00,1001.00,1.00,1001.00,358.78,0.00,0.00
212518961,Nancy (FRA) 8th Apr,To Be Placed,08-04-2023 09:40,47592220,Top Daay,1,1.49000000,1.0000,1.4662,1.00,1001.00,1.00,1001.00,57.76,0.00,0.00
212518959,Lyon La Soie (FRA) 8th Apr,To Be Placed,08-04-2023 20:00,27040452,Poets Black,1,2.91893345,1.0000,1.0000,1.00,1001.00,1.00,1001.00,0.00,0.00,0.00
212518959,Lyon La Soie (FRA) 8th Apr,To Be Placed,08-04-2023 20:00,12734226,Embajadores,0,3.22500000,1.0000,1.0000,1.00,1001.00,1.00,1001.00,0.00,0.00,0.00
212518579,Auteuil (FRA) 8th Apr,To Be Placed,08-04-2023 14:32,1018718,Selma,0,4.03527425,1.0000,1.0000,1.00,1001.00,1.00,1001.00,0.00,0.00,0.00
212519055,Nancy (FRA) 8th Apr,To Be Placed,08-04-2023 10:40,28434118,Lex Luthor,0,2.24000000,1.0000,,1.00,1001.00,1.00,1001.00,21.88,0.00,0.00
212518767,Lyon La Soie (FRA) 8th Apr,To Be Placed,08-04-2023 16:52,25360154,Charlesquint,0,3.87500000,1.0000,1.0000,1.00,1001.00,1.00,1001.00,0.00,0.00,0.00
212518863,Lyon La Soie (FRA) 8th Apr,To Be Placed,08-04-2023 18:30,50479894,Belles Feuilles,1,2.45192019,1.0000,1.0000,1.00,1001.00,1.00,1001.00,0.00,0.00,0.00
212518481,Auteuil (FRA) 8th Apr,To Be Placed,08-04-2023 12:05,38859696,Not Too Bad,1,1.68000000,1.0000,1.3232,1.00,1001.00,1.00,1001.00,385.66,0.00,0.00
212518487,Auteuil (FRA) 8th Apr,To Be Placed,08-04-2023 13:50,52849706,Jacks Parrot,0,3.30000000,1.0000,1.0000,1.00,1001.00,1.00,1001.00,0.00,0.00,0.00
212518863,Lyon La Soie (FRA) 8th Apr,To Be Placed,08-04-2023 18:30,50981792,Crack City,0,6.15000000,1.0000,1.0000,1.00,1001.00,1.00,1001.00,0.00,0.00,0.00
212518579,Auteuil (FRA) 8th Apr,To Be Placed,08-04-2023 14:32,41287229,Kolkova,1,2.86788485,1.0000,1.0000,1.00,1001.00,1.00,1001.00,0.00,0.00,0.00
212518961,Nancy (FRA) 8th Apr,To Be Placed,08-04-2023 09:40,9090646,Serenade,1,3.62500000,1.0000,3.1755,1.00,1001.00,1.00,1001.00,835.36,0.00,0.00
212518481,Auteuil (FRA) 8th Apr,To Be Placed,08-04-2023 12:05,43581479,Le Philosophe,0,2.29655864,1.0000,2.3600,1.00,1001.00,1.00,1001.00,167.56,0.00,0.00
212518765,Lyon La Soie (FRA) 8th Apr,To Be Placed,08-04-2023 16:17,10146637,Autumn Twilight,0,2.95203009,1.0000,1.0000,1.00,1001.00,1.00,1001.00,0.00,0.00,0.00
212518579,Auteuil (FRA) 8th Apr,To Be Placed,08-04-2023 14:32,46028131,Gazelle De Cerisy,1,4.75430950,1.0000,1.0000,1.00,1001.00,1.00,1001.00,0.00,0.00,0.00
212518767,Lyon La Soie (FRA) 8th Apr,To Be Placed,08-04-2023 16:52,28648717,Vents Contraires,0,10.50000000,1.0000,1.0000,1.00,1001.00,1.00,1001.00,0.00,0.00,0.00
212518965,Nancy (FRA) 8th Apr,To Be Placed,08-04-2023 10:10,45120896,Barrameda,0,1.91000000,1.0000,1.8285,1.00,1001.00,1.00,1001.00,523.20,0.00,0.00
212518863,Lyon La Soie (FRA) 8th Apr,To Be Placed,08-04-2023 18:30,1163805,Hermano,0,1.62500000,1.0000,1.0000,1.00,1001.00,1.00,1001.00,0.00,0.00,0.00
212519151,Nancy (FRA) 8th Apr,To Be Placed,08-04-2023 11:47,41399514,Queen Clemence,0,15.50000000,1.0000,3.8828,1.00,1001.00,1.00,1001.00,9.99,0.00,0.00
212518959,Lyon La Soie (FRA) 8th Apr,To Be Placed,08-04-2023 20:00,39256332,Seiry,0,2.19000000,1.0000,1.0000,1.00,1001.00,1.00,1001.00,0.00,0.00,0.00
212518959,Lyon La Soie (FRA) 8th Apr,To Be Placed,08-04-2023 20:00,6124858,Hard Talk,0,2.60325806,1.0000,1.0000,1.00,1001.00,1.00,1001.00,0.00,0.00,0.00
212518865,Lyon La Soie (FRA) 8th Apr,To Be Placed,08-04-2023 19:00,53449449,Iles Et Ailes,0,1.29000000,1.0000,1.0000,1.00,1001.00,1.00,1001.00,0.00,0.00,0.00
212518859,Lyon La Soie (FRA) 8th Apr,To Be Placed,08-04-2023 17:27,42658089,Victor Lazzlo,0,12.25000000,1.0000,1.0000,1.00,1001.00,1.00,1001.00,0.00,0.00,0.00
212518583,Auteuil (FRA) 8th Apr,To Be Placed,08-04-2023 15:42,9004673,Anouma Freedom,0,16.00000000,1.0000,1.0000,1.00,1001.00,1.00,1001.00,0.00,0.00,0.00
212518479,Auteuil (FRA) 8th Apr,To Be Placed,08-04-2023 11:30,53776961,Mask Damour,0,4.00000000,1.0000,4.2969,1.00,1001.00,1.00,1001.00,368.50,0.00,0.00
212518865,Lyon La Soie (FRA) 8th Apr,To Be Placed,08-04-2023 19:00,3885337,Brisbane,1,4.18700924,1.0000,1.0000,1.00,1001.00,1.00,1001.00,0.00,0.00,0.00
212518579,Auteuil (FRA) 8th Apr,To Be Placed,08-04-2023 14:32,46521178,Bakala,0,4.42986300,1.0000,1.0000,1.00,1001.00,1.00,1001.00,0.00,0.00,0.00
212518479,Auteuil (FRA) 8th Apr,To Be Placed,08-04-2023 11:30,1518034,Master Doc,1,1.45000000,1.0000,1.4378,1.00,1001.00,1.00,1001.00,1740.78,0.00,0.00
212518487,Auteuil (FRA) 8th Apr,To Be Placed,08-04-2023 13:50,216060,Juan Les Pins,0,3.90000000,1.0000,1.0000,1.00,1001.00,1.00,1001.00,0.00,0.00,0.00
212518865,Lyon La Soie (FRA) 8th Apr,To Be Placed,08-04-2023 19:00,48603496,Alashar,1,2.46304807,1.0000,1.0000,1.00,1001.00,1.00,1001.00,0.00,0.00,0.00
212519151,Nancy (FRA) 8th Apr,To Be Placed,08-04-2023 11:47,7371735,Caruso,0,9.40000000,1.0000,3.8228,1.00,1001.00,1.00,1001.00,9.99,0.00,0.00
212518961,Nancy (FRA) 8th Apr,To Be Placed,08-04-2023 09:40,48702827,A Fly Girl,0,46.00000000,1.0000,10.9237,1.00,1001.00,1.00,1001.00,15.74,0.00,0.00
212519151,Nancy (FRA) 8th Apr,To Be Placed,08-04-2023 11:47,44782837,Modern Value,1,3.00000000,1.0000,1.8634,1.00,1001.00,1.00,1001.00,83.70,0.00,0.00
212518479,Auteuil (FRA) 8th Apr,To Be Placed,08-04-2023 11:30,7085720,Ventura Highway,0,7.13377483,1.0000,5.1447,1.00,1001.00,1.00,1001.00,16.08,0.00,0.00
212518583,Auteuil (FRA) 8th Apr,To Be Placed,08-04-2023 15:42,40804983,Raffles Odeon,1,1.74000000,1.0000,1.0000,1.00,1001.00,1.00,1001.00,0.00,0.00,0.00
212518583,Auteuil (FRA) 8th Apr,To Be Placed,08-04-2023 15:42,24690109,Rockadenn,1,12.25000000,1.0000,1.0000,1.00,1001.00,1.00,1001.00,0.00,0.00,0.00
212518765,Lyon La Soie (FRA) 8th Apr,To Be Placed,08-04-2023 16:17,38894026,The Chosen One,1,3.40000000,1.0000,1.0000,1.00,1001.00,1.00,1001.00,0.00,0.00,0.00
212518765,Lyon La Soie (FRA) 8th Apr,To Be Placed,08-04-2023 16:17,38746033,Lejendario,0,2.66000000,1.0000,1.0000,1.00,1001.00,1.00,1001.00,0.00,0.00,0.00
212518481,Auteuil (FRA) 8th Apr,To Be Placed,08-04-2023 12:05,45323460,La Marche Bleue,1,1.54000000,1.0000,1.8480,1.00,1001.00,1.00,1001.00,359.26,0.00,0.00
212518959,Lyon La Soie (FRA) 8th Apr,To Be Placed,08-04-2023 20:00,21514194,Carter And Go,1,3.30000000,1.0000,1.0000,1.00,1001.00,1.00,1001.00,0.00,0.00,0.00
212518583,Auteuil (FRA) 8th Apr,To Be Placed,08-04-2023 15:42,35609849,Spirit Of The Moon,0,3.05000000,1.0000,1.0000,1.00,1001.00,1.00,1001.00,0.00,0.00,0.00
212518581,Auteuil (FRA) 8th Apr,To Be Placed,08-04-2023 15:07,28568162,Starlet Du Mesnil,0,3.60000000,1.0000,1.0000,1.00,1001.00,1.00,1001.00,0.00,0.00,0.00
212518487,Auteuil (FRA) 8th Apr,To Be Placed,08-04-2023 13:50,47970706,Jolivent,0,5.00000000,1.0000,1.0000,1.00,1001.00,1.00,1001.00,0.00,0.00,0.00
212518481,Auteuil (FRA) 8th Apr,To Be Placed,08-04-2023 12:05,45806369,Jaguar Des Obeaux,0,11.00000000,1.0000,1.0000,1.00,1001.00,1.00,1001.00,0.00,0.00,0.00
212518485,Auteuil (FRA) 8th Apr,To Be Placed,08-04-2023 13:15,44942049,St Donats,1,1.86963640,1.0000,1.0000,1.00,1001.00,1.00,1001.00,0.00,0.00,0.00
212519055,Nancy (FRA) 8th Apr,To Be Placed,08-04-2023 10:40,40168686,Jazzman Fleury,0,65.00000000,1.0000,23.9766,1.00,1001.00,1.00,1001.00,53.10,0.00,0.00
212519055,Nancy (FRA) 8th Apr,To Be Placed,08-04-2023 10:40,19159629,Riverwing,0,6.80000000,1.0000,5.5085,1.00,1001.00,1.00,1001.00,33.50,0.00,0.00
212518861,Lyon La Soie (FRA) 8th Apr,To Be Placed,08-04-2023 18:00,54473714,Allez Lulu,0,9.30000000,1.0000,1.0000,1.00,1001.00,1.00,1001.00,0.00,0.00,0.00
212518765,Lyon La Soie (FRA) 8th Apr,To Be Placed,08-04-2023 16:17,51515182,Mino Pico,0,11.75000000,1.0000,1.0000,1.00,1001.00,1.00,1001.00,0.00,0.00,0.00
212518485,Auteuil (FRA) 8th Apr,To Be Placed,08-04-2023 13:15,43581499,Isaline De Chandou,0,4.90000000,1.0000,1.0000,1.00,1001.00,1.00,1001.00,0.00,0.00,0.00
212518931,Lyon La Soie (FRA) 8th Apr,To Be Placed,08-04-2023 19:30,46702837,Dolceshal,1,5.30000000,1.0000,1.0000,1.00,1001.00,1.00,1001.00,0.00,0.00,0.00
212518581,Auteuil (FRA) 8th Apr,To Be Placed,08-04-2023 15:07,14590465,Metasequoia,1,2.94998047,1.0000,1.0000,1.00,1001.00,1.00,1001.00,0.00,0.00,0.00
212519151,Nancy (FRA) 8th Apr,To Be Placed,08-04-2023 11:47,16635869,Momour,0,2.60000000,1.0000,2.5029,1.00,1001.00,1.00,1001.00,50.28,0.00,0.00
212519057,Nancy (FRA) 8th Apr,To Be Placed,08-04-2023 11:12,54473720,Gracehill,0,85.00000000,1.0000,43.2372,1.00,1001.00,1.00,1001.00,3.54,0.00,0.00
212518765,Lyon La Soie (FRA) 8th Apr,To Be Placed,08-04-2023 16:17,40033177,Almanzone,0,5.90000000,1.0000,1.0000,1.00,1001.00,1.00,1001.00,0.00,0.00,0.00
212518485,Auteuil (FRA) 8th Apr,To Be Placed,08-04-2023 13:15,5714410,Bolero,0,7.60000000,1.0000,1.0000,1.00,1001.00,1.00,1001.00,0.00,0.00,0.00
212518959,Lyon La Soie (FRA) 8th Apr,To Be Placed,08-04-2023 20:00,17555079,Sadarak,0,5.30000000,1.0000,1.0000,1.00,1001.00,1.00,1001.00,0.00,0.00,0.00
212519055,Nancy (FRA) 8th Apr,To Be Placed,08-04-2023 10:40,5524698,Banksy,1,1.57602347,1.0000,1.9673,1.00,1001.00,1.00,1001.00,120.28,0.00,0.00
212518583,Auteuil (FRA) 8th Apr,To Be Placed,08-04-2023 15:42,42080624,Trent Lane,0,5.60000000,1.0000,1.0000,1.00,1001.00,1.00,1001.00,0.00,0.00,0.00
212518765,Lyon La Soie (FRA) 8th Apr,To Be Placed,08-04-2023 16:17,36137507,Make Gold,0,4.70000000,1.0000,1.0000,1.00,1001.00,1.00,1001.00,0.00,0.00,0.00
212519149,Nancy (FRA) 8th Apr,To Be Placed,08-04-2023 12:22,12805392,Myfriendrich,0,6.75117816,1.0000,1.0000,1.00,1001.00,1.00,1001.00,0.00,0.00,0.00
212518859,Lyon La Soie (FRA) 8th Apr,To Be Placed,08-04-2023 17:27,22021422,Karry Bradshaw,0,2.46000000,1.0000,1.0000,1.00,1001.00,1.00,1001.00,0.00,0.00,0.00
212518965,Nancy (FRA) 8th Apr,To Be Placed,08-04-2023 10:10,49146592,Freccetta,1,2.24000000,1.0000,2.3452,1.00,1001.00,1.00,1001.00,377.54,0.00,0.00
212518583,Auteuil (FRA) 8th Apr,To Be Placed,08-04-2023 15:42,39422306,Saint Langis,0,3.52500000,1.0000,1.0000,1.00,1001.00,1.00,1001.00,0.00,0.00,0.00
212519149,Nancy (FRA) 8th Apr,To Be Placed,08-04-2023 12:22,36379804,Dan Chop,0,24.00000000,1.0000,1.0000,1.00,1001.00,1.00,1001.00,0.00,0.00,0.00
212518581,Auteuil (FRA) 8th Apr,To Be Placed,08-04-2023 15:07,19527839,Doctor Squeeze,0,4.76738003,1.0000,1.0000,1.00,1001.00,1.00,1001.00,0.00,0.00,0.00
212518485,Auteuil (FRA) 8th Apr,To Be Placed,08-04-2023 13:15,43581482,Losange Bleu,1,1.35500000,1.0000,1.0000,1.00,1001.00,1.00,1001.00,0.00,0.00,0.00
212518485,Auteuil (FRA) 8th Apr,To Be Placed,08-04-2023 13:15,7596751,Libeccio,0,10.03146823,1.0000,1.0000,1.00,1001.00,1.00,1001.00,0.00,0.00,0.00
212518579,Auteuil (FRA) 8th Apr,To Be Placed,08-04-2023 14:32,44163707,Eadream,0,3.94319325,1.0000,1.0000,1.00,1001.00,1.00,1001.00,0.00,0.00,0.00
212518961,Nancy (FRA) 8th Apr,To Be Placed,08-04-2023 09:40,48031398,Regina Lillie,0,8.80000000,1.0000,15.2504,1.00,1001.00,1.00,1001.00,495.78,0.00,0.00
212518765,Lyon La Soie (FRA) 8th Apr,To Be Placed,08-04-2023 16:17,23739053,Cleodor,1,2.55390394,1.0000,1.0000,1.00,1001.00,1.00,1001.00,0.00,0.00,0.00
212518931,Lyon La Soie (FRA) 8th Apr,To Be Placed,08-04-2023 19:30,6146920,Nevado,0,2.10628510,1.0000,1.0000,1.00,1001.00,1.00,1001.00,0.00,0.00,0.00
212518487,Auteuil (FRA) 8th Apr,To Be Placed,08-04-2023 13:50,48726430,Jeune Soldat,0,1.88593003,1.0000,1.0000,1.00,1001.00,1.00,1001.00,0.00,0.00,0.00
212519149,Nancy (FRA) 8th Apr,To Be Placed,08-04-2023 12:22,22057366,Visionary Dreamer,1,3.30000000,1.0000,1.0000,1.00,1001.00,1.00,1001.00,0.00,0.00,0.00
212518579,Auteuil (FRA) 8th Apr,To Be Placed,08-04-2023 14:32,41931761,Mercinette,0,2.13092780,1.0000,1.0000,1.00,1001.00,1.00,1001.00,0.00,0.00,0.00
212518931,Lyon La Soie (FRA) 8th Apr,To Be Placed,08-04-2023 19:30,50510287,Gratulace,0,2.75000000,1.0000,1.0000,1.00,1001.00,1.00,1001.00,0.00,0.00,0.00
212518931,Lyon La Soie (FRA) 8th Apr,To Be Placed,08-04-2023 19:30,45759736,Stellar Jay,1,3.62684715,1.0000,1.0000,1.00,1001.00,1.00,1001.00,0.00,0.00,0.00
212518487,Auteuil (FRA) 8th Apr,To Be Placed,08-04-2023 13:50,53120632,Janvier,0,6.80000000,1.0000,1.0000,1.00,1001.00,1.00,1001.00,0.00,0.00,0.00
212518863,Lyon La Soie (FRA) 8th Apr,To Be Placed,08-04-2023 18:30,50414833,Anna Caribea,1,2.54000000,1.0000,1.0000,1.00,1001.00,1.00,1001.00,0.00,0.00,0.00
212518479,Auteuil (FRA) 8th Apr,To Be Placed,08-04-2023 11:30,53646669,Boom Boom Ciao,0,21.75000000,1.0000,11.0000,1.00,1001.00,1.00,1001.00,0.52,0.00,0.00
212518767,Lyon La Soie (FRA) 8th Apr,To Be Placed,08-04-2023 16:52,8063020,National Service,0,2.62664647,1.0000,1.0000,1.00,1001.00,1.00,1001.00,0.00,0.00,0.00
212518865,Lyon La Soie (FRA) 8th Apr,To Be Placed,08-04-2023 19:00,51961901,Belle Et Grise,0,2.65000000,1.0000,1.0000,1.00,1001.00,1.00,1001.00,0.00,0.00,0.00
212518859,Lyon La Soie (FRA) 8th Apr,To Be Placed,08-04-2023 17:27,38914919,Speed Chop,0,14.50000000,1.0000,1.0000,1.00,1001.00,1.00,1001.00,0.00,0.00,0.00
212518483,Auteuil (FRA) 8th Apr,To Be Placed,08-04-2023 12:40,53646664,Fragments Of Time,1,3.58990020,1.0000,1.0000,1.00,1001.00,1.00,1001.00,0.00,0.00,0.00
212518481,Auteuil (FRA) 8th Apr,To Be Placed,08-04-2023 12:05,49809412,Benou,0,7.40000000,1.0000,1.0000,1.00,1001.00,1.00,1001.00,0.00,0.00,0.00
212519055,Nancy (FRA) 8th Apr,To Be Placed,08-04-2023 10:40,12513661,Ultimate Fight,0,11.50000000,1.0000,6.1827,1.00,1001.00,1.00,1001.00,36.71,0.00,0.00
212518765,Lyon La Soie (FRA) 8th Apr,To Be Placed,08-04-2023 16:17,36437451,Hadewin,1,2.68000000,1.0000,1.0000,1.00,1001.00,1.00,1001.00,0.00,0.00,0.00
212519149,Nancy (FRA) 8th Apr,To Be Placed,08-04-2023 12:22,36783744,As De Juilley,0,2.40000000,1.0000,2.8799,1.00,1001.00,1.00,1001.00,22.06,0.00,0.00
212518861,Lyon La Soie (FRA) 8th Apr,To Be Placed,08-04-2023 18:00,54140755,Mister Goken,0,22.00000000,1.0000,1.0000,1.00,1001.00,1.00,1001.00,0.00,0.00,0.00
212518859,Lyon La Soie (FRA) 8th Apr,To Be Placed,08-04-2023 17:27,41634393,Black Wall,1,6.20000000,1.0000,1.0000,1.00,1001.00,1.00,1001.00,0.00,0.00,0.00
212518583,Auteuil (FRA) 8th Apr,To Be Placed,08-04-2023 15:42,13417005,Beau Gosse,0,3.95000000,1.0000,1.0000,1.00,1001.00,1.00,1001.00,0.00,0.00,0.00
212518487,Auteuil (FRA) 8th Apr,To Be Placed,08-04-2023 13:50,52849700,Jack Lux,0,14.50000000,1.0000,1.0000,1.00,1001.00,1.00,1001.00,0.00,0.00,0.00
212518767,Lyon La Soie (FRA) 8th Apr,To Be Placed,08-04-2023 16:52,40628366,Yoozuna,1,2.70000000,1.0000,1.0000,1.00,1001.00,1.00,1001.00,0.00,0.00,0.00
212519151,Nancy (FRA) 8th Apr,To Be Placed,08-04-2023 11:47,47464002,Aurelia Aurita,0,8.70000000,1.0000,3.5383,1.00,1001.00,1.00,1001.00,10.70,0.00,0.00
212518481,Auteuil (FRA) 8th Apr,To Be Placed,08-04-2023 12:05,45301999,My Kalissy,0,10.16823153,1.0000,1.0000,1.00,1001.00,1.00,1001.00,0.00,0.00,0.00
212519149,Nancy (FRA) 8th Apr,To Be Placed,08-04-2023 12:22,28547475,Magic Legs,0,2.09842802,1.0000,2.5437,1.00,1001.00,1.00,1001.00,184.14,0.00,0.00
212518965,Nancy (FRA) 8th Apr,To Be Placed,08-04-2023 10:10,10078316,Scattered Dreams,0,3.40000000,1.0000,2.2536,1.00,1001.00,1.00,1001.00,785.07,0.00,0.00
212518487,Auteuil (FRA) 8th Apr,To Be Placed,08-04-2023 13:50,52277991,Jomo De Lux,0,19.65383810,1.0000,1.0000,1.00,1001.00,1.00,1001.00,0.00,0.00,0.00
212518483,Auteuil (FRA) 8th Apr,To Be Placed,08-04-2023 12:40,53776927,Kundaline,0,2.22000000,1.0000,1.0000,1.00,1001.00,1.00,1001.00,0.00,0.00,0.00
212518863,Lyon La Soie (FRA) 8th Apr,To Be Placed,08-04-2023 18:30,51961924,Doctor Chopper,0,4.10000000,1.0000,1.0000,1.00,1001.00,1.00,1001.00,0.00,0.00,0.00
212518965,Nancy (FRA) 8th Apr,To Be Placed,08-04-2023 10:10,50170144,Queen Regine,0,5.05000000,1.0000,4.8278,1.00,1001.00,1.00,1001.00,376.76,0.00,0.00
212518767,Lyon La Soie (FRA) 8th Apr,To Be Placed,08-04-2023 16:52,36229597,Parchemin,0,2.21446982,1.0000,1.0000,1.00,1001.00,1.00,1001.00,0.00,0.00,0.00
212518861,Lyon La Soie (FRA) 8th Apr,To Be Placed,08-04-2023 18:00,48740034,Salt Flake,0,4.70000000,1.0000,1.0000,1.00,1001.00,1.00,1001.00,0.00,0.00,0.00
212519151,Nancy (FRA) 8th Apr,To Be Placed,08-04-2023 11:47,12974332,Moonwalk Step,0,2.12000000,1.0000,1.0000,1.00,1001.00,1.00,1001.00,9.66,0.00,0.00
212518859,Lyon La Soie (FRA) 8th Apr,To Be Placed,08-04-2023 17:27,35672819,Calas Queen,0,1.45027636,1.0000,1.0000,1.00,1001.00,1.00,1001.00,0.00,0.00,0.00
212518765,Lyon La Soie (FRA) 8th Apr,To Be Placed,08-04-2023 16:17,43096377,Ultime Nonantaise,0,19.50000000,1.0000,1.0000,1.00,1001.00,1.00,1001.00,0.00,0.00,0.00
212518485,Auteuil (FRA) 8th Apr,To Be Placed,08-04-2023 13:15,43581484,Les Cerfs Volants,0,4.65000000,1.0000,1.0000,1.00,1001.00,1.00,1001.00,0.00,0.00,0.00
212518965,Nancy (FRA) 8th Apr,To Be Placed,08-04-2023 10:10,47241839,Irishkamaya,1,2.08000000,1.0000,1.9694,1.00,1001.00,1.00,1001.00,813.62,0.00,0.00
212518865,Lyon La Soie (FRA) 8th Apr,To Be Placed,08-04-2023 19:00,46791724,Jagda,0,17.00000000,1.0000,1.0000,1.00,1001.00,1.00,1001.00,0.00,0.00,0.00
212518859,Lyon La Soie (FRA) 8th Apr,To Be Placed,08-04-2023 17:27,12023731,Capchop,0,5.32433019,1.0000,1.0000,1.00,1001.00,1.00,1001.00,0.00,0.00,0.00
212518479,Auteuil (FRA) 8th Apr,To Be Placed,08-04-2023 11:30,48639872,Square Saint Roch,1,2.17318900,1.0000,1.6439,1.00,1001.00,1.00,1001.00,523.40,0.00,0.00
212519151,Nancy (FRA) 8th Apr,To Be Placed,08-04-2023 11:47,8414426,Fearless,1,3.30000000,1.0000,1.9919,1.00,1001.00,1.00,1001.00,70.10,0.00,0.00
212518487,Auteuil (FRA) 8th Apr,To Be Placed,08-04-2023 13:50,40473833,Jericoacoara,1,2.54478210,1.0000,1.0000,1.00,1001.00,1.00,1001.00,0.00,0.00,0.00
212518583,Auteuil (FRA) 8th Apr,To Be Placed,08-04-2023 15:42,31224095,Gentleman Dathon,1,7.20000000,1.0000,1.0000,1.00,1001.00,1.00,1001.00,0.00,0.00,0.00
212518487,Auteuil (FRA) 8th Apr,To Be Placed,08-04-2023 13:50,47970710,Jedusor,1,1.89006272,1.0000,1.0000,1.00,1001.00,1.00,1001.00,0.00,0.00,0.00
212518859,Lyon La Soie (FRA) 8th Apr,To Be Placed,08-04-2023 17:27,22970887,Highest Mountain,1,1.88000000,1.0000,1.0000,1.00,1001.00,1.00,1001.00,0.00,0.00,0.00
212518583,Auteuil (FRA) 8th Apr,To Be Placed,08-04-2023 15:42,24179957,Kapteen,0,5.48161248,1.0000,1.0000,1.00,1001.00,1.00,1001.00,0.00,0.00,0.00
212518581,Auteuil (FRA) 8th Apr,To Be Placed,08-04-2023 15:07,37384813,Gex,1,2.09665381,1.0000,1.0000,1.00,1001.00,1.00,1001.00,0.00,0.00,0.00
212519057,Nancy (FRA) 8th Apr,To Be Placed,08-04-2023 11:12,49515508,Caliyza,1,1.14000000,1.0000,1.1537,1.00,1001.00,1.00,1001.00,1556.24,0.00,0.00
212518859,Lyon La Soie (FRA) 8th Apr,To Be Placed,08-04-2023 17:27,23914225,Frenchy,0,3.65000000,1.0000,1.0000,1.00,1001.00,1.00,1001.00,0.00,0.00,0.00
212518965,Nancy (FRA) 8th Apr,To Be Placed,08-04-2023 10:10,48555635,Belle Faustine,0,7.00000000,1.0000,8.0000,1.00,1001.00,1.00,1001.00,5.36,0.00,0.00
212518765,Lyon La Soie (FRA) 8th Apr,To Be Placed,08-04-2023 16:17,42024537,Mybelle,0,7.70000000,1.0000,1.0000,1.00,1001.00,1.00,1001.00,0.00,0.00,0.00
212518579,Auteuil (FRA) 8th Apr,To Be Placed,08-04-2023 14:32,39521198,Il Ny A Pas Photo,1,2.88430339,1.0000,1.0000,1.00,1001.00,1.00,1001.00,0.00,0.00,0.00
212519057,Nancy (FRA) 8th Apr,To Be Placed,08-04-2023 11:12,54473719,Mehgaway,0,2.00000000,1.0000,2.3333,1.00,1001.00,1.00,1001.00,505.52,0.00,0.00
212518583,Auteuil (FRA) 8th Apr,To Be Placed,08-04-2023 15:42,24796959,Folly Foot,0,4.30000000,1.0000,1.0000,1.00,1001.00,1.00,1001.00,0.00,0.00,0.00
212518583,Auteuil (FRA) 8th Apr,To Be Placed,08-04-2023 15:42,41931774,Monster Caroli,0,7.20000000,1.0000,1.0000,1.00,1001.00,1.00,1001.00,0.00,0.00,0.00
212518965,Nancy (FRA) 8th Apr,To Be Placed,08-04-2023 10:10,48555634,Waya Waya,0,19.00000000,1.0000,,1.00,1001.00,1.00,1001.00,19.70,0.00,0.00
212518863,Lyon La Soie (FRA) 8th Apr,To Be Placed,08-04-2023 18:30,24496075,Germinal,1,2.16560195,1.0000,1.0000,1.00,1001.00,1.00,1001.00,0.00,0.00,0.00
212518583,Auteuil (FRA) 8th Apr,To Be Placed,08-04-2023 15:42,28471841,Sambrillon,0,12.75000000,1.0000,1.0000,1.00,1001.00,1.00,1001.00,0.00,0.00,0.00
212518859,Lyon La Soie (FRA) 8th Apr,To Be Placed,08-04-2023 17:27,39049277,Sage Dream,0,20.50000000,1.0000,1.0000,1.00,1001.00,1.00,1001.00,0.00,0.00,0.00
212518959,Lyon La Soie (FRA) 8th Apr,To Be Placed,08-04-2023 20:00,27485955,Capable,1,2.60000000,1.0000,1.0000,1.00,1001.00,1.00,1001.00,0.00,0.00,0.00
212518579,Auteuil (FRA) 8th Apr,To Be Placed,08-04-2023 14:32,44344935,Jour De Fete,0,4.52256200,1.0000,1.0000,1.00,1001.00,1.00,1001.00,0.00,0.00,0.00
212519055,Nancy (FRA) 8th Apr,To Be Placed,08-04-2023 10:40,24839982,Makeno,1,3.22500000,1.0000,2.6200,1.00,1001.00,1.00,1001.00,3.46,0.00,0.00
212518765,Lyon La Soie (FRA) 8th Apr,To Be Placed,08-04-2023 16:17,18926295,Bocciatore,0,3.65000000,1.0000,1.0000,1.00,1001.00,1.00,1001.00,0.00,0.00,0.00
212519149,Nancy (FRA) 8th Apr,To Be Placed,08-04-2023 12:22,1189574,Silver Magic,0,3.40000000,1.0000,1.0000,1.00,1001.00,1.00,1001.00,0.00,0.00,0.00
212518861,Lyon La Soie (FRA) 8th Apr,To Be Placed,08-04-2023 18:00,49872116,Night Oasis,1,5.40000000,1.0000,1.0000,1.00,1001.00,1.00,1001.00,0.00,0.00,0.00
212518861,Lyon La Soie (FRA) 8th Apr,To Be Placed,08-04-2023 18:00,49089946,Zilrak,0,4.92735599,1.0000,1.0000,1.00,1001.00,1.00,1001.00,0.00,0.00,0.00
212519055,Nancy (FRA) 8th Apr,To Be Placed,08-04-2023 10:40,36528420,Everstorm,1,2.94000000,1.0000,3.3646,1.00,1001.00,1.00,1001.00,22.94,0.00,0.00
212518483,Auteuil (FRA) 8th Apr,To Be Placed,08-04-2023 12:40,53776921,Kiaradame,0,2.69495575,1.0000,1.0000,1.00,1001.00,1.00,1001.00,0.00,0.00,0.00
212518861,Lyon La Soie (FRA) 8th Apr,To Be Placed,08-04-2023 18:00,10066111,Top Of Mind,0,4.65000000,1.0000,1.0000,1.00,1001.00,1.00,1001.00,0.00,0.00,0.00
212518583,Auteuil (FRA) 8th Apr,To Be Placed,08-04-2023 15:42,39025609,Ma Beaute,0,6.20000000,1.0000,1.0000,1.00,1001.00,1.00,1001.00,0.00,0.00,0.00
212519149,Nancy (FRA) 8th Apr,To Be Placed,08-04-2023 12:22,7073513,Wonder Hope,0,3.62500000,1.0000,4.4037,1.00,1001.00,1.00,1001.00,140.16,0.00,0.00
212518861,Lyon La Soie (FRA) 8th Apr,To Be Placed,08-04-2023 18:00,53915086,Le Treport,0,2.71000000,1.0000,1.0000,1.00,1001.00,1.00,1001.00,0.00,0.00,0.00
212518767,Lyon La Soie (FRA) 8th Apr,To Be Placed,08-04-2023 16:52,26712760,Glaer,1,2.42000000,1.0000,1.0000,1.00,1001.00,1.00,1001.00,0.00,0.00,0.00
212518959,Lyon La Soie (FRA) 8th Apr,To Be Placed,08-04-2023 20:00,28828,Istar,0,4.10000000,1.0000,1.0000,1.00,1001.00,1.00,1001.00,0.00,0.00,0.00
212518863,Lyon La Soie (FRA) 8th Apr,To Be Placed,08-04-2023 18:30,50414834,Magic Tunis,0,1.73000000,1.0000,1.0000,1.00,1001.00,1.00,1001.00,0.00,0.00,0.00
212518765,Lyon La Soie (FRA) 8th Apr,To Be Placed,08-04-2023 16:17,14246258,French Pegasus,0,11.50000000,1.0000,1.0000,1.00,1001.00,1.00,1001.00,0.00,0.00,0.00
212518959,Lyon La Soie (FRA) 8th Apr,To Be Placed,08-04-2023 20:00,49549649,Mirissa,0,2.45206860,1.0000,1.0000,1.00,1001.00,1.00,1001.00,0.00,0.00,0.00
212519057,Nancy (FRA) 8th Apr,To Be Placed,08-04-2023 11:12,53915080,Ellerton,1,1.72000000,1.0000,1.7723,1.00,1001.00,1.00,1001.00,666.38,0.00,0.00
212518961,Nancy (FRA) 8th Apr,To Be Placed,08-04-2023 09:40,54473718,Sioux Glory,0,5.55000000,1.0000,6.9899,1.00,1001.00,1.00,1001.00,363.82,0.00,0.00
212518765,Lyon La Soie (FRA) 8th Apr,To Be Placed,08-04-2023 16:17,5600814,Italo,0,9.90000000,1.0000,1.0000,1.00,1001.00,1.00,1001.00,0.00,0.00,0.00
212519149,Nancy (FRA) 8th Apr,To Be Placed,08-04-2023 12:22,24704143,Well De Vindecy,0,2.56000000,1.0000,2.5503,1.00,1001.00,1.00,1001.00,186.52,0.00,0.00
212518961,Nancy (FRA) 8th Apr,To Be Placed,08-04-2023 09:40,45898363,Lidisbarn,0,2.26000000,1.0000,2.0657,1.00,1001.00,1.00,1001.00,356.98,0.00,0.00
212519055,Nancy (FRA) 8th Apr,To Be Placed,08-04-2023 10:40,28580076,Noelle,0,1.94000000,1.0000,1.7282,1.00,1001.00,1.00,1001.00,51.36,0.00,0.00
212519055,Nancy (FRA) 8th Apr,To Be Placed,08-04-2023 10:40,40260777,Why Chope,0,6.30000000,1.0000,3.6000,1.00,1001.00,1.00,1001.00,6.00,0.00,0.00
212519151,Nancy (FRA) 8th Apr,To Be Placed,08-04-2023 11:47,25024871,Karakorum,1,1.91000000,1.0000,2.0483,1.00,1001.00,1.00,1001.00,138.11,0.00,0.00
212519057,Nancy (FRA) 8th Apr,To Be Placed,08-04-2023 11:12,54473722,Le Selman,0,2.76000000,1.0000,4.8376,1.00,1001.00,1.00,1001.00,392.62,0.00,0.00
212518581,Auteuil (FRA) 8th Apr,To Be Placed,08-04-2023 15:07,42071311,Gessy Raiselle,0,5.39013640,1.0000,1.0000,1.00,1001.00,1.00,1001.00,0.00,0.00,0.00
212518483,Auteuil (FRA) 8th Apr,To Be Placed,08-04-2023 12:40,49596075,Terra Bella,0,1.61000000,1.0000,1.0000,1.00,1001.00,1.00,1001.00,0.00,0.00,0.00
212518767,Lyon La Soie (FRA) 8th Apr,To Be Placed,08-04-2023 16:52,25377053,Bosioh,0,11.50000000,1.0000,1.0000,1.00,1001.00,1.00,1001.00,0.00,0.00,0.00
212519151,Nancy (FRA) 8th Apr,To Be Placed,08-04-2023 11:47,11147305,Lucky Charlie,0,4.50000000,1.0000,3.2779,1.00,1001.00,1.00,1001.00,12.00,0.00,0.00
212518861,Lyon La Soie (FRA) 8th Apr,To Be Placed,08-04-2023 18:00,53615265,Mona Trezy,1,2.84000000,1.0000,1.0000,1.00,1001.00,1.00,1001.00,0.00,0.00,0.00
212519057,Nancy (FRA) 8th Apr,To Be Placed,08-04-2023 11:12,48402527,Winelato Laujac,1,7.57726699,1.0000,5.6200,1.00,1001.00,1.00,1001.00,127.06,0.00,0.00
212518861,Lyon La Soie (FRA) 8th Apr,To Be Placed,08-04-2023 18:00,44782327,Lady Regent,0,1.50000000,1.0000,1.0000,1.00,1001.00,1.00,1001.00,0.00,0.00,0.00
212518931,Lyon La Soie (FRA) 8th Apr,To Be Placed,08-04-2023 19:30,54473715,Kwipper,0,65.00000000,1.0000,1.0000,1.00,1001.00,1.00,1001.00,0.00,0.00,0.00
212518961,Nancy (FRA) 8th Apr,To Be Placed,08-04-2023 09:40,53615264,Warelia,0,4.45000000,1.0000,3.9353,1.00,1001.00,1.00,1001.00,347.90,0.00,0.00
212518931,Lyon La Soie (FRA) 8th Apr,To Be Placed,08-04-2023 19:30,50117106,Miss Muir,0,11.24780434,1.0000,1.0000,1.00,1001.00,1.00,1001.00,0.00,0.00,0.00
212518581,Auteuil (FRA) 8th Apr,To Be Placed,08-04-2023 15:07,26253968,General En Chef,0,5.50000000,1.0000,1.0000,1.00,1001.00,1.00,1001.00,0.00,0.00,0.00
212518479,Auteuil (FRA) 8th Apr,To Be Placed,08-04-2023 11:30,53646671,Kricquet Royal,0,2.54428483,1.0000,2.8500,1.00,1001.00,1.00,1001.00,489.55,0.00,0.00
212518931,Lyon La Soie (FRA) 8th Apr,To Be Placed,08-04-2023 19:30,46056871,Rosel,0,1.74500000,1.0000,1.0000,1.00,1001.00,1.00,1001.00,0.00,0.00,0.00
212519057,Nancy (FRA) 8th Apr,To Be Placed,08-04-2023 11:12,9191527,Kings Crown,0,20.00000000,1.0000,5.8000,1.00,1001.00,1.00,1001.00,2.00,0.00,0.00
212518765,Lyon La Soie (FRA) 8th Apr,To Be Placed,08-04-2023 16:17,40325694,Maritot,0,20.50000000,1.0000,1.0000,1.00,1001.00,1.00,1001.00,0.00,0.00,0.00
212518859,Lyon La Soie (FRA) 8th Apr,To Be Placed,08-04-2023 17:27,18267161,Giantissime,1,5.75000000,1.0000,1.0000,1.00,1001.00,1.00,1001.00,0.00,0.00,0.00
212518579,Auteuil (FRA) 8th Apr,To Be Placed,08-04-2023 14:32,46221545,Javanaise,0,1.67206775,1.0000,1.0000,1.00,1001.00,1.00,1001.00,0.00,0.00,0.00
212519149,Nancy (FRA) 8th Apr,To Be Placed,08-04-2023 12:22,25167395,Tounmy,0,3.80000000,1.0000,3.4076,1.00,1001.00,1.00,1001.00,166.50,0.00,0.00
