EVENT_ID,MENU_HINT,EVENT_NAME,EVENT_DT,SELECTION_ID,SELECTION_NAME,WIN_LOSE,BSP,PPWAP,MORNINGWAP,PPMAX,PPMIN,IPMAX,IPMIN,MORNINGTRADEDVOL,PPTRADEDVOL,IPTRADEDVOL
146433182,SIS / CPark 7th Aug,TO BE PLACED,07-08-2018 12:09,16592271,6. Foxy Tom,1,2.02,1,1,1,1001,1,1001,0,0,0
146433697,SIS / Crayfd 7th Aug,TO BE PLACED,07-08-2018 11:46,18160210,3. Deecees Brandy,0,3,1,3.04010103768432550518842162752594210814,1,1001,1,1001,219.72,0,0
146433697,SIS / Crayfd 7th Aug,TO BE PLACED,07-08-2018 11:46,20024770,2. Clarens Rebel,1,1.8633118971061058,1,1.80282154070419376541825521417358152052,1,1001,1,1001,713.44,0,0
146433697,SIS / Crayfd 7th Aug,TO BE PLACED,07-08-2018 11:46,11212249,1. Deanridge Beast,1,2.9,1,2.76254541915390604723592006228912535686,1,1001,1,1001,308.24,0,0
146433235,SIS / Henl 7th Aug,TO BE PLACED,07-08-2018 20:38,11142120,4. Westmead Gina,0,5.1,1,1,1,1001,1,1001,0,0,0
146433265,RPGTV / Poole 7th Aug,TO BE PLACED,07-08-2018 21:40,20023855,3. Tyrap Cruise,0,4.289402344,1,1,1,1001,1,1001,0,0,0
146433287,TRP / Sund 7th Aug,TO BE PLACED,07-08-2018 17:22,13227931,6. Seasons High,1,2.4145,1,1,1,1001,1,1001,0,0,0
146433273,TRP / Sund 7th Aug,TO BE PLACED,07-08-2018 15:07,20023951,3. Variant,0,2.14,1,1,1,1001,1,1001,0,0,0
146433283,TRP / Sund 7th Aug,TO BE PLACED,07-08-2018 16:46,12399703,2. Macys Mucky Pup,0,3.725,1,1,1,1001,1,1001,0,0,0
146433289,TRP / Sund 7th Aug,TO BE PLACED,07-08-2018 17:39,17096481,5. Millbank Gem,1,9.2,1,1,1,1001,1,1001,0,0,0
146433289,TRP / Sund 7th Aug,TO BE PLACED,07-08-2018 17:39,15862122,6. Coolykereen Rope,0,2.39,1,1,1,1001,1,1001,0,0,0
146431107,SIS / Monm 7th Aug,TO BE PLACED,07-08-2018 14:22,19747278,2. Boreen Blue,0,2.46,1,1,1,1001,1,1001,0,0,0
146431117,SIS / Monm 7th Aug,TO BE PLACED,07-08-2018 15:59,2085872,5. Buckshee Boy,1,2.4,1,1,1,1001,1,1001,0,0,0
146431117,SIS / Monm 7th Aug,TO BE PLACED,07-08-2018 15:59,20022476,3. Skywalker Vic,0,2.072567265,1,1,1,1001,1,1001,0,0,0
146433910,RPGTV / Sheff 7th Aug,TO BE PLACED,07-08-2018 20:13,14882240,2. Swift Danielle,1,2.27,1,1,1,1001,1,1001,0,0,0
146431095,TRP / Nott 7th Aug,TO BE PLACED,07-08-2018 12:48,11141029,1. Alfies Legacy,0,6.780152852851462,1,1,1,1001,1,1001,0,0,0
146431095,TRP / Nott 7th Aug,TO BE PLACED,07-08-2018 12:48,14858840,4. Nidderdale Lass,0,5.2616071428568105,1,1,1,1001,1,1001,0,0,0
146433679,SIS / Crayfd 7th Aug,TO BE PLACED,07-08-2018 20:27,13920395,2. Emiles Eske,0,7.4,1,1,1,1001,1,1001,0,0,0
146433681,SIS / Crayfd 7th Aug,TO BE PLACED,07-08-2018 20:42,12788386,4. Queen Anna,0,1.54,1,1,1,1001,1,1001,0,0,0
146433709,SIS / Crayfd 7th Aug,TO BE PLACED,07-08-2018 13:16,13965848,4. Manonamission,1,2.716348408,1,1,1,1001,1,1001,0,0,0
146430475,TRP / Kinsl 7th Aug,TO BE PLACED,07-08-2018 11:41,13336483,4. Rays Levi,1,1.88,1,1.96528901885019059056968304527178737403,1,1001,1,1001,383.02,0,0
146430481,TRP / Kinsl 7th Aug,TO BE PLACED,07-08-2018 12:26,13030993,2. Springwell Matty,0,2.04,1,1,1,1001,1,1001,0,0,0
146431091,TRP / Nott 7th Aug,TO BE PLACED,07-08-2018 12:18,13285639,4. Townside Rebel,0,3.476293004,1,1,1,1001,1,1001,0,0,0
146431091,TRP / Nott 7th Aug,TO BE PLACED,07-08-2018 12:18,17225544,2. Ballymac Backatu,1,1.5371756978653135,1,1,1,1001,1,1001,0,0,0
146431091,TRP / Nott 7th Aug,TO BE PLACED,07-08-2018 12:18,17677293,6. Blow Your Pocket,1,3.6198848276163336,1,1,1,1001,1,1001,0,0,0
146430477,TRP / Kinsl 7th Aug,TO BE PLACED,07-08-2018 11:56,20022386,3. Billy Bantam,1,2.53,1,2.88628539071347678369195922989807474519,1,1001,1,1001,264.9,0,0
146430483,TRP / Kinsl 7th Aug,TO BE PLACED,07-08-2018 12:42,10323558,3. Local Whistler,0,6.2,1,1,1,1001,1,1001,0,0,0
146430483,TRP / Kinsl 7th Aug,TO BE PLACED,07-08-2018 12:42,19667689,2. Rathdaniel Emma,1,2.45,1,1,1,1001,1,1001,0,0,0
146430485,TRP / Kinsl 7th Aug,TO BE PLACED,07-08-2018 12:57,13492892,5. Carson City,1,3.004267919569975,1,1,1,1001,1,1001,0,0,0
146430485,TRP / Kinsl 7th Aug,TO BE PLACED,07-08-2018 12:57,16062328,3. Cambridge Diva,0,2.61,1,1,1,1001,1,1001,0,0,0
146430493,TRP / Kinsl 7th Aug,TO BE PLACED,07-08-2018 13:59,12872628,6. Slatta Blue,0,2.21,1,1,1,1001,1,1001,0,0,0
146430493,TRP / Kinsl 7th Aug,TO BE PLACED,07-08-2018 13:59,20022432,1. Amelia Queen,0,3.3,1,1,1,1001,1,1001,0,0,0
146431081,TRP / Nott 7th Aug,TO BE PLACED,07-08-2018 11:03,18875135,5. Ballougry Bonbon,0,12.45,1,9.79088,1,1001,1,1001,12.5,0,0
146431129,SIS / Monm 7th Aug,TO BE PLACED,07-08-2018 17:54,10542627,4. Miss Holz,0,3.6,1,1,1,1001,1,1001,0,0,0
146431129,SIS / Monm 7th Aug,TO BE PLACED,07-08-2018 17:54,19643451,5. Blue Jean,0,3.875,1,1,1,1001,1,1001,0,0,0
146431127,SIS / Monm 7th Aug,TO BE PLACED,07-08-2018 17:37,10076896,6. Horseleap Oxo,0,3.5728547444764995,1,1,1,1001,1,1001,0,0,0
146433703,SIS / Crayfd 7th Aug,TO BE PLACED,07-08-2018 12:31,19891540,6. Tom The Bomb,0,1.64,1,1,1,1001,1,1001,0,0,0
146433703,SIS / Crayfd 7th Aug,TO BE PLACED,07-08-2018 12:31,11864095,5. Fawkham Porsche,0,8,1,1,1,1001,1,1001,0,0,0
146433703,SIS / Crayfd 7th Aug,TO BE PLACED,07-08-2018 12:31,19506255,2. Whats Annie Upto,1,4.6,1,1,1,1001,1,1001,0,0,0
146431113,SIS / Monm 7th Aug,TO BE PLACED,07-08-2018 15:19,12090392,1. Reahill Peach,1,4.3,1,1,1,1001,1,1001,0,0,0
146433715,SIS / Hove 7th Aug,TO BE PLACED,07-08-2018 14:12,11374101,1. Liljaqs Girl,1,2.94,1,1,1,1001,1,1001,0,0,0
146433715,SIS / Hove 7th Aug,TO BE PLACED,07-08-2018 14:12,11901653,5. Caras Rosie Jean,0,2.3,1,1,1,1001,1,1001,0,0,0
146433715,SIS / Hove 7th Aug,TO BE PLACED,07-08-2018 14:12,16705239,3. Punk Rock Hero,1,2.457549227,1,1,1,1001,1,1001,0,0,0
146433715,SIS / Hove 7th Aug,TO BE PLACED,07-08-2018 14:12,14590211,4. Gemini King,0,2.41,1,1,1,1001,1,1001,0,0,0
146433685,SIS / Crayfd 7th Aug,TO BE PLACED,07-08-2018 21:16,13330836,2. Travado,0,1.84,1,1,1,1001,1,1001,0,0,0
146433685,SIS / Crayfd 7th Aug,TO BE PLACED,07-08-2018 21:16,11019922,4. Romeo Proviso,0,2.6,1,1,1,1001,1,1001,0,0,0
146433705,SIS / Crayfd 7th Aug,TO BE PLACED,07-08-2018 12:46,19384176,1. Clarens Clare,0,2.93,1,1,1,1001,1,1001,0,0,0
146433705,SIS / Crayfd 7th Aug,TO BE PLACED,07-08-2018 12:46,19748121,6. Ballymac Liberty,1,1.94,1,1,1,1001,1,1001,0,0,0
146430479,TRP / Kinsl 7th Aug,TO BE PLACED,07-08-2018 12:11,19976912,5. Ghetto Lucky Dip,1,2.58,1,1,1,1001,1,1001,0,0,0
146433687,SIS / Crayfd 7th Aug,TO BE PLACED,07-08-2018 21:30,16949373,1. Kereight Jude,1,2.634128440367058,1,1,1,1001,1,1001,0,0,0
146433719,SIS / Hove 7th Aug,TO BE PLACED,07-08-2018 14:52,19837456,6. Fabulous Arrival,0,3.55,1,1,1,1001,1,1001,0,0,0
146433719,SIS / Hove 7th Aug,TO BE PLACED,07-08-2018 14:52,11449169,5. Jems Bullet,1,2.34434923,1,1,1,1001,1,1001,0,0,0
146433721,SIS / Hove 7th Aug,TO BE PLACED,07-08-2018 15:11,10400007,6. Allianz Park,0,8.685776597708315,1,1,1,1001,1,1001,0,0,0
146433727,SIS / Hove 7th Aug,TO BE PLACED,07-08-2018 16:09,11100258,1. Truffles,1,1.678389787592168,1,1,1,1001,1,1001,0,0,0
146433739,SIS / Hove 7th Aug,TO BE PLACED,07-08-2018 18:02,10499399,4. Nellie Oleson,0,3.0171100494888368,1,1,1,1001,1,1001,0,0,0
146433908,RPGTV / Sheff 7th Aug,TO BE PLACED,07-08-2018 19:57,20025074,1. Ballyrobin Reno,0,2.96,1,1,1,1001,1,1001,0,0,0
146433255,RPGTV / Poole 7th Aug,TO BE PLACED,07-08-2018 20:23,13398999,5. Boozed Big Bird,0,4.071184528853628,1,1,1,1001,1,1001,0,0,0
146433271,TRP / Sund 7th Aug,TO BE PLACED,07-08-2018 14:47,16258493,6. Hilldun Rose,0,4.8,1,1,1,1001,1,1001,0,0,0
146433247,RPGTV / Poole 7th Aug,TO BE PLACED,07-08-2018 19:19,11074682,6. Swift Eliza,0,2.928371160346579,1,1,1,1001,1,1001,0,0,0
146433677,SIS / Crayfd 7th Aug,TO BE PLACED,07-08-2018 20:11,16370847,1. Queen Adele,0,1.36,1,1,1,1001,1,1001,0,0,0
146433677,SIS / Crayfd 7th Aug,TO BE PLACED,07-08-2018 20:11,18930305,3. Courts Ad Lee,1,2.66,1,1,1,1001,1,1001,0,0,0
146433691,SIS / Crayfd 7th Aug,TO BE PLACED,07-08-2018 11:01,10200310,2. Key Shot,1,7.22531551468186,1,6.93940495116965705200999318646377469907,1,1001,1,1001,440.3,0,0
146433233,SIS / Henl 7th Aug,TO BE PLACED,07-08-2018 20:21,19349120,2. Frankton Tilly,1,2.24,1,1,1,1001,1,1001,0,0,0
146433269,TRP / Sund 7th Aug,TO BE PLACED,07-08-2018 14:27,17147965,2. Grimes Lady,1,1.78,1,1,1,1001,1,1001,0,0,0
146433269,TRP / Sund 7th Aug,TO BE PLACED,07-08-2018 14:27,10884942,6. Im Teddy Too,0,3.002,1,1,1,1001,1,1001,0,0,0
146433291,TRP / Sund 7th Aug,TO BE PLACED,07-08-2018 17:56,16667052,6. Steeple Rd John,1,4,1,1,1,1001,1,1001,0,0,0
146433731,SIS / Hove 7th Aug,TO BE PLACED,07-08-2018 16:48,19286756,2. Droopys Success,1,3.1,1,1,1,1001,1,1001,0,0,0
146433731,SIS / Hove 7th Aug,TO BE PLACED,07-08-2018 16:48,10439802,1. Liosgarbh All,1,3.75,1,1,1,1001,1,1001,0,0,0
146431115,SIS / Monm 7th Aug,TO BE PLACED,07-08-2018 15:39,18290482,3. Hillview Boy,0,3.834826,1,1,1,1001,1,1001,0,0,0
146431115,SIS / Monm 7th Aug,TO BE PLACED,07-08-2018 15:39,10624958,4. Scruffs Scully,1,3.330988593156217,1,1,1,1001,1,1001,0,0,0
146433188,SIS / CPark 7th Aug,TO BE PLACED,07-08-2018 12:54,19245179,2. Killuran Taylor,1,2.94,1,1,1,1001,1,1001,0,0,0
146433190,SIS / CPark 7th Aug,TO BE PLACED,07-08-2018 13:08,10639739,2. Trapstyle Lark,0,2.72,1,1,1,1001,1,1001,0,0,0
146433190,SIS / CPark 7th Aug,TO BE PLACED,07-08-2018 13:08,13501552,6. Zenas Allrite,0,4.15,1,1,1,1001,1,1001,0,0,0
146433237,SIS / Henl 7th Aug,TO BE PLACED,07-08-2018 20:53,13285671,3. Elmslea Puma,1,2.2753551878959106,1,1,1,1001,1,1001,0,0,0
146433237,SIS / Henl 7th Aug,TO BE PLACED,07-08-2018 20:53,17703767,6. Savana Skippy,0,1.694037242472259,1,1,1,1001,1,1001,0,0,0
146433243,RPGTV / Poole 7th Aug,TO BE PLACED,07-08-2018 18:47,13005113,6. Noirs Snapchat,0,2.924,1,1,1,1001,1,1001,0,0,0
146433253,RPGTV / Poole 7th Aug,TO BE PLACED,07-08-2018 20:08,20023822,6. Beaming Brae,1,1.305,1,1,1,1001,1,1001,0,0,0
146433267,TRP / Sund 7th Aug,TO BE PLACED,07-08-2018 14:08,12266980,5. Darlo Wallsy,1,3.85,1,1,1,1001,1,1001,0,0,0
146433267,TRP / Sund 7th Aug,TO BE PLACED,07-08-2018 14:08,20023936,6. Times Two,0,2.44,1,1,1,1001,1,1001,0,0,0
146433180,SIS / CPark 7th Aug,TO BE PLACED,07-08-2018 11:54,17881009,3. Lissan Black,0,6.2,1,5.72407369706840390879478827361563517915,1,1001,1,1001,196.48,0,0
146433192,SIS / CPark 7th Aug,TO BE PLACED,07-08-2018 13:22,20023915,3. Insteadofsandra,0,3.25,1,1,1,1001,1,1001,0,0,0
146433245,RPGTV / Poole 7th Aug,TO BE PLACED,07-08-2018 19:05,16664768,2. Aghadown Pixie,1,4.4,1,1,1,1001,1,1001,0,0,0
146433249,RPGTV / Poole 7th Aug,TO BE PLACED,07-08-2018 19:36,12142508,6. Scooby Star,0,5.1,1,1,1,1001,1,1001,0,0,0
146433275,TRP / Sund 7th Aug,TO BE PLACED,07-08-2018 15:27,15459912,6. Our Karma Girl,0,4.25,1,1,1,1001,1,1001,0,0,0
146433673,SIS / Crayfd 7th Aug,TO BE PLACED,07-08-2018 19:38,15061763,4. Hit The Roaduk,0,1.75,1,1,1,1001,1,1001,0,0,0
146433673,SIS / Crayfd 7th Aug,TO BE PLACED,07-08-2018 19:38,13138953,5. Snowdon Bolt,0,10.75,1,1,1,1001,1,1001,0,0,0
146433699,SIS / Crayfd 7th Aug,TO BE PLACED,07-08-2018 12:01,18592202,2. Tentone Him,0,2.38,1,2.33628817691482263593345272955860415561,1,1001,1,1001,854.14,0,0
146433699,SIS / Crayfd 7th Aug,TO BE PLACED,07-08-2018 12:01,10697818,1. Stunning Jojo,0,2.72,1,3.25116450457307457603590433362735612939,1,1001,1,1001,179.46,0,0
146433699,SIS / Crayfd 7th Aug,TO BE PLACED,07-08-2018 12:01,12638536,3. Deecees Lion,1,2.28,1,2.04997567004794939146929607031659613526,1,1001,1,1001,600.42,0,0
146433717,SIS / Hove 7th Aug,TO BE PLACED,07-08-2018 14:32,10813443,1. Swift Jiggle,1,2.68,1,1,1,1001,1,1001,0,0,0
146433735,SIS / Hove 7th Aug,TO BE PLACED,07-08-2018 17:28,17354418,1. Rosegarland Jedi,1,1.72,1,1,1,1001,1,1001,0,0,0
146433735,SIS / Hove 7th Aug,TO BE PLACED,07-08-2018 17:28,18231437,2. Candolim Dream,0,2.924576958325124,1,1,1,1001,1,1001,0,0,0
146433174,SIS / CPark 7th Aug,TO BE PLACED,07-08-2018 11:09,12289032,2. Sourhill Slave,0,3.525,1,3.55652505239093160602019432272813869308,1,1001,1,1001,314.94,0,0
146433918,RPGTV / Sheff 7th Aug,TO BE PLACED,07-08-2018 21:14,15878268,2. Black Eyed Hula,1,1.645,1,1,1,1001,1,1001,0,0,0
146433178,SIS / CPark 7th Aug,TO BE PLACED,07-08-2018 11:39,13316346,5. Causeway Fly,0,5,1,3.00364806866952789699570815450643776824,1,1001,1,1001,214.36,0,0
146433229,SIS / Henl 7th Aug,TO BE PLACED,07-08-2018 19:49,18669046,5. Savana Zeppelin,0,4.6,1,1,1,1001,1,1001,0,0,0
146433229,SIS / Henl 7th Aug,TO BE PLACED,07-08-2018 19:49,20023750,4. Savana Spectre,0,3.7,1,1,1,1001,1,1001,0,0,0
146433227,SIS / Henl 7th Aug,TO BE PLACED,07-08-2018 19:33,18186494,2. Taxi Blueshirt,0,4,1,1,1,1001,1,1001,0,0,0
146433257,RPGTV / Poole 7th Aug,TO BE PLACED,07-08-2018 20:37,13025875,1. Miss Gun,1,3.050077637286204,1,1,1,1001,1,1001,0,0,0
146433186,SIS / CPark 7th Aug,TO BE PLACED,07-08-2018 12:39,16729057,2. Ballougry Bolero,1,1.84,1,1,1,1001,1,1001,0,0,0
146433223,SIS / Henl 7th Aug,TO BE PLACED,07-08-2018 19:03,9232370,1. Westmead Michel,0,1.6308826574668638,1,1,1,1001,1,1001,0,0,0
146433259,RPGTV / Poole 7th Aug,TO BE PLACED,07-08-2018 20:51,19245375,2. Skeard Andy,0,4.5,1,1,1,1001,1,1001,0,0,0
146433259,RPGTV / Poole 7th Aug,TO BE PLACED,07-08-2018 20:51,19926501,4. Glory Mac,1,1.925870021,1,1,1,1001,1,1001,0,0,0
146433261,RPGTV / Poole 7th Aug,TO BE PLACED,07-08-2018 21:06,20023846,6. Machine Gun,0,1.635,1,1,1,1001,1,1001,0,0,0
146433263,RPGTV / Poole 7th Aug,TO BE PLACED,07-08-2018 21:22,19112213,6. Sure I Dunno,0,2.09,1,1,1,1001,1,1001,0,0,0
146433277,TRP / Sund 7th Aug,TO BE PLACED,07-08-2018 15:47,18950356,1. Head Up Haribo,1,2.02,1,1,1,1001,1,1001,0,0,0
146433277,TRP / Sund 7th Aug,TO BE PLACED,07-08-2018 15:47,13879298,2. Suirview Farah,0,3.257611499456689,1,1,1,1001,1,1001,0,0,0
146433693,SIS / Crayfd 7th Aug,TO BE PLACED,07-08-2018 11:16,19213265,2. Invincible Lucy,1,1.66,1,1.68054463370325737000197852402108027412,1,1001,1,1001,1111.94,0,0
146433701,SIS / Crayfd 7th Aug,TO BE PLACED,07-08-2018 12:16,17855767,2. Slowlane Bell,0,2.6,1,1,1,1001,1,1001,0,0,0
146433896,RPGTV / Sheff 7th Aug,TO BE PLACED,07-08-2018 18:22,2242125,5. Eternal Flame,1,2.54,1,1,1,1001,1,1001,0,0,0
146433900,RPGTV / Sheff 7th Aug,TO BE PLACED,07-08-2018 18:55,16705754,1. Lazy Pearl,0,2.06,1,1,1,1001,1,1001,0,0,0
146433920,RPGTV / Sheff 7th Aug,TO BE PLACED,07-08-2018 21:32,20025108,1. Pennys Temple,1,1.55,1,1,1,1001,1,1001,0,0,0
146430473,TRP / Kinsl 7th Aug,TO BE PLACED,07-08-2018 11:26,17896422,3. Quarylane Daisy,0,5.4,1,3.2,1,1001,1,1001,8,0,0
146433669,SIS / Crayfd 7th Aug,TO BE PLACED,07-08-2018 19:07,20024688,2. Billis Tyson,1,5.2,1,1,1,1001,1,1001,0,0,0
146433683,SIS / Crayfd 7th Aug,TO BE PLACED,07-08-2018 20:57,19687178,3. Dantes Inferno,1,2.02,1,1,1,1001,1,1001,0,0,0
146433182,SIS / CPark 7th Aug,TO BE PLACED,07-08-2018 12:09,11203098,1. Pookies Raptor,0,3.2,1,1,1,1001,1,1001,0,0,0
146433695,SIS / Crayfd 7th Aug,TO BE PLACED,07-08-2018 11:31,18502067,4. Pesky Pelican,0,3.5,1,3.41168292176800166009545548869059970948,1,1001,1,1001,385.52,0,0
146433695,SIS / Crayfd 7th Aug,TO BE PLACED,07-08-2018 11:31,19245473,3. Chamberlain Girl,0,3.1,1,2.923755415517920441118550610476565577,1,1001,1,1001,101.56,0,0
146433697,SIS / Crayfd 7th Aug,TO BE PLACED,07-08-2018 11:46,16484794,6. Miss June,0,1.748676171,1,1.69138208171455407078512573111898561243,1,1001,1,1001,1873.84,0,0
146433221,SIS / Henl 7th Aug,TO BE PLACED,07-08-2018 18:44,10496688,2. Classical Jack,0,2.873828113,1,1,1,1001,1,1001,0,0,0
146433235,SIS / Henl 7th Aug,TO BE PLACED,07-08-2018 20:38,16591093,5. Matts Girl,0,8.231948795197534,1,1,1,1001,1,1001,0,0,0
146433283,TRP / Sund 7th Aug,TO BE PLACED,07-08-2018 16:46,12716177,6. Aviva Zar,1,1.6977427068387627,1,1,1,1001,1,1001,0,0,0
146433289,TRP / Sund 7th Aug,TO BE PLACED,07-08-2018 17:39,18521167,2. Fernisky Rumba,0,2.48,1,1,1,1001,1,1001,0,0,0
146431101,TRP / Nott 7th Aug,TO BE PLACED,07-08-2018 13:33,9250931,4. Romeo Blitz,0,6.747899279,1,1,1,1001,1,1001,0,0,0
146431107,SIS / Monm 7th Aug,TO BE PLACED,07-08-2018 14:22,11911360,1. Bit View Paul,0,8.4,1,1,1,1001,1,1001,0,0,0
146431117,SIS / Monm 7th Aug,TO BE PLACED,07-08-2018 15:59,10500563,4. Mama Rumble,1,3.07,1,1,1,1001,1,1001,0,0,0
146431117,SIS / Monm 7th Aug,TO BE PLACED,07-08-2018 15:59,15914391,2. Our River Jet,0,8.347638012294194,1,1,1,1001,1,1001,0,0,0
146433910,RPGTV / Sheff 7th Aug,TO BE PLACED,07-08-2018 20:13,20025083,4. Beaming Warrior,0,1.81,1,1,1,1001,1,1001,0,0,0
146433914,RPGTV / Sheff 7th Aug,TO BE PLACED,07-08-2018 20:44,12548655,2. Bodell Rossie,0,10.4,1,1,1,1001,1,1001,0,0,0
146431099,TRP / Nott 7th Aug,TO BE PLACED,07-08-2018 13:19,12808395,4. Brae Best,1,8.8,1,1,1,1001,1,1001,0,0,0
146430489,TRP / Kinsl 7th Aug,TO BE PLACED,07-08-2018 13:27,10768469,2. Tellymac,0,11,1,1,1,1001,1,1001,0,0,0
146430489,TRP / Kinsl 7th Aug,TO BE PLACED,07-08-2018 13:27,16939690,6. Mineola Outlaw,0,4.1,1,1,1,1001,1,1001,0,0,0
146433709,SIS / Crayfd 7th Aug,TO BE PLACED,07-08-2018 13:16,14188772,5. Montore Greener,0,4.5,1,1,1,1001,1,1001,0,0,0
146433713,SIS / Crayfd 7th Aug,TO BE PLACED,07-08-2018 13:49,16705990,6. Kilbreedy Tess,1,1.55,1,1,1,1001,1,1001,0,0,0
146433713,SIS / Crayfd 7th Aug,TO BE PLACED,07-08-2018 13:49,17321663,2. Micks Act,0,5.959933591315055,1,1,1,1001,1,1001,0,0,0
146430487,TRP / Kinsl 7th Aug,TO BE PLACED,07-08-2018 13:12,12248706,3. Old Fort Tatts,0,2.16,1,1,1,1001,1,1001,0,0,0
146430487,TRP / Kinsl 7th Aug,TO BE PLACED,07-08-2018 13:12,12443535,2. Howliknowya,0,6.8,1,1,1,1001,1,1001,0,0,0
146430487,TRP / Kinsl 7th Aug,TO BE PLACED,07-08-2018 13:12,18010729,5. Tinas Fred,0,15.5,1,1,1,1001,1,1001,0,0,0
146431087,TRP / Nott 7th Aug,TO BE PLACED,07-08-2018 11:48,18559219,5. Precious Rebel,1,2.3346998288271426,1,2.12054248027932238458554248027932238459,1,1001,1,1001,309.32,0,0
146431091,TRP / Nott 7th Aug,TO BE PLACED,07-08-2018 12:18,12052789,3. Sybarite,0,2.24,1,1,1,1001,1,1001,0,0,0
146431091,TRP / Nott 7th Aug,TO BE PLACED,07-08-2018 12:18,20022556,5. Hes Got Motion,0,15.809849635586145,1,1,1,1001,1,1001,0,0,0
146430477,TRP / Kinsl 7th Aug,TO BE PLACED,07-08-2018 11:56,12859627,5. Mays Gambler,0,2.9086440617992793,1,2.74236525010286251689884206195262446365,1,1001,1,1001,340.26,0,0
146430483,TRP / Kinsl 7th Aug,TO BE PLACED,07-08-2018 12:42,12277180,5. Swift Harry,0,3.15,1,1,1,1001,1,1001,0,0,0
146430485,TRP / Kinsl 7th Aug,TO BE PLACED,07-08-2018 12:57,16349518,4. Cliffs Of Moher,1,2.817371577,1,1,1,1001,1,1001,0,0,0
146431109,SIS / Monm 7th Aug,TO BE PLACED,07-08-2018 14:42,12859517,5. Dippas Dora,0,2.84,1,1,1,1001,1,1001,0,0,0
146431109,SIS / Monm 7th Aug,TO BE PLACED,07-08-2018 14:42,12266658,2. Debden Sid,0,5.80470931340009,1,1,1,1001,1,1001,0,0,0
146431109,SIS / Monm 7th Aug,TO BE PLACED,07-08-2018 14:42,15371224,1. Be Wide Boss,1,2.122315108380789,1,1,1,1001,1,1001,0,0,0
146431121,SIS / Monm 7th Aug,TO BE PLACED,07-08-2018 16:39,19826766,6. Moonveen Ben,0,1.705,1,1,1,1001,1,1001,0,0,0
146431129,SIS / Monm 7th Aug,TO BE PLACED,07-08-2018 17:54,17085526,6. Gainstown Jet,1,2.39,1,1,1,1001,1,1001,0,0,0
146431127,SIS / Monm 7th Aug,TO BE PLACED,07-08-2018 17:37,15610215,2. Manilla Slippy,0,3.632250062,1,1,1,1001,1,1001,0,0,0
146431127,SIS / Monm 7th Aug,TO BE PLACED,07-08-2018 17:37,20022507,4. Our Buster,1,1.51,1,1,1,1001,1,1001,0,0,0
146433703,SIS / Crayfd 7th Aug,TO BE PLACED,07-08-2018 12:31,19349792,4. Clarens Pippa,1,5.4,1,1,1,1001,1,1001,0,0,0
146433711,SIS / Crayfd 7th Aug,TO BE PLACED,07-08-2018 13:31,19566062,1. Cronody One,2,2.48,1,1,1,1001,1,1001,0,0,0
146431103,TRP / Nott 7th Aug,TO BE PLACED,07-08-2018 13:51,19576006,5. Juggle Muggle,1,1.6575448028673416,1,1,1,1001,1,1001,0,0,0
146431103,TRP / Nott 7th Aug,TO BE PLACED,07-08-2018 13:51,18177802,6. Blue Pit,0,3.009757181788083,1,1,1,1001,1,1001,0,0,0
146431123,SIS / Monm 7th Aug,TO BE PLACED,07-08-2018 16:58,13038317,1. Bookem Ginger,1,2.32,1,1,1,1001,1,1001,0,0,0
146431123,SIS / Monm 7th Aug,TO BE PLACED,07-08-2018 16:58,20022496,5. Hot Pants,0,5.8,1,1,1,1001,1,1001,0,0,0
146433733,SIS / Hove 7th Aug,TO BE PLACED,07-08-2018 17:08,13992048,2. Timetogohome,1,2.114133371610369,1,1,1,1001,1,1001,0,0,0
146433733,SIS / Hove 7th Aug,TO BE PLACED,07-08-2018 17:08,12829913,6. Candolim Sunset,0,2.24,1,1,1,1001,1,1001,0,0,0
146433741,SIS / Hove 7th Aug,TO BE PLACED,07-08-2018 18:19,12154470,1. Fabulous Theatre,0,3.676415094339755,1,1,1,1001,1,1001,0,0,0
146431085,TRP / Nott 7th Aug,TO BE PLACED,07-08-2018 11:34,17915610,6. Honour Pumba,0,3.469621125,1,2.92317657497781721384205856255545696539,1,1001,1,1001,225.4,0,0
146431111,SIS / Monm 7th Aug,TO BE PLACED,07-08-2018 15:02,8856422,5. Supreme Pete,1,7.2,1,1,1,1001,1,1001,0,0,0
146431111,SIS / Monm 7th Aug,TO BE PLACED,07-08-2018 15:02,10459964,4. Selena,0,1.745,1,1,1,1001,1,1001,0,0,0
146433898,RPGTV / Sheff 7th Aug,TO BE PLACED,07-08-2018 18:39,16648476,4. Mankoya Spot,1,7.8,1,1,1,1001,1,1001,0,0,0
146433665,SIS / Crayfd 7th Aug,TO BE PLACED,07-08-2018 18:33,12773678,4. Call Him On,0,2.36,1,1,1,1001,1,1001,0,0,0
146433671,SIS / Crayfd 7th Aug,TO BE PLACED,07-08-2018 19:23,11836461,2. Special Story,1,1.91,1,1,1,1001,1,1001,0,0,0
146433689,SIS / Crayfd 7th Aug,TO BE PLACED,07-08-2018 21:45,18686630,5. Ballymac Gent,0,3.2,1,1,1,1001,1,1001,0,0,0
146433689,SIS / Crayfd 7th Aug,TO BE PLACED,07-08-2018 21:45,16913026,3. Sail On Luckie,0,6.8,1,1,1,1001,1,1001,0,0,0
146433719,SIS / Hove 7th Aug,TO BE PLACED,07-08-2018 14:52,13194945,1. Knockalton Sox,0,2.78,1,1,1,1001,1,1001,0,0,0
146433719,SIS / Hove 7th Aug,TO BE PLACED,07-08-2018 14:52,12393614,2. Racenight Elsa,1,4.5,1,1,1,1001,1,1001,0,0,0
146433725,SIS / Hove 7th Aug,TO BE PLACED,07-08-2018 15:49,13098850,3. Parkwest Panther,0,2.2,1,1,1,1001,1,1001,0,0,0
146433737,SIS / Hove 7th Aug,TO BE PLACED,07-08-2018 17:44,12853527,5. Droopys Quintet,0,2.003648501,1,1,1,1001,1,1001,0,0,0
146433737,SIS / Hove 7th Aug,TO BE PLACED,07-08-2018 17:44,17915691,3. Conor Pass Flyer,0,2.25,1,1,1,1001,1,1001,0,0,0
146433739,SIS / Hove 7th Aug,TO BE PLACED,07-08-2018 18:02,12090591,3. Westmead Kara,0,3.95,1,1,1,1001,1,1001,0,0,0
146433908,RPGTV / Sheff 7th Aug,TO BE PLACED,07-08-2018 19:57,20025078,5. Quivers Phoenix,0,3.65,1,1,1,1001,1,1001,0,0,0
146433255,RPGTV / Poole 7th Aug,TO BE PLACED,07-08-2018 20:23,13385042,4. Geelo Clarky,0,4.934325370208679,1,1,1,1001,1,1001,0,0,0
146433247,RPGTV / Poole 7th Aug,TO BE PLACED,07-08-2018 19:19,4556293,5. Cest La Vie,1,2.26,1,1,1,1001,1,1001,0,0,0
146433247,RPGTV / Poole 7th Aug,TO BE PLACED,07-08-2018 19:19,15957382,3. Castleroggy Rosy,0,6.2,1,1,1,1001,1,1001,0,0,0
146433247,RPGTV / Poole 7th Aug,TO BE PLACED,07-08-2018 19:19,16117789,2. Polar Present,1,3.175,1,1,1,1001,1,1001,0,0,0
146433691,SIS / Crayfd 7th Aug,TO BE PLACED,07-08-2018 11:01,12679086,6. Anilu Beauty,0,2.44,1,2.57520054121967720112109790277375084566,1,1001,1,1001,413.88,0,0
146430471,TRP / Kinsl 7th Aug,TO BE PLACED,07-08-2018 11:11,13992962,6. Solid Pajoe,0,1.695,1,1.73616320844636703570643009018256470416,1,1001,1,1001,545.56,0,0
146431115,SIS / Monm 7th Aug,TO BE PLACED,07-08-2018 15:39,11338784,6. Count You In,0,2.58,1,1,1,1001,1,1001,0,0,0
146433184,SIS / CPark 7th Aug,TO BE PLACED,07-08-2018 12:24,12982483,2. Woodcocks Alisha,0,2.186649870280816,1,1,1,1001,1,1001,0,0,0
146433239,SIS / Henl 7th Aug,TO BE PLACED,07-08-2018 21:08,19235148,5. Taxi Star,1,1.9208215293270223,1,1,1,1001,1,1001,0,0,0
146433243,RPGTV / Poole 7th Aug,TO BE PLACED,07-08-2018 18:47,15405001,4. Kew Park Brae,0,3.6,1,1,1,1001,1,1001,0,0,0
146433192,SIS / CPark 7th Aug,TO BE PLACED,07-08-2018 13:22,13554059,6. Forever Hidden,1,2.610777654416161,1,1,1,1001,1,1001,0,0,0
146433245,RPGTV / Poole 7th Aug,TO BE PLACED,07-08-2018 19:05,11585519,6. Ide Mitch,0,5.5,1,1,1,1001,1,1001,0,0,0
146433245,RPGTV / Poole 7th Aug,TO BE PLACED,07-08-2018 19:05,13311186,3. Coolykereen Rose,0,13.65676503930241,1,1,1,1001,1,1001,0,0,0
146433245,RPGTV / Poole 7th Aug,TO BE PLACED,07-08-2018 19:05,16847542,4. Ide Fly,0,2.22,1,1,1,1001,1,1001,0,0,0
146433275,TRP / Sund 7th Aug,TO BE PLACED,07-08-2018 15:27,18841173,4. Bootlace Kid,0,2.72,1,1,1,1001,1,1001,0,0,0
146433717,SIS / Hove 7th Aug,TO BE PLACED,07-08-2018 14:32,18231410,5. Toms Brady,0,2.276190044,1,1,1,1001,1,1001,0,0,0
146433735,SIS / Hove 7th Aug,TO BE PLACED,07-08-2018 17:28,11108296,3. Lemon Derek,1,2.59,1,1,1,1001,1,1001,0,0,0
146433906,RPGTV / Sheff 7th Aug,TO BE PLACED,07-08-2018 19:42,20025073,6. Pennys Baby,0,8.939512,1,1,1,1001,1,1001,0,0,0
146433904,RPGTV / Sheff 7th Aug,TO BE PLACED,07-08-2018 19:26,14612750,4. Ramor Express,0,2.69,1,1,1,1001,1,1001,0,0,0
146433912,RPGTV / Sheff 7th Aug,TO BE PLACED,07-08-2018 20:29,20025086,1. Russelena Hawk,0,3.134864377,1,1,1,1001,1,1001,0,0,0
146433176,SIS / CPark 7th Aug,TO BE PLACED,07-08-2018 11:24,15490261,2. Swift Miley,0,1.62,1,1.60833930359756567290655573530544642169,1,1001,1,1001,1038.48,0,0
146433178,SIS / CPark 7th Aug,TO BE PLACED,07-08-2018 11:39,15086404,4. Kitmins Sweetie,0,2,1,1.96919599217986314760508308895405669599,1,1001,1,1001,572.88,0,0
146433219,SIS / Henl 7th Aug,TO BE PLACED,07-08-2018 18:27,18617563,3. Blackwater Blaze,1,1.87,1,1,1,1001,1,1001,0,0,0
146433225,SIS / Henl 7th Aug,TO BE PLACED,07-08-2018 19:17,13235847,4. Mays Wendy,0,5.0214003643969765,1,1,1,1001,1,1001,0,0,0
146433229,SIS / Henl 7th Aug,TO BE PLACED,07-08-2018 19:49,10625098,6. Uluru Candy,1,2.157182854288367,1,1,1,1001,1,1001,0,0,0
146433229,SIS / Henl 7th Aug,TO BE PLACED,07-08-2018 19:49,16404038,2. Savana Pam,0,6.248226950354874,1,1,1,1001,1,1001,0,0,0
146433251,RPGTV / Poole 7th Aug,TO BE PLACED,07-08-2018 19:52,14519146,4. Slippark Saki,0,4.609724238,1,1,1,1001,1,1001,0,0,0
146433251,RPGTV / Poole 7th Aug,TO BE PLACED,07-08-2018 19:52,12678538,6. Stradeen Sirocco,0,2.3,1,1,1,1001,1,1001,0,0,0
146433257,RPGTV / Poole 7th Aug,TO BE PLACED,07-08-2018 20:37,15339381,4. Nextop Jet,0,2.4305664355609045,1,1,1,1001,1,1001,0,0,0
146433285,TRP / Sund 7th Aug,TO BE PLACED,07-08-2018 17:06,13139248,6. Literary Lantern,1,7.6,1,1,1,1001,1,1001,0,0,0
146433293,TRP / Sund 7th Aug,TO BE PLACED,07-08-2018 18:11,19213366,1. Ring Jim,0,3.9213219616204147,1,1,1,1001,1,1001,0,0,0
146433293,TRP / Sund 7th Aug,TO BE PLACED,07-08-2018 18:11,12716294,2. Dalton Jazz,0,5.1,1,1,1,1001,1,1001,0,0,0
146433293,TRP / Sund 7th Aug,TO BE PLACED,07-08-2018 18:11,19737780,4. Raparee Amy,0,5.45,1,1,1,1001,1,1001,0,0,0
146433186,SIS / CPark 7th Aug,TO BE PLACED,07-08-2018 12:39,13235453,3. View Discovery,0,3.15,1,1,1,1001,1,1001,0,0,0
146433223,SIS / Henl 7th Aug,TO BE PLACED,07-08-2018 19:03,10612257,2. Monroe Twirl,0,16,1,1,1,1001,1,1001,0,0,0
146433231,SIS / Henl 7th Aug,TO BE PLACED,07-08-2018 20:06,16068923,1. Kanes Agenda,1,3.4,1,1,1,1001,1,1001,0,0,0
146433231,SIS / Henl 7th Aug,TO BE PLACED,07-08-2018 20:06,16350972,3. Springberry Noir,0,2.44,1,1,1,1001,1,1001,0,0,0
146433231,SIS / Henl 7th Aug,TO BE PLACED,07-08-2018 20:06,19326507,5. Savana Captain,0,2.14,1,1,1,1001,1,1001,0,0,0
146433261,RPGTV / Poole 7th Aug,TO BE PLACED,07-08-2018 21:06,19737717,1. Fluffy Sheep,0,3.9649459857873444,1,1,1,1001,1,1001,0,0,0
146433261,RPGTV / Poole 7th Aug,TO BE PLACED,07-08-2018 21:06,20023844,4. Head Of Beans,0,5.8,1,1,1,1001,1,1001,0,0,0
146433277,TRP / Sund 7th Aug,TO BE PLACED,07-08-2018 15:47,12606016,4. Brosna Brae,0,2.57,1,1,1,1001,1,1001,0,0,0
146433701,SIS / Crayfd 7th Aug,TO BE PLACED,07-08-2018 12:16,18186592,5. Pesky Pigeon,1,6.2,1,1,1,1001,1,1001,0,0,0
146433701,SIS / Crayfd 7th Aug,TO BE PLACED,07-08-2018 12:16,19748113,4. Sleepy Lagoon,1,2.5218266955338184,1,1,1,1001,1,1001,0,0,0
146433669,SIS / Crayfd 7th Aug,TO BE PLACED,07-08-2018 19:07,12966471,5. Bossy Wade,0,9.2,1,1,1,1001,1,1001,0,0,0
146433669,SIS / Crayfd 7th Aug,TO BE PLACED,07-08-2018 19:07,14367203,6. Burma Bilko,0,1.78,1,1,1,1001,1,1001,0,0,0
146433669,SIS / Crayfd 7th Aug,TO BE PLACED,07-08-2018 19:07,17785087,1. Teddybear Pops,1,2.061046785,1,1,1,1001,1,1001,0,0,0
146433675,SIS / Crayfd 7th Aug,TO BE PLACED,07-08-2018 19:54,9483672,4. Tinas Sarah,0,10.5,1,1,1,1001,1,1001,0,0,0
146433675,SIS / Crayfd 7th Aug,TO BE PLACED,07-08-2018 19:54,12273995,1. Gowlane Georgie,1,2.3,1,1,1,1001,1,1001,0,0,0
146431119,SIS / Monm 7th Aug,TO BE PLACED,07-08-2018 16:19,13813002,5. Farloe Starman,0,8.5,1,1,1,1001,1,1001,0,0,0
146431119,SIS / Monm 7th Aug,TO BE PLACED,07-08-2018 16:19,16414117,4. Swift Pomenis,1,5.4,1,1,1,1001,1,1001,0,0,0
146433697,SIS / Crayfd 7th Aug,TO BE PLACED,07-08-2018 11:46,15493837,4. Mums Love,0,4.1,1,3.7548027267093575707498450733319562074,1,1001,1,1001,193.64,0,0
146433221,SIS / Henl 7th Aug,TO BE PLACED,07-08-2018 18:44,17165539,3. Savana Garth,0,6.7,1,1,1,1001,1,1001,0,0,0
146433221,SIS / Henl 7th Aug,TO BE PLACED,07-08-2018 18:44,20023723,1. Wanted Amy,0,4.9,1,1,1,1001,1,1001,0,0,0
146433235,SIS / Henl 7th Aug,TO BE PLACED,07-08-2018 20:38,20023766,2. Fillet The Mouse,1,1.636895057,1,1,1,1001,1,1001,0,0,0
146433235,SIS / Henl 7th Aug,TO BE PLACED,07-08-2018 20:38,20023767,3. Savana Lennon,1,1.825,1,1,1,1001,1,1001,0,0,0
146433287,TRP / Sund 7th Aug,TO BE PLACED,07-08-2018 17:22,12773140,5. Slaneyside Kazoo,0,5.9,1,1,1,1001,1,1001,0,0,0
146433273,TRP / Sund 7th Aug,TO BE PLACED,07-08-2018 15:07,11473211,2. Archaton Silver,0,3.3587212413246745,1,1,1,1001,1,1001,0,0,0
146433283,TRP / Sund 7th Aug,TO BE PLACED,07-08-2018 16:46,14769069,5. Jeanies Razzle,0,5.996666152660911,1,1,1,1001,1,1001,0,0,0
146431101,TRP / Nott 7th Aug,TO BE PLACED,07-08-2018 13:33,20022586,5. Townside Onyx,0,4.02713752342388,1,1,1,1001,1,1001,0,0,0
146433910,RPGTV / Sheff 7th Aug,TO BE PLACED,07-08-2018 20:13,11310316,6. Apostle,0,4.075,1,1,1,1001,1,1001,0,0,0
146431095,TRP / Nott 7th Aug,TO BE PLACED,07-08-2018 12:48,11074576,6. Salacres Dougie,0,2.12,1,1,1,1001,1,1001,0,0,0
146431097,TRP / Nott 7th Aug,TO BE PLACED,07-08-2018 13:04,12522411,5. Oakmac Sport,0,7.945425361157395,1,1,1,1001,1,1001,0,0,0
146431097,TRP / Nott 7th Aug,TO BE PLACED,07-08-2018 13:04,13468802,4. Townside Meteor,0,6.2,1,1,1,1001,1,1001,0,0,0
146431099,TRP / Nott 7th Aug,TO BE PLACED,07-08-2018 13:19,19776365,1. Motion Done,0,1.525254637,1,1,1,1001,1,1001,0,0,0
146430489,TRP / Kinsl 7th Aug,TO BE PLACED,07-08-2018 13:27,16349524,4. Millroad Grit,1,2.27,1,1,1,1001,1,1001,0,0,0
146430489,TRP / Kinsl 7th Aug,TO BE PLACED,07-08-2018 13:27,19159498,5. Droopys Lira (Res),0,3.688377399325545,1,1,1,1001,1,1001,0,0,0
146431087,TRP / Nott 7th Aug,TO BE PLACED,07-08-2018 11:48,10411277,3. Salacres Douglas,0,5.7,1,5.56485108229805240601095860684641675256,1,1001,1,1001,368.66,0,0
146431087,TRP / Nott 7th Aug,TO BE PLACED,07-08-2018 11:48,18287469,1. Ballyhale Tina,0,2.72165924,1,2.28999849601443826139269063016995036848,1,1001,1,1001,265.96,0,0
146431087,TRP / Nott 7th Aug,TO BE PLACED,07-08-2018 11:48,20022543,4. Haggswood Fear,0,4.6,1,4.31739583333333333333333333333333333333,1,1001,1,1001,19.2,0,0
146431089,TRP / Nott 7th Aug,TO BE PLACED,07-08-2018 12:04,13499008,5. Alfies Ghost,1,1.7448283573455412,1,1,1,1001,1,1001,0,0,0
146431089,TRP / Nott 7th Aug,TO BE PLACED,07-08-2018 12:04,13783093,2. Stormborn,0,6.2,1,1,1,1001,1,1001,0,0,0
146431089,TRP / Nott 7th Aug,TO BE PLACED,07-08-2018 12:04,12537943,1. Huarache Pacha,0,2.76,1,1,1,1001,1,1001,0,0,0
146430483,TRP / Kinsl 7th Aug,TO BE PLACED,07-08-2018 12:42,12830113,1. Classy Act,0,2.06,1,1,1,1001,1,1001,0,0,0
146430485,TRP / Kinsl 7th Aug,TO BE PLACED,07-08-2018 12:57,11019960,6. Battyford Maisie,0,6.186079371,1,1,1,1001,1,1001,0,0,0
146431081,TRP / Nott 7th Aug,TO BE PLACED,07-08-2018 11:03,11512130,3. Garryglass Scamp,0,2.9482458528873394,1,2.72027360380666165790132732281492612071,1,1001,1,1001,319.44,0,0
146431121,SIS / Monm 7th Aug,TO BE PLACED,07-08-2018 16:39,15804744,4. Blokade Girl,1,2.269808566,1,1,1,1001,1,1001,0,0,0
146431121,SIS / Monm 7th Aug,TO BE PLACED,07-08-2018 16:39,19350696,5. Sporting Toupee,1,2.434872303825613,1,1,1,1001,1,1001,0,0,0
146431131,SIS / Monm 7th Aug,TO BE PLACED,07-08-2018 18:09,20022516,1. Rathduff Jolene,0,3.7,1,1,1,1001,1,1001,0,0,0
146431131,SIS / Monm 7th Aug,TO BE PLACED,07-08-2018 18:09,16303047,4. Shovel It On,1,2.64,1,1,1,1001,1,1001,0,0,0
146431129,SIS / Monm 7th Aug,TO BE PLACED,07-08-2018 17:54,12266633,1. Gin Lizzie,1,3.05,1,1,1,1001,1,1001,0,0,0
146431125,SIS / Monm 7th Aug,TO BE PLACED,07-08-2018 17:18,15956667,1. Rockfield Diva,0,4.4,1,1,1,1001,1,1001,0,0,0
146433711,SIS / Crayfd 7th Aug,TO BE PLACED,07-08-2018 13:31,17881677,6. Winkers Keith,0,4.3,1,1,1,1001,1,1001,0,0,0
146433711,SIS / Crayfd 7th Aug,TO BE PLACED,07-08-2018 13:31,19685960,4. Ballymac Mofarr,2,3.3,1,1,1,1001,1,1001,0,0,0
146431103,TRP / Nott 7th Aug,TO BE PLACED,07-08-2018 13:51,15081424,2. Elegant Pixie,0,11.35815043863841,1,1,1,1001,1,1001,0,0,0
146431113,SIS / Monm 7th Aug,TO BE PLACED,07-08-2018 15:19,12210567,6. Clonreddan Darky,0,5.039408867,1,1,1,1001,1,1001,0,0,0
146433715,SIS / Hove 7th Aug,TO BE PLACED,07-08-2018 14:12,20024824,2. Droopys Zeal,0,7.4,1,1,1,1001,1,1001,0,0,0
146433898,RPGTV / Sheff 7th Aug,TO BE PLACED,07-08-2018 18:39,13073946,5. Jaydee,0,4.5,1,1,1,1001,1,1001,0,0,0
146433898,RPGTV / Sheff 7th Aug,TO BE PLACED,07-08-2018 18:39,16756990,3. Yahoo Autumn,0,2.21,1,1,1,1001,1,1001,0,0,0
146433665,SIS / Crayfd 7th Aug,TO BE PLACED,07-08-2018 18:33,17406602,6. Aoifes Speedy,0,1.79,1,1,1,1001,1,1001,0,0,0
146433665,SIS / Crayfd 7th Aug,TO BE PLACED,07-08-2018 18:33,13546330,2. Balibo Roberta,0,5.8,1,1,1,1001,1,1001,0,0,0
146433671,SIS / Crayfd 7th Aug,TO BE PLACED,07-08-2018 19:23,18704024,1. Secondtimearound,0,3.6,1,1,1,1001,1,1001,0,0,0
146433705,SIS / Crayfd 7th Aug,TO BE PLACED,07-08-2018 12:46,12872225,3. Thunder Road,0,4.1,1,1,1,1001,1,1001,0,0,0
146433719,SIS / Hove 7th Aug,TO BE PLACED,07-08-2018 14:52,16303616,4. Ilewin Mane,0,2.6275544116136738,1,1,1,1001,1,1001,0,0,0
146433719,SIS / Hove 7th Aug,TO BE PLACED,07-08-2018 14:52,11389594,3. Monroe Royal,0,3.4,1,1,1,1001,1,1001,0,0,0
146433721,SIS / Hove 7th Aug,TO BE PLACED,07-08-2018 15:11,13635397,3. Lenas Paddy,1,1.9086635068146274,1,1,1,1001,1,1001,0,0,0
146433721,SIS / Hove 7th Aug,TO BE PLACED,07-08-2018 15:11,19349135,5. Albertosi,0,2.29,1,1,1,1001,1,1001,0,0,0
146433729,SIS / Hove 7th Aug,TO BE PLACED,07-08-2018 16:29,19826708,2. Ower Girl Gem,0,3.55,1,1,1,1001,1,1001,0,0,0
146433677,SIS / Crayfd 7th Aug,TO BE PLACED,07-08-2018 20:11,17226488,4. Pro Penny,1,8.6,1,1,1,1001,1,1001,0,0,0
146433677,SIS / Crayfd 7th Aug,TO BE PLACED,07-08-2018 20:11,11417589,2. Drive The Bend,0,5.5,1,1,1,1001,1,1001,0,0,0
146433677,SIS / Crayfd 7th Aug,TO BE PLACED,07-08-2018 20:11,13545701,5. Chopchop Hope,0,3.5,1,1,1,1001,1,1001,0,0,0
146433233,SIS / Henl 7th Aug,TO BE PLACED,07-08-2018 20:21,19824776,3. Clonard Jet,0,1.94,1,1,1,1001,1,1001,0,0,0
146433269,TRP / Sund 7th Aug,TO BE PLACED,07-08-2018 14:27,12503394,4. Weesunday,0,4.3,1,1,1,1001,1,1001,0,0,0
146433269,TRP / Sund 7th Aug,TO BE PLACED,07-08-2018 14:27,15063131,5. Nights In Havana,1,2.752618296529982,1,1,1,1001,1,1001,0,0,0
146433291,TRP / Sund 7th Aug,TO BE PLACED,07-08-2018 17:56,9789728,2. Dash Time,0,17.778334467108355,1,1,1,1001,1,1001,0,0,0
146433291,TRP / Sund 7th Aug,TO BE PLACED,07-08-2018 17:56,19940731,4. Glenbowen Levi,0,1.6954226704909523,1,1,1,1001,1,1001,0,0,0
146433731,SIS / Hove 7th Aug,TO BE PLACED,07-08-2018 16:48,14772586,4. Ordinary World,0,1.995,1,1,1,1001,1,1001,0,0,0
146430491,TRP / Kinsl 7th Aug,TO BE PLACED,07-08-2018 13:44,16801420,3. Reduce Speed,1,2.752345679,1,1,1,1001,1,1001,0,0,0
146433190,SIS / CPark 7th Aug,TO BE PLACED,07-08-2018 13:08,12201548,1. Mystical Alfie,1,2.2,1,1,1,1001,1,1001,0,0,0
146433239,SIS / Henl 7th Aug,TO BE PLACED,07-08-2018 21:08,18916912,2. Droopys Cristina,0,1.74,1,1,1,1001,1,1001,0,0,0
146433180,SIS / CPark 7th Aug,TO BE PLACED,07-08-2018 11:54,18945971,1. Train Scone,0,11.5,1,10.1532488114104595879556259904912836767,1,1001,1,1001,466.94,0,0
146433180,SIS / CPark 7th Aug,TO BE PLACED,07-08-2018 11:54,19630904,5. Galtymoore Sonny,1,1.875,1,1.89331203325891138655785664793286627146,1,1001,1,1001,519.56,0,0
146433196,SIS / CPark 7th Aug,TO BE PLACED,07-08-2018 13:57,12679456,2. Sign Onyx,0,1.6478594878529842,1,1,1,1001,1,1001,0,0,0
146433245,RPGTV / Poole 7th Aug,TO BE PLACED,07-08-2018 19:05,18231847,1. Newhall Rogue,1,1.87,1,1,1,1001,1,1001,0,0,0
146433275,TRP / Sund 7th Aug,TO BE PLACED,07-08-2018 15:27,12666128,3. Any Sapphire,0,7.4,1,1,1,1001,1,1001,0,0,0
146433275,TRP / Sund 7th Aug,TO BE PLACED,07-08-2018 15:27,11530734,1. Knockroe Oak,1,3.3,1,1,1,1001,1,1001,0,0,0
146433673,SIS / Crayfd 7th Aug,TO BE PLACED,07-08-2018 19:38,18175164,2. Madabout Finn,1,2.34,1,1,1,1001,1,1001,0,0,0
146433699,SIS / Crayfd 7th Aug,TO BE PLACED,07-08-2018 12:01,13155661,5. Whats Lily Upto,0,8.874496407784754,1,8.55646990457686533673857930145690573145,1,1001,1,1001,65.06,0,0
146433717,SIS / Hove 7th Aug,TO BE PLACED,07-08-2018 14:32,15700647,6. Coltwood Star,0,3.4587267695294583,1,1,1,1001,1,1001,0,0,0
146433906,RPGTV / Sheff 7th Aug,TO BE PLACED,07-08-2018 19:42,17902965,5. Lightfoot Lucas,0,3.4,1,1,1,1001,1,1001,0,0,0
146433174,SIS / CPark 7th Aug,TO BE PLACED,07-08-2018 11:09,19824786,1. Aherlow Winner,0,15,1,10.1411492867189069720715290335543500101,1,1001,1,1001,199.08,0,0
146433918,RPGTV / Sheff 7th Aug,TO BE PLACED,07-08-2018 21:14,20025103,1. Elegant Eileen,0,1.77,1,1,1,1001,1,1001,0,0,0
146433904,RPGTV / Sheff 7th Aug,TO BE PLACED,07-08-2018 19:26,17805135,3. Lostrigg Barney,1,1.8150109866588902,1,1,1,1001,1,1001,0,0,0
146433904,RPGTV / Sheff 7th Aug,TO BE PLACED,07-08-2018 19:26,20025066,5. Rememberthisday,0,13,1,1,1,1001,1,1001,0,0,0
146433176,SIS / CPark 7th Aug,TO BE PLACED,07-08-2018 11:24,16352197,1. Kentish Gossip,1,4.32813174810959,1,5.63427103440445100488247984557738162825,1,1001,1,1001,704.56,0,0
146433178,SIS / CPark 7th Aug,TO BE PLACED,07-08-2018 11:39,18689606,1. Camlin Hawk,1,3.642381427403307,1,2.97536914963744232036914963744232036915,1,1001,1,1001,182.04,0,0
146433178,SIS / CPark 7th Aug,TO BE PLACED,07-08-2018 11:39,19643969,3. Endova Firefly,1,2.122323884,1,2.01676610560064121831479811642120028053,1,1001,1,1001,1596.96,0,0
146433194,SIS / CPark 7th Aug,TO BE PLACED,07-08-2018 13:39,17097132,4. Costello,0,2.1,1,1,1,1001,1,1001,0,0,0
146433194,SIS / CPark 7th Aug,TO BE PLACED,07-08-2018 13:39,14930820,6. Farleigh Rise,0,9.75,1,1,1,1001,1,1001,0,0,0
146433219,SIS / Henl 7th Aug,TO BE PLACED,07-08-2018 18:27,19813910,2. College Destiny,0,3.125,1,1,1,1001,1,1001,0,0,0
146433225,SIS / Henl 7th Aug,TO BE PLACED,07-08-2018 19:17,14443092,1. Slainte Baby,1,1.89,1,1,1,1001,1,1001,0,0,0
146433225,SIS / Henl 7th Aug,TO BE PLACED,07-08-2018 19:17,12431641,3. Able Winner,1,1.87,1,1,1,1001,1,1001,0,0,0
146433241,SIS / Henl 7th Aug,TO BE PLACED,07-08-2018 21:26,15963160,2. Returnofthe King,0,1.78,1,1,1,1001,1,1001,0,0,0
146433227,SIS / Henl 7th Aug,TO BE PLACED,07-08-2018 19:33,17544884,6. Calico Dinky,1,4.8,1,1,1,1001,1,1001,0,0,0
146433285,TRP / Sund 7th Aug,TO BE PLACED,07-08-2018 17:06,15339260,2. Sup Tara,0,3.175,1,1,1,1001,1,1001,0,0,0
146433223,SIS / Henl 7th Aug,TO BE PLACED,07-08-2018 19:03,15980576,5. Mustang Missile,0,2.94,1,1,1,1001,1,1001,0,0,0
146433259,RPGTV / Poole 7th Aug,TO BE PLACED,07-08-2018 20:51,19926437,6. Pennys Botherash,0,1.63,1,1,1,1001,1,1001,0,0,0
146433261,RPGTV / Poole 7th Aug,TO BE PLACED,07-08-2018 21:06,19728584,5. Melbury Oliver,1,2.98,1,1,1,1001,1,1001,0,0,0
146433277,TRP / Sund 7th Aug,TO BE PLACED,07-08-2018 15:47,13222031,6. Twins Primco,0,3.95,1,1,1,1001,1,1001,0,0,0
146433279,TRP / Sund 7th Aug,TO BE PLACED,07-08-2018 16:07,9215202,1. Farloe Cobra,0,5.6,1,1,1,1001,1,1001,0,0,0
146433693,SIS / Crayfd 7th Aug,TO BE PLACED,07-08-2018 11:16,19306264,1. Society Chaser,1,2.1538815538608476,1,2.02319151402735914676559239508462786923,1,1001,1,1001,345.04,0,0
146433896,RPGTV / Sheff 7th Aug,TO BE PLACED,07-08-2018 18:22,12142976,2. Swift Broseley,0,5.589794806109859,1,1,1,1001,1,1001,0,0,0
146433900,RPGTV / Sheff 7th Aug,TO BE PLACED,07-08-2018 18:55,12868104,2. Geelo Olly,0,4.4,1,1,1,1001,1,1001,0,0,0
146433920,RPGTV / Sheff 7th Aug,TO BE PLACED,07-08-2018 21:32,16941944,6. Unique King,0,7.1,1,1,1,1001,1,1001,0,0,0
146433182,SIS / CPark 7th Aug,TO BE PLACED,07-08-2018 12:09,12982497,4. Glencorbry Mac,0,3.660676946296591,1,1,1,1001,1,1001,0,0,0
146433695,SIS / Crayfd 7th Aug,TO BE PLACED,07-08-2018 11:31,12443723,6. Jaxxon A Solo,0,4.320312190745026,1,3.7426774086745392340801236066659309127,1,1001,1,1001,181.22,0,0
146433235,SIS / Henl 7th Aug,TO BE PLACED,07-08-2018 20:38,18951034,6. Calico Blueboy,0,23.883884115,1,1,1,1001,1,1001,0,0,0
146433265,RPGTV / Poole 7th Aug,TO BE PLACED,07-08-2018 21:40,9080486,4. Best Ace,0,5.24822526722739,1,1,1,1001,1,1001,0,0,0
146433273,TRP / Sund 7th Aug,TO BE PLACED,07-08-2018 15:07,20037060,4. Drumsna Express (Res),1,1.6757224606579981,1,1,1,1001,1,1001,0,0,0
146433273,TRP / Sund 7th Aug,TO BE PLACED,07-08-2018 15:07,18900934,5. Katies Kaddish,0,2.84,1,1,1,1001,1,1001,0,0,0
146433283,TRP / Sund 7th Aug,TO BE PLACED,07-08-2018 16:46,19404551,4. Drumsna Honey,0,3.5817452357069124,1,1,1,1001,1,1001,0,0,0
146431101,TRP / Nott 7th Aug,TO BE PLACED,07-08-2018 13:33,18177793,3. Brave Heart,1,2.49,1,1,1,1001,1,1001,0,0,0
146431117,SIS / Monm 7th Aug,TO BE PLACED,07-08-2018 15:59,13410471,6. Hurry Harry,0,4.5,1,1,1,1001,1,1001,0,0,0
146433910,RPGTV / Sheff 7th Aug,TO BE PLACED,07-08-2018 20:13,20025084,5. Rhoden Ralph,0,4.932954648594605,1,1,1,1001,1,1001,0,0,0
146433914,RPGTV / Sheff 7th Aug,TO BE PLACED,07-08-2018 20:44,20025092,1. Fearsome Turbo,1,2.12,1,1,1,1001,1,1001,0,0,0
146433916,RPGTV / Sheff 7th Aug,TO BE PLACED,07-08-2018 20:59,10475428,2. Ballycowen Colm,1,1.595183737294719,1,1,1,1001,1,1001,0,0,0
146433916,RPGTV / Sheff 7th Aug,TO BE PLACED,07-08-2018 20:59,15141965,6. Boozed Gold,0,4.5,1,1,1,1001,1,1001,0,0,0
146431095,TRP / Nott 7th Aug,TO BE PLACED,07-08-2018 12:48,18319243,3. Moscow Mccrow,1,2.08,1,1,1,1001,1,1001,0,0,0
146431097,TRP / Nott 7th Aug,TO BE PLACED,07-08-2018 13:04,20022575,6. Form A Parish,1,1.8973154788810642,1,1,1,1001,1,1001,0,0,0
146431099,TRP / Nott 7th Aug,TO BE PLACED,07-08-2018 13:19,12677407,2. Salacreshandsome,0,2.9323697642653856,1,1,1,1001,1,1001,0,0,0
146433679,SIS / Crayfd 7th Aug,TO BE PLACED,07-08-2018 20:27,20024720,4. Pesky Pheasant,0,6.8,1,1,1,1001,1,1001,0,0,0
146433681,SIS / Crayfd 7th Aug,TO BE PLACED,07-08-2018 20:42,17828812,1. Late Hyena,1,2.32813223254867,1,1,1,1001,1,1001,0,0,0
146433681,SIS / Crayfd 7th Aug,TO BE PLACED,07-08-2018 20:42,18156030,5. Pro Pearl,0,5.8,1,1,1,1001,1,1001,0,0,0
146433681,SIS / Crayfd 7th Aug,TO BE PLACED,07-08-2018 20:42,19349734,6. Sleepy Genie,1,2.82,1,1,1,1001,1,1001,0,0,0
146433681,SIS / Crayfd 7th Aug,TO BE PLACED,07-08-2018 20:42,20024725,3. Wildfire Gal,0,9.7,1,1,1,1001,1,1001,0,0,0
146433707,SIS / Crayfd 7th Aug,TO BE PLACED,07-08-2018 13:01,16849248,6. Special Big Mike,0,6.120078599362752,1,1,1,1001,1,1001,0,0,0
146430481,TRP / Kinsl 7th Aug,TO BE PLACED,07-08-2018 12:26,10828090,1. Griffin Power,0,3.065,1,1,1,1001,1,1001,0,0,0
146431087,TRP / Nott 7th Aug,TO BE PLACED,07-08-2018 11:48,13287050,2. Jessicas Beauty,0,12.847347301580012,1,7.93230769230769230769230769230769230769,1,1001,1,1001,14.3,0,0
146431087,TRP / Nott 7th Aug,TO BE PLACED,07-08-2018 11:48,19393260,6. Haggswood Kirk,1,1.35,1,1.23660134508348794063079777365491651206,1,1001,1,1001,517.44,0,0
146430477,TRP / Kinsl 7th Aug,TO BE PLACED,07-08-2018 11:56,10677622,4. Kilahagan Impact,0,2.18,1,2.02601186658114175753688261706221937139,1,1001,1,1001,374.16,0,0
146430485,TRP / Kinsl 7th Aug,TO BE PLACED,07-08-2018 12:57,20022409,2. Pandoras Jet,0,3.125,1,1,1,1001,1,1001,0,0,0
146430493,TRP / Kinsl 7th Aug,TO BE PLACED,07-08-2018 13:59,4463756,2. Trick Me,0,4,1,1,1,1001,1,1001,0,0,0
146431081,TRP / Nott 7th Aug,TO BE PLACED,07-08-2018 11:03,17423416,6. Honour Ace,0,2.07,1,2.11755405226157315293805544501923332007,1,1001,1,1001,150.78,0,0
146431081,TRP / Nott 7th Aug,TO BE PLACED,07-08-2018 11:03,19297272,1. Gulleen Amy,1,1.5,1,1.52308705582408243480108355022042810857,1,1001,1,1001,1129.62,0,0
146431121,SIS / Monm 7th Aug,TO BE PLACED,07-08-2018 16:39,13279426,2. Funny Eyes,0,4.2,1,1,1,1001,1,1001,0,0,0
146431125,SIS / Monm 7th Aug,TO BE PLACED,07-08-2018 17:18,20022501,4. Da Connemara Kid,0,3.5,1,1,1,1001,1,1001,0,0,0
146431125,SIS / Monm 7th Aug,TO BE PLACED,07-08-2018 17:18,20022502,5. Classy Music,1,2.18,1,1,1,1001,1,1001,0,0,0
146431127,SIS / Monm 7th Aug,TO BE PLACED,07-08-2018 17:37,11456117,1. Thorneydale Sky,0,2.24,1,1,1,1001,1,1001,0,0,0
146431127,SIS / Monm 7th Aug,TO BE PLACED,07-08-2018 17:37,20022508,5. Classy Ant,0,31.288217165,1,1,1,1001,1,1001,0,0,0
146433711,SIS / Crayfd 7th Aug,TO BE PLACED,07-08-2018 13:31,17960739,5. Bit View Alannah,0,2.26,1,1,1,1001,1,1001,0,0,0
146431123,SIS / Monm 7th Aug,TO BE PLACED,07-08-2018 16:58,10340586,6. Toryview Don,0,2.481399352,1,1,1,1001,1,1001,0,0,0
146433733,SIS / Hove 7th Aug,TO BE PLACED,07-08-2018 17:08,15608823,3. Seasons Jordade,1,3.0008575952332466,1,1,1,1001,1,1001,0,0,0
146433733,SIS / Hove 7th Aug,TO BE PLACED,07-08-2018 17:08,18230723,1. Fagans Lakaku,0,6,1,1,1,1001,1,1001,0,0,0
146433898,RPGTV / Sheff 7th Aug,TO BE PLACED,07-08-2018 18:39,20025045,2. Harton Poplar,0,2.96,1,1,1,1001,1,1001,0,0,0
146433687,SIS / Crayfd 7th Aug,TO BE PLACED,07-08-2018 21:30,16560767,6. Lisnakill Andy,0,3.35,1,1,1,1001,1,1001,0,0,0
146433689,SIS / Crayfd 7th Aug,TO BE PLACED,07-08-2018 21:45,16930381,1. Snowdon Archie,0,1.3,1,1,1,1001,1,1001,0,0,0
146433725,SIS / Hove 7th Aug,TO BE PLACED,07-08-2018 15:49,13777827,1. Lets Be Happy,0,2.32,1,1,1,1001,1,1001,0,0,0
146433725,SIS / Hove 7th Aug,TO BE PLACED,07-08-2018 15:49,18950290,6. Ardrahan Kinga,1,2.8,1,1,1,1001,1,1001,0,0,0
146433908,RPGTV / Sheff 7th Aug,TO BE PLACED,07-08-2018 19:57,15433926,4. Minnies Highway,0,16,1,1,1,1001,1,1001,0,0,0
146433271,TRP / Sund 7th Aug,TO BE PLACED,07-08-2018 14:47,19747356,3. Jumbos Kacy,0,14.696872855741528,1,1,1,1001,1,1001,0,0,0
146433271,TRP / Sund 7th Aug,TO BE PLACED,07-08-2018 14:47,11737913,1. Travel Violin,1,2.66,1,1,1,1001,1,1001,0,0,0
146433271,TRP / Sund 7th Aug,TO BE PLACED,07-08-2018 14:47,12444255,2. Amys Friend,1,2.4,1,1,1,1001,1,1001,0,0,0
146433247,RPGTV / Poole 7th Aug,TO BE PLACED,07-08-2018 19:19,12671972,1. Final Bolt,0,3.05,1,1,1,1001,1,1001,0,0,0
146433691,SIS / Crayfd 7th Aug,TO BE PLACED,07-08-2018 11:01,20024753,3. Killavarrig Ray,0,2.58,1,2.42887721646035463365674138507862161258,1,1001,1,1001,597.8,0,0
146433291,TRP / Sund 7th Aug,TO BE PLACED,07-08-2018 17:56,19578152,3. Suncroft Katie,0,1.9842831235680205,1,1,1,1001,1,1001,0,0,0
146430471,TRP / Kinsl 7th Aug,TO BE PLACED,07-08-2018 11:11,19296244,1. Our Emily,0,5.2,1,4.96350851221317542561065877128053293856,1,1001,1,1001,54.04,0,0
146430491,TRP / Kinsl 7th Aug,TO BE PLACED,07-08-2018 13:44,10400824,6. Velvet Vera,0,4.95,1,1,1,1001,1,1001,0,0,0
146431115,SIS / Monm 7th Aug,TO BE PLACED,07-08-2018 15:39,10872964,2. Moss Lane Shane,1,2.399339304491586,1,1,1,1001,1,1001,0,0,0
146433184,SIS / CPark 7th Aug,TO BE PLACED,07-08-2018 12:24,17447247,6. Swift Brett,1,2.2,1,1,1,1001,1,1001,0,0,0
146433188,SIS / CPark 7th Aug,TO BE PLACED,07-08-2018 12:54,15485237,1. Magnetic Field,0,3.025,1,1,1,1001,1,1001,0,0,0
146433188,SIS / CPark 7th Aug,TO BE PLACED,07-08-2018 12:54,19125214,3. Westland Pearl,0,1.8400858672010876,1,1,1,1001,1,1001,0,0,0
146433190,SIS / CPark 7th Aug,TO BE PLACED,07-08-2018 13:08,19630884,3. Robbies Silver,1,1.8875110426242463,1,1,1,1001,1,1001,0,0,0
146433190,SIS / CPark 7th Aug,TO BE PLACED,07-08-2018 13:08,17291964,4. Holborn King,0,4.9,1,1,1,1001,1,1001,0,0,0
146433190,SIS / CPark 7th Aug,TO BE PLACED,07-08-2018 13:08,19644001,5. Mintbet Magic,0,5.6,1,1,1,1001,1,1001,0,0,0
146433243,RPGTV / Poole 7th Aug,TO BE PLACED,07-08-2018 18:47,16166892,2. Redhills Whiskey,1,2.16,1,1,1,1001,1,1001,0,0,0
146433267,TRP / Sund 7th Aug,TO BE PLACED,07-08-2018 14:08,19891721,3. Murleys Jack,0,1.915890244,1,1,1,1001,1,1001,0,0,0
146433180,SIS / CPark 7th Aug,TO BE PLACED,07-08-2018 11:54,20023878,2. Theres Who,0,4.7,1,4.65136697988860070581232195246396530465,1,1001,1,1001,470.38,0,0
146433192,SIS / CPark 7th Aug,TO BE PLACED,07-08-2018 13:22,11203681,4. Aoifes Miller,1,5.3,1,1,1,1001,1,1001,0,0,0
146433192,SIS / CPark 7th Aug,TO BE PLACED,07-08-2018 13:22,20023914,2. Changing Gears,0,1.6,1,1,1,1001,1,1001,0,0,0
146433245,RPGTV / Poole 7th Aug,TO BE PLACED,07-08-2018 19:05,19737721,5. Melbury Bullseye,0,1.93,1,1,1,1001,1,1001,0,0,0
146433249,RPGTV / Poole 7th Aug,TO BE PLACED,07-08-2018 19:36,16105067,3. Chadwell Tetra,0,5.85,1,1,1,1001,1,1001,0,0,0
146433275,TRP / Sund 7th Aug,TO BE PLACED,07-08-2018 15:27,12859947,2. For The Crack,0,1.79,1,1,1,1001,1,1001,0,0,0
146433667,SIS / Crayfd 7th Aug,TO BE PLACED,07-08-2018 18:49,13287761,4. Tims Hero,0,4.4,1,1,1,1001,1,1001,0,0,0
146433673,SIS / Crayfd 7th Aug,TO BE PLACED,07-08-2018 19:38,20024699,1. Art Of Magic,1,2.76536,1,1,1,1001,1,1001,0,0,0
146433673,SIS / Crayfd 7th Aug,TO BE PLACED,07-08-2018 19:38,13484490,6. Zammos Bullet,0,5.285380706828436,1,1,1,1001,1,1001,0,0,0
146433717,SIS / Hove 7th Aug,TO BE PLACED,07-08-2018 14:32,11016443,2. Comeongetoff,1,5.1,1,1,1,1001,1,1001,0,0,0
146433906,RPGTV / Sheff 7th Aug,TO BE PLACED,07-08-2018 19:42,20025069,2. Zach Of Hearts,0,5.7,1,1,1,1001,1,1001,0,0,0
146433174,SIS / CPark 7th Aug,TO BE PLACED,07-08-2018 11:09,16634202,4. Orbital Tornado,1,2.42,1,2.39811043328640700766463319255435632723,1,1001,1,1001,383.58,0,0
146433918,RPGTV / Sheff 7th Aug,TO BE PLACED,07-08-2018 21:14,20025106,5. Knockadoon Vic,1,6.05,1,1,1,1001,1,1001,0,0,0
146433918,RPGTV / Sheff 7th Aug,TO BE PLACED,07-08-2018 21:14,20025107,6. Swift Aspen,0,2.04,1,1,1,1001,1,1001,0,0,0
146433912,RPGTV / Sheff 7th Aug,TO BE PLACED,07-08-2018 20:29,12934754,4. Cibulkova,0,8,1,1,1,1001,1,1001,0,0,0
146433912,RPGTV / Sheff 7th Aug,TO BE PLACED,07-08-2018 20:29,12671740,2. Lightfoot Janna,1,2.33,1,1,1,1001,1,1001,0,0,0
146433176,SIS / CPark 7th Aug,TO BE PLACED,07-08-2018 11:24,13006866,3. View Strength,1,1.76,1,1.71810237457804679315562798277266907228,1,1001,1,1001,687.28,0,0
146433178,SIS / CPark 7th Aug,TO BE PLACED,07-08-2018 11:39,19224158,2. Pawsformaxi,0,2.706489286266733,1,2.42108241082410824108241082410824108241,1,1001,1,1001,146.34,0,0
146433219,SIS / Henl 7th Aug,TO BE PLACED,07-08-2018 18:27,2331464,1. Breeze On By,1,4,1,1,1,1001,1,1001,0,0,0
146433219,SIS / Henl 7th Aug,TO BE PLACED,07-08-2018 18:27,14445437,6. Lionel Rich Tea,0,8.8,1,1,1,1001,1,1001,0,0,0
146433219,SIS / Henl 7th Aug,TO BE PLACED,07-08-2018 18:27,18540842,5. Ballyroyal Jules,0,2.99,1,1,1,1001,1,1001,0,0,0
146433251,RPGTV / Poole 7th Aug,TO BE PLACED,07-08-2018 19:52,18183522,2. Santas Station,1,1.89,1,1,1,1001,1,1001,0,0,0
146433285,TRP / Sund 7th Aug,TO BE PLACED,07-08-2018 17:06,17028604,4. Copeland Lu Lu,0,3.375142081,1,1,1,1001,1,1001,0,0,0
146433293,TRP / Sund 7th Aug,TO BE PLACED,07-08-2018 18:11,19838571,5. Drumsna Candy,0,2.7903626943004207,1,1,1,1001,1,1001,0,0,0
146433186,SIS / CPark 7th Aug,TO BE PLACED,07-08-2018 12:39,17865558,5. Insane Shalana,0,3.15,1,1,1,1001,1,1001,0,0,0
146433186,SIS / CPark 7th Aug,TO BE PLACED,07-08-2018 12:39,11447877,1. Ask Karen,0,3.6661802706337765,1,1,1,1001,1,1001,0,0,0
146433223,SIS / Henl 7th Aug,TO BE PLACED,07-08-2018 19:03,13993022,6. Our Mate George,0,5.8,1,1,1,1001,1,1001,0,0,0
146433231,SIS / Henl 7th Aug,TO BE PLACED,07-08-2018 20:06,20023754,2. Curse Of Kane,0,6.2,1,1,1,1001,1,1001,0,0,0
146433259,RPGTV / Poole 7th Aug,TO BE PLACED,07-08-2018 20:51,14926983,3. Idezerotohero,0,3.375,1,1,1,1001,1,1001,0,0,0
146433263,RPGTV / Poole 7th Aug,TO BE PLACED,07-08-2018 21:22,19630625,5. Ninja Zinger,1,2.76,1,1,1,1001,1,1001,0,0,0
146433277,TRP / Sund 7th Aug,TO BE PLACED,07-08-2018 15:47,16485041,3. Suirview Electra,0,3.2,1,1,1,1001,1,1001,0,0,0
146433279,TRP / Sund 7th Aug,TO BE PLACED,07-08-2018 16:07,4683229,2. Triptych,0,5.3,1,1,1,1001,1,1001,0,0,0
146433279,TRP / Sund 7th Aug,TO BE PLACED,07-08-2018 16:07,15489094,5. Toems Bluemoon,1,2.520516882,1,1,1,1001,1,1001,0,0,0
146433896,RPGTV / Sheff 7th Aug,TO BE PLACED,07-08-2018 18:22,17013029,1. Lindrick Loner,1,1.74,1,1,1,1001,1,1001,0,0,0
146433896,RPGTV / Sheff 7th Aug,TO BE PLACED,07-08-2018 18:22,20025041,4. Todmorden,0,1.9,1,1,1,1001,1,1001,0,0,0
146433900,RPGTV / Sheff 7th Aug,TO BE PLACED,07-08-2018 18:55,17878823,4. Druids Some Plan,1,2.74,1,1,1,1001,1,1001,0,0,0
146433900,RPGTV / Sheff 7th Aug,TO BE PLACED,07-08-2018 18:55,19081294,6. Heroic Hero,0,3,1,1,1,1001,1,1001,0,0,0
146433900,RPGTV / Sheff 7th Aug,TO BE PLACED,07-08-2018 18:55,14802638,5. Stanza,0,7.6,1,1,1,1001,1,1001,0,0,0
146433920,RPGTV / Sheff 7th Aug,TO BE PLACED,07-08-2018 21:32,18649664,5. Highview Avril,0,2.84,1,1,1,1001,1,1001,0,0,0
146433922,RPGTV / Sheff 7th Aug,TO BE PLACED,07-08-2018 21:50,20025118,5. Rhincrew Oscar,0,5.419978781300014,1,1,1,1001,1,1001,0,0,0
146430473,TRP / Kinsl 7th Aug,TO BE PLACED,07-08-2018 11:26,20022373,2. Bright Cody,0,5.15,1,4.34951456310679611650485436893203883495,1,1001,1,1001,4.12,0,0
146433669,SIS / Crayfd 7th Aug,TO BE PLACED,07-08-2018 19:07,19849390,4. Claires Turbo,0,2.53,1,1,1,1001,1,1001,0,0,0
146433675,SIS / Crayfd 7th Aug,TO BE PLACED,07-08-2018 19:54,10765886,5. Laika George,0,2.39,1,1,1,1001,1,1001,0,0,0
146433675,SIS / Crayfd 7th Aug,TO BE PLACED,07-08-2018 19:54,15735286,6. Sirius Man,0,7.2,1,1,1,1001,1,1001,0,0,0
146433683,SIS / Crayfd 7th Aug,TO BE PLACED,07-08-2018 20:57,19605999,2. Killila Beauty,1,2.62,1,1,1,1001,1,1001,0,0,0
146433221,SIS / Henl 7th Aug,TO BE PLACED,07-08-2018 18:44,18731820,5. Savana Brogan,0,2.8963671128106947,1,1,1,1001,1,1001,0,0,0
146433287,TRP / Sund 7th Aug,TO BE PLACED,07-08-2018 17:22,16064155,1. Ballysax Enda,0,3.15,1,1,1,1001,1,1001,0,0,0
146433289,TRP / Sund 7th Aug,TO BE PLACED,07-08-2018 17:39,20024000,4. Drumsna Lulu,1,2.04,1,1,1,1001,1,1001,0,0,0
146433289,TRP / Sund 7th Aug,TO BE PLACED,07-08-2018 17:39,15339270,1. Dark Aero,0,3,1,1,1,1001,1,1001,0,0,0
146431093,TRP / Nott 7th Aug,TO BE PLACED,07-08-2018 12:33,11197934,3. Creevy Honey,0,3.625,1,1,1,1001,1,1001,0,0,0
146431101,TRP / Nott 7th Aug,TO BE PLACED,07-08-2018 13:33,17446865,1. Shellys Spirit,0,2.28,1,1,1,1001,1,1001,0,0,0
146431107,SIS / Monm 7th Aug,TO BE PLACED,07-08-2018 14:22,11511960,6. Cottam Alwyn,0,3.15,1,1,1,1001,1,1001,0,0,0
146431107,SIS / Monm 7th Aug,TO BE PLACED,07-08-2018 14:22,12095989,4. Jays Gangster,1,2.9066120477355444,1,1,1,1001,1,1001,0,0,0
146433910,RPGTV / Sheff 7th Aug,TO BE PLACED,07-08-2018 20:13,16705748,1. Some Identity,1,1.7295601173018804,1,1,1,1001,1,1001,0,0,0
146433916,RPGTV / Sheff 7th Aug,TO BE PLACED,07-08-2018 20:59,11038106,4. Quantum,0,17.75,1,1,1,1001,1,1001,0,0,0
146433916,RPGTV / Sheff 7th Aug,TO BE PLACED,07-08-2018 20:59,12911825,3. News At Six,1,2.45,1,1,1,1001,1,1001,0,0,0
146431099,TRP / Nott 7th Aug,TO BE PLACED,07-08-2018 13:19,18439173,5. Tuftys Tornado,0,3.907036919659004,1,1,1,1001,1,1001,0,0,0
146430489,TRP / Kinsl 7th Aug,TO BE PLACED,07-08-2018 13:27,12782685,1. Lemming Jade,1,2.13,1,1,1,1001,1,1001,0,0,0
146430489,TRP / Kinsl 7th Aug,TO BE PLACED,07-08-2018 13:27,17337373,3. Unify,0,2.04,1,1,1,1001,1,1001,0,0,0
146433707,SIS / Crayfd 7th Aug,TO BE PLACED,07-08-2018 13:01,17228570,2. Amazing Prince,1,3.65,1,1,1,1001,1,1001,0,0,0
146433709,SIS / Crayfd 7th Aug,TO BE PLACED,07-08-2018 13:16,15463528,3. Great Run,1,1.795,1,1,1,1001,1,1001,0,0,0
146433713,SIS / Crayfd 7th Aug,TO BE PLACED,07-08-2018 13:49,12949769,1. Ballykevin Tara,0,3.2,1,1,1,1001,1,1001,0,0,0
146433713,SIS / Crayfd 7th Aug,TO BE PLACED,07-08-2018 13:49,14188771,4. Droopys Inny,0,6.3141617014119396,1,1,1,1001,1,1001,0,0,0
146430487,TRP / Kinsl 7th Aug,TO BE PLACED,07-08-2018 13:12,15731755,4. Kereight Sim,0,2.14,1,1,1,1001,1,1001,0,0,0
146431083,TRP / Nott 7th Aug,TO BE PLACED,07-08-2018 11:19,20022530,3. Honour Mercedes,0,1.46,1,1.47351480716664478317437960299366174487,1,1001,1,1001,1675.54,0,0
146431091,TRP / Nott 7th Aug,TO BE PLACED,07-08-2018 12:18,10986371,1. Lozzas Gold,0,3.167616882395523,1,1,1,1001,1,1001,0,0,0
146430477,TRP / Kinsl 7th Aug,TO BE PLACED,07-08-2018 11:56,20022389,6. Glenbrenton Sid,1,2,1,1.91975817393968573554514815949577625071,1,1001,1,1001,913.88,0,0
146431081,TRP / Nott 7th Aug,TO BE PLACED,07-08-2018 11:03,6965806,4. Follow My Lead,1,6.351639428854687,1,5.16614876033057851239669421487603305785,1,1001,1,1001,60.5,0,0
146431109,SIS / Monm 7th Aug,TO BE PLACED,07-08-2018 14:42,17085538,6. Aykon,0,1.98,1,1,1,1001,1,1001,0,0,0
146431131,SIS / Monm 7th Aug,TO BE PLACED,07-08-2018 18:09,17381289,5. Agent Ava,1,2.56,1,1,1,1001,1,1001,0,0,0
146431129,SIS / Monm 7th Aug,TO BE PLACED,07-08-2018 17:54,12588841,2. Swift Phase,0,2.28,1,1,1,1001,1,1001,0,0,0
146431129,SIS / Monm 7th Aug,TO BE PLACED,07-08-2018 17:54,19057641,3. Miss Hoffman,0,3.15,1,1,1,1001,1,1001,0,0,0
146433711,SIS / Crayfd 7th Aug,TO BE PLACED,07-08-2018 13:31,19470968,3. Popular Dan,1,4.2,1,1,1,1001,1,1001,0,0,0
146431103,TRP / Nott 7th Aug,TO BE PLACED,07-08-2018 13:51,12011603,4. Take The Crowd,0,2.73,1,1,1,1001,1,1001,0,0,0
146431113,SIS / Monm 7th Aug,TO BE PLACED,07-08-2018 15:19,17863131,5. Last Click,0,2.16,1,1,1,1001,1,1001,0,0,0
146433741,SIS / Hove 7th Aug,TO BE PLACED,07-08-2018 18:19,20024904,4. Showboat Annie,0,3.922942045736127,1,1,1,1001,1,1001,0,0,0
146431085,TRP / Nott 7th Aug,TO BE PLACED,07-08-2018 11:34,17916833,5. Swift Natania,1,2.02,1,1.94483844970327496519891567147776393875,1,1001,1,1001,545.96,0,0
146431085,TRP / Nott 7th Aug,TO BE PLACED,07-08-2018 11:34,15940640,2. Honour Hawk,0,2.312984827127292,1,2.16033445334711811837684156112690617731,1,1001,1,1001,773.8,0,0
146433898,RPGTV / Sheff 7th Aug,TO BE PLACED,07-08-2018 18:39,12695980,1. Droopys Podge,1,2.7,1,1,1,1001,1,1001,0,0,0
146433665,SIS / Crayfd 7th Aug,TO BE PLACED,07-08-2018 18:33,16634311,1. Leemount Mac,0,6,1,1,1,1001,1,1001,0,0,0
146433671,SIS / Crayfd 7th Aug,TO BE PLACED,07-08-2018 19:23,15494100,5. Pure Peron,0,8.2,1,1,1,1001,1,1001,0,0,0
146430479,TRP / Kinsl 7th Aug,TO BE PLACED,07-08-2018 12:11,18304257,3. Hillview Harry,0,2.78,1,1,1,1001,1,1001,0,0,0
146430479,TRP / Kinsl 7th Aug,TO BE PLACED,07-08-2018 12:11,20022395,6. Ten Zero,0,1.965,1,1,1,1001,1,1001,0,0,0
146433687,SIS / Crayfd 7th Aug,TO BE PLACED,07-08-2018 21:30,12244885,5. Phat Buddy,0,1.95,1,1,1,1001,1,1001,0,0,0
146433689,SIS / Crayfd 7th Aug,TO BE PLACED,07-08-2018 21:45,12201384,2. Mustang Swift,1,2.343168421144654,1,1,1,1001,1,1001,0,0,0
146433689,SIS / Crayfd 7th Aug,TO BE PLACED,07-08-2018 21:45,14777278,4. Whistling Mall,1,3.05,1,1,1,1001,1,1001,0,0,0
146433721,SIS / Hove 7th Aug,TO BE PLACED,07-08-2018 15:11,10068900,4. Jacobs Pride,0,2.34,1,1,1,1001,1,1001,0,0,0
146433725,SIS / Hove 7th Aug,TO BE PLACED,07-08-2018 15:49,11822048,2. Northwest Bridge,0,2.37,1,1,1,1001,1,1001,0,0,0
146433725,SIS / Hove 7th Aug,TO BE PLACED,07-08-2018 15:49,15458674,5. Words Of Wisdom,0,8.6,1,1,1,1001,1,1001,0,0,0
146433727,SIS / Hove 7th Aug,TO BE PLACED,07-08-2018 16:09,10519386,4. Marys Boy,0,3.35,1,1,1,1001,1,1001,0,0,0
146433737,SIS / Hove 7th Aug,TO BE PLACED,07-08-2018 17:44,10500164,1. Suburban Sun,1,5,1,1,1,1001,1,1001,0,0,0
146433908,RPGTV / Sheff 7th Aug,TO BE PLACED,07-08-2018 19:57,20025079,6. Slaneyside Ryder,1,2.26,1,1,1,1001,1,1001,0,0,0
146433255,RPGTV / Poole 7th Aug,TO BE PLACED,07-08-2018 20:23,15611929,3. Teresas Jet,1,1.25,1,1,1,1001,1,1001,0,0,0
146433677,SIS / Crayfd 7th Aug,TO BE PLACED,07-08-2018 20:11,20024716,6. Queen Izzy,0,3.9,1,1,1,1001,1,1001,0,0,0
146433691,SIS / Crayfd 7th Aug,TO BE PLACED,07-08-2018 11:01,13323876,4. Kingswood Van,0,2.7036,1,2.934134852341130368036197632610188664,1,1001,1,1001,495.06,0,0
146433233,SIS / Henl 7th Aug,TO BE PLACED,07-08-2018 20:21,17405872,1. Walking Ceaser,0,9.2,1,1,1,1001,1,1001,0,0,0
146433233,SIS / Henl 7th Aug,TO BE PLACED,07-08-2018 20:21,18976032,4. Burnt Fingers,0,2.27,1,1,1,1001,1,1001,0,0,0
146433233,SIS / Henl 7th Aug,TO BE PLACED,07-08-2018 20:21,12212356,6. Mallogs Pluto,0,16,1,1,1,1001,1,1001,0,0,0
146433233,SIS / Henl 7th Aug,TO BE PLACED,07-08-2018 20:21,15856874,5. Minglers Exit,1,2.42,1,1,1,1001,1,1001,0,0,0
146433269,TRP / Sund 7th Aug,TO BE PLACED,07-08-2018 14:27,20023939,3. Funky Gal,0,1.901543136,1,1,1,1001,1,1001,0,0,0
146433291,TRP / Sund 7th Aug,TO BE PLACED,07-08-2018 17:56,11829618,5. Halcrow Brae,0,2.76,1,1,1,1001,1,1001,0,0,0
146433731,SIS / Hove 7th Aug,TO BE PLACED,07-08-2018 16:48,12874673,6. Swift Edgar,0,5.702992374,1,1,1,1001,1,1001,0,0,0
146430471,TRP / Kinsl 7th Aug,TO BE PLACED,07-08-2018 11:11,10472584,2. Melwood Beauty,1,7,1,6.23018259935553168635875402792696025779,1,1001,1,1001,111.72,0,0
146430491,TRP / Kinsl 7th Aug,TO BE PLACED,07-08-2018 13:44,12677046,2. Kehoe Speaking,1,1.765,1,1,1,1001,1,1001,0,0,0
146431105,SIS / Monm 7th Aug,TO BE PLACED,07-08-2018 14:06,18858136,1. Nuthill Leona,0,6.6,1,1,1,1001,1,1001,0,0,0
146433184,SIS / CPark 7th Aug,TO BE PLACED,07-08-2018 12:24,11671925,1. Blacklabel Vicky,0,7.4,1,1,1,1001,1,1001,0,0,0
146433237,SIS / Henl 7th Aug,TO BE PLACED,07-08-2018 20:53,17727594,2. Savana Princess,0,6.8637422663718475,1,1,1,1001,1,1001,0,0,0
146433239,SIS / Henl 7th Aug,TO BE PLACED,07-08-2018 21:08,19538073,3. Kilara Floyd,1,2.82,1,1,1,1001,1,1001,0,0,0
146433253,RPGTV / Poole 7th Aug,TO BE PLACED,07-08-2018 20:08,20023820,4. Four Days Late,0,4.3,1,1,1,1001,1,1001,0,0,0
146433253,RPGTV / Poole 7th Aug,TO BE PLACED,07-08-2018 20:08,13837343,1. Redhills Juliet,0,6,1,1,1,1001,1,1001,0,0,0
146433253,RPGTV / Poole 7th Aug,TO BE PLACED,07-08-2018 20:08,14039044,2. The Turnipfarmer,0,7.445054846,1,1,1,1001,1,1001,0,0,0
146433253,RPGTV / Poole 7th Aug,TO BE PLACED,07-08-2018 20:08,19298583,3. Orient Oracle,2,3.725,1,1,1,1001,1,1001,0,0,0
146433267,TRP / Sund 7th Aug,TO BE PLACED,07-08-2018 14:08,15459913,1. Lachlans Lady,0,2.852597015,1,1,1,1001,1,1001,0,0,0
146433180,SIS / CPark 7th Aug,TO BE PLACED,07-08-2018 11:54,18108309,4. Resnova Leela,0,2.6,1,2.46116846577859439595774000918695452458,1,1001,1,1001,696.64,0,0
146433192,SIS / CPark 7th Aug,TO BE PLACED,07-08-2018 13:22,16900229,1. Swift Lexi,0,4,1,1,1,1001,1,1001,0,0,0
146433196,SIS / CPark 7th Aug,TO BE PLACED,07-08-2018 13:57,12102873,1. Hollyoak Nelson,0,8.515596742139124,1,1,1,1001,1,1001,0,0,0
146433196,SIS / CPark 7th Aug,TO BE PLACED,07-08-2018 13:57,16900066,6. Hippy Machine,0,3.25,1,1,1,1001,1,1001,0,0,0
146433249,RPGTV / Poole 7th Aug,TO BE PLACED,07-08-2018 19:36,12733554,2. Ide Iced,1,1.9,1,1,1,1001,1,1001,0,0,0
146433667,SIS / Crayfd 7th Aug,TO BE PLACED,07-08-2018 18:49,12052583,1. Maireads Ivy,1,1.14,1,1,1,1001,1,1001,0,0,0
146433699,SIS / Crayfd 7th Aug,TO BE PLACED,07-08-2018 12:01,12696496,4. Portmagee Aloi,0,5.517083034,1,4.70055040773047735838778035267010847861,1,1001,1,1001,65.32,0,0
146433723,SIS / Hove 7th Aug,TO BE PLACED,07-08-2018 15:29,16845088,2. Decorum,1,3,1,1,1,1001,1,1001,0,0,0
146433723,SIS / Hove 7th Aug,TO BE PLACED,07-08-2018 15:29,20024849,3. Comenzo Skyline,1,1.82,1,1,1,1001,1,1001,0,0,0
146433906,RPGTV / Sheff 7th Aug,TO BE PLACED,07-08-2018 19:42,19016687,4. Droopys Gina,1,1.9,1,1,1,1001,1,1001,0,0,0
146433174,SIS / CPark 7th Aug,TO BE PLACED,07-08-2018 11:09,20023863,5. Insane Bella,1,2.32,1,2.30023651259854691606121502550626062761,1,1001,1,1001,258.76,0,0
146433174,SIS / CPark 7th Aug,TO BE PLACED,07-08-2018 11:09,14617065,6. Great Sphinx,0,1.98,1,1.93200424261470773098680075424261470773,1,1001,1,1001,763.68,0,0
146433904,RPGTV / Sheff 7th Aug,TO BE PLACED,07-08-2018 19:26,13004717,6. Weigh In Tully,1,2.92,1,1,1,1001,1,1001,0,0,0
146433912,RPGTV / Sheff 7th Aug,TO BE PLACED,07-08-2018 20:29,18473965,6. Malt Paddy,1,3.3,1,1,1,1001,1,1001,0,0,0
146433225,SIS / Henl 7th Aug,TO BE PLACED,07-08-2018 19:17,17703821,6. Sandy Pad,0,3.025,1,1,1,1001,1,1001,0,0,0
146433241,SIS / Henl 7th Aug,TO BE PLACED,07-08-2018 21:26,17187302,6. Savana Apollo,0,4.25,1,1,1,1001,1,1001,0,0,0
146433227,SIS / Henl 7th Aug,TO BE PLACED,07-08-2018 19:33,12481966,1. Lapari Girl,0,1.92,1,1,1,1001,1,1001,0,0,0
146433227,SIS / Henl 7th Aug,TO BE PLACED,07-08-2018 19:33,16962954,5. Clona Honey,1,2.87,1,1,1,1001,1,1001,0,0,0
146433227,SIS / Henl 7th Aug,TO BE PLACED,07-08-2018 19:33,20023744,4. Savana Robert,0,4,1,1,1,1001,1,1001,0,0,0
146433257,RPGTV / Poole 7th Aug,TO BE PLACED,07-08-2018 20:37,17406309,6. Madabout Gooch,0,2.3,1,1,1,1001,1,1001,0,0,0
146433257,RPGTV / Poole 7th Aug,TO BE PLACED,07-08-2018 20:37,16433234,5. Pitch Fork,1,7.6,1,1,1,1001,1,1001,0,0,0
146433281,TRP / Sund 7th Aug,TO BE PLACED,07-08-2018 16:27,15941131,5. Our Neddy,1,5.481656570472989,1,1,1,1001,1,1001,0,0,0
146433281,TRP / Sund 7th Aug,TO BE PLACED,07-08-2018 16:27,19578203,6. Five Alley Puma,0,2.74,1,1,1,1001,1,1001,0,0,0
146433281,TRP / Sund 7th Aug,TO BE PLACED,07-08-2018 16:27,12931245,4. Witton Express,0,3.2151059463433187,1,1,1,1001,1,1001,0,0,0
146433285,TRP / Sund 7th Aug,TO BE PLACED,07-08-2018 17:06,13493259,1. Kilbarry Favour,0,3.2559434793563566,1,1,1,1001,1,1001,0,0,0
146433285,TRP / Sund 7th Aug,TO BE PLACED,07-08-2018 17:06,12666116,3. Witton Peerless,0,2,1,1,1,1001,1,1001,0,0,0
146433186,SIS / CPark 7th Aug,TO BE PLACED,07-08-2018 12:39,17865605,4. Gainstown Keiko,1,2.3,1,1,1,1001,1,1001,0,0,0
146433693,SIS / Crayfd 7th Aug,TO BE PLACED,07-08-2018 11:16,19826573,5. Celebrity Girl,0,3.3,1,3.08717183770883054892601431980906921241,1,1001,1,1001,536.32,0,0
146433693,SIS / Crayfd 7th Aug,TO BE PLACED,07-08-2018 11:16,20024759,3. Tegans Lass,0,3.307880801294232,1,3.20961721350451735615786970993818354731,1,1001,1,1001,420.6,0,0
146433896,RPGTV / Sheff 7th Aug,TO BE PLACED,07-08-2018 18:22,18566897,6. Live Dream,0,2.87,1,1,1,1001,1,1001,0,0,0
146433902,RPGTV / Sheff 7th Aug,TO BE PLACED,07-08-2018 19:09,15345305,4. Colston Legend,0,2.45,1,1,1,1001,1,1001,0,0,0
146433902,RPGTV / Sheff 7th Aug,TO BE PLACED,07-08-2018 19:09,18010884,2. Harton Ross,1,3.775,1,1,1,1001,1,1001,0,0,0
146433920,RPGTV / Sheff 7th Aug,TO BE PLACED,07-08-2018 21:32,19577708,2. Ironic,0,3.95,1,1,1,1001,1,1001,0,0,0
146433922,RPGTV / Sheff 7th Aug,TO BE PLACED,07-08-2018 21:50,8216953,2. Curly Watts,0,11.559848950325975,1,1,1,1001,1,1001,0,0,0
146433922,RPGTV / Sheff 7th Aug,TO BE PLACED,07-08-2018 21:50,15143574,4. Shvedova,1,3.3672404917732646,1,1,1,1001,1,1001,0,0,0
146430473,TRP / Kinsl 7th Aug,TO BE PLACED,07-08-2018 11:26,18594446,6. Swift Television,1,1.76,1,1.80137096774193548387096774193548387097,1,1001,1,1001,57.04,0,0
146430473,TRP / Kinsl 7th Aug,TO BE PLACED,07-08-2018 11:26,20022372,1. Sophies Paradise,1,2.05,1,2.01433962264150943396226415094339622642,1,1001,1,1001,4.24,0,0
146433683,SIS / Crayfd 7th Aug,TO BE PLACED,07-08-2018 20:57,19578593,1. Match Up Ivy,0,1.73,1,1,1,1001,1,1001,0,0,0
146431119,SIS / Monm 7th Aug,TO BE PLACED,07-08-2018 16:19,12818983,1. Oneco Floridian,0,1.6957656903765743,1,1,1,1001,1,1001,0,0,0
146433182,SIS / CPark 7th Aug,TO BE PLACED,07-08-2018 12:09,13554197,5. Kranky Valentine,1,13,1,1,1,1001,1,1001,0,0,0
146433695,SIS / Crayfd 7th Aug,TO BE PLACED,07-08-2018 11:31,19084305,2. Roxholme Heidi,1,2.894750862728687,1,2.75569959339870844295623056685003587658,1,1001,1,1001,250.86,0,0
146433695,SIS / Crayfd 7th Aug,TO BE PLACED,07-08-2018 11:31,19927642,1. Whats Aimee Upto,1,2.114500504540919,1,2.10996115021915260990835436312923362996,1,1001,1,1001,602.32,0,0
146433265,RPGTV / Poole 7th Aug,TO BE PLACED,07-08-2018 21:40,18608839,5. Bet On Spot,1,1.54,1,1,1,1001,1,1001,0,0,0
146433283,TRP / Sund 7th Aug,TO BE PLACED,07-08-2018 16:46,15544049,3. Rosegarland Levi,0,3.039419780531899,1,1,1,1001,1,1001,0,0,0
146431093,TRP / Nott 7th Aug,TO BE PLACED,07-08-2018 12:33,13335995,1. Windy Exova,1,2.07,1,1,1,1001,1,1001,0,0,0
146431093,TRP / Nott 7th Aug,TO BE PLACED,07-08-2018 12:33,18770635,6. Orbsen Jill,1,2.218766888876562,1,1,1,1001,1,1001,0,0,0
146433916,RPGTV / Sheff 7th Aug,TO BE PLACED,07-08-2018 20:59,19630795,1. Take Them Out,0,4.838503939,1,1,1,1001,1,1001,0,0,0
146431095,TRP / Nott 7th Aug,TO BE PLACED,07-08-2018 12:48,12482033,5. Hilldun Messi,1,1.65,1,1,1,1001,1,1001,0,0,0
146433707,SIS / Crayfd 7th Aug,TO BE PLACED,07-08-2018 13:01,15346283,4. Said And Done,1,2.48,1,1,1,1001,1,1001,0,0,0
146433707,SIS / Crayfd 7th Aug,TO BE PLACED,07-08-2018 13:01,18617900,3. Miss Bumblebee,0,2.13,1,1,1,1001,1,1001,0,0,0
146433707,SIS / Crayfd 7th Aug,TO BE PLACED,07-08-2018 13:01,13323818,5. Pure Papa,0,2.06,1,1,1,1001,1,1001,0,0,0
146433709,SIS / Crayfd 7th Aug,TO BE PLACED,07-08-2018 13:16,10765870,1. Organised Chaos,0,9,1,1,1,1001,1,1001,0,0,0
146433709,SIS / Crayfd 7th Aug,TO BE PLACED,07-08-2018 13:16,20024806,2. Sun Hill Brae,0,3.075,1,1,1,1001,1,1001,0,0,0
146433713,SIS / Crayfd 7th Aug,TO BE PLACED,07-08-2018 13:49,19084318,3. Panthera,1,1.663329208,1,1,1,1001,1,1001,0,0,0
146430475,TRP / Kinsl 7th Aug,TO BE PLACED,07-08-2018 11:41,12201351,5. Scruffs Tara,0,2.3,1,1.99294432211387228688266750550487574709,1,1001,1,1001,127.16,0,0
146430475,TRP / Kinsl 7th Aug,TO BE PLACED,07-08-2018 11:41,19296261,6. Droopys Local,1,1.755,1,1.76459300289688982268487568840925731385,1,1001,1,1001,628.26,0,0
146430481,TRP / Kinsl 7th Aug,TO BE PLACED,07-08-2018 12:26,12677008,6. Hippy Hedgehog,0,2.7,1,1,1,1001,1,1001,0,0,0
146430481,TRP / Kinsl 7th Aug,TO BE PLACED,07-08-2018 12:26,16257383,4. Frainey Flash,1,2.6642237827272766,1,1,1,1001,1,1001,0,0,0
146430487,TRP / Kinsl 7th Aug,TO BE PLACED,07-08-2018 13:12,20022414,1. Tamna Wonder,1,3.389333576537756,1,1,1,1001,1,1001,0,0,0
146431083,TRP / Nott 7th Aug,TO BE PLACED,07-08-2018 11:19,17698924,4. Constance,0,11.25,1,10.7249435301710229106163278476928041304,1,1001,1,1001,61.98,0,0
146431089,TRP / Nott 7th Aug,TO BE PLACED,07-08-2018 12:04,19776337,3. Bomber Knowsbest,1,1.934733429172775,1,1,1,1001,1,1001,0,0,0
146431089,TRP / Nott 7th Aug,TO BE PLACED,07-08-2018 12:04,11967202,4. Tudor Miss,0,2.9,1,1,1,1001,1,1001,0,0,0
146430477,TRP / Kinsl 7th Aug,TO BE PLACED,07-08-2018 11:56,11232188,2. Pookies Queen,0,11.903457655317617,1,11.798415439309294057897409852717115287,1,1001,1,1001,196.9,0,0
146430477,TRP / Kinsl 7th Aug,TO BE PLACED,07-08-2018 11:56,11030024,1. Castledillon Lad,0,4.476628352489788,1,4.2157093213409648405560098119378577269,1,1001,1,1001,195.68,0,0
146430485,TRP / Kinsl 7th Aug,TO BE PLACED,07-08-2018 12:57,20022408,1. Pennys Tetra,0,2.18,1,1,1,1001,1,1001,0,0,0
146430493,TRP / Kinsl 7th Aug,TO BE PLACED,07-08-2018 13:59,14331868,5. Sirius Dream,0,7.1,1,1,1,1001,1,1001,0,0,0
146431109,SIS / Monm 7th Aug,TO BE PLACED,07-08-2018 14:42,11671626,4. Bjerregaard Feth,1,2.56,1,1,1,1001,1,1001,0,0,0
146431131,SIS / Monm 7th Aug,TO BE PLACED,07-08-2018 18:09,16303058,3. Barrack Marshall,0,3.375,1,1,1,1001,1,1001,0,0,0
146431131,SIS / Monm 7th Aug,TO BE PLACED,07-08-2018 18:09,16171298,6. Woodcocks Anya,0,2.675795982621275,1,1,1,1001,1,1001,0,0,0
146431125,SIS / Monm 7th Aug,TO BE PLACED,07-08-2018 17:18,16898820,3. Satin Gypsy,1,2.17,1,1,1,1001,1,1001,0,0,0
146431125,SIS / Monm 7th Aug,TO BE PLACED,07-08-2018 17:18,12995384,2. Fozzie Fruppence,0,4.4,1,1,1,1001,1,1001,0,0,0
146431125,SIS / Monm 7th Aug,TO BE PLACED,07-08-2018 17:18,15914395,6. Kayleigh Oscar,0,2.68,1,1,1,1001,1,1001,0,0,0
146433711,SIS / Crayfd 7th Aug,TO BE PLACED,07-08-2018 13:31,16244429,2. Droopys Hyde,0,2.395239386449539,1,1,1,1001,1,1001,0,0,0
146431113,SIS / Monm 7th Aug,TO BE PLACED,07-08-2018 15:19,10678379,3. Supreme Lisbon,0,2.961839267,1,1,1,1001,1,1001,0,0,0
146431113,SIS / Monm 7th Aug,TO BE PLACED,07-08-2018 15:19,10843794,4. General Legend,1,1.966422195,1,1,1,1001,1,1001,0,0,0
146433741,SIS / Hove 7th Aug,TO BE PLACED,07-08-2018 18:19,20024906,6. Headway Charley,1,3.55,1,1,1,1001,1,1001,0,0,0
146433741,SIS / Hove 7th Aug,TO BE PLACED,07-08-2018 18:19,15457378,3. Ballysteen Sky,0,1.83295,1,1,1,1001,1,1001,0,0,0
146431085,TRP / Nott 7th Aug,TO BE PLACED,07-08-2018 11:34,17916853,3. Cavies Phelps,0,3.05,1,2.93373090133838682932606893284377590904,1,1001,1,1001,168.86,0,0
146431111,SIS / Monm 7th Aug,TO BE PLACED,07-08-2018 15:02,12497033,3. Shanless Hero,0,4.25,1,1,1,1001,1,1001,0,0,0
146433898,RPGTV / Sheff 7th Aug,TO BE PLACED,07-08-2018 18:39,16929078,6. Geelo Suzi,0,2.2152839137765112,1,1,1,1001,1,1001,0,0,0
146433665,SIS / Crayfd 7th Aug,TO BE PLACED,07-08-2018 18:33,16484791,3. Deecees Rum,1,4.5,1,1,1,1001,1,1001,0,0,0
146433685,SIS / Crayfd 7th Aug,TO BE PLACED,07-08-2018 21:16,19780831,1. Out Of Georgia,0,7.8,1,1,1,1001,1,1001,0,0,0
146433705,SIS / Crayfd 7th Aug,TO BE PLACED,07-08-2018 12:46,18186625,4. Bullseye Lola,0,3,1,1,1,1001,1,1001,0,0,0
146433705,SIS / Crayfd 7th Aug,TO BE PLACED,07-08-2018 12:46,20024794,2. Firminos Class,1,2.09,1,1,1,1001,1,1001,0,0,0
146433687,SIS / Crayfd 7th Aug,TO BE PLACED,07-08-2018 21:30,11284673,2. Sonny Da Boy,0,2.04,1,1,1,1001,1,1001,0,0,0
146433721,SIS / Hove 7th Aug,TO BE PLACED,07-08-2018 15:11,16228281,2. Ower Boy Wonder,0,4,1,1,1,1001,1,1001,0,0,0
146433725,SIS / Hove 7th Aug,TO BE PLACED,07-08-2018 15:49,17915656,4. Offyougo,1,4.1,1,1,1,1001,1,1001,0,0,0
146433727,SIS / Hove 7th Aug,TO BE PLACED,07-08-2018 16:09,19927471,3. Tidy Up Buttons,1,1.97,1,1,1,1001,1,1001,0,0,0
146433729,SIS / Hove 7th Aug,TO BE PLACED,07-08-2018 16:29,13492372,5. Summerville Kate,1,5.1,1,1,1,1001,1,1001,0,0,0
146433729,SIS / Hove 7th Aug,TO BE PLACED,07-08-2018 16:29,12253789,6. Enzo Red,0,2.1,1,1,1,1001,1,1001,0,0,0
146433729,SIS / Hove 7th Aug,TO BE PLACED,07-08-2018 16:29,13004178,3. Kilara Kisses,1,3.475,1,1,1,1001,1,1001,0,0,0
146433739,SIS / Hove 7th Aug,TO BE PLACED,07-08-2018 18:02,14772535,6. Mercury Dream,0,2.74,1,1,1,1001,1,1001,0,0,0
146433271,TRP / Sund 7th Aug,TO BE PLACED,07-08-2018 14:47,19174920,4. Westoe Lad,0,1.953554509,1,1,1,1001,1,1001,0,0,0
146433271,TRP / Sund 7th Aug,TO BE PLACED,07-08-2018 14:47,13366170,5. Tip Top Vicky,0,2.38,1,1,1,1001,1,1001,0,0,0
146433691,SIS / Crayfd 7th Aug,TO BE PLACED,07-08-2018 11:01,15826404,1. Newlawn Pearl,0,4.075,1,4.02246247955046589373355146169713350878,1,1001,1,1001,281.18,0,0
146433731,SIS / Hove 7th Aug,TO BE PLACED,07-08-2018 16:48,18122870,5. Sisters Mister,0,2.31,1,1,1,1001,1,1001,0,0,0
146430491,TRP / Kinsl 7th Aug,TO BE PLACED,07-08-2018 13:44,15483208,1. Mucho Macho Max,0,6.939356270306745,1,1,1,1001,1,1001,0,0,0
146431105,SIS / Monm 7th Aug,TO BE PLACED,07-08-2018 14:06,16849928,5. Flemish Bond,0,2.06,1,1,1,1001,1,1001,0,0,0
146433184,SIS / CPark 7th Aug,TO BE PLACED,07-08-2018 12:24,19245198,3. Cool Aisling,0,2.86,1,1,1,1001,1,1001,0,0,0
146433184,SIS / CPark 7th Aug,TO BE PLACED,07-08-2018 12:24,13259706,5. Lissycasey Moore,1,5.79940468812536,1,1,1,1001,1,1001,0,0,0
146433188,SIS / CPark 7th Aug,TO BE PLACED,07-08-2018 12:54,13499353,4. Castlefarm Hero,0,4.5,1,1,1,1001,1,1001,0,0,0
146433239,SIS / Henl 7th Aug,TO BE PLACED,07-08-2018 21:08,13338145,1. Millys Nye,0,3.2,1,1,1,1001,1,1001,0,0,0
146433239,SIS / Henl 7th Aug,TO BE PLACED,07-08-2018 21:08,17405923,4. Ferndale Joanna,0,3.35,1,1,1,1001,1,1001,0,0,0
146433243,RPGTV / Poole 7th Aug,TO BE PLACED,07-08-2018 18:47,19776780,3. Ide Whatsmore,1,2.077185283460403,1,1,1,1001,1,1001,0,0,0
146433253,RPGTV / Poole 7th Aug,TO BE PLACED,07-08-2018 20:08,10677445,5. Field Panther,2,2.07,1,1,1,1001,1,1001,0,0,0
146433267,TRP / Sund 7th Aug,TO BE PLACED,07-08-2018 14:08,18402999,2. Fiadhs Willow,1,5.5,1,1,1,1001,1,1001,0,0,0
146433192,SIS / CPark 7th Aug,TO BE PLACED,07-08-2018 13:22,13439437,5. Mystical Andy,0,3.925,1,1,1,1001,1,1001,0,0,0
146433196,SIS / CPark 7th Aug,TO BE PLACED,07-08-2018 13:57,19035255,4. Dancers Encore,1,2.46,1,1,1,1001,1,1001,0,0,0
146433249,RPGTV / Poole 7th Aug,TO BE PLACED,07-08-2018 19:36,19883019,5. Bumblebee Cherie,0,3.575,1,1,1,1001,1,1001,0,0,0
146433275,TRP / Sund 7th Aug,TO BE PLACED,07-08-2018 15:27,12573136,5. Heroic Man,1,2.5,1,1,1,1001,1,1001,0,0,0
146433673,SIS / Crayfd 7th Aug,TO BE PLACED,07-08-2018 19:38,20024701,3. Bubbly Joe,0,2.6,1,1,1,1001,1,1001,0,0,0
146433699,SIS / Crayfd 7th Aug,TO BE PLACED,07-08-2018 12:01,19213293,6. Fancy Fishing,1,2.24,1,2.2306681132597065595715546349250380672,1,1001,1,1001,157.74,0,0
146433723,SIS / Hove 7th Aug,TO BE PLACED,07-08-2018 15:29,12183478,5. Droopys Quip,0,7,1,1,1,1001,1,1001,0,0,0
146433723,SIS / Hove 7th Aug,TO BE PLACED,07-08-2018 15:29,16520575,4. Quaver Ava,0,2.74,1,1,1,1001,1,1001,0,0,0
146433906,RPGTV / Sheff 7th Aug,TO BE PLACED,07-08-2018 19:42,19764167,1. Coney Boom Boom,0,2.06,1,1,1,1001,1,1001,0,0,0
146433906,RPGTV / Sheff 7th Aug,TO BE PLACED,07-08-2018 19:42,20025070,3. Move Over Padre,1,2.41,1,1,1,1001,1,1001,0,0,0
146433904,RPGTV / Sheff 7th Aug,TO BE PLACED,07-08-2018 19:26,20025063,2. Droopys Velma,0,2,1,1,1,1001,1,1001,0,0,0
146433912,RPGTV / Sheff 7th Aug,TO BE PLACED,07-08-2018 20:29,17364166,3. Slippy Maggie,0,1.951106506423539,1,1,1,1001,1,1001,0,0,0
146433176,SIS / CPark 7th Aug,TO BE PLACED,07-08-2018 11:24,14930715,6. Black Jack Davy,0,4.5,1,4.08491391090461874829188302814976769609,1,1001,1,1001,439.08,0,0
146433194,SIS / CPark 7th Aug,TO BE PLACED,07-08-2018 13:39,15855178,2. Union Jack,1,3.15,1,1,1,1001,1,1001,0,0,0
146433219,SIS / Henl 7th Aug,TO BE PLACED,07-08-2018 18:27,18108267,4. Frankton Mikey,0,2.1,1,1,1,1001,1,1001,0,0,0
146433225,SIS / Henl 7th Aug,TO BE PLACED,07-08-2018 19:17,16591129,5. Savana Richard,0,5.25,1,1,1,1001,1,1001,0,0,0
146433229,SIS / Henl 7th Aug,TO BE PLACED,07-08-2018 19:49,18833194,3. Tree Top Blue,1,1.49,1,1,1,1001,1,1001,0,0,0
146433229,SIS / Henl 7th Aug,TO BE PLACED,07-08-2018 19:49,18902908,1. Catch Kushino,0,4.6,1,1,1,1001,1,1001,0,0,0
146433251,RPGTV / Poole 7th Aug,TO BE PLACED,07-08-2018 19:52,17697566,3. Petes Lass,1,3.1238352947880053,1,1,1,1001,1,1001,0,0,0
146433257,RPGTV / Poole 7th Aug,TO BE PLACED,07-08-2018 20:37,20023830,2. Kanturk Money,0,2.092730816331169,1,1,1,1001,1,1001,0,0,0
146433281,TRP / Sund 7th Aug,TO BE PLACED,07-08-2018 16:27,18563331,3. Suncroft Ned,0,3.05,1,1,1,1001,1,1001,0,0,0
146433186,SIS / CPark 7th Aug,TO BE PLACED,07-08-2018 12:39,13500696,6. Ballymac Google,0,8.408283132530055,1,1,1,1001,1,1001,0,0,0
146433223,SIS / Henl 7th Aug,TO BE PLACED,07-08-2018 19:03,19159778,4. Jogon Fantasy,1,3.95,1,1,1,1001,1,1001,0,0,0
146433263,RPGTV / Poole 7th Aug,TO BE PLACED,07-08-2018 21:22,18894876,3. Lolas Champ,1,3.2450259903208463,1,1,1,1001,1,1001,0,0,0
146433279,TRP / Sund 7th Aug,TO BE PLACED,07-08-2018 16:07,13039019,4. Bardic Bonita,1,4.18877589324082,1,1,1,1001,1,1001,0,0,0
146433902,RPGTV / Sheff 7th Aug,TO BE PLACED,07-08-2018 19:09,10912218,6. Master Kelly,0,1.92,1,1,1,1001,1,1001,0,0,0
146433902,RPGTV / Sheff 7th Aug,TO BE PLACED,07-08-2018 19:09,11790790,3. Carn Brea,1,2.6,1,1,1,1001,1,1001,0,0,0
146433902,RPGTV / Sheff 7th Aug,TO BE PLACED,07-08-2018 19:09,18010871,1. Thornwick Lass,0,2.66,1,1,1,1001,1,1001,0,0,0
146433920,RPGTV / Sheff 7th Aug,TO BE PLACED,07-08-2018 21:32,16661990,3. Unique Queen,1,2.34,1,1,1,1001,1,1001,0,0,0
146433675,SIS / Crayfd 7th Aug,TO BE PLACED,07-08-2018 19:54,11245688,3. Dranoel,0,2.244766529160552,1,1,1,1001,1,1001,0,0,0
146433675,SIS / Crayfd 7th Aug,TO BE PLACED,07-08-2018 19:54,16930706,2. Scruffs Hero,1,2.23,1,1,1,1001,1,1001,0,0,0
146433683,SIS / Crayfd 7th Aug,TO BE PLACED,07-08-2018 20:57,16351716,5. Stophers Vodka,0,5.55,1,1,1,1001,1,1001,0,0,0
146431119,SIS / Monm 7th Aug,TO BE PLACED,07-08-2018 16:19,12275493,2. Astons Ranger,0,3.21235338,1,1,1,1001,1,1001,0,0,0
146433182,SIS / CPark 7th Aug,TO BE PLACED,07-08-2018 12:09,5201219,2. Criterion,0,1.9704765297741687,1,1,1,1001,1,1001,0,0,0
146433695,SIS / Crayfd 7th Aug,TO BE PLACED,07-08-2018 11:31,19439488,5. Hatfield Chloe,0,2.9536648394246003,1,2.57799868055228311578153715659017011451,1,1001,1,1001,424.42,0,0
146433221,SIS / Henl 7th Aug,TO BE PLACED,07-08-2018 18:44,12955906,6. Calico Willow,1,4.25,1,1,1,1001,1,1001,0,0,0
146433265,RPGTV / Poole 7th Aug,TO BE PLACED,07-08-2018 21:40,418024,6. Ninja Ace,1,2.6,1,1,1,1001,1,1001,0,0,0
146433287,TRP / Sund 7th Aug,TO BE PLACED,07-08-2018 17:22,15290802,2. Kilbarry Lucky,0,3.3880961173513793,1,1,1,1001,1,1001,0,0,0
146433289,TRP / Sund 7th Aug,TO BE PLACED,07-08-2018 17:39,12849484,3. Watch Out Jack,0,3.61782649,1,1,1,1001,1,1001,0,0,0
146431093,TRP / Nott 7th Aug,TO BE PLACED,07-08-2018 12:33,10897811,4. Townside Sonny,0,4.5,1,1,1,1001,1,1001,0,0,0
146431101,TRP / Nott 7th Aug,TO BE PLACED,07-08-2018 13:33,15339168,2. Blue Octane,1,2.3327393075356664,1,1,1,1001,1,1001,0,0,0
146433914,RPGTV / Sheff 7th Aug,TO BE PLACED,07-08-2018 20:44,14724959,5. Glaise Shadow,0,1.49,1,1,1,1001,1,1001,0,0,0
146433914,RPGTV / Sheff 7th Aug,TO BE PLACED,07-08-2018 20:44,14003165,4. Serious Hangover,0,1.69,1,1,1,1001,1,1001,0,0,0
146433916,RPGTV / Sheff 7th Aug,TO BE PLACED,07-08-2018 20:59,12782362,5. Coney Mckenna,0,2.04,1,1,1,1001,1,1001,0,0,0
146431095,TRP / Nott 7th Aug,TO BE PLACED,07-08-2018 12:48,11295059,2. Bit View Classy,0,6.333480320745291,1,1,1,1001,1,1001,0,0,0
146431097,TRP / Nott 7th Aug,TO BE PLACED,07-08-2018 13:04,19629946,1. Honour Ferrari,1,2.72,1,1,1,1001,1,1001,0,0,0
146431097,TRP / Nott 7th Aug,TO BE PLACED,07-08-2018 13:04,18439164,2. Icardi Silva,0,1.8,1,1,1,1001,1,1001,0,0,0
146431099,TRP / Nott 7th Aug,TO BE PLACED,07-08-2018 13:19,10884648,6. Newinn Ruby,1,3.25,1,1,1,1001,1,1001,0,0,0
146431099,TRP / Nott 7th Aug,TO BE PLACED,07-08-2018 13:19,18157555,3. Narcos,0,2.761771665569395,1,1,1,1001,1,1001,0,0,0
146433679,SIS / Crayfd 7th Aug,TO BE PLACED,07-08-2018 20:27,14367200,3. Kilmore Lemon,1,1.175,1,1,1,1001,1,1001,0,0,0
146433679,SIS / Crayfd 7th Aug,TO BE PLACED,07-08-2018 20:27,20024721,5. Savana Starman,1,2.3,1,1,1,1001,1,1001,0,0,0
146430475,TRP / Kinsl 7th Aug,TO BE PLACED,07-08-2018 11:41,9447683,3. Swift Twister,0,5.220295949,1,4.23981133891616132447781307151795167966,1,1001,1,1001,207.78,0,0
146431083,TRP / Nott 7th Aug,TO BE PLACED,07-08-2018 11:19,8589640,2. Capla Crusader,1,1.92,1,1.92373345351962208089204934314854691438,1,1001,1,1001,1198.14,0,0
146431083,TRP / Nott 7th Aug,TO BE PLACED,07-08-2018 11:19,17227092,6. Blythe Wally,1,2.54,1,2.53941093804895186790022250849045555686,1,1001,1,1001,341.56,0,0
146431083,TRP / Nott 7th Aug,TO BE PLACED,07-08-2018 11:19,18439161,5. Tuftys Puma,0,10.5,1,6.88056910569105691056910569105691056911,1,1001,1,1001,123,0,0
146431089,TRP / Nott 7th Aug,TO BE PLACED,07-08-2018 12:04,18749693,6. Jetts Express,0,16,1,1,1,1001,1,1001,0,0,0
146430493,TRP / Kinsl 7th Aug,TO BE PLACED,07-08-2018 13:59,19964479,3. Droopys Nonie,1,2.06,1,1,1,1001,1,1001,0,0,0
146431127,SIS / Monm 7th Aug,TO BE PLACED,07-08-2018 17:37,15714711,3. Cavies Pearl,1,3.7,1,1,1,1001,1,1001,0,0,0
146433703,SIS / Crayfd 7th Aug,TO BE PLACED,07-08-2018 12:31,20024787,1. Standard Visa,0,2.9,1,1,1,1001,1,1001,0,0,0
146433703,SIS / Crayfd 7th Aug,TO BE PLACED,07-08-2018 12:31,12428296,3. Kelva Elvis,0,2.02,1,1,1,1001,1,1001,0,0,0
146431103,TRP / Nott 7th Aug,TO BE PLACED,07-08-2018 13:51,17356306,1. Diamond Ela,0,6.565693430656934,1,1,1,1001,1,1001,0,0,0
146431113,SIS / Monm 7th Aug,TO BE PLACED,07-08-2018 15:19,15685080,2. Smokestack Vicki,0,4.05,1,1,1,1001,1,1001,0,0,0
146431123,SIS / Monm 7th Aug,TO BE PLACED,07-08-2018 16:58,13098660,2. Pennys Mercy,0,4.4,1,1,1,1001,1,1001,0,0,0
146431123,SIS / Monm 7th Aug,TO BE PLACED,07-08-2018 16:58,18157424,4. Bandicoot Fairy,0,2.45,1,1,1,1001,1,1001,0,0,0
146433715,SIS / Hove 7th Aug,TO BE PLACED,07-08-2018 14:12,12081517,6. Killeacle Pink,0,3.15,1,1,1,1001,1,1001,0,0,0
146431111,SIS / Monm 7th Aug,TO BE PLACED,07-08-2018 15:02,16059456,2. Whiteoak Sharp,0,4.4,1,1,1,1001,1,1001,0,0,0
146433665,SIS / Crayfd 7th Aug,TO BE PLACED,07-08-2018 18:33,19738252,5. Islay Goldfinch,1,2.27,1,1,1,1001,1,1001,0,0,0
146433671,SIS / Crayfd 7th Aug,TO BE PLACED,07-08-2018 19:23,20024698,6. Droopys Dizzy,0,4.8,1,1,1,1001,1,1001,0,0,0
146433671,SIS / Crayfd 7th Aug,TO BE PLACED,07-08-2018 19:23,19084294,3. Ballymac Quality,0,2.02,1,1,1,1001,1,1001,0,0,0
146433705,SIS / Crayfd 7th Aug,TO BE PLACED,07-08-2018 12:46,13493380,5. Pure Product,0,9.8,1,1,1,1001,1,1001,0,0,0
146430479,TRP / Kinsl 7th Aug,TO BE PLACED,07-08-2018 12:11,16662931,4. Act Of Treason,1,3.45,1,1,1,1001,1,1001,0,0,0
146430479,TRP / Kinsl 7th Aug,TO BE PLACED,07-08-2018 12:11,17225466,2. Away Amy,0,5.856,1,1,1,1001,1,1001,0,0,0
146433727,SIS / Hove 7th Aug,TO BE PLACED,07-08-2018 16:09,12081523,6. Coltwood Girl,0,2,1,1,1,1001,1,1001,0,0,0
146433727,SIS / Hove 7th Aug,TO BE PLACED,07-08-2018 16:09,20024863,5. Clairkeith Jojo,0,7,1,1,1,1001,1,1001,0,0,0
146433737,SIS / Hove 7th Aug,TO BE PLACED,07-08-2018 17:44,20024892,4. Ritz N Glitz,1,1.6165608073433397,1,1,1,1001,1,1001,0,0,0
146433739,SIS / Hove 7th Aug,TO BE PLACED,07-08-2018 18:02,13445342,5. Sizzlers Gunboat,1,2.18,1,1,1,1001,1,1001,0,0,0
146433739,SIS / Hove 7th Aug,TO BE PLACED,07-08-2018 18:02,12389226,1. Two Doves,0,3.4,1,1,1,1001,1,1001,0,0,0
146433908,RPGTV / Sheff 7th Aug,TO BE PLACED,07-08-2018 19:57,18174742,3. Worn Feet,0,2.87,1,1,1,1001,1,1001,0,0,0
146433255,RPGTV / Poole 7th Aug,TO BE PLACED,07-08-2018 20:23,12638360,6. Dull Moment,0,4.13348372061766,1,1,1,1001,1,1001,0,0,0
146433247,RPGTV / Poole 7th Aug,TO BE PLACED,07-08-2018 19:19,19057059,4. Ide Melon,0,2.36,1,1,1,1001,1,1001,0,0,0
146433291,TRP / Sund 7th Aug,TO BE PLACED,07-08-2018 17:56,11615460,1. Sporting Panda,1,4.1,1,1,1,1001,1,1001,0,0,0
146430471,TRP / Kinsl 7th Aug,TO BE PLACED,07-08-2018 11:11,16242712,5. Ollys Aunt,1,1.95,1,2.0622511312217194570135746606334841629,1,1001,1,1001,282.88,0,0
146430491,TRP / Kinsl 7th Aug,TO BE PLACED,07-08-2018 13:44,19588403,4. Scullys Brogan,0,2.1582640356459164,1,1,1,1001,1,1001,0,0,0
146430491,TRP / Kinsl 7th Aug,TO BE PLACED,07-08-2018 13:44,13396175,5. Dixies Gem,0,4.3,1,1,1,1001,1,1001,0,0,0
146431105,SIS / Monm 7th Aug,TO BE PLACED,07-08-2018 14:06,12936279,3. Homeward Bound,0,5.25,1,1,1,1001,1,1001,0,0,0
146431105,SIS / Monm 7th Aug,TO BE PLACED,07-08-2018 14:06,20022441,4. Beautifulscenery,1,2.1805260633653964,1,1,1,1001,1,1001,0,0,0
146431115,SIS / Monm 7th Aug,TO BE PLACED,07-08-2018 15:39,20022468,1. He Rocks On,0,2.34,1,1,1,1001,1,1001,0,0,0
146431115,SIS / Monm 7th Aug,TO BE PLACED,07-08-2018 15:39,10769032,5. Ardera Aine,0,4.9,1,1,1,1001,1,1001,0,0,0
146433184,SIS / CPark 7th Aug,TO BE PLACED,07-08-2018 12:24,13197432,4. Tyrur Merlyn,0,2.457635253,1,1,1,1001,1,1001,0,0,0
146433188,SIS / CPark 7th Aug,TO BE PLACED,07-08-2018 12:54,15516075,6. Bet Like Men,1,3.6,1,1,1,1001,1,1001,0,0,0
146433188,SIS / CPark 7th Aug,TO BE PLACED,07-08-2018 12:54,19454746,5. Yassoo Cassini,0,3.4053544064844026,1,1,1,1001,1,1001,0,0,0
146433243,RPGTV / Poole 7th Aug,TO BE PLACED,07-08-2018 18:47,10843863,1. Ide Classic,0,3.5786680474973407,1,1,1,1001,1,1001,0,0,0
146433243,RPGTV / Poole 7th Aug,TO BE PLACED,07-08-2018 18:47,16061899,5. Navillus Boy,0,4.742321501,1,1,1,1001,1,1001,0,0,0
146433267,TRP / Sund 7th Aug,TO BE PLACED,07-08-2018 14:08,20023934,4. Fairholme Posh,0,3.596486399,1,1,1,1001,1,1001,0,0,0
146433249,RPGTV / Poole 7th Aug,TO BE PLACED,07-08-2018 19:36,3481579,1. Ballymac Hazel,1,1.79,1,1,1,1001,1,1001,0,0,0
146433667,SIS / Crayfd 7th Aug,TO BE PLACED,07-08-2018 18:49,13995373,5. Glenbeg Val,0,3.05,1,1,1,1001,1,1001,0,0,0
146433717,SIS / Hove 7th Aug,TO BE PLACED,07-08-2018 14:32,13098827,4. Punk Rock Rebel,0,2.65,1,1,1,1001,1,1001,0,0,0
146433723,SIS / Hove 7th Aug,TO BE PLACED,07-08-2018 15:29,13079983,6. Killeacle Jet,0,5.25,1,1,1,1001,1,1001,0,0,0
146433723,SIS / Hove 7th Aug,TO BE PLACED,07-08-2018 15:29,14589504,1. Swift Savanna,0,2.38,1,1,1,1001,1,1001,0,0,0
146433735,SIS / Hove 7th Aug,TO BE PLACED,07-08-2018 17:28,18592718,5. Enzo Mozzafiato,0,6.1,1,1,1,1001,1,1001,0,0,0
146433918,RPGTV / Sheff 7th Aug,TO BE PLACED,07-08-2018 21:14,20025105,3. Catrigg Cait,0,4.8,1,1,1,1001,1,1001,0,0,0
146433176,SIS / CPark 7th Aug,TO BE PLACED,07-08-2018 11:24,9451887,5. Left Over Lolly,0,6.272444260823541,1,4.88259638080251770259638080251770259638,1,1001,1,1001,254.2,0,0
146433178,SIS / CPark 7th Aug,TO BE PLACED,07-08-2018 11:39,10742812,6. Trapstyle Yam,0,5.375823210887611,1,5.0818882978723404255319148936170212766,1,1001,1,1001,75.2,0,0
146433194,SIS / CPark 7th Aug,TO BE PLACED,07-08-2018 13:39,17341936,3. Sign Fizzy,0,4.4,1,1,1,1001,1,1001,0,0,0
146433241,SIS / Henl 7th Aug,TO BE PLACED,07-08-2018 21:26,19418328,1. Savana Bear,1,1.65,1,1,1,1001,1,1001,0,0,0
146433227,SIS / Henl 7th Aug,TO BE PLACED,07-08-2018 19:33,17144957,3. Savana Goliath,0,2.26,1,1,1,1001,1,1001,0,0,0
146433285,TRP / Sund 7th Aug,TO BE PLACED,07-08-2018 17:06,14519230,5. Brunswick Oak,1,2.29,1,1,1,1001,1,1001,0,0,0
146433293,TRP / Sund 7th Aug,TO BE PLACED,07-08-2018 18:11,18231023,3. Angry Betty,1,1.7029395702775219,1,1,1,1001,1,1001,0,0,0
146433223,SIS / Henl 7th Aug,TO BE PLACED,07-08-2018 19:03,17938803,3. Savana Thunder,1,1.725,1,1,1,1001,1,1001,0,0,0
146433231,SIS / Henl 7th Aug,TO BE PLACED,07-08-2018 20:06,20023756,4. Baltovin Mike,1,5.1,1,1,1,1001,1,1001,0,0,0
146433261,RPGTV / Poole 7th Aug,TO BE PLACED,07-08-2018 21:06,17406287,2. Ide Malpas,0,3.95,1,1,1,1001,1,1001,0,0,0
146433263,RPGTV / Poole 7th Aug,TO BE PLACED,07-08-2018 21:22,12773603,1. Gaytime Miley,0,2.334,1,1,1,1001,1,1001,0,0,0
146433263,RPGTV / Poole 7th Aug,TO BE PLACED,07-08-2018 21:22,16290404,2. Fahrenheit Betty,0,3.9,1,1,1,1001,1,1001,0,0,0
146433279,TRP / Sund 7th Aug,TO BE PLACED,07-08-2018 16:07,18977421,6. Uncle Rainbow,0,1.5,1,1,1,1001,1,1001,0,0,0
146433279,TRP / Sund 7th Aug,TO BE PLACED,07-08-2018 16:07,19728438,3. Some Ears,0,2.78,1,1,1,1001,1,1001,0,0,0
146433693,SIS / Crayfd 7th Aug,TO BE PLACED,07-08-2018 11:16,14416731,6. Paris,0,10.317322582121118,1,8.316809053589259957838677465882614002,1,1001,1,1001,180.26,0,0
146433693,SIS / Crayfd 7th Aug,TO BE PLACED,07-08-2018 11:16,18270010,4. Scotchrath Ali,0,3.875,1,4.07290450375312760633861551292743953294,1,1001,1,1001,287.76,0,0
146433920,RPGTV / Sheff 7th Aug,TO BE PLACED,07-08-2018 21:32,18751550,4. Talleyrand,0,5.4,1,1,1,1001,1,1001,0,0,0
146433922,RPGTV / Sheff 7th Aug,TO BE PLACED,07-08-2018 21:50,13337264,3. Bandicoot Pippy,0,3.15,1,1,1,1001,1,1001,0,0,0
146433683,SIS / Crayfd 7th Aug,TO BE PLACED,07-08-2018 20:57,16443881,4. Special Bingo,0,2.58,1,1,1,1001,1,1001,0,0,0
146431119,SIS / Monm 7th Aug,TO BE PLACED,07-08-2018 16:19,19325235,6. Rushmoor Rudi,0,3.4598409954880855,1,1,1,1001,1,1001,0,0,0
146433182,SIS / CPark 7th Aug,TO BE PLACED,07-08-2018 12:09,17542388,3. Boynepark Glass,0,3.479050181580242,1,1,1,1001,1,1001,0,0,0
146433221,SIS / Henl 7th Aug,TO BE PLACED,07-08-2018 18:44,18318619,4. Hildas Girl,1,1.38,1,1,1,1001,1,1001,0,0,0
146433235,SIS / Henl 7th Aug,TO BE PLACED,07-08-2018 20:38,15577951,1. Marcos Veggera,0,2.36,1,1,1,1001,1,1001,0,0,0
146433265,RPGTV / Poole 7th Aug,TO BE PLACED,07-08-2018 21:40,12873111,2. Ballymac Dawnrun,0,5.156074833714519,1,1,1,1001,1,1001,0,0,0
146433265,RPGTV / Poole 7th Aug,TO BE PLACED,07-08-2018 21:40,19437976,1. Ide Rockytheram,0,2.84,1,1,1,1001,1,1001,0,0,0
146433287,TRP / Sund 7th Aug,TO BE PLACED,07-08-2018 17:22,16498634,4. Leahys Rocket,0,1.834468286,1,1,1,1001,1,1001,0,0,0
146433287,TRP / Sund 7th Aug,TO BE PLACED,07-08-2018 17:22,15459951,3. El Diouf,1,3.675,1,1,1,1001,1,1001,0,0,0
146433273,TRP / Sund 7th Aug,TO BE PLACED,07-08-2018 15:07,17211173,1. Quin Kiev,1,12.416838088817897,1,1,1,1001,1,1001,0,0,0
146433273,TRP / Sund 7th Aug,TO BE PLACED,07-08-2018 15:07,19870340,6. Panthers Pippa,0,5.954954955,1,1,1,1001,1,1001,0,0,0
146433283,TRP / Sund 7th Aug,TO BE PLACED,07-08-2018 16:46,19870335,1. Crickleowl Pip,1,2.71,1,1,1,1001,1,1001,0,0,0
146431093,TRP / Nott 7th Aug,TO BE PLACED,07-08-2018 12:33,11505978,5. Clondoty Lucy,0,6.2,1,1,1,1001,1,1001,0,0,0
146431093,TRP / Nott 7th Aug,TO BE PLACED,07-08-2018 12:33,11829760,2. Honour Hercules,0,2.351299435,1,1,1,1001,1,1001,0,0,0
146431101,TRP / Nott 7th Aug,TO BE PLACED,07-08-2018 13:33,11512133,6. Droopys Road,0,3,1,1,1,1001,1,1001,0,0,0
146431107,SIS / Monm 7th Aug,TO BE PLACED,07-08-2018 14:22,11026428,3. Swift Khazix,0,2.951776743573137,1,1,1,1001,1,1001,0,0,0
146431107,SIS / Monm 7th Aug,TO BE PLACED,07-08-2018 14:22,12884236,5. Mythical Bean,1,2.1404925824800745,1,1,1,1001,1,1001,0,0,0
146431117,SIS / Monm 7th Aug,TO BE PLACED,07-08-2018 15:59,12678851,1. Pistol Snatch,0,2.1,1,1,1,1001,1,1001,0,0,0
146433914,RPGTV / Sheff 7th Aug,TO BE PLACED,07-08-2018 20:44,15516126,3. Sunset Ranger,1,5.1,1,1,1,1001,1,1001,0,0,0
146431097,TRP / Nott 7th Aug,TO BE PLACED,07-08-2018 13:04,18165958,3. Josies Pride,0,4,1,1,1,1001,1,1001,0,0,0
146433679,SIS / Crayfd 7th Aug,TO BE PLACED,07-08-2018 20:27,12289096,6. Running Fast,0,5.819760687,1,1,1,1001,1,1001,0,0,0
146433679,SIS / Crayfd 7th Aug,TO BE PLACED,07-08-2018 20:27,13048424,1. Farloe Pongo,0,3.9,1,1,1,1001,1,1001,0,0,0
146433681,SIS / Crayfd 7th Aug,TO BE PLACED,07-08-2018 20:42,19762745,2. Cuddly Clodagh,0,3.375,1,1,1,1001,1,1001,0,0,0
146433707,SIS / Crayfd 7th Aug,TO BE PLACED,07-08-2018 13:01,16513186,1. Twilight Cloud,0,4.7,1,1,1,1001,1,1001,0,0,0
146433709,SIS / Crayfd 7th Aug,TO BE PLACED,07-08-2018 13:16,13323819,6. From Thurles,0,2.5449517418822514,1,1,1,1001,1,1001,0,0,0
146433713,SIS / Crayfd 7th Aug,TO BE PLACED,07-08-2018 13:49,10687992,5. Thats Why,0,5.833674806639902,1,1,1,1001,1,1001,0,0,0
146430475,TRP / Kinsl 7th Aug,TO BE PLACED,07-08-2018 11:41,9508137,2. Skeough Badger,0,7.4,1,7.31126115264046298529057149746804919219,1,1001,1,1001,82.94,0,0
146430475,TRP / Kinsl 7th Aug,TO BE PLACED,07-08-2018 11:41,12504027,1. Sombeachsomwere,0,6.301793688,1,4.03025528811086797957695113056163384391,1,1001,1,1001,137.1,0,0
146430481,TRP / Kinsl 7th Aug,TO BE PLACED,07-08-2018 12:26,12872483,5. Chamberlain Emma,0,5,1,1,1,1001,1,1001,0,0,0
146430481,TRP / Kinsl 7th Aug,TO BE PLACED,07-08-2018 12:26,16939675,3. Drumleen Cait,1,3.984737084,1,1,1,1001,1,1001,0,0,0
146430487,TRP / Kinsl 7th Aug,TO BE PLACED,07-08-2018 13:12,11671130,6. Bantam Faye,1,1.8987369582809335,1,1,1,1001,1,1001,0,0,0
146431083,TRP / Nott 7th Aug,TO BE PLACED,07-08-2018 11:19,20022528,1. Kind Of Cute,0,5.2,1,4.49236547223248368427533554980913680581,1,1001,1,1001,162.42,0,0
146430483,TRP / Kinsl 7th Aug,TO BE PLACED,07-08-2018 12:42,12182708,4. Old Fort Gadjet,1,4.2,1,1,1,1001,1,1001,0,0,0
146430483,TRP / Kinsl 7th Aug,TO BE PLACED,07-08-2018 12:42,17690315,6. Joella Ronnie,0,2.66,1,1,1,1001,1,1001,0,0,0
146431081,TRP / Nott 7th Aug,TO BE PLACED,07-08-2018 11:03,18770655,2. Totaly In Motion,0,3.7,1,3.43743295953193564115065821550463188688,1,1001,1,1001,164.08,0,0
146431109,SIS / Monm 7th Aug,TO BE PLACED,07-08-2018 14:42,10566183,3. Trapper Joan,0,12,1,1,1,1001,1,1001,0,0,0
146431121,SIS / Monm 7th Aug,TO BE PLACED,07-08-2018 16:39,9494839,3. Kranky Scott,0,3.25,1,1,1,1001,1,1001,0,0,0
146431131,SIS / Monm 7th Aug,TO BE PLACED,07-08-2018 18:09,19436067,2. Waterpark Spec,0,2.82,1,1,1,1001,1,1001,0,0,0
146431103,TRP / Nott 7th Aug,TO BE PLACED,07-08-2018 13:51,10911854,3. Upward Mario,1,2.09,1,1,1,1001,1,1001,0,0,0
146431123,SIS / Monm 7th Aug,TO BE PLACED,07-08-2018 16:58,15014493,3. Millbank Vicky,1,2.69,1,1,1,1001,1,1001,0,0,0
146433733,SIS / Hove 7th Aug,TO BE PLACED,07-08-2018 17:08,16061971,5. Sporting Brian,0,3.325,1,1,1,1001,1,1001,0,0,0
146433733,SIS / Hove 7th Aug,TO BE PLACED,07-08-2018 17:08,13551939,4. Wee Ditches,0,3.25,1,1,1,1001,1,1001,0,0,0
146433741,SIS / Hove 7th Aug,TO BE PLACED,07-08-2018 18:19,12287934,5. Nothing Special,0,7,1,1,1,1001,1,1001,0,0,0
146433741,SIS / Hove 7th Aug,TO BE PLACED,07-08-2018 18:19,19286762,2. Skyline Storm,1,1.92,1,1,1,1001,1,1001,0,0,0
146431085,TRP / Nott 7th Aug,TO BE PLACED,07-08-2018 11:34,11015956,1. Theos Charm,0,3.193609419300337,1,2.59999041472298549428078471467825420155,1,1001,1,1001,312.98,0,0
146431085,TRP / Nott 7th Aug,TO BE PLACED,07-08-2018 11:34,16646891,4. Fintans Well,1,4.5,1,5.07108101329320290945573112616002006521,1,1001,1,1001,79.74,0,0
146431111,SIS / Monm 7th Aug,TO BE PLACED,07-08-2018 15:02,11172760,6. Clondoty Sally,0,3.275,1,1,1,1001,1,1001,0,0,0
146431111,SIS / Monm 7th Aug,TO BE PLACED,07-08-2018 15:02,12782170,1. Pennys Karma,1,1.98,1,1,1,1001,1,1001,0,0,0
146433671,SIS / Crayfd 7th Aug,TO BE PLACED,07-08-2018 19:23,20024696,4. Sue Said Yes,1,2.6,1,1,1,1001,1,1001,0,0,0
146433685,SIS / Crayfd 7th Aug,TO BE PLACED,07-08-2018 21:16,19655484,6. Romantic Ronan,1,1.9,1,1,1,1001,1,1001,0,0,0
146430479,TRP / Kinsl 7th Aug,TO BE PLACED,07-08-2018 12:11,17241375,1. Enigmatic Eel,0,3.55,1,1,1,1001,1,1001,0,0,0
146433687,SIS / Crayfd 7th Aug,TO BE PLACED,07-08-2018 21:30,19384232,3. Bandit Izzy,1,2.965,1,1,1,1001,1,1001,0,0,0
146433721,SIS / Hove 7th Aug,TO BE PLACED,07-08-2018 15:11,11834196,1. Imaginary Impact,1,4.15,1,1,1,1001,1,1001,0,0,0
146433729,SIS / Hove 7th Aug,TO BE PLACED,07-08-2018 16:29,13923341,1. Flaming Mission,0,3.5,1,1,1,1001,1,1001,0,0,0
146433729,SIS / Hove 7th Aug,TO BE PLACED,07-08-2018 16:29,16426940,4. Riverside Prince,0,2.16,1,1,1,1001,1,1001,0,0,0
146433737,SIS / Hove 7th Aug,TO BE PLACED,07-08-2018 17:44,12761179,6. Key Tactics,0,4.5,1,1,1,1001,1,1001,0,0,0
146433739,SIS / Hove 7th Aug,TO BE PLACED,07-08-2018 18:02,20024896,2. Dunbolg Hanna,1,3.15,1,1,1,1001,1,1001,0,0,0
146433908,RPGTV / Sheff 7th Aug,TO BE PLACED,07-08-2018 19:57,16780815,2. Fernhill Rex,1,1.9,1,1,1,1001,1,1001,0,0,0
146433255,RPGTV / Poole 7th Aug,TO BE PLACED,07-08-2018 20:23,12793378,2. Delas Gamble,1,1.9298551185152606,1,1,1,1001,1,1001,0,0,0
146433691,SIS / Crayfd 7th Aug,TO BE PLACED,07-08-2018 11:01,14189056,5. Cals Sue,1,2.08,1,2.07658426545802320262796789887313401805,1,1001,1,1001,961.96,0,0
146433731,SIS / Hove 7th Aug,TO BE PLACED,07-08-2018 16:48,13875185,3. Farmway Redeemer,0,3.55,1,1,1,1001,1,1001,0,0,0
146430471,TRP / Kinsl 7th Aug,TO BE PLACED,07-08-2018 11:11,9595137,3. Missile,0,3.4,1,2.7339171023151605675877520537714712472,1,1001,1,1001,53.56,0,0
146430471,TRP / Kinsl 7th Aug,TO BE PLACED,07-08-2018 11:11,12721760,4. Small Figgy,0,3.6,1,3.78830279474366092911345548769202295021,1,1001,1,1001,108.06,0,0
146431105,SIS / Monm 7th Aug,TO BE PLACED,07-08-2018 14:06,14543154,2. Effernogue Mel,0,2.04,1,1,1,1001,1,1001,0,0,0
146431105,SIS / Monm 7th Aug,TO BE PLACED,07-08-2018 14:06,20022443,6. Schubert,1,4.5,1,1,1,1001,1,1001,0,0,0
146433237,SIS / Henl 7th Aug,TO BE PLACED,07-08-2018 20:53,2028366,5. Witches Owl,1,1.795,1,1,1,1001,1,1001,0,0,0
146433237,SIS / Henl 7th Aug,TO BE PLACED,07-08-2018 20:53,20023771,1. Surfina,0,3.8,1,1,1,1001,1,1001,0,0,0
146433180,SIS / CPark 7th Aug,TO BE PLACED,07-08-2018 11:54,19796810,6. Droopys Baz,1,1.6945463196082704,1,1.64091330820527689185271093070455204407,1,1001,1,1001,1448.58,0,0
146433196,SIS / CPark 7th Aug,TO BE PLACED,07-08-2018 13:57,13484987,5. Tiger Ace,1,2.6236938447671134,1,1,1,1001,1,1001,0,0,0
146433196,SIS / CPark 7th Aug,TO BE PLACED,07-08-2018 13:57,17437897,3. Manilla Musk,0,6.644387537352741,1,1,1,1001,1,1001,0,0,0
146433249,RPGTV / Poole 7th Aug,TO BE PLACED,07-08-2018 19:36,17582574,4. Pluto,0,3.8,1,1,1,1001,1,1001,0,0,0
146433667,SIS / Crayfd 7th Aug,TO BE PLACED,07-08-2018 18:49,19057262,2. Swift Sarge,1,1.6944748201436592,1,1,1,1001,1,1001,0,0,0
146433717,SIS / Hove 7th Aug,TO BE PLACED,07-08-2018 14:32,15729255,3. Canvas Bond,0,2.88,1,1,1,1001,1,1001,0,0,0
146433735,SIS / Hove 7th Aug,TO BE PLACED,07-08-2018 17:28,11108251,6. Shed End Chelsea,0,1.79,1,1,1,1001,1,1001,0,0,0
146433174,SIS / CPark 7th Aug,TO BE PLACED,07-08-2018 11:09,20023861,3. Our Unique Evie,0,3.35,1,2.61233888558397779099742216934364465596,1,1001,1,1001,201.72,0,0
146433904,RPGTV / Sheff 7th Aug,TO BE PLACED,07-08-2018 19:26,20025062,1. Lillasgirljess,0,7.077673071890604,1,1,1,1001,1,1001,0,0,0
146433912,RPGTV / Sheff 7th Aug,TO BE PLACED,07-08-2018 20:29,12589063,5. Heroic Miss,0,3.015,1,1,1,1001,1,1001,0,0,0
146433176,SIS / CPark 7th Aug,TO BE PLACED,07-08-2018 11:24,12672712,4. Capel Pearl,0,5.1,1,4.17680536710387456656113372531282979044,1,1001,1,1001,265.32,0,0
146433194,SIS / CPark 7th Aug,TO BE PLACED,07-08-2018 13:39,18963338,5. Jacks Bolt,0,3.475,1,1,1,1001,1,1001,0,0,0
146433194,SIS / CPark 7th Aug,TO BE PLACED,07-08-2018 13:39,10569966,1. Trapstyle Jet,1,1.7458219375915363,1,1,1,1001,1,1001,0,0,0
146433225,SIS / Henl 7th Aug,TO BE PLACED,07-08-2018 19:17,17855359,2. Blistering Jet,0,4.333333333334886,1,1,1,1001,1,1001,0,0,0
146433241,SIS / Henl 7th Aug,TO BE PLACED,07-08-2018 21:26,18688327,5. Holdem Venus,0,3.590469618,1,1,1,1001,1,1001,0,0,0
146433241,SIS / Henl 7th Aug,TO BE PLACED,07-08-2018 21:26,13197676,3. Woodholdthedoor,1,2.92,1,1,1,1001,1,1001,0,0,0
146433251,RPGTV / Poole 7th Aug,TO BE PLACED,07-08-2018 19:52,16433216,5. Loads Of Toe,0,4.4,1,1,1,1001,1,1001,0,0,0
146433251,RPGTV / Poole 7th Aug,TO BE PLACED,07-08-2018 19:52,12869024,1. Arthurmyson,0,4.342217609898361,1,1,1,1001,1,1001,0,0,0
146433257,RPGTV / Poole 7th Aug,TO BE PLACED,07-08-2018 20:37,16258687,3. Eskes Blackmagic,0,3.995127676115662,1,1,1,1001,1,1001,0,0,0
146433281,TRP / Sund 7th Aug,TO BE PLACED,07-08-2018 16:27,17543990,1. Killacolla Luca,0,1.97273456,1,1,1,1001,1,1001,0,0,0
146433281,TRP / Sund 7th Aug,TO BE PLACED,07-08-2018 16:27,12911654,2. Millwood Susie,1,3.0674832575292372,1,1,1,1001,1,1001,0,0,0
146433293,TRP / Sund 7th Aug,TO BE PLACED,07-08-2018 18:11,16529790,6. Dream On Bob,1,2.16,1,1,1,1001,1,1001,0,0,0
146433231,SIS / Henl 7th Aug,TO BE PLACED,07-08-2018 20:06,14188819,6. Clonkelly Roman,0,2.27,1,1,1,1001,1,1001,0,0,0
146433259,RPGTV / Poole 7th Aug,TO BE PLACED,07-08-2018 20:51,11122338,1. Close Touch,0,6.6,1,1,1,1001,1,1001,0,0,0
146433259,RPGTV / Poole 7th Aug,TO BE PLACED,07-08-2018 20:51,19112218,5. Farran Buzz,1,4.7,1,1,1,1001,1,1001,0,0,0
146433261,RPGTV / Poole 7th Aug,TO BE PLACED,07-08-2018 21:06,14329837,3. Slippark Chewy,1,2.46,1,1,1,1001,1,1001,0,0,0
146433263,RPGTV / Poole 7th Aug,TO BE PLACED,07-08-2018 21:22,12235384,4. Six Gun,0,3.95,1,1,1,1001,1,1001,0,0,0
146433277,TRP / Sund 7th Aug,TO BE PLACED,07-08-2018 15:47,12868650,5. Emers Blue,1,3.625,1,1,1,1001,1,1001,0,0,0
146433701,SIS / Crayfd 7th Aug,TO BE PLACED,07-08-2018 12:16,20024783,3. Feora Neptune,0,3.1,1,1,1,1001,1,1001,0,0,0
146433701,SIS / Crayfd 7th Aug,TO BE PLACED,07-08-2018 12:16,12718066,6. Droopys Bride,0,2.36,1,1,1,1001,1,1001,0,0,0
146433701,SIS / Crayfd 7th Aug,TO BE PLACED,07-08-2018 12:16,15962533,1. Cashen Voyager,0,3.3,1,1,1,1001,1,1001,0,0,0
146433900,RPGTV / Sheff 7th Aug,TO BE PLACED,07-08-2018 18:55,17805117,3. Incredible One,1,2.16,1,1,1,1001,1,1001,0,0,0
146433902,RPGTV / Sheff 7th Aug,TO BE PLACED,07-08-2018 19:09,20025060,5. Bad Rabbit,0,11.5,1,1,1,1001,1,1001,0,0,0
146433922,RPGTV / Sheff 7th Aug,TO BE PLACED,07-08-2018 21:50,16632892,6. Coney Karat,1,1.339996106,1,1,1,1001,1,1001,0,0,0
146433922,RPGTV / Sheff 7th Aug,TO BE PLACED,07-08-2018 21:50,17785045,1. These Old Shades,0,2.52847667145259,1,1,1,1001,1,1001,0,0,0
146430473,TRP / Kinsl 7th Aug,TO BE PLACED,07-08-2018 11:26,15062247,4. Reidys Joy,0,2.2068031704094033,1,1.80896434973112925712009559848635729934,1,1001,1,1001,100.42,0,0
146430473,TRP / Kinsl 7th Aug,TO BE PLACED,07-08-2018 11:26,20022376,5. Tyra Jet,0,33.3,1,6.50103575008352823254259939859672569328,1,1001,1,1001,59.86,0,0
146433669,SIS / Crayfd 7th Aug,TO BE PLACED,07-08-2018 19:07,20024689,3. Absolute Missile,0,4.1,1,1,1,1001,1,1001,0,0,0
146431119,SIS / Monm 7th Aug,TO BE PLACED,07-08-2018 16:19,17185326,3. Soldier Jack,1,1.9437763206923413,1,1,1,1001,1,1001,0,0,0
